0.5 0.426509 2.98258 0.906255 0.719772 3.26945
1.0 0.838155 3.05429 0.935595 0.711436 4.07542
1.5 1.24242 3.07961 0.948846 0.710886 4.37795
2.0 1.66795 3.08073 0.940022 0.708415 4.67373
2.5 2.02401 3.06786 0.978211 0.703717 4.64371
3.0 2.43159 3.07175 0.967273 0.71066 4.78486
3.5 2.83733 3.09316 0.973504 0.711083 4.61162
4.0 3.28378 3.09112 0.960696 0.707136 4.78981
4.5 3.56532 3.08735 1 0.708392 4.52597
5.0 3.93314 3.08014 1 0.711901 4.68382
5.5 4.44256 3.10106 0.975331 0.708655 4.6534
6.0 4.74962 3.08613 1 0.707243 4.60968
