0.2 0.177347 2.65427 0.779274 0.8206 3.33488
0.3 0.260793 2.74452 0.857884 0.799213 3.27097
0.4 0.34542 2.76066 0.884669 0.781111 3.58523
0.5 0.427926 2.76588 0.907444 0.769607 3.74612
0.6 0.514495 2.77768 0.903888 0.769116 3.99938
0.7 0.598929 2.77546 0.908378 0.762958 4.25146
0.8 0.68443 2.77816 0.907852 0.76505 4.3932
0.9 0.775714 2.77349 0.893168 0.76386 4.8284
1.0 0.856182 2.7806 0.905182 0.763541 4.706
1.5 1.29242 2.77717 0.893584 0.760518 5.50016
2.0 1.7259 2.77557 0.889153 0.75769 5.93869
2.5 2.15644 2.78874 0.890693 0.7605 5.9756
3.0 2.57348 2.79043 0.899976 0.759828 5.95216
3.5 3.02444 2.79267 0.888187 0.755921 6.29626
4.0 3.43819 2.79863 0.896767 0.759071 6.04594
4.5 3.86615 2.79373 0.895791 0.757264 6.20543
5.0 4.31154 2.80233 0.891746 0.755793 6.35495
5.5 4.74636 2.80244 0.890078 0.756747 6.31318
6.0 5.16706 2.80834 0.893005 0.757645 6.27383
