0.2 0.177365 2.65232 0.773401 0.826411 3.39726
0.3 0.262048 2.72511 0.846612 0.788915 3.52596
0.4 0.347388 2.74833 0.87112 0.772627 3.81544
0.5 0.431556 2.74416 0.883722 0.76039 4.18985
0.6 0.518365 2.75726 0.884349 0.761287 4.4035
0.7 0.605353 2.7662 0.886046 0.7557 4.63238
0.8 0.692556 2.77096 0.884723 0.760386 4.7954
0.9 0.77591 2.76142 0.890914 0.752097 5.09117
1.0 0.862944 2.77597 0.892614 0.755604 5.08107
1.5 1.30691 2.78215 0.879533 0.755048 5.86619
2.0 1.73648 2.77678 0.881882 0.751729 6.25519
2.5 2.17528 2.79262 0.880513 0.755237 6.33807
3.0 2.60978 2.78927 0.880073 0.753774 6.43973
3.5 3.04256 2.7993 0.881183 0.754425 6.44219
4.0 3.47185 2.79881 0.882629 0.753959 6.48607
4.5 3.89416 2.79671 0.886198 0.754376 6.43562
5.0 4.35679 2.80485 0.875529 0.754848 6.66016
5.5 4.76208 2.80088 0.885213 0.753461 6.51769
6.0 5.20108 2.81311 0.885393 0.755227 6.3975
