0.2 0.176812 2.69736 0.763711 0.774793 3.51228
0.3 0.259991 2.78532 0.847233 0.748255 3.53223
0.4 0.343784 2.85117 0.876041 0.747086 3.61867
0.5 0.427482 2.85361 0.889589 0.729708 4.05389
0.6 0.511061 2.85444 0.893506 0.728806 4.41801
0.7 0.595054 2.86936 0.901599 0.727189 4.5599
0.8 0.682169 2.86624 0.897451 0.722107 4.82863
0.9 0.767804 2.8731 0.898729 0.722861 4.9397
1.0 0.853832 2.88971 0.895737 0.725803 5.11483
1.5 1.26678 2.89345 0.913876 0.724213 5.42609
2.0 1.69113 2.89417 0.910575 0.723614 5.77317
2.5 2.11539 2.90068 0.909604 0.725545 5.88252
3.0 2.55219 2.89863 0.900557 0.722787 6.20892
3.5 2.98047 2.90829 0.899917 0.723329 6.25369
4.0 3.3727 2.90223 0.911803 0.721858 6.17873
4.5 3.81245 2.89934 0.90446 0.72153 6.4698
5.0 4.23399 2.91273 0.906504 0.723667 6.29516
5.5 4.64854 2.90316 0.908415 0.719242 6.35339
6.0 5.05228 2.90755 0.914581 0.720881 6.22576
