0.2 0.176612 2.68773 0.781995 0.792064 3.47783
0.3 0.261033 2.80174 0.854206 0.781049 3.3262
0.4 0.344478 2.80479 0.883929 0.758104 3.69911
0.5 0.427958 2.83072 0.901431 0.755194 3.84795
0.6 0.513883 2.85949 0.906437 0.75628 3.9554
0.7 0.594861 2.82683 0.91162 0.743022 4.38248
0.8 0.67421 2.83226 0.924411 0.749323 4.38959
0.9 0.765301 2.83998 0.908815 0.747946 4.71115
1.0 0.851885 2.85139 0.908003 0.750279 4.74549
1.5 1.26461 2.82483 0.91878 0.74225 5.33147
2.0 1.70874 2.85177 0.900525 0.745324 5.61101
2.5 2.10838 2.84965 0.920563 0.745946 5.51222
3.0 2.53369 2.83843 0.915293 0.742615 5.77484
3.5 2.94291 2.84723 0.922958 0.744576 5.64361
4.0 3.37453 2.85669 0.918202 0.743098 5.78488
4.5 3.79746 2.85721 0.917439 0.745212 5.74035
5.0 4.21349 2.8608 0.919459 0.745675 5.70806
5.5 4.62598 2.85281 0.919914 0.743886 5.86019
6.0 5.02309 2.85485 0.927381 0.744745 5.69231
