0.5 0.425323 2.9966 0.900408 0.694426 3.3934
1.0 0.843186 3.14174 0.924225 0.699136 3.95138
1.5 1.25791 3.11722 0.926341 0.68916 4.57516
2.0 1.68249 3.17038 0.929518 0.695717 4.62197
2.5 2.03082 3.14974 0.975833 0.690748 4.50442
3.0 2.47359 3.16817 0.955643 0.693159 4.64265
3.5 2.9723 3.15752 0.913523 0.690517 5.09753
4.0 3.33715 3.16581 0.936703 0.693746 4.83009
4.5 3.69303 3.16664 0.956654 0.696968 4.71688
5.0 4.15171 3.17301 0.940721 0.696235 4.81842
5.5 4.59708 3.15554 0.933078 0.688531 5.00478
6.0 5.03785 3.16718 0.929354 0.689362 4.99878
