130 0.0469364 0.00163036 0.00162952 130 0.036308 0.00156497 0.00157491
30 0.0523822 0.0032289 0.00324204 30 0.0354614 0.00189009 0.0019105
40 0.0452978 0.0021201 0.00212773 40 0.036208 0.0017128 0.00173082
50 0.0403115 0.00176076 0.00176691 50 0.0317192 0.00119737 0.00120503
60 0.0456433 0.00139537 0.00139623 60 0.0336744 0.00115312 0.00115765
70 0.0387884 0.00128627 0.00129089 70 0.0297796 0.000863712 0.000868478
80 0.0389145 0.00133875 0.00134169 80 0.0295612 0.000920859 0.000925124
90 0.0383077 0.00124742 0.0012523 90 0.029947 0.00119731 0.00120595
100 0.0387049 0.00125703 0.00126179 100 0.0301197 0.000995762 0.00100056
110 0.0409131 0.00147927 0.0014807 110 0.0314227 0.00115139 0.00115747
120 0.0379866 0.00135221 0.0013585 120 0.0314656 0.00102638 0.00102901
130 0.0469364 0.00163036 0.00162952 130 0.036308 0.00156497 0.00157491
