1.01246
0.965535
0.919488
1.06267
0.702891
1.29857
1.02013
0.967524
0.898951
1.06381
0.813765
1.13946
0.925229
1.06861
1.03605
0.941161
0.987086
0.970968
0.96268
0.958568
1.10632
0.831903
1.05032
0.918341
0.765613
1.18102
0.907753
1.0782
0.997096
0.968814
0.804369
1.18091
1.03056
0.931995
0.995904
0.994634
1.02072
0.979819
1.05298
0.929039
0.903375
1.05766
0.853097
1.08797
0.955025
1.01451
1.11475
0.862881
0.999971
0.979252
1.01855
0.946062
0.950141
1.00599
0.996122
1.00706
0.901988
1.08934
1.31905
0.632242
1.05061
0.912326
1.0087
0.928029
0.782147
1.19763
0.929651
1.06894
1.00847
0.970115
1.08001
0.908029
1.00415
0.941093
1.03251
0.981074
1.01489
0.947668
1.02795
0.929135
0.991362
0.980574
1.01359
0.959988
0.945131
0.980973
0.99365
0.992847
1.02602
0.96255
1.09532
0.85369
0.917761
1.05285
1.00153
0.986792
0.903747
1.07234
0.98351
0.998856
1.04652
0.934647
1.02105
0.98433
1.17115
0.79675
1.06847
0.906198
1.13355
0.856064
1.02947
0.984176
1.106
0.884342
0.945254
1.04933
1.06554
0.886065
1.20283
0.733171
1.06557
0.884334
0.937476
1.04029
0.939789
1.06132
0.954076
1.02878
1.03843
0.922192
1.0434
0.916436
1.03156
0.952922
1.00438
0.940437
0.966686
1.03831
0.974554
0.994687
0.769902
1.20332
0.810938
1.19175
1.0207
0.987897
1.02698
0.944777
0.809959
1.19442
1.02911
0.96244
0.844602
1.15438
1.02962
0.950388
0.888107
1.06541
1.03454
0.932879
1.03246
0.946584
0.955451
1.03613
1.01029
0.917645
0.742406
1.23208
1.02728
0.94905
1.02957
0.95911
0.853459
1.11137
1.24012
0.733567
0.846292
1.15887
0.868902
1.12051
0.957356
1.00671
0.899391
1.06784
0.796621
1.18142
0.989561
1.00272
1.05591
0.91961
1.318
0.649645
0.923923
1.04684
1.06672
0.888034
1.07039
0.9103
0.989002
0.966543
1.00066
0.983619
0.911419
1.04652
1.13635
0.832541
0.935046
1.08004
0.90105
1.06074
0.815739
1.13443
0.940808
1.03364
1.12239
0.860103
0.9207
1.07193
1.08208
0.892977
0.820318
1.15488
1.05563
0.909036
0.96736
0.995755
0.935033
1.03787
0.994983
0.960209
0.939345
0.991178
0.99305
0.973557
1.12261
0.867398
1.04392
0.910052
1.0159
0.94889
1.01861
0.971052
1.05067
0.926147
1.01256
0.967157
0.999868
0.967653
1.21085
0.753384
1.03953
0.957451
0.967378
0.996954
0.941186
1.02347
0.787154
1.17851
0.925995
1.04467
0.975744
1.00845
1.14212
0.821671
0.901874
1.07257
1.0978
0.87931
0.985261
0.989318
1.03118
0.951673
1.0264
0.960643
0.846144
1.10822
1.03531
0.942589
0.998269
0.961484
0.828433
1.1362
0.964233
1.00898
0.992104
0.998889
0.90533
1.07697
1.20853
0.73936
1.00691
0.960092
0.981504
0.981715
1.01604
0.962733
0.902485
1.07377
0.955792
1.01813
1.14654
0.79206
0.983624
0.996101
0.986352
1.03314
0.916065
1.06422
0.87501
1.08143
0.904028
1.07429
1.01928
0.917996
0.950849
1.0148
0.852474
1.00486
1.05002
0.94199
1.06876
0.855599
0.956449
0.981005
0.948306
0.960151
1.11257
0.860357
0.930179
1.01707
1.20235
0.770217
1.25195
0.743289
0.947109
0.88811
0.995613
0.975711
0.99161
0.998993
1.24048
0.728863
0.984702
1.00846
0.915116
1.06256
0.984429
0.978264
0.770117
1.18877
0.87184
1.09184
0.946647
1.04005
0.927129
1.03455
1.15163
0.836362
1.05356
0.89783
0.996285
0.964712
1.03901
0.949519
0.963388
0.966836
1.02695
0.972742
1.28286
0.689735
0.968912
0.994504
0.898972
1.07932
0.925068
1.06905
0.813903
1.16057
0.954278
0.996348
0.86817
1.07919
1.02679
0.960312
1.25024
0.715488
0.963632
0.975373
1.01403
0.950963
1.06339
0.884125
0.934893
0.98442
0.929407
1.05925
1.00341
0.93392
0.912432
1.02776
0.93366
1.04357
1.01239
0.941569
0.992994
1.0004
1.03054
0.924512
0.928958
1.03468
0.95787
1.02174
0.920784
1.02255
1.02464
0.94347
1.20306
0.773934
1.12506
0.864164
1.04846
0.914378
1.00689
0.971044
0.920088
1.06466
0.975846
0.989156
1.00509
0.968091
0.76882
1.1909
0.960999
1.00847
1.02862
0.951518
1.02367
0.965198
0.957438
1.03034
1.05721
0.950768
0.960499
1.0104
0.903829
1.06805
1.00674
0.91688
1.11521
0.791677
1.10351
0.877872
1.1571
0.811031
1.09388
0.881057
0.993271
0.964745
0.940988
1.03451
1.01047
0.974301
0.972418
0.977042
1.01587
0.948498
1.01068
0.968627
1.0156
0.956832
0.931856
1.02087
0.967852
0.955429
1.05799
0.896263
0.936884
1.03585
0.969424
0.919151
1.02164
0.939908
0.985837
0.997708
0.99279
0.987222
0.865177
1.11131
0.989681
0.959096
0.909419
1.05231
0.954664
1.03628
0.899532
1.06278
0.946519
1.00897
1.00552
0.970016
0.845572
1.11569
0.966257
0.995967
0.753854
1.2365
1.01422
0.950019
0.976089
1.00636
0.851168
1.12428
0.887774
1.07455
0.964374
1.02439
1.0065
0.933403
1.25452
0.697295
0.719596
1.24292
1.09998
0.860643
0.98013
0.98573
0.779215
1.16774
0.873896
1.09848
0.978876
0.980758
0.952894
0.990131
0.918383
1.05804
1.03125
0.926785
1.0449
0.913801
1.03499
0.956473
0.981095
0.949687
0.99432
0.95209
0.823806
1.1577
1.23408
0.719927
0.713198
1.15675
0.956265
1.04275
0.970696
1.02198
1.04867
0.94358
0.952835
1.02408
1.01908
0.92565
0.93789
1.02755
1.19833
0.79456
0.984677
1.01427
0.704912
1.23907
0.722978
1.25764
1.05374
0.934933
0.955684
0.994615
0.912428
1.06256
0.973209
0.980267
0.96752
1.00602
1.0036
0.957665
1.03299
0.951456
1.14202
0.843031
0.971319
1.00397
0.914484
1.04386
0.99287
0.920938
0.749279
1.21399
0.808373
1.1469
0.865262
1.09453
1.01977
0.929613
0.754192
1.21731
1.09149
0.897401
0.844251
1.11662
0.899087
1.05497
0.717157
1.2403
0.999323
0.977357
0.892971
1.13239
0.991841
1.01937
0.798579
1.18132
0.986059
0.97987
1.04364
0.946639
0.961115
0.999033
0.941618
1.02082
0.975213
1.00322
0.900781
1.04809
1.04986
0.929863
0.718204
1.20148
0.978978
0.99096
0.963937
1.00399
1.16498
0.798801
0.971957
1.03728
0.992542
1.00168
0.809708
1.13787
1.08104
0.904487
1.03062
0.831445
1.33576
0.625848
0.918375
1.02448
1.09667
0.897707
0.859936
1.11163
1.09876
0.873937
1.05114
0.923009
0.993563
0.977883
0.726539
1.25892
0.895639
1.08193
1.03719
0.954199
0.978636
0.978014
0.976389
1.01829
0.969312
1.03362
0.865669
0.90225
0.92976
1.04947
0.987774
0.983811
0.752688
1.22454
1.0082
0.955555
1.06264
0.923507
1.00998
0.940406
1.01917
0.956751
0.977925
0.992443
1.01067
0.970043
0.894977
1.06226
1.04224
0.963771
0.992613
0.948227
0.846097
1.11402
1.18772
0.770761
1.00581
0.977413
0.896574
1.08512
1.02868
0.951143
1.19621
0.806582
1.28591
0.701565
0.991331
1.011
0.91215
1.06675
0.96434
0.975689
0.988103
0.97484
0.979288
1.00047
0.940878
1.0454
0.975106
1.00774
0.911178
1.07552
1.00489
0.978772
1.01152
0.99204
0.999204
0.92797
0.932937
1.02395
0.647501
1.36068
0.902605
1.05833
0.980006
1.00895
1.31839
0.647413
1.11384
0.858748
0.95342
1.03059
1.15758
0.790764
1.05901
0.919989
0.997178
1.00597
1.31655
0.673888
0.975368
0.972504
0.907917
1.07762
0.986714
0.970916
1.03867
0.922998
1.03068
0.936038
1.23842
0.73008
1.04829
0.874223
0.991381
0.975031
1.06033
0.921806
0.901727
1.01005
0.93695
1.03599
0.866278
1.07927
0.783378
1.17779
0.948324
1.04628
1.06267
0.915107
0.907971
1.05289
1.02113
0.956214
0.856058
1.11247
0.968311
0.978207
0.984926
0.938941
0.984838
0.963195
0.99363
0.964771
0.70921
1.28426
1.0757
0.886358
1.00211
0.940538
0.987463
0.986278
1.02458
0.948807
1.12363
0.80444
0.972613
1.00011
0.881635
1.10618
1.15757
0.8008
0.975189
0.998362
1.05665
0.932394
1.05626
0.930861
0.965471
1.00484
1.09634
0.886366
0.924695
1.03951
1.07232
0.933394
1.06217
0.941336
1.05968
0.919373
0.973832
0.961468
1.00927
0.992013
0.988873
0.979719
0.840639
1.13625
0.882204
1.06415
0.948267
1.03645
0.911315
1.07918
1.09934
0.884219
0.95775
1.03241
0.860931
1.11732
1.20655
0.755169
0.928407
1.05904
0.897684
1.07067
1.01902
0.986751
0.935296
1.02835
0.986493
0.985738
0.964341
1.02427
1.11438
0.843648
1.0302
0.959193
0.824865
1.12401
0.765507
1.19417
0.995284
0.982334
1.08585
0.881749
1.02847
0.960297
0.911097
1.05156
0.929587
1.0417
0.950909
1.0025
0.876113
1.09413
0.930352
1.0215
1.24793
0.732152
1.12412
0.857142
1.02137
0.935105
0.981062
0.996071
0.857897
1.09705
0.947568
1.02296
1.04728
0.935253
1.14066
0.803761
0.721703
1.25108
0.963317
1.01853
0.93587
1.0535
0.987173
0.954615
0.958607
1.00068
1.0037
0.937384
0.737533
1.22401
0.912382
1.0648
1.18856
0.762396
0.983794
0.984451
0.949967
1.0322
1.02375
0.942675
0.94216
1.0222
0.977732
1.01015
0.997771
0.995977
0.945701
1.05203
1.07465
0.881867
0.989247
0.964794
0.754956
1.1937
1.01203
0.955924
0.871105
1.09946
1.01486
0.964551
0.901333
1.11306
1.11452
0.87102
1.03046
0.959037
1.04741
0.930917
0.988158
1.0117
0.914464
1.06441
1.11448
0.86982
0.973455
1.00598
0.979449
1.00589
0.987879
1.00941
1.14404
0.817492
1.08357
0.886388
0.979086
0.991619
0.899719
1.06867
1.08316
0.873626
0.938528
1.03108
1.02032
0.958669
0.988363
0.968782
0.991358
0.984267
1.00165
0.972382
1.08478
0.884246
0.983188
0.979319
0.963598
0.995322
1.1466
0.805763
0.902383
1.06174
0.900449
1.05178
0.991635
0.972051
1.09499
0.88246
0.630344
1.32674
1.05829
0.911509
0.971898
1.00623
0.907271
1.08285
1.03308
0.954509
0.655781
1.32138
0.869417
1.08636
0.850398
1.11703
1.01231
1.00333
0.85012
1.09089
1.04984
0.919523
1.03594
0.959155
0.999797
0.996097
0.974596
0.977645
0.969025
0.988727
1.0167
0.956272
1.01516
0.923425
1.06441
0.902205
0.902357
1.06405
0.897707
1.07239
1.18271
0.813396
0.91351
1.07427
0.991555
0.969802
0.859683
1.1276
0.968189
1.02067
0.990714
0.971262
0.883304
1.09158
0.999869
0.932434
1.08926
0.862967
1.017
0.955662
0.961637
1.00088
0.89829
1.0973
0.895634
1.09844
1.0088
0.963844
0.886506
1.05877
0.981512
0.987371
0.801536
1.16447
1.13529
0.822576
0.815562
1.14533
1.21749
0.748634
0.711601
1.24849
1.01744
0.944389
1.27313
0.684859
1.19378
0.778329
1.15477
0.824285
0.910187
1.06449
0.877045
1.09503
1.10219
0.845428
1.09214
0.897223
0.99907
0.982155
0.905139
1.06239
1.02095
0.964124
0.98724
0.982293
0.941414
1.01299
1.0543
0.939535
0.737854
1.212
1.04358
0.911166
0.759704
1.1812
0.928978
1.03817
1.11586
0.853618
0.981401
1.00136
0.833738
1.11305
1.06422
0.899573
1.14848
0.832155
0.986026
0.930065
1.05967
0.902755
1.04619
0.932504
0.806254
1.10908
0.832644
1.15008
1.07448
0.87465
0.683465
1.26584
0.733763
1.23305
1.05903
0.912733
0.949226
1.01763
1.00863
0.994991
1.08458
0.890814
1.0072
0.947377
0.79066
1.1537
1.17338
0.816578
0.953713
1.00212
0.961602
0.952194
0.996123
0.990837
1.08281
0.903232
1.19673
0.799194
1.06429
0.911237
1.11385
0.883154
0.821875
1.13801
1.03562
0.971356
0.929392
1.02204
1.04926
0.943201
0.959531
1.01903
1.04145
0.968543
0.845781
1.14414
1.01759
0.96999
0.838575
1.13353
1.05911
0.91655
1.01483
0.939934
0.842693
1.11056
0.994438
0.993244
0.995404
0.966831
0.850382
1.12505
1.01395
0.950663
1.05349
0.926151
0.969721
1.01874
0.885858
1.08322
0.988535
0.940178
0.81045
1.16556
1.18332
0.796388
0.987817
1.02383
1.00073
0.989124
0.820613
1.12586
1.03301
0.912201
1.23354
0.731516
0.791735
1.19376
1.07773
0.927068
1.02458
0.956691
0.683219
1.24457
0.98088
1.00523
1.14529
0.828064
0.879566
1.10446
0.886234
1.09058
0.984666
0.97735
0.911609
1.05148
1.06912
0.91431
0.9393
1.02629
0.994792
0.994833
1.01299
0.943382
0.660259
1.29136
0.958724
1.04446
1.08088
0.936228
0.938381
1.04914
0.970789
0.994571
0.962797
1.01622
0.978847
0.984666
1.01878
0.95847
0.979502
0.998177
0.936521
1.01676
0.972052
0.994738
0.97951
1.0064
1.07997
0.893725
1.14086
0.828656
1.04166
0.934931
0.828009
1.14588
1.03693
0.911914
1.21402
0.691668
1.01011
0.94538
1.04223
0.954601
1.03672
0.932743
1.24611
0.716331
0.970637
1.02369
1.05806
0.899471
0.99246
0.979854
0.968641
0.974046
0.991134
0.964503
1.01812
0.948209
0.845852
1.10556
0.965325
0.976025
0.931229
1.04856
0.986072
0.994178
0.845251
1.13042
0.624022
1.34803
1.06822
0.872732
1.06931
0.933684
1.098
0.894593
0.986996
1.00036
0.99098
0.975354
0.997589
0.979399
0.983309
1.0253
1.00074
0.963552
0.890393
1.08737
1.05757
0.937212
1.11054
0.879688
0.952097
1.01973
0.862382
1.09465
0.735277
1.23197
0.884746
1.10239
0.956787
1.02552
1.00052
0.995019
0.938659
1.03213
1.02108
0.981548
1.1744
0.787372
0.949539
1.04843
0.954962
1.02007
1.01472
0.979708
1.05679
0.919434
0.778895
1.18172
0.818427
1.15946
0.930683
1.02159
0.746566
1.20663
1.04178
0.936885
0.925292
1.0344
0.974578
0.991653
0.897816
1.09107
0.946282
1.0413
0.975469
0.981749
0.981972
0.935574
0.994226
1.00084
0.984864
0.988421
0.912675
1.04335
1.00152
0.957634
0.946786
1.07188
0.876927
1.08473
0.90884
1.02854
0.98711
1.0039
0.921228
0.97992
0.960174
1.02653
1.04263
0.898627
0.840588
1.11485
1.04366
0.926001
1.1498
0.827489
0.452174
1.22892
0.984132
0.984763
1.00447
0.969476
1.04565
0.951914
1.12039
0.879683
1.09697
0.893367
0.978835
1.03057
0.851475
1.08319
0.994935
0.989377
0.822782
1.16608
0.983538
0.965966
0.987988
1.0042
1.02001
0.958051
0.967991
1.02492
1.0627
0.915823
1.09809
0.853689
1.00706
0.945852
0.632796
1.35799
0.981948
1.02117
1.00393
0.940653
1.07495
0.921557
1.31123
0.661707
0.906397
1.09024
0.936797
1.0335
1.03264
0.930026
0.964702
1.00715
1.03205
0.897588
0.887174
1.10156
0.987255
0.987726
0.748818
1.20442
1.1105
0.837393
0.828275
1.12896
0.931464
1.03756
0.956477
1.01879
0.980339
0.976031
0.962301
1.00695
1.00149
0.987055
0.971148
1.00787
0.96525
1.00813
1.04205
0.941459
0.992245
0.960342
0.762359
1.08487
0.962622
1.00609
1.03169
0.92502
0.676294
1.30306
1.01108
0.967619
0.940195
1.01732
1.13404
0.786
0.946631
1.01373
0.963969
1.01921
0.855559
1.06831
0.996711
0.996894
1.01585
0.978712
0.977718
0.983185
0.999933
0.963518
0.921833
1.06583
0.917742
0.972383
1.04871
0.898587
1.00054
0.966738
0.966004
1.0064
1.0326
0.941304
0.969317
0.975729
0.972986
0.99942
1.03869
0.942474
0.752707
1.23013
1.1429
0.849506
0.949861
1.01047
1.02604
0.960946
0.996265
0.910138
1.00861
0.963758
1.00752
0.967172
1.09208
0.880921
0.968107
1.00027
0.969039
0.986922
1.08726
0.874414
0.898142
1.09295
1.12127
0.859536
1.00384
1.00424
0.993181
1.01526
0.92856
1.03701
0.979163
1.02856
1.06018
0.907406
0.994517
0.990882
1.02926
0.941931
0.997367
1.00785
1.01493
0.973484
1.03298
0.96011
1.26476
0.673008
0.799562
1.13413
1.05934
0.854455
0.659208
1.2771
1.03421
0.96651
0.964664
1.01406
0.759342
1.18213
0.838301
1.12558
0.985278
0.976752
1.05669
0.917213
0.893883
1.04749
0.814149
1.11973
0.911221
1.06176
0.951164
1.02433
1.01714
0.937229
1.04886
0.87917
1.09719
0.843128
0.853779
1.10384
1.0426
0.946861
0.993093
1.0226
0.822549
1.13871
0.833681
1.13455
1.06278
0.915657
1.13733
0.84771
1.07091
0.918078
0.994074
1.02661
0.849639
1.09872
0.996901
0.993134
0.957373
0.990184
0.930169
1.02335
0.751325
1.24343
0.988614
0.992821
1.04354
0.916775
0.879604
1.1162
0.93381
1.01937
1.11642
0.875808
0.880338
1.10081
0.986005
0.98957
0.860843
1.11042
0.922186
1.02282
1.0122
0.979752
1.00046
0.975555
1.19171
0.796345
0.995916
0.973359
1.04
0.893054
1.00821
0.971203
0.914343
1.06266
0.957928
1.04612
1.0754
0.894586
0.99309
0.967079
0.83785
1.15762
0.969365
0.998561
1.05634
0.92221
0.981218
1.011
0.88813
1.07291
0.985981
1.00382
0.911671
1.10122
1.09965
0.852839
0.975245
0.983714
0.988591
1.02548
0.741404
1.22925
1.01494
0.92445
0.990931
0.98448
0.929467
0.997592
1.06006
0.910125
0.932543
1.0094
0.963711
1.02001
1.00115
0.966532
1.20059
0.760803
1.00221
0.916817
1.07492
0.851454
0.860046
1.08967
1.13986
0.851735
0.96755
1.02974
0.921113
1.01405
0.955451
1.0026
0.964246
0.939038
1.00915
0.987197
1.13541
0.806688
0.792274
1.17636
0.967095
1.00827
0.964464
1.02625
1.07994
0.890018
0.820876
1.13985
1.02209
0.980655
0.978262
1.01869
0.938822
1.03168
0.963036
1.04866
1.23199
0.736633
1.00549
0.967023
1.04145
0.94056
1.04885
0.936984
0.918147
1.05925
0.695389
1.29613
1.06742
0.92271
0.99362
0.975459
1.10641
0.86754
0.97083
1.00785
0.945721
1.00554
0.962116
1.0283
0.999747
0.992978
0.982689
0.995552
0.928586
1.03162
0.916565
1.06316
0.945282
1.03954
0.962104
1.00126
0.888255
1.01441
0.971761
0.991036
1.04855
0.923034
0.914714
1.07266
0.999195
0.937136
1.11096
0.853334
0.955663
1.01231
0.959429
1.02822
1.0566
0.888259
1.1679
0.798588
0.93065
1.02474
0.929977
1.00217
1.02485
0.937827
1.05323
0.917393
1.17959
0.800842
1.00211
0.94544
0.974647
0.987588
1.14423
0.840121
0.960888
0.990617
0.969495
1.01413
0.883956
1.06555
0.912008
1.03246
0.958873
1.02173
1.02515
0.937178
0.873483
1.11388
0.964457
0.988736
0.862198
1.05684
0.951007
1.04353
0.94151
1.01033
0.903834
1.06031
0.938582
1.02194
0.888808
1.07738
1.01656
0.9881
0.768668
1.17673
0.759651
1.22215
1.01046
0.963298
1.07507
0.889158
0.884541
1.07757
1.14472
0.810248
1.03542
0.944956
1.07299
0.895924
0.949354
0.977935
1.01534
0.894218
1.11439
0.830464
1.0016
0.994072
0.957732
0.984789
1.13388
0.807441
1.00704
0.968142
0.987003
0.988741
1.27434
0.702918
1.04139
0.968491
0.995129
1.00927
1.1838
0.7873
0.954849
0.99349
1.07838
0.86192
0.740025
1.22091
1.03885
0.953124
1.04588
0.781678
0.971143
1.03036
0.943112
0.9863
1.15337
0.769642
0.946193
1.05669
0.976176
0.980008
1.00982
0.964828
1.19214
0.813969
1.21378
0.771029
0.999089
0.981147
1.02394
0.989088
1.12807
0.805398
0.804863
1.14347
1.22446
0.734159
1.10032
0.886056
0.951052
1.02108
0.966068
1.00637
1.07646
0.91519
0.745408
1.22231
0.888893
1.08942
1.09282
0.879675
1.01182
0.988824
0.818516
1.12495
1.12898
0.831093
0.937382
1.01758
0.866937
1.11156
0.997943
0.958262
1.03491
0.949183
0.996766
0.985407
1.14386
0.794448
0.818665
1.12679
0.953287
1.00718
1.05158
0.915128
0.879408
1.08309
0.915964
1.03734
0.990916
0.906553
0.895158
1.07605
1.04536
0.912129
1.01485
0.95502
1.0396
0.914952
0.970145
1.01571
0.7104
1.26656
1.09374
0.874862
0.932368
1.05435
0.939397
1.02889
0.951188
1.00469
0.920184
1.06445
1.06437
0.895321
0.921192
1.04232
0.984842
0.996487
1.00021
0.985785
1.1228
0.84034
1.05741
0.92192
0.89011
1.02403
1.00744
0.975421
1.05766
0.943531
1.0625
0.887496
1.06717
0.941016
1.01912
0.96812
0.968423
1.01722
1.08603
0.91397
0.992541
0.972375
0.953773
1.04235
0.886689
1.08203
0.987129
1.0014
0.983703
0.97251
0.873099
1.08732
1.04944
0.939084
0.954412
1.01498
0.964148
1.02547
1.03109
0.955467
0.984134
1.01072
1.00286
0.981082
0.986333
1.00659
0.968513
0.98221
0.943163
1.05214
0.826943
1.10918
1.14578
0.811938
1.19387
0.768555
0.941676
1.01853
0.999333
0.950708
0.878903
1.08064
0.922347
1.0322
0.90991
1.06028
0.702967
1.27379
0.952931
0.988531
0.994982
0.977619
0.948048
1.02479
1.00568
0.972344
1.01359
0.964388
0.785348
1.13997
1.05697
0.894555
1.15924
0.817986
0.502857
1.46981
0.910353
1.03908
1.00746
0.992056
0.842725
1.02033
1.06912
0.905418
0.963263
0.994608
0.857166
1.10873
0.932227
1.05143
0.925303
1.04206
1.08336
0.911543
0.924305
1.033
1.03212
0.920322
0.941197
1.05321
1.00005
0.968393
1.00126
0.971867
0.473444
1.49202
0.881236
1.06527
0.999343
0.952473
1.02085
0.953733
0.876352
1.12677
0.857897
1.0814
0.914858
1.05935
1.10985
0.869094
0.770224
1.19416
1.03267
0.969603
1.04315
0.926753
1.00582
0.957072
0.972654
1.01961
0.985364
0.996237
0.709705
1.24873
1.02304
0.962142
0.953694
1.02125
0.977128
0.980034
0.952259
0.979183
0.92783
1.0403
1.09942
0.884666
0.858501
0.999057
1.09181
0.890357
1.0723
0.872797
1.13216
0.822058
0.969289
1.0214
1.0201
0.915755
1.06602
0.924303
0.681222
1.29358
0.944939
1.02194
0.760621
1.21702
0.864412
1.10258
0.954406
1.01423
0.785079
1.18844
0.987584
0.980562
0.951822
1.03576
0.988385
0.983175
0.975391
1.01635
0.952605
0.971245
0.963409
1.01346
0.894175
1.06946
0.802801
1.14879
1.04479
0.928769
1.04119
0.908803
1.02505
0.950132
1.03955
0.907497
0.990842
0.989754
0.93666
1.00978
0.772039
1.18061
1.00949
0.996771
1.0208
0.988225
0.995777
0.971595
1.01696
0.963598
1.18587
0.796005
0.985797
0.989607
1.10522
0.862995
1.0541
0.8813
1.02862
0.931831
0.9308
0.993954
1.07382
0.905969
0.793377
1.15416
1.01691
0.960702
0.887061
1.04542
0.906673
1.07467
0.873637
1.09219
1.01523
0.971206
1.01082
0.952458
1.00917
0.993454
1.05861
0.932749
1.07744
0.832989
0.92773
1.00782
0.857875
1.07894
1.0452
0.933204
0.985003
0.987563
1.02913
0.976021
0.997861
0.985202
0.997587
0.978589
1.08043
0.90734
0.792075
1.14586
0.837738
1.11319
1.15925
0.785902
0.992009
1.00595
1.00873
0.937531
1.05788
0.924037
1.13337
0.818054
0.991283
1.00245
0.855371
1.13922
1.03715
0.923838
0.96283
0.997427
1.27484
0.711487
0.948131
1.03756
0.934611
1.03019
0.955629
1.01059
1.01411
0.914573
0.91469
1.04598
0.788095
1.16341
0.881538
1.09232
0.880182
1.10818
0.913919
1.05449
0.893248
1.06623
0.990143
0.990485
1.04316
0.886627
1.00639
0.964659
0.906772
1.04111
0.976615
0.909234
0.986226
1.00478
0.938148
1.03104
0.955654
0.997685
1.05843
0.923
0.795057
1.198
0.946397
1.03228
1.19816
0.752172
0.936266
1.04152
1.04288
0.891233
1.0016
0.978189
0.715467
1.23271
1.15716
0.80591
1.14202
0.834908
0.991772
0.957979
1.02926
0.957591
1.12917
0.818539
0.966914
0.954037
1.03818
0.949503
0.922818
1.07781
0.952632
1.03419
0.860864
1.1164
1.01786
0.932237
0.944557
1.03916
0.904745
1.05017
1.11946
0.832887
0.983677
0.998401
0.992079
0.983397
0.86624
1.10783
0.661609
1.24988
0.990294
0.954926
0.921774
1.07012
1.18662
0.744051
1.01936
0.942383
1.12393
0.855165
1.0278
0.923312
0.938188
1.05254
0.978908
1.0137
0.902161
1.08407
1.05117
0.920205
1.02119
0.947966
0.993397
0.997479
0.877551
1.12226
0.935632
1.01708
1.15897
0.810215
1.00166
0.998015
0.957074
1.03229
1.03908
0.94051
1.09501
0.880841
1.09132
0.886948
1.32743
0.622614
0.805789
1.16138
0.973372
0.977108
0.800913
1.15021
0.907377
1.04353
0.998094
0.967725
1.01605
0.974617
0.688922
1.24608
0.939181
1.02284
1.0687
0.910569
0.942659
1.03184
1.00618
0.972916
0.829521
1.14921
1.0262
0.932556
0.992576
0.972615
0.976649
0.998596
1.06457
0.878678
0.993198
0.946417
1.07478
0.923521
0.914276
1.06073
0.99976
0.917878
0.972124
1.01853
0.851301
1.15332
1.02944
0.947064
1.0004
0.991974
1.05551
0.929664
1.01324
0.975005
1.05834
0.898459
0.99999
0.981149
0.906945
1.0407
0.884945
1.07457
0.785376
1.17405
1.07092
0.910647
0.990114
0.989264
1.00596
0.981228
0.978242
1.0006
1.05464
0.932976
0.940486
0.932863
1.00477
0.957713
1.08754
0.885464
0.989006
0.978509
1.04777
0.933317
1.11982
0.845912
0.921592
1.07215
1.02795
0.963036
0.971213
0.990077
0.971068
1.01681
0.966797
0.992657
1.00046
1.00065
0.977509
1.00148
1.11814
0.88881
1.02019
0.964885
1.11766
0.848537
1.01511
0.953822
0.925871
1.06115
0.941729
1.0323
0.89534
1.0915
0.932426
1.02527
0.974067
1.00669
0.758711
1.18326
0.902037
1.05934
0.748308
1.19844
1.0287
0.927825
1.03289
0.916776
0.911025
1.0613
0.972833
1.00038
1.12221
0.828928
0.955325
0.982374
1.13587
0.85123
0.829398
1.12374
0.954644
1.0296
0.96472
0.985177
0.948758
1.0224
1.10373
0.871091
0.978551
0.947626
0.792875
1.18583
1.11406
0.855925
0.888503
1.09442
0.998788
0.988067
0.599717
1.37897
1.0327
0.903817
1.00544
0.941891
1.0798
0.884075
0.886215
1.07169
0.917227
1.04926
0.987488
0.977131
1.00282
0.946458
1.09679
0.879925
1.06697
0.905466
0.830879
1.15101
0.975018
1.00675
0.996893
0.980345
1.06547
0.893021
0.711644
1.24643
1.11171
0.884268
0.905069
1.02698
1.08133
0.878352
0.903544
1.07789
1.01131
0.957224
0.984268
1.0139
0.954104
1.03489
0.942909
1.03545
1.00979
0.978245
1.04125
0.937956
0.873849
1.07965
1.04451
0.934939
0.906578
1.06099
0.961326
1.02396
0.979195
0.985163
0.937911
1.01189
0.956488
1.03912
1.03058
0.93812
0.975971
0.995395
0.970109
1.00205
1.1211
0.860247
0.851501
1.06741
1.04374
0.939635
0.982635
0.984403
0.96167
1.01085
1.05598
0.927895
0.957184
1.00099
0.646412
1.34984
0.962296
0.987793
0.950202
1.01065
0.809129
1.14682
0.961921
1.02736
1.00337
0.966947
0.971945
1.01412
0.986323
0.989358
1.10184
0.845253
0.995363
0.95112
1.03223
0.93512
0.952115
0.994731
0.923864
1.06035
1.04586
0.932969
0.880445
1.07238
1.00673
0.962999
1.03497
0.932701
0.963468
1.02657
0.916062
1.06675
0.843266
1.15303
1.0396
0.920476
1.21016
0.800351
0.817668
1.09073
0.922353
0.987345
1.01078
0.931803
0.782321
1.15835
1.21214
0.734009
1.38353
0.623364
0.999767
0.955817
1.17911
0.783989
1.28553
0.717026
0.787062
1.08175
1.01908
0.978987
1.13134
0.843611
0.789632
1.15549
1.01381
0.936121
0.982546
1.00986
0.951253
1.00779
1.07043
0.890489
0.983375
0.99228
1.00223
0.957275
0.660193
1.32729
1.24256
0.727413
0.918916
1.08475
1.03386
0.7512
0.973387
0.991437
1.19792
0.753467
1.0421
0.914064
1.00743
0.944791
0.933342
1.0414
1.07055
0.866325
0.911277
1.03812
1.03126
0.940321
1.00607
0.941843
0.93005
1.06286
0.969231
0.991184
0.968371
1.0184
0.982838
1.00295
1.22491
0.708369
1.05196
0.93053
0.986706
1.01233
1.04536
0.943146
1.00172
0.969465
1.15547
0.701061
0.96416
1.01331
1.12826
0.841046
1.06176
0.933112
0.876332
1.09657
1.12416
0.829779
0.981094
0.984726
0.88547
1.0914
0.96231
1.02591
1.02628
0.940686
0.841831
1.15963
0.934631
1.03793
0.662066
1.30063
1.00178
0.990362
0.891725
1.08503
0.992406
0.969308
1.02321
0.92731
0.946435
1.006
1.11941
0.869189
1.0194
0.956728
1.01737
0.985749
1.01358
0.971433
1.03049
0.935832
0.879008
1.07698
1.23415
0.740672
0.806864
1.18232
1.17759
0.773999
1.1881
0.765558
0.783099
1.16824
1.03835
0.934222
0.962089
1.00962
0.775916
1.0334
1.15291
0.753235
0.741144
1.23686
1.14943
0.823347
1.06594
0.942517
1.10542
0.868116
1.03824
0.942662
1.16003
0.85099
0.968281
1.00091
0.982382
0.993972
0.976038
0.949817
0.97475
1.01139
0.923892
1.05211
1.15404
0.848405
0.950773
0.998789
0.859188
1.08462
1.15019
0.803922
1.0108
0.974149
0.884755
1.08775
1.05411
0.897041
0.389606
0.928028
1.04007
0.929456
0.994054
0.976398
0.976791
0.983041
0.939786
1.00832
1.02494
0.955134
0.980801
0.98403
0.803655
1.16239
0.961846
0.974307
1.03042
0.947064
1.24928
0.699165
0.911741
1.02376
1.04976
0.871293
0.99176
0.989835
1.13828
0.839388
1.02183
0.912113
0.910567
1.05868
0.991729
0.9692
1.06091
0.950849
0.968117
1.00248
1.01302
0.960107
1.0596
0.953655
0.952837
1.0347
0.8285
1.10508
0.91625
1.04393
1.23786
0.752375
1.00611
0.68446
1.07593
0.895206
1.10349
0.86488
0.834992
1.13148
0.988708
0.957475
1.00728
0.959969
0.791627
1.16922
1.38157
0.581696
1.14267
0.826671
1.052
0.922901
0.980163
0.987791
1.01374
0.954226
0.934749
1.02504
0.966811
0.98038
1.09059
0.890294
1.07337
0.765108
1.07652
0.910379
1.10034
0.874371
0.939549
1.04851
1.21003
0.724848
0.924632
1.03442
0.990683
1.01273
1.03786
0.914185
1.01127
0.992569
0.931099
0.982785
0.929003
1.06804
0.998944
0.974362
1.21801
0.750501
1.15771
0.815817
1.00089
0.964537
0.932761
1.04509
1.05993
0.853263
1.08346
0.866979
1.01541
0.992373
0.976068
1.00083
1.01214
0.958726
0.81416
1.16425
1.11812
0.862805
0.981633
1.00394
1.25294
0.728485
0.972211
0.992924
0.963347
0.992841
1.09433
0.888967
1.2182
0.725092
0.9583
1.01677
0.804441
1.13901
0.742498
1.20524
0.865808
1.10267
0.867244
1.06567
1.00879
0.903478
1.02758
0.954306
1.04208
0.959131
1.08762
0.880593
1.10914
0.878593
0.957685
1.0106
1.25217
0.654617
1.02538
0.976113
0.962403
1.04069
1.10953
0.876384
0.909251
1.02078
0.984127
0.993283
1.00191
0.966842
0.988858
1.00534
1.09271
0.848073
0.961613
1.01608
1.13051
0.822558
0.894239
1.06966
1.01691
0.976836
1.04183
0.905498
1.01038
0.971197
1.07343
0.92386
0.981408
1.00371
0.943023
1.03171
0.881187
1.08281
1.03851
0.932534
1.03418
0.947109
1.04536
0.936213
0.804375
1.11277
1.0967
0.856106
1.06805
0.917287
0.743879
1.20783
1.02795
0.932124
0.924639
1.0341
1.02847
0.942268
0.890573
1.05619
0.972988
0.97157
0.86225
1.12459
0.842233
1.12191
0.917453
1.03655
0.94873
1.01351
1.09083
0.898938
1.06772
0.917303
0.959641
1.0446
1.10136
0.900176
0.929153
1.01494
0.966245
0.998388
1.01512
0.950418
1.02522
0.915339
1.01249
0.945665
0.990618
0.910422
1.07494
0.918875
1.31605
0.670836
0.946985
1.04767
1.14338
0.814235
1.06313
0.913118
0.875483
1.11872
1.06323
0.903556
0.974224
1.01508
0.997499
0.978687
0.991554
0.968525
0.99565
0.98464
0.974673
1.02813
1.00104
0.966612
0.910949
1.03347
0.965291
1.00963
0.94007
1.05665
1.00616
0.988375
1.19172
0.80596
0.978072
1.02221
1.01429
0.954032
0.90314
1.06197
0.967064
1.03575
1.05298
0.928034
0.908016
1.03213
1.07932
0.909346
0.657987
1.28335
1.01141
0.906099
0.901257
1.0395
0.986181
0.994929
1.03491
0.936613
1.15427
0.771289
1.07376
0.908566
0.932313
1.0143
1.0144
0.957549
0.832208
1.14497
1.09699
0.828119
1.11397
0.866424
0.898102
1.07061
1.34042
0.606613
1.14316
0.819019
0.937845
1.06702
0.860567
1.09465
1.00346
0.982215
0.99233
1.01255
0.915197
1.05348
0.994553
0.976067
0.86142
1.10488
0.90098
1.08977
0.991722
0.851633
0.979976
0.974561
0.961441
0.99298
1.03361
0.948755
1.10899
0.881183
1.03102
0.952292
0.946155
1.04802
0.980627
1.01657
0.833071
1.13323
0.952604
0.991954
0.931392
1.04213
1.01502
0.931405
0.984762
0.993554
1.04247
0.955503
1.12203
0.870589
0.992408
0.987513
0.989656
0.987695
0.849936
1.10693
0.671295
1.29998
0.593166
1.35642
0.941592
0.956479
0.849222
1.12052
0.973441
1.01323
0.933303
1.02553
1.10926
0.821301
1.06
0.93825
0.917262
1.07617
1.01628
0.945108
0.915038
1.03074
0.807928
1.15956
1.03791
0.940868
0.754743
1.19741
0.931055
1.05426
1.04943
0.881353
1.03453
0.935948
1.03177
0.937622
0.991741
0.980001
1.11104
0.868231
1.01517
1.00779
0.932996
1.05956
1.01156
0.984203
0.837821
1.13171
1.02948
0.955431
1.00001
0.992765
0.941693
0.996486
1.20234
0.756604
0.910486
1.03035
1.05346
0.910961
0.965662
1.03069
1.03796
0.932747
0.993166
0.881465
1.01164
0.945922
0.710791
1.29126
0.879321
1.09922
1.01266
0.956266
0.79494
1.18416
0.935014
1.05871
0.698093
1.29114
0.889932
1.10765
1.0752
0.900157
0.882378
1.08342
1.07172
0.896727
0.979005
0.977309
0.956593
1.03514
0.905153
1.06499
0.894216
1.07651
0.972698
1.01344
0.868115
1.08581
1.18586
0.736302
1.04469
0.925809
0.986398
1.01918
1.00399
0.953537
0.912458
1.04139
0.863239
1.12207
0.965787
1.01826
0.944774
1.01346
1.11925
0.865928
0.972282
0.973039
1.12993
0.845277
0.949674
1.04266
1.07169
0.908856
0.991187
0.97356
0.992168
0.964455
0.950681
0.999551
1.01138
0.981077
1.02046
0.969883
0.998673
0.956509
0.970525
1.02098
1.01219
0.978817
0.742171
1.22264
1.10332
0.871133
1.07952
0.910222
0.935449
1.0418
0.957203
1.04042
0.992287
0.971068
0.991598
0.977996
0.988628
1.00279
1.09328
0.888686
1.05051
0.921886
1.03715
0.934072
0.96326
0.999366
0.747429
1.24201
1.14045
0.827682
0.881928
1.09597
1.00415
0.991969
0.96282
0.996745
0.902766
1.07508
0.783463
1.20895
0.916982
1.05551
0.874029
1.09743
0.904608
1.04331
1.20116
0.771876
0.922865
1.03263
1.00885
0.965372
0.932176
1.05947
0.999752
0.962728
1.0757
0.895838
0.948714
1.03292
0.974066
1.0108
1.05007
0.909666
1.1629
0.814351
0.825801
1.12772
1.29312
0.667012
0.946608
1.00804
0.924563
1.01234
0.861798
1.07032
1.00797
0.965958
0.833371
1.13859
1.00151
0.967454
1.08897
0.928181
0.949447
1.00948
1.026
0.968644
0.98181
0.996876
0.98673
0.988279
1.0295
0.910627
1.0166
0.982665
0.994675
0.931235
0.977068
0.988081
0.996083
1.00879
1.10559
0.870153
0.889086
1.07336
1.02062
0.980112
1.01292
0.931902
1.05868
0.922553
0.967381
0.995533
0.940959
1.05545
1.03596
0.971026
1.01172
1.00988
0.981672
1.02531
0.864858
1.06558
0.923475
1.0627
0.977067
0.991269
1.0114
0.912915
1.08545
0.918572
0.745757
1.19754
1.0096
0.955296
1.0159
0.958878
0.937474
1.06028
0.901003
1.03793
1.01036
0.970236
0.984382
0.935227
0.981661
0.985404
0.960123
0.986586
1.0109
0.927833
1.01706
0.988804
0.904343
1.04089
0.929658
1.07394
1.12225
0.874394
1.05635
0.894254
1.03571
0.965358
1.16305
0.764325
0.996325
0.950335
0.922906
1.08628
0.918179
1.05725
0.910643
1.07533
0.938962
1.06643
0.854163
1.11827
1.06545
0.91317
1.00662
1.01044
1.04186
0.905432
1.00547
0.974784
0.959523
1.02017
0.91297
1.06496
1.01819
0.970502
0.904635
1.07444
0.960939
1.00905
1.02986
0.951099
0.98936
1.01118
1.00615
0.968731
1.05092
0.952282
0.801347
1.16367
0.827775
1.13101
0.942336
1.00147
1.04922
0.919628
0.944178
1.03583
0.996181
0.986001
1.02582
0.957342
1.11728
0.87388
1.0252
0.940368
0.978404
0.982161
1.00215
0.938581
0.760981
1.19178
1.03529
0.959634
1.15931
0.807279
1.00139
0.983377
1.08939
0.859656
0.968687
0.930971
0.92892
1.04912
1.03763
0.924748
1.31613
0.650699
0.86951
1.10328
0.969076
0.979627
0.931668
1.02366
0.967453
1.00599
0.900421
1.06017
0.882386
1.02666
0.972271
0.996583
1.05861
0.899581
1.08802
0.894277
1.14458
0.804709
0.965598
1.0122
1.02446
0.958434
0.883877
1.07445
0.837427
1.10579
0.931404
1.03937
0.968024
1.02444
1.17903
0.785854
1.09619
0.850314
1.00424
0.962491
0.952698
1.0178
0.941778
1.06261
1.04895
0.929893
1.00272
0.962493
1.01451
0.96325
0.845489
1.10737
0.912353
1.08479
0.88976
1.08544
0.967196
0.965134
0.91485
1.06407
1.0261
0.960433
0.92102
1.02611
1.004
0.970239
0.91698
1.06377
1.12749
0.8717
0.915342
1.03152
0.874671
1.09193
1.04572
0.947583
1.00353
0.967618
0.981847
0.982586
1.15655
0.816569
1.14758
0.730786
1.14167
0.800918
0.950839
1.03281
1.06165
0.915807
1.00347
0.990944
1.16334
0.820833
0.993745
0.973167
0.880334
1.10955
0.939867
1.0263
0.908056
1.06031
1.02667
0.959408
0.988262
0.987766
1.08211
0.901495
0.981106
0.993249
1.15982
0.777894
1.03704
0.914463
1.02608
0.962348
0.966296
1.01584
0.953759
1.02169
1.07817
0.854622
0.964295
1.00793
1.00725
0.954166
0.953202
1.0338
0.947388
1.0007
0.982802
0.960986
1.00861
0.963997
1.01938
0.963751
0.993453
0.96539
0.914351
1.04421
0.979272
1.00183
0.985229
1.01212
1.04563
0.943659
1.08108
0.902364
0.668138
1.29106
1.00945
0.97725
1.18252
0.786494
0.961991
0.998827
0.983463
1.00212
1.03005
0.972766
0.993105
0.995656
0.930078
1.04073
0.953084
1.00763
1.10797
0.865592
0.983162
0.990916
0.935349
1.03533
1.14665
0.774208
0.980379
0.976941
0.976228
0.984385
1.04149
0.904368
0.930817
1.03951
0.924118
1.06415
0.871961
1.10029
1.16487
0.834198
1.00841
0.947342
0.909729
1.03386
1.03263
0.941335
0.898044
0.993005
0.925379
1.02615
1.18951
0.757943
0.985479
0.978515
0.984546
0.937715
1.00298
0.961987
1.01411
0.957729
0.976301
1.02212
1.05711
0.90509
1.00739
0.986708
0.939762
1.0242
0.939767
1.03042
1.01137
1.00167
0.9792
1.02373
0.943392
1.02066
0.891112
1.07804
0.959432
1.03424
1.0043
0.949291
1.09439
0.8876
0.98071
0.978587
1.06028
0.910324
0.768109
1.18054
1.04779
0.932288
0.868456
1.12086
0.981664
0.995978
0.934826
1.00275
1.15003
0.822825
1.06154
0.91327
1.01488
0.976062
0.90254
1.08601
0.981965
0.966816
0.92723
1.0789
0.969385
0.961714
0.862125
1.09353
0.928373
1.06417
0.971166
1.00566
1.00992
0.970298
0.955625
1.01156
0.995313
0.957782
1.07357
0.896994
1.01289
0.980595
0.943655
1.02656
1.31243
0.643403
1.02074
0.933106
0.833505
1.14545
0.963792
1.00422
1.19266
0.797947
0.936839
1.03021
0.95526
1.01726
0.939682
1.01038
1.02232
0.950592
1.07872
0.883582
1.27876
0.678627
1.03687
0.945217
1.00152
0.989111
1.00765
0.96849
1.02698
0.925344
1.00374
0.994318
1.10086
0.88405
1.00588
0.882293
1.27856
0.661307
0.812577
1.1768
0.869848
1.13511
0.847117
1.1092
1.09637
0.884175
1.23924
0.763578
0.776859
1.19265
0.957077
1.01296
0.993263
0.995748
1.17104
0.809294
1.01605
0.948202
1.08961
0.918553
1.00404
0.990794
0.986377
1.00169
0.944963
1.05252
1.36585
0.612783
0.978895
0.994037
1.18812
0.759863
0.995528
0.965698
0.780864
1.17244
1.02484
0.958611
1.08084
0.900444
0.945867
0.996292
1.1047
0.875409
0.920903
1.02149
0.844689
1.09929
1.0278
0.959709
0.96436
0.994365
0.98553
1.00101
0.965581
0.962779
0.98654
0.987175
0.881651
1.08091
1.00482
0.965753
0.818547
1.17316
0.94156
1.01897
0.974524
1.0193
0.732682
1.23493
0.988589
0.989654
1.23695
0.747927
1.10955
0.857709
0.989307
1.00653
0.946752
1.03344
1.01781
0.934619
1.25589
0.697831
1.10759
0.890225
0.975377
1.00706
0.997528
0.989309
0.856394
1.111
0.99969
0.963264
1.01186
0.932377
1.01434
0.942156
0.980821
0.99959
0.930861
1.04781
0.946555
1.02619
1.0282
0.898672
1.16079
0.818994
1.02291
0.953331
1.06226
0.919107
1.0143
0.936113
0.924082
1.05184
0.79664
1.15395
0.879419
1.06103
0.884012
1.06704
1.01311
0.982795
1.19812
0.788472
0.893978
1.05574
1.06873
0.875863
1.00067
0.93229
1.01242
0.973245
1.054
0.914477
1.05005
0.915688
1.06867
0.877587
1.04487
0.910348
1.02901
0.95839
1.1747
0.793934
0.940895
1.0402
1.03384
0.958571
1.05407
0.921969
1.07752
0.877503
0.915165
1.05132
0.966422
1.01882
1.02114
0.96904
0.86266
1.09428
0.898106
1.08407
0.948694
1.03125
0.78113
1.18816
1.02241
0.963421
1.01564
0.959657
0.965977
1.0245
0.939285
1.00739
0.980091
1.01134
0.780554
1.20608
0.912106
1.04194
0.966993
1.01155
1.18785
0.749437
0.920034
1.00828
1.14829
0.816773
1.03169
0.950826
0.782479
1.19417
1.16345
0.823258
1.04458
0.941317
1.04641
0.903592
1.12545
0.853832
0.905411
1.05408
1.11483
0.836752
0.917531
1.02363
1.1019
0.88594
0.940154
1.0312
1.01496
0.964466
1.05694
0.839371
1.02037
0.930814
0.954124
1.0171
0.85364
1.10449
1.16187
0.790206
0.999909
0.96882
1.05452
0.871896
1.11632
0.812668
1.22301
0.726457
0.990906
0.95213
1.06338
0.909568
0.859285
1.14948
1.20102
0.763298
1.32146
0.653416
0.942235
1.01754
1.03863
0.960112
0.924709
1.05819
0.984501
0.979654
0.942105
1.02606
1.03796
0.911059
0.991226
0.960648
1.04608
0.951355
0.774564
1.16379
0.762427
1.2091
0.976025
0.994784
0.990405
0.98808
0.941135
1.02602
0.971574
1.01197
0.977365
1.0159
1.13752
0.850964
1.00275
0.974008
1.23243
0.725776
0.987206
1.00961
0.983771
0.987114
0.983632
0.984342
1.07797
0.88605
0.985433
0.967205
1.20233
0.754067
0.966213
1.04346
1.25722
0.708347
1.40103
0.546914
0.835993
1.10925
1.13164
0.840446
1.03065
0.944084
1.04696
0.934894
0.967562
0.994532
1.21879
0.762092
0.95335
1.03026
1.16923
0.827763
0.896155
1.08373
0.950143
0.98973
1.03861
0.9138
1.00377
0.999096
0.984327
1.01024
0.998978
0.975023
1.025
0.966686
0.917495
1.02905
0.946157
1.01811
1.02076
0.949534
0.945945
1.01949
0.840842
1.09351
0.996317
0.991881
0.990338
0.99486
0.921629
1.03211
1.01512
0.981627
0.957095
1.01828
1.00842
0.959063
0.987311
1.00942
0.897027
1.08108
0.990766
0.957433
1.09689
0.845299
1.07794
0.915098
1.01741
0.957102
0.825765
1.13739
1.09127
0.858145
0.993802
0.988471
0.998448
0.944334
0.848882
1.13242
1.11099
0.858371
1.03471
0.939998
0.598229
1.38006
0.946397
1.03452
0.830038
1.15328
0.987333
1.01745
0.809153
1.13006
0.955463
1.02865
0.983037
0.97153
0.988031
0.983188
1.00052
1.0119
0.915413
1.05302
0.804373
1.18587
1.00266
0.966401
0.855291
1.09896
1.12591
0.859008
1.02036
0.939507
0.986852
0.958782
1.17623
0.781483
0.924774
1.0222
0.974821
1.00529
0.944386
0.976707
0.995009
0.986073
0.820952
1.1577
1.01289
0.9783
0.951923
0.974733
0.926329
1.04172
1.0908
0.833095
0.964145
1.03893
0.819969
1.1836
0.998046
0.974805
0.922742
1.04169
0.998568
0.985666
0.959209
0.988779
0.96217
0.998132
1.05556
0.903035
0.906776
1.04834
0.937038
1.03226
1.14091
0.87094
0.852804
1.13312
1.27402
0.681067
1.00897
0.969665
0.999954
0.990247
0.916506
1.01405
1.0688
0.889451
1.00428
0.962147
1.07914
0.894803
0.982209
1.01719
0.963455
1.02092
1.08609
0.880435
1.0261
0.95547
1.32371
0.644128
1.14891
0.828285
0.891971
1.079
1.06682
0.878785
0.890371
1.06123
1.20089
0.776453
1.21964
0.767414
1.0485
0.922239
0.958698
1.00959
0.917783
1.06122
1.13147
0.844302
0.767868
1.16335
1.08988
0.861075
1.03433
0.936232
0.749053
1.21237
1.22543
0.760342
0.949656
1.02793
1.11853
0.782228
0.992868
0.986854
1.1063
0.904339
0.921594
1.06813
1.25385
0.728177
0.90559
1.06166
0.979964
1.00787
0.956401
1.01223
1.03021
0.93463
1.0368
0.923659
0.906892
1.02744
1.00666
0.98074
1.01639
0.954283
0.918626
1.02927
0.937393
0.999267
0.976529
0.997089
1.03439
0.93344
0.93715
1.04239
0.913753
1.03335
1.19019
0.758531
0.913441
1.07349
0.885793
1.06013
1.02165
0.959303
1.04892
0.945915
0.924301
1.06742
0.887805
1.05743
1.00639
0.982781
1.14047
0.783249
1.30479
0.683263
0.987341
1.00042
0.99495
0.990408
0.980633
1.00595
0.81189
1.18048
0.899818
1.04848
0.870999
1.04874
0.901607
1.09112
0.993242
0.982632
0.918932
1.05897
1.06327
0.919187
1.13353
0.847581
0.943857
1.02697
1.08334
0.893577
0.901112
1.07353
0.916681
1.0589
1.00853
0.971645
0.996065
0.953532
0.991326
0.967609
1.04586
0.919549
1.24291
0.722396
1.01046
0.984269
1.03903
0.922619
0.890686
1.04963
1.21936
0.749326
0.937959
1.0427
0.98491
1.0264
1.1219
0.826855
0.983388
1.01045
0.994616
1.00943
0.957144
1.02541
1.06012
0.933148
1.01629
0.995211
0.996823
0.971183
1.02356
0.989001
1.17467
0.797892
0.991546
0.955165
0.964911
0.944424
1.03822
0.936928
1.00781
0.952253
0.990432
0.98025
0.984563
0.986669
0.92571
1.07572
0.968637
1.01924
0.896179
1.08188
1.02384
0.97764
1.03048
0.988263
0.933192
0.978332
0.997612
1.01551
1.02127
0.94349
1.0967
0.89788
1.08452
0.856883
0.868389
1.10335
1.08307
0.864505
0.962078
0.960611
0.998593
0.992568
1.17963
0.785348
0.977651
1.0015
0.901332
1.05962
1.27953
0.653058
0.863116
1.09006
0.991169
0.993572
1.10591
0.87232
0.999949
0.993698
0.880088
1.07813
1.00199
0.952473
0.954647
1.00773
1.1358
0.805908
1.06451
0.929622
0.946069
1.02879
0.965029
1.01486
0.961165
1.02376
1.13705
0.81857
1.02466
0.932522
0.981271
1.01795
0.999971
0.964404
1.04545
0.910809
1.27807
0.700557
0.95254
1.02191
0.934465
1.02409
1.04107
0.945117
0.903423
1.06932
0.971288
0.990394
0.782779
1.19788
0.986945
1.01693
0.990064
1.01434
0.980801
0.967662
1.13774
0.848272
0.872562
1.10938
0.92176
1.02022
0.92174
1.06189
0.859073
1.08843
0.958676
1.04994
0.978661
0.947495
0.76425
1.19057
1.09126
0.890366
0.922885
0.96113
0.920736
1.05246
1.01897
0.939081
0.972943
0.979663
0.999903
1.00101
1.21984
0.736725
0.944279
1.01802
0.972524
1.02439
0.94726
1.00546
1.12679
0.834748
0.967174
1.01415
1.1061
0.896062
1.04037
0.941401
0.966756
1.00396
0.90006
1.06472
1.01518
0.967737
1.03628
0.964549
1.10196
0.877529
0.936485
0.976789
1.06686
0.920972
0.705027
1.25086
0.829694
0.994167
0.986769
0.98699
0.938379
1.01881
1.14011
0.804221
1.17392
0.816634
1.00648
0.959422
1.19646
0.753542
1.0315
0.964574
1.09816
0.865366
0.977785
0.981827
1.0119
0.8691
0.953119
1.01224
0.909156
1.07551
1.22971
0.707311
0.990228
0.980056
1.07066
0.889503
1.10073
0.922201
0.951852
1.01855
0.952286
1.02292
0.906756
1.113
1.06961
0.900875
0.982243
0.996734
1.17716
0.770361
0.991166
1.02014
1.07551
0.899858
1.24317
0.722297
1.08102
0.882837
1.0796
0.916483
0.916729
1.05669
1.00706
0.930399
0.811296
1.11991
0.964493
0.971847
0.86825
1.13332
0.807195
1.14283
0.997998
0.960735
0.967502
1.01763
1.03695
0.935128
0.828431
1.13131
0.966502
0.966587
1.03233
0.953729
0.902044
1.08253
0.971935
0.933656
1.05004
0.920772
0.935052
1.059
1.28812
0.616875
0.693095
1.26952
0.930126
1.03946
1.21493
0.761808
0.801727
1.16741
0.905396
1.06934
0.959034
1.01866
1.01612
0.975943
0.971179
1.01849
1.09957
0.887504
0.989915
0.96451
0.983271
0.998046
1.02986
0.925795
0.864216
1.11776
0.950544
1.04347
0.973197
1.02919
1.04609
0.905379
0.913861
1.07226
1.3045
0.649548
0.9359
1.03537
0.923641
1.03501
0.994223
0.986199
1.0247
0.970888
0.950153
0.958819
1.0454
0.928173
1.02287
0.952345
1.04329
0.968303
0.97888
1.00097
0.849904
1.15086
0.961063
0.870804
1.18662
0.789121
1.00751
0.933471
0.795565
1.17564
1.34382
0.62521
0.968597
0.970846
0.659778
1.29213
0.961285
1.01896
1.00069
0.992083
0.980616
0.97956
0.855633
1.11525
1.15084
0.814949
0.982436
0.972847
1.04395
0.954937
0.888029
1.11268
0.959849
1.02457
0.835804
1.07489
0.831794
1.10476
0.990082
0.986852
0.90148
1.07503
1.02199
1.00549
1.05273
0.936313
1.14111
0.813073
0.925621
1.04704
0.862652
1.09997
0.796253
1.13954
0.785807
1.17321
1.13703
0.852457
0.972243
0.996501
0.677847
1.198
0.946531
1.00774
0.90525
1.09893
1.20279
0.731036
0.59377
1.33324
0.896663
1.08842
0.942556
1.02459
0.999826
0.9904
1.01733
0.967582
1.0124
0.97852
1.01138
0.983102
0.892344
1.07332
0.883013
1.07084
0.899695
1.05173
0.975402
1.01919
1.00721
0.967196
0.9398
1.02209
0.965879
1.01531
1.08387
0.908101
0.959481
0.991626
0.83495
1.0912
0.971025
0.98696
1.22692
0.747135
0.782055
1.19305
0.926676
1.0516
0.976757
0.993743
1.18346
0.704681
0.992087
0.980492
1.11703
0.847295
0.993481
0.988423
0.981294
0.966882
0.896038
1.04637
0.99756
0.978781
1.08649
0.748481
1.0158
0.968625
0.86675
1.11198
1.16896
0.797018
1.06468
0.902547
1.26017
0.708016
0.990217
0.997567
1.01672
0.945738
0.869466
1.09907
0.985446
0.966728
0.933255
1.03507
0.98838
0.981256
0.958999
1.03693
1.0322
0.883194
0.860249
1.11477
0.88257
1.10728
1.12726
0.81695
1.07555
0.887125
0.924527
1.05611
0.912965
1.06049
