0.954125
1.02387
0.938898
1.04327
0.756001
1.24546
0.922519
1.06513
0.803822
1.15894
0.828007
1.12522
0.931212
1.06264
1.03467
0.942527
0.987085
0.970989
0.956544
0.964721
1.10338
0.834841
1.04746
0.921198
0.766196
1.18044
0.926357
1.0596
0.986758
0.979171
0.803476
1.18181
1.05965
0.902906
0.992012
0.998526
1.02059
0.979966
1.05479
0.927237
0.898639
1.0624
0.884163
1.0569
0.935459
1.03408
0.989205
0.988408
1.00441
0.974832
0.990305
0.974307
0.952675
1.00346
1.01734
0.985823
0.917864
1.07346
0.966908
0.984372
1.00509
0.957842
1.01594
0.920814
0.777376
1.2024
0.896563
1.10203
1.00915
0.969436
1.04417
0.943888
1.00865
0.936593
1.00486
1.00873
1.00725
0.95531
0.972425
0.984664
0.983065
0.988871
1.0244
0.949179
0.945578
0.980526
0.98519
1.00126
1.01751
0.971059
1.1227
0.826305
0.911958
1.05865
1.00509
0.983236
0.955645
1.02042
0.989942
0.992424
1.03013
0.951055
1.02224
0.983138
1.17021
0.797688
0.993677
0.980991
1.13331
0.8563
1.02799
0.985658
1.0531
0.937212
0.952481
1.04212
1.05036
0.901258
1.26741
0.668595
1.10779
0.84212
0.934729
1.04304
0.983247
1.01786
0.958248
1.02461
1.03373
0.926887
0.98114
0.978695
1.04155
0.942928
1.00501
0.939811
0.971054
1.03394
0.973906
0.995334
0.787469
1.18575
0.813318
1.18937
1.0105
0.998102
0.984946
0.986816
0.764946
1.23943
1.0323
0.959266
0.953886
1.04507
1.03014
0.94987
0.982768
0.970733
1.06878
0.898641
1.0445
0.934549
0.949817
1.04176
1.00768
0.920254
0.757436
1.21705
0.998953
0.977381
1.01174
0.976941
0.986576
0.978251
1.17655
0.797137
0.873657
1.1315
0.838684
1.15073
0.983026
0.981017
0.984417
0.982818
0.804658
1.17338
0.988963
1.00332
1.05872
0.9168
1.32618
0.641459
0.947358
1.02339
1.05836
0.896389
1.06695
0.913743
0.993021
0.962525
0.997266
0.987009
0.915825
1.04211
1.11778
0.851116
0.926652
1.08844
0.910946
1.05085
0.932941
1.01723
0.957876
1.01657
1.07916
0.903333
0.923452
1.06919
0.983054
0.992003
0.829915
1.14528
1.12865
0.836014
0.964249
0.998865
0.948472
1.02444
1.00281
0.952383
0.957207
0.973352
0.892798
1.0738
1.10365
0.886357
1.03826
0.915705
0.956978
1.00781
1.01027
0.979407
1.03964
0.937175
1.00807
0.971646
1.00165
0.96589
1.28315
0.681072
1.03011
0.966861
1.04561
0.918722
0.969931
0.994729
0.863065
1.1026
0.976285
0.99438
0.979478
1.00471
1.00709
0.956682
0.900668
1.07378
1.10718
0.869926
0.99103
0.983568
1.03315
0.949705
1.04011
0.946932
0.901346
1.05304
0.90202
1.07587
0.918968
1.04078
0.816516
1.14812
0.985132
0.988083
0.99513
0.995861
0.891761
1.09054
1.1936
0.75429
1.00952
0.95749
0.964628
0.998591
0.974901
1.00389
0.908987
1.06727
0.953756
1.02017
1.158
0.780606
0.96831
1.01142
0.994652
1.02484
1.01351
0.966783
0.902226
1.05422
0.921411
1.05691
1.0118
0.925473
0.953374
1.01228
0.859213
0.998125
1.02742
0.96459
1.04152
0.882842
0.948656
0.988798
0.953961
0.954496
1.12135
0.851584
0.937324
1.00992
1.21158
0.760987
1.27883
0.716403
0.861341
0.973877
0.993465
0.977857
1.02445
0.966157
1.20186
0.767479
0.969662
1.0235
0.913787
1.06389
1.01382
0.948877
0.928038
1.03085
0.944844
1.01884
0.870708
1.11599
0.958233
1.00345
1.16531
0.82268
1.08127
0.870115
0.980288
0.980706
0.942143
1.04638
0.939662
0.990576
1.00038
0.999303
1.26831
0.704275
0.960185
1.00323
0.91127
1.06702
0.931897
1.06222
0.792484
1.18199
0.962644
0.987981
0.833489
1.11387
1.03384
0.953264
1.21141
0.754315
0.973811
0.965193
0.979305
0.985685
1.03091
0.916605
0.912658
1.00665
0.929753
1.05891
1.01365
0.92368
0.915847
1.02436
0.953528
1.02369
1.00795
0.946016
0.9923
1.00111
1.00448
0.950575
0.951128
1.01251
0.951079
1.02855
0.935416
1.00792
1.00853
0.959607
1.03985
0.937128
1.01642
0.972795
0.999836
0.963001
1.01189
0.966045
0.935098
1.04965
1.02809
0.936906
1.00767
0.96551
0.766792
1.19293
0.95566
1.01384
1.02657
0.953574
1.03059
0.958277
0.950304
1.03747
1.05537
0.952607
0.959336
1.01157
0.897701
1.07417
1.00408
0.919531
1.04184
0.865044
1.08622
0.895163
1.14777
0.82036
1.07669
0.898246
0.978638
0.979386
0.942395
1.0331
0.998753
0.986023
0.959561
0.989937
1.01921
0.945152
1.05505
0.924276
0.972129
1.0003
0.937885
1.01484
0.960872
0.962391
1.06204
0.892206
0.944332
1.0284
0.980741
0.907847
1.02466
0.936895
0.979725
1.00382
0.989416
0.990596
0.898553
1.07794
1.02796
0.920869
0.965826
0.995897
0.966466
1.02448
1.00221
0.960083
0.990865
0.964623
0.996665
0.978869
0.845784
1.11548
0.965241
0.996983
0.898489
1.09187
0.984665
0.979571
0.972808
1.00964
0.878168
1.09728
0.978077
0.984244
0.933839
1.0549
0.945997
0.993909
1.14322
0.808596
0.744619
1.21789
1.01264
0.948004
0.961877
1.00396
0.948086
0.998838
0.899677
1.07269
0.963129
0.996506
0.952887
0.990137
0.931168
1.04526
1.06014
0.897912
1.00347
0.955234
1.02916
0.962303
0.965805
0.964987
0.994486
0.951941
0.954084
1.02742
1.25152
0.702488
0.762996
1.10696
0.974523
1.02449
0.972789
1.0199
0.993365
0.998888
0.910196
1.06672
1.02314
0.921587
0.993904
0.971527
1.20317
0.789718
0.995891
1.00307
0.729362
1.21462
0.743836
1.23677
1.08962
0.899049
0.963176
0.987121
0.957078
1.01791
1.00488
0.948598
0.971182
1.00239
1.00556
0.95573
1.00208
0.982371
1.09934
0.885714
0.956353
1.01894
0.926664
1.03168
0.993281
0.920527
1.00345
0.959801
0.804832
1.15045
0.870705
1.08908
1.00806
0.941327
0.700677
1.27083
1.16602
0.82287
0.906704
1.05416
0.968758
0.9853
0.738476
1.21898
0.994643
0.982037
0.966843
1.05849
0.990655
1.02056
0.788435
1.19147
0.988035
0.977893
1.02955
0.960734
0.970863
0.989287
0.959679
1.00275
0.973903
1.00453
0.945073
1.00382
1.04594
0.933785
0.731488
1.1882
0.973794
0.996143
1.0249
0.943027
1.1083
0.855475
1.01644
0.9928
0.990491
1.00377
0.789115
1.15846
1.07944
0.906088
0.988032
0.874024
1.30944
0.652166
0.930921
1.01193
1.02282
0.971558
0.85727
1.11429
1.08795
0.884751
1.04568
0.928463
0.987687
0.983793
0.781556
1.2039
0.903908
1.07367
1.04208
0.949303
0.980352
0.976347
0.970727
1.02396
0.888161
1.11477
0.885544
0.882418
0.947477
1.03177
0.991625
0.97996
0.787786
1.18944
0.95798
1.00577
1.06651
0.91964
1.01722
0.933162
1.02189
0.954023
0.980876
0.989511
1.02646
0.954271
0.937473
1.01976
1.02385
0.982167
0.977998
0.962842
0.838328
1.12179
1.26172
0.696753
1.01121
0.972015
0.905866
1.07583
1.05437
0.925468
1.22375
0.779037
1.29331
0.694159
0.992093
1.01023
0.867206
1.11169
0.934012
1.00602
0.997281
0.965663
0.981678
0.99808
0.963462
1.02283
0.966874
1.01598
0.929008
1.0577
1.03036
0.95331
1.00665
0.996934
1.03017
0.896998
0.921046
1.03584
0.530942
1.47724
0.903263
1.05767
0.983187
1.00577
1.31255
0.653254
1.14879
0.823805
0.929079
1.05493
1.15139
0.796958
1.03044
0.94855
0.996263
1.00692
1.42594
0.564496
0.966906
0.980967
0.906671
1.07887
1.01412
0.94351
0.946654
1.01502
1.0229
0.943819
1.24494
0.723563
1.03461
0.887902
0.990881
0.97553
1.08696
0.895181
0.924264
0.987509
0.913289
1.05965
0.870777
1.07478
0.917106
1.04406
0.965435
1.02917
1.02808
0.949696
0.963174
0.997664
1.00507
0.972267
0.861677
1.10685
0.984141
0.962375
1.0076
0.916269
0.980656
0.967377
0.972381
0.98602
0.712003
1.28147
0.989271
0.972792
0.973322
0.969363
0.968123
1.00562
1.01441
0.958979
1.12696
0.80111
0.966327
1.00639
0.880549
1.10727
1.14903
0.809342
0.980816
0.992734
1.02713
0.961912
1.04888
0.938263
1.00194
0.968374
1.04972
0.932981
0.922868
1.04134
1.06019
0.945521
1.03291
0.9706
1.02769
0.951362
0.987666
0.947631
1.01066
0.990627
1.03846
0.93013
0.875332
1.10156
0.91613
1.03023
0.960695
1.02403
0.9309
1.05959
1.09204
0.891534
0.97101
1.01918
0.965854
1.01238
1.17972
0.781997
0.897146
1.0903
0.928767
1.03958
1.01621
0.989573
0.917645
1.046
0.949319
1.02289
0.982665
1.00596
1.1063
0.85173
1.00366
0.985745
1.01506
0.933814
0.772422
1.18725
0.987919
0.989713
1.0634
0.904199
1.01315
0.975618
0.938816
1.02386
0.929897
1.04139
0.967102
0.986319
0.876849
1.09339
0.943384
1.00847
1.00961
0.970445
1.05977
0.921507
1.02769
0.928789
0.987306
0.989828
0.86708
1.08787
0.946077
1.02447
1.21323
0.769301
1.20173
0.742691
0.889172
1.08363
0.960743
1.0211
1.00298
0.98639
0.976188
0.965591
0.975872
0.98341
1.0014
0.939707
0.701984
1.25956
0.906955
1.07023
1.18846
0.762502
0.995074
0.973175
0.952522
1.02964
1.02555
0.940871
0.987407
0.976954
0.977013
1.01088
1.00219
0.991563
0.94746
1.05027
1.03971
0.916826
0.976994
0.977043
0.956413
0.992227
1.0175
0.950457
0.873465
1.0971
1.01851
0.960905
0.891412
1.12297
1.09719
0.888351
1.0153
0.974215
1.07216
0.906169
0.990842
1.00903
0.926934
1.05194
1.16519
0.819107
0.991425
0.988007
1.03436
0.950981
0.989202
1.00808
1.10428
0.857249
1.07104
0.898914
0.975002
0.995718
0.892136
1.07625
1.00269
0.95409
0.963047
1.00656
0.953044
1.02595
1.15849
0.798657
0.983545
0.99208
1.01942
0.954614
1.01486
0.954166
0.988864
0.973643
0.963887
0.995016
1.02515
0.927219
0.995611
0.968508
0.94702
1.0052
0.97919
0.984496
1.06675
0.910697
0.697529
1.25955
1.04659
0.923214
0.97237
1.00576
1.02666
0.963459
1.02375
0.963836
0.747089
1.23007
0.733826
1.22193
0.859575
1.10785
1.00491
1.01078
0.870393
1.07062
1.06586
0.903503
1.07766
0.917433
1.01619
0.979714
0.980122
0.972117
0.958288
0.999463
1.01113
0.961835
0.986852
0.951737
1.00427
0.962347
0.901147
1.06527
0.911047
1.05907
1.16906
0.82704
0.937852
1.04995
0.996511
0.964848
0.868985
1.1183
0.96832
1.02054
0.97721
0.984758
0.869951
1.10494
1.02025
0.912056
1.08481
0.867415
1.01397
0.95869
0.9546
1.00792
0.893
1.10259
0.899783
1.09429
1.01187
0.96078
0.98128
0.963999
0.975938
0.992945
0.859783
1.10622
1.02741
0.93046
0.781627
1.17927
0.961183
1.00494
0.770806
1.18929
1.05915
0.902682
1.20947
0.748519
1.20889
0.763222
1.16105
0.818007
0.90737
1.0673
0.885076
1.087
1.08938
0.858236
1.02017
0.969178
0.988858
0.99235
0.999172
0.968354
1.02742
0.957658
0.986029
0.983519
0.975178
0.979221
1.04646
0.947382
0.720447
1.22941
1.05977
0.894974
0.763971
1.17693
0.925442
1.04171
1.06357
0.905907
0.983831
0.998929
0.827342
1.11944
1.03945
0.924341
1.0232
0.95744
0.952761
0.963347
0.989779
0.972664
0.998526
0.980169
0.825474
1.08986
0.85541
1.12731
1.08301
0.866115
0.68361
1.2657
0.682536
1.28428
1.05556
0.916211
0.958815
1.00804
1.00371
0.999912
1.06716
0.90823
1.00897
0.945605
0.791631
1.15273
1.2509
0.739061
0.948374
1.00746
0.964138
0.949676
0.994856
0.992104
1.08299
0.903049
1.1871
0.808827
1.03231
0.943213
1.12159
0.875403
0.849537
1.11037
1.03359
0.97338
0.956968
0.994459
1.04885
0.943616
0.966835
1.01173
1.02759
0.982401
0.876738
1.11318
1.02507
0.96251
0.856838
1.11526
1.05917
0.916487
1.01865
0.936114
0.838664
1.11459
1.00629
0.981415
1.0167
0.94554
0.888708
1.08673
0.914736
1.04988
1.02555
0.954086
0.971647
1.01681
0.899655
1.06942
0.992104
0.93661
0.970071
1.00594
1.17959
0.800128
0.965889
1.04576
0.997947
0.991908
0.781469
1.16501
0.991872
0.953336
1.21376
0.751297
0.782577
1.20292
1.04053
0.96427
0.982041
0.999234
0.678185
1.24961
0.976664
1.00944
1.15862
0.814733
0.880825
1.1032
0.913949
1.06283
0.980403
0.981637
0.914045
1.04904
1.06501
0.918423
0.941177
1.02443
1.00076
0.988854
1.00964
0.946736
0.959232
0.992369
0.956866
1.04632
1.03431
0.982825
1.01873
0.968789
0.954006
1.01135
0.991119
0.987896
0.990886
0.972628
1.03014
0.947115
0.980492
0.997188
0.917006
1.03627
0.980555
0.986235
0.98599
0.999941
0.991317
0.982383
1.16958
0.799936
1.02447
0.952128
0.679632
1.29424
1.03043
0.918417
1.02042
0.885273
0.953845
1.00164
1.01501
0.981813
0.939077
1.03036
1.22232
0.740127
0.974526
1.0198
1.06112
0.896414
1.08024
0.892073
0.961837
0.980844
0.993012
0.962626
0.991818
0.974511
0.893357
1.05805
0.961527
0.979822
0.928177
1.05161
1.00274
0.977513
0.880047
1.09563
0.605572
1.36648
1.08391
0.857035
1.04637
0.956625
1.10184
0.890752
0.949129
1.03822
0.980819
0.985516
0.987024
0.989982
0.991632
1.01699
0.985766
0.978523
0.990904
0.986862
1.05276
0.942018
1.14165
0.848579
0.957725
1.0141
0.980256
0.976778
0.717859
1.24939
0.895201
1.09193
0.980508
1.0018
1.01714
0.978396
0.961909
1.00893
1.04977
0.952877
1.17318
0.788586
0.992331
1.00564
0.985392
0.989642
1.01547
0.978968
1.03412
0.942097
0.620691
1.33992
0.81495
1.16294
0.956485
0.995791
0.742304
1.21089
1.00883
0.96984
0.936004
1.02369
0.929244
1.03699
0.885706
1.10323
0.795882
1.1917
0.997898
0.959318
0.966615
0.950937
1.00787
0.987187
0.985919
0.987365
0.925935
1.03009
1.02863
0.93054
0.944396
1.07428
1.01508
0.946585
0.879543
1.05783
0.972351
1.01866
0.91586
0.985284
0.95326
1.03346
1.01356
0.927696
0.881118
1.07432
1.00952
0.96014
1.03755
0.939743
0.486121
1.19497
0.993924
0.974952
0.991711
0.982256
1.04834
0.949231
1.13478
0.865293
1.06825
0.922092
0.989421
1.02003
0.789082
1.14558
0.993597
0.990725
0.850904
1.13796
0.986022
0.963479
0.996958
0.995304
1.00861
0.969441
0.972415
1.02049
1.06307
0.915457
1.08952
0.862262
0.999236
0.953671
0.522031
1.46875
0.972935
1.03018
1.00265
0.941928
1.05216
0.944341
1.28943
0.683501
0.932672
1.06396
0.96667
1.00362
1.02473
0.937928
0.958896
1.01298
0.998374
0.931262
0.880673
1.10806
0.975915
0.999066
0.752453
1.20078
1.09181
0.856089
0.922464
1.03477
0.938259
1.03077
0.995184
0.980083
0.9804
0.975971
0.989456
0.979791
0.996826
0.991714
0.934732
1.04429
0.97282
1.00056
1.00349
0.980016
0.988216
0.964386
0.776877
1.07035
1.00633
0.962377
1.01289
0.943822
0.991684
0.987671
1.01241
0.96629
0.934984
1.02254
1.10752
0.812524
0.979085
0.981277
0.651684
1.30721
0.969421
1.01375
0.904208
1.01966
0.996149
0.997453
1.01981
0.974754
0.976209
0.984714
1.00424
0.95921
0.920689
1.06697
0.942504
0.947622
1.08027
0.867026
1.0719
0.895385
0.943011
1.02939
1.01771
0.956217
0.948956
0.996107
0.965289
1.00712
1.01172
0.969428
0.735219
1.24762
1.15346
0.838943
0.947618
1.01272
1.03201
0.954972
0.994453
0.91195
1.02513
0.947226
0.982668
0.992021
1.11807
0.854928
0.982038
0.986322
0.959696
0.996266
0.95637
1.0053
0.919075
1.07201
0.990698
0.990111
0.995019
1.01306
0.999359
1.00908
0.959389
1.00618
1.00203
1.00569
1.01189
0.955703
0.987864
0.997528
1.00522
0.965968
0.997629
1.00761
1.0061
0.982313
1.03173
0.96136
1.14756
0.790206
0.808198
1.12549
1.0482
0.865593
0.594423
1.34188
0.990712
1.01001
0.964781
1.01396
0.655752
1.28572
0.689048
1.27483
0.999962
0.962067
1.04217
0.931735
0.930616
1.01076
0.89248
1.0414
0.905619
1.06736
0.954331
1.02116
1.0021
0.952265
0.974211
0.953799
1.07319
0.867149
0.875653
1.08197
1.01843
0.971028
0.994933
1.02076
0.824666
1.13659
0.854612
1.11362
1.05503
0.923405
1.0236
0.96142
1.06136
0.927627
0.99069
1.02999
0.880562
1.0678
1.00433
0.985749
0.958957
0.988614
0.954053
0.999443
0.758758
1.236
0.985658
0.995789
1.04738
0.912938
0.877
1.11881
0.917074
1.03611
1.06544
0.926788
0.871353
1.10979
0.976095
0.99948
0.947583
1.02369
0.911329
1.03368
1.01151
0.980455
1.06036
0.915658
1.18801
0.800042
0.998238
0.971036
0.949927
0.983128
0.999696
0.979727
0.919317
1.05769
0.955144
1.04891
1.07598
0.894004
0.991056
0.969099
0.835586
1.15988
0.977233
0.990693
1.0013
0.977266
1.01298
0.979236
0.920412
1.04062
0.98908
1.00072
0.930665
1.08222
1.04688
0.905623
0.976629
0.982344
0.994199
1.01991
0.660178
1.31048
0.986367
0.953028
0.985202
0.990209
0.918179
1.00888
1.03094
0.939249
0.941958
0.99998
0.97956
1.00416
1.00636
0.961325
1.18753
0.773858
0.992308
0.926732
0.96988
0.956497
0.873584
1.07614
1.12849
0.863102
1.02801
0.96928
0.94272
0.992438
0.958459
0.999612
0.941192
0.962092
1.01115
0.985186
1.11259
0.829506
0.823629
1.14501
0.961998
1.01337
0.959729
1.03099
1.02264
0.947324
0.842761
1.11795
1.02964
0.973105
0.976101
1.02088
0.929992
1.04051
0.965813
1.04588
1.21175
0.756876
1.00821
0.964302
1.01256
0.969451
1.04744
0.938387
0.915254
1.06214
0.692127
1.2994
1.00417
0.985956
1.00826
0.960815
1.10506
0.868892
0.960537
1.01819
0.962974
0.988283
0.939716
1.0507
0.999772
0.992951
0.98073
0.997511
0.949743
1.01048
0.918299
1.06144
0.976431
1.00839
0.964833
0.998532
0.908759
0.993901
0.978329
0.984461
1.01579
0.955785
0.902844
1.08453
0.978786
0.957536
0.902819
1.06147
0.969435
0.998541
0.97319
1.01448
1.04475
0.900133
1.17509
0.791396
0.947098
1.00829
0.902199
1.02995
1.01241
0.950271
1.00157
0.969054
1.16614
0.814294
0.99066
0.956895
0.989152
0.973084
1.14061
0.843756
0.937595
1.01391
0.975646
1.00802
0.890877
1.05862
0.914305
1.03017
0.953414
1.02719
1.03292
0.929408
0.837353
1.15001
0.951724
1.00147
0.868982
1.05006
0.929817
1.06472
0.926833
1.025
0.903698
1.06046
0.930734
1.0298
0.932337
1.03385
1.00904
0.995631
0.758989
1.18641
0.75359
1.22821
1.01618
0.95758
1.05327
0.910954
0.935532
1.02657
1.27667
0.678294
1.0286
0.951775
1.05537
0.913542
0.950321
0.976968
1.0334
0.876157
1.11459
0.830259
0.995268
1.0004
1.00451
0.938007
1.12352
0.817802
0.976664
0.998534
0.988661
0.987083
1.2877
0.689563
1.01376
0.996119
0.989083
1.01531
1.07709
0.894012
0.911601
1.03672
1.0867
0.853595
0.736003
1.22493
1.01962
0.972369
1.00076
0.826824
0.945205
1.0563
0.96471
0.964701
1.1501
0.77291
0.954318
1.04856
0.980055
0.976123
1.00616
0.968462
1.17584
0.83027
1.2268
0.758003
0.979163
1.00107
1.01385
0.999179
1.17022
0.763242
0.909065
1.03926
1.26427
0.69435
1.07795
0.908427
0.942947
1.02918
0.962153
1.01029
1.04676
0.944895
0.772292
1.19543
0.962645
1.01567
1.09201
0.880492
1.01491
0.985728
0.74914
1.19432
1.10248
0.857594
0.976445
0.978514
0.90462
1.07388
0.977018
0.979181
1.02386
0.960241
0.997744
0.98445
1.15305
0.78526
0.878451
1.067
0.937947
1.02252
1.00067
0.966047
0.931689
1.03081
0.921596
1.0317
0.978399
0.919074
0.971786
0.999422
1.05421
0.903287
1.09328
0.87659
0.990422
0.964146
0.985188
1.00067
0.752191
1.22477
1.08403
0.884568
0.933209
1.05354
0.951142
1.01715
0.94769
1.00819
0.918359
1.06628
0.99956
0.960127
0.838514
1.125
0.992138
0.989192
1.00206
0.983931
1.09852
0.864622
1.04954
0.92979
0.927338
0.986802
1.00185
0.981006
1.18182
0.819351
1.05295
0.897068
1.02912
0.979059
1.01104
0.976195
0.972045
1.01359
1.08853
0.91147
0.991955
0.972959
0.956282
1.03984
0.89314
1.07558
0.972402
1.01613
0.965563
0.99065
0.885517
1.0749
1.03179
0.956737
0.957974
1.01142
0.962721
1.02689
1.04215
0.944404
0.983494
1.01138
0.989604
0.994348
0.991359
1.00156
0.945145
1.00558
0.912055
1.08325
0.793885
1.14224
1.03957
0.918146
1.31628
0.646149
0.9572
1.003
0.955125
0.994918
0.958333
1.00121
0.920676
1.03387
0.977151
0.99301
0.815128
1.16163
0.929889
1.01157
0.988197
0.984399
0.981263
0.991575
0.990549
0.987472
0.999243
0.978732
0.776359
1.14896
1.05254
0.898986
1.03596
0.941249
0.559955
1.41271
1.00491
0.944525
1.0137
0.985848
0.828563
1.03449
1.05456
0.919973
0.96189
0.995981
0.8487
1.1172
0.967041
1.01661
0.910396
1.05695
1.01773
0.977177
0.959648
0.997654
1.02404
0.928399
0.940985
1.05342
1.00064
0.967806
1.03416
0.93896
0.552533
1.41293
0.887467
1.05904
0.982699
0.969117
1.0115
0.963083
0.87119
1.13193
0.9156
1.02369
0.959698
1.01451
1.10443
0.874522
0.788248
1.17613
1.01065
0.991615
1.03563
0.934268
0.985322
0.977575
0.98791
1.00435
1.01528
0.966322
0.812109
1.14633
1.04318
0.941978
0.958025
1.01692
0.97258
0.984593
0.883536
1.04791
0.954192
1.01394
1.19118
0.792912
0.856207
1.00135
1.07874
0.903444
0.981638
0.963458
1.09163
0.862599
0.976201
1.0145
0.981279
0.954574
1.03324
0.957107
0.729579
1.24522
0.958919
1.00796
0.860144
1.11752
0.884666
1.08232
0.976423
0.9922
0.800575
1.17295
1.00867
0.959476
0.986232
1.00135
0.965546
1.00602
0.974164
1.01758
0.996386
0.927461
0.973063
1.00383
1.04626
0.917378
0.954843
0.996752
1.02049
0.953065
1.03625
0.913749
1.03432
0.940859
1.01803
0.929033
0.992894
0.987712
0.930762
1.01568
0.787103
1.16555
1.01279
0.993472
1.02487
0.984149
0.994786
0.972605
1.00706
0.973493
1.19902
0.782859
0.954662
1.02074
1.06318
0.905033
0.994751
0.940646
1.00902
0.951423
0.945753
0.978997
1.07316
0.906628
0.795786
1.15175
1.02298
0.954646
0.865495
1.06698
0.928013
1.05333
0.895881
1.06995
1.0148
0.971641
1.01256
0.950748
1.00648
0.996145
1.07525
0.91611
1.01413
0.896295
0.920107
1.01544
0.873916
1.0629
1.04631
0.932099
0.989573
0.982993
1.08082
0.924338
0.990139
0.992924
0.998558
0.977671
1.08786
0.899908
0.788658
1.14927
0.867807
1.08312
1.09157
0.853575
1.00042
0.997561
1.00296
0.9433
1.02928
0.952637
1.13594
0.815478
0.993578
1.00015
0.873078
1.12151
1.03659
0.924398
0.932095
1.02816
1.25238
0.733942
0.945363
1.04034
0.950361
1.01444
1.00583
0.960394
1.03054
0.898158
0.888547
1.07213
0.774897
1.17661
0.880392
1.09346
0.788432
1.19993
0.89679
1.07162
0.888675
1.0708
1.0079
0.972725
1.02372
0.906067
1.00187
0.969185
0.926768
1.02112
0.97796
0.907889
0.977448
1.01355
0.930021
1.03917
0.957622
0.995732
1.06214
0.919284
0.781035
1.21202
0.981607
0.997093
1.19123
0.759098
0.929122
1.04866
0.966933
0.96716
1.01775
0.962052
0.723788
1.22439
1.00713
0.955935
1.0972
0.879726
0.98019
0.969561
1.02581
0.961048
1.08426
0.863439
0.936883
0.984068
1.05328
0.934406
0.928973
1.07165
0.967549
1.01927
0.882437
1.09482
1.04845
0.901651
0.948109
1.03564
0.90946
1.04546
1.1109
0.841442
0.98004
1.00204
1.02637
0.949102
0.976359
0.997707
0.680308
1.23118
0.972198
0.973019
0.906943
1.08494
1.18999
0.740676
1.01264
0.949143
1.0979
0.881196
1.02206
0.929043
0.944877
1.04585
0.985689
1.00692
0.897247
1.08898
1.03367
0.93771
1.01637
0.952787
0.990822
1.00005
0.879883
1.11993
0.965313
0.987419
1.15764
0.811539
1.00797
0.991726
1.01287
0.976493
1.03056
0.949033
0.985418
0.990437
1.08014
0.898126
1.2953
0.654744
0.882998
1.08417
0.977538
0.972955
0.792172
1.15897
0.922349
1.02856
1.0059
0.959924
1.00859
0.98207
0.69556
1.23944
0.953039
1.00899
0.999755
0.979518
0.969156
1.00535
1.0027
0.976408
0.827416
1.15132
1.00649
0.952269
0.962812
1.00238
1.01895
0.956295
1.04091
0.902338
0.96785
0.971764
1.00986
0.98845
0.989783
0.985223
1.01224
0.905417
0.994463
0.996192
0.838278
1.16634
1.00799
0.968534
1.01667
0.975709
1.19473
0.790443
0.965693
1.02256
1.02337
0.933432
0.980599
1.00054
0.900933
1.04671
0.901427
1.0581
0.78525
1.17417
1.05782
0.923733
1.00425
0.975128
0.992996
0.994192
0.979866
0.998979
1.04423
0.943386
0.955966
0.917385
0.930141
1.03234
1.09923
0.873773
0.956464
1.01104
1.05945
0.921637
1.14227
0.823455
0.944429
1.04931
1.02241
0.968575
0.979201
0.982089
0.971531
1.01636
0.971806
0.987648
1.00747
0.993635
0.977378
1.00161
1.09613
0.910819
1.01095
0.974127
1.06348
0.902717
1.00139
0.967558
0.916079
1.07094
0.959547
1.01448
0.897826
1.08902
0.941275
1.01643
0.977893
1.00288
0.769658
1.17231
0.950227
1.01111
0.78471
1.16204
1.03509
0.921475
1.02141
0.928263
0.904902
1.06742
0.978987
0.994192
1.02552
0.925624
0.978637
0.959062
1.14069
0.846407
0.82558
1.12756
0.960926
1.02335
0.966575
0.98332
0.953964
1.01721
1.02226
0.95256
0.911531
1.01465
0.785333
1.19337
1.08722
0.882765
0.973055
1.00987
0.971746
1.01511
0.519265
1.45939
1.01305
0.923473
1.00237
0.944957
1.11269
0.851188
0.993385
0.964525
0.993056
0.973435
1.00357
0.961047
1.01473
0.934553
1.07955
0.897156
1.08697
0.885464
0.82139
1.1605
0.992755
0.989027
0.965182
1.01206
1.03159
0.926904
0.732618
1.22546
1.12421
0.87175
0.945583
0.986468
1.0205
0.939164
0.905359
1.07607
0.981327
0.987206
0.982859
1.01532
0.93997
1.04902
1.04481
0.933542
1.01855
0.969476
1.17061
0.808602
0.885827
1.06768
1.02003
0.959422
0.894569
1.073
1.03243
0.952861
0.957118
1.00726
0.936256
1.01355
0.970037
1.02557
1.02705
0.941647
0.967181
1.00419
0.982239
0.989915
1.11775
0.863594
0.951102
0.967806
1.03467
0.9487
0.983015
0.984023
0.944529
1.028
1.01021
0.97367
0.787317
1.17086
0.604424
1.39183
0.95668
0.993408
0.975568
0.985287
0.939555
1.01638
0.940553
1.04873
1.006
0.964308
0.977029
1.00903
0.978916
0.996764
0.993422
0.953677
0.990417
0.956066
1.00088
0.966472
0.963504
0.983341
0.99238
0.991833
1.04504
0.933801
0.943346
1.00948
0.974683
0.995046
1.02545
0.942218
0.977242
1.0128
0.914791
1.06802
0.884277
1.11202
1.06846
0.891618
1.25097
0.759541
0.818066
1.09033
0.934867
0.974831
0.98295
0.959662
0.800424
1.14025
1.03551
0.910644
1.42922
0.57767
0.993082
0.962512
1.14606
0.817041
1.30009
0.702464
0.794848
1.07396
1.01718
0.980913
0.990526
0.984427
0.834459
1.11066
1.00327
0.94667
0.988193
1.00421
0.94933
1.00972
0.984576
0.976346
0.999793
0.975877
0.989026
0.970478
0.699217
1.28826
1.26027
0.709702
0.923885
1.07978
1.03541
0.749651
0.952605
1.01221
1.28181
0.669577
1.0254
0.930764
1.00267
0.949569
0.891829
1.08291
1.09186
0.845015
0.902881
1.04652
1.03411
0.937472
1.05866
0.889247
0.927128
1.0658
0.978736
0.981679
0.968119
1.01865
0.984943
1.00087
1.20849
0.724791
1.04978
0.932718
0.977626
1.02141
1.04669
0.941811
1.01212
0.959068
1.12706
0.729473
0.965783
1.01168
1.12662
0.842689
0.996174
0.998697
0.899231
1.07367
1.08086
0.873074
0.970296
0.995559
0.896659
1.08021
0.987373
1.00085
0.988871
0.978076
0.807924
1.19354
0.909258
1.06331
0.627702
1.335
1.00642
0.985725
0.920813
1.05595
1.00169
0.960023
0.905205
1.04531
0.969449
0.982989
1.01112
0.977481
1.07993
0.896178
1.01861
0.984511
1.00599
0.979083
0.996106
0.970217
0.851697
1.10429
1.23913
0.735688
0.834216
1.15496
1.19808
0.753507
1.17387
0.779786
0.770035
1.1813
1.02317
0.949405
0.985164
0.986547
0.774836
1.0345
1.18083
0.725316
0.770182
1.20782
1.15044
0.822343
1.06601
0.942454
1.01822
0.955323
1.03655
0.944412
1.16217
0.848886
0.984651
0.984546
0.983489
0.992884
0.97345
0.952405
0.970876
1.01529
0.916846
1.05916
1.06462
0.937829
0.949586
0.999965
0.956719
0.987075
1.31598
0.638136
1.02553
0.959415
0.986748
0.98576
1.03905
0.912131
0.357733
0.959889
1.01635
0.953173
0.994899
0.975554
1.00997
0.949861
0.942115
1.00596
1.02489
0.9552
0.981416
0.983413
0.796224
1.16982
0.896456
1.0397
0.984939
0.992542
1.07665
0.871792
0.952345
0.983171
1.06826
0.852788
0.984298
0.997297
1.04902
0.928643
1.00054
0.933416
0.940113
1.02914
1.00007
0.960862
1.05766
0.95412
0.971977
0.998641
1.00464
0.968486
1.03833
0.974956
0.934263
1.05328
0.935304
0.998272
0.964829
0.995351
1.13189
0.85834
0.98827
0.702303
1.0533
0.917831
1.1076
0.860772
0.89272
1.07375
0.986903
0.959279
0.988682
0.978562
0.640375
1.32048
1.3281
0.635163
1.12275
0.846589
1.03099
0.943914
0.989221
0.978733
1.00553
0.962459
0.93373
1.02606
0.976065
0.971126
1.10347
0.87742
1.07029
0.76819
1.04251
0.944386
1.00295
0.971764
0.960456
1.0276
1.00674
0.928131
0.939557
1.01949
0.995624
1.00778
1.0509
0.901146
0.988107
1.01574
0.950607
0.963277
0.923318
1.07372
1.03246
0.940849
1.01049
0.958001
1.04065
0.932857
1.00395
0.96148
0.958784
1.01907
0.985652
0.927519
1.03434
0.9161
1.0106
0.997218
0.976101
1.0008
1.00378
0.967093
0.824832
1.15358
0.993663
0.98723
0.990981
0.994608
1.2636
0.717833
0.97448
0.990639
0.961763
0.994424
0.990062
0.993231
1.33137
0.61192
0.953709
1.02136
0.816287
1.12716
0.740639
1.2071
0.8903
1.07818
0.887582
1.04533
0.998305
0.913957
1.03102
0.950868
1.02272
0.978488
0.969272
0.998941
1.05826
0.929465
0.985551
0.982734
1.00429
0.90248
1.02046
0.981027
0.96189
1.0412
1.11104
0.874877
0.926802
1.00323
0.957488
1.0199
0.993879
0.974889
0.990623
1.00358
1.05807
0.882713
0.968103
1.00958
1.03119
0.921878
0.933512
1.03039
1.0145
0.979278
1.03782
0.909509
1.00648
0.975089
1.01906
0.978235
0.983179
1.00194
0.983449
0.991282
0.875989
1.08801
1.04855
0.922511
1.03963
0.941653
0.995075
0.986477
0.822499
1.09465
1.20414
0.748666
1.04608
0.939258
0.771696
1.18002
1.02407
0.936002
0.946037
1.01271
1.00074
0.969997
0.896767
1.05
0.923171
1.02139
1.08052
0.906324
0.871369
1.09277
0.934652
1.01935
0.95682
1.00542
1.10274
0.887027
1.06569
0.919333
0.959801
1.04443
1.10744
0.894098
0.963877
0.980217
0.959497
1.00519
0.971956
0.993604
0.955894
0.984662
1.01462
0.943541
0.941222
0.959818
1.10963
0.884181
1.24428
0.742613
0.946178
1.04851
1.1978
0.759816
1.22093
0.755325
0.84667
1.14753
1.00164
0.965141
0.974192
1.01511
0.99795
0.978236
1.00122
0.95886
0.996542
0.983749
0.974811
1.02799
1.00738
0.960289
0.954962
0.989455
0.962902
1.01202
0.9363
1.06042
0.990701
1.00384
1.18422
0.813457
0.986316
1.01397
0.976323
0.991998
0.911393
1.05372
0.967839
1.03496
1.04128
0.939731
0.932576
1.00757
1.04034
0.948327
0.67755
1.26379
0.971322
0.946206
0.903386
1.03737
0.989159
0.991983
1.03269
0.938838
1.18849
0.737071
1.06562
0.916704
0.950891
0.995723
1.01758
0.954365
0.915946
1.06123
1.06128
0.86383
1.1019
0.878498
0.889812
1.0789
1.22799
0.71904
1.1446
0.817579
0.971165
1.0337
0.894399
1.06082
1.00106
0.984614
0.996741
1.00814
0.907902
1.06078
0.99448
0.976156
0.861704
1.10459
0.967365
1.02338
0.977644
0.865708
0.991791
0.962747
0.970098
0.984323
1.03683
0.945543
1.04827
0.9419
1.00799
0.97533
0.95815
1.03602
0.979011
1.0182
0.82209
1.14421
0.955299
0.989259
0.945365
1.02813
1.01689
0.929554
0.979409
0.998927
1.02988
0.968094
1.24472
0.747902
0.991764
0.988156
0.989912
0.987433
0.825395
1.13147
0.661966
1.30931
0.707088
1.2425
1.01857
0.8795
0.865866
1.10388
0.957956
1.02876
0.902505
1.05633
1.04888
0.881681
1.05347
0.944784
0.962288
1.03114
1.01028
0.95111
0.92017
1.02561
0.961673
1.00582
1.02417
0.954603
0.963053
0.989102
1.00214
0.983178
1.04794
0.882838
1.03326
0.937246
1.02812
0.941267
0.98415
0.987592
1.11877
0.860495
1.01609
1.00687
0.970702
1.02187
1.01307
0.982683
0.855598
1.11395
0.973882
1.01103
0.998082
0.99469
0.931189
1.00702
1.20521
0.753737
0.915163
1.02567
1.04
0.924429
0.970496
1.02586
0.961356
1.00935
1.00175
0.872883
1.08584
0.871719
0.732313
1.26974
0.885708
1.09283
1.01211
0.95681
0.921377
1.05772
1.05522
0.938505
0.721117
1.26812
0.883159
1.11443
1.0384
0.936952
0.956173
1.00962
1.06698
0.901468
0.974523
0.981815
0.969349
1.02238
0.94353
1.0266
0.920599
1.05016
0.962201
1.02394
0.881664
1.07226
1.18512
0.737047
1.04805
0.922457
1.00543
1.00015
1.01081
0.946707
0.913774
1.04007
0.883359
1.10195
0.978692
1.00536
0.96047
0.997764
1.10733
0.877846
0.967935
0.977387
1.01577
0.959431
0.959582
1.03275
1.07524
0.90531
0.943006
1.02174
0.99079
0.965833
0.93636
1.01387
1.01466
0.97782
1.00369
0.986701
0.980889
0.974293
0.963017
1.02849
0.984454
1.00655
0.711411
1.2534
1.04075
0.933697
1.07306
0.91668
0.935448
1.0418
0.967791
1.02983
1.00357
0.959767
0.978748
0.99086
1.00187
0.989567
1.06943
0.912542
1.04272
0.929675
0.937428
1.0338
0.970289
0.992402
0.61474
1.37469
1.20135
0.766783
0.882065
1.09583
1.00295
0.993168
0.954383
1.0052
0.984171
0.99367
0.999312
0.9931
0.928303
1.04419
0.953878
1.01758
0.895655
1.05226
1.19021
0.78282
0.913426
1.04207
1.00223
0.971987
0.929398
1.06225
0.973779
0.988701
1.01514
0.956399
1.04562
0.936009
0.9865
0.99836
0.95397
1.00577
1.13001
0.847244
0.865953
1.08757
1.2665
0.693624
0.920545
1.03411
0.938342
0.998567
1.06234
0.869779
1.00796
0.965969
0.95145
1.0205
1.00797
0.960998
1.08844
0.92871
0.968609
0.99033
1.05462
0.94002
0.981904
0.996782
0.996847
0.978162
1.00109
0.939038
1.03804
0.961221
1.07282
0.853089
1.00145
0.963703
0.98238
1.02249
1.0274
0.948343
0.870143
1.0923
1.01789
0.982845
1.00256
0.94226
1.07738
0.903854
0.980784
0.98213
0.953637
1.04278
1.0419
0.965088
1.00357
1.01802
1.02437
0.98261
0.710098
1.22034
0.970546
1.01563
0.973888
0.994449
1.00945
0.914866
1.10752
0.896503
0.793863
1.14943
0.999309
0.965584
1.01571
0.959073
1.02927
0.968484
0.981979
0.956951
1.01262
0.967977
0.988955
0.930653
0.976731
0.990332
0.957092
0.989598
0.99409
0.944645
1.01707
0.988779
0.87382
1.07141
0.93572
1.06788
0.996672
0.999974
1.07784
0.87277
1.00731
0.99376
1.17706
0.750318
0.980751
0.965909
0.946971
1.06221
0.904498
1.07093
0.941081
1.04489
0.930111
1.07528
0.849305
1.12311
1.06826
0.910368
1.0044
1.01264
1.0218
0.925494
1.00421
0.976059
0.973507
1.00621
0.985966
0.991961
1.01833
0.970384
0.893133
1.08596
0.961656
1.00833
1.03115
0.949828
0.986181
1.01438
1.00513
0.969746
1.04069
0.962512
0.820306
1.14471
0.907068
1.05171
0.949239
0.994567
0.942272
1.02658
0.944355
1.03565
0.995933
0.986263
1.03934
0.943823
1.00906
0.982082
1.01197
0.953607
0.97586
0.984706
0.998595
0.94214
0.744834
1.20793
1.01719
0.977737
1.16352
0.803069
1.09361
0.891159
1.04773
0.901309
0.924665
0.974994
0.942524
1.03551
1.07556
0.886818
1.03941
0.927372
0.883931
1.08883
0.97303
0.975675
0.878361
1.07697
0.963822
1.00962
0.964513
0.996088
0.900036
1.00901
0.976992
0.991863
1.00321
0.954981
0.956406
1.02589
0.992514
0.95677
0.966089
1.01171
1.02509
0.957824
0.883979
1.07435
0.972521
0.970699
0.951647
1.01913
0.956827
1.03563
1.14175
0.823134
0.991056
0.955453
0.994091
0.97264
0.957043
1.01346
0.958558
1.04583
1.0367
0.942131
0.980217
0.985003
1.01581
0.961952
0.86326
1.0896
0.880705
1.11643
0.929527
1.04567
0.956558
0.975774
0.92731
1.05161
1.0296
0.956933
0.887193
1.05993
0.969131
1.00511
0.941678
1.03907
1.12349
0.875705
0.908842
1.03802
0.913253
1.05335
1.04191
0.95139
1.01204
0.959114
0.978298
0.986129
0.953951
1.01917
1.14351
0.734849
1.13498
0.807614
0.961201
1.02245
1.05915
0.918309
0.990013
1.00441
1.02281
0.961361
1.02307
0.943845
0.888501
1.10139
0.940839
1.02534
0.910087
1.05827
1.02555
0.960525
0.983219
0.992826
1.07916
0.904438
0.977876
0.996494
0.998041
0.939674
0.97067
0.980836
1.01555
0.97289
0.928653
1.05349
0.992613
0.982838
1.10742
0.825372
0.963265
1.00899
1.00976
0.951649
0.957578
1.02945
0.933269
1.01481
0.99442
0.949368
1.02887
0.943738
0.999112
0.98402
1.00369
0.955155
0.906466
1.05209
0.990892
0.990223
0.99372
1.00366
1.04231
0.946978
1.02295
0.960491
0.704331
1.25487
1.00954
0.977192
1.23327
0.735725
0.961759
0.999059
1.00737
0.978213
1.02231
0.980522
0.998407
0.990354
0.921074
1.04973
0.988416
0.972301
1.10694
0.866621
0.987312
0.986768
0.934487
1.03619
0.990255
0.9306
0.975655
0.981665
0.980163
0.980448
1.03185
0.914005
0.964751
1.00556
0.922763
1.06552
0.881881
1.09037
1.00485
0.9942
0.981522
0.974233
0.919372
1.02425
0.831446
1.14252
0.896088
0.994978
0.93775
1.0138
0.966396
0.981038
0.928807
1.03517
0.98337
0.938891
1.00004
0.964933
0.983783
0.988059
0.970663
1.02776
0.973944
0.988263
1.01638
0.977715
0.928104
1.03586
0.927716
1.04247
1.01015
1.00291
0.983779
1.01915
0.928617
1.03543
0.906445
1.0627
0.956846
1.03683
1.01099
0.942595
1.03712
0.944868
0.981827
0.977505
1.02705
0.943547
0.871119
1.07753
1.03793
0.942144
0.915954
1.07337
0.978141
0.999518
0.9582
0.979375
1.00701
0.96584
1.05349
0.921319
1.00006
0.9909
0.911978
1.07661
0.983261
0.96552
0.881535
1.1246
0.976539
0.95456
0.943136
1.01252
0.922088
1.07046
0.976812
1.00001
0.9441
1.03612
0.959114
1.00807
0.975984
0.977111
0.982949
0.987612
1.01483
0.978647
0.980494
0.989721
1.35156
0.604277
1.06941
0.884437
0.980907
0.99804
0.966523
1.00149
1.20608
0.784527
0.963958
1.00309
0.950173
1.02235
0.958266
0.991795
1.02567
0.947239
1.06184
0.900468
0.983949
0.973438
1.02409
0.957995
1.00781
0.982823
1.00472
0.971444
0.974336
0.977987
1.00479
0.993269
1.05933
0.925583
1.00664
0.881527
1.29202
0.647856
0.743343
1.24603
0.955478
1.04948
0.884618
1.0717
1.02907
0.951456
1.21722
0.785606
0.782771
1.18673
0.955706
1.01433
0.958411
1.03064
1.30451
0.675824
0.992324
0.971928
1.07056
0.937627
0.998965
0.995873
1.00138
0.986688
1.00072
0.996764
1.50143
0.477203
0.974218
0.998714
1.31372
0.634263
0.996285
0.964943
0.810799
1.14251
1.05213
0.931324
1.13746
0.843811
0.949507
0.992651
1.09413
0.88598
0.948802
0.993586
0.864486
1.07949
0.998043
0.989485
0.96508
0.993645
0.984994
1.00154
0.933786
0.994574
0.997938
0.975769
0.874524
1.08803
1.01457
0.956
0.881343
1.11036
0.942755
1.0178
0.974629
1.0192
0.929072
1.03854
0.982212
0.996009
1.13342
0.851452
1.11396
0.853299
0.97386
1.02198
0.946378
1.03381
1.01443
0.938006
1.25702
0.696698
1.08653
0.91128
0.991305
0.991129
1.0026
0.984226
0.892135
1.07526
1.00259
0.960362
1.01281
0.931435
0.996582
0.959906
0.97818
1.00223
0.932825
1.04584
0.943789
1.02901
1.03044
0.896434
1.1506
0.829182
1.02164
0.954579
1.03814
0.943227
1.00183
0.94856
0.924604
1.05132
0.840339
1.11025
0.865647
1.0748
0.882124
1.06894
0.999655
0.996253
1.2235
0.763086
0.902803
1.04691
1.07405
0.870541
0.986704
0.946266
1.01223
0.973436
1.08671
0.881768
1.0419
0.923857
1.06765
0.878613
1.04878
0.906442
1.01885
0.968566
1.27981
0.68882
0.938227
1.04287
1.0308
0.961623
1.03735
0.938685
0.960972
0.994048
0.906476
1.06001
0.966665
1.01857
0.924876
1.0653
0.88246
1.0745
1.03639
0.945784
0.947471
1.03248
0.960593
1.0087
1.01833
0.967515
1.00885
0.966453
0.956845
1.03364
0.942712
1.00396
0.996292
0.995143
0.945753
1.04088
0.922227
1.03182
0.986196
0.992351
1.33422
0.603074
0.95982
0.96849
1.02195
0.943117
1.03278
0.949737
0.778646
1.198
1.1599
0.826804
0.989829
0.996072
1.00011
0.949867
1.10888
0.870389
0.957881
1.00161
1.09954
0.852043
0.935873
1.00529
1.09667
0.891186
0.920974
1.05038
1.04463
0.934794
1.06353
0.832781
1.01575
0.935474
0.946914
1.02431
0.99773
0.960402
1.15914
0.792938
1.02484
0.943893
0.992813
0.933607
1.05726
0.871726
1.22388
0.725585
0.993555
0.949481
1.03555
0.937397
0.926714
1.08203
1.17859
0.785733
1.40946
0.565409
0.868593
1.09118
1.03022
0.968519
0.956662
1.02624
1.03353
0.930623
0.932863
1.0353
0.993668
0.955351
0.987572
0.964279
1.0382
0.959232
0.945253
0.993067
0.8467
1.12483
0.962757
1.00806
0.976966
1.00151
0.951431
1.01574
1.00795
0.975585
1.01499
0.978273
1.10478
0.883703
0.999862
0.9769
1.01973
0.938474
0.994564
1.00225
0.992083
0.978802
0.983429
0.984545
1.07017
0.893846
0.971401
0.981237
1.10797
0.848432
0.963699
1.04597
1.16833
0.797237
1.10011
0.847829
0.83754
1.1077
1.0916
0.880524
1.03154
0.943196
0.949696
1.03215
0.969519
0.992562
1.23112
0.749765
0.98784
0.995765
1.32127
0.67572
0.897967
1.08192
0.978477
0.9614
1.02768
0.92473
1.00177
1.00111
0.986421
1.00817
0.999384
0.974614
1.02553
0.966171
0.934891
1.01167
0.945396
1.01887
1.00253
0.967759
0.956566
1.00887
0.88181
1.05254
0.997249
0.990946
1.00313
0.982086
0.935897
1.01784
1.01624
0.980504
0.982446
0.992888
1.00111
0.966388
0.974811
1.02191
0.896888
1.08122
0.978933
0.96928
1.09151
0.850678
1.06754
0.925492
1.01559
0.958926
0.979071
0.984079
1.06857
0.880851
0.992439
0.98985
0.993517
0.949246
0.893171
1.08813
1.087
0.882364
1.00983
0.964872
0.573503
1.40478
1.01451
0.96641
0.842916
1.1404
1.00445
1.00034
0.729519
1.2097
0.984852
0.999265
1.00561
0.948955
0.97776
0.99346
1.01436
0.998083
0.934096
1.03432
0.835507
1.15474
0.996777
0.972312
0.875629
1.07862
1.0913
0.893608
1.013
0.946878
1.00018
0.945456
1.15577
0.801945
0.92769
1.01929
0.967648
1.01246
0.902055
1.01904
1.00045
0.980629
0.864819
1.11383
0.981752
1.00944
0.951195
0.975475
0.909769
1.05828
1.11506
0.808832
0.986519
1.01655
0.803847
1.19972
1.00223
0.97062
0.93586
1.02857
0.956984
1.02727
0.950989
0.996999
0.972832
0.98747
1.03722
0.921378
0.925414
1.0297
1.01018
0.95911
1.17213
0.839716
0.861049
1.12488
1.25277
0.702319
0.999632
0.979003
0.998892
0.991323
0.88994
1.04061
1.0685
0.889756
1.00017
0.966257
1.01227
0.961676
0.991921
1.00748
0.967513
1.01688
1.09857
0.867957
1.03062
0.950952
1.37265
0.595185
1.13803
0.839163
0.890538
1.08043
1.07429
0.871309
0.970276
0.981322
1.2706
0.706741
1.17079
0.816265
1.02246
0.948274
0.982775
0.985513
0.957579
1.02142
1.09421
0.881561
0.763477
1.16774
1.08762
0.863334
1.03614
0.934437
0.929999
1.0314
1.2202
0.765568
0.950529
1.02705
1.10013
0.800632
0.994175
0.985585
1.00478
1.00586
0.981753
1.00797
1.30355
0.678474
0.965816
1.00144
0.980748
1.0071
0.954786
1.01384
1.01927
0.945604
1.03678
0.92369
0.913008
1.02134
1.0109
0.976516
1.02043
0.950239
0.958396
0.989501
0.958993
0.977668
0.96128
1.01234
1.01942
0.948397
0.966549
1.01301
0.947517
0.999588
1.18883
0.759898
0.922742
1.06419
0.89448
1.05142
1.00916
0.971804
1.02209
0.972744
0.927249
1.06447
0.888322
1.05692
0.999569
0.989601
1.1446
0.779118
1.0117
0.976353
0.981491
1.00627
1.00062
0.98475
0.988899
0.997687
0.803223
1.18915
0.868373
1.07993
0.868407
1.05133
0.907116
1.08561
1.02154
0.954317
0.950142
1.02776
1.05096
0.931488
1.14596
0.835155
0.942371
1.02846
1.08594
0.890974
0.956541
1.01808
0.906783
1.0688
0.995522
0.984671
0.921294
1.0283
0.984193
0.97476
0.991243
0.974164
1.21125
0.754053
0.994305
1.00043
1.03265
0.929002
0.887848
1.05247
1.25153
0.717164
0.95724
1.02342
0.978981
1.03233
1.131
0.817763
0.992524
1.00131
1.01004
0.994075
0.958607
1.02395
1.00707
0.98619
1.02039
0.991111
1.00475
0.963259
1.02779
0.984785
1.08632
0.886241
1.00761
0.939092
0.962866
0.94647
1.02623
0.948914
1.00814
0.951927
0.984651
0.986031
0.984417
0.986815
0.964786
1.03664
0.985928
1.00194
0.928168
1.04989
1.03008
0.971418
1.0284
0.990354
0.99496
0.916564
1.01166
1.00143
1.06064
0.904116
1.10614
0.888442
1.07535
0.866047
0.945206
1.02653
1.07738
0.870187
0.967715
0.954974
0.999805
0.991356
1.15417
0.810806
0.969092
1.01006
0.884789
1.07616
0.979626
0.952946
0.835714
1.11746
0.993578
0.991192
1.21619
0.762037
1.00651
0.987139
0.915711
1.04251
1.0061
0.948369
0.935125
1.02725
1.26611
0.675602
1.0527
0.941432
0.951261
1.0236
0.963636
1.01625
0.956475
1.02844
1.08469
0.870925
0.998151
0.959025
0.984545
1.01467
0.992727
0.971643
1.0289
0.927354
1.25173
0.726904
0.833008
1.14145
0.920614
1.03794
1.02589
0.960302
0.822946
1.1498
0.97396
0.987721
0.786322
1.19434
0.958262
1.04561
0.993144
1.01128
0.978233
0.97023
1.0438
0.94223
0.946034
1.0359
0.920167
1.02181
0.94901
1.03462
0.866702
1.0808
0.953411
1.0552
0.944698
0.981455
0.756051
1.19877
1.02944
0.95218
0.933489
0.950563
0.915705
1.05749
1.02429
0.933763
0.968623
0.983984
1.01241
0.988521
1.30611
0.650457
0.947895
1.0144
0.975746
1.0212
0.959539
0.993211
1.14387
0.817675
0.971318
1.01001
1.11412
0.888035
0.977239
1.00453
0.968538
1.00218
0.933599
1.03118
1.00924
0.973673
1.04937
0.951453
1.09399
0.885495
0.897873
1.0154
1.05148
0.936355
0.773043
1.18284
0.838307
0.985553
0.990709
0.983048
0.965243
0.991933
0.910847
1.03348
1.06074
0.929794
1.01519
0.950713
1.19881
0.751197
1.04647
0.949611
1.04466
0.918864
0.936597
1.02302
1.02469
0.856312
0.937318
1.02804
0.909075
1.07559
1.2088
0.728214
0.994669
0.975616
1.08623
0.87393
1.10058
0.922344
0.93442
1.03598
0.9595
1.01571
0.964862
1.0549
1.05049
0.919998
0.984052
0.994937
1.14771
0.799811
0.972066
1.03925
1.06471
0.91065
1.05971
0.905753
1.07676
0.887096
1.04821
0.947875
0.906651
1.06677
1.00583
0.931626
0.945989
0.985213
0.97856
0.957781
0.989276
1.01227
0.724765
1.22526
0.982451
0.976276
0.962267
1.02287
1.04515
0.926927
0.829754
1.12999
0.972429
0.960659
1.0461
0.939978
0.900325
1.08425
0.980934
0.924673
1.02686
0.943943
0.932206
1.06185
1.05546
0.84953
0.756461
1.20617
0.940939
1.02867
1.17867
0.798064
0.913099
1.05603
0.943557
1.03118
0.980622
0.997068
1.00959
0.982474
0.977996
1.01167
1.08093
0.906146
0.991477
0.962943
0.989014
0.992303
0.956857
0.998794
0.850352
1.13162
0.964303
1.02971
0.971367
1.03102
1.02737
0.924103
0.920873
1.06525
1.24028
0.713768
0.953713
1.01756
0.978716
0.979933
0.994822
0.985601
0.94554
1.05006
0.946815
0.962156
0.993649
0.979928
1.01311
0.962103
1.04583
0.965786
0.975758
1.00409
0.786999
1.21377
1.00224
0.829606
1.09717
0.87857
0.997786
0.943191
0.811954
1.15925
1.29527
0.673759
0.99448
0.944963
0.654168
1.29774
0.930109
1.05015
0.99912
0.993671
1.00716
0.953017
0.765989
1.2049
1.1901
0.77569
0.96207
0.993193
1.03132
0.967564
0.90103
1.09968
0.980432
1.004
0.850455
1.06024
0.86481
1.07174
0.994082
0.982852
1.01523
0.961281
1.02724
1.00029
1.05769
0.931353
1.11173
0.842453
0.936607
1.03605
0.869792
1.09283
1.00993
0.925849
0.832513
1.1265
1.16158
0.827901
0.969078
0.999665
0.903468
0.97235
0.947322
1.00695
0.902591
1.10159
1.1595
0.774325
0.566076
1.36094
0.898899
1.08618
0.953765
1.01338
0.99881
0.991468
1.01051
0.9744
0.998453
0.99246
0.984508
1.00998
0.88711
1.07856
0.965843
0.988008
0.972876
0.978552
0.99261
1.00198
1.00528
0.969134
0.997193
0.964695
0.952168
1.02902
1.08406
0.907908
0.958272
0.992834
0.890541
1.03561
0.983503
0.974481
1.23489
0.739168
0.828043
1.14706
0.967457
1.01082
0.987076
0.983424
1.26561
0.62253
0.981718
0.990861
1.09928
0.865044
1.02976
0.952147
0.99105
0.957142
0.903811
1.0386
1.00861
0.96773
1.07209
0.762896
1.02428
0.960141
0.878364
1.10037
1.16861
0.797362
1.04511
0.922112
1.27294
0.695242
0.976987
1.0108
1.02857
0.933894
0.892109
1.07643
0.984546
0.967627
0.917085
1.05124
0.993605
0.976048
1.02783
0.968099
1.02184
0.893547
0.852092
1.12292
0.889952
1.09989
0.997592
0.946619
1.0595
0.903167
0.935517
1.04516
0.908601
1.06486
