0.937127
1.04086
0.925183
1.05699
0.701015
1.30044
0.924208
1.06344
0.861571
1.10119
0.761672
1.19156
0.976451
1.01744
1.02173
0.955462
0.979293
0.978799
0.950346
0.97092
1.1223
0.815921
1.04191
0.926767
0.742346
1.20429
0.93424
1.05172
0.97318
0.992722
0.79728
1.188
1.04249
0.920062
0.979241
1.0113
1.00856
0.992019
1.04109
0.940935
0.8923
1.06874
0.888187
1.05288
0.921919
1.04762
0.971882
1.00575
1.00444
0.974787
1.01918
0.945436
0.946735
1.0094
1.03041
0.972759
0.915468
1.07586
0.913902
1.03738
1.01764
0.945294
1.02827
0.908445
0.695081
1.28469
0.893574
1.10503
1.01074
0.967841
1.05184
0.936221
1.01007
0.935168
1.09956
0.914012
1.00773
0.954826
0.946718
1.01036
0.959687
1.01223
1.02677
0.946804
0.946274
0.97983
0.970642
1.01585
0.998313
0.990259
1.10509
0.84392
0.940209
1.0304
1.00233
0.985998
0.954602
1.02146
1.00321
0.97918
1.03516
0.946028
1.02789
0.977528
1.17491
0.792989
0.981469
0.993199
1.13613
0.853483
1.04226
0.971382
1.05351
0.936832
0.970793
1.0238
1.06189
0.889747
1.3826
0.553399
1.10469
0.845215
0.943639
1.03413
1.00325
0.997864
0.974895
1.00796
1.02594
0.934711
1.04984
0.909991
1.04581
0.938667
1.00591
0.938905
0.993765
0.975475
0.691083
1.28214
0.785405
1.21728
1.00341
1.00524
0.981905
0.989856
0.796431
1.20794
1.03314
0.958427
0.899144
1.09983
1.02507
0.954934
0.894622
1.0589
1.03383
0.933588
1.05208
0.926961
0.950128
1.04145
1.00284
0.925113
0.731191
1.24329
1.0386
0.937739
0.997412
0.991267
0.882627
1.0822
1.24282
0.730875
0.807353
1.1978
0.806497
1.18292
0.980602
0.983461
1.00693
0.960246
0.761599
1.21644
0.991911
1.00037
1.10597
0.869548
1.68964
0.27797
0.958242
1.01249
1.09226
0.862487
1.0571
0.923611
0.987074
0.968471
1.03002
0.954239
0.912767
1.04517
1.13819
0.830703
0.93464
1.08045
0.881372
1.08042
0.864818
1.08535
0.858001
1.11642
1.01955
0.962965
0.919563
1.07308
0.87186
1.1032
0.832242
1.14296
1.15475
0.809923
0.938092
1.02502
0.97165
1.00124
1.02091
0.934283
0.986159
0.94438
0.862541
1.10406
1.12937
0.860637
1.04815
0.905822
0.943207
1.02155
0.966005
1.02367
1.03942
0.9374
0.98656
0.993191
1.00727
0.960254
1.28066
0.683564
1.02135
0.975643
1.06018
0.904137
0.984288
0.980372
0.817073
1.1486
0.982745
0.987887
0.979884
1.0043
0.988872
0.974918
0.889519
1.08493
1.11445
0.862656
1.00233
0.972271
1.03643
0.946427
1.05352
0.933525
0.881172
1.07323
0.922745
1.05515
0.965016
0.994736
0.791028
1.17361
1.13955
0.817952
0.987267
0.985923
1.0007
0.990293
0.989362
0.992923
1.22847
0.71942
1.00844
0.958575
0.965837
0.997383
0.929525
1.04927
0.966737
1.0095
0.948323
1.0256
1.15765
0.780955
1.05408
0.925605
1.00868
1.01081
1.01167
0.968616
0.902726
1.05371
0.926512
1.05181
1.00491
0.932375
0.96068
1.00497
0.858837
0.9985
1.06271
0.929299
1.04367
0.880686
0.9415
0.995938
0.956462
0.951995
1.12424
0.848691
0.948262
0.998987
1.2452
0.727365
1.2339
0.761341
0.858222
0.976992
0.985938
0.985388
1.03754
0.953065
1.25025
0.719093
0.960247
1.03292
0.915033
1.06265
1.00453
0.958162
0.805862
1.15302
0.962161
1.00152
0.869295
1.1174
0.96464
0.997041
1.20159
0.786403
1.0772
0.87419
0.963109
0.997877
0.918559
1.06995
0.940279
0.989959
1.02362
0.97608
1.30719
0.665404
0.961457
1.00196
0.924154
1.05414
1.02042
0.973662
0.77107
1.20341
0.982127
0.968512
0.847045
1.10031
1.04198
0.945125
1.22621
0.739516
0.97221
0.966794
0.9714
0.99359
1.03038
0.917137
0.919653
0.999659
0.920308
1.06835
1.00095
0.936381
0.878625
1.06159
0.969907
1.00734
1.01482
0.939144
1.05117
0.90074
0.96921
1.02417
1.01042
0.944636
0.951052
1.01261
1.02141
0.958203
0.944991
0.998343
0.965317
1.0028
1.04905
0.927942
1.09667
0.892545
1.01145
0.951392
1.0231
0.954829
0.889776
1.09498
1.05586
0.909125
1.01396
0.959219
0.762793
1.19693
0.95528
1.01422
1.02063
0.959512
1.02865
0.960218
0.940858
1.04692
1.03261
0.975362
0.826094
1.14481
0.842344
1.12952
1.00325
0.92036
1.08482
0.822065
1.10715
0.874229
1.14178
0.826353
1.10007
0.874863
0.938846
1.03665
0.958053
1.0267
0.949251
1.00023
0.987327
0.977041
1.08795
0.89136
1.00718
0.965249
0.931386
1.02134
0.951489
0.971782
1.06038
0.893874
0.942921
1.02981
0.999765
0.888795
1.01591
0.945638
0.982392
1.00114
0.988397
0.991615
0.876055
1.10043
1.03368
0.915114
0.92288
1.03885
0.966817
1.02413
1.00643
0.955865
0.996636
0.958851
1.00199
0.973543
0.843167
1.11809
0.965645
0.996578
1.1506
0.839753
0.97815
0.98609
0.973346
1.0091
0.890225
1.08522
1.0086
0.953717
0.917433
1.07132
0.956103
0.983803
1.19829
0.753522
0.708605
1.25391
1.03281
0.927839
1.01396
0.951888
0.862795
1.08416
0.892984
1.07939
0.95088
1.00875
0.94735
0.995672
0.940026
1.0364
1.06922
0.888815
1.05888
0.899816
1.07844
0.913021
0.965526
0.96527
0.985244
0.961167
0.988406
0.993067
1.25844
0.695572
0.744303
1.12565
0.99134
1.00768
0.968299
1.02439
0.968908
1.02333
0.907182
1.06973
1.00797
0.936761
1.37427
0.59115
1.20744
0.785454
1.05407
0.944873
0.73827
1.20571
0.716752
1.26386
1.11352
0.875151
0.976937
0.973377
0.877782
1.09721
1.0125
0.940979
0.962383
1.01119
1.00532
0.955954
0.996128
0.988348
0.912977
1.07205
0.977017
0.998273
0.919567
1.03878
1.01138
0.902432
0.995421
0.96785
0.785993
1.16927
0.847772
1.11202
1.00755
0.941834
0.639731
1.33178
1.19808
0.790789
0.914157
1.04673
0.954541
0.999527
0.697528
1.25993
0.989587
0.987093
0.996416
1.02893
0.964575
1.04664
0.776221
1.20368
0.985448
0.980481
1.07258
0.917668
0.971882
0.988267
0.895219
1.06721
0.969108
1.00934
0.93516
1.01373
1.0562
0.923525
0.752501
1.1672
0.985901
0.984031
0.972986
0.994956
1.17612
0.787653
1.03986
0.969392
0.973063
1.02116
0.781624
1.16595
1.07866
0.906863
0.981052
0.881018
1.3245
0.63711
0.95692
0.985953
1.01303
0.981356
0.797226
1.17434
1.01615
0.956554
1.03711
0.937011
0.97481
0.996658
0.661127
1.32433
0.906653
1.07092
1.04554
0.945842
0.971679
0.984982
0.969929
1.02475
0.873084
1.12983
0.902097
0.865853
0.966745
1.01252
0.995972
0.975613
0.792847
1.18438
0.926686
1.03706
1.0417
0.944451
1.00164
0.948743
1.01479
0.961126
0.984938
0.985433
0.990411
0.990319
0.895295
1.06194
1.0179
0.98813
0.962486
0.978355
0.758437
1.20168
1.22082
0.737653
1.0066
0.976619
0.906291
1.0754
1.06044
0.919406
1.33037
0.672423
1.29334
0.694136
1.00125
1.00106
0.770739
1.20816
0.874706
1.06532
1.00679
0.956131
0.985428
0.99433
0.967663
1.01863
0.962463
1.0204
0.946603
1.04012
1.02057
0.963099
1.0495
0.877673
0.91937
1.03752
0.622387
1.38579
0.891534
1.0694
0.982976
1.00598
1.17539
0.797201
0.914509
1.0695
1.15478
0.793568
1.02398
0.955044
1.00384
0.999316
1.37989
0.610548
0.925726
1.02215
0.988294
0.969337
0.913802
1.04789
1.02774
0.938978
1.24145
0.727047
1.10062
0.821902
1.02662
0.939792
1.10256
0.879557
0.914889
0.996884
0.884566
1.08835
0.846826
1.09873
0.93955
1.02161
0.975811
1.01879
1.0433
0.934475
0.976935
0.983889
1.28208
0.690374
0.994576
0.982765
0.847116
1.12141
0.976991
0.969545
1.00539
0.918481
0.969228
0.978805
0.993334
0.965067
0.69716
1.29631
1.00747
0.954588
0.961519
0.981166
1.00361
0.970128
1.01514
0.958252
1.13754
0.790534
0.967008
1.00571
0.84977
1.13805
1.19476
0.763605
0.946443
1.02711
1.02473
0.964345
1.0419
0.94524
0.992523
0.977787
0.961614
1.02107
0.960886
1.00332
1.0798
0.925928
1.02426
0.979249
1.0291
0.949951
0.979477
0.955815
1.01646
0.984838
1.05622
0.912375
0.85043
1.12646
0.921642
1.02472
0.988028
0.996692
0.899461
1.09103
1.08616
0.897432
0.969133
1.02106
1.03235
0.945884
1.18761
0.774107
0.889931
1.09751
0.927401
1.04095
1.01798
0.987808
0.83778
1.12587
0.984155
0.988056
1.00699
0.981634
1.1038
0.854224
0.996865
0.992555
1.11837
0.830513
0.755805
1.20387
0.987316
0.990301
1.00222
0.965377
1.00587
0.982902
0.973673
0.989002
0.909516
1.06178
0.966625
0.986786
0.838762
1.13148
0.976993
0.974857
1.13346
0.846628
0.997901
0.983379
1.03947
0.917004
1.00123
0.975905
0.841138
1.11381
0.953554
1.01699
1.28938
0.693099
1.70724
0.237153
1.00046
0.972323
0.960674
1.02117
1.0278
0.961573
0.973424
0.968355
0.948187
1.0111
1.0025
0.938601
0.372027
1.58952
0.896653
1.08053
1.20706
0.743903
1.00762
0.960605
0.951947
1.03022
1.03165
0.934774
1.00685
0.957498
0.987868
1.00002
1.00842
0.985346
0.861898
1.13583
1.00392
0.952623
0.943195
1.01087
0.958716
0.989938
1.01939
0.948558
0.8651
1.10546
1.0307
0.948707
0.914094
1.10031
1.10522
0.880322
0.998525
0.990988
1.07383
0.904494
0.982427
1.01743
0.848007
1.13087
1.20822
0.776083
0.991583
0.987849
1.06432
0.921025
0.982332
1.01494
1.12005
0.841482
1.07999
0.889968
0.965338
1.00538
0.879666
1.08872
1.07734
0.879458
0.959188
1.01042
1.01568
0.963312
1.30956
0.647582
0.979655
0.99596
1.01404
0.959989
1.0979
0.871127
0.953261
1.00925
0.972903
0.986005
1.11565
0.836716
0.970648
0.993471
0.926567
1.02566
0.93523
1.02845
1.0793
0.898146
0.698712
1.25837
1.02652
0.943289
0.840263
1.13785
1.05597
0.934124
1.00065
0.986937
0.746034
1.23113
0.66985
1.2859
1.00741
0.945518
0.852955
1.11447
0.988655
1.02702
0.861895
1.07912
1.09181
0.877551
1.07756
0.917531
1.00272
0.993183
0.994953
0.957276
0.956824
1.00093
0.992355
0.980617
0.93987
0.99872
1.05399
0.912629
0.887162
1.07926
0.969407
1.00071
1.18524
0.810861
0.948804
1.039
0.99275
0.968628
0.861825
1.12546
0.973155
1.0157
0.953808
1.00817
0.916873
1.05801
1.02729
0.905001
1.07085
0.881379
1.00709
0.965568
0.971788
0.99073
0.890122
1.10547
0.895357
1.09872
1.02119
0.951435
0.988758
0.956503
0.976972
0.991911
0.851954
1.11405
1.54406
0.413784
0.732709
1.22817
0.866088
1.10004
0.720907
1.23919
1.04943
0.912398
1.6859
0.272042
1.21088
0.761224
1.15953
0.819523
0.917892
1.05678
0.856794
1.11528
1.07917
0.868444
1.01771
0.971655
0.972026
1.00917
1.00185
0.965675
1.04774
0.937341
0.989408
0.98016
1.00018
0.954225
1.04582
0.948022
0.711873
1.23798
1.07158
0.883165
0.804838
1.13606
0.897983
1.06916
1.04252
0.926955
0.96883
1.01393
0.820628
1.12616
1.01402
0.949772
1.01762
0.96304
0.940521
0.975575
1.02385
0.938611
1.04848
0.930215
0.746629
1.1687
0.818162
1.16456
0.931016
1.0181
0.27809
1.67122
0.720899
1.24591
1.05962
0.912142
0.966552
1.00031
1.00483
0.998799
1.0093
0.96611
0.989494
0.96508
0.782813
1.16155
1.22456
0.765399
0.929684
1.02615
0.964153
0.949676
0.993073
0.993885
1.0719
0.914159
1.31428
0.681617
1.01505
0.960477
1.13131
0.865733
0.886652
1.07323
1.03676
0.970212
0.963078
0.988374
1.0624
0.930067
0.983999
0.994528
1.03247
0.977521
0.891289
1.09863
0.985186
1.00239
0.849562
1.12254
1.19788
0.777761
1.01201
0.942734
0.834422
1.11883
1.00012
0.987579
1.00363
0.958601
0.819384
1.15605
1.00208
0.962533
1.03694
0.9427
0.970604
1.01785
0.864665
1.10441
1.01148
0.917229
0.990064
0.985933
1.21043
0.769284
0.960356
1.05126
0.98418
1.00567
0.75362
1.19286
1.00654
0.938671
1.26241
0.702649
0.776921
1.20858
1.0825
0.922298
1.0006
0.980676
0.677609
1.25018
0.970473
1.01565
1.1606
0.812749
0.867847
1.11618
0.930751
1.04605
0.962256
0.999799
0.919515
1.04357
1.05721
0.926219
0.946373
1.01922
1.03697
0.952664
1.07085
0.885508
0.94131
1.01031
0.95675
1.04644
1.02129
0.995838
0.960544
1.02698
0.94057
1.02479
0.918651
1.06036
1.09559
0.867893
1.07635
0.900905
0.96618
1.0115
0.912358
1.04092
0.997377
0.96938
0.998103
0.987827
0.977374
0.996344
1.1607
0.808815
1.03129
0.945303
0.595188
1.37865
0.998049
0.950796
1.02006
0.885634
1.01574
0.939748
0.994498
1.00233
0.934612
1.03481
1.7645
0.197908
0.976489
1.01784
1.03082
0.926714
1.06493
0.907386
0.949036
0.993609
0.984524
0.971113
0.982175
0.984154
0.849838
1.10157
0.943711
0.997639
0.926092
1.05369
0.996832
0.983439
0.852291
1.12338
0.592412
1.37964
1.08804
0.852909
1.03929
0.96371
1.10978
0.882814
0.921723
1.06559
0.990671
0.975663
0.974083
1.0029
1.71031
0.238413
1.04104
0.967577
0.951795
1.01249
0.881923
1.09584
1.02246
0.972304
1.17597
0.814259
0.962876
1.00896
1.09977
0.857263
0.669975
1.29727
0.948992
1.03814
0.971642
1.01066
1.0445
0.951064
0.95834
1.01249
1.06805
0.934601
1.19748
0.76429
0.99885
0.999101
0.994956
0.980077
1.02255
0.971881
0.995075
0.981121
0.341306
1.61929
0.815467
1.16242
0.956297
0.995979
0.749556
1.20364
1.06283
0.915835
0.993652
0.966057
0.922441
1.04379
0.874406
1.1145
0.76043
1.22713
0.971443
0.985814
0.965807
0.951754
0.994569
1.00049
1.00171
0.971558
0.932107
1.02392
1.04991
0.909243
0.946474
1.07221
1.06197
0.899672
0.857612
1.07976
0.921164
1.06984
0.915108
0.986047
0.969742
1.01696
1.01141
0.92984
0.848938
1.1065
1.00884
0.960821
1.07885
0.898443
0.479476
1.20162
0.997083
0.971797
0.969985
1.00396
1.05148
0.946099
1.14276
0.857304
1.07152
0.918819
0.998032
1.01143
0.762682
1.17194
0.997401
0.986929
0.803094
1.18577
0.999913
0.949596
1.00197
0.990278
0.973183
1.00489
0.980117
1.01273
1.07263
0.905892
1.07936
0.872423
0.995134
0.957787
0.319412
1.67133
0.962645
1.04046
1.02546
0.919122
1.02692
0.969588
1.29785
0.67509
0.927978
1.06866
0.982236
0.988038
1.02495
0.937717
0.943929
1.02793
1.02974
0.899896
0.798891
1.18985
0.963593
1.01139
0.756971
1.19626
1.10043
0.847461
0.982469
0.974768
0.933943
1.03508
1.01852
0.956746
0.986953
0.969417
1.00678
0.962456
0.995224
0.993314
0.919038
1.05998
0.983947
0.989434
1.05227
0.931241
0.992047
0.960553
0.775473
1.07175
1.03854
0.930167
1.01027
0.946446
0.700297
1.27906
1.01595
0.962749
0.926753
1.03077
1.19295
0.727097
0.937055
1.02331
0.718015
1.24088
0.989059
0.994117
0.882852
1.04101
0.992051
1.00157
1.02203
0.972534
0.984229
0.976672
1.0089
0.954555
0.90829
1.07937
0.952294
0.937831
1.06703
0.88027
1.07808
0.889187
0.918186
1.05422
0.980082
0.993836
0.940521
1.00455
0.945552
1.02684
0.983858
0.997287
0.751444
1.23139
1.1628
0.829607
0.942424
1.01792
1.0299
0.957086
0.998602
0.907802
1.04871
0.923664
0.98147
0.993219
1.21644
0.756556
1.00476
0.963656
0.947428
1.00853
0.933451
1.02822
0.939089
1.052
0.981497
0.999295
0.985596
1.02249
1.05603
0.9524
0.967742
0.997815
1.00016
1.00756
1.0727
0.894893
0.984726
1.00068
1.02009
0.951097
1.00245
1.00279
1.01457
0.973837
1.04181
0.951284
1.22856
0.709205
0.811072
1.12262
1.04475
0.86904
0.56921
1.36708
1.01609
0.984632
0.961558
1.01717
0.73816
1.20331
0.762417
1.20146
0.981386
0.980643
1.03353
0.94037
0.977868
0.963508
0.876424
1.05746
0.906043
1.06694
0.926312
1.04918
1.00449
0.949873
0.964101
0.963884
1.07051
0.869834
0.83957
1.11805
1.00971
0.979782
1.00709
1.0086
0.782913
1.17834
0.787602
1.18063
1.05402
0.924416
1.04756
0.937481
1.1409
0.848087
0.985909
1.03478
0.898351
1.05001
0.999718
0.990347
0.970542
0.977033
0.946012
1.00749
0.770837
1.22392
1.01278
0.968665
1.07446
0.885862
0.875433
1.12037
0.928142
1.02504
1.05332
0.938902
0.879476
1.10167
0.975432
1.00014
0.943039
1.02824
0.905745
1.03926
1.00636
0.985613
1.04619
0.92983
1.18837
0.799686
0.977909
0.95514
0.994129
0.985274
0.919917
1.05709
0.94851
1.05554
1.07034
0.899647
0.994306
0.965863
0.809359
1.18609
0.983925
0.984001
0.994547
0.98398
1.03237
0.95983
0.876917
1.08412
0.927866
1.06193
0.935927
1.07696
1.05221
0.900294
0.936252
1.02272
1.01219
1.0019
0.288322
1.6823
1.01323
0.926181
1.00029
0.975126
0.906922
1.02014
1.08131
0.888877
0.937158
1.00478
1.02284
0.960883
1.00921
0.958474
1.17293
0.788458
0.962275
0.964086
0.858956
1.09076
1.08229
0.909308
0.953753
1.04354
0.955243
0.979917
0.957061
1.00101
0.96324
0.940043
1.00894
0.987419
1.10781
0.834288
0.786779
1.18186
0.955634
1.01974
0.964395
1.02632
1.07185
0.898106
0.824444
1.13628
1.03623
0.966517
0.991262
1.00574
0.949366
1.02113
0.969479
1.04221
1.01582
0.956696
1.02006
0.961955
1.03494
0.950896
0.909618
1.06778
0.68599
1.30553
0.865174
1.12495
1.02798
0.941103
1.10958
0.864373
0.952236
1.02648
0.96948
0.981815
0.941836
1.04858
0.992646
1.00008
0.972649
1.00559
0.973085
0.987126
0.914267
1.06548
0.983747
1.00109
0.949118
1.01425
0.921303
0.981358
0.973857
0.988931
1.023
0.948583
0.835359
1.15201
0.941948
0.994404
0.863312
1.10094
0.994967
0.97302
0.988389
0.999291
0.98704
0.957827
1.17491
0.791574
0.967594
0.98782
0.912209
1.01994
1.01061
0.952073
1.02022
0.95041
1.16262
0.817808
0.984763
0.962807
1.00368
0.958551
1.18691
0.797433
0.924279
1.02723
0.983757
0.999904
0.891347
1.05815
0.911621
1.03285
0.95576
1.02484
1.03195
0.930375
0.773089
1.21426
0.947301
1.00589
0.859556
1.05949
0.932993
1.06154
0.939001
1.01283
0.901331
1.06281
0.914449
1.04608
0.928743
1.03742
1.00383
1.00084
0.722715
1.22268
0.750035
1.23177
1.01885
0.954909
1.07218
0.892048
0.987535
0.974564
1.43909
0.515867
1.03171
0.948662
1.08203
0.886883
0.952364
0.974924
1.03693
0.872633
1.11879
0.826059
0.983651
1.01202
0.988385
0.95415
1.11592
0.825398
0.939675
1.03554
1.29291
0.684345
1.03529
0.97459
0.965503
1.03889
1.07781
0.893293
0.916422
1.0319
1.1113
0.829001
0.214334
1.74654
0.998105
0.993882
1.02444
0.803147
0.929337
1.07217
0.964222
0.96519
1.2312
0.691812
0.953761
1.04912
0.974983
0.981194
1.01468
0.95997
1.20014
0.805964
1.25369
0.731114
0.967557
1.01269
0.993353
1.01967
1.17034
0.763128
0.895776
1.05255
1.22673
0.731899
1.08472
0.901656
0.936436
1.03569
0.95897
1.01348
1.05736
0.934297
0.758874
1.20885
0.953397
1.02491
1.09194
0.88056
1.01913
0.981514
0.241567
1.70186
1.13447
0.825605
0.848665
1.12626
0.934864
1.0201
0.905181
1.07332
0.970749
0.985469
0.996519
0.987584
1.00061
0.981584
1.18685
0.751462
0.851136
1.09432
0.930091
1.03035
1.05236
0.914354
0.931993
1.03051
0.912108
1.04119
0.993483
0.903991
0.967837
1.00337
1.0593
0.898195
1.35102
0.618854
0.974797
0.979757
1.02502
0.960817
0.717458
1.2595
1.19075
0.777855
0.931388
1.05536
0.956431
1.01186
0.942974
1.01291
0.911954
1.07268
1.05693
0.902754
0.818527
1.14499
1.00135
0.979983
1.03015
0.955835
1.13452
0.828627
1.04924
0.930088
0.917635
0.996505
0.925693
1.05717
1.21396
0.787199
1.01367
0.936347
1.09657
0.911614
1.00501
0.982282
0.975302
1.01033
1.0847
0.9153
0.986848
0.97806
0.955815
1.04031
0.8772
1.09152
0.955023
1.03351
0.94641
1.0098
0.901937
1.05848
1.0036
0.984932
0.96612
1.00328
0.957309
1.03238
1.05193
0.934608
0.983167
1.01171
0.963582
1.0204
0.989897
1.00302
0.942141
1.00858
0.521385
1.47389
0.765562
1.17057
1.12999
0.827732
1.2563
0.706124
0.972176
0.988025
0.945934
1.00412
0.88313
1.07641
0.92318
1.03137
0.999581
0.970607
0.799243
1.17751
0.974076
0.967385
0.970891
1.0017
0.998451
0.974374
0.988709
0.989312
1.02101
0.956965
0.761819
1.1635
1.08252
0.869013
1.16441
0.812817
1.02192
0.927499
1.00981
0.989721
0.826909
1.03615
1.0533
0.921235
0.89731
1.06055
0.861398
1.1045
0.964015
1.01964
0.913089
1.05424
1.10355
0.891356
0.961133
0.996169
0.962969
0.989457
0.9359
1.0585
1.01369
0.954756
1.00981
0.963311
0.891564
1.05494
0.997403
0.954413
0.975704
0.998863
0.86543
1.13769
0.929743
1.00955
0.970565
1.00364
1.10678
0.872172
0.782366
1.18202
1.05476
0.947507
1.02455
0.945356
0.970395
0.992501
0.990885
1.00138
1.01049
0.971114
0.726308
1.23213
1.04627
0.938889
0.938085
1.03686
0.973119
0.984065
0.88181
1.04963
0.87562
1.09251
1.11296
0.871128
1.1355
0.867365
0.861225
0.996333
1.08148
0.900708
0.961597
0.983511
1.0996
0.854632
0.982022
1.0087
1.0027
0.93315
1.02281
0.967555
0.624158
1.35064
1.00373
0.963158
0.833835
1.14383
0.851165
1.11582
0.984203
0.984442
0.80558
1.16794
0.99619
0.971955
0.986852
1.00073
0.955054
1.01648
0.971583
1.02016
0.981323
0.942539
0.978052
0.99882
0.922349
1.04129
0.885759
1.06584
1.02494
0.948617
1.05048
0.899513
1.0344
0.940779
1.01613
0.930943
1.00149
0.979112
0.931962
1.01448
0.747475
1.20517
1.0105
0.995756
1.04088
0.968143
0.989041
0.97835
0.989498
0.991095
1.23602
0.74585
0.947465
1.02794
1.14489
0.823324
1.01221
0.92319
0.94916
1.01128
0.960205
0.964572
1.06853
0.91126
0.763741
1.1838
1.03942
0.938202
0.861333
1.07115
0.944073
1.03726
0.917872
1.04796
1.01085
0.975584
1.00064
0.962669
1.00365
0.998965
1.09889
0.892464
1.00148
0.908946
0.916741
1.0188
0.873316
1.0635
1.01808
0.960324
0.998129
0.974462
1.11618
0.888937
0.986099
0.996964
1.00188
0.974332
1.11047
0.877299
0.785653
1.15228
0.938873
1.01206
1.16039
0.784764
1.0126
0.9854
0.961606
0.984659
1.05723
0.924696
1.16885
0.782575
0.999432
0.994296
0.896487
1.09812
1.06995
0.89104
0.942893
1.01736
1.23243
0.753892
0.91927
1.06644
0.973326
0.991477
0.988243
0.95251
1.06102
0.905204
1.00558
0.923126
0.874437
1.08624
0.758306
1.1932
0.844559
1.1293
0.807932
1.18043
0.872108
1.0963
0.876577
1.0829
1.03005
0.950576
1.04832
0.881467
0.991656
0.979397
0.898079
1.04981
0.978318
0.907531
0.969133
1.02188
0.92751
1.04168
0.95423
0.999109
1.06816
0.913269
0.787464
1.20559
0.988278
0.990422
1.19701
0.753315
0.933924
1.04386
0.952409
0.981701
1.0327
0.947137
0.617651
1.33053
0.996687
0.966382
0.978917
0.998013
0.972635
0.977116
1.02293
0.963926
1.13004
0.817666
0.97261
0.94834
1.05248
0.935201
0.908571
1.09206
0.941045
1.04577
1.00726
0.969983
1.05488
0.895228
0.93786
1.04589
0.904612
1.05031
0.990124
0.962223
0.968436
1.01364
1.02436
0.951116
0.963586
1.01048
0.668721
1.24277
0.967855
0.977354
0.918246
1.07363
1.17551
0.755156
1.0068
0.954967
1.10151
0.877592
1.0504
0.900765
0.945423
1.04531
0.980041
1.01257
0.869099
1.11713
0.972716
0.998661
0.996278
0.972892
0.98939
1.00148
0.845872
1.15394
0.979459
0.97328
1.16075
0.808436
1.0214
0.978294
1.0119
0.977465
0.959718
1.01986
1.02605
0.949806
1.09731
0.880958
1.29907
0.650976
0.804263
1.1629
0.975976
0.974517
0.451562
1.49952
1.00123
0.949664
1.02871
0.937111
0.995733
0.994931
0.632107
1.30289
0.933585
1.02844
1.06613
0.913145
0.948007
1.0265
0.998996
0.980154
0.821642
1.15709
1.01368
0.945081
0.987517
0.977674
1.01206
0.963184
1.07511
0.868138
0.962172
0.977414
0.990174
1.00814
1.03222
0.942772
1.00623
0.911412
0.976421
1.01423
0.835484
1.16914
0.995533
0.98097
1.02573
0.966646
1.07535
0.90983
1.0108
0.977448
1.04017
0.916627
0.973939
1.0072
0.898711
1.04894
0.915413
1.04413
0.780809
1.17861
1.04769
0.933889
1.02957
0.949819
0.973001
1.01417
0.973353
1.00549
1.05877
0.928852
0.954201
0.919128
0.927272
1.03521
1.1059
0.8671
0.980187
0.987331
1.07939
0.901693
1.14955
0.816179
0.956629
1.03711
1.05517
0.935811
1.46482
0.49647
0.968322
1.01957
0.979102
0.980352
1.02709
0.974018
0.977811
1.00117
1.07249
0.934458
0.981998
1.00309
1.00301
0.963173
0.992518
0.976447
0.895042
1.09198
1.00895
0.965078
0.893511
1.09333
0.935286
1.02243
0.988444
0.992325
0.775017
1.16695
0.961543
0.999829
0.76357
1.18318
1.03486
0.921685
0.98374
0.965928
0.889057
1.08327
0.987342
0.985863
0.941629
1.0095
1.00922
0.92848
1.11803
0.869071
0.820837
1.1323
0.970509
1.01377
0.964676
0.985218
0.968033
1.00314
1.02158
0.953242
0.934369
0.991808
0.751072
1.22763
1.15145
0.818532
1.13609
0.846816
0.990975
0.99588
0.980459
0.977586
0.462625
1.51602
1.00739
0.929127
0.993889
0.953438
1.12568
0.838186
0.873159
1.08475
1.00801
0.958451
1.02987
0.934733
1.01481
0.934474
1.0563
0.920412
1.09362
0.878815
0.731977
1.24991
1.00379
0.978001
0.980158
0.997081
0.98385
0.974622
0.730309
1.22776
1.10685
0.889121
0.900183
1.03187
1.0006
0.959069
0.914801
1.06663
0.97493
0.993603
0.995618
1.00256
0.93462
1.05437
1.12716
0.851195
1.01601
0.972027
1.20495
0.774262
0.900852
1.05265
1.00868
0.970776
0.870202
1.09733
1.05106
0.93423
0.965552
0.998823
0.942942
1.00686
0.992514
1.00307
1.02277
0.945934
0.947094
1.02429
1.0005
0.971655
1.11629
0.865055
0.899806
1.0191
1.08579
0.89758
0.980683
0.986355
0.967368
1.00517
1.04281
0.941065
0.930164
1.02801
0.630391
1.36586
0.959024
0.991062
0.987841
0.973014
0.96375
0.992203
0.933139
1.05615
1.00769
0.962603
0.977125
1.00894
0.959844
1.01584
0.982328
0.96477
1.00782
0.938663
0.960386
1.00696
1.01234
0.934507
0.973191
1.01102
1.07949
0.899348
0.945259
1.00757
0.972582
0.997159
1.03303
0.934638
0.9919
0.998104
0.857237
1.12557
0.893157
1.10314
1.08531
0.874769
1.25881
0.751703
0.787473
1.12092
0.934115
0.975583
0.978294
0.964321
0.78898
1.1517
1.03968
0.906457
1.44272
0.564167
0.992806
0.962787
1.15275
0.810348
1.30376
0.698795
0.711913
1.1569
1.03335
0.964712
1.11104
0.863917
0.814349
1.13077
0.968381
0.981571
1.00003
0.992373
0.956419
1.00263
0.968827
0.992096
1.02748
0.948161
0.98566
0.973844
1.2853
0.684673
0.941595
1.06207
1.03388
0.751177
0.8869
1.07794
1.49207
0.45932
1.02641
0.929756
0.992733
0.9595
1.04413
0.930615
1.08813
0.848753
0.855969
1.09336
1.03232
0.939261
1.07827
0.869638
0.921249
1.07168
0.991374
0.969023
0.967464
1.0193
0.983969
1.00184
1.21533
0.717949
1.05276
0.929737
0.968888
1.03015
1.05101
0.93748
1.01271
0.958476
1.14217
0.714361
0.958943
1.01852
1.12377
0.845535
0.975022
1.01985
0.474594
1.49825
1.08954
0.864401
0.962899
1.00294
0.770513
1.20634
0.997076
0.991114
1.01702
0.949929
0.788155
1.21331
0.889363
1.0832
0.635905
1.32679
1.0087
0.983447
0.919721
1.05704
0.928839
1.03288
0.774573
1.17595
0.986806
0.965632
1.12868
0.859924
1.11635
0.859741
1.01619
0.986929
0.985754
0.999309
0.978553
0.98777
0.873198
1.08279
1.24313
0.731689
0.814214
1.17497
1.21208
0.739508
1.18588
0.76777
0.73321
1.21812
1.00983
0.962804
0.975515
0.996197
0.771667
1.03767
1.18368
0.722465
0.735748
1.24226
1.1601
0.812682
1.06741
0.941045
1.03364
0.939912
1.04284
0.938122
1.14527
0.865792
0.993025
0.976158
0.981576
0.994797
0.969418
0.956437
0.979576
1.00659
0.812197
1.16381
1.15721
0.845237
0.948402
1.00115
0.860292
1.08351
1.3172
0.636908
1.03371
0.951222
1.01446
0.958022
1.0157
0.935483
0.332388
0.985241
1.01647
0.95305
0.98013
0.990326
1.0342
0.925628
0.935906
1.01219
1.02608
0.954027
0.955439
1.00943
0.790158
1.17588
0.95878
0.977373
0.920955
1.05653
0.784858
1.16358
0.963841
0.971675
1.06489
0.856163
0.967659
1.01394
1.04875
0.928917
0.986347
0.947626
0.937759
1.03149
1.01246
0.948475
1.0187
0.993068
0.96972
1.00089
1.00905
0.964096
1.01155
1.00176
0.921464
1.06607
0.896263
1.03731
0.887984
1.0722
1.21247
0.777766
0.979575
0.710998
1.13978
0.831348
1.1418
0.826573
0.901403
1.06507
0.990845
0.955338
0.998007
0.969237
0.631568
1.32927
1.3504
0.612858
1.16227
0.807069
1.08053
0.89437
0.985365
0.982589
0.991412
0.976593
0.858225
1.10155
1.11164
0.869244
1.16679
0.671688
0.996645
0.990244
0.964676
1.01003
0.939439
1.04862
0.841219
1.09366
0.943502
1.0155
0.987905
1.01552
1.05888
0.893174
1.10515
0.898693
0.965329
0.948555
0.952813
1.04423
1.00713
0.966181
0.970683
0.997831
0.89779
1.07573
0.994193
0.971252
0.956069
1.02178
1.01773
0.89546
1.00723
0.943231
1.0061
1.00169
0.969035
1.00786
0.983096
0.987783
0.821152
1.15726
1.12957
0.851361
1.0077
0.977849
1.27964
0.701788
0.973774
0.991356
0.960001
0.996185
0.952745
1.03054
1.73416
0.209102
0.954084
1.02099
0.777871
1.16558
0.738502
1.20924
0.888917
1.07956
0.868871
1.06404
0.995534
0.916723
1.04036
0.941566
1.0271
0.974115
0.87448
1.09373
1.10232
0.885413
0.990873
0.977424
0.99428
0.912507
1.01375
0.987739
0.95843
1.04463
1.11212
0.873794
0.926039
1.00399
0.954706
1.0227
0.993389
0.97538
0.990384
1.00382
1.08946
0.851319
0.978806
0.998883
1.03128
0.921795
0.924192
1.03971
1.02387
0.969902
1.10289
0.844422
0.998861
0.982716
1.10573
0.891581
0.984746
1.00037
1.00181
0.972956
0.920379
1.04362
1.04139
0.929672
1.02829
0.953012
0.988744
0.992805
0.792818
1.12433
1.41289
0.539918
1.0192
0.966146
0.462144
1.48957
1.02321
0.936862
0.940474
1.01827
0.990448
0.980313
0.873262
1.0735
0.92082
1.02374
0.872171
1.11467
0.883916
1.08022
0.928378
1.02562
0.953042
1.0092
1.1022
0.887568
1.0718
0.913225
0.949633
1.05458
1.12105
0.880488
0.973819
0.970265
0.955344
1.0093
0.95575
1.00981
0.764194
1.17635
1.02942
0.928737
0.9439
0.95714
1.12209
0.871726
0.967544
1.02712
1.20051
0.757106
1.26528
0.710956
0.334295
1.65985
1.09409
0.872695
0.994391
0.994936
0.993083
0.983102
1.0043
0.955774
1.00002
0.980273
0.978253
1.02455
0.997563
0.970106
0.943331
1.00109
0.98394
0.990995
0.930088
1.06663
0.950823
1.04371
1.19991
0.797767
1.00916
0.99112
0.953615
1.01473
0.89435
1.07076
0.957347
1.04545
1.04613
0.934881
1.03087
0.909275
1.046
0.942672
0.663883
1.27746
0.961604
0.955925
0.886706
1.05405
0.988634
0.992501
1.04989
0.921634
1.1539
0.77166
1.06761
0.914711
0.89518
1.05143
1.04345
0.928516
0.833635
1.14354
1.01497
0.910141
1.02987
0.950524
0.880754
1.08796
1.26171
0.685322
1.16719
0.794985
1.0143
0.990559
0.864907
1.09031
0.997462
0.988215
1.02822
0.976634
0.889823
1.07886
1.00154
0.96909
0.856461
1.10983
1.06517
0.925577
0.985101
0.858254
0.985699
0.968838
0.986441
0.96798
1.03296
0.949408
1.07933
0.910838
1.03457
0.948748
0.939145
1.05503
0.964263
1.03295
0.812564
1.15373
0.942641
1.00192
0.964783
1.00869
1.00994
0.9365
0.958792
1.01953
0.999023
0.998965
1.28098
0.711613
0.996364
0.983575
0.988802
0.988547
0.818672
1.1382
0.66279
1.30849
0.226905
1.72268
0.942743
0.955327
0.75667
1.21306
0.941654
1.04506
0.884182
1.07465
1.12314
0.80742
1.04611
0.952142
0.838559
1.07522
0.965169
1.02827
1.02062
0.940769
0.850978
1.09479
0.947761
1.01973
1.0255
0.953275
0.925205
1.02695
1.08864
0.896678
1.05408
0.876704
1.00319
0.967303
0.93365
1.03573
0.997865
0.973878
1.12279
0.856472
1.00704
1.01591
0.965275
1.0273
1.02374
0.972026
0.869307
1.10024
0.949033
1.03588
1.03489
0.957879
0.930111
1.00809
1.2111
0.747854
0.96654
0.974294
0.987091
0.97733
0.978678
1.01768
1.00005
0.970655
1.00162
0.873014
1.03094
0.926627
0.722176
1.27988
0.888805
1.08973
1.0081
0.960826
0.93884
1.04026
1.07576
0.917959
0.728325
1.26091
0.877389
1.1202
1.05885
0.916506
0.944454
1.02134
1.06984
0.898606
0.989553
0.966792
0.988092
1.00366
0.944361
1.02578
0.900325
1.07043
1.00455
0.981588
0.902192
1.05174
1.19724
0.724924
1.04389
0.926616
0.982969
1.02261
1.01044
0.947059
0.840429
1.11342
0.866017
1.11929
0.863465
1.12058
1.05713
0.901104
1.11735
0.867824
0.996409
0.948912
1.12591
0.849294
1.05959
0.932698
1.14699
0.833542
0.938653
1.02609
0.981196
0.975427
0.893409
1.05682
1.00937
0.983109
0.989847
1.00054
0.817912
1.13679
0.97987
0.975268
0.970407
1.0211
0.990262
1.00075
0.678611
1.2862
1.01788
0.956568
1.0772
0.912541
0.8398
1.13745
0.988359
1.00926
1.01173
0.951633
0.97976
0.989848
1.01103
0.98041
1.06399
0.917983
1.00351
0.968905
0.947873
1.02335
1.01001
0.952651
0.309131
1.68023
0.876128
1.10177
1.00069
0.995432
0.944805
1.01477
0.984545
0.993296
0.990615
1.0018
0.926397
1.0461
0.863558
1.1079
0.89014
1.05778
1.19667
0.776366
0.90099
1.05451
0.989505
0.984724
0.92951
1.06214
0.965771
0.99671
1.03112
0.940417
1.07645
0.905167
1.00085
0.984026
0.937568
1.02217
1.16439
0.812861
0.829005
1.12452
1.275
0.685123
0.902278
1.05237
0.962938
0.97402
0.941021
0.9911
1.02578
0.948143
0.82866
1.1433
1.02937
0.9396
1.09232
0.924832
0.991538
0.967394
1.07928
0.915369
0.997124
0.981561
1.00515
0.969853
0.998608
0.941524
1.03034
0.968925
1.07886
0.847049
1.15904
0.806082
0.971116
1.03377
1.1314
0.844346
0.874649
1.0878
1.02438
0.976349
0.981397
0.963436
1.09215
0.889087
0.970444
0.99247
0.96193
1.03448
1.0447
0.962287
0.96083
1.06078
1.01296
0.994027
0.518819
1.41162
0.973628
1.01254
0.97841
0.989927
1.03719
0.887117
1.12363
0.880379
0.782208
1.16108
0.977639
0.987242
1.01734
0.957444
0.931407
1.06635
0.999426
0.939505
1.01756
0.96306
0.999161
0.920448
0.963141
1.00394
0.880814
1.0659
0.960186
0.97855
1.01034
0.995561
0.857104
1.08813
0.931634
1.07196
0.971598
1.02502
1.06226
0.888344
1.02084
0.980233
1.18251
0.744862
0.95775
0.988891
0.943354
1.06583
0.898651
1.07677
0.90872
1.07725
0.926262
1.07913
0.892654
1.07978
1.0729
0.905707
1.02104
0.996019
1.05321
0.894081
1.01355
0.966734
0.98858
0.991115
1.03487
0.943057
1.04821
0.940502
0.925222
1.05387
0.961361
1.00862
1.00809
0.972885
0.974333
1.02621
1.01982
0.955063
1.04148
0.961725
0.821673
1.14334
0.891084
1.0677
0.921295
1.02251
0.482532
1.48632
0.939849
1.04015
0.993815
0.9884
1.05206
0.931104
1.09544
0.895718
0.961124
1.00443
0.976215
0.98435
1.03039
0.910345
0.742049
1.21071
1.03742
0.957505
1.24115
0.725438
1.0774
0.90737
1.0656
0.88344
0.960054
1.01798
1.05998
0.902393
1.24181
0.725022
0.880422
1.09236
0.973563
0.97514
0.875584
1.07975
0.961628
1.01182
0.977803
0.982811
0.892298
1.01675
0.987197
0.981669
1.08057
0.877613
0.441433
1.54087
1.10044
0.848847
0.971772
1.00602
1.03405
0.94886
0.899423
1.05891
0.982225
0.960977
0.963955
1.00682
0.948864
1.0436
1.44389
0.520999
0.989854
0.956654
0.959201
1.0075
0.961546
1.00896
0.969799
1.03455
1.02803
0.950828
0.967079
0.998119
1.02948
0.948256
0.868739
1.08412
0.868348
1.12879
0.969225
1.00597
0.95313
0.979217
0.929239
1.04968
1.02847
0.95806
0.901799
1.04533
0.994976
0.979265
0.972017
1.00871
1.16289
0.836303
0.904868
1.042
0.961426
1.00517
1.0411
0.952199
1.04799
0.92316
0.979504
0.984943
0.936113
1.03701
1.20768
0.670681
1.14112
0.801472
0.947825
1.03584
1.05752
0.919935
1.01524
0.979176
0.956277
1.0279
1.02787
0.939041
0.890745
1.09914
1.02965
0.936517
0.909255
1.05911
1.03176
0.954309
0.991811
0.984234
1.08383
0.899771
0.96852
1.00587
0.984555
0.953161
0.998239
0.953267
1.00706
0.981369
0.967808
1.01433
1.02042
0.955032
0.966632
0.966127
0.970749
1.00151
1.01118
0.950228
0.986717
1.00029
0.954247
0.993837
0.997097
0.94669
1.0334
0.939211
0.994732
0.988386
0.99259
0.966252
0.908912
1.04965
1.00038
0.980725
1.0108
0.986563
1.08197
0.907314
0.999059
0.984387
0.654026
1.30517
1.02684
0.959895
1.20862
0.760378
0.958871
1.00195
1.01317
0.972418
1.00667
0.99618
0.988112
1.00065
0.973317
0.997491
0.98438
0.976338
1.10549
0.868072
0.992211
0.981873
0.943495
1.02718
0.999951
0.920904
0.971408
0.985911
0.976751
0.983858
1.04137
0.90449
0.997384
0.972943
0.939842
1.04849
0.883803
1.08845
0.98058
1.01847
1.00629
0.949464
0.931808
1.01181
0.756123
1.21783
0.890468
1.00058
1.00131
0.95022
1.1823
0.765147
0.929531
1.03446
0.993143
0.929119
1.0007
0.964269
0.979
0.992824
0.917612
1.08081
1.00394
0.958298
1.0287
0.965394
0.986398
0.977565
0.9226
1.04758
0.994983
1.01806
0.97612
1.0268
0.932975
1.03107
0.911923
1.05725
0.952839
1.04085
0.918912
1.03467
1.04707
0.934917
0.968585
0.990747
1.012
0.958603
0.881653
1.06699
1.0572
0.92287
0.926083
1.06324
0.961913
1.01575
0.966361
0.971215
1.16519
0.807663
1.05562
0.919188
0.982501
1.00846
0.901967
1.08663
0.99214
0.956641
0.863781
1.14235
1.08631
0.844792
0.952026
1.00363
0.903288
1.08926
0.970872
1.00595
0.946046
1.03417
0.970581
0.9966
0.959073
0.993979
0.960589
1.00994
1.0261
0.967408
0.984947
0.985268
1.07071
0.883136
1.00132
0.977642
0.965966
1.00205
1.28242
0.708184
1.03172
0.935321
0.947425
1.0251
0.984049
0.966012
1.01564
0.957266
1.16116
0.708972
1.07168
0.890622
0.964015
0.993372
0.973441
1.00866
0.98403
1.0066
0.999267
0.976894
0.951789
1.00053
1.01977
0.978277
1.0772
0.907708
1.0479
0.840265
1.62746
0.312337
0.769531
1.21985
0.955936
1.04903
0.906233
1.05008
1.00315
0.977393
1.21944
0.783385
0.775808
1.1937
0.942127
1.0279
1.58031
0.406971
0.94158
1.04745
1.3578
0.622496
1.02823
0.936026
1.13628
0.871901
0.996305
0.998535
1.02472
0.963339
1.01286
0.984618
1.39438
0.584256
0.954825
1.01811
1.29235
0.655635
1.00062
0.960609
0.801672
1.15164
1.05342
0.930034
1.14993
0.831341
0.948678
0.993481
1.13068
0.849422
0.946327
0.996061
0.827206
1.11677
0.977974
1.00957
0.964759
0.993965
0.983796
1.00274
0.875955
1.0524
1.01595
0.957772
0.862012
1.10054
1.01653
0.954043
0.924037
1.06767
0.954531
1.00603
0.970565
1.02323
0.982001
0.985607
0.993682
0.984559
1.11546
0.869411
1.12194
0.845312
0.967938
1.0279
0.924527
1.05566
1.01151
0.940922
1.24815
0.705572
1.0902
0.90761
1.03645
0.946013
1.01339
0.973439
0.856924
1.11047
1.00411
0.958839
1.021
0.923246
0.985836
0.970687
0.976783
1.00363
0.934748
1.04392
0.946381
1.02642
1.00716
0.919711
1.19308
0.7867
1.00943
0.966789
0.987621
0.993712
1.00416
0.946258
0.903226
1.0727
0.845876
1.10471
0.850088
1.09036
0.882072
1.06898
0.981697
1.0142
1.21664
0.769943
0.825114
1.1246
1.08189
0.862697
0.979064
0.953866
1.01653
0.969131
1.10325
0.865226
1.03037
0.935389
1.05871
0.887556
1.0418
0.913418
0.989299
0.998072
1.45407
0.514523
0.936651
1.04445
1.02229
0.970139
1.0345
0.941535
0.948392
1.00663
0.897453
1.06903
0.967699
1.01754
1.02567
0.964515
0.883699
1.07326
1.08062
0.901537
0.968999
1.01097
0.972442
0.996847
1.02975
0.956072
1.02535
0.94995
0.946447
1.04403
0.942394
1.00428
0.97882
1.01261
0.925692
1.06094
0.880197
1.07385
1.00069
0.977853
1.36213
0.575129
1.10299
0.825316
1.04849
0.916577
1.07414
0.908378
0.766967
1.20968
1.19236
0.794345
1.05868
0.92722
0.997839
0.952167
1.0882
0.891104
0.914234
1.04526
1.58811
0.363436
0.965089
0.976076
1.09455
0.893314
0.927401
1.04395
1.05494
0.924471
1.07028
0.826025
1.01292
0.938279
0.941924
1.0293
0.856838
1.10129
1.16688
0.785196
1.02966
0.939072
1.01577
0.910648
1.10023
0.828759
1.2265
0.722964
1.00217
0.940871
1.04909
0.923855
0.943889
1.06487
1.18718
0.777134
1.38656
0.588313
0.902212
1.05756
0.995518
1.0032
0.963248
1.01965
1.00422
0.959937
0.930339
1.03782
1.08774
0.86128
1.01674
0.935143
1.10842
0.889016
0.956565
0.981792
0.825667
1.14586
0.942692
1.02813
0.964097
1.01439
0.956934
1.01023
1.01989
0.963665
1.02583
0.967437
1.12578
0.862702
1.00189
0.974872
1.00325
0.954954
1.017
0.979817
1.00202
0.968861
0.990307
0.977666
1.06603
0.897986
0.970649
0.981989
0.714147
1.23466
1.12132
0.835083
0.92704
1.08263
1.18493
0.780639
1.29208
0.655864
0.735005
1.21024
1.0628
0.90932
1.03821
0.936529
0.931392
1.05047
0.957569
1.00452
1.23464
0.746245
0.964912
1.01869
1.33507
0.661917
0.918651
1.06123
0.981194
0.958698
1.03864
0.913767
0.939864
1.06298
0.993533
1.00108
0.984812
0.989181
1.02282
0.968896
0.95416
0.992379
0.945148
1.01912
1.02265
0.947638
0.961064
1.00437
0.310324
1.62403
1.00917
0.979048
1.0227
0.962518
0.93499
1.01874
1.01534
0.98141
0.994848
0.980468
0.989814
0.977718
0.972549
1.02416
0.87242
1.10569
0.958472
0.989729
1.05566
0.886542
1.07029
0.922742
1.02372
0.950794
0.880225
1.08293
1.01774
0.93168
0.976014
1.00628
1.0048
0.937986
0.902486
1.07882
1.0788
0.890559
1.08917
0.885532
0.597627
1.38066
1.06366
0.917256
0.810593
1.17273
1.00794
0.996848
0.719649
1.21957
0.956238
1.02788
1.01142
0.943152
0.930698
1.0405
1.04726
0.965211
0.940428
1.02799
0.785109
1.20514
0.989595
0.979476
0.877104
1.07714
1.1153
0.869606
0.981239
0.97864
0.956934
0.9887
1.15738
0.800335
1.04365
0.903289
0.954271
1.02584
0.888436
1.03266
0.974987
1.00609
0.864024
1.11466
0.989828
1.00136
0.955197
0.971456
0.829665
1.13839
1.1338
0.790099
1.0041
0.999001
0.785345
1.21823
0.995276
0.977575
0.910777
1.05363
0.947524
1.03672
0.980809
0.979493
1.03721
0.921384
0.949695
1.00542
0.977665
0.991628
1.15987
0.851976
0.868189
1.11774
1.34876
0.606328
0.971967
1.00667
0.996632
0.993584
0.895369
1.03518
1.06504
0.89321
0.987081
0.979344
1.02904
0.944905
0.998869
1.00053
0.97371
1.01065
1.07646
0.890072
1.0349
0.946665
1.42113
0.546703
1.8065
0.170665
0.884666
1.0863
1.05549
0.89011
1.01658
0.935004
1.28873
0.688612
1.18627
0.800779
1.03396
0.936773
0.984023
0.984264
0.946625
1.03237
1.13861
0.837166
0.757709
1.17351
1.1161
0.834856
1.03905
0.931522
0.818241
1.14318
1.22542
0.76035
0.934504
1.04308
1.09631
0.804443
0.995567
0.984176
0.94429
1.06635
1.00363
0.986099
1.25968
0.722348
0.889512
1.07774
0.963386
1.02446
0.964427
1.0042
1.01746
0.947433
1.03991
0.920561
0.942232
0.992117
1.00048
0.986943
0.923108
1.04757
0.925306
1.02259
0.985149
0.951512
1.00042
0.973194
1.00894
0.958887
0.981056
0.998474
0.954472
0.992629
1.19652
0.752202
0.908024
1.07891
1.014
0.931886
0.97897
1.00199
1.00951
0.985328
0.962196
1.02953
0.862447
1.08279
1.10837
0.880768
1.15354
0.770181
1.01311
0.974938
0.976809
1.01095
0.998635
0.986734
0.997268
0.989308
0.779879
1.21249
0.855342
1.09296
0.859859
1.05988
0.893253
1.09947
1.09261
0.883247
0.930748
1.04716
1.07483
0.907627
1.10827
0.872855
0.931377
1.03946
1.08781
0.889111
0.907023
1.06762
0.903897
1.07169
0.984397
0.995796
0.898389
1.05119
0.971324
0.98763
0.927342
1.03806
0.984186
1.01055
0.981223
0.980399
0.887337
1.05298
1.52128
0.447389
0.985627
0.995032
0.913417
1.09785
1.1213
0.827461
0.99086
1.00297
1.00624
0.997846
0.961445
1.02111
0.975628
1.01763
1.01402
0.997476
1.02183
0.946162
1.0299
0.982683
1.56026
0.412296
0.98186
0.964856
0.959903
0.949433
1.11522
0.859924
1.00142
0.958663
0.987222
0.983457
0.993276
0.977956
0.945527
1.0559
0.996167
0.991718
0.953262
1.02476
1.03943
0.962067
1.01688
1.00186
1.03302
0.878502
1.02932
0.983794
1.0409
0.923857
1.12238
0.872206
1.08782
0.853583
0.87905
1.09269
1.05479
0.892782
0.980216
0.942472
0.992878
0.998283
1.18526
0.779717
0.954246
1.0249
0.890871
1.07008
0.976161
0.956409
0.83915
1.11403
0.973461
1.01128
1.24415
0.734059
1.00868
0.984975
0.926765
1.03145
1.00722
0.947252
0.91984
1.04254
1.23497
0.706735
1.06379
0.930341
0.946608
1.02825
0.949076
1.03081
0.958187
1.02674
1.12237
0.833246
0.993529
0.963664
0.994236
1.00498
0.990339
0.974049
1.03911
0.917144
1.23034
0.748288
0.717572
1.25687
0.909797
1.04876
1.03906
0.947134
0.967535
0.994147
0.780705
1.19995
0.939133
1.06472
0.990995
1.01341
0.957371
0.991092
0.969945
1.01609
0.986184
0.995759
0.918227
1.02375
0.954426
1.0292
0.867111
1.08039
0.948798
1.05981
0.936285
0.989882
0.77006
1.18476
1.03428
0.947336
0.916717
0.967334
0.916904
1.05629
1.03304
0.92502
0.967362
0.985244
1.05098
0.94995
1.2497
0.702081
1.31609
0.640471
0.946317
1.01598
1.00954
0.987375
0.983655
0.969085
1.17093
0.790612
0.97519
1.00613
1.12273
0.879425
0.959903
1.02186
0.973799
0.996922
0.902222
1.06256
1.05015
0.932795
1.13304
0.86777
1.11713
0.862361
0.89483
1.01844
1.0649
0.922929
0.295936
1.65993
0.820759
1.0031
1.00042
0.973347
1.01192
0.945274
0.738543
1.20579
1.09567
0.894888
1.02431
0.941595
1.20128
0.748723
1.05465
0.941423
1.02295
0.940576
0.887067
1.07253
1.03797
0.843029
0.867619
1.09774
0.922361
1.06232
1.74514
0.191812
1.00521
0.96506
1.06208
0.898086
1.10598
0.91695
0.938456
1.03194
0.940883
1.03433
0.966792
1.05297
1.05672
0.913768
0.992976
0.986013
1.15124
0.796277
0.962239
1.04909
1.0791
0.896266
1.05418
0.911289
1.0797
0.884163
1.03482
0.961273
0.954092
1.01933
1.03066
0.906777
0.831922
1.09928
0.987595
0.948746
1.00542
0.996174
0.959726
0.999
0.917661
1.06748
1.04723
0.924844
0.747684
1.21206
0.895323
1.03777
0.825794
1.11201
1.04469
0.941394
0.887924
1.09665
0.961209
0.944398
1.01983
0.95098
0.923166
1.07089
1.16587
0.739126
0.743948
1.21868
0.938437
1.03117
1.18328
0.793451
0.878652
1.09048
0.916178
1.05856
0.986308
0.991367
1.01655
0.975511
0.986584
1.0031
1.08905
0.898018
0.990818
0.963605
0.99939
0.981935
0.951856
1.0038
0.839979
1.142
0.955127
1.03888
0.966027
1.03634
1.03099
0.920481
0.93074
1.05538
0.945532
1.02574
0.93757
1.02109
0.974621
1.0058
0.958789
1.03681
0.960553
0.948419
1.03152
0.942059
0.92126
1.05392
1.06699
0.944594
0.978923
1.00095
0.934588
1.01304
0.839785
1.16098
0.991933
0.839916
1.13761
0.838133
0.997859
0.943119
0.786572
1.18463
1.31429
0.654734
1.00991
0.958434
1.05283
0.88661
0.646402
1.3055
0.917708
1.06254
0.995003
0.99778
0.990654
0.969523
0.77186
1.19903
1.13561
0.830178
0.970222
0.985043
1.00803
0.990887
0.924307
1.0764
1.00007
0.984363
0.793069
1.11762
0.834916
1.10164
0.99918
0.977754
0.980836
0.995671
1.0173
1.01021
1.12552
0.828667
0.985917
0.98669
0.862615
1.10001
0.807073
1.12872
0.24274
1.71626
1.15733
0.832152
0.969762
0.998981
0.910497
0.965351
0.984894
0.969355
0.895862
1.10831
1.21744
0.716383
0.333493
1.59352
0.900155
1.08493
0.945024
1.02213
0.999289
0.990985
0.983418
1.00151
0.989222
1.00169
0.940339
1.05414
0.883951
1.08172
0.965622
0.988229
0.97477
0.976658
0.980988
1.0136
1.01835
0.956069
1.02343
0.938451
0.973708
1.00748
1.07638
0.915573
0.952512
0.998595
0.877093
1.04906
0.986418
0.97157
1.23876
0.735296
0.15604
1.81904
0.91591
1.06237
0.908802
1.0617
1.66748
0.220625
0.974739
0.997837
1.13398
0.830344
1.04068
0.941261
0.993231
0.954963
0.89094
1.05147
1.04081
0.935533
1.09977
0.7352
1.0299
0.954521
0.884826
1.0939
1.24541
0.720562
1.07968
0.88755
1.27927
0.688916
1.00628
0.981507
1.03872
0.923741
0.867337
1.1012
0.988423
0.963753
0.908426
1.0599
0.994919
0.974716
1.08449
0.911427
1.02132
0.894071
0.819214
1.1558
0.925205
1.06468
1.02296
0.921247
0.957916
1.00475
0.944435
1.03622
0.901126
1.07233
