0.1 1.125 0.317242
0.1 3.375 0.339042
0.1 5.625 0.343992
0.1 7.875 0.341334
0.1 10.125 0.328367
0.1 12.375 0.333905
0.1 14.625 0.336286
0.1 16.875 0.339898
0.1 19.125 0.331614
0.1 21.375 0.332245
0.1 23.625 0.334477
0.1 25.875 0.340523
0.1 28.125 0.337029
0.1 30.375 0.338994
0.1 32.625 0.341741
0.1 34.875 0.329336
0.1 37.125 0.341648
0.1 39.375 0.340392
0.1 41.625 0.341933
0.1 43.875 0.332942
0.3 1.125 0.328511
0.3 3.375 0.332744
0.3 5.625 0.330414
0.3 7.875 0.320205
0.3 10.125 0.326793
0.3 12.375 0.326647
0.3 14.625 0.320572
0.3 16.875 0.328823
0.3 19.125 0.324288
0.3 21.375 0.324148
0.3 23.625 0.332205
0.3 25.875 0.323684
0.3 28.125 0.321664
0.3 30.375 0.324204
0.3 32.625 0.325231
0.3 34.875 0.327249
0.3 37.125 0.324019
0.3 39.375 0.325663
0.3 41.625 0.325222
0.3 43.875 0.326892
0.5 1.125 0.320596
0.5 3.375 0.31515
0.5 5.625 0.307945
0.5 7.875 0.311213
0.5 10.125 0.316268
0.5 12.375 0.316134
0.5 14.625 0.309015
0.5 16.875 0.308083
0.5 19.125 0.304625
0.5 21.375 0.302342
0.5 23.625 0.312842
0.5 25.875 0.30624
0.5 28.125 0.311198
0.5 30.375 0.305339
0.5 32.625 0.307247
0.5 34.875 0.294676
0.5 37.125 0.30823
0.5 39.375 0.305257
0.5 41.625 0.307842
0.5 43.875 0.30349
0.7 1.125 0.300164
0.7 3.375 0.294653
0.7 5.625 0.294859
0.7 7.875 0.297547
0.7 10.125 0.297078
0.7 12.375 0.286791
0.7 14.625 0.294224
0.7 16.875 0.293242
0.7 19.125 0.289179
0.7 21.375 0.28383
0.7 23.625 0.282343
0.7 25.875 0.288612
0.7 28.125 0.284059
0.7 30.375 0.289063
0.7 32.625 0.28838
0.7 34.875 0.285234
0.7 37.125 0.280087
0.7 39.375 0.287634
0.7 41.625 0.277054
0.7 43.875 0.275364
0.9 1.125 0.265868
0.9 3.375 0.262672
0.9 5.625 0.264274
0.9 7.875 0.263395
0.9 10.125 0.256959
0.9 12.375 0.256239
0.9 14.625 0.251636
0.9 16.875 0.249091
0.9 19.125 0.254313
0.9 21.375 0.249035
0.9 23.625 0.256816
0.9 25.875 0.262563
0.9 28.125 0.25485
0.9 30.375 0.247897
0.9 32.625 0.254808
0.9 34.875 0.253336
0.9 37.125 0.247284
0.9 39.375 0.246651
0.9 41.625 0.244322
0.9 43.875 0.263904
1.1 1.125 0.213191
1.1 3.375 0.208972
1.1 5.625 0.212578
1.1 7.875 0.205515
1.1 10.125 0.20856
1.1 12.375 0.217607
1.1 14.625 0.202874
1.1 16.875 0.204509
1.1 19.125 0.210204
1.1 21.375 0.205289
1.1 23.625 0.207838
1.1 25.875 0.210352
1.1 28.125 0.209161
1.1 30.375 0.201981
1.1 32.625 0.206868
1.1 34.875 0.205441
1.1 37.125 0.223332
1.1 39.375 0.212752
1.1 41.625 0.199381
1.1 43.875 0.222524
1.3 1.125 0.144655
1.3 3.375 0.145228
1.3 5.625 0.143296
1.3 7.875 0.141133
1.3 10.125 0.1508
1.3 12.375 0.14525
1.3 14.625 0.151771
1.3 16.875 0.151811
1.3 19.125 0.150077
1.3 21.375 0.150304
1.3 23.625 0.159994
1.3 25.875 0.168653
1.3 28.125 0.167334
1.3 30.375 0.152393
1.3 32.625 0.162625
1.3 34.875 0.182705
1.3 37.125 0.19491
1.3 39.375 0.196903
1.3 41.625 0.17445
1.3 43.875 0.184991
1.5 1.125 0.0877971
1.5 3.375 0.0933015
1.5 5.625 0.0904802
1.5 7.875 0.0923307
1.5 10.125 0.0958862
1.5 12.375 0.0981978
1.5 14.625 0.102386
1.5 16.875 0.0993633
1.5 19.125 0.111252
1.5 21.375 0.115398
1.5 23.625 0.121108
1.5 25.875 0.119553
1.5 28.125 0.118226
1.5 30.375 0.130246
1.5 32.625 0.126794
1.5 34.875 0.132505
1.5 37.125 0.140611
1.5 39.375 0.127784
1.5 41.625 0.14665
1.5 43.875 0.139748
1.7 1.125 0.0558075
1.7 3.375 0.0565179
1.7 5.625 0.0550354
1.7 7.875 0.0607932
1.7 10.125 0.0610554
1.7 12.375 0.0621085
1.7 14.625 0.0635233
1.7 16.875 0.0696669
1.7 19.125 0.072901
1.7 21.375 0.0787089
1.7 23.625 0.0809747
1.7 25.875 0.0788062
1.7 28.125 0.0749167
1.7 30.375 0.0874778
1.7 32.625 0.0807336
1.7 34.875 0.0886289
1.7 37.125 0.0774391
1.7 39.375 0.0905481
1.7 41.625 0.08562
1.7 43.875 0.101183
1.9 1.125 0.0363632
1.9 3.375 0.0379988
1.9 5.625 0.037773
1.9 7.875 0.0392326
1.9 10.125 0.0386229
1.9 12.375 0.0392789
1.9 14.625 0.0418157
1.9 16.875 0.0458245
1.9 19.125 0.0491967
1.9 21.375 0.0504426
1.9 23.625 0.0528308
1.9 25.875 0.0554074
1.9 28.125 0.0497146
1.9 30.375 0.0543679
1.9 32.625 0.0575093
1.9 34.875 0.0534986
1.9 37.125 0.0584288
1.9 39.375 0.0573852
1.9 41.625 0.055446
1.9 43.875 0.0655823
2.1 1.125 0.0230589
2.1 3.375 0.0239248
2.1 5.625 0.0235208
2.1 7.875 0.0222045
2.1 10.125 0.0257064
2.1 12.375 0.0291686
2.1 14.625 0.0246929
2.1 16.875 0.0285415
2.1 19.125 0.03308
2.1 21.375 0.0322272
2.1 23.625 0.0323124
2.1 25.875 0.0378831
2.1 28.125 0.0360824
2.1 30.375 0.0395155
2.1 32.625 0.044202
2.1 34.875 0.0368307
2.1 37.125 0.0408739
2.1 39.375 0.0424304
2.1 41.625 0.0423143
2.1 43.875 0.0420722
2.3 1.125 0.0121391
2.3 3.375 0.0125216
2.3 5.625 0.0130158
2.3 7.875 0.0133385
2.3 10.125 0.0142871
2.3 12.375 0.0157068
2.3 14.625 0.0148915
2.3 16.875 0.0163118
2.3 19.125 0.0170841
2.3 21.375 0.0204873
2.3 23.625 0.0209326
2.3 25.875 0.0212436
2.3 28.125 0.0255058
2.3 30.375 0.0244267
2.3 32.625 0.0265351
2.3 34.875 0.0289527
2.3 37.125 0.0275421
2.3 39.375 0.0281167
2.3 41.625 0.0290042
2.3 43.875 0.0286661
2.5 1.125 0.00732547
2.5 3.375 0.00709606
2.5 5.625 0.00751081
2.5 7.875 0.00820754
2.5 10.125 0.00804933
2.5 12.375 0.00876703
2.5 14.625 0.00848453
2.5 16.875 0.00872566
2.5 19.125 0.0103403
2.5 21.375 0.0113197
2.5 23.625 0.0117295
2.5 25.875 0.0120562
2.5 28.125 0.0154103
2.5 30.375 0.0160017
2.5 32.625 0.0176641
2.5 34.875 0.0173419
2.5 37.125 0.0194846
2.5 39.375 0.0208332
2.5 41.625 0.0185729
2.5 43.875 0.0205491
2.7 1.125 0.00672871
2.7 3.375 0.00586081
2.7 5.625 0.00531697
2.7 7.875 0.00650531
2.7 10.125 0.0064667
2.7 12.375 0.00677572
2.7 14.625 0.00588638
2.7 16.875 0.00619019
2.7 19.125 0.00780371
2.7 21.375 0.00675947
2.7 23.625 0.00757616
2.7 25.875 0.00733785
2.7 28.125 0.00956724
2.7 30.375 0.0102242
2.7 32.625 0.0114662
2.7 34.875 0.0124285
2.7 37.125 0.0126168
2.7 39.375 0.0139438
2.7 41.625 0.0132474
2.7 43.875 0.0155959
2.9 1.125 0.00585859
2.9 3.375 0.00550329
2.9 5.625 0.00587297
2.9 7.875 0.00532459
2.9 10.125 0.00533176
2.9 12.375 0.00548702
2.9 14.625 0.00735882
2.9 16.875 0.00598009
2.9 19.125 0.00634216
2.9 21.375 0.00605889
2.9 23.625 0.00540148
2.9 25.875 0.00515469
2.9 28.125 0.0063007
2.9 30.375 0.00658906
2.9 32.625 0.00696675
2.9 34.875 0.00776372
2.9 37.125 0.00795419
2.9 39.375 0.00921038
2.9 41.625 0.0101872
2.9 43.875 0.010098
3.1 1.125 0.00605539
3.1 3.375 0.00479055
3.1 5.625 0.00574042
3.1 7.875 0.00538142
3.1 10.125 0.00523991
3.1 12.375 0.00462412
3.1 14.625 0.0070832
3.1 16.875 0.00445982
3.1 19.125 0.00456189
3.1 21.375 0.00585841
3.1 23.625 0.00735431
3.1 25.875 0.00620354
3.1 28.125 0.00559111
3.1 30.375 0.00504781
3.1 32.625 0.00587985
3.1 34.875 0.00497386
3.1 37.125 0.00577974
3.1 39.375 0.00642776
3.1 41.625 0.00683959
3.1 43.875 0.00869883
3.3 1.125 0.00530218
3.3 3.375 0.00482461
3.3 5.625 0.00473652
3.3 7.875 0.0041545
3.3 10.125 0.0045197
3.3 12.375 0.00642645
3.3 14.625 0.00420786
3.3 16.875 0.00373767
3.3 19.125 0.00461838
3.3 21.375 0.00485942
3.3 23.625 0.00439477
3.3 25.875 0.00462297
3.3 28.125 0.00518649
3.3 30.375 0.00536059
3.3 32.625 0.00569005
3.3 34.875 0.00571822
3.3 37.125 0.00501569
3.3 39.375 0.00561682
3.3 41.625 0.00557851
3.3 43.875 0.00669036
3.5 1.125 0.00478307
3.5 3.375 0.00471172
3.5 5.625 0.00525344
3.5 7.875 0.00453558
3.5 10.125 0.00463023
3.5 12.375 0.0041724
3.5 14.625 0.00402735
3.5 16.875 0.00496745
3.5 19.125 0.00437755
3.5 21.375 0.00526745
3.5 23.625 0.00459568
3.5 25.875 0.00812614
3.5 28.125 0.00516088
3.5 30.375 0.00453611
3.5 32.625 0.00526528
3.5 34.875 0.00491606
3.5 37.125 0.00520442
3.5 39.375 0.00449815
3.5 41.625 0.00441932
3.5 43.875 0.00412681
3.7 1.125 0.00441494
3.7 3.375 0.00505197
3.7 5.625 0.00458005
3.7 7.875 0.00461217
3.7 10.125 0.00369857
3.7 12.375 0.00404945
3.7 14.625 0.00483751
3.7 16.875 0.0050517
3.7 19.125 0.00537528
3.7 21.375 0.00564522
3.7 23.625 0.0046242
3.7 25.875 0.00578223
3.7 28.125 0.00430662
3.7 30.375 0.00465783
3.7 32.625 0.00437231
3.7 34.875 0.00534443
3.7 37.125 0.00469925
3.7 39.375 0.00418085
3.7 41.625 0.00378828
3.7 43.875 0.00362291
3.9 1.125 0.00410557
3.9 3.375 0.00414197
3.9 5.625 0.00408052
3.9 7.875 0.00359734
3.9 10.125 0.0037169
3.9 12.375 0.00381454
3.9 14.625 0.00341014
3.9 16.875 0.00463019
3.9 19.125 0.00410462
3.9 21.375 0.00757646
3.9 23.625 0.00426163
3.9 25.875 0.00397965
3.9 28.125 0.00479563
3.9 30.375 0.00350081
3.9 32.625 0.00463634
3.9 34.875 0.00439613
3.9 37.125 0.00419133
3.9 39.375 0.00415385
3.9 41.625 0.00363082
3.9 43.875 0.00349607
4.1 1.125 0.00376269
4.1 3.375 0.00421634
4.1 5.625 0.00491779
4.1 7.875 0.00431572
4.1 10.125 0.0035837
4.1 12.375 0.00415608
4.1 14.625 0.00398022
4.1 16.875 0.00604552
4.1 19.125 0.003454
4.1 21.375 0.0043621
4.1 23.625 0.00418777
4.1 25.875 0.00379075
4.1 28.125 0.00404179
4.1 30.375 0.00457648
4.1 32.625 0.00390178
4.1 34.875 0.00412027
4.1 37.125 0.00349101
4.1 39.375 0.00350068
4.1 41.625 0.00346399
4.1 43.875 0.00397341
4.3 1.125 0.00398757
4.3 3.375 0.00346882
4.3 5.625 0.003796
4.3 7.875 0.00394545
4.3 10.125 0.00352235
4.3 12.375 0.00350865
4.3 14.625 0.00433183
4.3 16.875 0.00353834
4.3 19.125 0.0035277
4.3 21.375 0.00369148
4.3 23.625 0.00333252
4.3 25.875 0.00367038
4.3 28.125 0.00390896
4.3 30.375 0.00364062
4.3 32.625 0.00403325
4.3 34.875 0.00299699
4.3 37.125 0.00356748
4.3 39.375 0.00306584
4.3 41.625 0.00313502
4.3 43.875 0.00334634
4.5 1.125 0.00316845
4.5 3.375 0.00336192
4.5 5.625 0.00352063
4.5 7.875 0.00335261
4.5 10.125 0.00367847
4.5 12.375 0.00330763
4.5 14.625 0.003954
4.5 16.875 0.00362119
4.5 19.125 0.00300144
4.5 21.375 0.00355995
4.5 23.625 0.0036383
4.5 25.875 0.00344904
4.5 28.125 0.00444279
4.5 30.375 0.00406954
4.5 32.625 0.00350741
4.5 34.875 0.00342023
4.5 37.125 0.00332357
4.5 39.375 0.00372394
4.5 41.625 0.00350051
4.5 43.875 0.00331983
4.7 1.125 0.00335457
4.7 3.375 0.00336555
4.7 5.625 0.00361638
4.7 7.875 0.0035568
4.7 10.125 0.00347374
4.7 12.375 0.00362732
4.7 14.625 0.00336056
4.7 16.875 0.00370678
4.7 19.125 0.00344039
4.7 21.375 0.00308112
4.7 23.625 0.00346614
4.7 25.875 0.00353741
4.7 28.125 0.00388703
4.7 30.375 0.00340227
4.7 32.625 0.00346473
4.7 34.875 0.00294892
4.7 37.125 0.00290756
4.7 39.375 0.00305871
4.7 41.625 0.00268657
4.7 43.875 0.00248041
4.9 1.125 0.0030995
4.9 3.375 0.00267118
4.9 5.625 0.00293648
4.9 7.875 0.00266271
4.9 10.125 0.00388595
4.9 12.375 0.00305014
4.9 14.625 0.00355679
4.9 16.875 0.00339441
4.9 19.125 0.0036908
4.9 21.375 0.00359344
4.9 23.625 0.00347672
4.9 25.875 0.00359721
4.9 28.125 0.00337508
4.9 30.375 0.00336372
4.9 32.625 0.00318179
4.9 34.875 0.0029386
4.9 37.125 0.0028629
4.9 39.375 0.00327307
4.9 41.625 0.00258892
4.9 43.875 0.00286793
5.1 1.125 0.00258288
5.1 3.375 0.00273225
5.1 5.625 0.00252644
5.1 7.875 0.00291133
5.1 10.125 0.00250972
5.1 12.375 0.00247822
5.1 14.625 0.00254768
5.1 16.875 0.00280745
5.1 19.125 0.00288767
5.1 21.375 0.00282396
5.1 23.625 0.00305221
5.1 25.875 0.00338351
5.1 28.125 0.00314244
5.1 30.375 0.0035246
5.1 32.625 0.00270415
5.1 34.875 0.00313153
5.1 37.125 0.002974
5.1 39.375 0.00306893
5.1 41.625 0.00203385
5.1 43.875 0.00320317
5.3 1.125 0.00320479
5.3 3.375 0.00246237
5.3 5.625 0.0029755
5.3 7.875 0.0025518
5.3 10.125 0.00261919
5.3 12.375 0.00268526
5.3 14.625 0.00285422
5.3 16.875 0.00270196
5.3 19.125 0.00265595
5.3 21.375 0.00262994
5.3 23.625 0.00286875
5.3 25.875 0.00307083
5.3 28.125 0.00305418
5.3 30.375 0.00312788
5.3 32.625 0.00310015
5.3 34.875 0.00334984
5.3 37.125 0.00313593
5.3 39.375 0.00271089
5.3 41.625 0.00305514
5.3 43.875 0.00253947
5.5 1.125 0.00251099
5.5 3.375 0.00276362
5.5 5.625 0.00281261
5.5 7.875 0.00255141
5.5 10.125 0.00231083
5.5 12.375 0.00205142
5.5 14.625 0.00273573
5.5 16.875 0.0027579
5.5 19.125 0.002266
5.5 21.375 0.00248693
5.5 23.625 0.00281124
5.5 25.875 0.00297148
5.5 28.125 0.0028237
5.5 30.375 0.00395061
5.5 32.625 0.00296488
5.5 34.875 0.00259968
5.5 37.125 0.00250963
5.5 39.375 0.00622709
5.5 41.625 0.00359288
5.5 43.875 0.0032533
5.7 1.125 0.0026438
5.7 3.375 0.00229987
5.7 5.625 0.00301098
5.7 7.875 0.00230597
5.7 10.125 0.00233276
5.7 12.375 0.00241768
5.7 14.625 0.00247658
5.7 16.875 0.00258126
5.7 19.125 0.00274764
5.7 21.375 0.00248725
5.7 23.625 0.00267276
5.7 25.875 0.00391951
5.7 28.125 0.002688
5.7 30.375 0.00264467
5.7 32.625 0.00263677
5.7 34.875 0.00264226
5.7 37.125 0.00415541
5.7 39.375 0.0033547
5.7 41.625 0.00252332
5.7 43.875 0.00299334
5.9 1.125 0.00254959
5.9 3.375 0.00255832
5.9 5.625 0.00319307
5.9 7.875 0.00261475
5.9 10.125 0.00216446
5.9 12.375 0.0022361
5.9 14.625 0.00268552
5.9 16.875 0.00287825
5.9 19.125 0.00224883
5.9 21.375 0.00262728
5.9 23.625 0.00222877
5.9 25.875 0.00242414
5.9 28.125 0.00239328
5.9 30.375 0.00241714
5.9 32.625 0.00261655
5.9 34.875 0.00235788
5.9 37.125 0.00282437
5.9 39.375 0.00335501
5.9 41.625 0.00258362
5.9 43.875 0.00281946
6.1 1.125 0.00231014
6.1 3.375 0.00268391
6.1 5.625 0.00243014
6.1 7.875 0.00231692
6.1 10.125 0.00172459
6.1 12.375 0.00277236
6.1 14.625 0.00256255
6.1 16.875 0.00277959
6.1 19.125 0.00318481
6.1 21.375 0.00248417
6.1 23.625 0.00266377
6.1 25.875 0.00234948
6.1 28.125 0.00266064
6.1 30.375 0.00243308
6.1 32.625 0.00248985
6.1 34.875 0.00285787
6.1 37.125 0.00267368
6.1 39.375 0.0027265
6.1 41.625 0.00246825
6.1 43.875 0.00258674
6.3 1.125 0.00233067
6.3 3.375 0.00290898
6.3 5.625 0.00256351
6.3 7.875 0.00233717
6.3 10.125 0.0027821
6.3 12.375 0.00215462
6.3 14.625 0.00265673
6.3 16.875 0.0032431
6.3 19.125 0.0026743
6.3 21.375 0.00272944
6.3 23.625 0.00249817
6.3 25.875 0.00221147
6.3 28.125 0.00227511
6.3 30.375 0.00232521
6.3 32.625 0.00210988
6.3 34.875 0.00261128
6.3 37.125 0.00302123
6.3 39.375 0.00265795
6.3 41.625 0.0031154
6.3 43.875 0.00268853
6.5 1.125 0.00262994
6.5 3.375 0.00264055
6.5 5.625 0.00281923
6.5 7.875 0.0023971
6.5 10.125 0.00327248
6.5 12.375 0.00267604
6.5 14.625 0.00205442
6.5 16.875 0.00268626
6.5 19.125 0.00263044
6.5 21.375 0.00262242
6.5 23.625 0.00215563
6.5 25.875 0.00236388
6.5 28.125 0.00230062
6.5 30.375 0.00245911
6.5 32.625 0.00247077
6.5 34.875 0.00209403
6.5 37.125 0.00230949
6.5 39.375 0.00257919
6.5 41.625 0.00253339
6.5 43.875 0.00306927
6.7 1.125 0.00254121
6.7 3.375 0.00342753
6.7 5.625 0.00262244
6.7 7.875 0.0026637
6.7 10.125 0.0024631
6.7 12.375 0.00273641
6.7 14.625 0.00269929
6.7 16.875 0.00278797
6.7 19.125 0.00242143
6.7 21.375 0.00254519
6.7 23.625 0.00316592
6.7 25.875 0.00258584
6.7 28.125 0.00283729
6.7 30.375 0.00169454
6.7 32.625 0.00257027
6.7 34.875 0.00238289
6.7 37.125 0.00675101
6.7 39.375 0.00223348
6.7 41.625 0.00239908
6.7 43.875 0.0028005
6.9 1.125 0.00265335
6.9 3.375 0.00287211
6.9 5.625 0.00330969
6.9 7.875 0.00277617
6.9 10.125 0.00262971
6.9 12.375 0.00311549
6.9 14.625 0.00280206
6.9 16.875 0.00588426
6.9 19.125 0.00248419
6.9 21.375 0.00236528
6.9 23.625 0.00225274
6.9 25.875 0.00190576
6.9 28.125 0.00374293
6.9 30.375 0.00208842
6.9 32.625 0.00290961
6.9 34.875 0.00227699
6.9 37.125 0.0019326
6.9 39.375 0.00227865
6.9 41.625 0.00222193
6.9 43.875 0.00243118
7.1 1.125 0.0024755
7.1 3.375 0.00240468
7.1 5.625 0.00257388
7.1 7.875 0.00246945
7.1 10.125 0.00266613
7.1 12.375 0.00312527
7.1 14.625 0.00368475
7.1 16.875 0.00263258
7.1 19.125 0.002538
7.1 21.375 0.00226539
7.1 23.625 0.00241053
7.1 25.875 0.00306738
7.1 28.125 0.00193953
7.1 30.375 0.00214215
7.1 32.625 0.00205471
7.1 34.875 0.00235769
7.1 37.125 0.00231863
7.1 39.375 0.00257793
7.1 41.625 0.0021651
7.1 43.875 0.0027003
7.3 1.125 0.00212073
7.3 3.375 0.00457926
7.3 5.625 0.00249963
7.3 7.875 0.00291644
7.3 10.125 0.00259753
7.3 12.375 0.00252342
7.3 14.625 0.00228936
7.3 16.875 0.00269426
7.3 19.125 0.00263874
7.3 21.375 0.00264618
7.3 23.625 0.00287887
7.3 25.875 0.00259889
7.3 28.125 0.00217854
7.3 30.375 0.00224998
7.3 32.625 0.0025174
7.3 34.875 0.00259964
7.3 37.125 0.00221613
7.3 39.375 0.00254705
7.3 41.625 0.00202198
7.3 43.875 0.002726
7.5 1.125 0.00209548
7.5 3.375 0.00213874
7.5 5.625 0.00223399
7.5 7.875 0.00217521
7.5 10.125 0.00217793
7.5 12.375 0.00239301
7.5 14.625 0.00409294
7.5 16.875 0.00264078
7.5 19.125 0.0020551
7.5 21.375 0.00340256
7.5 23.625 0.00228171
7.5 25.875 0.00195074
7.5 28.125 0.00243111
7.5 30.375 0.0030195
7.5 32.625 0.00257116
7.5 34.875 0.00215564
7.5 37.125 0.00200856
7.5 39.375 0.0025262
7.5 41.625 0.0019952
7.5 43.875 0.00189593
7.7 1.125 0.00453672
7.7 3.375 0.00277622
7.7 5.625 0.00189421
7.7 7.875 0.00240721
7.7 10.125 0.00225715
7.7 12.375 0.00299616
7.7 14.625 0.00181943
7.7 16.875 0.00210852
7.7 19.125 0.00482315
7.7 21.375 0.00268976
7.7 23.625 0.00359043
7.7 25.875 0.00351919
7.7 28.125 0.00204718
7.7 30.375 0.00267263
7.7 32.625 0.00182673
7.7 34.875 0.00223821
7.7 37.125 0.0025234
7.7 39.375 0.00243467
7.7 41.625 0.00215642
7.7 43.875 0.00239231
7.9 1.125 0.00285479
7.9 3.375 0.00214407
7.9 5.625 0.00190516
7.9 7.875 0.0019925
7.9 10.125 0.00196788
7.9 12.375 0.00178926
7.9 14.625 0.00227099
7.9 16.875 0.00224897
7.9 19.125 0.00221518
7.9 21.375 0.0021121
7.9 23.625 0.00227313
7.9 25.875 0.00265852
7.9 28.125 0.00263303
7.9 30.375 0.00232497
7.9 32.625 0.00231673
7.9 34.875 0.00225974
7.9 37.125 0.00285217
7.9 39.375 0.00252664
7.9 41.625 0.00193548
7.9 43.875 0.00239726
8.1 1.125 0.00209537
8.1 3.375 0.00265726
8.1 5.625 0.00185382
8.1 7.875 0.00319025
8.1 10.125 0.00213919
8.1 12.375 0.00238724
8.1 14.625 0.0020093
8.1 16.875 0.00232147
8.1 19.125 0.00209089
8.1 21.375 0.00310532
8.1 23.625 0.00200838
8.1 25.875 0.00249841
8.1 28.125 0.00297723
8.1 30.375 0.00242298
8.1 32.625 0.00188549
8.1 34.875 0.00252621
8.1 37.125 0.00223656
8.1 39.375 0.00235273
8.1 41.625 0.00187716
8.1 43.875 0.00244983
8.3 1.125 0.00182858
8.3 3.375 0.00197288
8.3 5.625 0.00233421
8.3 7.875 0.00339182
8.3 10.125 0.00242322
8.3 12.375 0.00256935
8.3 14.625 0.00217813
8.3 16.875 0.00248658
8.3 19.125 0.00261737
8.3 21.375 0.00199018
8.3 23.625 0.00229732
8.3 25.875 0.00194465
8.3 28.125 0.00216655
8.3 30.375 0.00228398
8.3 32.625 0.00296045
8.3 34.875 0.00252376
8.3 37.125 0.00226032
8.3 39.375 0.00199963
8.3 41.625 0.00178443
8.3 43.875 0.00200964
8.5 1.125 0.00251889
8.5 3.375 0.00258594
8.5 5.625 0.00212008
8.5 7.875 0.00133321
8.5 10.125 0.00307661
8.5 12.375 0.00196366
8.5 14.625 0.00230234
8.5 16.875 0.00190887
8.5 19.125 0.00215183
8.5 21.375 0.00209006
8.5 23.625 0.00203725
8.5 25.875 0.00238212
8.5 28.125 0.00203328
8.5 30.375 0.00204589
8.5 32.625 0.00258859
8.5 34.875 0.00272215
8.5 37.125 0.0019922
8.5 39.375 0.00235896
8.5 41.625 0.00207338
8.5 43.875 0.00190048
8.7 1.125 0.00239548
8.7 3.375 0.00217771
8.7 5.625 0.00182339
8.7 7.875 0.00169683
8.7 10.125 0.00448472
8.7 12.375 0.0028986
8.7 14.625 0.00296917
8.7 16.875 0.00280335
8.7 19.125 0.00219267
8.7 21.375 0.00276372
8.7 23.625 0.00230493
8.7 25.875 0.0025875
8.7 28.125 0.00143979
8.7 30.375 0.00248065
8.7 32.625 0.00210849
8.7 34.875 0.00193596
8.7 37.125 0.00221736
8.7 39.375 0.0022107
8.7 41.625 0.00126842
8.7 43.875 0.00346675
8.9 1.125 0.00227551
8.9 3.375 0.00265403
8.9 5.625 0.013584
8.9 7.875 0.00254529
8.9 10.125 0.00203991
8.9 12.375 0.00214755
8.9 14.625 0.00241576
8.9 16.875 0.00178605
8.9 19.125 0.0025025
8.9 21.375 0.00169354
8.9 23.625 0.00184387
8.9 25.875 0.00170972
8.9 28.125 0.0026333
8.9 30.375 0.00215039
8.9 32.625 0.00223351
8.9 34.875 0.00349787
8.9 37.125 0.00218997
8.9 39.375 0.001676
8.9 41.625 0.0029107
8.9 43.875 0.00252844
9.1 1.125 0.00262673
9.1 3.375 0.00226836
9.1 5.625 0.00248532
9.1 7.875 0.00152739
9.1 10.125 0.00233506
9.1 12.375 0.00220513
9.1 14.625 0.00240564
9.1 16.875 0.00282081
9.1 19.125 0.00179654
9.1 21.375 0.00178843
9.1 23.625 0.00193085
9.1 25.875 0.00206116
9.1 28.125 0.00248302
9.1 30.375 0.00245839
9.1 32.625 0.00205554
9.1 34.875 0.0018786
9.1 37.125 0.00209601
9.1 39.375 0.00183002
9.1 41.625 0.00259983
9.1 43.875 0.00145901
9.3 1.125 0.00278025
9.3 3.375 0.00256194
9.3 5.625 0.00291882
9.3 7.875 0.00203929
9.3 10.125 0.00212663
9.3 12.375 0.00231624
9.3 14.625 0.00205297
9.3 16.875 0.00325204
9.3 19.125 0.00255614
9.3 21.375 0.00341104
9.3 23.625 0.00279215
9.3 25.875 0.00156571
9.3 28.125 0.0017465
9.3 30.375 0.00257587
9.3 32.625 0.00171045
9.3 34.875 0.00188086
9.3 37.125 0.00176837
9.3 39.375 0.00211967
9.3 41.625 0.00248694
9.3 43.875 0.00210142
9.5 1.125 0.0020435
9.5 3.375 0.00154589
9.5 5.625 0.0017139
9.5 7.875 0.00250759
9.5 10.125 0.00216952
9.5 12.375 0.0108368
9.5 14.625 0.00214557
9.5 16.875 0.0021648
9.5 19.125 0.00175389
9.5 21.375 0.00212548
9.5 23.625 0.00222459
9.5 25.875 0.00259401
9.5 28.125 0.0021096
9.5 30.375 0.00215075
9.5 32.625 0.00334908
9.5 34.875 0.00202051
9.5 37.125 0.00258805
9.5 39.375 0.00235212
9.5 41.625 0.00213706
9.5 43.875 0.00175776
9.7 1.125 0.00237659
9.7 3.375 0.002789
9.7 5.625 0.00184192
9.7 7.875 0.00224293
9.7 10.125 0.00271093
9.7 12.375 0.00280227
9.7 14.625 0.00193773
9.7 16.875 0.0019384
9.7 19.125 0.00231381
9.7 21.375 0.00207537
9.7 23.625 0.00321238
9.7 25.875 0.00195477
9.7 28.125 0.0018754
9.7 30.375 0.00219239
9.7 32.625 0.00240244
9.7 34.875 0.00167861
9.7 37.125 0.00210216
9.7 39.375 0.00156034
9.7 41.625 0.0020643
9.7 43.875 0.00214992
9.9 1.125 0.00357559
9.9 3.375 0.00216117
9.9 5.625 0.0022086
9.9 7.875 0.00211677
9.9 10.125 0.0024099
9.9 12.375 0.00255204
9.9 14.625 0.00250543
9.9 16.875 0.00223504
9.9 19.125 0.00184311
9.9 21.375 0.0018088
9.9 23.625 0.00173538
9.9 25.875 0.00228976
9.9 28.125 0.00231386
9.9 30.375 0.00197421
9.9 32.625 0.00187213
9.9 34.875 0.00219921
9.9 37.125 0.00182342
9.9 39.375 0.00170928
9.9 41.625 0.00174822
9.9 43.875 0.00173271
10.1 1.125 0.00212542
10.1 3.375 0.00206257
10.1 5.625 0.00206132
10.1 7.875 0.00153642
10.1 10.125 0.00301146
10.1 12.375 0.00254778
10.1 14.625 0.00187576
10.1 16.875 0.00184844
10.1 19.125 0.00225138
10.1 21.375 0.00167037
10.1 23.625 0.00148616
10.1 25.875 0.00211921
10.1 28.125 0.00242925
10.1 30.375 0.00238315
10.1 32.625 0.00258568
10.1 34.875 0.00165047
10.1 37.125 0.00216853
10.1 39.375 0.00152926
10.1 41.625 0.00252218
10.1 43.875 0.00200655
10.3 1.125 0.00171211
10.3 3.375 0.00202868
10.3 5.625 0.00231295
10.3 7.875 0.00211458
10.3 10.125 0.00160783
10.3 12.375 0.00160384
10.3 14.625 0.00203185
10.3 16.875 0.00233299
10.3 19.125 0.00202319
10.3 21.375 0.00231208
10.3 23.625 0.00190576
10.3 25.875 0.00264847
10.3 28.125 0.00174036
10.3 30.375 0.00201001
10.3 32.625 0.00221603
10.3 34.875 0.00229137
10.3 37.125 0.00155489
10.3 39.375 0.00219855
10.3 41.625 0.00254994
10.3 43.875 0.00196791
10.5 1.125 0.00256681
10.5 3.375 0.00229724
10.5 5.625 0.00225066
10.5 7.875 0.00153284
10.5 10.125 0.00196223
10.5 12.375 0.00178747
10.5 14.625 0.00183052
10.5 16.875 0.00238711
10.5 19.125 0.00193494
10.5 21.375 0.00195074
10.5 23.625 0.00193957
10.5 25.875 0.00251591
10.5 28.125 0.0020795
10.5 30.375 0.00354697
10.5 32.625 0.00262925
10.5 37.125 0.00231094
10.5 39.375 0.00185543
10.5 41.625 0.00211556
10.5 43.875 0.0014942
10.7 1.125 0.0016185
10.7 3.375 0.00239445
10.7 5.625 0.00341798
10.7 7.875 0.0028308
10.7 10.125 0.00287406
10.7 12.375 0.00224743
10.7 14.625 0.00180554
10.7 16.875 0.00168968
10.7 19.125 0.00212244
10.7 21.375 0.00187971
10.7 23.625 0.00189111
10.7 25.875 0.00226486
10.7 28.125 0.0021539
10.7 30.375 0.00170072
10.7 32.625 0.00171126
10.7 34.875 0.00187107
10.7 37.125 0.00196563
10.7 39.375 0.0024068
10.7 41.625 0.00232828
10.7 43.875 0.00268153
10.9 1.125 0.00183726
10.9 3.375 0.00188044
10.9 5.625 0.00232113
10.9 7.875 0.0016644
10.9 10.125 0.00275794
10.9 12.375 0.00192595
10.9 14.625 0.00302276
10.9 16.875 0.00206911
10.9 21.375 0.0026738
10.9 23.625 0.00219836
10.9 25.875 0.00282338
10.9 28.125 0.00209127
10.9 30.375 0.00199695
10.9 32.625 0.00328224
10.9 34.875 0.00298196
10.9 37.125 0.00300152
10.9 39.375 0.00189581
10.9 41.625 0.00179021
10.9 43.875 0.00277484
11.1 1.125 0.00203549
11.1 3.375 0.00231326
11.1 5.625 0.00159711
11.1 7.875 0.00173267
11.1 10.125 0.00155001
11.1 12.375 0.00224473
11.1 14.625 0.00274508
11.1 16.875 0.00157475
11.1 19.125 0.00141377
11.1 21.375 0.0014072
11.1 23.625 0.00211171
11.1 25.875 0.00233223
11.1 28.125 0.00168189
11.1 30.375 0.00223507
11.1 32.625 0.0015551
11.1 34.875 0.00178391
11.1 37.125 0.00152041
11.1 39.375 0.00220933
11.1 41.625 0.00302424
11.1 43.875 0.00240902
11.3 1.125 0.00249271
11.3 3.375 0.00318609
11.3 7.875 0.00242922
11.3 10.125 0.00144032
11.3 12.375 0.00251788
11.3 14.625 0.00188257
11.3 16.875 0.00204388
11.3 21.375 0.00162231
11.3 23.625 0.00156815
11.3 25.875 0.00159142
11.3 28.125 0.00236264
11.3 30.375 0.00280162
11.3 32.625 0.00238684
11.3 34.875 0.00209219
11.3 37.125 0.00160564
11.3 39.375 0.00201768
11.3 41.625 0.00143149
11.3 43.875 0.00184779
11.5 1.125 0.00249363
11.5 3.375 0.0021079
11.5 7.875 0.00132068
11.5 10.125 0.00149979
11.5 12.375 0.00189936
11.5 14.625 0.00196618
11.5 16.875 0.00204693
11.5 19.125 0.0020677
11.5 21.375 0.00271489
11.5 23.625 0.00226196
11.5 25.875 0.00217264
11.5 28.125 0.00163147
11.5 30.375 0.00229433
11.5 32.625 0.00289882
11.5 34.875 0.00227942
11.5 37.125 0.00196577
11.5 39.375 0.00169223
11.5 41.625 0.00195195
11.5 43.875 0.00234224
11.7 1.125 0.00349527
11.7 3.375 0.00228806
11.7 5.625 0.00269866
11.7 7.875 0.00262064
11.7 10.125 0.00158195
11.7 12.375 0.00207684
11.7 14.625 0.00184521
11.7 16.875 0.00175515
11.7 19.125 0.00222429
11.7 23.625 0.00207283
11.7 25.875 0.00221896
11.7 28.125 0.00235905
11.7 30.375 0.00191422
11.7 32.625 0.00206552
11.7 34.875 0.00221893
11.7 37.125 0.0021752
11.7 39.375 0.0018927
11.7 41.625 0.00136806
11.7 43.875 0.00201827
11.9 1.125 0.00238665
11.9 3.375 0.011616
11.9 5.625 0.00381751
11.9 7.875 0.00319394
11.9 10.125 0.00479376
11.9 12.375 0.00249236
11.9 14.625 0.00186332
11.9 16.875 0.00204674
11.9 19.125 0.00246043
11.9 21.375 0.00216537
11.9 23.625 0.00191157
11.9 25.875 0.00255388
11.9 28.125 0.00142994
11.9 30.375 0.00121878
11.9 32.625 0.00202536
11.9 34.875 0.00152764
11.9 37.125 0.00219447
11.9 39.375 0.0020589
11.9 41.625 0.00268999
11.9 43.875 0.00205381
12.1 1.125 0.00207653
12.1 3.375 0.00202007
12.1 5.625 0.00159634
12.1 7.875 0.00144551
12.1 10.125 0.00219063
12.1 12.375 0.00187693
12.1 14.625 0.00151355
12.1 16.875 0.00292492
12.1 19.125 0.00356943
12.1 21.375 0.0012524
12.1 23.625 0.00161841
12.1 25.875 0.00222955
12.1 28.125 0.00144953
12.1 30.375 0.00204277
12.1 32.625 0.00163879
12.1 34.875 0.000961677
12.1 37.125 0.00266212
12.1 39.375 0.00164438
12.1 41.625 0.00274952
12.1 43.875 0.00263955
12.3 1.125 0.00207192
12.3 3.375 0.00269938
12.3 5.625 0.00150396
12.3 7.875 0.00260412
12.3 10.125 0.00238134
12.3 12.375 0.00313786
12.3 14.625 0.00304015
12.3 16.875 0.00188796
12.3 19.125 0.00226802
12.3 21.375 0.00281861
12.3 23.625 0.00182398
12.3 25.875 0.00228297
12.3 32.625 0.00268666
12.3 34.875 0.00221763
12.3 37.125 0.0020939
12.3 39.375 0.00257277
12.3 41.625 0.00146161
12.3 43.875 0.00224372
12.5 1.125 0.00136142
12.5 3.375 0.00293564
12.5 5.625 0.00255009
12.5 7.875 0.0034923
12.5 10.125 0.00236264
12.5 12.375 0.00210156
12.5 14.625 0.00454319
12.5 16.875 0.0021284
12.5 19.125 0.00179341
12.5 21.375 0.00117768
12.5 23.625 0.00147031
12.5 25.875 0.00194115
12.5 28.125 0.00120212
12.5 30.375 0.00284798
12.5 32.625 0.00164693
12.5 34.875 0.00188885
12.5 37.125 0.00263831
12.5 41.625 0.00174603
12.7 1.125 0.00174458
12.7 3.375 0.00191153
12.7 5.625 0.00118892
12.7 7.875 0.00166986
12.7 10.125 0.00240212
12.7 12.375 0.00174967
12.7 14.625 0.0016067
12.7 16.875 0.00250789
12.7 19.125 0.00162986
12.7 21.375 0.00123468
12.7 23.625 0.0014724
12.7 25.875 0.00145322
12.7 28.125 0.00212567
12.7 32.625 0.00175696
12.7 34.875 0.00163115
12.7 37.125 0.0184063
12.7 39.375 0.00283089
12.7 41.625 0.00216208
12.7 43.875 0.00228087
12.9 1.125 0.00258791
12.9 3.375 0.00237086
12.9 5.625 0.00190364
12.9 7.875 0.00178013
12.9 10.125 0.00192881
12.9 12.375 0.0016937
12.9 14.625 0.00279525
12.9 16.875 0.00232892
12.9 19.125 0.00297398
12.9 21.375 0.00182492
12.9 23.625 0.00259451
12.9 25.875 0.00134693
12.9 28.125 0.00323622
12.9 30.375 0.00217083
12.9 32.625 0.00275663
12.9 34.875 0.00150505
12.9 37.125 0.00148039
12.9 39.375 0.00205865
12.9 41.625 0.00237856
12.9 43.875 0.00176728
13.1 1.125 0.00116431
13.1 5.625 0.00188359
13.1 7.875 0.00392744
13.1 10.125 0.00210449
13.1 12.375 0.00147292
13.1 14.625 0.00220973
13.1 16.875 0.00167674
13.1 19.125 0.00174341
13.1 21.375 0.00220638
13.1 23.625 0.00120289
13.1 25.875 0.00222192
13.1 30.375 0.00197856
13.1 32.625 0.00157939
13.1 34.875 0.00152487
13.1 37.125 0.00169111
13.1 39.375 0.00222617
13.1 41.625 0.00228764
13.1 43.875 0.00265332
13.3 1.125 0.00137363
13.3 3.375 0.00167599
13.3 7.875 0.00167836
13.3 10.125 0.00168844
13.3 12.375 0.001131
13.3 14.625 0.00228838
13.3 19.125 0.00232019
13.3 21.375 0.00202609
13.3 23.625 0.00251825
13.3 25.875 0.00155665
13.3 30.375 0.00173785
13.3 32.625 0.00175886
13.3 34.875 0.00235629
13.3 37.125 0.00181698
13.3 39.375 0.00256409
13.3 41.625 0.00211529
13.3 43.875 0.00209496
13.5 5.625 0.00105085
13.5 10.125 0.00180589
13.5 16.875 0.00447727
13.5 19.125 0.00158139
13.5 21.375 0.00197873
13.5 23.625 0.002287
13.5 25.875 0.00169624
13.5 28.125 0.00141494
13.5 32.625 0.00125702
13.5 39.375 0.00319813
13.5 43.875 0.0020195
13.7 1.125 0.00177861
13.7 7.875 0.00235118
13.7 10.125 0.00185026
13.7 12.375 0.00297939
13.7 14.625 0.00200705
13.7 19.125 0.00166049
13.7 21.375 0.00154844
13.7 23.625 0.00243667
13.7 28.125 0.00248716
13.7 30.375 0.00226104
13.7 32.625 0.00292757
13.7 39.375 0.00122698
13.7 41.625 0.00186114
13.7 43.875 0.00186751
13.9 1.125 0.00144648
13.9 10.125 0.00173824
13.9 12.375 0.00171182
13.9 14.625 0.00136438
13.9 16.875 0.00176519
13.9 21.375 0.00199339
13.9 23.625 0.00264219
13.9 25.875 0.00171836
13.9 28.125 0.00219996
13.9 30.375 0.00167291
13.9 32.625 0.00190241
13.9 34.875 0.000548626
13.9 41.625 0.00369802
13.9 43.875 0.00214534
