0.1 1.125 0.428559
0.1 3.375 0.421582
0.1 5.625 0.421133
0.1 7.875 0.4248
0.1 10.125 0.428517
0.1 12.375 0.425631
0.1 14.625 0.416329
0.1 16.875 0.417456
0.1 19.125 0.414844
0.1 21.375 0.425685
0.1 23.625 0.427651
0.1 25.875 0.422452
0.1 28.125 0.418797
0.1 30.375 0.393243
0.1 32.625 0.377028
0.1 34.875 0.40877
0.1 37.125 0.41285
0.1 39.375 0.419388
0.1 41.625 0.423309
0.1 43.875 0.423182
0.3 1.125 0.404499
0.3 3.375 0.411441
0.3 5.625 0.406817
0.3 7.875 0.412324
0.3 10.125 0.399981
0.3 12.375 0.400645
0.3 14.625 0.410298
0.3 16.875 0.41039
0.3 19.125 0.406168
0.3 21.375 0.399847
0.3 23.625 0.408473
0.3 25.875 0.413565
0.3 28.125 0.398045
0.3 30.375 0.408174
0.3 32.625 0.411577
0.3 34.875 0.407817
0.3 37.125 0.405672
0.3 39.375 0.398936
0.3 41.625 0.399158
0.3 43.875 0.408456
0.5 1.125 0.398975
0.5 3.375 0.397296
0.5 5.625 0.398661
0.5 7.875 0.393375
0.5 10.125 0.394886
0.5 12.375 0.388548
0.5 14.625 0.3959
0.5 16.875 0.390981
0.5 19.125 0.389595
0.5 21.375 0.39294
0.5 23.625 0.396038
0.5 25.875 0.38664
0.5 28.125 0.38309
0.5 30.375 0.390711
0.5 32.625 0.387851
0.5 34.875 0.386358
0.5 37.125 0.382799
0.5 39.375 0.390924
0.5 41.625 0.382863
0.5 43.875 0.365858
0.7 1.125 0.37009
0.7 3.375 0.373529
0.7 5.625 0.371576
0.7 7.875 0.366926
0.7 10.125 0.373134
0.7 12.375 0.368672
0.7 14.625 0.359626
0.7 16.875 0.36272
0.7 19.125 0.360335
0.7 21.375 0.365064
0.7 23.625 0.364977
0.7 25.875 0.367478
0.7 28.125 0.361712
0.7 30.375 0.36648
0.7 32.625 0.337328
0.7 34.875 0.359767
0.7 37.125 0.364743
0.7 39.375 0.359504
0.7 41.625 0.350885
0.7 43.875 0.357382
0.9 1.125 0.329296
0.9 3.375 0.328761
0.9 5.625 0.329389
0.9 7.875 0.328977
0.9 10.125 0.33102
0.9 12.375 0.325774
0.9 14.625 0.328896
0.9 16.875 0.319487
0.9 19.125 0.329121
0.9 21.375 0.325344
0.9 23.625 0.326326
0.9 25.875 0.323102
0.9 28.125 0.328649
0.9 30.375 0.313506
0.9 32.625 0.329315
0.9 34.875 0.314583
0.9 37.125 0.332061
0.9 39.375 0.324914
0.9 41.625 0.318953
0.9 43.875 0.320819
1.1 1.125 0.254978
1.1 3.375 0.262555
1.1 5.625 0.265307
1.1 7.875 0.261107
1.1 10.125 0.261467
1.1 12.375 0.263827
1.1 14.625 0.261032
1.1 16.875 0.264311
1.1 19.125 0.262414
1.1 21.375 0.273468
1.1 23.625 0.262383
1.1 25.875 0.257511
1.1 28.125 0.264084
1.1 30.375 0.278463
1.1 32.625 0.28349
1.1 34.875 0.269612
1.1 37.125 0.261603
1.1 39.375 0.290875
1.1 41.625 0.273415
1.1 43.875 0.266569
1.3 1.125 0.162846
1.3 3.375 0.167105
1.3 5.625 0.168125
1.3 7.875 0.161213
1.3 10.125 0.159668
1.3 12.375 0.183046
1.3 14.625 0.178208
1.3 16.875 0.194077
1.3 19.125 0.196689
1.3 21.375 0.195857
1.3 23.625 0.208936
1.3 25.875 0.199078
1.3 28.125 0.187777
1.3 30.375 0.199327
1.3 32.625 0.212947
1.3 34.875 0.231502
1.3 37.125 0.219419
1.3 39.375 0.230523
1.3 41.625 0.230411
1.3 43.875 0.244021
1.5 1.125 0.10007
1.5 3.375 0.101525
1.5 5.625 0.0954847
1.5 7.875 0.103969
1.5 10.125 0.101443
1.5 12.375 0.103505
1.5 14.625 0.106234
1.5 16.875 0.131444
1.5 19.125 0.119081
1.5 21.375 0.127303
1.5 23.625 0.13256
1.5 25.875 0.144378
1.5 28.125 0.133393
1.5 30.375 0.124834
1.5 32.625 0.133967
1.5 34.875 0.141697
1.5 37.125 0.166928
1.5 39.375 0.169961
1.5 41.625 0.17265
1.5 43.875 0.180163
1.7 1.125 0.0625618
1.7 3.375 0.0601045
1.7 5.625 0.0631289
1.7 7.875 0.0658092
1.7 10.125 0.0605398
1.7 12.375 0.0749372
1.7 14.625 0.0644653
1.7 16.875 0.0770211
1.7 19.125 0.0751696
1.7 21.375 0.0850328
1.7 23.625 0.0891708
1.7 25.875 0.084429
1.7 28.125 0.0879909
1.7 30.375 0.0825813
1.7 32.625 0.0973519
1.7 34.875 0.0983078
1.7 37.125 0.0989819
1.7 39.375 0.0988045
1.7 41.625 0.111519
1.7 43.875 0.114854
1.9 1.125 0.0390205
1.9 3.375 0.0384529
1.9 5.625 0.0387444
1.9 7.875 0.0390581
1.9 10.125 0.0453712
1.9 12.375 0.045779
1.9 14.625 0.0466257
1.9 16.875 0.0447413
1.9 19.125 0.0539976
1.9 21.375 0.0523759
1.9 23.625 0.04846
1.9 25.875 0.0496645
1.9 28.125 0.0548076
1.9 30.375 0.0562372
1.9 32.625 0.0624447
1.9 34.875 0.059517
1.9 37.125 0.0550067
1.9 39.375 0.0669577
1.9 41.625 0.0621716
1.9 43.875 0.0641887
2.1 1.125 0.0233541
2.1 3.375 0.0240691
2.1 5.625 0.0244784
2.1 7.875 0.0254811
2.1 10.125 0.0245089
2.1 12.375 0.025996
2.1 14.625 0.0254901
2.1 16.875 0.0281698
2.1 19.125 0.0309782
2.1 21.375 0.0311356
2.1 23.625 0.0314968
2.1 25.875 0.0332402
2.1 28.125 0.0391765
2.1 30.375 0.0398851
2.1 32.625 0.0406302
2.1 34.875 0.0413851
2.1 37.125 0.0522807
2.1 39.375 0.0397502
2.1 41.625 0.0497917
2.1 43.875 0.0444585
2.3 1.125 0.0134832
2.3 3.375 0.0125038
2.3 5.625 0.0129334
2.3 7.875 0.0139198
2.3 10.125 0.0128647
2.3 12.375 0.0148721
2.3 14.625 0.0162456
2.3 16.875 0.0177787
2.3 19.125 0.0174412
2.3 21.375 0.0175319
2.3 23.625 0.0192423
2.3 25.875 0.0196783
2.3 28.125 0.0224937
2.3 30.375 0.0260889
2.3 32.625 0.0243937
2.3 34.875 0.0259215
2.3 37.125 0.0292969
2.3 39.375 0.0314801
2.3 41.625 0.0284003
2.3 43.875 0.0289285
2.5 1.125 0.00925813
2.5 3.375 0.00875607
2.5 5.625 0.00856573
2.5 7.875 0.00860432
2.5 10.125 0.00855975
2.5 12.375 0.0088336
2.5 14.625 0.00888427
2.5 16.875 0.00946115
2.5 19.125 0.0103326
2.5 21.375 0.0112586
2.5 23.625 0.0116014
2.5 25.875 0.0126262
2.5 28.125 0.0136776
2.5 30.375 0.0163644
2.5 32.625 0.0181964
2.5 34.875 0.0196282
2.5 37.125 0.0188559
2.5 39.375 0.0218766
2.5 41.625 0.0211485
2.5 43.875 0.0200946
2.7 1.125 0.00908449
2.7 3.375 0.00825394
2.7 5.625 0.00766404
2.7 7.875 0.0093718
2.7 10.125 0.00734249
2.7 12.375 0.00723818
2.7 14.625 0.00711113
2.7 16.875 0.00668971
2.7 19.125 0.00727875
2.7 21.375 0.00745208
2.7 23.625 0.00766948
2.7 25.875 0.00842806
2.7 28.125 0.00899195
2.7 30.375 0.0106904
2.7 32.625 0.0107667
2.7 34.875 0.0120736
2.7 37.125 0.0121774
2.7 39.375 0.0126877
2.7 41.625 0.0131509
2.7 43.875 0.0131476
2.9 1.125 0.00608947
2.9 3.375 0.00697783
2.9 5.625 0.00620374
2.9 7.875 0.0072738
2.9 10.125 0.006491
2.9 12.375 0.00612577
2.9 14.625 0.00668602
2.9 16.875 0.00617931
2.9 19.125 0.0059476
2.9 21.375 0.00702677
2.9 23.625 0.00706524
2.9 25.875 0.00711796
2.9 28.125 0.00667436
2.9 30.375 0.00660229
2.9 32.625 0.00763714
2.9 34.875 0.00785723
2.9 37.125 0.00823888
2.9 39.375 0.00868254
2.9 41.625 0.00986352
2.9 43.875 0.00954595
3.1 1.125 0.00554329
3.1 3.375 0.00594526
3.1 5.625 0.00568838
3.1 7.875 0.00702353
3.1 10.125 0.00561222
3.1 12.375 0.00466369
3.1 14.625 0.00568015
3.1 16.875 0.00534787
3.1 19.125 0.00580115
3.1 21.375 0.00570847
3.1 23.625 0.00600665
3.1 25.875 0.00553526
3.1 28.125 0.00645019
3.1 30.375 0.00599773
3.1 32.625 0.00578065
3.1 34.875 0.00619481
3.1 37.125 0.00629717
3.1 39.375 0.00666785
3.1 41.625 0.00716
3.1 43.875 0.00798219
3.3 1.125 0.00535598
3.3 3.375 0.00469379
3.3 5.625 0.00481767
3.3 7.875 0.00484726
3.3 10.125 0.00491568
3.3 12.375 0.00508283
3.3 14.625 0.0044628
3.3 16.875 0.00559573
3.3 19.125 0.0053009
3.3 21.375 0.00494468
3.3 23.625 0.00520571
3.3 25.875 0.00576184
3.3 28.125 0.00508697
3.3 30.375 0.0059607
3.3 32.625 0.00581772
3.3 34.875 0.00570078
3.3 37.125 0.00623978
3.3 39.375 0.00558496
3.3 41.625 0.00558623
3.3 43.875 0.00640386
3.5 1.125 0.0050382
3.5 3.375 0.00624342
3.5 5.625 0.00484349
3.5 7.875 0.00453938
3.5 10.125 0.00469472
3.5 12.375 0.00402519
3.5 14.625 0.0045943
3.5 16.875 0.0037264
3.5 19.125 0.00523414
3.5 21.375 0.00535854
3.5 23.625 0.00490986
3.5 25.875 0.00541845
3.5 28.125 0.00529577
3.5 30.375 0.00523064
3.5 32.625 0.00578364
3.5 34.875 0.00537416
3.5 37.125 0.00498194
3.5 39.375 0.00510731
3.5 41.625 0.00500248
3.5 43.875 0.0045374
3.7 1.125 0.0050992
3.7 3.375 0.00484362
3.7 5.625 0.00404581
3.7 7.875 0.00493062
3.7 10.125 0.00398273
3.7 12.375 0.00485728
3.7 14.625 0.00449847
3.7 16.875 0.00483402
3.7 19.125 0.00494881
3.7 21.375 0.00417537
3.7 23.625 0.00521381
3.7 25.875 0.00551636
3.7 28.125 0.00488739
3.7 30.375 0.00469227
3.7 32.625 0.00462723
3.7 34.875 0.00481821
3.7 37.125 0.00461762
3.7 39.375 0.00462421
3.7 41.625 0.00441158
3.7 43.875 0.00463433
3.9 1.125 0.00446347
3.9 3.375 0.00451821
3.9 5.625 0.00385215
3.9 7.875 0.00479728
3.9 10.125 0.00458801
3.9 12.375 0.00368665
3.9 14.625 0.00590785
3.9 16.875 0.00442406
3.9 19.125 0.00497588
3.9 21.375 0.00403732
3.9 23.625 0.0046938
3.9 25.875 0.00374507
3.9 28.125 0.00474203
3.9 30.375 0.00443743
3.9 32.625 0.00400021
3.9 34.875 0.00467657
3.9 37.125 0.00425726
3.9 39.375 0.00339726
3.9 41.625 0.00389934
3.9 43.875 0.00389155
4.1 1.125 0.00420252
4.1 3.375 0.00401322
4.1 5.625 0.00427201
4.1 7.875 0.00385886
4.1 10.125 0.00368708
4.1 12.375 0.00403486
4.1 14.625 0.00343314
4.1 16.875 0.0047432
4.1 19.125 0.00483414
4.1 21.375 0.00511591
4.1 23.625 0.0044843
4.1 25.875 0.00483183
4.1 28.125 0.00489865
4.1 30.375 0.0041923
4.1 32.625 0.00428065
4.1 34.875 0.00405323
4.1 37.125 0.00395837
4.1 39.375 0.00400914
4.1 41.625 0.00382798
4.1 43.875 0.00331443
4.3 1.125 0.00395157
4.3 3.375 0.00351129
4.3 5.625 0.00356883
4.3 7.875 0.0036476
4.3 10.125 0.00403921
4.3 12.375 0.00429301
4.3 14.625 0.00426111
4.3 16.875 0.00387792
4.3 19.125 0.00369157
4.3 21.375 0.00393582
4.3 23.625 0.00356929
4.3 25.875 0.00426441
4.3 28.125 0.00392861
4.3 30.375 0.00382835
4.3 32.625 0.00395684
4.3 34.875 0.00325286
4.3 37.125 0.00362928
4.3 39.375 0.00368043
4.3 41.625 0.00301324
4.3 43.875 0.00339295
4.5 1.125 0.00344826
4.5 3.375 0.00358221
4.5 5.625 0.00346067
4.5 7.875 0.00343898
4.5 10.125 0.00366033
4.5 12.375 0.00361218
4.5 14.625 0.00381642
4.5 16.875 0.00347217
4.5 19.125 0.00388401
4.5 21.375 0.00396348
4.5 23.625 0.00385439
4.5 25.875 0.00441672
4.5 28.125 0.00422266
4.5 30.375 0.00348843
4.5 32.625 0.00334511
4.5 34.875 0.00341354
4.5 37.125 0.00325506
4.5 39.375 0.00332649
4.5 41.625 0.00398935
4.5 43.875 0.00347357
4.7 1.125 0.00321097
4.7 3.375 0.00451956
4.7 5.625 0.00278001
4.7 7.875 0.0031353
4.7 10.125 0.00319373
4.7 12.375 0.00290463
4.7 14.625 0.00328376
4.7 16.875 0.00378154
4.7 19.125 0.00366749
4.7 21.375 0.00330625
4.7 23.625 0.00372894
4.7 25.875 0.00351168
4.7 28.125 0.00329714
4.7 30.375 0.00374914
4.7 32.625 0.00311218
4.7 34.875 0.00351088
4.7 37.125 0.00356494
4.7 39.375 0.00323142
4.7 41.625 0.00310854
4.7 43.875 0.00334118
4.9 1.125 0.00378876
4.9 3.375 0.00264388
4.9 5.625 0.00330948
4.9 7.875 0.00296862
4.9 10.125 0.00315512
4.9 12.375 0.00323578
4.9 14.625 0.00353314
4.9 16.875 0.00319614
4.9 19.125 0.00304234
4.9 21.375 0.00371259
4.9 23.625 0.00372539
4.9 25.875 0.00362175
4.9 28.125 0.00334715
4.9 30.375 0.0030781
4.9 32.625 0.00326912
4.9 34.875 0.00318186
4.9 37.125 0.00290536
4.9 39.375 0.00312538
4.9 41.625 0.00345999
4.9 43.875 0.00331694
5.1 1.125 0.00272325
5.1 3.375 0.002796
5.1 5.625 0.00301369
5.1 7.875 0.00246303
5.1 10.125 0.0029211
5.1 12.375 0.00289769
5.1 14.625 0.0029798
5.1 16.875 0.00303235
5.1 19.125 0.00275153
5.1 21.375 0.00330819
5.1 23.625 0.00339018
5.1 25.875 0.00288005
5.1 28.125 0.00317408
5.1 30.375 0.00317628
5.1 32.625 0.00316474
5.1 34.875 0.00298307
5.1 37.125 0.00341615
5.1 39.375 0.00331306
5.1 41.625 0.00272411
5.1 43.875 0.00347906
5.3 1.125 0.0025972
5.3 3.375 0.00256394
5.3 5.625 0.00280644
5.3 7.875 0.00257691
5.3 10.125 0.00268048
5.3 12.375 0.0038288
5.3 14.625 0.00292252
5.3 16.875 0.00255056
5.3 19.125 0.00267661
5.3 21.375 0.00297793
5.3 23.625 0.00292765
5.3 25.875 0.00312435
5.3 28.125 0.00280765
5.3 30.375 0.00316961
5.3 32.625 0.00323627
5.3 34.875 0.00308404
5.3 37.125 0.0034014
5.3 39.375 0.00316026
5.3 41.625 0.00315029
5.3 43.875 0.00363802
5.5 1.125 0.0029037
5.5 3.375 0.00279943
5.5 5.625 0.0029351
5.5 7.875 0.00229871
5.5 10.125 0.00270714
5.5 12.375 0.00284476
5.5 14.625 0.00268107
5.5 16.875 0.0028074
5.5 19.125 0.0026835
5.5 21.375 0.00261904
5.5 23.625 0.00289414
5.5 25.875 0.00259
5.5 28.125 0.00267173
5.5 30.375 0.00427668
5.5 32.625 0.00355667
5.5 34.875 0.00286351
5.5 37.125 0.00264612
5.5 39.375 0.00299373
5.5 41.625 0.00324572
5.5 43.875 0.00374623
5.7 1.125 0.00239591
5.7 3.375 0.00242352
5.7 5.625 0.00245614
5.7 7.875 0.00317372
5.7 10.125 0.00262756
5.7 12.375 0.00285531
5.7 14.625 0.00187029
5.7 16.875 0.00273478
5.7 19.125 0.00231695
5.7 21.375 0.00277531
5.7 23.625 0.00271051
5.7 25.875 0.00262101
5.7 28.125 0.00288966
5.7 30.375 0.00252665
5.7 32.625 0.00273376
5.7 34.875 0.00274561
5.7 37.125 0.00303231
5.7 39.375 0.00321782
5.7 41.625 0.00294704
5.7 43.875 0.00289577
5.9 1.125 0.00251305
5.9 3.375 0.00224523
5.9 5.625 0.00247343
5.9 7.875 0.00344838
5.9 10.125 0.00289063
5.9 12.375 0.002508
5.9 14.625 0.00293732
5.9 16.875 0.0026848
5.9 19.125 0.00301424
5.9 21.375 0.00293114
5.9 23.625 0.00303212
5.9 25.875 0.00258246
5.9 28.125 0.00277585
5.9 30.375 0.00253707
5.9 32.625 0.00258653
5.9 34.875 0.0026118
5.9 37.125 0.00275116
5.9 39.375 0.0030723
5.9 41.625 0.00257336
5.9 43.875 0.00271973
6.1 1.125 0.00248649
6.1 3.375 0.00220324
6.1 5.625 0.00217785
6.1 7.875 0.00270941
6.1 10.125 0.00247652
6.1 12.375 0.00225838
6.1 14.625 0.00230257
6.1 16.875 0.00261873
6.1 19.125 0.00290138
6.1 21.375 0.00293066
6.1 23.625 0.0025377
6.1 25.875 0.00282184
6.1 28.125 0.00219762
6.1 30.375 0.00245252
6.1 32.625 0.00235874
6.1 34.875 0.00227044
6.1 37.125 0.00260251
6.1 39.375 0.00258098
6.1 41.625 0.00236346
6.1 43.875 0.00272464
6.3 1.125 0.00263167
6.3 3.375 0.00219969
6.3 5.625 0.00258468
6.3 7.875 0.00229434
6.3 10.125 0.00281336
6.3 12.375 0.00329627
6.3 14.625 0.0027815
6.3 16.875 0.00316477
6.3 19.125 0.00238723
6.3 21.375 0.00271138
6.3 23.625 0.00264645
6.3 25.875 0.00234837
6.3 28.125 0.00250488
6.3 30.375 0.00339604
6.3 32.625 0.00273802
6.3 34.875 0.00258443
6.3 37.125 0.00298614
6.3 39.375 0.00284847
6.3 41.625 0.00221134
6.3 43.875 0.0027413
6.5 1.125 0.00249428
6.5 3.375 0.00239871
6.5 5.625 0.00266406
6.5 7.875 0.00248702
6.5 10.125 0.00255967
6.5 12.375 0.0024174
6.5 14.625 0.00238065
6.5 16.875 0.00271993
6.5 19.125 0.00211497
6.5 21.375 0.00237387
6.5 23.625 0.00235606
6.5 25.875 0.00564987
6.5 28.125 0.00258055
6.5 30.375 0.00248201
6.5 32.625 0.00221861
6.5 34.875 0.00243038
6.5 37.125 0.00233251
6.5 39.375 0.00269689
6.5 41.625 0.00234353
6.5 43.875 0.00253911
6.7 1.125 0.00234872
6.7 3.375 0.00249311
6.7 5.625 0.00236819
6.7 7.875 0.00223573
6.7 10.125 0.00235132
6.7 12.375 0.00308969
6.7 14.625 0.00224922
6.7 16.875 0.00222469
6.7 19.125 0.00240019
6.7 21.375 0.00237464
6.7 23.625 0.00279117
6.7 25.875 0.00251197
6.7 28.125 0.00284395
6.7 30.375 0.00302507
6.7 32.625 0.00284844
6.7 34.875 0.00241127
6.7 37.125 0.00224444
6.7 39.375 0.00250209
6.7 41.625 0.00237338
6.7 43.875 0.00243332
6.9 1.125 0.00250242
6.9 3.375 0.00220979
6.9 5.625 0.00257445
6.9 7.875 0.00220058
6.9 10.125 0.00249961
6.9 12.375 0.00192599
6.9 14.625 0.00268115
6.9 16.875 0.00257059
6.9 19.125 0.00272952
6.9 21.375 0.00250836
6.9 23.625 0.00255986
6.9 25.875 0.00197665
6.9 28.125 0.00235377
6.9 30.375 0.00238885
6.9 32.625 0.00201157
6.9 34.875 0.00238157
6.9 37.125 0.00255386
6.9 39.375 0.00241904
6.9 41.625 0.00250002
6.9 43.875 0.00216582
7.1 1.125 0.00234288
7.1 3.375 0.00247117
7.1 5.625 0.00250078
7.1 7.875 0.00284582
7.1 10.125 0.00307326
7.1 12.375 0.00210621
7.1 14.625 0.00222849
7.1 16.875 0.00294768
7.1 19.125 0.00539699
7.1 21.375 0.00236043
7.1 23.625 0.00268931
7.1 25.875 0.00236526
7.1 28.125 0.00242203
7.1 30.375 0.00276909
7.1 32.625 0.00335767
7.1 34.875 0.00648744
7.1 37.125 0.00199807
7.1 39.375 0.00255629
7.1 41.625 0.00259482
7.1 43.875 0.00239409
7.3 1.125 0.00237021
7.3 3.375 0.0022146
7.3 5.625 0.00419622
7.3 7.875 0.00205765
7.3 10.125 0.00209685
7.3 12.375 0.00234063
7.3 14.625 0.00229109
7.3 16.875 0.00259983
7.3 19.125 0.00243173
7.3 21.375 0.00215731
7.3 23.625 0.00252915
7.3 25.875 0.00257258
7.3 28.125 0.00249027
7.3 30.375 0.00187037
7.3 32.625 0.00192914
7.3 34.875 0.00254987
7.3 37.125 0.00247498
7.3 39.375 0.00235316
7.3 41.625 0.00266268
7.3 43.875 0.00231151
7.5 1.125 0.00225519
7.5 3.375 0.0022724
7.5 5.625 0.00216996
7.5 7.875 0.00261836
7.5 10.125 0.0025902
7.5 12.375 0.00287945
7.5 14.625 0.00654381
7.5 16.875 0.00245219
7.5 19.125 0.00225069
7.5 21.375 0.0023721
7.5 23.625 0.00249326
7.5 25.875 0.00241712
7.5 28.125 0.00238311
7.5 30.375 0.00228489
7.5 32.625 0.00228579
7.5 34.875 0.00205145
7.5 37.125 0.00248122
7.5 39.375 0.00274507
7.5 41.625 0.00201467
7.5 43.875 0.00219018
7.7 1.125 0.00208918
7.7 3.375 0.00232239
7.7 5.625 0.00246723
7.7 7.875 0.00725254
7.7 10.125 0.00228245
7.7 12.375 0.00241951
7.7 14.625 0.00202631
7.7 16.875 0.00216047
7.7 19.125 0.00254624
7.7 21.375 0.00247834
7.7 23.625 0.00420622
7.7 25.875 0.00211871
7.7 28.125 0.00251233
7.7 30.375 0.00261293
7.7 32.625 0.00227284
7.7 34.875 0.00214776
7.7 37.125 0.00216686
7.7 39.375 0.00251544
7.7 41.625 0.00241801
7.7 43.875 0.00186059
7.9 1.125 0.00207039
7.9 3.375 0.00205852
7.9 5.625 0.00255545
7.9 7.875 0.00184792
7.9 10.125 0.00255808
7.9 12.375 0.00209628
7.9 14.625 0.00219186
7.9 16.875 0.00261289
7.9 19.125 0.00228578
7.9 21.375 0.00243259
7.9 23.625 0.00223951
7.9 25.875 0.00217522
7.9 28.125 0.00220788
7.9 30.375 0.00201144
7.9 32.625 0.00265929
7.9 34.875 0.00274557
7.9 37.125 0.00218829
7.9 39.375 0.00279187
7.9 41.625 0.00248388
7.9 43.875 0.00201016
8.1 1.125 0.00217636
8.1 3.375 0.00280636
8.1 5.625 0.00231399
8.1 7.875 0.00200472
8.1 10.125 0.00233011
8.1 12.375 0.00205022
8.1 14.625 0.00226982
8.1 16.875 0.00219931
8.1 19.125 0.00236166
8.1 21.375 0.00212376
8.1 23.625 0.00201633
8.1 25.875 0.0065952
8.1 28.125 0.00186828
8.1 30.375 0.00293936
8.1 32.625 0.00213623
8.1 34.875 0.00257679
8.1 37.125 0.0019824
8.1 39.375 0.00272985
8.1 41.625 0.00288916
8.1 43.875 0.00214824
8.3 1.125 0.00243567
8.3 3.375 0.00198326
8.3 5.625 0.00289845
8.3 7.875 0.00235893
8.3 10.125 0.00226074
8.3 12.375 0.00246028
8.3 14.625 0.00225601
8.3 16.875 0.00250588
8.3 19.125 0.00248999
8.3 21.375 0.00182586
8.3 23.625 0.00258278
8.3 25.875 0.00247487
8.3 28.125 0.00219288
8.3 30.375 0.00252069
8.3 32.625 0.00244883
8.3 34.875 0.00278978
8.3 37.125 0.00241305
8.3 39.375 0.00286746
8.3 41.625 0.00238413
8.3 43.875 0.00214783
8.5 1.125 0.00225697
8.5 3.375 0.00303818
8.5 5.625 0.00235303
8.5 7.875 0.00198931
8.5 10.125 0.00181238
8.5 12.375 0.00223482
8.5 14.625 0.00199913
8.5 16.875 0.00216995
8.5 19.125 0.00255631
8.5 21.375 0.00243275
8.5 23.625 0.00231152
8.5 25.875 0.00214608
8.5 28.125 0.00213557
8.5 30.375 0.00272496
8.5 32.625 0.00221491
8.5 34.875 0.00217826
8.5 37.125 0.00244962
8.5 39.375 0.00160279
8.5 41.625 0.00210026
8.5 43.875 0.00254643
8.7 1.125 0.00195744
8.7 3.375 0.00193876
8.7 5.625 0.00218433
8.7 7.875 0.00187256
8.7 10.125 0.00253719
8.7 12.375 0.00203531
8.7 14.625 0.00218287
8.7 16.875 0.00160687
8.7 19.125 0.00215713
8.7 21.375 0.00160381
8.7 23.625 0.00207766
8.7 25.875 0.00232873
8.7 28.125 0.00251001
8.7 30.375 0.00217215
8.7 32.625 0.00240236
8.7 34.875 0.00206083
8.7 37.125 0.00199299
8.7 39.375 0.00201738
8.7 41.625 0.00258642
8.7 43.875 0.00218915
8.9 1.125 0.00221469
8.9 3.375 0.00176292
8.9 5.625 0.0015812
8.9 7.875 0.00308343
8.9 10.125 0.00198347
8.9 12.375 0.00264193
8.9 14.625 0.00233339
8.9 16.875 0.00244771
8.9 19.125 0.00245469
8.9 21.375 0.00253922
8.9 23.625 0.00206247
8.9 25.875 0.00210837
8.9 28.125 0.00246495
8.9 30.375 0.00233666
8.9 32.625 0.00201136
8.9 34.875 0.0023497
8.9 37.125 0.00206695
8.9 39.375 0.0022419
8.9 41.625 0.00584735
8.9 43.875 0.0101037
9.1 1.125 0.00257777
9.1 3.375 0.00231191
9.1 5.625 0.00218151
9.1 7.875 0.00234331
9.1 10.125 0.00284706
9.1 12.375 0.00207203
9.1 14.625 0.00236655
9.1 16.875 0.0020029
9.1 19.125 0.00275652
9.1 21.375 0.00213075
9.1 23.625 0.00302341
9.1 25.875 0.0023576
9.1 28.125 0.00325708
9.1 30.375 0.00206554
9.1 32.625 0.00193658
9.1 34.875 0.00231714
9.1 37.125 0.00194
9.1 39.375 0.0021749
9.1 41.625 0.00248076
9.1 43.875 0.00187791
9.3 1.125 0.00247823
9.3 3.375 0.0022943
9.3 5.625 0.00182884
9.3 7.875 0.00247717
9.3 10.125 0.00182998
9.3 12.375 0.00195224
9.3 14.625 0.00196285
9.3 16.875 0.00259849
9.3 19.125 0.0028004
9.3 21.375 0.00171917
9.3 23.625 0.00256403
9.3 25.875 0.00369417
9.3 28.125 0.00212443
9.3 30.375 0.00233573
9.3 32.625 0.00230933
9.3 34.875 0.00265701
9.3 37.125 0.00211738
9.3 39.375 0.00218457
9.3 41.625 0.00240095
9.3 43.875 0.00425155
9.5 1.125 0.00197567
9.5 3.375 0.00252557
9.5 5.625 0.00289552
9.5 7.875 0.0021243
9.5 10.125 0.00176297
9.5 12.375 0.00199949
9.5 14.625 0.00224187
9.5 16.875 0.00159141
9.5 19.125 0.00186079
9.5 21.375 0.00189215
9.5 23.625 0.00186189
9.5 25.875 0.00222625
9.5 28.125 0.00225281
9.5 30.375 0.00208423
9.5 32.625 0.00279807
9.5 34.875 0.00241768
9.5 37.125 0.00232818
9.5 39.375 0.00272459
9.5 41.625 0.00259023
9.5 43.875 0.00274989
9.7 1.125 0.00211693
9.7 3.375 0.00197208
9.7 5.625 0.00336501
9.7 7.875 0.00218399
9.7 10.125 0.00242742
9.7 12.375 0.00207522
9.7 14.625 0.00230647
9.7 16.875 0.00215018
9.7 19.125 0.00178399
9.7 21.375 0.00268133
9.7 23.625 0.00268648
9.7 25.875 0.00210355
9.7 28.125 0.00209526
9.7 30.375 0.00220575
9.7 32.625 0.00219555
9.7 34.875 0.00184868
9.7 37.125 0.00383798
9.7 39.375 0.00216099
9.7 41.625 0.003743
9.7 43.875 0.00208412
9.9 1.125 0.00223563
9.9 3.375 0.00162655
9.9 5.625 0.0019716
9.9 7.875 0.00167954
9.9 10.125 0.00247825
9.9 12.375 0.00212281
9.9 14.625 0.00196444
9.9 16.875 0.00299392
9.9 19.125 0.00171984
9.9 21.375 0.00228837
9.9 23.625 0.00178876
9.9 25.875 0.0022084
9.9 28.125 0.00229731
9.9 30.375 0.00174638
9.9 32.625 0.00155889
9.9 34.875 0.00167339
9.9 37.125 0.00200933
9.9 39.375 0.00185624
9.9 41.625 0.00230547
9.9 43.875 0.00195706
10.1 1.125 0.00188491
10.1 3.375 0.0025106
10.1 5.625 0.00233861
10.1 7.875 0.00154945
10.1 10.125 0.00241048
10.1 12.375 0.00655406
10.1 14.625 0.00204503
10.1 16.875 0.00215778
10.1 19.125 0.00227221
10.1 21.375 0.00198359
10.1 23.625 0.0026423
10.1 25.875 0.00195612
10.1 28.125 0.00175036
10.1 30.375 0.0022343
10.1 32.625 0.0020963
10.1 34.875 0.00285526
10.1 37.125 0.00340009
10.1 39.375 0.00229422
10.1 41.625 0.00239979
10.1 43.875 0.00212281
10.3 1.125 0.00242885
10.3 3.375 0.00199699
10.3 5.625 0.00224077
10.3 7.875 0.00165451
10.3 10.125 0.00166956
10.3 12.375 0.00219016
10.3 14.625 0.00189747
10.3 16.875 0.0018802
10.3 19.125 0.00251904
10.3 21.375 0.00189007
10.3 23.625 0.00266515
10.3 25.875 0.00224523
10.3 28.125 0.00196958
10.3 30.375 0.00145522
10.3 32.625 0.00175545
10.3 34.875 0.00193257
10.3 37.125 0.00280771
10.3 39.375 0.0021547
10.3 41.625 0.00194787
10.3 43.875 0.00196354
10.5 1.125 0.00169387
10.5 3.375 0.00186326
10.5 5.625 0.00257556
10.5 7.875 0.00199148
10.5 10.125 0.00225258
10.5 12.375 0.00165139
10.5 14.625 0.00169981
10.5 16.875 0.00238497
10.5 19.125 0.00187472
10.5 21.375 0.00184341
10.5 23.625 0.0019025
10.5 25.875 0.00230902
10.5 28.125 0.00224618
10.5 30.375 0.00223243
10.5 32.625 0.00210565
10.5 34.875 0.00126042
10.5 37.125 0.00211945
10.5 39.375 0.00170041
10.5 41.625 0.00216935
10.5 43.875 0.00205366
10.7 1.125 0.0023788
10.7 3.375 0.00216317
10.7 5.625 0.0021738
10.7 7.875 0.00306922
10.7 10.125 0.00270363
10.7 12.375 0.00211466
10.7 14.625 0.00194766
10.7 16.875 0.00176764
10.7 19.125 0.00226642
10.7 21.375 0.00255332
10.7 23.625 0.00283691
10.7 25.875 0.00191468
10.7 28.125 0.00164158
10.7 30.375 0.00165684
10.7 32.625 0.00212015
10.7 34.875 0.00237343
10.7 37.125 0.00283807
10.7 39.375 0.00155959
10.7 41.625 0.00185535
10.7 43.875 0.0025371
10.9 1.125 0.00185884
10.9 3.375 0.00242545
10.9 5.625 0.0022687
10.9 7.875 0.00282124
10.9 10.125 0.00196847
10.9 12.375 0.00241264
10.9 14.625 0.00157326
10.9 16.875 0.00224351
10.9 19.125 0.00194912
10.9 21.375 0.00188419
10.9 23.625 0.00912634
10.9 25.875 0.00176077
10.9 28.125 0.00224139
10.9 30.375 0.00226362
10.9 32.625 0.00200541
10.9 34.875 0.00343441
10.9 37.125 0.00272579
10.9 39.375 0.00197353
10.9 41.625 0.00192069
10.9 43.875 0.00153399
11.1 1.125 0.00209422
11.1 3.375 0.00159935
11.1 5.625 0.00196149
11.1 7.875 0.00176861
11.1 10.125 0.00248943
11.1 12.375 0.00218171
11.1 14.625 0.00226136
11.1 16.875 0.0025037
11.1 19.125 0.00207638
11.1 21.375 0.00196968
11.1 23.625 0.00265362
11.1 25.875 0.00179947
11.1 28.125 0.00236863
11.1 30.375 0.00216827
11.1 32.625 0.00185435
11.1 34.875 0.00179284
11.1 37.125 0.0126995
11.1 39.375 0.00162018
11.1 41.625 0.00193635
11.1 43.875 0.00311154
11.3 1.125 0.00167848
11.3 3.375 0.002295
11.3 5.625 0.0019933
11.3 7.875 0.00218438
11.3 10.125 0.00172625
11.3 12.375 0.00238551
11.3 14.625 0.00215135
11.3 16.875 0.00129473
11.3 19.125 0.00103592
11.3 21.375 0.00184384
11.3 23.625 0.00190392
11.3 25.875 0.00254553
11.3 28.125 0.00199527
11.3 30.375 0.00154889
11.3 32.625 0.0021271
11.3 34.875 0.00150772
11.3 37.125 0.00241321
11.3 39.375 0.00232621
11.3 41.625 0.00188771
11.3 43.875 0.00178619
11.5 1.125 0.00222106
11.5 3.375 0.00238254
11.5 5.625 0.00202111
11.5 10.125 0.00169766
11.5 12.375 0.00129809
11.5 14.625 0.0026782
11.5 16.875 0.00152174
11.5 19.125 0.00154541
11.5 21.375 0.00382461
11.5 23.625 0.00210896
11.5 25.875 0.00284175
11.5 28.125 0.00226233
11.5 30.375 0.00215633
11.5 32.625 0.00211933
11.5 34.875 0.00210746
11.5 37.125 0.00183321
11.5 39.375 0.0225629
11.5 41.625 0.00265025
11.5 43.875 0.00216304
11.7 1.125 0.00234959
11.7 3.375 0.00167233
11.7 5.625 0.00209233
11.7 7.875 0.00193567
11.7 10.125 0.00227011
11.7 12.375 0.00164333
11.7 14.625 0.00138214
11.7 16.875 0.003471
11.7 19.125 0.00201844
11.7 21.375 0.0030369
11.7 23.625 0.00142821
11.7 25.875 0.00183419
11.7 28.125 0.00217043
11.7 30.375 0.00182085
11.7 32.625 0.00101641
11.7 34.875 0.00199145
11.7 37.125 0.00134142
11.7 39.375 0.00193511
11.7 41.625 0.00187081
11.7 43.875 0.00185259
11.9 1.125 0.00234037
11.9 3.375 0.00253608
11.9 5.625 0.00375409
11.9 7.875 0.00191043
11.9 10.125 0.00209424
11.9 12.375 0.00202864
11.9 14.625 0.00212431
11.9 16.875 0.00151923
11.9 19.125 0.00168934
11.9 21.375 0.00287177
11.9 23.625 0.00165136
11.9 25.875 0.0023806
11.9 28.125 0.00160246
11.9 30.375 0.00327262
11.9 32.625 0.00339239
11.9 34.875 0.00191215
11.9 37.125 0.00184177
11.9 39.375 0.00222927
11.9 41.625 0.00215426
11.9 43.875 0.00220718
12.1 1.125 0.00189977
12.1 3.375 0.00181532
12.1 5.625 0.00188203
12.1 7.875 0.00207685
12.1 10.125 0.00130061
12.1 12.375 0.00264703
12.1 14.625 0.00181594
12.1 16.875 0.00191488
12.1 19.125 0.0022021
12.1 21.375 0.00195606
12.1 23.625 0.00329171
12.1 25.875 0.00236509
12.1 28.125 0.00221196
12.1 30.375 0.00330032
12.1 32.625 0.00211495
12.1 34.875 0.00255233
12.1 37.125 0.0019319
12.1 39.375 0.00364244
12.1 41.625 0.00162881
12.1 43.875 0.0027025
12.3 1.125 0.00200874
12.3 3.375 0.00137805
12.3 5.625 0.00176038
12.3 7.875 0.00277451
12.3 10.125 0.00195382
12.3 12.375 0.00200749
12.3 14.625 0.0027494
12.3 16.875 0.00272006
12.3 19.125 0.00185979
12.3 21.375 0.00147535
12.3 23.625 0.00199011
12.3 25.875 0.00194592
12.3 28.125 0.00176294
12.3 30.375 0.00168327
12.3 32.625 0.0021822
12.3 34.875 0.00224949
12.3 37.125 0.00148126
12.3 39.375 0.00287799
12.3 41.625 0.00255515
12.5 1.125 0.00186566
12.5 3.375 0.00209994
12.5 5.625 0.00208206
12.5 7.875 0.00182925
12.5 10.125 0.00222084
12.5 12.375 0.00228025
12.5 14.625 0.00212065
12.5 16.875 0.00587985
12.5 19.125 0.00340405
12.5 21.375 0.0027077
12.5 23.625 0.0018991
12.5 25.875 0.00256548
12.5 28.125 0.00230981
12.5 30.375 0.00134038
12.5 32.625 0.00246515
12.5 34.875 0.00162589
12.5 37.125 0.00236797
12.5 39.375 0.00162617
12.5 41.625 0.00114989
12.5 43.875 0.00205347
12.7 1.125 0.00206709
12.7 3.375 0.00107624
12.7 5.625 0.00171659
12.7 7.875 0.00186031
12.7 10.125 0.0013252
12.7 12.375 0.00193151
12.7 14.625 0.0018922
12.7 16.875 0.00194622
12.7 19.125 0.0019555
12.7 21.375 0.00201387
12.7 23.625 0.00210416
12.7 25.875 0.00216924
12.7 28.125 0.00137848
12.7 32.625 0.00145443
12.7 34.875 0.00195004
12.7 37.125 0.00214353
12.7 39.375 0.00188096
12.7 41.625 0.00236197
12.7 43.875 0.00128554
12.9 1.125 0.00159294
12.9 3.375 0.00186557
12.9 5.625 0.00140773
12.9 10.125 0.00165528
12.9 12.375 0.00256434
12.9 16.875 0.00173501
12.9 19.125 0.00125701
12.9 21.375 0.00239444
12.9 23.625 0.00178678
12.9 25.875 0.00139951
12.9 28.125 0.00308141
12.9 30.375 0.00218803
12.9 34.875 0.00287696
12.9 37.125 0.00158393
12.9 39.375 0.00230183
12.9 41.625 0.0011414
12.9 43.875 0.00358414
13.1 1.125 0.00240026
13.1 3.375 0.00159605
13.1 5.625 0.00211642
13.1 7.875 0.00209796
13.1 10.125 0.00214563
13.1 12.375 0.00330591
13.1 14.625 0.00198079
13.1 16.875 0.00221096
13.1 19.125 0.00403684
13.1 21.375 0.00259246
13.1 23.625 0.00275247
13.1 25.875 0.00170826
13.1 28.125 0.00228519
13.1 30.375 0.00147897
13.1 32.625 0.00237214
13.1 34.875 0.00166036
13.1 37.125 0.00188256
13.1 39.375 0.00168709
13.1 41.625 0.0017889
13.1 43.875 0.00137914
13.3 10.125 0.00246539
13.3 12.375 0.00179328
13.3 14.625 0.0012212
13.3 19.125 0.0023629
13.3 21.375 0.00231222
13.3 23.625 0.00205493
13.3 25.875 0.00242871
13.3 28.125 0.00167679
13.3 32.625 0.0024022
13.3 34.875 0.00156841
13.3 37.125 0.00292709
13.3 39.375 0.00190972
13.3 41.625 0.00200886
13.5 1.125 0.00185978
13.5 3.375 0.00193431
13.5 5.625 0.00313914
13.5 10.125 0.00255293
13.5 12.375 0.00178688
13.5 14.625 0.00132619
13.5 16.875 0.00177491
13.5 19.125 0.00204013
13.5 21.375 0.00300878
13.5 23.625 0.0026878
13.5 25.875 0.00203683
13.5 28.125 0.0467339
13.5 32.625 0.00191486
13.5 34.875 0.00200769
13.5 37.125 0.00185562
13.5 39.375 0.00206469
13.5 41.625 0.00238159
13.5 43.875 0.00420792
13.7 1.125 0.00248296
13.7 3.375 0.00151243
13.7 7.875 0.0020304
13.7 10.125 0.00150412
13.7 12.375 0.00219435
13.7 16.875 0.00208814
13.7 19.125 0.00200324
13.7 21.375 0.00153236
13.7 23.625 0.00127917
13.7 25.875 0.002329
13.7 28.125 0.00529974
13.7 30.375 0.00175269
13.7 32.625 0.00204758
13.7 37.125 0.00117186
13.7 41.625 0.00114128
13.7 43.875 0.00221957
13.9 1.125 0.00169874
13.9 5.625 0.00250925
13.9 7.875 0.00223251
13.9 10.125 0.00147795
13.9 14.625 0.00158601
13.9 19.125 0.00141465
13.9 23.625 0.00214992
13.9 25.875 0.00289547
13.9 28.125 0.0015718
13.9 30.375 0.00267373
13.9 32.625 0.00183634
13.9 41.625 0.00216018
13.9 43.875 0.00156896
