0.1 1.125 0.588277
0.1 3.375 0.58507
0.1 5.625 0.579621
0.1 7.875 0.578197
0.1 10.125 0.589746
0.1 12.375 0.579238
0.1 14.625 0.524234
0.1 16.875 0.572214
0.1 19.125 0.545793
0.1 21.375 0.535508
0.1 23.625 0.569484
0.1 25.875 0.536383
0.1 28.125 0.546663
0.1 30.375 0.554184
0.1 32.625 0.551133
0.1 34.875 0.586034
0.1 37.125 0.577997
0.1 39.375 0.583597
0.1 41.625 0.591649
0.1 43.875 0.581838
0.3 1.125 0.562148
0.3 3.375 0.565991
0.3 5.625 0.56691
0.3 7.875 0.578125
0.3 10.125 0.580206
0.3 12.375 0.575499
0.3 14.625 0.577693
0.3 16.875 0.569625
0.3 19.125 0.576572
0.3 21.375 0.572558
0.3 23.625 0.566181
0.3 25.875 0.565098
0.3 28.125 0.572573
0.3 30.375 0.57506
0.3 32.625 0.572736
0.3 34.875 0.579176
0.3 37.125 0.569923
0.3 39.375 0.565476
0.3 41.625 0.574086
0.3 43.875 0.566879
0.5 1.125 0.54515
0.5 3.375 0.536703
0.5 5.625 0.56137
0.5 7.875 0.553183
0.5 10.125 0.558999
0.5 12.375 0.549428
0.5 14.625 0.548582
0.5 16.875 0.555158
0.5 19.125 0.547857
0.5 21.375 0.557038
0.5 23.625 0.555656
0.5 25.875 0.545975
0.5 28.125 0.542539
0.5 30.375 0.556803
0.5 32.625 0.551684
0.5 34.875 0.552178
0.5 37.125 0.543853
0.5 39.375 0.552065
0.5 41.625 0.543558
0.5 43.875 0.543253
0.7 1.125 0.532452
0.7 3.375 0.527737
0.7 5.625 0.524043
0.7 7.875 0.518389
0.7 10.125 0.521395
0.7 12.375 0.520681
0.7 14.625 0.518868
0.7 16.875 0.515765
0.7 19.125 0.52089
0.7 21.375 0.520283
0.7 23.625 0.512327
0.7 25.875 0.511403
0.7 28.125 0.517588
0.7 30.375 0.51571
0.7 32.625 0.515074
0.7 34.875 0.521771
0.7 37.125 0.509217
0.7 39.375 0.508745
0.7 41.625 0.510399
0.7 43.875 0.506259
0.9 1.125 0.466265
0.9 3.375 0.4592
0.9 5.625 0.467982
0.9 7.875 0.473804
0.9 10.125 0.469925
0.9 12.375 0.473487
0.9 14.625 0.477215
0.9 16.875 0.473902
0.9 19.125 0.459064
0.9 21.375 0.466462
0.9 23.625 0.465198
0.9 25.875 0.465846
0.9 28.125 0.446066
0.9 30.375 0.464271
0.9 32.625 0.469476
0.9 34.875 0.464394
0.9 37.125 0.470494
0.9 39.375 0.468851
0.9 41.625 0.465342
0.9 43.875 0.458087
1.1 1.125 0.37357
1.1 3.375 0.361999
1.1 5.625 0.358103
1.1 7.875 0.36487
1.1 10.125 0.350845
1.1 12.375 0.360259
1.1 14.625 0.354358
1.1 16.875 0.360926
1.1 19.125 0.360546
1.1 21.375 0.386182
1.1 23.625 0.373584
1.1 25.875 0.387871
1.1 28.125 0.388635
1.1 30.375 0.396765
1.1 32.625 0.387575
1.1 34.875 0.404365
1.1 37.125 0.42025
1.1 39.375 0.418291
1.1 41.625 0.434935
1.1 43.875 0.435653
1.3 1.125 0.225282
1.3 3.375 0.232164
1.3 5.625 0.240203
1.3 7.875 0.238729
1.3 10.125 0.246085
1.3 12.375 0.249927
1.3 14.625 0.245599
1.3 16.875 0.264005
1.3 19.125 0.261732
1.3 21.375 0.279478
1.3 23.625 0.264547
1.3 25.875 0.266491
1.3 28.125 0.301947
1.3 30.375 0.317998
1.3 32.625 0.307481
1.3 34.875 0.32388
1.3 37.125 0.330694
1.3 39.375 0.345059
1.3 41.625 0.351984
1.3 43.875 0.353241
1.5 1.125 0.13386
1.5 3.375 0.137619
1.5 5.625 0.135805
1.5 7.875 0.130803
1.5 10.125 0.141327
1.5 12.375 0.132433
1.5 14.625 0.147367
1.5 16.875 0.160555
1.5 19.125 0.16483
1.5 21.375 0.188899
1.5 23.625 0.177508
1.5 25.875 0.181787
1.5 28.125 0.188943
1.5 30.375 0.180974
1.5 32.625 0.195568
1.5 34.875 0.222529
1.5 37.125 0.217597
1.5 39.375 0.224653
1.5 41.625 0.252167
1.5 43.875 0.253327
1.7 1.125 0.078526
1.7 3.375 0.0790643
1.7 5.625 0.0876754
1.7 7.875 0.0810865
1.7 10.125 0.0877228
1.7 12.375 0.0959135
1.7 14.625 0.0897188
1.7 16.875 0.0949624
1.7 19.125 0.0978569
1.7 21.375 0.094946
1.7 23.625 0.110663
1.7 25.875 0.106649
1.7 28.125 0.107136
1.7 30.375 0.112354
1.7 32.625 0.109103
1.7 34.875 0.125038
1.7 37.125 0.128994
1.7 39.375 0.137499
1.7 41.625 0.154636
1.7 43.875 0.138252
1.9 1.125 0.049142
1.9 3.375 0.0497638
1.9 5.625 0.0505309
1.9 7.875 0.0544602
1.9 10.125 0.0546447
1.9 12.375 0.0592179
1.9 14.625 0.0603782
1.9 16.875 0.0606857
1.9 19.125 0.062287
1.9 21.375 0.0614557
1.9 23.625 0.065035
1.9 25.875 0.0643923
1.9 28.125 0.0707912
1.9 30.375 0.0676574
1.9 32.625 0.0773404
1.9 34.875 0.0787415
1.9 37.125 0.0800662
1.9 39.375 0.0888596
1.9 41.625 0.0889639
1.9 43.875 0.0939573
2.1 1.125 0.0301334
2.1 3.375 0.031179
2.1 5.625 0.0311185
2.1 7.875 0.0296865
2.1 10.125 0.0327724
2.1 12.375 0.0347965
2.1 14.625 0.0373052
2.1 16.875 0.0362818
2.1 19.125 0.0401776
2.1 21.375 0.040489
2.1 23.625 0.0440049
2.1 25.875 0.0438082
2.1 28.125 0.0490371
2.1 30.375 0.0514961
2.1 32.625 0.0520644
2.1 34.875 0.0522349
2.1 37.125 0.0575668
2.1 39.375 0.0568534
2.1 41.625 0.059501
2.1 43.875 0.0562563
2.3 1.125 0.0176671
2.3 3.375 0.0178781
2.3 5.625 0.0178653
2.3 7.875 0.0181106
2.3 10.125 0.018867
2.3 12.375 0.0194512
2.3 14.625 0.0201016
2.3 16.875 0.0227946
2.3 19.125 0.0218462
2.3 21.375 0.0239957
2.3 23.625 0.0256657
2.3 25.875 0.0289917
2.3 28.125 0.0287143
2.3 30.375 0.031842
2.3 32.625 0.0339036
2.3 34.875 0.0367376
2.3 37.125 0.0386556
2.3 39.375 0.0379739
2.3 41.625 0.0409144
2.3 43.875 0.0365017
2.5 1.125 0.0126327
2.5 3.375 0.0115693
2.5 5.625 0.0124114
2.5 7.875 0.012068
2.5 10.125 0.0116346
2.5 12.375 0.0105331
2.5 14.625 0.0122563
2.5 16.875 0.0128542
2.5 19.125 0.0132434
2.5 21.375 0.0141515
2.5 23.625 0.0153172
2.5 25.875 0.0169652
2.5 28.125 0.0195532
2.5 30.375 0.0202212
2.5 32.625 0.0233164
2.5 34.875 0.0233617
2.5 37.125 0.0242338
2.5 39.375 0.023269
2.5 41.625 0.0254817
2.5 43.875 0.0251274
2.7 1.125 0.00987727
2.7 3.375 0.0102423
2.7 5.625 0.0102179
2.7 7.875 0.00950548
2.7 10.125 0.00932072
2.7 12.375 0.00883313
2.7 14.625 0.00943814
2.7 16.875 0.00947122
2.7 19.125 0.0103177
2.7 21.375 0.0100395
2.7 23.625 0.0104453
2.7 25.875 0.0105182
2.7 28.125 0.0125818
2.7 30.375 0.0133667
2.7 32.625 0.0149659
2.7 34.875 0.0154019
2.7 37.125 0.0153442
2.7 39.375 0.0158632
2.7 41.625 0.0154809
2.7 43.875 0.016763
2.9 1.125 0.00909566
2.9 3.375 0.00740595
2.9 5.625 0.00864092
2.9 7.875 0.00877972
2.9 10.125 0.00815496
2.9 12.375 0.00786725
2.9 14.625 0.00827675
2.9 16.875 0.00777934
2.9 19.125 0.00792985
2.9 21.375 0.0099019
2.9 23.625 0.00921433
2.9 25.875 0.00851392
2.9 28.125 0.00910019
2.9 30.375 0.00965561
2.9 32.625 0.0101807
2.9 34.875 0.0103571
2.9 37.125 0.010706
2.9 39.375 0.0112669
2.9 41.625 0.0115293
2.9 43.875 0.0127257
3.1 1.125 0.00734466
3.1 3.375 0.00732383
3.1 5.625 0.00673876
3.1 7.875 0.00678546
3.1 10.125 0.00741897
3.1 12.375 0.00669346
3.1 14.625 0.00701323
3.1 16.875 0.00728018
3.1 19.125 0.00810921
3.1 21.375 0.00723644
3.1 23.625 0.00854538
3.1 25.875 0.00846643
3.1 28.125 0.00775324
3.1 30.375 0.0078814
3.1 32.625 0.00891305
3.1 34.875 0.00837648
3.1 37.125 0.00780626
3.1 39.375 0.00830081
3.1 41.625 0.00927975
3.1 43.875 0.00957518
3.3 1.125 0.00697775
3.3 3.375 0.00593038
3.3 5.625 0.00612275
3.3 7.875 0.00599269
3.3 10.125 0.00645701
3.3 12.375 0.00570473
3.3 14.625 0.00603776
3.3 16.875 0.00623817
3.3 19.125 0.0062859
3.3 21.375 0.00619861
3.3 23.625 0.00617486
3.3 25.875 0.0065866
3.3 28.125 0.00698021
3.3 30.375 0.00742681
3.3 32.625 0.00705417
3.3 34.875 0.00700165
3.3 37.125 0.00748467
3.3 39.375 0.00683261
3.3 41.625 0.00676268
3.3 43.875 0.00741131
3.5 1.125 0.00558149
3.5 3.375 0.00565385
3.5 5.625 0.00601963
3.5 7.875 0.00562491
3.5 10.125 0.00516439
3.5 12.375 0.00605772
3.5 14.625 0.00542382
3.5 16.875 0.00578717
3.5 19.125 0.00581743
3.5 21.375 0.00567812
3.5 23.625 0.00489223
3.5 25.875 0.00655987
3.5 28.125 0.00635579
3.5 30.375 0.00702299
3.5 32.625 0.00646324
3.5 34.875 0.00623149
3.5 37.125 0.00707082
3.5 39.375 0.00694016
3.5 41.625 0.00584353
3.5 43.875 0.00568425
3.7 1.125 0.00534158
3.7 3.375 0.00526192
3.7 5.625 0.00565397
3.7 7.875 0.00501993
3.7 10.125 0.00488854
3.7 12.375 0.00463753
3.7 14.625 0.00572656
3.7 16.875 0.00545691
3.7 19.125 0.00535067
3.7 21.375 0.00580645
3.7 23.625 0.00526381
3.7 25.875 0.00538465
3.7 28.125 0.00587271
3.7 30.375 0.00541684
3.7 32.625 0.00540249
3.7 34.875 0.0053187
3.7 37.125 0.00598315
3.7 39.375 0.00548
3.7 41.625 0.00525083
3.7 43.875 0.00518666
3.9 1.125 0.00528501
3.9 3.375 0.0046989
3.9 5.625 0.00515364
3.9 7.875 0.00415767
3.9 10.125 0.00450574
3.9 12.375 0.00479916
3.9 14.625 0.00487361
3.9 16.875 0.00434078
3.9 19.125 0.00463681
3.9 21.375 0.00517384
3.9 23.625 0.00564073
3.9 25.875 0.00511511
3.9 28.125 0.00502825
3.9 30.375 0.00497794
3.9 32.625 0.00531252
3.9 34.875 0.00538174
3.9 37.125 0.00524931
3.9 39.375 0.00508442
3.9 41.625 0.00405509
3.9 43.875 0.00463645
4.1 1.125 0.00492276
4.1 3.375 0.00493598
4.1 5.625 0.00471701
4.1 7.875 0.00477671
4.1 10.125 0.00446002
4.1 12.375 0.00480633
4.1 14.625 0.00508285
4.1 16.875 0.00460668
4.1 19.125 0.00515605
4.1 21.375 0.00500677
4.1 23.625 0.00559231
4.1 25.875 0.00481563
4.1 28.125 0.00461787
4.1 30.375 0.00513256
4.1 32.625 0.00443094
4.1 34.875 0.00435632
4.1 37.125 0.00419112
4.1 39.375 0.00427051
4.1 41.625 0.00437448
4.1 43.875 0.00415953
4.3 1.125 0.00402789
4.3 3.375 0.00610506
4.3 5.625 0.00425483
4.3 7.875 0.00421657
4.3 10.125 0.00713285
4.3 12.375 0.00416529
4.3 14.625 0.00455191
4.3 16.875 0.00425999
4.3 19.125 0.00437283
4.3 21.375 0.00470594
4.3 23.625 0.00455747
4.3 25.875 0.00468578
4.3 28.125 0.00443049
4.3 30.375 0.0045791
4.3 32.625 0.00449902
4.3 34.875 0.00424917
4.3 37.125 0.00376159
4.3 39.375 0.00409312
4.3 41.625 0.0041896
4.3 43.875 0.00437811
4.5 1.125 0.00385185
4.5 3.375 0.0038183
4.5 5.625 0.00386346
4.5 7.875 0.00395073
4.5 10.125 0.00367734
4.5 12.375 0.00407027
4.5 14.625 0.00416286
4.5 16.875 0.00437887
4.5 19.125 0.00426367
4.5 21.375 0.0039182
4.5 23.625 0.00398597
4.5 25.875 0.00433245
4.5 28.125 0.00399946
4.5 30.375 0.00423438
4.5 32.625 0.00383949
4.5 34.875 0.00365839
4.5 37.125 0.00434993
4.5 39.375 0.00384884
4.5 41.625 0.00363487
4.5 43.875 0.00358115
4.7 1.125 0.00406299
4.7 3.375 0.00374721
4.7 5.625 0.00371906
4.7 7.875 0.00388378
4.7 10.125 0.00337966
4.7 12.375 0.00365718
4.7 14.625 0.00389869
4.7 16.875 0.00349855
4.7 19.125 0.0032822
4.7 21.375 0.00431292
4.7 23.625 0.00322834
4.7 25.875 0.00369404
4.7 28.125 0.00434612
4.7 30.375 0.00365569
4.7 32.625 0.00339325
4.7 34.875 0.00394796
4.7 37.125 0.00378636
4.7 39.375 0.00364477
4.7 41.625 0.00387454
4.7 43.875 0.00392761
4.9 1.125 0.00460651
4.9 3.375 0.00345889
4.9 5.625 0.00337368
4.9 7.875 0.0029418
4.9 10.125 0.00334215
4.9 12.375 0.00322518
4.9 14.625 0.00371442
4.9 16.875 0.00367621
4.9 19.125 0.00339321
4.9 21.375 0.00359779
4.9 23.625 0.00344304
4.9 25.875 0.00354703
4.9 28.125 0.00372967
4.9 30.375 0.00364793
4.9 32.625 0.00368735
4.9 34.875 0.00345727
4.9 37.125 0.00400867
4.9 39.375 0.00361343
4.9 41.625 0.00343798
4.9 43.875 0.00329127
5.1 1.125 0.0032194
5.1 3.375 0.00306198
5.1 5.625 0.00301171
5.1 7.875 0.00304977
5.1 10.125 0.00290143
5.1 12.375 0.00290035
5.1 14.625 0.00307883
5.1 16.875 0.00333062
5.1 19.125 0.00346485
5.1 21.375 0.00327678
5.1 23.625 0.00323081
5.1 25.875 0.00515732
5.1 28.125 0.00325887
5.1 30.375 0.00375477
5.1 32.625 0.00320746
5.1 34.875 0.00316364
5.1 37.125 0.00331987
5.1 39.375 0.00330506
5.1 41.625 0.00277444
5.1 43.875 0.00348152
5.3 1.125 0.00285326
5.3 3.375 0.00285592
5.3 5.625 0.00292381
5.3 7.875 0.00295443
5.3 10.125 0.00319406
5.3 12.375 0.00310664
5.3 14.625 0.00319245
5.3 16.875 0.00304832
5.3 19.125 0.00316039
5.3 21.375 0.0029561
5.3 23.625 0.00321498
5.3 25.875 0.00334463
5.3 28.125 0.00312954
5.3 30.375 0.00351286
5.3 32.625 0.00325571
5.3 34.875 0.00296727
5.3 37.125 0.00308255
5.3 39.375 0.00306418
5.3 41.625 0.00322196
5.3 43.875 0.00413466
5.5 1.125 0.002988
5.5 3.375 0.00295758
5.5 5.625 0.0031564
5.5 7.875 0.00257357
5.5 10.125 0.00296588
5.5 12.375 0.00295666
5.5 14.625 0.00270576
5.5 16.875 0.00295186
5.5 19.125 0.00301578
5.5 21.375 0.00313292
5.5 23.625 0.00316587
5.5 25.875 0.00298841
5.5 28.125 0.00305767
5.5 30.375 0.00309061
5.5 32.625 0.00269852
5.5 34.875 0.00325785
5.5 37.125 0.00328647
5.5 39.375 0.00303771
5.5 41.625 0.003177
5.5 43.875 0.00365687
5.7 1.125 0.0028268
5.7 3.375 0.00316572
5.7 5.625 0.00278013
5.7 7.875 0.0028623
5.7 10.125 0.0026402
5.7 12.375 0.00246961
5.7 14.625 0.0028542
5.7 16.875 0.0031924
5.7 19.125 0.00334711
5.7 21.375 0.00344166
5.7 23.625 0.00293805
5.7 25.875 0.00303596
5.7 28.125 0.00264176
5.7 30.375 0.00284541
5.7 32.625 0.00287582
5.7 34.875 0.00308359
5.7 37.125 0.00295858
5.7 39.375 0.00283976
5.7 41.625 0.00306727
5.7 43.875 0.00316567
5.9 1.125 0.00318993
5.9 3.375 0.00297736
5.9 5.625 0.00284688
5.9 7.875 0.00291418
5.9 10.125 0.00275219
5.9 12.375 0.00280357
5.9 14.625 0.00265174
5.9 16.875 0.00290104
5.9 19.125 0.00258058
5.9 21.375 0.00288836
5.9 23.625 0.00564575
5.9 25.875 0.00286433
5.9 28.125 0.0027549
5.9 30.375 0.00292286
5.9 32.625 0.00287493
5.9 34.875 0.00290898
5.9 37.125 0.0027235
5.9 39.375 0.00310772
5.9 41.625 0.00274866
5.9 43.875 0.00321376
6.1 1.125 0.00290617
6.1 3.375 0.00256304
6.1 5.625 0.00308045
6.1 7.875 0.00303025
6.1 10.125 0.00307665
6.1 12.375 0.00318884
6.1 14.625 0.00249162
6.1 16.875 0.00270766
6.1 19.125 0.00307178
6.1 21.375 0.00309793
6.1 23.625 0.00277576
6.1 25.875 0.00265661
6.1 28.125 0.00251828
6.1 30.375 0.00245962
6.1 32.625 0.00277948
6.1 34.875 0.00252043
6.1 37.125 0.00275527
6.1 39.375 0.00288948
6.1 41.625 0.00273243
6.1 43.875 0.00270664
6.3 1.125 0.00250318
6.3 3.375 0.00287382
6.3 5.625 0.0023643
6.3 7.875 0.00253123
6.3 10.125 0.00395445
6.3 12.375 0.00255647
6.3 14.625 0.00261753
6.3 16.875 0.00254646
6.3 19.125 0.00287449
6.3 21.375 0.00246619
6.3 23.625 0.00267923
6.3 25.875 0.00268417
6.3 28.125 0.00309375
6.3 30.375 0.00239812
6.3 32.625 0.00270129
6.3 34.875 0.00254239
6.3 37.125 0.00261749
6.3 39.375 0.00261226
6.3 41.625 0.00253748
6.3 43.875 0.00267018
6.5 1.125 0.00309963
6.5 3.375 0.00276225
6.5 5.625 0.0022986
6.5 7.875 0.0025215
6.5 10.125 0.0020697
6.5 12.375 0.0032365
6.5 14.625 0.00280744
6.5 16.875 0.00276227
6.5 19.125 0.00270522
6.5 21.375 0.00256279
6.5 23.625 0.00255975
6.5 25.875 0.00256045
6.5 28.125 0.00260685
6.5 30.375 0.00219772
6.5 32.625 0.00237619
6.5 34.875 0.00247334
6.5 37.125 0.00254365
6.5 39.375 0.00266756
6.5 41.625 0.00226256
6.5 43.875 0.00252434
6.7 1.125 0.00242021
6.7 3.375 0.00265176
6.7 5.625 0.00310471
6.7 7.875 0.00266593
6.7 10.125 0.0028821
6.7 12.375 0.0022702
6.7 14.625 0.00281689
6.7 16.875 0.00287989
6.7 19.125 0.00251895
6.7 21.375 0.00233511
6.7 23.625 0.00257088
6.7 25.875 0.00257615
6.7 28.125 0.00299269
6.7 30.375 0.00314944
6.7 32.625 0.00235699
6.7 34.875 0.00224969
6.7 37.125 0.00274632
6.7 39.375 0.0026349
6.7 41.625 0.00612087
6.7 43.875 0.00275752
6.9 1.125 0.00551994
6.9 3.375 0.00242448
6.9 5.625 0.00236488
6.9 7.875 0.00243641
6.9 10.125 0.00262741
6.9 12.375 0.00245454
6.9 14.625 0.00238291
6.9 16.875 0.00237752
6.9 19.125 0.00245679
6.9 21.375 0.00250927
6.9 23.625 0.00294496
6.9 25.875 0.00295059
6.9 28.125 0.00254217
6.9 30.375 0.00261589
6.9 32.625 0.00262982
6.9 34.875 0.00178389
6.9 37.125 0.00274947
6.9 39.375 0.00298255
6.9 41.625 0.00269065
6.9 43.875 0.00226486
7.1 1.125 0.00240565
7.1 3.375 0.00281326
7.1 5.625 0.00448271
7.1 7.875 0.00266294
7.1 10.125 0.0024894
7.1 12.375 0.00259786
7.1 14.625 0.00273437
7.1 16.875 0.00257196
7.1 19.125 0.00289982
7.1 21.375 0.00243371
7.1 23.625 0.00263175
7.1 25.875 0.00230596
7.1 28.125 0.0026155
7.1 30.375 0.0026371
7.1 32.625 0.00248594
7.1 34.875 0.00287046
7.1 37.125 0.00268581
7.1 39.375 0.00247775
7.1 41.625 0.00341599
7.1 43.875 0.00244454
7.3 1.125 0.00808906
7.3 3.375 0.00245439
7.3 5.625 0.00226203
7.3 7.875 0.00268242
7.3 10.125 0.00243506
7.3 12.375 0.00239512
7.3 14.625 0.00216926
7.3 16.875 0.00285551
7.3 19.125 0.00229531
7.3 21.375 0.00288248
7.3 23.625 0.00260795
7.3 25.875 0.00290545
7.3 28.125 0.00217465
7.3 30.375 0.00269576
7.3 32.625 0.0024378
7.3 34.875 0.00328498
7.3 37.125 0.0022813
7.3 39.375 0.00291316
7.3 41.625 0.00253032
7.3 43.875 0.00270385
7.5 1.125 0.00257133
7.5 3.375 0.00203028
7.5 5.625 0.00244186
7.5 7.875 0.00219122
7.5 10.125 0.00226193
7.5 12.375 0.00221574
7.5 14.625 0.00229706
7.5 16.875 0.00272249
7.5 19.125 0.00258302
7.5 21.375 0.00325148
7.5 23.625 0.00278485
7.5 25.875 0.00277527
7.5 28.125 0.00643238
7.5 30.375 0.0021166
7.5 32.625 0.00254338
7.5 34.875 0.00224531
7.5 37.125 0.00215836
7.5 39.375 0.0025063
7.5 41.625 0.00211308
7.5 43.875 0.00254854
7.7 1.125 0.00266699
7.7 3.375 0.00211707
7.7 5.625 0.00227653
7.7 7.875 0.00194401
7.7 10.125 0.00299722
7.7 12.375 0.00245372
7.7 14.625 0.00232022
7.7 16.875 0.00259374
7.7 19.125 0.00279348
7.7 21.375 0.00231113
7.7 23.625 0.0028869
7.7 25.875 0.00248016
7.7 28.125 0.0023337
7.7 30.375 0.00251837
7.7 32.625 0.00243924
7.7 34.875 0.00196395
7.7 37.125 0.00230692
7.7 39.375 0.0026534
7.7 41.625 0.00246453
7.7 43.875 0.00232714
7.9 1.125 0.00233736
7.9 3.375 0.0022578
7.9 5.625 0.0023732
7.9 7.875 0.00222595
7.9 10.125 0.00270261
7.9 12.375 0.00249263
7.9 14.625 0.0028846
7.9 16.875 0.00228851
7.9 19.125 0.00216521
7.9 21.375 0.00240643
7.9 23.625 0.00242027
7.9 25.875 0.00265179
7.9 28.125 0.00291655
7.9 30.375 0.00218979
7.9 32.625 0.00228833
7.9 34.875 0.00263678
7.9 37.125 0.00200824
7.9 39.375 0.00224996
7.9 41.625 0.00258137
7.9 43.875 0.00256706
8.1 1.125 0.00250127
8.1 3.375 0.00247023
8.1 5.625 0.00261111
8.1 7.875 0.00203723
8.1 10.125 0.00206372
8.1 12.375 0.00255327
8.1 14.625 0.00194752
8.1 16.875 0.00256694
8.1 19.125 0.00239377
8.1 21.375 0.0020464
8.1 23.625 0.00246341
8.1 25.875 0.00250297
8.1 28.125 0.00229233
8.1 30.375 0.0023644
8.1 32.625 0.00242913
8.1 34.875 0.00236954
8.1 37.125 0.00235575
8.1 39.375 0.00216851
8.1 41.625 0.00254147
8.1 43.875 0.00232484
8.3 1.125 0.00204757
8.3 3.375 0.00261557
8.3 5.625 0.00250185
8.3 7.875 0.00263649
8.3 10.125 0.00208731
8.3 12.375 0.00263642
8.3 14.625 0.00185992
8.3 16.875 0.0056224
8.3 19.125 0.00262952
8.3 21.375 0.00220287
8.3 23.625 0.00178814
8.3 25.875 0.0029094
8.3 28.125 0.00223401
8.3 30.375 0.00215172
8.3 32.625 0.00221426
8.3 34.875 0.00263092
8.3 37.125 0.0023129
8.3 39.375 0.00245295
8.3 41.625 0.00264261
8.3 43.875 0.00226125
8.5 1.125 0.00187329
8.5 3.375 0.00226041
8.5 5.625 0.00211884
8.5 7.875 0.00304754
8.5 10.125 0.00293059
8.5 12.375 0.00266786
8.5 14.625 0.00270958
8.5 16.875 0.00259974
8.5 19.125 0.0022514
8.5 21.375 0.002109
8.5 23.625 0.00251831
8.5 25.875 0.00272992
8.5 28.125 0.00267223
8.5 30.375 0.00215078
8.5 32.625 0.00242081
8.5 34.875 0.00245208
8.5 37.125 0.00252285
8.5 39.375 0.00274677
8.5 41.625 0.00224447
8.5 43.875 0.002291
8.7 1.125 0.0019845
8.7 3.375 0.00227653
8.7 5.625 0.00286354
8.7 7.875 0.00242264
8.7 10.125 0.00264843
8.7 12.375 0.00209863
8.7 14.625 0.00250547
8.7 16.875 0.00235555
8.7 19.125 0.00228832
8.7 21.375 0.00196485
8.7 23.625 0.00265925
8.7 25.875 0.00190007
8.7 28.125 0.00232434
8.7 30.375 0.00234032
8.7 32.625 0.00229055
8.7 34.875 0.00257474
8.7 37.125 0.00232808
8.7 39.375 0.00215174
8.7 41.625 0.00240321
8.7 43.875 0.00229586
8.9 1.125 0.0022017
8.9 3.375 0.00244179
8.9 5.625 0.00263077
8.9 7.875 0.0026144
8.9 10.125 0.0021159
8.9 12.375 0.00209491
8.9 14.625 0.00198116
8.9 16.875 0.00212088
8.9 19.125 0.00172197
8.9 21.375 0.00239138
8.9 23.625 0.00210021
8.9 25.875 0.00239284
8.9 28.125 0.00221702
8.9 30.375 0.00231977
8.9 32.625 0.00229039
8.9 34.875 0.00307991
8.9 37.125 0.00234456
8.9 39.375 0.00303639
8.9 41.625 0.00213911
8.9 43.875 0.00253239
9.1 1.125 0.00244963
9.1 3.375 0.00211039
9.1 5.625 0.00258096
9.1 7.875 0.0024119
9.1 10.125 0.00230466
9.1 12.375 0.00221934
9.1 14.625 0.0022142
9.1 16.875 0.00199629
9.1 19.125 0.00193755
9.1 21.375 0.00245605
9.1 23.625 0.00225684
9.1 25.875 0.00261489
9.1 28.125 0.00263375
9.1 30.375 0.00217074
9.1 32.625 0.00220854
9.1 34.875 0.00239082
9.1 37.125 0.00225481
9.1 39.375 0.00267244
9.1 41.625 0.00192132
9.1 43.875 0.00208667
9.3 1.125 0.00163288
9.3 3.375 0.00212399
9.3 5.625 0.00164639
9.3 7.875 0.0017283
9.3 10.125 0.00211536
9.3 12.375 0.00232438
9.3 14.625 0.00238451
9.3 16.875 0.00193254
9.3 19.125 0.00252773
9.3 21.375 0.00258364
9.3 23.625 0.00275473
9.3 25.875 0.0022687
9.3 28.125 0.00279089
9.3 30.375 0.00170532
9.3 32.625 0.00268415
9.3 34.875 0.00244191
9.3 37.125 0.011716
9.3 39.375 0.00216074
9.3 41.625 0.00182987
9.3 43.875 0.00247201
9.5 1.125 0.00203373
9.5 3.375 0.00247017
9.5 5.625 0.0020718
9.5 7.875 0.00251102
9.5 10.125 0.00220242
9.5 12.375 0.00220713
9.5 14.625 0.00278351
9.5 16.875 0.00250937
9.5 19.125 0.00210067
9.5 21.375 0.00214064
9.5 23.625 0.00258249
9.5 25.875 0.0019125
9.5 28.125 0.0019071
9.5 30.375 0.00216021
9.5 32.625 0.00277416
9.5 34.875 0.00215334
9.5 37.125 0.0023805
9.5 39.375 0.0019798
9.5 41.625 0.00196462
9.5 43.875 0.0026998
9.7 1.125 0.00256896
9.7 3.375 0.00216855
9.7 5.625 0.00189684
9.7 7.875 0.00212142
9.7 10.125 0.00213337
9.7 12.375 0.00171253
9.7 14.625 0.00235473
9.7 16.875 0.00185107
9.7 19.125 0.00294378
9.7 21.375 0.0046387
9.7 23.625 0.00213543
9.7 25.875 0.00187799
9.7 28.125 0.0021246
9.7 30.375 0.00194055
9.7 32.625 0.00279322
9.7 34.875 0.00223405
9.7 37.125 0.00206292
9.7 39.375 0.00225385
9.7 41.625 0.00189479
9.7 43.875 0.00278931
9.9 1.125 0.00252796
9.9 3.375 0.00201903
9.9 5.625 0.00170208
9.9 7.875 0.00243398
9.9 10.125 0.00195063
9.9 12.375 0.0019093
9.9 14.625 0.00296412
9.9 16.875 0.00244019
9.9 19.125 0.0017344
9.9 21.375 0.00238469
9.9 23.625 0.0027138
9.9 25.875 0.00260302
9.9 28.125 0.00172676
9.9 30.375 0.00245404
9.9 32.625 0.0021325
9.9 34.875 0.00177642
9.9 37.125 0.00241571
9.9 39.375 0.00233011
9.9 41.625 0.00200048
9.9 43.875 0.00221483
10.1 1.125 0.00243948
10.1 3.375 0.00221745
10.1 5.625 0.00154637
10.1 7.875 0.00214919
10.1 10.125 0.00196235
10.1 12.375 0.00221111
10.1 14.625 0.00239776
10.1 16.875 0.00216621
10.1 19.125 0.002005
10.1 21.375 0.00150668
10.1 23.625 0.00204247
10.1 25.875 0.00232655
10.1 28.125 0.00255223
10.1 30.375 0.00192166
10.1 32.625 0.00156971
10.1 34.875 0.00171438
10.1 37.125 0.00209377
10.1 39.375 0.00183328
10.1 41.625 0.00203411
10.1 43.875 0.00174722
10.3 1.125 0.00229427
10.3 3.375 0.00361501
10.3 5.625 0.00245125
10.3 7.875 0.00213538
10.3 10.125 0.00187291
10.3 12.375 0.00253604
10.3 14.625 0.0118307
10.3 16.875 0.00216774
10.3 19.125 0.00187139
10.3 21.375 0.00228549
10.3 23.625 0.00264269
10.3 25.875 0.0019541
10.3 28.125 0.00268708
10.3 30.375 0.00194431
10.3 32.625 0.00210369
10.3 34.875 0.00204547
10.3 37.125 0.00170461
10.3 39.375 0.00189194
10.3 41.625 0.00234479
10.3 43.875 0.00222899
10.5 1.125 0.00256231
10.5 3.375 0.00217336
10.5 5.625 0.00277558
10.5 7.875 0.00250285
10.5 10.125 0.00164036
10.5 12.375 0.00193957
10.5 14.625 0.00228316
10.5 16.875 0.00196581
10.5 19.125 0.00211529
10.5 21.375 0.00217617
10.5 23.625 0.00265286
10.5 25.875 0.00210912
10.5 28.125 0.00185552
10.5 30.375 0.00197341
10.5 32.625 0.00249062
10.5 34.875 0.00271563
10.5 37.125 0.00309137
10.5 39.375 0.00242355
10.5 41.625 0.00255193
10.5 43.875 0.00290197
10.7 1.125 0.00297467
10.7 3.375 0.00483379
10.7 5.625 0.00181179
10.7 7.875 0.00337495
10.7 10.125 0.00122023
10.7 12.375 0.00198106
10.7 14.625 0.00230876
10.7 16.875 0.00174105
10.7 19.125 0.00273221
10.7 21.375 0.00182261
10.7 23.625 0.00155537
10.7 25.875 0.00261659
10.7 28.125 0.00176936
10.7 30.375 0.00218807
10.7 32.625 0.00213426
10.7 34.875 0.0024758
10.7 37.125 0.00219578
10.7 39.375 0.00380619
10.7 41.625 0.00207715
10.7 43.875 0.00286317
10.9 1.125 0.00208968
10.9 3.375 0.00137347
10.9 5.625 0.001573
10.9 7.875 0.00247684
10.9 10.125 0.00207475
10.9 12.375 0.00257812
10.9 14.625 0.00260389
10.9 16.875 0.00315262
10.9 19.125 0.0017846
10.9 21.375 0.00178074
10.9 23.625 0.00206333
10.9 25.875 0.00711287
10.9 28.125 0.00211212
10.9 30.375 0.00255022
10.9 32.625 0.00193748
10.9 34.875 0.00217431
10.9 37.125 0.00396401
10.9 39.375 0.00207108
10.9 41.625 0.00193684
10.9 43.875 0.00222455
11.1 1.125 0.00152089
11.1 3.375 0.00183018
11.1 5.625 0.00174333
11.1 7.875 0.00184101
11.1 10.125 0.002879
11.1 12.375 0.00169137
11.1 14.625 0.00177607
11.1 16.875 0.00306608
11.1 19.125 0.00204917
11.1 21.375 0.00177682
11.1 23.625 0.00252733
11.1 25.875 0.00200919
11.1 28.125 0.00218442
11.1 30.375 0.00189453
11.1 32.625 0.00205328
11.1 34.875 0.00302527
11.1 37.125 0.00416879
11.1 39.375 0.00237323
11.1 41.625 0.0018616
11.1 43.875 0.0029296
11.3 1.125 0.00291754
11.3 3.375 0.00259073
11.3 5.625 0.00201662
11.3 7.875 0.00264417
11.3 10.125 0.00194427
11.3 12.375 0.00165603
11.3 14.625 0.00190001
11.3 16.875 0.00185888
11.3 19.125 0.00163581
11.3 21.375 0.00240375
11.3 23.625 0.00207108
11.3 25.875 0.00207278
11.3 28.125 0.00269362
11.3 30.375 0.00214199
11.3 32.625 0.00192684
11.3 34.875 0.0017657
11.3 37.125 0.00183285
11.3 39.375 0.002519
11.3 41.625 0.00151582
11.3 43.875 0.00220605
11.5 1.125 0.00202744
11.5 3.375 0.00206641
11.5 5.625 0.00168484
11.5 7.875 0.00186797
11.5 10.125 0.00189725
11.5 12.375 0.00160261
11.5 14.625 0.00174148
11.5 16.875 0.0021902
11.5 19.125 0.00216591
11.5 21.375 0.00197017
11.5 23.625 0.00212223
11.5 25.875 0.00218671
11.5 28.125 0.0015663
11.5 30.375 0.00389839
11.5 32.625 0.00236744
11.5 34.875 0.00279583
11.5 37.125 0.00191859
11.5 39.375 0.00296653
11.5 41.625 0.0017275
11.5 43.875 0.00216032
11.7 1.125 0.00185316
11.7 3.375 0.00175011
11.7 5.625 0.00240861
11.7 7.875 0.00270502
11.7 10.125 0.00195916
11.7 12.375 0.00173128
11.7 14.625 0.00210391
11.7 16.875 0.0021056
11.7 19.125 0.00225871
11.7 21.375 0.00331842
11.7 23.625 0.00192962
11.7 25.875 0.00242789
11.7 28.125 0.0021132
11.7 30.375 0.00262452
11.7 32.625 0.00254082
11.7 34.875 0.00176419
11.7 37.125 0.00212237
11.7 39.375 0.00238016
11.7 41.625 0.00183557
11.7 43.875 0.00234611
11.9 1.125 0.00210019
11.9 3.375 0.00176378
11.9 5.625 0.0221016
11.9 7.875 0.00163827
11.9 10.125 0.00181557
11.9 12.375 0.00270971
11.9 14.625 0.00229712
11.9 16.875 0.00162126
11.9 19.125 0.00444382
11.9 21.375 0.00206148
11.9 23.625 0.00173503
11.9 25.875 0.00198919
11.9 28.125 0.00182073
11.9 30.375 0.00258791
11.9 32.625 0.00243142
11.9 34.875 0.0018709
11.9 37.125 0.00203117
11.9 39.375 0.00169599
11.9 41.625 0.00251041
11.9 43.875 0.00268201
12.1 1.125 0.00228859
12.1 3.375 0.0225165
12.1 5.625 0.00209758
12.1 7.875 0.00227119
12.1 10.125 0.00184143
12.1 12.375 0.00215681
12.1 14.625 0.00213654
12.1 16.875 0.00216489
12.1 19.125 0.00261717
12.1 21.375 0.00210196
12.1 23.625 0.00163152
12.1 25.875 0.00204508
12.1 28.125 0.00187671
12.1 30.375 0.00164072
12.1 32.625 0.00181527
12.1 34.875 0.00255199
12.1 37.125 0.00455585
12.1 39.375 0.00220509
12.1 41.625 0.00180305
12.1 43.875 0.00205059
12.3 1.125 0.00161872
12.3 3.375 0.00243874
12.3 5.625 0.00207422
12.3 7.875 0.0017178
12.3 10.125 0.00170203
12.3 12.375 0.00180859
12.3 14.625 0.00251745
12.3 16.875 0.00405061
12.3 19.125 0.00204248
12.3 21.375 0.00177875
12.3 23.625 0.00277265
12.3 25.875 0.00299823
12.3 28.125 0.00194721
12.3 30.375 0.00226343
12.3 32.625 0.00264752
12.3 34.875 0.00162072
12.3 37.125 0.00275846
12.3 39.375 0.00301134
12.3 41.625 0.00673695
12.3 43.875 0.00175303
12.5 1.125 0.00165249
12.5 3.375 0.00184443
12.5 5.625 0.00253373
12.5 7.875 0.00178966
12.5 10.125 0.00273935
12.5 12.375 0.00195885
12.5 14.625 0.00347839
12.5 16.875 0.00332524
12.5 19.125 0.00182375
12.5 21.375 0.00183365
12.5 23.625 0.00195748
12.5 25.875 0.00192712
12.5 28.125 0.00163236
12.5 30.375 0.00209078
12.5 32.625 0.00245347
12.5 34.875 0.00130533
12.5 37.125 0.0297908
12.5 39.375 0.00194121
12.5 41.625 0.00134812
12.5 43.875 0.00170128
12.7 1.125 0.0226293
12.7 3.375 0.00206748
12.7 5.625 0.00199322
12.7 7.875 0.00229105
12.7 10.125 0.00119628
12.7 12.375 0.00665124
12.7 14.625 0.00200567
12.7 16.875 0.0030295
12.7 19.125 0.00197606
12.7 21.375 0.00226342
12.7 23.625 0.0019041
12.7 25.875 0.0023795
12.7 28.125 0.00253624
12.7 30.375 0.00203288
12.7 32.625 0.00290417
12.7 34.875 0.0024142
12.7 37.125 0.00189006
12.7 39.375 0.00213278
12.7 41.625 0.00198316
12.7 43.875 0.005281
12.9 1.125 0.00162312
12.9 3.375 0.00228367
12.9 5.625 0.0022158
12.9 7.875 0.00274583
12.9 10.125 0.00174605
12.9 12.375 0.0175987
12.9 14.625 0.00298602
12.9 16.875 0.00175829
12.9 19.125 0.00239078
12.9 21.375 0.00300921
12.9 23.625 0.00171594
12.9 25.875 0.00148213
12.9 28.125 0.00511657
12.9 30.375 0.00169061
12.9 32.625 0.0151624
12.9 34.875 0.0025402
12.9 37.125 0.00167294
12.9 39.375 0.00435521
12.9 41.625 0.00224743
12.9 43.875 0.00219682
13.1 1.125 0.0396811
13.1 3.375 0.00375974
13.1 5.625 0.00267757
13.1 7.875 0.00155842
13.1 10.125 0.00149408
13.1 12.375 0.00161757
13.1 14.625 0.00152205
13.1 16.875 0.00187656
13.1 19.125 0.0018422
13.1 21.375 0.00243816
13.1 23.625 0.00432058
13.1 25.875 0.000920968
13.1 28.125 0.00136187
13.1 30.375 0.00241123
13.1 32.625 0.00190882
13.1 34.875 0.00198439
13.1 37.125 0.00173829
13.1 39.375 0.00189436
13.1 41.625 0.00212135
13.1 43.875 0.0019795
13.3 1.125 0.00148661
13.3 3.375 0.0026291
13.3 5.625 0.00280674
13.3 7.875 0.0027144
13.3 10.125 0.00186577
13.3 12.375 0.0135438
13.3 14.625 0.00205101
13.3 16.875 0.00377426
13.3 19.125 0.00228271
13.3 21.375 0.00182809
13.3 23.625 0.00166387
13.3 25.875 0.00284121
13.3 28.125 0.00380018
13.3 30.375 0.00169172
13.3 32.625 0.00183567
13.3 34.875 0.00200312
13.3 37.125 0.0026593
13.3 39.375 0.00276344
13.3 41.625 0.00184684
13.3 43.875 0.00200869
13.5 1.125 0.00153064
13.5 3.375 0.00122656
13.5 5.625 0.00251919
13.5 7.875 0.00168271
13.5 10.125 0.00167491
13.5 12.375 0.00263929
13.5 14.625 0.00229487
13.5 16.875 0.00187929
13.5 19.125 0.00329089
13.5 21.375 0.00628132
13.5 23.625 0.0020523
13.5 25.875 0.00208939
13.5 28.125 0.00162967
13.5 30.375 0.00235491
13.5 32.625 0.00119395
13.5 34.875 0.00355709
13.5 37.125 0.00163745
13.5 39.375 0.00181826
13.5 41.625 0.00241293
13.5 43.875 0.00270352
13.7 1.125 0.00191878
13.7 5.625 0.00216258
13.7 7.875 0.00264103
13.7 10.125 0.00144944
13.7 12.375 0.00208004
13.7 19.125 0.0011482
13.7 21.375 0.00188568
13.7 23.625 0.00164036
13.7 25.875 0.00236591
13.7 28.125 0.00204781
13.7 30.375 0.00167978
13.7 32.625 0.00202038
13.7 34.875 0.00375175
13.7 37.125 0.00470196
13.7 39.375 0.00209966
13.7 41.625 0.00158764
13.7 43.875 0.00183169
13.9 1.125 0.00205222
13.9 3.375 0.000926869
13.9 7.875 0.00334718
13.9 10.125 0.00280979
13.9 12.375 0.00206042
13.9 14.625 0.0020289
13.9 16.875 0.00218985
13.9 19.125 0.00211932
13.9 21.375 0.00131649
13.9 23.625 0.00121894
13.9 25.875 0.0014965
13.9 28.125 0.00256082
13.9 30.375 0.00192821
13.9 32.625 0.00140834
13.9 34.875 0.00150688
13.9 37.125 0.00209895
13.9 39.375 0.00125342
13.9 43.875 0.00249331
