0.1 1.125 2.47565
0.1 3.375 2.45528
0.1 5.625 2.27029
0.1 7.875 1.63784
0.1 10.125 1.82522
0.1 12.375 2.04839
0.1 14.625 2.12386
0.1 16.875 2.01295
0.1 19.125 2.40117
0.1 21.375 2.46618
0.1 23.625 2.30725
0.1 25.875 2.24662
0.1 28.125 2.42794
0.1 32.625 2.11345
0.1 34.875 2.46719
0.1 37.125 2.44534
0.1 39.375 2.4612
0.1 41.625 2.20035
0.1 43.875 2.43443
0.3 1.125 2.35098
0.3 3.375 2.43811
0.3 5.625 2.43018
0.3 7.875 2.35894
0.3 10.125 2.40819
0.3 12.375 2.43932
0.3 14.625 2.43772
0.3 16.875 2.4418
0.3 19.125 2.35735
0.3 21.375 2.36577
0.3 23.625 2.44308
0.3 25.875 2.45091
0.3 28.125 2.42342
0.3 30.375 2.43147
0.3 32.625 2.42591
0.3 34.875 2.43521
0.3 37.125 2.43497
0.3 39.375 2.34369
0.3 41.625 2.45777
0.3 43.875 2.38546
0.5 1.125 2.2628
0.5 3.375 2.33865
0.5 5.625 2.38331
0.5 7.875 2.22891
0.5 10.125 2.18598
0.5 12.375 2.33816
0.5 14.625 2.25325
0.5 16.875 2.36265
0.5 19.125 2.38183
0.5 21.375 2.36411
0.5 23.625 2.3303
0.5 25.875 2.36559
0.5 28.125 2.35586
0.5 30.375 2.34016
0.5 32.625 2.39727
0.5 34.875 2.39611
0.5 37.125 2.38266
0.5 39.375 2.3532
0.5 41.625 2.37595
0.5 43.875 2.35336
0.7 1.125 2.143
0.7 3.375 2.1842
0.7 5.625 2.24718
0.7 7.875 2.27037
0.7 10.125 2.23646
0.7 12.375 2.2715
0.7 14.625 2.2408
0.7 16.875 2.25397
0.7 19.125 2.23868
0.7 21.375 2.25001
0.7 23.625 2.27447
0.7 25.875 2.26347
0.7 28.125 2.26239
0.7 30.375 2.29147
0.7 32.625 2.24773
0.7 34.875 2.28799
0.7 37.125 2.25891
0.7 39.375 2.26045
0.7 41.625 2.29271
0.7 43.875 2.27272
0.9 1.125 1.92671
0.9 3.375 1.98354
0.9 5.625 1.98205
0.9 7.875 2.02094
0.9 10.125 1.94617
0.9 12.375 2.01919
0.9 14.625 2.01131
0.9 16.875 1.95757
0.9 19.125 1.99257
0.9 21.375 1.96368
0.9 23.625 2.06464
0.9 25.875 2.06243
0.9 28.125 2.04432
0.9 30.375 2.04168
0.9 32.625 2.08986
0.9 34.875 2.1107
0.9 37.125 2.13088
0.9 39.375 2.15489
0.9 41.625 2.12439
0.9 43.875 2.1131
1.1 1.125 1.44209
1.1 3.375 1.43195
1.1 5.625 1.49154
1.1 7.875 1.40742
1.1 10.125 1.48178
1.1 12.375 1.48523
1.1 14.625 1.52864
1.1 16.875 1.60812
1.1 19.125 1.70252
1.1 21.375 1.61926
1.1 23.625 1.57153
1.1 25.875 1.68701
1.1 28.125 1.70278
1.1 30.375 1.79558
1.1 32.625 1.87665
1.1 34.875 1.81418
1.1 37.125 1.8245
1.1 39.375 1.84968
1.1 41.625 1.87205
1.1 43.875 1.9272
1.3 1.125 0.764827
1.3 3.375 0.783028
1.3 5.625 0.807472
1.3 7.875 0.856319
1.3 10.125 0.875811
1.3 12.375 0.930018
1.3 14.625 0.974242
1.3 16.875 0.950572
1.3 19.125 0.969474
1.3 21.375 1.06076
1.3 23.625 1.08182
1.3 25.875 1.10377
1.3 28.125 1.21752
1.3 30.375 1.23267
1.3 32.625 1.32004
1.3 34.875 1.36061
1.3 37.125 1.45931
1.3 39.375 1.49464
1.3 41.625 1.43727
1.3 43.875 1.53715
1.5 1.125 0.416795
1.5 3.375 0.401071
1.5 5.625 0.438815
1.5 7.875 0.428921
1.5 10.125 0.450177
1.5 12.375 0.492387
1.5 14.625 0.475752
1.5 16.875 0.52707
1.5 19.125 0.52333
1.5 21.375 0.550222
1.5 23.625 0.545341
1.5 25.875 0.605096
1.5 28.125 0.719215
1.5 30.375 0.679596
1.5 32.625 0.813598
1.5 34.875 0.838965
1.5 37.125 1.01349
1.5 39.375 0.975047
1.5 41.625 0.98248
1.5 43.875 1.03703
1.7 1.125 0.23244
1.7 3.375 0.235227
1.7 5.625 0.245953
1.7 7.875 0.245667
1.7 10.125 0.264464
1.7 12.375 0.269832
1.7 14.625 0.276758
1.7 16.875 0.278311
1.7 19.125 0.283919
1.7 21.375 0.30665
1.7 23.625 0.324078
1.7 25.875 0.320119
1.7 28.125 0.344168
1.7 30.375 0.354063
1.7 32.625 0.40086
1.7 34.875 0.410937
1.7 37.125 0.418829
1.7 39.375 0.443047
1.7 41.625 0.463363
1.7 43.875 0.433767
1.9 1.125 0.162347
1.9 3.375 0.154833
1.9 5.625 0.158747
1.9 7.875 0.153593
1.9 10.125 0.159424
1.9 12.375 0.171378
1.9 14.625 0.175557
1.9 16.875 0.167561
1.9 19.125 0.184118
1.9 21.375 0.181434
1.9 23.625 0.192532
1.9 25.875 0.190966
1.9 28.125 0.1992
1.9 30.375 0.22401
1.9 32.625 0.222962
1.9 34.875 0.233702
1.9 37.125 0.239525
1.9 39.375 0.250974
1.9 41.625 0.250629
1.9 43.875 0.240572
2.1 1.125 0.101901
2.1 3.375 0.103543
2.1 5.625 0.101776
2.1 7.875 0.104137
2.1 10.125 0.106952
2.1 12.375 0.114596
2.1 14.625 0.111885
2.1 16.875 0.114252
2.1 19.125 0.114666
2.1 21.375 0.118151
2.1 23.625 0.131306
2.1 25.875 0.128126
2.1 28.125 0.127159
2.1 30.375 0.138716
2.1 32.625 0.140783
2.1 34.875 0.147846
2.1 37.125 0.156006
2.1 39.375 0.153291
2.1 41.625 0.16075
2.1 43.875 0.155078
2.3 1.125 0.0691794
2.3 3.375 0.0713991
2.3 5.625 0.0767942
2.3 7.875 0.0735047
2.3 10.125 0.0724878
2.3 12.375 0.0769637
2.3 14.625 0.0779757
2.3 16.875 0.084864
2.3 19.125 0.084074
2.3 21.375 0.0818881
2.3 23.625 0.0835098
2.3 25.875 0.0879911
2.3 28.125 0.0939508
2.3 30.375 0.091582
2.3 32.625 0.0944796
2.3 34.875 0.100579
2.3 37.125 0.098338
2.3 39.375 0.104514
2.3 41.625 0.102603
2.3 43.875 0.1037
2.5 1.125 0.055335
2.5 3.375 0.0532932
2.5 5.625 0.0545109
2.5 7.875 0.0548724
2.5 10.125 0.0556799
2.5 12.375 0.0552181
2.5 14.625 0.0555102
2.5 16.875 0.0548231
2.5 19.125 0.0591681
2.5 21.375 0.05798
2.5 23.625 0.0608806
2.5 25.875 0.0634095
2.5 28.125 0.0640409
2.5 30.375 0.0667447
2.5 32.625 0.0669066
2.5 34.875 0.0672903
2.5 37.125 0.0675347
2.5 39.375 0.0708726
2.5 41.625 0.0703349
2.5 43.875 0.0674215
2.7 1.125 0.041829
2.7 3.375 0.0424202
2.7 5.625 0.0419922
2.7 7.875 0.0416705
2.7 10.125 0.0437154
2.7 12.375 0.0412335
2.7 14.625 0.0427295
2.7 16.875 0.0422081
2.7 19.125 0.0445965
2.7 21.375 0.044821
2.7 23.625 0.0441552
2.7 25.875 0.0464787
2.7 28.125 0.0493836
2.7 30.375 0.0504701
2.7 32.625 0.0494914
2.7 34.875 0.05288
2.7 37.125 0.0486348
2.7 39.375 0.0470842
2.7 41.625 0.0482661
2.7 43.875 0.0480927
2.9 1.125 0.033909
2.9 3.375 0.0338867
2.9 5.625 0.0327929
2.9 7.875 0.0331038
2.9 10.125 0.0334751
2.9 12.375 0.0345273
2.9 14.625 0.0343945
2.9 16.875 0.0353311
2.9 19.125 0.0340717
2.9 21.375 0.0372404
2.9 23.625 0.0379578
2.9 25.875 0.0370421
2.9 28.125 0.0376405
2.9 30.375 0.0377825
2.9 32.625 0.0376188
2.9 34.875 0.0388438
2.9 37.125 0.037689
2.9 39.375 0.0373628
2.9 41.625 0.0378719
2.9 43.875 0.0390911
3.1 1.125 0.026919
3.1 3.375 0.026299
3.1 5.625 0.0260165
3.1 7.875 0.0280876
3.1 10.125 0.0262295
3.1 12.375 0.0277922
3.1 14.625 0.0255495
3.1 16.875 0.0284827
3.1 19.125 0.0294383
3.1 21.375 0.0300663
3.1 23.625 0.029576
3.1 25.875 0.0325215
3.1 28.125 0.0309157
3.1 30.375 0.0299977
3.1 32.625 0.0298903
3.1 34.875 0.0309394
3.1 37.125 0.0299794
3.1 39.375 0.0310632
3.1 41.625 0.0289466
3.1 43.875 0.0306432
3.3 1.125 0.0208398
3.3 3.375 0.0202521
3.3 5.625 0.0226008
3.3 7.875 0.0224564
3.3 10.125 0.0214247
3.3 12.375 0.0229279
3.3 14.625 0.0216976
3.3 16.875 0.0226572
3.3 19.125 0.0225181
3.3 21.375 0.0239617
3.3 23.625 0.0252659
3.3 25.875 0.0240255
3.3 28.125 0.0239962
3.3 30.375 0.025379
3.3 32.625 0.0238312
3.3 34.875 0.024507
3.3 37.125 0.024292
3.3 39.375 0.0234795
3.3 41.625 0.023632
3.3 43.875 0.024576
3.5 1.125 0.0173664
3.5 3.375 0.018187
3.5 5.625 0.0184392
3.5 7.875 0.0180966
3.5 10.125 0.0165963
3.5 12.375 0.0189487
3.5 14.625 0.0183042
3.5 16.875 0.0175429
3.5 19.125 0.0196704
3.5 21.375 0.0200257
3.5 23.625 0.0198942
3.5 25.875 0.019543
3.5 28.125 0.0192861
3.5 30.375 0.0206961
3.5 32.625 0.020642
3.5 34.875 0.0198593
3.5 37.125 0.019553
3.5 39.375 0.0204999
3.5 41.625 0.0210682
3.5 43.875 0.0189874
3.7 1.125 0.0142693
3.7 3.375 0.0150123
3.7 5.625 0.0146561
3.7 7.875 0.0155631
3.7 10.125 0.0146258
3.7 12.375 0.0147793
3.7 14.625 0.0158959
3.7 16.875 0.0158292
3.7 19.125 0.0157461
3.7 21.375 0.0161195
3.7 23.625 0.0159977
3.7 25.875 0.0169423
3.7 28.125 0.0170982
3.7 30.375 0.0177428
3.7 32.625 0.0169518
3.7 34.875 0.0168367
3.7 37.125 0.0166728
3.7 39.375 0.0175712
3.7 41.625 0.0176871
3.7 43.875 0.016629
3.9 1.125 0.0131457
3.9 3.375 0.0123713
3.9 5.625 0.0127078
3.9 7.875 0.0134106
3.9 10.125 0.0126421
3.9 12.375 0.0133421
3.9 14.625 0.0129357
3.9 16.875 0.0137089
3.9 19.125 0.0137893
3.9 21.375 0.0139364
3.9 23.625 0.0147979
3.9 25.875 0.0136997
3.9 28.125 0.0144993
3.9 30.375 0.0140431
3.9 32.625 0.0135767
3.9 34.875 0.0132101
3.9 37.125 0.0145286
3.9 39.375 0.014855
3.9 41.625 0.0138442
3.9 43.875 0.0143903
4.1 1.125 0.0112857
4.1 3.375 0.0111219
4.1 5.625 0.0104751
4.1 7.875 0.0112711
4.1 10.125 0.0110829
4.1 12.375 0.0106998
4.1 14.625 0.0114417
4.1 16.875 0.0118317
4.1 19.125 0.0138093
4.1 21.375 0.0115456
4.1 23.625 0.0124825
4.1 25.875 0.01147
4.1 28.125 0.0114233
4.1 30.375 0.0120953
4.1 32.625 0.0115649
4.1 34.875 0.0114584
4.1 37.125 0.0117056
4.1 39.375 0.0118428
4.1 41.625 0.0116629
4.1 43.875 0.0121649
4.3 1.125 0.00928175
4.3 3.375 0.00912662
4.3 5.625 0.0101956
4.3 7.875 0.00914244
4.3 10.125 0.0089658
4.3 12.375 0.00954337
4.3 14.625 0.00960127
4.3 16.875 0.0102551
4.3 19.125 0.0102697
4.3 21.375 0.0105696
4.3 23.625 0.0104766
4.3 25.875 0.0100032
4.3 28.125 0.00966129
4.3 30.375 0.0103711
4.3 32.625 0.0101215
4.3 34.875 0.0104015
4.3 37.125 0.00944573
4.3 39.375 0.0101477
4.3 41.625 0.0100144
4.3 43.875 0.00965136
4.5 1.125 0.00854295
4.5 3.375 0.00807833
4.5 5.625 0.00902872
4.5 7.875 0.00858089
4.5 10.125 0.00866109
4.5 12.375 0.00873163
4.5 14.625 0.00857806
4.5 16.875 0.00902902
4.5 19.125 0.00872497
4.5 21.375 0.00874
4.5 23.625 0.00885317
4.5 25.875 0.00905056
4.5 28.125 0.00926929
4.5 30.375 0.00938227
4.5 32.625 0.00868336
4.5 34.875 0.0086713
4.5 37.125 0.00877546
4.5 39.375 0.00856517
4.5 41.625 0.00817059
4.5 43.875 0.00873028
4.7 1.125 0.00732238
4.7 3.375 0.00696152
4.7 5.625 0.00688796
4.7 7.875 0.00740847
4.7 10.125 0.00765861
4.7 12.375 0.00759105
4.7 14.625 0.00702326
4.7 16.875 0.00752486
4.7 19.125 0.00742051
4.7 21.375 0.00774702
4.7 23.625 0.00759648
4.7 25.875 0.00775156
4.7 28.125 0.00905115
4.7 30.375 0.00715721
4.7 32.625 0.00705844
4.7 34.875 0.00771483
4.7 37.125 0.0103773
4.7 39.375 0.00729241
4.7 41.625 0.00694345
4.7 43.875 0.00902065
4.9 1.125 0.00637337
4.9 3.375 0.00690706
4.9 5.625 0.00686362
4.9 7.875 0.00660543
4.9 10.125 0.006719
4.9 12.375 0.00612125
4.9 14.625 0.0065949
4.9 16.875 0.00703715
4.9 19.125 0.00693611
4.9 21.375 0.00690441
4.9 23.625 0.00692833
4.9 25.875 0.00632566
4.9 28.125 0.00722091
4.9 30.375 0.00680016
4.9 32.625 0.00732781
4.9 34.875 0.00709145
4.9 37.125 0.00714502
4.9 39.375 0.00653663
4.9 41.625 0.00672229
4.9 43.875 0.00596655
5.1 1.125 0.00563175
5.1 3.375 0.00619965
5.1 5.625 0.00566213
5.1 7.875 0.00574769
5.1 10.125 0.00643528
5.1 12.375 0.0061183
5.1 14.625 0.00595816
5.1 16.875 0.00642252
5.1 19.125 0.00629982
5.1 21.375 0.00645286
5.1 23.625 0.00553996
5.1 25.875 0.00618147
5.1 28.125 0.00637565
5.1 30.375 0.00589632
5.1 32.625 0.0111871
5.1 34.875 0.00605165
5.1 37.125 0.00626491
5.1 39.375 0.0062347
5.1 41.625 0.00602723
5.1 43.875 0.00565486
5.3 1.125 0.00660596
5.3 3.375 0.00565895
5.3 5.625 0.00572834
5.3 7.875 0.00520044
5.3 10.125 0.0051348
5.3 12.375 0.00546104
5.3 14.625 0.00584684
5.3 16.875 0.00562892
5.3 19.125 0.00551747
5.3 21.375 0.00582086
5.3 23.625 0.00517152
5.3 25.875 0.00586471
5.3 28.125 0.00546872
5.3 30.375 0.00550251
5.3 32.625 0.00571137
5.3 34.875 0.00557123
5.3 37.125 0.00569546
5.3 39.375 0.00572533
5.3 41.625 0.00554327
5.3 43.875 0.00529265
5.5 1.125 0.00461388
5.5 3.375 0.00466696
5.5 5.625 0.00464589
5.5 7.875 0.00501899
5.5 10.125 0.0049004
5.5 12.375 0.00489138
5.5 14.625 0.00491941
5.5 16.875 0.0050785
5.5 19.125 0.00546079
5.5 21.375 0.00556286
5.5 23.625 0.00490936
5.5 25.875 0.0048915
5.5 28.125 0.00520376
5.5 30.375 0.00460464
5.5 32.625 0.00492461
5.5 34.875 0.00476788
5.5 37.125 0.00488774
5.5 39.375 0.00483134
5.5 41.625 0.00463279
5.5 43.875 0.00421599
5.7 1.125 0.00462036
5.7 3.375 0.0089237
5.7 5.625 0.00444912
5.7 7.875 0.00477439
5.7 10.125 0.00453315
5.7 12.375 0.00464139
5.7 14.625 0.0043127
5.7 16.875 0.00481024
5.7 19.125 0.0049444
5.7 21.375 0.00470176
5.7 23.625 0.00505479
5.7 25.875 0.0044449
5.7 28.125 0.00412316
5.7 30.375 0.00466057
5.7 32.625 0.00944662
5.7 34.875 0.00462335
5.7 37.125 0.0047788
5.7 39.375 0.00435018
5.7 41.625 0.00411944
5.7 43.875 0.00445362
5.9 1.125 0.00408615
5.9 3.375 0.00397744
5.9 5.625 0.0041842
5.9 7.875 0.00392022
5.9 10.125 0.00447254
5.9 12.375 0.00420298
5.9 14.625 0.004386
5.9 16.875 0.00399098
5.9 19.125 0.00437453
5.9 21.375 0.00443495
5.9 23.625 0.00918868
5.9 25.875 0.00463247
5.9 28.125 0.00434841
5.9 30.375 0.00429037
5.9 32.625 0.00814063
5.9 34.875 0.0041705
5.9 37.125 0.00461307
5.9 39.375 0.0041418
5.9 41.625 0.00391951
5.9 43.875 0.00730122
6.1 1.125 0.00395615
6.1 3.375 0.00364792
6.1 5.625 0.00369526
6.1 7.875 0.00385068
6.1 10.125 0.00357662
6.1 12.375 0.00393648
6.1 14.625 0.00383692
6.1 16.875 0.00415723
6.1 19.125 0.0038818
6.1 21.375 0.0131314
6.1 23.625 0.0037002
6.1 25.875 0.00406693
6.1 28.125 0.00376372
6.1 30.375 0.00428905
6.1 32.625 0.00427519
6.1 34.875 0.00388226
6.1 37.125 0.00430502
6.1 39.375 0.00400695
6.1 41.625 0.009082
6.1 43.875 0.00386567
6.3 1.125 0.00367139
6.3 3.375 0.00371562
6.3 5.625 0.00348581
6.3 7.875 0.00364285
6.3 10.125 0.00398724
6.3 12.375 0.00502665
6.3 14.625 0.00423453
6.3 16.875 0.00360056
6.3 19.125 0.00345436
6.3 21.375 0.00376303
6.3 23.625 0.00398462
6.3 25.875 0.00385956
6.3 28.125 0.0039119
6.3 30.375 0.00386724
6.3 32.625 0.00366715
6.3 34.875 0.00413036
6.3 37.125 0.00374529
6.3 39.375 0.00346119
6.3 41.625 0.00350014
6.3 43.875 0.00365367
6.5 1.125 0.00334394
6.5 3.375 0.00343102
6.5 5.625 0.00367463
6.5 7.875 0.00356254
6.5 10.125 0.00387107
6.5 12.375 0.00356785
6.5 14.625 0.00351672
6.5 16.875 0.00346092
6.5 19.125 0.00352971
6.5 21.375 0.00316373
6.5 23.625 0.00384777
6.5 25.875 0.00961119
6.5 28.125 0.0037465
6.5 30.375 0.003763
6.5 32.625 0.00322081
6.5 34.875 0.00360758
6.5 37.125 0.00366679
6.5 39.375 0.00322298
6.5 41.625 0.00373069
6.5 43.875 0.00336691
6.7 1.125 0.00349601
6.7 3.375 0.00324173
6.7 5.625 0.00339767
6.7 7.875 0.00337454
6.7 10.125 0.00338231
6.7 12.375 0.0033261
6.7 14.625 0.00351261
6.7 16.875 0.0036171
6.7 19.125 0.00378896
6.7 21.375 0.00349501
6.7 23.625 0.00325918
6.7 25.875 0.00325106
6.7 28.125 0.00316053
6.7 30.375 0.00795479
6.7 32.625 0.003783
6.7 34.875 0.00342339
6.7 37.125 0.00355222
6.7 39.375 0.00324889
6.7 41.625 0.00346621
6.7 43.875 0.00334227
6.9 1.125 0.00326981
6.9 3.375 0.0035237
6.9 5.625 0.00441951
6.9 7.875 0.00360976
6.9 10.125 0.00333341
6.9 12.375 0.003294
6.9 14.625 0.00317322
6.9 16.875 0.00306513
6.9 19.125 0.00346209
6.9 21.375 0.00310154
6.9 23.625 0.00300338
6.9 25.875 0.0043736
6.9 28.125 0.00672665
6.9 30.375 0.00301506
6.9 32.625 0.00954668
6.9 34.875 0.00314313
6.9 37.125 0.0032866
6.9 39.375 0.00314323
6.9 41.625 0.00309255
6.9 43.875 0.00306265
7.1 1.125 0.00325917
7.1 3.375 0.00288812
7.1 5.625 0.00287738
7.1 7.875 0.00315159
7.1 10.125 0.00309776
7.1 12.375 0.00301148
7.1 14.625 0.00295056
7.1 16.875 0.00305691
7.1 19.125 0.00296614
7.1 21.375 0.00310274
7.1 23.625 0.00291209
7.1 25.875 0.00316704
7.1 28.125 0.00308077
7.1 30.375 0.00914867
7.1 32.625 0.00344846
7.1 34.875 0.00284694
7.1 37.125 0.00298913
7.1 39.375 0.00344354
7.1 41.625 0.00329229
7.1 43.875 0.00298952
7.3 1.125 0.00249501
7.3 3.375 0.00297774
7.3 5.625 0.00297294
7.3 7.875 0.00306121
7.3 10.125 0.00298656
7.3 12.375 0.00308987
7.3 14.625 0.00288222
7.3 16.875 0.00309233
7.3 19.125 0.00298243
7.3 21.375 0.00313263
7.3 23.625 0.00315568
7.3 25.875 0.00301393
7.3 28.125 0.00301821
7.3 30.375 0.00291729
7.3 32.625 0.00282239
7.3 34.875 0.0029833
7.3 37.125 0.00299376
7.3 39.375 0.00500944
7.3 41.625 0.00316179
7.3 43.875 0.00297838
7.5 1.125 0.00275649
7.5 3.375 0.00291385
7.5 5.625 0.00322373
7.5 7.875 0.00277846
7.5 10.125 0.00291501
7.5 12.375 0.00270033
7.5 14.625 0.00304708
7.5 16.875 0.00791603
7.5 19.125 0.00329633
7.5 21.375 0.00275223
7.5 23.625 0.00282554
7.5 25.875 0.00270067
7.5 28.125 0.00308259
7.5 30.375 0.00283033
7.5 32.625 0.00305399
7.5 34.875 0.00294894
7.5 37.125 0.0027089
7.5 39.375 0.00275918
7.5 41.625 0.00269979
7.5 43.875 0.00305132
7.7 1.125 0.0102449
7.7 3.375 0.0102322
7.7 5.625 0.00280631
7.7 7.875 0.0026486
7.7 10.125 0.00288274
7.7 12.375 0.00285899
7.7 14.625 0.00260314
7.7 16.875 0.00261094
7.7 19.125 0.00275662
7.7 21.375 0.00296362
7.7 23.625 0.00264383
7.7 25.875 0.00287378
7.7 28.125 0.00288115
7.7 30.375 0.00284325
7.7 32.625 0.00310821
7.7 34.875 0.00313371
7.7 37.125 0.0027459
7.7 39.375 0.00288811
7.7 41.625 0.00245912
7.7 43.875 0.00257698
7.9 1.125 0.00270677
7.9 3.375 0.002648
7.9 5.625 0.00264673
7.9 7.875 0.00288774
7.9 10.125 0.00251608
7.9 12.375 0.00331096
7.9 14.625 0.0029102
7.9 16.875 0.00274914
7.9 19.125 0.00281063
7.9 21.375 0.00272533
7.9 23.625 0.00268871
7.9 25.875 0.00322418
7.9 28.125 0.011935
7.9 30.375 0.00257004
7.9 32.625 0.00302847
7.9 34.875 0.0031612
7.9 37.125 0.00291753
7.9 39.375 0.00281431
7.9 41.625 0.00288074
7.9 43.875 0.00291574
8.1 1.125 0.00285195
8.1 3.375 0.00444641
8.1 5.625 0.00250694
8.1 7.875 0.00282912
8.1 10.125 0.00281557
8.1 12.375 0.0028316
8.1 14.625 0.00293583
8.1 16.875 0.00367497
8.1 19.125 0.00280346
8.1 21.375 0.00247709
8.1 23.625 0.00443978
8.1 25.875 0.00252387
8.1 28.125 0.00249383
8.1 30.375 0.00261902
8.1 32.625 0.00250306
8.1 34.875 0.00258618
8.1 37.125 0.00270979
8.1 39.375 0.00340387
8.1 41.625 0.00271793
8.1 43.875 0.00256355
8.3 1.125 0.00284697
8.3 3.375 0.00274405
8.3 5.625 0.00284294
8.3 7.875 0.00265337
8.3 10.125 0.00280101
8.3 12.375 0.00278824
8.3 14.625 0.00284544
8.3 16.875 0.00344849
8.3 19.125 0.00275481
8.3 21.375 0.00284296
8.3 23.625 0.00265504
8.3 25.875 0.00278844
8.3 28.125 0.00262386
8.3 30.375 0.00252566
8.3 32.625 0.00311202
8.3 34.875 0.00270166
8.3 37.125 0.00337486
8.3 39.375 0.00257343
8.3 41.625 0.00265513
8.3 43.875 0.00416249
8.5 1.125 0.00248482
8.5 3.375 0.00241342
8.5 5.625 0.00255491
8.5 7.875 0.00265056
8.5 10.125 0.00217631
8.5 12.375 0.0042054
8.5 14.625 0.0030681
8.5 16.875 0.0028851
8.5 19.125 0.00251169
8.5 21.375 0.00280324
8.5 23.625 0.00247753
8.5 25.875 0.00253555
8.5 28.125 0.00262109
8.5 30.375 0.0026791
8.5 32.625 0.00280796
8.5 34.875 0.00282152
8.5 37.125 0.00257245
8.5 39.375 0.00235971
8.5 41.625 0.00231059
8.5 43.875 0.00234976
8.7 1.125 0.00261748
8.7 3.375 0.00248699
8.7 5.625 0.00216906
8.7 7.875 0.00255553
8.7 10.125 0.00265713
8.7 12.375 0.00280192
8.7 14.625 0.00270174
8.7 16.875 0.0027845
8.7 19.125 0.00255131
8.7 21.375 0.00242045
8.7 23.625 0.00235992
8.7 25.875 0.00248893
8.7 28.125 0.00247581
8.7 30.375 0.00263745
8.7 32.625 0.00213523
8.7 34.875 0.00244267
8.7 37.125 0.00252784
8.7 39.375 0.00276126
8.7 41.625 0.00233547
8.7 43.875 0.00352296
8.9 1.125 0.00269792
8.9 3.375 0.00249757
8.9 5.625 0.00277909
8.9 7.875 0.00222026
8.9 10.125 0.00225252
8.9 12.375 0.00254614
8.9 14.625 0.00261863
8.9 16.875 0.0023542
8.9 19.125 0.00339384
8.9 21.375 0.0025407
8.9 23.625 0.0026376
8.9 25.875 0.00212801
8.9 28.125 0.00237924
8.9 30.375 0.00264511
8.9 32.625 0.00229726
8.9 34.875 0.00253098
8.9 37.125 0.0021948
8.9 39.375 0.00278851
8.9 41.625 0.00278497
8.9 43.875 0.00228296
9.1 1.125 0.00241687
9.1 3.375 0.00251186
9.1 5.625 0.00248481
9.1 7.875 0.00249216
9.1 10.125 0.00241519
9.1 12.375 0.00249475
9.1 14.625 0.00251719
9.1 16.875 0.00248951
9.1 19.125 0.0140749
9.1 21.375 0.00278788
9.1 23.625 0.00244668
9.1 25.875 0.00484068
9.1 28.125 0.0127454
9.1 30.375 0.00234119
9.1 32.625 0.00267965
9.1 34.875 0.00254353
9.1 37.125 0.00238701
9.1 39.375 0.00226597
9.1 41.625 0.00324515
9.1 43.875 0.00222981
9.3 1.125 0.00249738
9.3 3.375 0.002439
9.3 5.625 0.00238137
9.3 7.875 0.00258715
9.3 10.125 0.0028381
9.3 12.375 0.00230794
9.3 14.625 0.00220074
9.3 16.875 0.00245466
9.3 19.125 0.00249961
9.3 21.375 0.00222963
9.3 23.625 0.00250341
9.3 25.875 0.00459596
9.3 28.125 0.00245634
9.3 30.375 0.00320798
9.3 32.625 0.00248125
9.3 34.875 0.00248703
9.3 37.125 0.00234094
9.3 39.375 0.00227234
9.3 41.625 0.0176048
9.3 43.875 0.0222415
9.5 1.125 0.00220823
9.5 3.375 0.00336102
9.5 5.625 0.0200424
9.5 7.875 0.00247314
9.5 10.125 0.00235134
9.5 12.375 0.00260086
9.5 14.625 0.00271173
9.5 16.875 0.00212198
9.5 19.125 0.00228764
9.5 21.375 0.00253739
9.5 23.625 0.00228793
9.5 25.875 0.00249124
9.5 28.125 0.00256125
9.5 30.375 0.00243222
9.5 32.625 0.00275657
9.5 34.875 0.00208454
9.5 37.125 0.00212006
9.5 39.375 0.00270241
9.5 41.625 0.00251441
9.5 43.875 0.0023213
9.7 1.125 0.0118901
9.7 3.375 0.00260422
9.7 5.625 0.00216124
9.7 7.875 0.00216979
9.7 10.125 0.00238269
9.7 12.375 0.00230647
9.7 14.625 0.00255285
9.7 16.875 0.00250602
9.7 19.125 0.00237773
9.7 21.375 0.00234056
9.7 23.625 0.00226237
9.7 25.875 0.00239908
9.7 28.125 0.00279214
9.7 30.375 0.00255142
9.7 32.625 0.00226226
9.7 34.875 0.00258984
9.7 37.125 0.0039158
9.7 39.375 0.00261827
9.7 41.625 0.00243554
9.7 43.875 0.00222406
9.9 1.125 0.00239912
9.9 3.375 0.00194173
9.9 5.625 0.00275871
9.9 7.875 0.00221383
9.9 10.125 0.00254343
9.9 12.375 0.00641171
9.9 14.625 0.0129096
9.9 16.875 0.00257378
9.9 19.125 0.00513613
9.9 21.375 0.00250635
9.9 23.625 0.00233664
9.9 25.875 0.00224144
9.9 28.125 0.0025146
9.9 30.375 0.0025248
9.9 32.625 0.00253053
9.9 34.875 0.00242204
9.9 37.125 0.00223175
9.9 39.375 0.00218881
9.9 41.625 0.00250544
9.9 43.875 0.00270324
10.1 1.125 0.00324768
10.1 3.375 0.00272702
10.1 5.625 0.00234331
10.1 7.875 0.00205695
10.1 10.125 0.00260692
10.1 12.375 0.00226672
10.1 14.625 0.00212227
10.1 16.875 0.00210469
10.1 19.125 0.00244502
10.1 21.375 0.00228983
10.1 23.625 0.00295814
10.1 25.875 0.00249186
10.1 28.125 0.00208668
10.1 30.375 0.00284025
10.1 32.625 0.00209932
10.1 34.875 0.00255416
10.1 37.125 0.0025545
10.1 39.375 0.00264472
10.1 41.625 0.00237133
10.1 43.875 0.00225101
10.3 1.125 0.00229811
10.3 3.375 0.0021378
10.3 5.625 0.00199988
10.3 7.875 0.00245076
10.3 10.125 0.00252059
10.3 12.375 0.00267343
10.3 14.625 0.00261452
10.3 16.875 0.00232123
10.3 19.125 0.00206644
10.3 21.375 0.00213715
10.3 23.625 0.00218199
10.3 25.875 0.0230113
10.3 28.125 0.00212717
10.3 30.375 0.00220818
10.3 32.625 0.00504401
10.3 34.875 0.00236581
10.3 37.125 0.00253145
10.3 39.375 0.00428396
10.3 41.625 0.00257395
10.3 43.875 0.00240432
10.5 1.125 0.00456952
10.5 3.375 0.00232271
10.5 5.625 0.00235688
10.5 7.875 0.00180642
10.5 10.125 0.00205642
10.5 12.375 0.00219337
10.5 14.625 0.00256668
10.5 16.875 0.00210588
10.5 19.125 0.00269729
10.5 21.375 0.00257073
10.5 23.625 0.00245317
10.5 25.875 0.00182442
10.5 28.125 0.0022211
10.5 30.375 0.00249718
10.5 32.625 0.00240006
10.5 34.875 0.00213018
10.5 37.125 0.00206911
10.5 39.375 0.00234144
10.5 41.625 0.00296173
10.5 43.875 0.00237423
10.7 1.125 0.00209382
10.7 3.375 0.00200154
10.7 5.625 0.00269562
10.7 7.875 0.00216134
10.7 10.125 0.00286928
10.7 12.375 0.00253564
10.7 14.625 0.00592001
10.7 16.875 0.00250679
10.7 19.125 0.00205035
10.7 21.375 0.00239959
10.7 23.625 0.00193491
10.7 25.875 0.00242514
10.7 28.125 0.00186629
10.7 30.375 0.00198425
10.7 32.625 0.00205284
10.7 34.875 0.00217239
10.7 37.125 0.00222471
10.7 39.375 0.00287441
10.7 41.625 0.00266096
10.7 43.875 0.00198544
10.9 1.125 0.00236772
10.9 3.375 0.00200137
10.9 5.625 0.00234748
10.9 7.875 0.00217015
10.9 10.125 0.00209514
10.9 12.375 0.00244317
10.9 14.625 0.00203623
10.9 16.875 0.00274189
10.9 19.125 0.00255764
10.9 21.375 0.00201915
10.9 23.625 0.00226126
10.9 25.875 0.00230336
10.9 28.125 0.00255091
10.9 30.375 0.00249235
10.9 32.625 0.00222192
10.9 34.875 0.00246219
10.9 37.125 0.00211858
10.9 39.375 0.00308969
10.9 41.625 0.00198032
10.9 43.875 0.00236396
11.1 1.125 0.0023725
11.1 3.375 0.00261419
11.1 5.625 0.00219246
11.1 7.875 0.00210112
11.1 10.125 0.00262555
11.1 12.375 0.00244913
11.1 14.625 0.00211603
11.1 16.875 0.00226964
11.1 19.125 0.00251776
11.1 21.375 0.00219302
11.1 23.625 0.00258763
11.1 25.875 0.00158359
11.1 28.125 0.00304983
11.1 30.375 0.00210023
11.1 32.625 0.00212347
11.1 34.875 0.00258375
11.1 37.125 0.00317011
11.1 39.375 0.00269655
11.1 41.625 0.00253454
11.1 43.875 0.00239736
11.3 1.125 0.00198517
11.3 3.375 0.00295621
11.3 5.625 0.00188409
11.3 7.875 0.00213972
11.3 10.125 0.00282335
11.3 12.375 0.00299343
11.3 14.625 0.00268671
11.3 16.875 0.00214922
11.3 19.125 0.00214574
11.3 21.375 0.0106408
11.3 23.625 0.00220354
11.3 25.875 0.00196981
11.3 28.125 0.00214969
11.3 30.375 0.00202848
11.3 32.625 0.0022093
11.3 34.875 0.00426296
11.3 37.125 0.00223529
11.3 39.375 0.00246497
11.3 41.625 0.002096
11.3 43.875 0.0300833
11.5 1.125 0.00181698
11.5 3.375 0.00230048
11.5 5.625 0.002244
11.5 7.875 0.00266418
11.5 10.125 0.00222861
11.5 12.375 0.00227174
11.5 14.625 0.00254113
11.5 16.875 0.00204055
11.5 19.125 0.00215723
11.5 21.375 0.00175737
11.5 23.625 0.00226062
11.5 25.875 0.00227307
11.5 28.125 0.00241377
11.5 30.375 0.00189372
11.5 32.625 0.03077
11.5 34.875 0.00192888
11.5 37.125 0.00255108
11.5 39.375 0.00256713
11.5 41.625 0.00276229
11.5 43.875 0.00271436
11.7 1.125 0.00229392
11.7 3.375 0.00385555
11.7 5.625 0.00300312
11.7 7.875 0.00231167
11.7 10.125 0.00199561
11.7 12.375 0.00178154
11.7 14.625 0.00210956
11.7 16.875 0.00190479
11.7 19.125 0.00219754
11.7 21.375 0.00268306
11.7 23.625 0.00234076
11.7 25.875 0.00212733
11.7 28.125 0.00259343
11.7 30.375 0.00195361
11.7 32.625 0.00295817
11.7 34.875 0.00216435
11.7 37.125 0.0031581
11.7 39.375 0.00211761
11.7 41.625 0.00262147
11.7 43.875 0.0112156
11.9 1.125 0.00221326
11.9 3.375 0.00292409
11.9 5.625 0.00218762
11.9 7.875 0.00208609
11.9 10.125 0.00213187
11.9 12.375 0.00229913
11.9 14.625 0.00219093
11.9 16.875 0.00287202
11.9 19.125 0.00191095
11.9 21.375 0.00241093
11.9 23.625 0.00194209
11.9 25.875 0.00229895
11.9 28.125 0.00253923
11.9 30.375 0.00232673
11.9 32.625 0.00224726
11.9 34.875 0.00292116
11.9 37.125 0.00282074
11.9 39.375 0.00236923
11.9 41.625 0.00222755
11.9 43.875 0.00230104
12.1 1.125 0.00221903
12.1 3.375 0.00256528
12.1 5.625 0.00210795
12.1 7.875 0.00217107
12.1 10.125 0.00246295
12.1 12.375 0.00282391
12.1 14.625 0.0389491
12.1 16.875 0.00223559
12.1 19.125 0.00223502
12.1 21.375 0.00155873
12.1 23.625 0.00325511
12.1 25.875 0.003053
12.1 28.125 0.00205873
12.1 30.375 0.00305998
12.1 32.625 0.00187632
12.1 34.875 0.00244463
12.1 37.125 0.00242477
12.1 39.375 0.0020712
12.1 41.625 0.00207179
12.1 43.875 0.00187324
12.3 1.125 0.0025459
12.3 3.375 0.0366314
12.3 5.625 0.0222581
12.3 7.875 0.0020044
12.3 10.125 0.00168322
12.3 12.375 0.00219888
12.3 14.625 0.00475732
12.3 16.875 0.00224856
12.3 19.125 0.00168947
12.3 21.375 0.00271805
12.3 23.625 0.00219089
12.3 25.875 0.00208091
12.3 28.125 0.00401735
12.3 30.375 0.00230792
12.3 32.625 0.00171673
12.3 34.875 0.00190919
12.3 37.125 0.00216011
12.3 39.375 0.00219917
12.3 41.625 0.00196676
12.3 43.875 0.00244832
12.5 1.125 0.00303979
12.5 3.375 0.00186314
12.5 5.625 0.00356899
12.5 7.875 0.00244991
12.5 10.125 0.0039796
12.5 12.375 0.00203472
12.5 14.625 0.00230153
12.5 16.875 0.00278115
12.5 19.125 0.00232212
12.5 21.375 0.00212151
12.5 23.625 0.00229883
12.5 25.875 0.00171365
12.5 28.125 0.00304393
12.5 30.375 0.00219075
12.5 32.625 0.00210654
12.5 34.875 0.00362971
12.5 37.125 0.00169499
12.5 39.375 0.00329282
12.5 41.625 0.00354308
12.5 43.875 0.00257263
12.7 1.125 0.0024879
12.7 3.375 0.00210247
12.7 5.625 0.00222795
12.7 7.875 0.00195479
12.7 10.125 0.00173239
12.7 12.375 0.00250936
12.7 14.625 0.00234828
12.7 16.875 0.00183988
12.7 19.125 0.00306921
12.7 21.375 0.00201582
12.7 23.625 0.0385374
12.7 25.875 0.00270506
12.7 28.125 0.00219727
12.7 30.375 0.00217183
12.7 32.625 0.00407809
12.7 34.875 0.00173564
12.7 37.125 0.00211225
12.7 39.375 0.00250876
12.7 41.625 0.00245543
12.7 43.875 0.00294892
12.9 1.125 0.00193894
12.9 3.375 0.00264358
12.9 5.625 0.00191522
12.9 7.875 0.072638
12.9 10.125 0.00194944
12.9 12.375 0.00251004
12.9 14.625 0.00204387
12.9 16.875 0.00236584
12.9 19.125 0.00202973
12.9 21.375 0.00211704
12.9 23.625 0.00357687
12.9 25.875 0.0021161
12.9 28.125 0.00238556
12.9 30.375 0.0021795
12.9 32.625 0.00275768
12.9 34.875 0.00161941
12.9 37.125 0.00250531
12.9 39.375 0.00165005
12.9 41.625 0.00302707
12.9 43.875 0.00356338
13.1 1.125 0.0318911
13.1 3.375 0.00182122
13.1 5.625 0.00178456
13.1 7.875 0.00156242
13.1 10.125 0.00306286
13.1 12.375 0.00189796
13.1 14.625 0.00171511
13.1 16.875 0.00271434
13.1 19.125 0.00155302
13.1 21.375 0.00274671
13.1 23.625 0.004033
13.1 25.875 0.00215966
13.1 28.125 0.00155025
13.1 30.375 0.00322839
13.1 32.625 0.00198248
13.1 34.875 0.00407841
13.1 37.125 0.00227779
13.1 39.375 0.0023286
13.1 41.625 0.0122055
13.1 43.875 0.00229077
13.3 1.125 0.00211556
13.3 3.375 0.00218601
13.3 5.625 0.00204566
13.3 7.875 0.00214064
13.3 10.125 0.00200756
13.3 12.375 0.0463474
13.3 14.625 0.00199663
13.3 16.875 0.00756357
13.3 19.125 0.00248308
13.3 21.375 0.00187075
13.3 23.625 0.00191079
13.3 25.875 0.00177389
13.3 28.125 0.00697608
13.3 30.375 0.00236031
13.3 32.625 0.0899877
13.3 34.875 0.0028231
13.3 37.125 0.00295471
13.3 39.375 0.00360502
13.3 41.625 0.00811974
13.3 43.875 0.00212773
13.5 1.125 0.00254318
13.5 3.375 0.00241715
13.5 5.625 0.00227907
13.5 7.875 0.00259136
13.5 10.125 0.00315682
13.5 12.375 0.0731437
13.5 14.625 0.00309572
13.5 16.875 0.00168115
13.5 19.125 0.0018592
13.5 21.375 0.00243318
13.5 23.625 0.00264989
13.5 25.875 0.00233652
13.5 28.125 0.00255438
13.5 30.375 0.00279961
13.5 32.625 0.00246779
13.5 34.875 0.00213532
13.5 37.125 0.00231501
13.5 39.375 0.0747466
13.5 41.625 0.00188717
13.5 43.875 0.00305049
13.7 1.125 0.00163594
13.7 3.375 0.00191631
13.7 5.625 0.00251091
13.7 7.875 0.00266124
13.7 10.125 0.00286192
13.7 12.375 0.00289551
13.7 14.625 0.00305927
13.7 16.875 0.00208776
13.7 19.125 0.00235647
13.7 21.375 0.0018268
13.7 23.625 0.00195261
13.7 25.875 0.00188844
13.7 28.125 0.0284972
13.7 30.375 0.0119658
13.7 32.625 0.00131532
13.7 34.875 0.00220076
13.7 37.125 0.00461216
13.7 39.375 0.00236604
13.7 41.625 0.00227966
13.7 43.875 0.00279582
13.9 1.125 0.00192398
13.9 3.375 0.00259272
13.9 5.625 0.00279721
13.9 7.875 0.00240433
13.9 10.125 0.00231583
13.9 12.375 0.00186404
13.9 14.625 0.00240958
13.9 16.875 0.0018747
13.9 19.125 0.00369216
13.9 21.375 0.00330603
13.9 23.625 0.00247998
13.9 25.875 0.00280958
13.9 28.125 0.00267458
13.9 30.375 0.00216205
13.9 32.625 0.0400211
13.9 34.875 0.00206996
13.9 37.125 0.00205027
13.9 39.375 0.00258313
13.9 41.625 0.00240019
13.9 43.875 0.00187049
