0.1 19.125 1.3691
0.3 1.125 1.6496
0.3 3.375 1.56655
0.3 5.625 1.62365
0.3 7.875 1.65576
0.3 10.125 1.66127
0.3 12.375 1.66585
0.3 14.625 1.62686
0.3 16.875 1.65719
0.3 19.125 1.6365
0.3 21.375 1.6661
0.3 25.875 1.62307
0.3 28.125 1.65357
0.3 30.375 1.64184
0.3 32.625 1.665
0.3 34.875 1.61175
0.3 37.125 1.61911
0.3 39.375 1.63689
0.3 41.625 1.63303
0.3 43.875 1.60186
0.5 1.125 1.61199
0.5 3.375 1.59278
0.5 5.625 1.62398
0.5 7.875 1.5962
0.5 10.125 1.60027
0.5 12.375 1.60449
0.5 14.625 1.60573
0.5 16.875 1.59519
0.5 19.125 1.63067
0.5 21.375 1.60799
0.5 23.625 1.59144
0.5 25.875 1.61308
0.5 28.125 1.59709
0.5 30.375 1.60692
0.5 32.625 1.62292
0.5 34.875 1.59868
0.5 37.125 1.60018
0.5 39.375 1.58617
0.5 41.625 1.62823
0.5 43.875 1.6061
0.7 1.125 1.52286
0.7 3.375 1.5154
0.7 5.625 1.5341
0.7 7.875 1.51343
0.7 10.125 1.52334
0.7 12.375 1.49985
0.7 14.625 1.55266
0.7 16.875 1.52702
0.7 19.125 1.52319
0.7 21.375 1.52941
0.7 23.625 1.54284
0.7 25.875 1.54195
0.7 28.125 1.50236
0.7 30.375 1.47507
0.7 32.625 1.5294
0.7 34.875 1.54775
0.7 37.125 1.5455
0.7 39.375 1.52983
0.7 41.625 1.54513
0.7 43.875 1.54103
0.9 1.125 1.37129
0.9 3.375 1.33913
0.9 5.625 1.33649
0.9 7.875 1.29919
0.9 10.125 1.41669
0.9 12.375 1.34693
0.9 14.625 1.38698
0.9 16.875 1.39763
0.9 19.125 1.36836
0.9 21.375 1.39905
0.9 23.625 1.39131
0.9 25.875 1.3696
0.9 28.125 1.41351
0.9 30.375 1.3926
0.9 32.625 1.40442
0.9 34.875 1.44293
0.9 37.125 1.41876
0.9 39.375 1.42632
0.9 41.625 1.45193
0.9 43.875 1.43329
1.1 1.125 0.971629
1.1 3.375 1.11196
1.1 5.625 1.07537
1.1 7.875 1.03807
1.1 10.125 1.05254
1.1 12.375 1.11332
1.1 14.625 1.10005
1.1 16.875 1.10293
1.1 19.125 1.13844
1.1 21.375 1.08303
1.1 23.625 1.16961
1.1 25.875 1.15463
1.1 28.125 1.193
1.1 30.375 1.17731
1.1 32.625 1.24473
1.1 34.875 1.27704
1.1 37.125 1.29368
1.1 39.375 1.35251
1.1 41.625 1.28168
1.1 43.875 1.32236
1.3 1.125 0.654943
1.3 3.375 0.590821
1.3 5.625 0.575032
1.3 7.875 0.619149
1.3 10.125 0.605866
1.3 12.375 0.664114
1.3 14.625 0.750219
1.3 16.875 0.736954
1.3 19.125 0.706397
1.3 21.375 0.776402
1.3 23.625 0.794726
1.3 25.875 0.858098
1.3 28.125 0.906608
1.3 30.375 0.886432
1.3 32.625 0.953484
1.3 34.875 1.03716
1.3 37.125 1.01638
1.3 39.375 1.09757
1.3 41.625 1.0866
1.3 43.875 1.06243
1.5 1.125 0.324812
1.5 3.375 0.34368
1.5 5.625 0.337446
1.5 7.875 0.368415
1.5 10.125 0.347632
1.5 12.375 0.390429
1.5 14.625 0.338234
1.5 16.875 0.398149
1.5 19.125 0.402106
1.5 21.375 0.484385
1.5 23.625 0.484182
1.5 25.875 0.432765
1.5 28.125 0.502158
1.5 30.375 0.569067
1.5 32.625 0.553545
1.5 34.875 0.555688
1.5 37.125 0.698984
1.5 39.375 0.73272
1.5 41.625 0.744372
1.5 43.875 0.74311
1.7 1.125 0.184194
1.7 3.375 0.226081
1.7 5.625 0.20888
1.7 7.875 0.190362
1.7 10.125 0.204089
1.7 12.375 0.207947
1.7 14.625 0.209133
1.7 16.875 0.221521
1.7 19.125 0.240428
1.7 21.375 0.220383
1.7 23.625 0.258696
1.7 25.875 0.260543
1.7 28.125 0.250445
1.7 30.375 0.264586
1.7 32.625 0.325171
1.7 34.875 0.324006
1.7 37.125 0.309268
1.7 39.375 0.372034
1.7 41.625 0.378624
1.7 43.875 0.424893
1.9 1.125 0.113786
1.9 3.375 0.113156
1.9 5.625 0.121905
1.9 7.875 0.115246
1.9 10.125 0.123681
1.9 12.375 0.133802
1.9 14.625 0.12182
1.9 16.875 0.129281
1.9 19.125 0.143284
1.9 21.375 0.152011
1.9 23.625 0.145809
1.9 25.875 0.15755
1.9 28.125 0.147794
1.9 30.375 0.158117
1.9 32.625 0.170482
1.9 34.875 0.192447
1.9 37.125 0.203439
1.9 39.375 0.204357
1.9 41.625 0.216498
1.9 43.875 0.228601
2.1 1.125 0.0810434
2.1 3.375 0.0768253
2.1 5.625 0.073598
2.1 7.875 0.0767484
2.1 10.125 0.0795032
2.1 12.375 0.078908
2.1 14.625 0.0913419
2.1 16.875 0.084738
2.1 19.125 0.0971488
2.1 21.375 0.0949504
2.1 23.625 0.0887179
2.1 25.875 0.104388
2.1 28.125 0.101136
2.1 30.375 0.10434
2.1 32.625 0.116435
2.1 34.875 0.11779
2.1 37.125 0.124827
2.1 39.375 0.118978
2.1 41.625 0.137332
2.1 43.875 0.135531
2.3 1.125 0.0553705
2.3 3.375 0.0497491
2.3 5.625 0.0535026
2.3 7.875 0.053319
2.3 10.125 0.0534348
2.3 12.375 0.0485045
2.3 14.625 0.0609491
2.3 16.875 0.0553318
2.3 19.125 0.0599302
2.3 21.375 0.0564467
2.3 23.625 0.0590666
2.3 25.875 0.0676313
2.3 28.125 0.0647126
2.3 30.375 0.0642424
2.3 32.625 0.0723969
2.3 34.875 0.0769119
2.3 37.125 0.0814367
2.3 39.375 0.0783993
2.3 41.625 0.0823454
2.3 43.875 0.0882056
2.5 1.125 0.0363906
2.5 3.375 0.0417892
2.5 5.625 0.0383016
2.5 7.875 0.036754
2.5 10.125 0.0350622
2.5 12.375 0.0366138
2.5 14.625 0.0409355
2.5 16.875 0.0360728
2.5 19.125 0.0438732
2.5 21.375 0.0429123
2.5 23.625 0.0425666
2.5 25.875 0.0414978
2.5 28.125 0.0462709
2.5 30.375 0.0532689
2.5 32.625 0.0550148
2.5 34.875 0.0583746
2.5 37.125 0.0563198
2.5 39.375 0.0560382
2.5 41.625 0.0524215
2.5 43.875 0.0582898
2.7 1.125 0.0306622
2.7 3.375 0.0333051
2.7 5.625 0.0319852
2.7 7.875 0.0321996
2.7 10.125 0.0302482
2.7 12.375 0.029996
2.7 14.625 0.030811
2.7 16.875 0.0295501
2.7 19.125 0.0304086
2.7 21.375 0.0293993
2.7 23.625 0.0333004
2.7 25.875 0.033455
2.7 28.125 0.0335634
2.7 30.375 0.034883
2.7 32.625 0.0360205
2.7 34.875 0.0381256
2.7 37.125 0.0371292
2.7 39.375 0.0400461
2.7 41.625 0.0320515
2.7 43.875 0.0381489
2.9 1.125 0.0230619
2.9 3.375 0.024498
2.9 5.625 0.023873
2.9 7.875 0.0231958
2.9 10.125 0.0230637
2.9 12.375 0.0235781
2.9 14.625 0.0249876
2.9 16.875 0.0227078
2.9 19.125 0.0236864
2.9 21.375 0.0224479
2.9 23.625 0.0246933
2.9 25.875 0.0258189
2.9 28.125 0.0270128
2.9 30.375 0.0283229
2.9 32.625 0.0265537
2.9 34.875 0.0253233
2.9 37.125 0.0278647
2.9 39.375 0.0289717
2.9 41.625 0.0273089
2.9 43.875 0.0289781
3.1 1.125 0.0201392
3.1 3.375 0.0186389
3.1 5.625 0.018774
3.1 7.875 0.0198542
3.1 10.125 0.0198424
3.1 12.375 0.0201155
3.1 14.625 0.0196186
3.1 16.875 0.0204263
3.1 19.125 0.0203673
3.1 21.375 0.0206062
3.1 23.625 0.020676
3.1 25.875 0.0212476
3.1 28.125 0.023289
3.1 30.375 0.0244129
3.1 32.625 0.0238475
3.1 34.875 0.0230628
3.1 37.125 0.0211031
3.1 39.375 0.0215708
3.1 41.625 0.0225373
3.1 43.875 0.0231999
3.3 1.125 0.017826
3.3 3.375 0.0160699
3.3 5.625 0.0174221
3.3 7.875 0.0165936
3.3 10.125 0.0171468
3.3 12.375 0.0166537
3.3 14.625 0.0144474
3.3 16.875 0.0158428
3.3 19.125 0.0173569
3.3 21.375 0.0186866
3.3 23.625 0.0166227
3.3 25.875 0.0177228
3.3 28.125 0.017864
3.3 30.375 0.0178554
3.3 32.625 0.0196013
3.3 34.875 0.0188879
3.3 37.125 0.0191309
3.3 39.375 0.0198313
3.3 41.625 0.0198121
3.3 43.875 0.0193203
3.5 1.125 0.013096
3.5 3.375 0.0163253
3.5 5.625 0.0142318
3.5 7.875 0.0144815
3.5 10.125 0.0135139
3.5 12.375 0.0146241
3.5 14.625 0.014039
3.5 16.875 0.0127266
3.5 19.125 0.0135653
3.5 21.375 0.0157173
3.5 23.625 0.0145529
3.5 25.875 0.0159458
3.5 28.125 0.015617
3.5 30.375 0.0156104
3.5 32.625 0.014937
3.5 34.875 0.015858
3.5 37.125 0.0160878
3.5 39.375 0.0186961
3.5 41.625 0.0173155
3.5 43.875 0.0135005
3.7 1.125 0.0140422
3.7 3.375 0.0126717
3.7 5.625 0.0150679
3.7 7.875 0.0145048
3.7 10.125 0.0117575
3.7 12.375 0.0156177
3.7 14.625 0.0162194
3.7 16.875 0.0123234
3.7 19.125 0.0125908
3.7 21.375 0.0134147
3.7 23.625 0.013251
3.7 25.875 0.0134804
3.7 28.125 0.0147393
3.7 30.375 0.0133588
3.7 32.625 0.0151524
3.7 34.875 0.0159905
3.7 37.125 0.0138038
3.7 39.375 0.0154129
3.7 41.625 0.0137934
3.7 43.875 0.0139801
3.9 1.125 0.0115031
3.9 3.375 0.00989191
3.9 5.625 0.0109347
3.9 7.875 0.0120202
3.9 10.125 0.0109474
3.9 12.375 0.0122234
3.9 14.625 0.0112478
3.9 16.875 0.00999985
3.9 19.125 0.012442
3.9 21.375 0.0120053
3.9 23.625 0.0120174
3.9 25.875 0.011793
3.9 28.125 0.0107629
3.9 30.375 0.0121278
3.9 32.625 0.0126594
3.9 34.875 0.0127865
3.9 37.125 0.0108631
3.9 39.375 0.0108365
3.9 41.625 0.0128783
3.9 43.875 0.0119812
4.1 1.125 0.00958235
4.1 3.375 0.0108307
4.1 5.625 0.00989132
4.1 7.875 0.0107134
4.1 10.125 0.010029
4.1 12.375 0.0108944
4.1 14.625 0.0124542
4.1 16.875 0.0102698
4.1 19.125 0.0119025
4.1 21.375 0.0111694
4.1 23.625 0.0125219
4.1 25.875 0.0121833
4.1 28.125 0.0112485
4.1 30.375 0.0119055
4.1 32.625 0.0108494
4.1 34.875 0.0111149
4.1 37.125 0.00990176
4.1 39.375 0.0109094
4.1 41.625 0.0106495
4.1 43.875 0.0110488
4.3 1.125 0.0103166
4.3 3.375 0.0100435
4.3 5.625 0.00931512
4.3 7.875 0.00918446
4.3 10.125 0.00945255
4.3 12.375 0.00870168
4.3 14.625 0.00914903
4.3 16.875 0.0108272
4.3 19.125 0.00981018
4.3 21.375 0.00918729
4.3 23.625 0.00916252
4.3 25.875 0.0104241
4.3 28.125 0.0102008
4.3 30.375 0.0106664
4.3 32.625 0.00875583
4.3 34.875 0.00890798
4.3 37.125 0.00946659
4.3 39.375 0.0110127
4.3 41.625 0.00935859
4.3 43.875 0.0102778
4.5 1.125 0.00859907
4.5 3.375 0.00840775
4.5 5.625 0.0103337
4.5 7.875 0.00975426
4.5 10.125 0.0106841
4.5 12.375 0.00973973
4.5 14.625 0.00967085
4.5 16.875 0.00895733
4.5 19.125 0.010848
4.5 21.375 0.0090104
4.5 23.625 0.0092518
4.5 25.875 0.0091627
4.5 28.125 0.00905283
4.5 30.375 0.00840397
4.5 32.625 0.00898433
4.5 34.875 0.00946459
4.5 37.125 0.00825956
4.5 39.375 0.0109898
4.5 41.625 0.00950335
4.5 43.875 0.0101674
4.7 1.125 0.00840329
4.7 3.375 0.00807566
4.7 5.625 0.00840022
4.7 7.875 0.00811257
4.7 10.125 0.00809778
4.7 12.375 0.00856897
4.7 14.625 0.00837183
4.7 16.875 0.00803009
4.7 19.125 0.00956594
4.7 21.375 0.00796357
4.7 23.625 0.00827727
4.7 25.875 0.00871283
4.7 28.125 0.00852563
4.7 30.375 0.00892185
4.7 32.625 0.00806955
4.7 34.875 0.00835296
4.7 37.125 0.00759153
4.7 39.375 0.00823103
4.7 41.625 0.00947097
4.7 43.875 0.00863095
4.9 1.125 0.00775265
4.9 3.375 0.00843261
4.9 5.625 0.00743621
4.9 7.875 0.00696171
4.9 10.125 0.00766702
4.9 12.375 0.00790856
4.9 14.625 0.00686774
4.9 16.875 0.00791864
4.9 19.125 0.00776248
4.9 21.375 0.00754504
4.9 23.625 0.00803568
4.9 25.875 0.00877424
4.9 28.125 0.00759346
4.9 30.375 0.00867581
4.9 32.625 0.00877303
4.9 34.875 0.00865704
4.9 37.125 0.00765328
4.9 39.375 0.00763186
4.9 41.625 0.00725993
4.9 43.875 0.00717491
5.1 1.125 0.00730598
5.1 3.375 0.00726023
5.1 5.625 0.00691871
5.1 7.875 0.00722421
5.1 10.125 0.00876291
5.1 12.375 0.00725873
5.1 14.625 0.00706767
5.1 16.875 0.00733591
5.1 19.125 0.00754625
5.1 21.375 0.00748764
5.1 23.625 0.00788285
5.1 25.875 0.00990859
5.1 28.125 0.00727928
5.1 30.375 0.00704197
5.1 32.625 0.00666798
5.1 34.875 0.00881316
5.1 37.125 0.00787663
5.1 39.375 0.00998491
5.1 41.625 0.00776377
5.1 43.875 0.00714055
5.3 1.125 0.00681797
5.3 3.375 0.00729337
5.3 5.625 0.0074617
5.3 7.875 0.00643261
5.3 10.125 0.00704627
5.3 12.375 0.00711128
5.3 14.625 0.00707788
5.3 16.875 0.00603293
5.3 19.125 0.00709064
5.3 21.375 0.00704133
5.3 23.625 0.00716096
5.3 25.875 0.00661077
5.3 28.125 0.00722028
5.3 30.375 0.00806315
5.3 32.625 0.00646695
5.3 34.875 0.00680163
5.3 37.125 0.00687368
5.3 39.375 0.00653075
5.3 41.625 0.00819377
5.3 43.875 0.00633686
5.5 1.125 0.0062122
5.5 3.375 0.00800175
5.5 5.625 0.00669461
5.5 7.875 0.00660032
5.5 10.125 0.00797732
5.5 12.375 0.00626875
5.5 14.625 0.00663593
5.5 16.875 0.00795153
5.5 19.125 0.0070697
5.5 21.375 0.00650836
5.5 23.625 0.00668691
5.5 25.875 0.0073497
5.5 28.125 0.00720408
5.5 30.375 0.00676098
5.5 32.625 0.00627563
5.5 34.875 0.00673461
5.5 37.125 0.00717877
5.5 39.375 0.00692214
5.5 41.625 0.00815843
5.5 43.875 0.0065451
5.7 1.125 0.00597417
5.7 3.375 0.00632111
5.7 5.625 0.0062659
5.7 7.875 0.00564352
5.7 10.125 0.00617796
5.7 12.375 0.00497064
5.7 14.625 0.0066785
5.7 16.875 0.00630095
5.7 19.125 0.00685173
5.7 21.375 0.00629562
5.7 23.625 0.00655305
5.7 25.875 0.0064225
5.7 28.125 0.00735352
5.7 30.375 0.00598537
5.7 32.625 0.00681016
5.7 34.875 0.0068499
5.7 37.125 0.00778633
5.7 39.375 0.00633966
5.7 41.625 0.00666481
5.7 43.875 0.00635157
5.9 1.125 0.00601625
5.9 3.375 0.00614351
5.9 5.625 0.00605514
5.9 7.875 0.00507157
5.9 10.125 0.00762966
5.9 12.375 0.00634647
5.9 14.625 0.00580788
5.9 16.875 0.006678
5.9 19.125 0.00685206
5.9 21.375 0.00658055
5.9 23.625 0.00554681
5.9 25.875 0.00655687
5.9 28.125 0.00624443
5.9 30.375 0.006219
5.9 32.625 0.00665617
5.9 34.875 0.00742892
5.9 37.125 0.0054977
5.9 39.375 0.00681302
5.9 41.625 0.00631172
5.9 43.875 0.00670942
6.1 1.125 0.00596366
6.1 3.375 0.00597997
6.1 5.625 0.0044753
6.1 7.875 0.00696206
6.1 10.125 0.00614114
6.1 12.375 0.0066212
6.1 14.625 0.00688437
6.1 16.875 0.00611747
6.1 19.125 0.00733475
6.1 21.375 0.00581174
6.1 23.625 0.00639507
6.1 25.875 0.00595983
6.1 28.125 0.00613206
6.1 30.375 0.00608818
6.1 32.625 0.00617502
6.1 34.875 0.00607475
6.1 37.125 0.00655206
6.1 39.375 0.00705642
6.1 41.625 0.0066156
6.1 43.875 0.00641818
6.3 1.125 0.00558179
6.3 3.375 0.00566516
6.3 5.625 0.00595632
6.3 7.875 0.00609259
6.3 10.125 0.00708037
6.3 12.375 0.00607195
6.3 14.625 0.00640316
6.3 16.875 0.00575866
6.3 19.125 0.00638517
6.3 21.375 0.00518499
6.3 23.625 0.00648125
6.3 25.875 0.0067401
6.3 28.125 0.00606798
6.3 30.375 0.00550465
6.3 32.625 0.00670828
6.3 34.875 0.00607052
6.3 37.125 0.00556528
6.3 39.375 0.00630559
6.3 41.625 0.0070306
6.3 43.875 0.00613305
6.5 1.125 0.00526577
6.5 3.375 0.00591671
6.5 5.625 0.00587015
6.5 7.875 0.00625394
6.5 10.125 0.00605388
6.5 12.375 0.00528079
6.5 14.625 0.005554
6.5 16.875 0.00559155
6.5 19.125 0.00721514
6.5 21.375 0.00670755
6.5 23.625 0.00583351
6.5 25.875 0.00758886
6.5 28.125 0.0057824
6.5 30.375 0.00676716
6.5 32.625 0.00666908
6.5 34.875 0.00559569
6.5 37.125 0.0056865
6.5 39.375 0.00765507
6.5 41.625 0.0061984
6.5 43.875 0.00740174
6.7 1.125 0.00536225
6.7 3.375 0.00536126
6.7 5.625 0.00653006
6.7 7.875 0.00738053
6.7 10.125 0.005111
6.7 12.375 0.00501522
6.7 14.625 0.00479691
6.7 16.875 0.00535612
6.7 19.125 0.00571001
6.7 21.375 0.00673776
6.7 23.625 0.00644331
6.7 25.875 0.00485125
6.7 28.125 0.00662118
6.7 30.375 0.00474388
6.7 32.625 0.00555846
6.7 34.875 0.00597429
6.7 37.125 0.00515486
6.7 39.375 0.00575506
6.7 41.625 0.00534274
6.7 43.875 0.00580911
6.9 1.125 0.00563318
6.9 3.375 0.00578017
6.9 5.625 0.00563581
6.9 7.875 0.00580245
6.9 10.125 0.00533505
6.9 12.375 0.0048594
6.9 14.625 0.00628711
6.9 16.875 0.00540747
6.9 19.125 0.0056571
6.9 21.375 0.0049078
6.9 23.625 0.00511167
6.9 25.875 0.00521687
6.9 28.125 0.00503795
6.9 30.375 0.0061783
6.9 32.625 0.00565702
6.9 34.875 0.00532228
6.9 37.125 0.00720922
6.9 39.375 0.0062066
6.9 41.625 0.00492058
6.9 43.875 0.00568308
7.1 1.125 0.00535469
7.1 3.375 0.00625865
7.1 5.625 0.00518582
7.1 7.875 0.00565672
7.1 10.125 0.00663162
7.1 12.375 0.00496543
7.1 14.625 0.00638794
7.1 16.875 0.00561269
7.1 19.125 0.00576102
7.1 21.375 0.0062151
7.1 23.625 0.00585244
7.1 25.875 0.00622932
7.1 28.125 0.00525413
7.1 30.375 0.00531926
7.1 32.625 0.00676353
7.1 34.875 0.00505512
7.1 37.125 0.00602549
7.1 39.375 0.00624904
7.1 41.625 0.00480186
7.1 43.875 0.00627434
7.3 1.125 0.00535011
7.3 3.375 0.00466459
7.3 5.625 0.00557033
7.3 7.875 0.00556623
7.3 10.125 0.00472558
7.3 12.375 0.00506007
7.3 14.625 0.0050523
7.3 16.875 0.00635279
7.3 19.125 0.00545625
7.3 21.375 0.00558175
7.3 23.625 0.00641092
7.3 25.875 0.00657875
7.3 28.125 0.00520382
7.3 30.375 0.00529255
7.3 32.625 0.00659971
7.3 34.875 0.00551599
7.3 37.125 0.00615613
7.3 39.375 0.00567971
7.3 41.625 0.00536912
7.3 43.875 0.00496637
7.5 1.125 0.0043197
7.5 3.375 0.00589831
7.5 5.625 0.00563047
7.5 7.875 0.00472887
7.5 10.125 0.00443183
7.5 12.375 0.00550104
7.5 14.625 0.00522731
7.5 16.875 0.00670444
7.5 19.125 0.00573999
7.5 21.375 0.00570511
7.5 23.625 0.00401081
7.5 25.875 0.00638891
7.5 28.125 0.0050058
7.5 30.375 0.00536457
7.5 32.625 0.00487667
7.5 34.875 0.00515265
7.5 37.125 0.00448785
7.5 39.375 0.00496159
7.5 41.625 0.00719664
7.5 43.875 0.00547912
7.7 1.125 0.00598838
7.7 3.375 0.00604773
7.7 5.625 0.0044495
7.7 7.875 0.00766941
7.7 10.125 0.00576138
7.7 12.375 0.00528634
7.7 14.625 0.00605833
7.7 16.875 0.0050015
7.7 19.125 0.00477566
7.7 21.375 0.00886456
7.7 23.625 0.00578355
7.7 25.875 0.00483444
7.7 28.125 0.00596993
7.7 30.375 0.0044944
7.7 32.625 0.00613106
7.7 34.875 0.00536893
7.7 37.125 0.00580669
7.7 39.375 0.00575066
7.7 41.625 0.00571778
7.7 43.875 0.00500335
7.9 1.125 0.00588867
7.9 3.375 0.00718723
7.9 5.625 0.00474542
7.9 7.875 0.00601517
7.9 10.125 0.00524848
7.9 12.375 0.00417837
7.9 14.625 0.00508139
7.9 16.875 0.00520332
7.9 19.125 0.00532732
7.9 21.375 0.00468441
7.9 23.625 0.00538653
7.9 25.875 0.00573255
7.9 28.125 0.0049868
7.9 30.375 0.00467213
7.9 32.625 0.00487939
7.9 34.875 0.00441361
7.9 37.125 0.00513708
7.9 39.375 0.00562467
7.9 41.625 0.00554829
7.9 43.875 0.00565882
8.1 1.125 0.00547668
8.1 3.375 0.00527536
8.1 5.625 0.00524825
8.1 7.875 0.00449278
8.1 10.125 0.0040901
8.1 12.375 0.00442782
8.1 14.625 0.00525557
8.1 16.875 0.00452843
8.1 19.125 0.00634326
8.1 21.375 0.00491652
8.1 23.625 0.00849391
8.1 25.875 0.00539482
8.1 28.125 0.00507046
8.1 30.375 0.00509452
8.1 32.625 0.00462635
8.1 34.875 0.00500887
8.1 37.125 0.00538572
8.1 39.375 0.00545646
8.1 41.625 0.00505662
8.1 43.875 0.00595781
8.3 1.125 0.0052003
8.3 3.375 0.00341412
8.3 5.625 0.00455249
8.3 7.875 0.00440993
8.3 10.125 0.00644983
8.3 12.375 0.00519922
8.3 14.625 0.00585771
8.3 16.875 0.00651425
8.3 19.125 0.00514849
8.3 21.375 0.00486259
8.3 23.625 0.00649573
8.3 25.875 0.00450058
8.3 28.125 0.00516705
8.3 30.375 0.00400334
8.3 32.625 0.00480028
8.3 34.875 0.00601836
8.3 37.125 0.00561797
8.3 39.375 0.00422999
8.3 41.625 0.00592679
8.3 43.875 0.00566877
8.5 1.125 0.00516776
8.5 3.375 0.00479982
8.5 5.625 0.00537604
8.5 7.875 0.00561
8.5 10.125 0.00495294
8.5 12.375 0.00608398
8.5 14.625 0.00538192
8.5 16.875 0.00689028
8.5 19.125 0.00541521
8.5 21.375 0.00612796
8.5 23.625 0.00492844
8.5 25.875 0.00477379
8.5 28.125 0.0047206
8.5 30.375 0.0050532
8.5 32.625 0.00572329
8.5 34.875 0.00654008
8.5 37.125 0.00470904
8.5 39.375 0.00318833
8.5 41.625 0.0065398
8.5 43.875 0.00517386
8.7 1.125 0.00494919
8.7 3.375 0.00421726
8.7 5.625 0.00533325
8.7 7.875 0.00320056
8.7 10.125 0.00469507
8.7 12.375 0.00414946
8.7 14.625 0.0035547
8.7 16.875 0.00474732
8.7 19.125 0.00533825
8.7 21.375 0.00565878
8.7 23.625 0.00462752
8.7 25.875 0.00532804
8.7 28.125 0.00469366
8.7 30.375 0.00517533
8.7 32.625 0.00474412
8.7 34.875 0.00465984
8.7 37.125 0.00456704
8.7 39.375 0.00493751
8.7 41.625 0.00537877
8.7 43.875 0.0057436
8.9 1.125 0.0055018
8.9 3.375 0.00502374
8.9 5.625 0.00614544
8.9 7.875 0.00665633
8.9 12.375 0.00598072
8.9 14.625 0.0045954
8.9 16.875 0.00406361
8.9 21.375 0.00382386
8.9 25.875 0.0052538
8.9 28.125 0.00496075
8.9 30.375 0.00640165
8.9 32.625 0.00524715
8.9 34.875 0.00474821
8.9 37.125 0.00688226
8.9 39.375 0.00511919
8.9 41.625 0.00460588
8.9 43.875 0.00559674
9.1 1.125 0.00526069
9.1 3.375 0.00523528
9.1 5.625 0.00411109
9.1 10.125 0.004898
9.1 12.375 0.00421172
9.1 14.625 0.00483557
9.1 21.375 0.00489008
9.1 28.125 0.00434331
9.1 30.375 0.00529041
9.1 32.625 0.00404652
9.1 34.875 0.00390715
9.1 37.125 0.004628
9.1 39.375 0.00648008
9.1 41.625 0.00541377
9.1 43.875 0.00433093
9.3 1.125 0.00364156
9.3 5.625 0.00423151
9.3 7.875 0.00772543
9.3 10.125 0.00491835
9.3 12.375 0.00426891
9.3 14.625 0.00408261
9.3 16.875 0.00393704
9.3 19.125 0.00513211
9.3 23.625 0.00419163
9.3 25.875 0.00480759
9.3 28.125 0.00536894
9.3 30.375 0.00400461
9.3 32.625 0.00607311
9.3 34.875 0.00691531
9.3 37.125 0.004042
9.3 39.375 0.00452571
9.3 41.625 0.00549562
9.3 43.875 0.00468457
9.5 1.125 0.00508659
9.5 5.625 0.0069547
9.5 10.125 0.00674018
9.5 12.375 0.00376344
9.5 14.625 0.00443845
9.5 19.125 0.00467536
9.5 21.375 0.00505484
9.5 23.625 0.00480674
9.5 25.875 0.00467187
9.5 28.125 0.00426296
9.5 30.375 0.00549674
9.5 32.625 0.00416209
9.5 34.875 0.00458239
9.5 37.125 0.00447103
9.5 39.375 0.00621311
9.5 43.875 0.00450067
9.7 1.125 0.00438836
9.7 5.625 0.00494284
9.7 7.875 0.00641855
9.7 10.125 0.00328174
9.7 12.375 0.00618252
9.7 14.625 0.00422425
9.7 16.875 0.00454741
9.7 25.875 0.00477803
9.7 28.125 0.00553787
9.7 30.375 0.0040422
9.7 32.625 0.00404808
9.7 34.875 0.00558673
9.7 37.125 0.00513309
9.7 39.375 0.00532052
9.7 41.625 0.00578981
9.9 1.125 0.00388106
9.9 5.625 0.00444554
9.9 10.125 0.00550754
9.9 12.375 0.00381722
9.9 19.125 0.0040527
9.9 23.625 0.005836
9.9 25.875 0.00347186
9.9 28.125 0.0050581
9.9 30.375 0.00684396
9.9 34.875 0.00301572
9.9 37.125 0.00474094
9.9 43.875 0.00479332
10.1 1.125 0.00618229
10.1 3.375 0.00486734
10.1 10.125 0.00412008
10.1 12.375 0.0073738
10.1 16.875 0.00473247
10.1 19.125 0.0043921
10.1 21.375 0.00432251
10.1 23.625 0.00346715
10.1 25.875 0.00386211
10.1 32.625 0.00754284
10.1 34.875 0.00497993
10.3 1.125 0.00372119
10.3 3.375 0.0069936
10.3 5.625 0.00339401
10.3 10.125 0.00343724
10.3 12.375 0.00430398
10.3 14.625 0.00546471
10.3 16.875 0.00468072
10.3 21.375 0.00460026
10.3 28.125 0.00631332
10.3 30.375 0.00572642
10.3 32.625 0.00385252
10.3 37.125 0.00428255
10.3 41.625 0.00368178
10.3 43.875 0.00562964
10.5 7.875 0.00556996
10.5 12.375 0.00506755
10.5 14.625 0.00513158
10.5 16.875 0.00392448
10.5 19.125 0.00448205
10.5 21.375 0.00471613
10.5 23.625 0.00499136
10.5 25.875 0.00576018
10.5 30.375 0.00499346
10.5 37.125 0.00615059
10.5 39.375 0.00584091
10.5 41.625 0.00506681
10.7 1.125 0.00368789
10.7 7.875 0.00431909
10.7 21.375 0.0048538
10.7 25.875 0.00365784
10.7 30.375 0.00713974
10.7 39.375 0.00343113
10.7 41.625 0.00625961
10.9 1.125 0.00529664
10.9 25.875 0.00434346
10.9 28.125 0.00461752
10.9 37.125 0.004879
11.1 12.375 0.00665695
11.1 23.625 0.0050081
11.1 30.375 0.00469747
11.1 34.875 0.00395884
11.1 43.875 0.00409604
11.3 19.125 0.00503695
11.3 23.625 0.00450202
11.3 30.375 0.00716204
11.3 32.625 0.00485952
11.3 37.125 0.00583686
11.3 41.625 0.00696645
11.5 34.875 0.00781198
11.5 39.375 0.00437275
11.5 43.875 0.0040674
11.7 25.875 0.0051986
11.7 34.875 0.00583739
11.7 37.125 0.00327004
11.9 30.375 0.00575738
11.9 37.125 0.00341124
12.1 21.375 0.00396999
12.1 34.875 0.00582503
12.3 5.625 0.00526672
12.3 12.375 0.00373822
12.3 14.625 0.00375644
12.5 16.875 0.00422635
12.7 39.375 0.00389594
12.9 3.375 0.00518509
