0.1 10.125 3.30763
0.1 14.625 3.30876
0.1 32.625 3.30662
0.1 37.125 3.20834
0.3 1.125 3.25749
0.3 3.375 3.29807
0.3 5.625 3.15781
0.3 7.875 3.31133
0.3 10.125 3.26409
0.3 12.375 3.26162
0.3 14.625 3.26206
0.3 16.875 3.27691
0.3 19.125 3.27612
0.3 21.375 3.26019
0.3 23.625 3.30804
0.3 25.875 3.2806
0.3 28.125 3.30884
0.3 30.375 3.29554
0.3 32.625 3.24946
0.3 34.875 3.25324
0.3 37.125 3.2828
0.3 39.375 3.27415
0.3 41.625 2.95524
0.3 43.875 3.23262
0.5 1.125 2.95185
0.5 3.375 3.17862
0.5 5.625 3.18966
0.5 7.875 3.17858
0.5 10.125 3.19231
0.5 12.375 3.19486
0.5 14.625 3.23184
0.5 16.875 3.18976
0.5 19.125 3.20878
0.5 21.375 3.19018
0.5 23.625 3.21865
0.5 25.875 3.22382
0.5 28.125 3.20637
0.5 30.375 3.18998
0.5 32.625 3.1334
0.5 34.875 3.22935
0.5 37.125 3.22591
0.5 39.375 3.2024
0.5 41.625 3.20047
0.5 43.875 3.212
0.7 1.125 3.07943
0.7 3.375 3.05761
0.7 5.625 3.06874
0.7 7.875 3.07623
0.7 10.125 3.02178
0.7 12.375 3.01497
0.7 14.625 3.05932
0.7 16.875 3.036
0.7 19.125 3.02112
0.7 21.375 3.04213
0.7 23.625 3.04223
0.7 25.875 3.00866
0.7 28.125 3.1015
0.7 30.375 3.08244
0.7 32.625 3.10424
0.7 34.875 3.04698
0.7 37.125 3.12687
0.7 39.375 3.03536
0.7 41.625 3.08342
0.7 43.875 3.09357
0.9 1.125 2.71217
0.9 3.375 2.77435
0.9 5.625 2.7285
0.9 7.875 2.72715
0.9 10.125 2.72042
0.9 12.375 2.79406
0.9 14.625 2.72397
0.9 16.875 2.74642
0.9 19.125 2.767
0.9 21.375 2.73694
0.9 23.625 2.82742
0.9 25.875 2.82332
0.9 28.125 2.79307
0.9 30.375 2.90048
0.9 32.625 2.88626
0.9 34.875 2.88941
0.9 37.125 2.94734
0.9 39.375 2.8991
0.9 41.625 2.82961
0.9 43.875 2.82988
1.1 1.125 2.16863
1.1 3.375 2.00242
1.1 5.625 2.13049
1.1 7.875 2.04174
1.1 10.125 2.19977
1.1 12.375 2.19618
1.1 14.625 2.0392
1.1 16.875 2.19053
1.1 19.125 2.23041
1.1 21.375 2.35301
1.1 23.625 2.34351
1.1 25.875 2.45019
1.1 28.125 2.43465
1.1 30.375 2.53125
1.1 32.625 2.58
1.1 34.875 2.59731
1.1 37.125 2.58082
1.1 39.375 2.67876
1.1 41.625 2.70299
1.1 43.875 2.69466
1.3 1.125 1.24291
1.3 3.375 1.30959
1.3 5.625 1.19721
1.3 7.875 1.37711
1.3 10.125 1.34612
1.3 12.375 1.31531
1.3 14.625 1.52576
1.3 16.875 1.44914
1.3 19.125 1.58857
1.3 21.375 1.39732
1.3 23.625 1.65184
1.3 25.875 1.67859
1.3 28.125 1.75457
1.3 30.375 1.82567
1.3 32.625 1.87378
1.3 34.875 1.98639
1.3 37.125 2.09947
1.3 39.375 2.16191
1.3 41.625 2.13381
1.3 43.875 2.26497
1.5 1.125 0.649589
1.5 3.375 0.670261
1.5 5.625 0.661753
1.5 7.875 0.681669
1.5 10.125 0.70258
1.5 12.375 0.70938
1.5 14.625 0.814382
1.5 16.875 0.843289
1.5 19.125 0.772143
1.5 21.375 0.824688
1.5 23.625 0.934372
1.5 25.875 1.00663
1.5 28.125 0.985631
1.5 30.375 0.991328
1.5 32.625 1.18154
1.5 34.875 1.30978
1.5 37.125 1.29608
1.5 39.375 1.45183
1.5 41.625 1.38357
1.5 43.875 1.50649
1.7 1.125 0.350455
1.7 3.375 0.358079
1.7 5.625 0.365485
1.7 7.875 0.413141
1.7 10.125 0.414118
1.7 12.375 0.389102
1.7 14.625 0.419974
1.7 16.875 0.38164
1.7 19.125 0.463605
1.7 21.375 0.427253
1.7 23.625 0.452543
1.7 25.875 0.475275
1.7 28.125 0.544246
1.7 30.375 0.53241
1.7 32.625 0.597746
1.7 34.875 0.682738
1.7 37.125 0.742591
1.7 39.375 0.818884
1.7 41.625 0.808868
1.7 43.875 0.875703
1.9 1.125 0.2143
1.9 3.375 0.221206
1.9 5.625 0.221008
1.9 7.875 0.225438
1.9 10.125 0.227122
1.9 12.375 0.246937
1.9 14.625 0.248418
1.9 16.875 0.253681
1.9 19.125 0.267433
1.9 21.375 0.267655
1.9 23.625 0.286571
1.9 25.875 0.275505
1.9 28.125 0.303597
1.9 30.375 0.310343
1.9 32.625 0.343737
1.9 34.875 0.355656
1.9 37.125 0.385387
1.9 39.375 0.454197
1.9 41.625 0.462758
1.9 43.875 0.49322
2.1 1.125 0.145928
2.1 3.375 0.150585
2.1 5.625 0.150192
2.1 7.875 0.155329
2.1 10.125 0.153618
2.1 12.375 0.162033
2.1 14.625 0.155809
2.1 16.875 0.161307
2.1 19.125 0.169341
2.1 21.375 0.179419
2.1 23.625 0.184253
2.1 25.875 0.17853
2.1 28.125 0.179748
2.1 30.375 0.211704
2.1 32.625 0.222457
2.1 34.875 0.234933
2.1 37.125 0.24818
2.1 39.375 0.246382
2.1 41.625 0.261015
2.1 43.875 0.277647
2.3 1.125 0.105863
2.3 3.375 0.127078
2.3 5.625 0.111055
2.3 7.875 0.11042
2.3 10.125 0.106532
2.3 12.375 0.107611
2.3 14.625 0.113164
2.3 16.875 0.107971
2.3 19.125 0.126813
2.3 21.375 0.117493
2.3 23.625 0.120842
2.3 25.875 0.127557
2.3 28.125 0.139492
2.3 30.375 0.142572
2.3 32.625 0.152181
2.3 34.875 0.151813
2.3 37.125 0.152266
2.3 39.375 0.1535
2.3 41.625 0.153394
2.3 43.875 0.157602
2.5 1.125 0.0788298
2.5 3.375 0.0792609
2.5 5.625 0.0839675
2.5 7.875 0.0804034
2.5 10.125 0.0787688
2.5 12.375 0.0770118
2.5 14.625 0.0823438
2.5 16.875 0.0789874
2.5 19.125 0.0768702
2.5 21.375 0.0833338
2.5 23.625 0.0873708
2.5 25.875 0.0993053
2.5 28.125 0.106322
2.5 30.375 0.100151
2.5 32.625 0.0991707
2.5 34.875 0.107627
2.5 37.125 0.108172
2.5 39.375 0.108961
2.5 41.625 0.106498
2.5 43.875 0.107711
2.7 1.125 0.0627772
2.7 3.375 0.0614937
2.7 5.625 0.0618122
2.7 7.875 0.0595342
2.7 10.125 0.0635854
2.7 12.375 0.0606939
2.7 14.625 0.0613247
2.7 16.875 0.0632692
2.7 19.125 0.0585364
2.7 21.375 0.0626502
2.7 23.625 0.0684904
2.7 25.875 0.0682916
2.7 28.125 0.073327
2.7 30.375 0.0720076
2.7 32.625 0.0726049
2.7 34.875 0.0716758
2.7 37.125 0.0738844
2.7 39.375 0.0746189
2.7 41.625 0.0731538
2.7 43.875 0.0740675
2.9 1.125 0.0488297
2.9 3.375 0.0483369
2.9 5.625 0.0480531
2.9 7.875 0.0480541
2.9 10.125 0.0476945
2.9 12.375 0.0451688
2.9 14.625 0.0477772
2.9 16.875 0.0479316
2.9 19.125 0.0479448
2.9 21.375 0.0557757
2.9 23.625 0.0550897
2.9 25.875 0.0569607
2.9 28.125 0.0532677
2.9 30.375 0.0542379
2.9 32.625 0.0561471
2.9 34.875 0.0565747
2.9 37.125 0.0581444
2.9 39.375 0.0591337
2.9 41.625 0.0536294
2.9 43.875 0.0547321
3.1 1.125 0.0383007
3.1 3.375 0.0394259
3.1 5.625 0.0385212
3.1 7.875 0.036988
3.1 10.125 0.0371521
3.1 12.375 0.0387012
3.1 14.625 0.0390516
3.1 16.875 0.0402338
3.1 19.125 0.0388675
3.1 21.375 0.0397681
3.1 23.625 0.0457555
3.1 25.875 0.0430168
3.1 28.125 0.0474536
3.1 30.375 0.0450869
3.1 32.625 0.0460348
3.1 34.875 0.0453293
3.1 37.125 0.0415845
3.1 39.375 0.0441539
3.1 41.625 0.0435688
3.1 43.875 0.0424895
3.3 1.125 0.0292623
3.3 3.375 0.031285
3.3 5.625 0.0295069
3.3 7.875 0.0319345
3.3 10.125 0.0311874
3.3 12.375 0.0343918
3.3 14.625 0.0328608
3.3 16.875 0.0326167
3.3 19.125 0.0331668
3.3 21.375 0.0339985
3.3 23.625 0.0345363
3.3 25.875 0.0367218
3.3 28.125 0.0379912
3.3 30.375 0.0340422
3.3 32.625 0.0356082
3.3 34.875 0.0363884
3.3 37.125 0.0361286
3.3 39.375 0.0365234
3.3 41.625 0.0379727
3.3 43.875 0.0326044
3.5 1.125 0.0267776
3.5 3.375 0.0285199
3.5 5.625 0.0261938
3.5 7.875 0.0289424
3.5 10.125 0.0266963
3.5 12.375 0.0252919
3.5 14.625 0.026204
3.5 16.875 0.025724
3.5 19.125 0.0283965
3.5 21.375 0.0287598
3.5 23.625 0.0296576
3.5 25.875 0.0312293
3.5 28.125 0.0311598
3.5 30.375 0.0326365
3.5 32.625 0.0287581
3.5 34.875 0.0286821
3.5 37.125 0.0312131
3.5 39.375 0.0316556
3.5 41.625 0.0294001
3.5 43.875 0.0298405
3.7 1.125 0.0238408
3.7 3.375 0.0230191
3.7 5.625 0.0237664
3.7 7.875 0.0245121
3.7 10.125 0.0230823
3.7 12.375 0.0209507
3.7 14.625 0.0237157
3.7 16.875 0.0231418
3.7 19.125 0.023891
3.7 21.375 0.0223556
3.7 23.625 0.0238024
3.7 25.875 0.0267973
3.7 28.125 0.0257105
3.7 30.375 0.0245378
3.7 32.625 0.026722
3.7 34.875 0.025714
3.7 37.125 0.0246736
3.7 39.375 0.0253481
3.7 41.625 0.0245638
3.7 43.875 0.022734
3.9 1.125 0.0228327
3.9 3.375 0.0199629
3.9 5.625 0.021731
3.9 7.875 0.0205249
3.9 10.125 0.0186206
3.9 12.375 0.0228214
3.9 14.625 0.019204
3.9 16.875 0.0190104
3.9 19.125 0.0200185
3.9 21.375 0.0223276
3.9 23.625 0.0225232
3.9 25.875 0.021304
3.9 28.125 0.0216455
3.9 30.375 0.0202066
3.9 32.625 0.0207348
3.9 34.875 0.0232941
3.9 37.125 0.0214862
3.9 39.375 0.0224599
3.9 41.625 0.0200683
3.9 43.875 0.0209794
4.1 1.125 0.0172445
4.1 3.375 0.0170941
4.1 5.625 0.0188689
4.1 7.875 0.0176903
4.1 10.125 0.0184464
4.1 12.375 0.0175244
4.1 14.625 0.0159951
4.1 16.875 0.0173745
4.1 19.125 0.0183763
4.1 21.375 0.0186433
4.1 23.625 0.0182539
4.1 25.875 0.0183979
4.1 28.125 0.0191483
4.1 30.375 0.0185569
4.1 32.625 0.0183784
4.1 34.875 0.0174851
4.1 37.125 0.0175491
4.1 39.375 0.0180925
4.1 41.625 0.0187237
4.1 43.875 0.0187665
4.3 1.125 0.0137306
4.3 3.375 0.0151476
4.3 5.625 0.0139634
4.3 7.875 0.0130409
4.3 10.125 0.0152453
4.3 12.375 0.0149791
4.3 14.625 0.015488
4.3 16.875 0.0153166
4.3 19.125 0.0156323
4.3 21.375 0.0158555
4.3 23.625 0.0155372
4.3 25.875 0.0161343
4.3 28.125 0.017931
4.3 30.375 0.0154837
4.3 32.625 0.0167602
4.3 34.875 0.0166009
4.3 37.125 0.0148299
4.3 39.375 0.0152372
4.3 41.625 0.0150689
4.3 43.875 0.0163427
4.5 1.125 0.0135931
4.5 3.375 0.0116436
4.5 5.625 0.0136965
4.5 7.875 0.0122846
4.5 10.125 0.0132909
4.5 12.375 0.013352
4.5 14.625 0.0131458
4.5 16.875 0.0139379
4.5 19.125 0.0135099
4.5 21.375 0.0141018
4.5 23.625 0.0138922
4.5 25.875 0.013633
4.5 28.125 0.0131105
4.5 30.375 0.0132297
4.5 32.625 0.014129
4.5 34.875 0.0143007
4.5 37.125 0.0136789
4.5 39.375 0.0123531
4.5 41.625 0.0127441
4.5 43.875 0.0143582
4.7 1.125 0.0122685
4.7 3.375 0.0108959
4.7 5.625 0.0118909
4.7 7.875 0.0112802
4.7 10.125 0.0120214
4.7 12.375 0.0106903
4.7 14.625 0.0117852
4.7 16.875 0.0135429
4.7 19.125 0.0126042
4.7 21.375 0.0125095
4.7 23.625 0.0126441
4.7 25.875 0.012496
4.7 28.125 0.0127041
4.7 30.375 0.012325
4.7 32.625 0.0120989
4.7 34.875 0.0132434
4.7 37.125 0.0132117
4.7 39.375 0.0125213
4.7 41.625 0.0121372
4.7 43.875 0.0120315
4.9 1.125 0.0101357
4.9 3.375 0.0103648
4.9 5.625 0.0105992
4.9 7.875 0.0104224
4.9 10.125 0.0103139
4.9 12.375 0.0111663
4.9 14.625 0.0112295
4.9 16.875 0.00998205
4.9 19.125 0.0111949
4.9 21.375 0.0113491
4.9 23.625 0.0108007
4.9 25.875 0.0104751
4.9 28.125 0.0115204
4.9 30.375 0.0111978
4.9 32.625 0.0118947
4.9 34.875 0.0117644
4.9 37.125 0.0120028
4.9 39.375 0.0108921
4.9 41.625 0.010859
4.9 43.875 0.010545
5.1 1.125 0.0101562
5.1 3.375 0.0102184
5.1 5.625 0.00867369
5.1 7.875 0.00886842
5.1 10.125 0.00894228
5.1 12.375 0.00996016
5.1 14.625 0.0104997
5.1 16.875 0.00988013
5.1 19.125 0.00945733
5.1 21.375 0.0104916
5.1 23.625 0.00885464
5.1 25.875 0.0102439
5.1 28.125 0.0113079
5.1 30.375 0.0108
5.1 32.625 0.0106715
5.1 34.875 0.0107491
5.1 37.125 0.0109534
5.1 39.375 0.010655
5.1 41.625 0.0091845
5.1 43.875 0.0112821
5.3 1.125 0.0082993
5.3 3.375 0.00835123
5.3 5.625 0.00830796
5.3 7.875 0.00899163
5.3 10.125 0.00958708
5.3 12.375 0.0106982
5.3 14.625 0.00918746
5.3 16.875 0.010266
5.3 19.125 0.00884281
5.3 21.375 0.00918651
5.3 23.625 0.00943301
5.3 25.875 0.0103724
5.3 28.125 0.00902701
5.3 30.375 0.0106509
5.3 32.625 0.00829863
5.3 34.875 0.0100278
5.3 37.125 0.00870564
5.3 39.375 0.00915503
5.3 41.625 0.00894953
5.3 43.875 0.00907536
5.5 1.125 0.00960432
5.5 3.375 0.0080169
5.5 5.625 0.00782324
5.5 7.875 0.00786559
5.5 10.125 0.0083448
5.5 12.375 0.00778772
5.5 14.625 0.00858635
5.5 16.875 0.00822122
5.5 19.125 0.00921899
5.5 21.375 0.00806907
5.5 23.625 0.00836584
5.5 25.875 0.00808503
5.5 28.125 0.00830318
5.5 30.375 0.00850485
5.5 32.625 0.00826794
5.5 34.875 0.00865989
5.5 37.125 0.00856121
5.5 39.375 0.00832641
5.5 41.625 0.00757195
5.5 43.875 0.00872628
5.7 1.125 0.007165
5.7 3.375 0.00770242
5.7 5.625 0.00832949
5.7 7.875 0.0076771
5.7 10.125 0.0070994
5.7 12.375 0.00787468
5.7 14.625 0.00851819
5.7 16.875 0.0074274
5.7 19.125 0.00847554
5.7 21.375 0.00841707
5.7 23.625 0.00842834
5.7 25.875 0.00876356
5.7 28.125 0.00824075
5.7 30.375 0.00833096
5.7 32.625 0.00824039
5.7 34.875 0.00831504
5.7 37.125 0.00855342
5.7 39.375 0.00866758
5.7 41.625 0.00891343
5.7 43.875 0.00831863
5.9 1.125 0.00633448
5.9 3.375 0.00728298
5.9 5.625 0.00801466
5.9 7.875 0.00702279
5.9 10.125 0.00756519
5.9 12.375 0.00751037
5.9 14.625 0.00755652
5.9 16.875 0.00764011
5.9 19.125 0.00786742
5.9 21.375 0.00838436
5.9 23.625 0.00756804
5.9 25.875 0.00781002
5.9 28.125 0.00742799
5.9 30.375 0.00860196
5.9 32.625 0.00767343
5.9 34.875 0.0076455
5.9 37.125 0.00716224
5.9 39.375 0.00798493
5.9 41.625 0.00758555
5.9 43.875 0.00923328
6.1 1.125 0.00706582
6.1 3.375 0.00649361
6.1 5.625 0.00697926
6.1 7.875 0.0075038
6.1 10.125 0.00721032
6.1 12.375 0.00640592
6.1 14.625 0.00740598
6.1 16.875 0.00804297
6.1 19.125 0.00704328
6.1 21.375 0.00749027
6.1 23.625 0.00697154
6.1 25.875 0.00720065
6.1 28.125 0.00691552
6.1 30.375 0.0073307
6.1 32.625 0.00678536
6.1 34.875 0.00642343
6.1 37.125 0.00754276
6.1 39.375 0.00704265
6.1 41.625 0.00660008
6.1 43.875 0.00736213
6.3 1.125 0.00676829
6.3 3.375 0.00645568
6.3 5.625 0.00700811
6.3 7.875 0.00772496
6.3 10.125 0.00735348
6.3 12.375 0.00713637
6.3 14.625 0.00664854
6.3 16.875 0.00663249
6.3 19.125 0.00703916
6.3 21.375 0.00675841
6.3 23.625 0.00698253
6.3 25.875 0.0071505
6.3 28.125 0.00720121
6.3 30.375 0.00682099
6.3 32.625 0.00654488
6.3 34.875 0.0066843
6.3 37.125 0.00652865
6.3 39.375 0.0064852
6.3 41.625 0.00674945
6.3 43.875 0.00763985
6.5 1.125 0.00660089
6.5 3.375 0.00641031
6.5 5.625 0.00653125
6.5 7.875 0.00738274
6.5 10.125 0.00658316
6.5 12.375 0.00569927
6.5 14.625 0.00571712
6.5 16.875 0.00635246
6.5 19.125 0.00692785
6.5 21.375 0.00686547
6.5 23.625 0.00742033
6.5 25.875 0.00718613
6.5 28.125 0.00692211
6.5 30.375 0.00686962
6.5 32.625 0.00650918
6.5 34.875 0.00601856
6.5 37.125 0.00616042
6.5 39.375 0.00651762
6.5 41.625 0.00660162
6.5 43.875 0.00634528
6.7 1.125 0.00553247
6.7 3.375 0.00557189
6.7 5.625 0.00617393
6.7 7.875 0.00653825
6.7 10.125 0.00567774
6.7 12.375 0.00662903
6.7 14.625 0.00646986
6.7 16.875 0.00762521
6.7 19.125 0.00677637
6.7 21.375 0.00703158
6.7 23.625 0.00622733
6.7 25.875 0.00696978
6.7 28.125 0.00568062
6.7 30.375 0.00565791
6.7 32.625 0.00546384
6.7 34.875 0.00582222
6.7 37.125 0.00713044
6.7 39.375 0.00652362
6.7 41.625 0.00668744
6.7 43.875 0.00685966
6.9 1.125 0.00629995
6.9 3.375 0.00505163
6.9 5.625 0.00550699
6.9 7.875 0.00649445
6.9 10.125 0.0060316
6.9 12.375 0.00663795
6.9 14.625 0.00615745
6.9 16.875 0.00655265
6.9 19.125 0.00575889
6.9 21.375 0.00723225
6.9 23.625 0.00682027
6.9 25.875 0.00681633
6.9 28.125 0.00656683
6.9 30.375 0.0320429
6.9 32.625 0.00584589
6.9 34.875 0.00647057
6.9 37.125 0.00666463
6.9 39.375 0.00664509
6.9 41.625 0.00712387
6.9 43.875 0.00581926
7.1 1.125 0.00619102
7.1 3.375 0.00517048
7.1 5.625 0.00573436
7.1 7.875 0.00679161
7.1 10.125 0.00591292
7.1 12.375 0.00597159
7.1 14.625 0.0067616
7.1 16.875 0.00671189
7.1 19.125 0.00600075
7.1 21.375 0.00583361
7.1 23.625 0.0059741
7.1 25.875 0.00603623
7.1 28.125 0.00590381
7.1 30.375 0.00529242
7.1 32.625 0.00712123
7.1 34.875 0.00622637
7.1 37.125 0.00560671
7.1 39.375 0.00635499
7.1 41.625 0.0055873
7.1 43.875 0.00609078
7.3 1.125 0.00770157
7.3 3.375 0.00513368
7.3 5.625 0.00657513
7.3 7.875 0.00703056
7.3 10.125 0.0068564
7.3 12.375 0.00622596
7.3 14.625 0.0055709
7.3 16.875 0.00676055
7.3 19.125 0.00668933
7.3 21.375 0.0062018
7.3 23.625 0.00605934
7.3 25.875 0.00625323
7.3 28.125 0.00556537
7.3 30.375 0.00502056
7.3 32.625 0.00633476
7.3 34.875 0.00575589
7.3 37.125 0.00637543
7.3 39.375 0.00572842
7.3 41.625 0.0059686
7.3 43.875 0.00600542
7.5 1.125 0.00568554
7.5 3.375 0.00486007
7.5 5.625 0.00542379
7.5 7.875 0.00576619
7.5 10.125 0.00493329
7.5 12.375 0.00570851
7.5 14.625 0.0063881
7.5 16.875 0.00590247
7.5 19.125 0.00609609
7.5 21.375 0.00609942
7.5 23.625 0.0051939
7.5 25.875 0.00584179
7.5 28.125 0.00597668
7.5 30.375 0.00519008
7.5 32.625 0.00503768
7.5 34.875 0.00551684
7.5 37.125 0.00521276
7.5 39.375 0.0052578
7.5 41.625 0.00536677
7.5 43.875 0.00508456
7.7 1.125 0.00485979
7.7 3.375 0.00573998
7.7 5.625 0.00539043
7.7 7.875 0.00569764
7.7 10.125 0.00601406
7.7 12.375 0.00531549
7.7 14.625 0.00600452
7.7 16.875 0.00515884
7.7 19.125 0.0875395
7.7 21.375 0.00507272
7.7 23.625 0.00492753
7.7 25.875 0.00545045
7.7 28.125 0.00596727
7.7 30.375 0.00547649
7.7 32.625 0.00556826
7.7 34.875 0.00649557
7.7 37.125 0.00605297
7.7 39.375 0.00581134
7.7 41.625 0.00640204
7.7 43.875 0.00704419
7.9 1.125 0.00657395
7.9 3.375 0.00606685
7.9 5.625 0.00550223
7.9 7.875 0.00658918
7.9 10.125 0.00555599
7.9 12.375 0.00584568
7.9 14.625 0.00514565
7.9 16.875 0.00571298
7.9 19.125 0.00545168
7.9 21.375 0.00644791
7.9 23.625 0.0063581
7.9 25.875 0.00636139
7.9 28.125 0.00625412
7.9 30.375 0.00611621
7.9 32.625 0.0059656
7.9 34.875 0.00572697
7.9 37.125 0.00440686
7.9 39.375 0.0048587
7.9 41.625 0.00484592
7.9 43.875 0.00593651
8.1 1.125 0.0046088
8.1 3.375 0.0052449
8.1 5.625 0.0047939
8.1 7.875 0.00607571
8.1 10.125 0.0059296
8.1 12.375 0.00585443
8.1 14.625 0.00518872
8.1 16.875 0.00465781
8.1 19.125 0.00531124
8.1 21.375 0.00528014
8.1 23.625 0.00453782
8.1 25.875 0.00707907
8.1 28.125 0.00553728
8.1 30.375 0.00624777
8.1 32.625 0.00653702
8.1 34.875 0.00566192
8.1 37.125 0.00519338
8.1 39.375 0.0049428
8.1 41.625 0.00472471
8.1 43.875 0.00572859
8.3 1.125 0.00655719
8.3 3.375 0.00537125
8.3 5.625 0.0069322
8.3 7.875 0.00589481
8.3 10.125 0.0058536
8.3 12.375 0.00492033
8.3 14.625 0.00540708
8.3 16.875 0.00548096
8.3 19.125 0.00565328
8.3 21.375 0.00510491
8.3 23.625 0.00619016
8.3 25.875 0.00496576
8.3 28.125 0.00493166
8.3 30.375 0.00660179
8.3 32.625 0.00475739
8.3 34.875 0.0046734
8.3 37.125 0.00637145
8.3 39.375 0.00483094
8.3 41.625 0.00647664
8.3 43.875 0.0105807
8.5 1.125 0.00542378
8.5 3.375 0.00533666
8.5 5.625 0.00505368
8.5 7.875 0.00517138
8.5 10.125 0.00543902
8.5 12.375 0.00525516
8.5 14.625 0.00487018
8.5 16.875 0.00519201
8.5 19.125 0.0049964
8.5 21.375 0.0046931
8.5 23.625 0.00512014
8.5 25.875 0.00571271
8.5 28.125 0.00513092
8.5 30.375 0.0056315
8.5 32.625 0.00578083
8.5 34.875 0.00901017
8.5 37.125 0.00813526
8.5 39.375 0.00548644
8.5 41.625 0.00595692
8.5 43.875 0.00608939
8.7 1.125 0.00435747
8.7 3.375 0.00456506
8.7 5.625 0.00558821
8.7 7.875 0.00607019
8.7 10.125 0.00475255
8.7 12.375 0.00478479
8.7 14.625 0.00590513
8.7 16.875 0.00467747
8.7 19.125 0.0056196
8.7 21.375 0.00596949
8.7 23.625 0.00486474
8.7 25.875 0.00504432
8.7 28.125 0.00527049
8.7 30.375 0.00621202
8.7 32.625 0.00484518
8.7 34.875 0.00500522
8.7 37.125 0.0048348
8.7 39.375 0.00554209
8.7 41.625 0.00505452
8.7 43.875 0.00561256
8.9 1.125 0.00570397
8.9 3.375 0.00672326
8.9 5.625 0.00541234
8.9 7.875 0.00453114
8.9 10.125 0.0047982
8.9 12.375 0.00579088
8.9 14.625 0.00526919
8.9 16.875 0.00447993
8.9 19.125 0.00629521
8.9 21.375 0.00571028
8.9 23.625 0.05311
8.9 25.875 0.00530866
8.9 28.125 0.00876744
8.9 30.375 0.00488362
8.9 32.625 0.00502271
8.9 34.875 0.00601945
8.9 37.125 0.00463666
8.9 39.375 0.00576725
8.9 41.625 0.00489166
8.9 43.875 0.00581037
9.1 1.125 0.0053004
9.1 3.375 0.00469529
9.1 5.625 0.00667898
9.1 7.875 0.00577596
9.1 10.125 0.00577749
9.1 12.375 0.00542668
9.1 14.625 0.00427143
9.1 16.875 0.0053194
9.1 19.125 0.00494368
9.1 21.375 0.00509408
9.1 23.625 0.00495726
9.1 25.875 0.00514026
9.1 28.125 0.00594787
9.1 30.375 0.00520364
9.1 32.625 0.00565573
9.1 34.875 0.00704879
9.1 37.125 0.00568322
9.1 39.375 0.00539671
9.1 41.625 0.00595147
9.1 43.875 0.00632624
9.3 1.125 0.00524382
9.3 3.375 0.00546591
9.3 5.625 0.00548374
9.3 7.875 0.00504904
9.3 10.125 0.0048561
9.3 12.375 0.00449506
9.3 14.625 0.00668315
9.3 16.875 0.00487381
9.3 19.125 0.00469819
9.3 21.375 0.00464324
9.3 23.625 0.00422575
9.3 25.875 0.00501633
9.3 28.125 0.00529128
9.3 30.375 0.0050291
9.3 32.625 0.00515825
9.3 34.875 0.00469602
9.3 37.125 0.00502873
9.3 39.375 0.00457375
9.3 41.625 0.00496224
9.3 43.875 0.00459354
9.5 1.125 0.0069121
9.5 3.375 0.00469307
9.5 5.625 0.00565991
9.5 7.875 0.00461482
9.5 10.125 0.00478236
9.5 12.375 0.00470196
9.5 14.625 0.00562314
9.5 16.875 0.00630283
9.5 19.125 0.00525195
9.5 21.375 0.00632557
9.5 23.625 0.00422002
9.5 25.875 0.00589734
9.5 28.125 0.00399592
9.5 30.375 0.00583738
9.5 32.625 0.00531829
9.5 34.875 0.00479553
9.5 37.125 0.00637471
9.5 39.375 0.00485877
9.5 41.625 0.00486334
9.5 43.875 0.00475726
9.7 1.125 0.0045038
9.7 3.375 0.00444403
9.7 5.625 0.00852405
9.7 7.875 0.0044001
9.7 10.125 0.00525619
9.7 12.375 0.00476337
9.7 14.625 0.00944154
9.7 16.875 0.00445363
9.7 19.125 0.00559902
9.7 21.375 0.00488702
9.7 23.625 0.00478029
9.7 25.875 0.00461868
9.7 28.125 0.0051981
9.7 30.375 0.00445103
9.7 32.625 0.00528235
9.7 34.875 0.00527232
9.7 37.125 0.00593643
9.7 39.375 0.00529746
9.7 41.625 0.00494517
9.7 43.875 0.00550872
9.9 1.125 0.00453895
9.9 3.375 0.005576
9.9 5.625 0.00683035
9.9 7.875 0.00503876
9.9 10.125 0.00501794
9.9 12.375 0.00491244
9.9 14.625 0.00485603
9.9 16.875 0.00490464
9.9 19.125 0.00462288
9.9 21.375 0.00513291
9.9 23.625 0.004415
9.9 25.875 0.00529078
9.9 28.125 0.00727313
9.9 30.375 0.00545014
9.9 32.625 0.00568566
9.9 34.875 0.00455542
9.9 37.125 0.00455618
9.9 39.375 0.00580009
9.9 41.625 0.00492483
9.9 43.875 0.0049845
10.1 1.125 0.00454359
10.1 3.375 0.00463613
10.1 5.625 0.00452781
10.1 7.875 0.0051127
10.1 10.125 0.00607167
10.1 12.375 0.00479557
10.1 14.625 0.00458626
10.1 16.875 0.00439326
10.1 19.125 0.00487712
10.1 21.375 0.006044
10.1 23.625 0.00499615
10.1 25.875 0.00515469
10.1 28.125 0.00458823
10.1 30.375 0.0052749
10.1 32.625 0.00549526
10.1 34.875 0.0352072
10.1 37.125 0.00558887
10.1 39.375 0.00479198
10.1 41.625 0.00546707
10.1 43.875 0.00517453
10.3 1.125 0.00553367
10.3 3.375 0.00445154
10.3 5.625 0.00550046
10.3 7.875 0.00474515
10.3 10.125 0.00509815
10.3 12.375 0.00518197
10.3 14.625 0.00489297
10.3 16.875 0.00515826
10.3 19.125 0.00500954
10.3 21.375 0.0040873
10.3 23.625 0.00545469
10.3 25.875 0.00511129
10.3 28.125 0.00777048
10.3 30.375 0.00485544
10.3 32.625 0.00552829
10.3 34.875 0.00526604
10.3 37.125 0.0058323
10.3 39.375 0.00464437
10.3 41.625 0.00391861
10.3 43.875 0.00450193
10.5 1.125 0.00500665
10.5 3.375 0.00654921
10.5 5.625 0.00534823
10.5 7.875 0.00472094
10.5 10.125 0.00533425
10.5 12.375 0.00512034
10.5 14.625 0.00499028
10.5 16.875 0.00497874
10.5 19.125 0.00520192
10.5 21.375 0.00508705
10.5 23.625 0.00564482
10.5 25.875 0.00344973
10.5 28.125 0.00509976
10.5 30.375 0.00462013
10.5 32.625 0.00572497
10.5 34.875 0.00561617
10.5 37.125 0.00442975
10.5 39.375 0.00542058
10.5 41.625 0.00553149
10.5 43.875 0.00615726
10.7 1.125 0.00506622
10.7 3.375 0.00522754
10.7 5.625 0.00345582
10.7 7.875 0.00415605
10.7 10.125 0.00379319
10.7 12.375 0.00468135
10.7 14.625 0.00461097
10.7 16.875 0.00492721
10.7 19.125 0.00431802
10.7 21.375 0.0044597
10.7 23.625 0.00603373
10.7 25.875 0.00431727
10.7 28.125 0.00483275
10.7 30.375 0.00438137
10.7 32.625 0.00589033
10.7 34.875 0.00506136
10.7 37.125 0.00531131
10.7 39.375 0.00563869
10.7 41.625 0.00530642
10.7 43.875 0.00424443
10.9 1.125 0.00391344
10.9 3.375 0.00468892
10.9 5.625 0.00528982
10.9 7.875 0.00424716
10.9 10.125 0.0049883
10.9 12.375 0.00402919
10.9 14.625 0.00506538
10.9 16.875 0.00412123
10.9 19.125 0.0075893
10.9 21.375 0.00577935
10.9 23.625 0.00489236
10.9 25.875 0.00399568
10.9 28.125 0.00498939
10.9 30.375 0.00442402
10.9 32.625 0.00447962
10.9 34.875 0.00400077
10.9 37.125 0.0047773
10.9 39.375 0.0046847
10.9 41.625 0.00611752
10.9 43.875 0.00295056
11.1 1.125 0.00495776
11.1 3.375 0.00348018
11.1 5.625 0.00595698
11.1 7.875 0.0031639
11.1 10.125 0.00390635
11.1 12.375 0.00572091
11.1 14.625 0.00608814
11.1 16.875 0.00573831
11.1 19.125 0.00545469
11.1 23.625 0.00469504
11.1 25.875 0.00683536
11.1 28.125 0.00348414
11.1 30.375 0.00413549
11.1 34.875 0.00604133
11.1 37.125 0.00579998
11.1 39.375 0.00466517
11.1 41.625 0.00444856
11.3 1.125 0.00526636
11.3 3.375 0.00575909
11.3 5.625 0.0044057
11.3 7.875 0.00514983
11.3 10.125 0.00626689
11.3 12.375 0.00610484
11.3 14.625 0.00403278
11.3 16.875 0.00408366
11.3 19.125 0.00663229
11.3 21.375 0.00380378
11.3 23.625 0.00381075
11.3 25.875 0.00350186
11.3 28.125 0.00447811
11.3 30.375 0.00533154
11.3 32.625 0.00506743
11.3 34.875 0.00423786
11.3 37.125 0.00532775
11.3 39.375 0.00347526
11.3 41.625 0.00283874
11.3 43.875 0.00547333
11.5 1.125 0.00401839
11.5 3.375 0.00459548
11.5 5.625 0.0047304
11.5 7.875 0.00430452
11.5 10.125 0.00681631
11.5 12.375 0.00462759
11.5 14.625 0.00370709
11.5 16.875 0.00529999
11.5 19.125 0.0048835
11.5 21.375 0.00524581
11.5 23.625 0.00506021
11.5 25.875 0.00501696
11.5 28.125 0.00416783
11.5 30.375 0.00342517
11.5 32.625 0.00469596
11.5 34.875 0.00456509
11.5 37.125 0.00565402
11.5 39.375 0.00516302
11.5 41.625 0.00356267
11.5 43.875 0.0061345
11.7 1.125 0.00467072
11.7 3.375 0.0063871
11.7 5.625 0.00553033
11.7 7.875 0.00438862
11.7 10.125 0.00629455
11.7 12.375 0.00440938
11.7 14.625 0.00415673
11.7 16.875 0.00472086
11.7 21.375 0.00347395
11.7 23.625 0.00558757
11.7 25.875 0.00619419
11.7 28.125 0.00514645
11.7 30.375 0.00614886
11.7 34.875 0.00502419
11.7 39.375 0.00459389
11.7 41.625 0.00414129
11.7 43.875 0.00719306
11.9 1.125 0.00551485
11.9 3.375 0.0035325
11.9 5.625 0.00357548
11.9 10.125 0.00356885
11.9 14.625 0.00487156
11.9 16.875 0.00467894
11.9 19.125 0.0051564
11.9 21.375 0.00505969
11.9 23.625 0.0048418
11.9 25.875 0.00397079
11.9 28.125 0.00485916
11.9 30.375 0.00996856
11.9 32.625 0.00482025
11.9 34.875 0.00524564
11.9 37.125 0.00518031
11.9 39.375 0.00572026
12.1 1.125 0.00483975
12.1 3.375 0.00802349
12.1 5.625 0.00486358
12.1 7.875 0.00554843
12.1 10.125 0.00541734
12.1 12.375 0.00512296
12.1 14.625 0.00446906
12.1 16.875 0.00501703
12.1 19.125 0.00366019
12.1 21.375 0.00465146
12.1 23.625 0.00374512
12.1 30.375 0.00670271
12.1 32.625 0.00376784
12.1 34.875 0.00560398
12.1 37.125 0.00590489
12.1 39.375 0.00389623
12.1 41.625 0.008421
12.3 1.125 0.0045705
12.3 3.375 0.00468598
12.3 7.875 0.00513937
12.3 10.125 0.00356732
12.3 12.375 0.00387134
12.3 19.125 0.00621054
12.3 21.375 0.00433803
12.3 23.625 0.00430711
12.3 28.125 0.00639485
12.3 30.375 0.00449671
12.3 32.625 0.00372989
12.3 34.875 0.00472969
12.3 37.125 0.00441749
12.3 39.375 0.00432392
12.3 41.625 0.00682732
12.3 43.875 0.00419057
12.5 1.125 0.00494072
12.5 5.625 0.00423271
12.5 10.125 0.0049431
12.5 16.875 0.003861
12.5 19.125 0.00340841
12.5 21.375 0.00449376
12.5 30.375 0.00422616
12.5 32.625 0.00533606
12.5 34.875 0.00586102
12.5 37.125 0.00409402
12.5 43.875 0.00779159
12.7 1.125 0.0052659
12.7 5.625 0.00671261
12.7 7.875 0.00433615
12.7 10.125 0.00383114
12.7 12.375 0.00398632
12.7 16.875 0.00586261
12.7 19.125 0.00390638
12.7 25.875 0.00431006
12.7 32.625 0.00727363
12.7 41.625 0.00666534
12.7 43.875 0.0046765
12.9 1.125 0.00550063
12.9 3.375 0.00530993
12.9 5.625 0.00395034
12.9 7.875 0.00411478
12.9 12.375 0.00367146
12.9 14.625 0.00611974
12.9 21.375 0.00528087
12.9 25.875 0.0102824
12.9 30.375 0.00700386
12.9 39.375 0.00408793
12.9 41.625 0.00637678
12.9 43.875 0.00799554
13.1 1.125 0.00553927
13.1 3.375 0.00430135
13.1 10.125 0.00407366
13.1 12.375 0.00401506
13.1 14.625 0.00797827
13.1 16.875 0.0041089
13.1 25.875 0.00558412
13.1 32.625 0.00403902
13.1 37.125 0.00497546
13.3 1.125 0.0170939
13.3 3.375 0.00402796
13.3 7.875 0.00409622
13.3 16.875 0.00365539
13.3 19.125 0.00356462
13.3 37.125 0.00408762
13.3 41.625 0.00856323
13.5 7.875 0.0113062
13.5 14.625 0.010433
13.5 16.875 0.00506683
13.5 21.375 0.00516935
13.5 23.625 0.00343942
13.5 34.875 0.00327366
13.7 3.375 0.00502615
13.7 7.875 0.00396874
13.7 14.625 0.00355286
13.7 19.125 0.00454053
13.7 32.625 0.00700334
13.7 41.625 0.00604266
13.9 1.125 0.00390263
13.9 19.125 0.00550118
13.9 34.875 0.00462135
13.9 43.875 0.00674338
