0.1 1.125 0.335605
0.1 3.375 0.333955
0.1 5.625 0.336533
0.1 7.875 0.326734
0.1 10.125 0.323441
0.1 12.375 0.319033
0.1 14.625 0.327489
0.1 16.875 0.324753
0.1 19.125 0.324383
0.1 21.375 0.327099
0.1 23.625 0.327518
0.1 25.875 0.335328
0.1 28.125 0.331162
0.1 30.375 0.332068
0.1 32.625 0.335055
0.1 34.875 0.323217
0.1 37.125 0.335138
0.1 39.375 0.330659
0.1 41.625 0.334377
0.1 43.875 0.332396
0.3 1.125 0.319473
0.3 3.375 0.31512
0.3 5.625 0.318084
0.3 7.875 0.312654
0.3 10.125 0.301169
0.3 12.375 0.315094
0.3 14.625 0.312401
0.3 16.875 0.311043
0.3 19.125 0.313511
0.3 21.375 0.320486
0.3 23.625 0.324829
0.3 25.875 0.326786
0.3 28.125 0.310489
0.3 30.375 0.318828
0.3 32.625 0.321819
0.3 34.875 0.323937
0.3 37.125 0.31882
0.3 39.375 0.31763
0.3 41.625 0.321949
0.3 43.875 0.302281
0.5 1.125 0.313365
0.5 3.375 0.306182
0.5 5.625 0.309468
0.5 7.875 0.293124
0.5 10.125 0.299129
0.5 12.375 0.302928
0.5 14.625 0.299073
0.5 16.875 0.304548
0.5 19.125 0.295788
0.5 21.375 0.300174
0.5 23.625 0.292212
0.5 25.875 0.303233
0.5 28.125 0.289457
0.5 30.375 0.303209
0.5 32.625 0.300765
0.5 34.875 0.288842
0.5 37.125 0.305041
0.5 39.375 0.302043
0.5 41.625 0.27678
0.5 43.875 0.296875
0.7 1.125 0.277235
0.7 3.375 0.288945
0.7 5.625 0.287103
0.7 7.875 0.285801
0.7 10.125 0.278987
0.7 12.375 0.276746
0.7 14.625 0.27312
0.7 16.875 0.281132
0.7 19.125 0.274782
0.7 21.375 0.274097
0.7 23.625 0.263197
0.7 25.875 0.269037
0.7 28.125 0.282546
0.7 30.375 0.269503
0.7 32.625 0.274912
0.7 34.875 0.271993
0.7 37.125 0.268945
0.7 39.375 0.26524
0.7 41.625 0.274558
0.7 43.875 0.283903
0.9 1.125 0.25041
0.9 3.375 0.241478
0.9 5.625 0.254382
0.9 7.875 0.24808
0.9 10.125 0.253191
0.9 12.375 0.253193
0.9 14.625 0.243083
0.9 16.875 0.238431
0.9 19.125 0.243684
0.9 21.375 0.25546
0.9 23.625 0.237428
0.9 25.875 0.239437
0.9 28.125 0.230245
0.9 30.375 0.218382
0.9 32.625 0.225382
0.9 34.875 0.217324
0.9 37.125 0.226905
0.9 39.375 0.242814
0.9 41.625 0.216731
0.9 43.875 0.225984
1.1 1.125 0.186472
1.1 3.375 0.199309
1.1 5.625 0.190902
1.1 7.875 0.188326
1.1 10.125 0.197357
1.1 12.375 0.195478
1.1 14.625 0.19745
1.1 16.875 0.184029
1.1 19.125 0.194627
1.1 21.375 0.186611
1.1 23.625 0.204202
1.1 25.875 0.201225
1.1 28.125 0.193698
1.1 30.375 0.195423
1.1 32.625 0.196318
1.1 34.875 0.181434
1.1 37.125 0.215891
1.1 39.375 0.178255
1.1 41.625 0.194786
1.1 43.875 0.179587
1.3 1.125 0.117658
1.3 3.375 0.127036
1.3 5.625 0.123206
1.3 7.875 0.132319
1.3 10.125 0.119208
1.3 12.375 0.119124
1.3 14.625 0.127382
1.3 16.875 0.130559
1.3 19.125 0.147251
1.3 21.375 0.13471
1.3 23.625 0.13164
1.3 25.875 0.136736
1.3 28.125 0.146403
1.3 30.375 0.158366
1.3 32.625 0.158741
1.3 34.875 0.145849
1.3 37.125 0.160021
1.3 39.375 0.150068
1.3 41.625 0.150991
1.3 43.875 0.164615
1.5 1.125 0.0812202
1.5 3.375 0.0776086
1.5 5.625 0.0768938
1.5 7.875 0.0807215
1.5 10.125 0.084828
1.5 12.375 0.0853614
1.5 14.625 0.0827037
1.5 16.875 0.0915698
1.5 19.125 0.0926691
1.5 21.375 0.10283
1.5 23.625 0.101244
1.5 25.875 0.0966289
1.5 28.125 0.107058
1.5 30.375 0.109784
1.5 32.625 0.108183
1.5 34.875 0.101688
1.5 37.125 0.122708
1.5 39.375 0.128312
1.5 41.625 0.114845
1.5 43.875 0.118807
1.7 1.125 0.0471534
1.7 3.375 0.0511245
1.7 5.625 0.0562681
1.7 7.875 0.054517
1.7 10.125 0.0504837
1.7 12.375 0.0526134
1.7 14.625 0.0577271
1.7 16.875 0.0640226
1.7 19.125 0.0592327
1.7 21.375 0.073758
1.7 23.625 0.0648035
1.7 25.875 0.0757478
1.7 28.125 0.080323
1.7 30.375 0.0732126
1.7 32.625 0.0756712
1.7 34.875 0.0784297
1.7 37.125 0.0668315
1.7 39.375 0.0804952
1.7 41.625 0.0656627
1.7 43.875 0.0820013
1.9 1.125 0.0299225
1.9 3.375 0.030954
1.9 5.625 0.0297528
1.9 7.875 0.0337186
1.9 10.125 0.0369049
1.9 12.375 0.0352442
1.9 14.625 0.0411654
1.9 16.875 0.037262
1.9 19.125 0.0373197
1.9 21.375 0.0448166
1.9 23.625 0.0508131
1.9 25.875 0.0472691
1.9 28.125 0.0425738
1.9 30.375 0.0442924
1.9 32.625 0.0612285
1.9 34.875 0.0460676
1.9 37.125 0.0496184
1.9 39.375 0.0562128
1.9 41.625 0.0449386
1.9 43.875 0.058585
2.1 1.125 0.0174106
2.1 3.375 0.0166688
2.1 5.625 0.018038
2.1 7.875 0.0186373
2.1 10.125 0.021675
2.1 12.375 0.0197066
2.1 14.625 0.0225
2.1 16.875 0.0193502
2.1 19.125 0.026542
2.1 21.375 0.027372
2.1 23.625 0.0255028
2.1 25.875 0.0286011
2.1 28.125 0.0306856
2.1 30.375 0.037901
2.1 32.625 0.0295131
2.1 34.875 0.0368591
2.1 37.125 0.0297896
2.1 39.375 0.0348459
2.1 41.625 0.0308364
2.1 43.875 0.0368504
2.3 1.125 0.0105568
2.3 3.375 0.0107503
2.3 5.625 0.00997583
2.3 7.875 0.0112695
2.3 10.125 0.0125271
2.3 12.375 0.0109173
2.3 14.625 0.0108328
2.3 16.875 0.0142767
2.3 19.125 0.0133318
2.3 21.375 0.0134788
2.3 23.625 0.0149452
2.3 25.875 0.0169777
2.3 28.125 0.0156085
2.3 30.375 0.0208633
2.3 32.625 0.0209626
2.3 34.875 0.0204374
2.3 37.125 0.0263231
2.3 39.375 0.0232118
2.3 41.625 0.022872
2.3 43.875 0.0216668
2.5 1.125 0.00664273
2.5 3.375 0.00784746
2.5 5.625 0.00709613
2.5 7.875 0.00738711
2.5 10.125 0.00688506
2.5 12.375 0.0118794
2.5 14.625 0.0073583
2.5 16.875 0.0101175
2.5 19.125 0.0103798
2.5 21.375 0.0101575
2.5 23.625 0.0107071
2.5 25.875 0.0108876
2.5 28.125 0.0111417
2.5 30.375 0.0128745
2.5 32.625 0.0132746
2.5 34.875 0.0138288
2.5 37.125 0.0145348
2.5 39.375 0.0162326
2.5 41.625 0.0164653
2.5 43.875 0.0163286
2.7 1.125 0.00793266
2.7 3.375 0.00722884
2.7 5.625 0.00754772
2.7 7.875 0.00873054
2.7 10.125 0.00786269
2.7 12.375 0.00582837
2.7 14.625 0.00707336
2.7 16.875 0.00667766
2.7 19.125 0.0087195
2.7 21.375 0.00789383
2.7 23.625 0.00805262
2.7 25.875 0.00832656
2.7 28.125 0.00852572
2.7 30.375 0.0096585
2.7 32.625 0.0101963
2.7 34.875 0.00942178
2.7 37.125 0.00984581
2.7 39.375 0.0111151
2.7 41.625 0.0100809
2.7 43.875 0.0110996
2.9 1.125 0.00607987
2.9 3.375 0.00475338
2.9 5.625 0.00686523
2.9 7.875 0.00680123
2.9 10.125 0.00866987
2.9 12.375 0.00543683
2.9 14.625 0.00612507
2.9 16.875 0.00659331
2.9 19.125 0.00524613
2.9 21.375 0.00635944
2.9 23.625 0.00675351
2.9 25.875 0.00608745
2.9 28.125 0.00558339
2.9 30.375 0.00564463
2.9 32.625 0.00669296
2.9 34.875 0.00733621
2.9 37.125 0.00700618
2.9 39.375 0.00829919
2.9 41.625 0.00954249
2.9 43.875 0.00869827
3.1 1.125 0.00549574
3.1 3.375 0.00482717
3.1 5.625 0.00558168
3.1 7.875 0.00537431
3.1 10.125 0.00637478
3.1 12.375 0.00891686
3.1 14.625 0.0050032
3.1 16.875 0.00470648
3.1 19.125 0.00726666
3.1 21.375 0.00554066
3.1 23.625 0.00663061
3.1 25.875 0.00519909
3.1 28.125 0.00852697
3.1 30.375 0.0060265
3.1 32.625 0.00599014
3.1 34.875 0.00565738
3.1 37.125 0.00654242
3.1 39.375 0.00573823
3.1 41.625 0.00578025
3.1 43.875 0.00652747
3.3 1.125 0.00804179
3.3 3.375 0.00568276
3.3 5.625 0.00609918
3.3 7.875 0.00466676
3.3 10.125 0.00845119
3.3 12.375 0.00397085
3.3 14.625 0.00417993
3.3 16.875 0.00702201
3.3 19.125 0.0045704
3.3 21.375 0.00658638
3.3 23.625 0.0048158
3.3 25.875 0.00388511
3.3 28.125 0.00575047
3.3 30.375 0.00568899
3.3 32.625 0.00470362
3.3 34.875 0.00540596
3.3 37.125 0.00501865
3.3 39.375 0.00522365
3.3 41.625 0.0049856
3.3 43.875 0.00478467
3.5 1.125 0.00689741
3.5 3.375 0.00550739
3.5 5.625 0.00585401
3.5 7.875 0.00487741
3.5 10.125 0.00409469
3.5 12.375 0.00424194
3.5 14.625 0.00828907
3.5 16.875 0.00934988
3.5 19.125 0.00395834
3.5 21.375 0.00874889
3.5 23.625 0.00961698
3.5 25.875 0.00680043
3.5 28.125 0.00568714
3.5 30.375 0.00773266
3.5 32.625 0.00472017
3.5 34.875 0.00460765
3.5 37.125 0.00562908
3.5 39.375 0.00465428
3.5 41.625 0.00422978
3.5 43.875 0.00382858
3.7 1.125 0.00566633
3.7 3.375 0.00435576
3.7 5.625 0.0087243
3.7 7.875 0.00700792
3.7 10.125 0.00381028
3.7 12.375 0.00395062
3.7 14.625 0.00397769
3.7 16.875 0.0039496
3.7 19.125 0.00841248
3.7 21.375 0.0047994
3.7 23.625 0.00585062
3.7 25.875 0.00385172
3.7 28.125 0.00444176
3.7 30.375 0.00455519
3.7 32.625 0.00420257
3.7 34.875 0.00426967
3.7 37.125 0.00450445
3.7 39.375 0.0044011
3.7 41.625 0.00353202
3.7 43.875 0.00365744
3.9 1.125 0.0040342
3.9 3.375 0.00370778
3.9 5.625 0.00427319
3.9 7.875 0.00389476
3.9 10.125 0.00389213
3.9 12.375 0.00448316
3.9 14.625 0.00733154
3.9 16.875 0.00834385
3.9 19.125 0.00512948
3.9 21.375 0.00475559
3.9 23.625 0.00400301
3.9 25.875 0.00356199
3.9 28.125 0.00400419
3.9 30.375 0.00405499
3.9 32.625 0.00403836
3.9 34.875 0.00457893
3.9 37.125 0.00382646
3.9 39.375 0.00325237
3.9 41.625 0.0038783
3.9 43.875 0.00317257
4.1 1.125 0.00387495
4.1 3.375 0.00460481
4.1 5.625 0.00375048
4.1 7.875 0.00619593
4.1 10.125 0.00423889
4.1 12.375 0.00427264
4.1 14.625 0.00514366
4.1 16.875 0.00584945
4.1 19.125 0.00443067
4.1 21.375 0.0041122
4.1 23.625 0.00685809
4.1 25.875 0.0061757
4.1 28.125 0.0042202
4.1 30.375 0.00433321
4.1 32.625 0.00414869
4.1 34.875 0.00366751
4.1 37.125 0.0033877
4.1 39.375 0.00419711
4.1 41.625 0.00358419
4.1 43.875 0.00304774
4.3 1.125 0.00429857
4.3 3.375 0.00347837
4.3 5.625 0.00658179
4.3 7.875 0.00327748
4.3 10.125 0.00379383
4.3 12.375 0.00320968
4.3 14.625 0.00671331
4.3 16.875 0.0037398
4.3 19.125 0.00361711
4.3 21.375 0.00602225
4.3 23.625 0.0040318
4.3 25.875 0.00358359
4.3 28.125 0.00390233
4.3 30.375 0.00507453
4.3 32.625 0.00343676
4.3 34.875 0.00355281
4.3 37.125 0.00338446
4.3 39.375 0.00283058
4.3 41.625 0.00278807
4.3 43.875 0.00257784
4.5 1.125 0.00428053
4.5 3.375 0.00307819
4.5 5.625 0.00651424
4.5 7.875 0.00357842
4.5 10.125 0.00521717
4.5 12.375 0.00339814
4.5 14.625 0.00383298
4.5 16.875 0.00311895
4.5 19.125 0.00358744
4.5 21.375 0.00387852
4.5 23.625 0.00380571
4.5 25.875 0.00380692
4.5 28.125 0.00311777
4.5 30.375 0.00333089
4.5 32.625 0.00339262
4.5 34.875 0.00279254
4.5 37.125 0.00297589
4.5 39.375 0.00302716
4.5 41.625 0.00341931
4.5 43.875 0.00322741
4.7 1.125 0.00362137
4.7 3.375 0.00411992
4.7 5.625 0.00361491
4.7 7.875 0.00432848
4.7 10.125 0.00311802
4.7 12.375 0.00421027
4.7 14.625 0.0036323
4.7 16.875 0.00335524
4.7 19.125 0.00399117
4.7 21.375 0.00321082
4.7 23.625 0.00303413
4.7 25.875 0.00358965
4.7 28.125 0.00442676
4.7 30.375 0.00346602
4.7 32.625 0.0031947
4.7 34.875 0.00315289
4.7 37.125 0.00335619
4.7 39.375 0.0029648
4.7 41.625 0.00301885
4.7 43.875 0.00348902
4.9 1.125 0.00472169
4.9 3.375 0.00303167
4.9 5.625 0.00289335
4.9 7.875 0.00273499
4.9 10.125 0.00283856
4.9 12.375 0.00421967
4.9 14.625 0.00270378
4.9 16.875 0.00315114
4.9 19.125 0.00331654
4.9 21.375 0.0033909
4.9 23.625 0.00338671
4.9 25.875 0.00366308
4.9 28.125 0.00315425
4.9 30.375 0.003306
4.9 32.625 0.00276028
4.9 34.875 0.00291827
4.9 37.125 0.00321447
4.9 39.375 0.00346628
4.9 41.625 0.00276065
4.9 43.875 0.00277096
5.1 1.125 0.00253527
5.1 3.375 0.00533528
5.1 5.625 0.00277543
5.1 7.875 0.00240888
5.1 10.125 0.00262995
5.1 12.375 0.00301526
5.1 14.625 0.00274724
5.1 16.875 0.00248687
5.1 19.125 0.0029167
5.1 21.375 0.00303501
5.1 23.625 0.00464638
5.1 25.875 0.00299208
5.1 28.125 0.00290204
5.1 30.375 0.00295742
5.1 32.625 0.00292235
5.1 34.875 0.00283885
5.1 37.125 0.00313168
5.1 39.375 0.00275109
5.1 41.625 0.00245683
5.1 43.875 0.00321128
5.3 1.125 0.00629789
5.3 3.375 0.00278417
5.3 5.625 0.00265376
5.3 7.875 0.00484065
5.3 10.125 0.00261971
5.3 12.375 0.00295496
5.3 14.625 0.00319128
5.3 16.875 0.00291468
5.3 19.125 0.00308791
5.3 21.375 0.00263435
5.3 23.625 0.00266228
5.3 25.875 0.00269405
5.3 28.125 0.00256716
5.3 30.375 0.00397232
5.3 32.625 0.00314533
5.3 34.875 0.00308555
5.3 37.125 0.00307146
5.3 39.375 0.00319809
5.3 41.625 0.00286739
5.3 43.875 0.0032443
5.5 1.125 0.00505551
5.5 3.375 0.0028963
5.5 5.625 0.00251638
5.5 7.875 0.00223754
5.5 10.125 0.00220385
5.5 12.375 0.00256985
5.5 14.625 0.00231765
5.5 16.875 0.00288278
5.5 19.125 0.0024191
5.5 21.375 0.00289195
5.5 23.625 0.00287067
5.5 25.875 0.0026128
5.5 28.125 0.00298715
5.5 30.375 0.00320797
5.5 32.625 0.00261764
5.5 34.875 0.00279709
5.5 37.125 0.00288154
5.5 39.375 0.00291652
5.5 41.625 0.00317079
5.5 43.875 0.00303579
5.7 1.125 0.00291919
5.7 3.375 0.0028955
5.7 5.625 0.00230053
5.7 7.875 0.00276758
5.7 10.125 0.00366831
5.7 12.375 0.00301126
5.7 14.625 0.00320944
5.7 16.875 0.00269704
5.7 19.125 0.00290866
5.7 21.375 0.00359238
5.7 23.625 0.00286533
5.7 25.875 0.00402492
5.7 28.125 0.00287586
5.7 30.375 0.00236982
5.7 32.625 0.00311801
5.7 34.875 0.00268435
5.7 37.125 0.00281402
5.7 39.375 0.00297512
5.7 41.625 0.0030499
5.7 43.875 0.00293728
5.9 1.125 0.00302616
5.9 3.375 0.00578578
5.9 5.625 0.00267131
5.9 7.875 0.00258484
5.9 10.125 0.002285
5.9 12.375 0.00620144
5.9 14.625 0.0023789
5.9 16.875 0.00306697
5.9 19.125 0.00285742
5.9 21.375 0.00335445
5.9 23.625 0.00288078
5.9 25.875 0.00486924
5.9 28.125 0.00247911
5.9 30.375 0.00252827
5.9 32.625 0.00238472
5.9 34.875 0.00266452
5.9 37.125 0.0024777
5.9 39.375 0.00298251
5.9 41.625 0.00282586
5.9 43.875 0.00297579
6.1 1.125 0.00306008
6.1 3.375 0.00359609
6.1 5.625 0.00259665
6.1 7.875 0.00270166
6.1 10.125 0.00863597
6.1 12.375 0.00242926
6.1 14.625 0.00244021
6.1 16.875 0.00349725
6.1 19.125 0.00200039
6.1 21.375 0.0025709
6.1 23.625 0.00248873
6.1 25.875 0.00298999
6.1 28.125 0.00259759
6.1 30.375 0.00208319
6.1 32.625 0.00244189
6.1 34.875 0.00260135
6.1 37.125 0.00272616
6.1 39.375 0.0022434
6.1 41.625 0.00292761
6.1 43.875 0.00249723
6.3 1.125 0.00234294
6.3 3.375 0.00287127
6.3 5.625 0.00261553
6.3 7.875 0.00691629
6.3 10.125 0.00280247
6.3 12.375 0.00373389
6.3 14.625 0.00266571
6.3 16.875 0.0029267
6.3 19.125 0.00298529
6.3 21.375 0.00419759
6.3 23.625 0.00238765
6.3 25.875 0.00286616
6.3 28.125 0.00244715
6.3 30.375 0.00245497
6.3 32.625 0.0024998
6.3 34.875 0.00238221
6.3 37.125 0.00290868
6.3 39.375 0.00225042
6.3 41.625 0.00273938
6.3 43.875 0.00266577
6.5 1.125 0.00622102
6.5 3.375 0.00251319
6.5 5.625 0.00269072
6.5 7.875 0.006336
6.5 10.125 0.00279548
6.5 12.375 0.00260384
6.5 14.625 0.0031065
6.5 16.875 0.00284476
6.5 19.125 0.00244777
6.5 21.375 0.00258878
6.5 23.625 0.00263445
6.5 25.875 0.00292817
6.5 28.125 0.00277038
6.5 30.375 0.00201116
6.5 32.625 0.00232125
6.5 34.875 0.0027586
6.5 37.125 0.00255585
6.5 39.375 0.00254039
6.5 41.625 0.00237966
6.5 43.875 0.00237502
6.7 1.125 0.00311018
6.7 3.375 0.00210051
6.7 5.625 0.0029709
6.7 7.875 0.00242257
6.7 10.125 0.00285663
6.7 12.375 0.00194507
6.7 14.625 0.00280276
6.7 16.875 0.00279443
6.7 19.125 0.00242671
6.7 21.375 0.00230936
6.7 23.625 0.00289088
6.7 25.875 0.00661775
6.7 28.125 0.00224272
6.7 30.375 0.00250323
6.7 32.625 0.00219386
6.7 34.875 0.00299897
6.7 37.125 0.00194934
6.7 39.375 0.0021361
6.7 41.625 0.00262046
6.7 43.875 0.00238614
6.9 1.125 0.00258035
6.9 3.375 0.00293693
6.9 5.625 0.00307313
6.9 7.875 0.0025341
6.9 10.125 0.00278293
6.9 12.375 0.00276516
6.9 14.625 0.00230902
6.9 16.875 0.00216432
6.9 19.125 0.00277872
6.9 21.375 0.00196531
6.9 23.625 0.002138
6.9 25.875 0.00230465
6.9 28.125 0.00303697
6.9 30.375 0.00263583
6.9 32.625 0.00302646
6.9 34.875 0.00309745
6.9 37.125 0.00297932
6.9 39.375 0.00278
6.9 41.625 0.00254952
6.9 43.875 0.0022135
7.1 1.125 0.00240876
7.1 3.375 0.00373929
7.1 5.625 0.00612667
7.1 7.875 0.00258841
7.1 10.125 0.00254096
7.1 12.375 0.0028659
7.1 14.625 0.00226408
7.1 16.875 0.00252789
7.1 19.125 0.0025895
7.1 21.375 0.00208379
7.1 23.625 0.0021445
7.1 25.875 0.00267388
7.1 28.125 0.00276096
7.1 30.375 0.00219318
7.1 32.625 0.00212576
7.1 34.875 0.00242605
7.1 37.125 0.00243574
7.1 39.375 0.00241512
7.1 41.625 0.00240802
7.1 43.875 0.00246393
7.3 1.125 0.0020863
7.3 3.375 0.00233476
7.3 5.625 0.00233787
7.3 7.875 0.00248495
7.3 10.125 0.0025623
7.3 12.375 0.00269035
7.3 14.625 0.00275883
7.3 16.875 0.00265257
7.3 19.125 0.00261496
7.3 21.375 0.0026272
7.3 23.625 0.00273458
7.3 25.875 0.00234925
7.3 28.125 0.00265798
7.3 30.375 0.00185262
7.3 32.625 0.00243062
7.3 34.875 0.00270462
7.3 37.125 0.00167143
7.3 39.375 0.00227086
7.3 41.625 0.002512
7.3 43.875 0.00249389
7.5 1.125 0.00232401
7.5 3.375 0.00196635
7.5 5.625 0.00247699
7.5 7.875 0.00281344
7.5 10.125 0.00257323
7.5 12.375 0.00276138
7.5 14.625 0.00258281
7.5 16.875 0.0021608
7.5 19.125 0.00222985
7.5 21.375 0.00280567
7.5 23.625 0.002645
7.5 25.875 0.00221053
7.5 28.125 0.0027777
7.5 30.375 0.00232197
7.5 32.625 0.0020106
7.5 34.875 0.00267634
7.5 37.125 0.00264686
7.5 39.375 0.002807
7.5 41.625 0.00272319
7.5 43.875 0.00218962
7.7 1.125 0.003054
7.7 3.375 0.00368409
7.7 5.625 0.00333416
7.7 7.875 0.00245696
7.7 10.125 0.0020455
7.7 12.375 0.00216377
7.7 14.625 0.00222619
7.7 16.875 0.0020425
7.7 19.125 0.00188839
7.7 21.375 0.00278282
7.7 23.625 0.00256893
7.7 25.875 0.00227761
7.7 28.125 0.00273818
7.7 30.375 0.00178489
7.7 32.625 0.00209555
7.7 34.875 0.00226763
7.7 37.125 0.00229391
7.7 39.375 0.00218517
7.7 41.625 0.00196998
7.7 43.875 0.00177587
7.9 1.125 0.00237513
7.9 3.375 0.00226236
7.9 5.625 0.00262717
7.9 7.875 0.00354659
7.9 10.125 0.00808305
7.9 12.375 0.0020206
7.9 14.625 0.00203188
7.9 16.875 0.007104
7.9 19.125 0.00224717
7.9 21.375 0.00177902
7.9 23.625 0.00439219
7.9 25.875 0.00234941
7.9 28.125 0.00250653
7.9 30.375 0.00284222
7.9 32.625 0.00230559
7.9 34.875 0.00223599
7.9 37.125 0.00275309
7.9 39.375 0.00226862
7.9 41.625 0.0019526
7.9 43.875 0.00269087
8.1 1.125 0.00223755
8.1 3.375 0.0165091
8.1 5.625 0.00145123
8.1 7.875 0.00188839
8.1 10.125 0.00268488
8.1 12.375 0.00217429
8.1 14.625 0.00272327
8.1 16.875 0.00352591
8.1 19.125 0.00272864
8.1 21.375 0.00219686
8.1 23.625 0.00263512
8.1 25.875 0.00214244
8.1 28.125 0.00234014
8.1 30.375 0.00248336
8.1 32.625 0.00215892
8.1 34.875 0.00222115
8.1 37.125 0.00197228
8.1 39.375 0.00311047
8.1 41.625 0.00239934
8.1 43.875 0.00212819
8.3 1.125 0.00897065
8.3 3.375 0.0166998
8.3 5.625 0.00410899
8.3 7.875 0.00236044
8.3 10.125 0.00182282
8.3 12.375 0.0022328
8.3 14.625 0.0021461
8.3 16.875 0.0083902
8.3 19.125 0.00290492
8.3 21.375 0.00231064
8.3 23.625 0.00308493
8.3 25.875 0.00274706
8.3 28.125 0.00228516
8.3 30.375 0.00261333
8.3 32.625 0.00287714
8.3 34.875 0.00213045
8.3 37.125 0.0027877
8.3 39.375 0.00233296
8.3 41.625 0.00239983
8.3 43.875 0.00183265
8.5 1.125 0.0025568
8.5 3.375 0.00238181
8.5 5.625 0.00269468
8.5 7.875 0.00161164
8.5 10.125 0.00220346
8.5 12.375 0.00440723
8.5 14.625 0.00199033
8.5 16.875 0.00161444
8.5 19.125 0.0030171
8.5 21.375 0.00246367
8.5 23.625 0.00994214
8.5 25.875 0.00235371
8.5 28.125 0.00390141
8.5 30.375 0.0024444
8.5 32.625 0.00185358
8.5 34.875 0.00157003
8.5 37.125 0.00223459
8.5 39.375 0.00365106
8.5 41.625 0.00289751
8.5 43.875 0.00233786
8.7 1.125 0.00260138
8.7 3.375 0.001746
8.7 5.625 0.00275421
8.7 7.875 0.00367115
8.7 10.125 0.00212293
8.7 12.375 0.00178501
8.7 14.625 0.00503237
8.7 16.875 0.00181332
8.7 19.125 0.0026556
8.7 21.375 0.00354084
8.7 23.625 0.00257846
8.7 25.875 0.00178889
8.7 28.125 0.00359986
8.7 30.375 0.00242597
8.7 32.625 0.00196165
8.7 34.875 0.00228336
8.7 37.125 0.00256494
8.7 39.375 0.00288553
8.7 41.625 0.00198276
8.7 43.875 0.00279689
8.9 1.125 0.00223461
8.9 3.375 0.00438588
8.9 5.625 0.00244456
8.9 7.875 0.0112759
8.9 10.125 0.00405509
8.9 12.375 0.00162327
8.9 14.625 0.00200237
8.9 16.875 0.00215254
8.9 19.125 0.00194128
8.9 21.375 0.00269628
8.9 23.625 0.00215742
8.9 25.875 0.0037335
8.9 28.125 0.00202034
8.9 30.375 0.00186956
8.9 32.625 0.00638001
8.9 34.875 0.00231505
8.9 37.125 0.00257111
8.9 39.375 0.00276389
8.9 41.625 0.0022687
8.9 43.875 0.00234253
9.1 1.125 0.00624318
9.1 3.375 0.00194398
9.1 5.625 0.00251532
9.1 7.875 0.00318068
9.1 10.125 0.00242639
9.1 12.375 0.00238671
9.1 14.625 0.00207907
9.1 16.875 0.00267786
9.1 19.125 0.00233434
9.1 21.375 0.00169113
9.1 23.625 0.00145235
9.1 25.875 0.0015518
9.1 28.125 0.00248951
9.1 30.375 0.00233941
9.1 32.625 0.00220667
9.1 34.875 0.00252277
9.1 37.125 0.00196558
9.1 39.375 0.00214681
9.1 41.625 0.00187539
9.1 43.875 0.00264957
9.3 1.125 0.0019243
9.3 3.375 0.00156681
9.3 5.625 0.00278421
9.3 7.875 0.00211264
9.3 10.125 0.00287
9.3 12.375 0.0023553
9.3 14.625 0.00212812
9.3 16.875 0.00297463
9.3 19.125 0.00231696
9.3 21.375 0.00203197
9.3 23.625 0.00380996
9.3 25.875 0.00244917
9.3 28.125 0.00227517
9.3 30.375 0.00222415
9.3 32.625 0.00192273
9.3 34.875 0.00264556
9.3 37.125 0.00172629
9.3 39.375 0.00223997
9.3 41.625 0.00232741
9.3 43.875 0.00283197
9.5 1.125 0.00209573
9.5 3.375 0.00270501
9.5 5.625 0.00262755
9.5 7.875 0.00248405
9.5 10.125 0.00187729
9.5 12.375 0.00231349
9.5 14.625 0.00235986
9.5 16.875 0.00318536
9.5 19.125 0.00232167
9.5 21.375 0.00381985
9.5 23.625 0.00212751
9.5 25.875 0.0026397
9.5 28.125 0.00177874
9.5 30.375 0.00163942
9.5 32.625 0.00250641
9.5 34.875 0.00274457
9.5 37.125 0.00233348
9.5 39.375 0.00294057
9.5 41.625 0.00216679
9.5 43.875 0.00278169
9.7 1.125 0.00230525
9.7 3.375 0.00202238
9.7 5.625 0.00267979
9.7 7.875 0.00259497
9.7 10.125 0.00219565
9.7 12.375 0.00197841
9.7 14.625 0.00305223
9.7 16.875 0.00232785
9.7 19.125 0.00242579
9.7 21.375 0.00328261
9.7 23.625 0.00456418
9.7 25.875 0.0137721
9.7 28.125 0.00258407
9.7 30.375 0.00182714
9.7 32.625 0.00360252
9.7 34.875 0.00196578
9.7 37.125 0.00314604
9.7 39.375 0.00177866
9.7 41.625 0.00202173
9.7 43.875 0.00222374
9.9 1.125 0.00238617
9.9 3.375 0.00217571
9.9 5.625 0.00172066
9.9 7.875 0.00158127
9.9 10.125 0.00304667
9.9 12.375 0.00147903
9.9 14.625 0.00234503
9.9 16.875 0.00373705
9.9 19.125 0.011952
9.9 21.375 0.00182301
9.9 23.625 0.00298039
9.9 25.875 0.00288684
9.9 28.125 0.00222007
9.9 30.375 0.00166343
9.9 32.625 0.00213677
9.9 34.875 0.00268748
9.9 37.125 0.0025489
9.9 39.375 0.00193989
9.9 41.625 0.00262375
9.9 43.875 0.00221137
10.1 1.125 0.00165739
10.1 3.375 0.00136004
10.1 5.625 0.00187301
10.1 7.875 0.00194571
10.1 10.125 0.00192255
10.1 12.375 0.00169055
10.1 14.625 0.00224581
10.1 16.875 0.00139044
10.1 19.125 0.00235085
10.1 21.375 0.00216359
10.1 23.625 0.00277064
10.1 25.875 0.00230379
10.1 28.125 0.00296826
10.1 30.375 0.00267297
10.1 32.625 0.00206741
10.1 34.875 0.00185458
10.1 37.125 0.00180934
10.1 39.375 0.0018137
10.1 41.625 0.00308054
10.1 43.875 0.0028966
10.3 1.125 0.00241481
10.3 3.375 0.0022711
10.3 5.625 0.00152001
10.3 7.875 0.00225509
10.3 10.125 0.00184615
10.3 12.375 0.00279265
10.3 14.625 0.00242944
10.3 16.875 0.00200102
10.3 19.125 0.00223578
10.3 21.375 0.00186442
10.3 23.625 0.00289254
10.3 25.875 0.00254084
10.3 28.125 0.00205081
10.3 30.375 0.00241618
10.3 32.625 0.00249932
10.3 34.875 0.00167693
10.3 37.125 0.00273311
10.3 39.375 0.00169421
10.3 41.625 0.00199341
10.3 43.875 0.00208234
10.5 1.125 0.00206159
10.5 3.375 0.00169218
10.5 5.625 0.00174211
10.5 7.875 0.00203975
10.5 10.125 0.00191944
10.5 12.375 0.00257677
10.5 14.625 0.00246248
10.5 16.875 0.00240932
10.5 19.125 0.00301656
10.5 21.375 0.0121672
10.5 23.625 0.0030427
10.5 25.875 0.00181596
10.5 28.125 0.00289622
10.5 30.375 0.00234326
10.5 32.625 0.00236966
10.5 34.875 0.00292431
10.5 37.125 0.00162805
10.5 39.375 0.00173633
10.5 41.625 0.00242205
10.5 43.875 0.00282859
10.7 1.125 0.00207303
10.7 3.375 0.00475292
10.7 5.625 0.00216877
10.7 7.875 0.00204237
10.7 10.125 0.0114014
10.7 12.375 0.00184814
10.7 14.625 0.00334333
10.7 16.875 0.00285275
10.7 19.125 0.0022062
10.7 21.375 0.00236547
10.7 23.625 0.00186534
10.7 25.875 0.00161267
10.7 28.125 0.00206937
10.7 30.375 0.00385074
10.7 32.625 0.00104567
10.7 34.875 0.00219918
10.7 37.125 0.00188685
10.7 39.375 0.00195304
10.7 41.625 0.00199398
10.7 43.875 0.00212033
10.9 1.125 0.00161472
10.9 3.375 0.0034233
10.9 5.625 0.00233848
10.9 7.875 0.00117366
10.9 10.125 0.00177186
10.9 12.375 0.00318069
10.9 14.625 0.00117522
10.9 16.875 0.0015691
10.9 19.125 0.00248648
10.9 21.375 0.0021778
10.9 23.625 0.00165879
10.9 25.875 0.00211384
10.9 28.125 0.00273201
10.9 30.375 0.0047649
10.9 32.625 0.00237108
10.9 34.875 0.00220244
10.9 37.125 0.00418868
10.9 39.375 0.00319451
10.9 41.625 0.00254145
10.9 43.875 0.00179211
11.1 1.125 0.00164364
11.1 3.375 0.00256971
11.1 5.625 0.00203595
11.1 7.875 0.0020304
11.1 10.125 0.00234442
11.1 12.375 0.00215396
11.1 14.625 0.00204341
11.1 16.875 0.00195919
11.1 19.125 0.00258385
11.1 21.375 0.00219217
11.1 23.625 0.00214361
11.1 25.875 0.00168463
11.1 28.125 0.00271823
11.1 30.375 0.00230558
11.1 32.625 0.00313211
11.1 34.875 0.00210107
11.1 37.125 0.00280344
11.1 39.375 0.00146784
11.1 41.625 0.00249338
11.1 43.875 0.00476414
11.3 1.125 0.00141773
11.3 3.375 0.00336665
11.3 5.625 0.0264404
11.3 7.875 0.00861868
11.3 10.125 0.00204502
11.3 12.375 0.00208846
11.3 14.625 0.00173797
11.3 16.875 0.00367468
11.3 19.125 0.00176265
11.3 21.375 0.00181958
11.3 23.625 0.00235736
11.3 25.875 0.00178183
11.3 28.125 0.00275522
11.3 30.375 0.00162016
11.3 32.625 0.00238422
11.3 34.875 0.00310329
11.3 37.125 0.0026112
11.3 39.375 0.00237725
11.3 41.625 0.00106111
11.3 43.875 0.00224284
11.5 1.125 0.00212779
11.5 3.375 0.00597295
11.5 5.625 0.00112454
11.5 7.875 0.00131729
11.5 10.125 0.00183771
11.5 12.375 0.00182574
11.5 14.625 0.00198159
11.5 16.875 0.00268025
11.5 19.125 0.0015222
11.5 21.375 0.00291459
11.5 23.625 0.00141815
11.5 25.875 0.00135663
11.5 28.125 0.00169894
11.5 30.375 0.00187247
11.5 32.625 0.00658825
11.5 34.875 0.00181594
11.5 37.125 0.00591874
11.5 39.375 0.0017912
11.5 41.625 0.00204804
11.5 43.875 0.00125343
11.7 1.125 0.00274541
11.7 3.375 0.00274016
11.7 5.625 0.00140522
11.7 7.875 0.00266359
11.7 10.125 0.00178528
11.7 12.375 0.00412606
11.7 14.625 0.00466928
11.7 16.875 0.00198735
11.7 19.125 0.001496
11.7 21.375 0.00239906
11.7 23.625 0.00228942
11.7 25.875 0.00183453
11.7 28.125 0.00186213
11.7 30.375 0.00296998
11.7 32.625 0.00156977
11.7 34.875 0.00254051
11.7 37.125 0.00200525
11.7 41.625 0.00220415
11.7 43.875 0.00164472
11.9 1.125 0.0251288
11.9 3.375 0.00213972
11.9 5.625 0.00191078
11.9 7.875 0.00195491
11.9 10.125 0.00264563
11.9 12.375 0.00552092
11.9 14.625 0.00168422
11.9 16.875 0.00161354
11.9 19.125 0.00116219
11.9 21.375 0.0048906
11.9 23.625 0.00187259
11.9 25.875 0.00268633
11.9 28.125 0.00193416
11.9 30.375 0.00488261
11.9 32.625 0.00204651
11.9 34.875 0.00197531
11.9 37.125 0.00240407
11.9 39.375 0.00157107
11.9 41.625 0.00195389
11.9 43.875 0.0010195
12.1 1.125 0.00117534
12.1 3.375 0.0012549
12.1 5.625 0.0013791
12.1 7.875 0.00108963
12.1 10.125 0.00192595
12.1 12.375 0.00227265
12.1 14.625 0.00236387
12.1 16.875 0.00173568
12.1 19.125 0.0088967
12.1 21.375 0.00225146
12.1 23.625 0.00219995
12.1 28.125 0.00259838
12.1 30.375 0.00198339
12.1 32.625 0.00104174
12.1 34.875 0.00155797
12.1 37.125 0.00149907
12.1 39.375 0.00164438
12.1 41.625 0.00232173
12.3 1.125 0.00225515
12.3 3.375 0.00140394
12.3 5.625 0.00142257
12.3 7.875 0.00136134
12.3 10.125 0.00216633
12.3 12.375 0.00184491
12.3 14.625 0.003399
12.3 16.875 0.00497527
12.3 19.125 0.00251527
12.3 21.375 0.0033081
12.3 23.625 0.00251206
12.3 28.125 0.00193209
12.3 30.375 0.00145595
12.3 32.625 0.00247261
12.3 34.875 0.00295402
12.3 37.125 0.00276393
12.3 39.375 0.00272418
12.3 41.625 0.00142908
12.3 43.875 0.00187906
12.5 1.125 0.00139209
12.5 5.625 0.00187062
12.5 7.875 0.001883
12.5 12.375 0.00214556
12.5 14.625 0.00197936
12.5 16.875 0.00168626
12.5 19.125 0.00270711
12.5 21.375 0.00286656
12.5 23.625 0.00146991
12.5 25.875 0.00283402
12.5 28.125 0.00264942
12.5 30.375 0.00157488
12.5 34.875 0.002982
12.5 37.125 0.00189748
12.5 39.375 0.00243091
12.5 41.625 0.00281591
12.7 1.125 0.00236984
12.7 3.375 0.00204738
12.7 7.875 0.00233519
12.7 10.125 0.00278243
12.7 12.375 0.00236714
12.7 14.625 0.00136519
12.7 16.875 0.00203187
12.7 19.125 0.00282153
12.7 21.375 0.00215294
12.7 23.625 0.00197869
12.7 32.625 0.00240242
12.7 34.875 0.010569
12.7 41.625 0.00266865
12.7 43.875 0.00141313
12.9 1.125 0.00432504
12.9 3.375 0.002497
12.9 5.625 0.00265272
12.9 7.875 0.00481618
12.9 10.125 0.00214651
12.9 12.375 0.0140713
12.9 14.625 0.0017704
12.9 16.875 0.00240097
12.9 19.125 0.00213918
12.9 23.625 0.00221756
12.9 25.875 0.00220045
12.9 28.125 0.00643136
12.9 32.625 0.000976762
12.9 34.875 0.00108631
12.9 39.375 0.00276081
12.9 41.625 0.0030339
12.9 43.875 0.00188236
13.1 5.625 0.00199222
13.1 10.125 0.00168568
13.1 12.375 0.00144536
13.1 16.875 0.000965407
13.1 19.125 0.00271512
13.1 21.375 0.00178299
13.1 23.625 0.00148955
13.1 32.625 0.00203671
13.1 34.875 0.00254388
13.1 39.375 0.00188925
13.1 41.625 0.0024873
13.3 1.125 0.00192618
13.3 7.875 0.00162639
13.3 10.125 0.00218709
13.3 16.875 0.00126691
13.3 19.125 0.00150881
13.3 21.375 0.00196813
13.3 23.625 0.00145669
13.3 25.875 0.00141757
13.3 30.375 0.00171246
13.3 39.375 0.00245191
13.3 41.625 0.00214167
13.3 43.875 0.0011602
13.5 1.125 0.00169976
13.5 3.375 0.00340413
13.5 5.625 0.00225538
13.5 7.875 0.000799458
13.5 10.125 0.00252909
13.5 12.375 0.00219637
13.5 19.125 0.00168295
13.5 25.875 0.00164865
13.5 28.125 0.00188867
13.5 32.625 0.00282763
13.5 37.125 0.00198058
13.5 43.875 0.00252188
13.7 1.125 0.00143006
13.7 7.875 0.00257029
13.7 10.125 0.00319862
13.7 19.125 0.00136126
13.7 21.375 0.0342565
13.7 23.625 0.00224126
13.7 28.125 0.00200134
13.7 30.375 0.00299047
13.7 37.125 0.00228334
13.7 39.375 0.000817217
13.7 41.625 0.00338029
13.9 1.125 0.00167559
13.9 7.875 0.00121064
13.9 12.375 0.00393881
13.9 19.125 0.00166165
13.9 25.875 0.00270479
13.9 28.125 0.00171997
13.9 41.625 0.00431516
