0.1 1.125 1.62803
0.1 3.375 1.65208
0.1 5.625 1.09461
0.1 7.875 1.51863
0.1 10.125 1.01855
0.1 12.375 1.35608
0.1 14.625 1.09014
0.1 16.875 1.62606
0.1 19.125 1.61859
0.1 21.375 1.62146
0.1 25.875 1.66575
0.1 28.125 1.63379
0.1 30.375 1.60374
0.1 32.625 1.64511
0.1 34.875 1.63355
0.1 37.125 1.61818
0.1 39.375 1.67157
0.1 41.625 1.59364
0.1 43.875 1.65191
0.3 1.125 1.53711
0.3 3.375 1.56966
0.3 5.625 1.61672
0.3 7.875 1.4155
0.3 10.125 1.63074
0.3 12.375 1.57614
0.3 14.625 1.6279
0.3 16.875 1.57714
0.3 19.125 1.61899
0.3 21.375 1.61686
0.3 23.625 1.58799
0.3 25.875 1.60414
0.3 28.125 1.56828
0.3 30.375 1.57171
0.3 32.625 1.5335
0.3 34.875 1.61408
0.3 37.125 1.57363
0.3 39.375 1.61763
0.3 41.625 1.5723
0.3 43.875 1.57458
0.5 1.125 1.52688
0.5 3.375 1.5702
0.5 5.625 1.54535
0.5 7.875 1.43905
0.5 10.125 1.51022
0.5 12.375 1.55253
0.5 14.625 1.55853
0.5 16.875 1.55994
0.5 19.125 1.58099
0.5 21.375 1.57516
0.5 23.625 1.59067
0.5 25.875 1.55327
0.5 28.125 1.55869
0.5 30.375 1.57602
0.5 32.625 1.55656
0.5 34.875 1.56376
0.5 37.125 1.56678
0.5 39.375 1.56471
0.5 41.625 1.57041
0.5 43.875 1.59563
0.7 1.125 1.49076
0.7 3.375 1.5063
0.7 5.625 1.46986
0.7 7.875 1.47799
0.7 10.125 1.4643
0.7 12.375 1.50119
0.7 14.625 1.48795
0.7 16.875 1.48299
0.7 19.125 1.46859
0.7 21.375 1.50255
0.7 23.625 1.48478
0.7 25.875 1.45779
0.7 28.125 1.48647
0.7 30.375 1.50103
0.7 32.625 1.48431
0.7 34.875 1.50599
0.7 37.125 1.51036
0.7 39.375 1.48812
0.7 41.625 1.49678
0.7 43.875 1.49617
0.9 1.125 1.31593
0.9 3.375 1.30295
0.9 5.625 1.30715
0.9 7.875 1.31347
0.9 10.125 1.29167
0.9 12.375 1.30188
0.9 14.625 1.31897
0.9 16.875 1.29208
0.9 19.125 1.31451
0.9 21.375 1.36024
0.9 23.625 1.37689
0.9 25.875 1.36185
0.9 28.125 1.3637
0.9 30.375 1.3561
0.9 32.625 1.40859
0.9 34.875 1.38621
0.9 37.125 1.3323
0.9 39.375 1.35765
0.9 41.625 1.3677
0.9 43.875 1.44244
1.1 1.125 0.957769
1.1 3.375 0.935065
1.1 5.625 0.924694
1.1 7.875 0.889443
1.1 10.125 0.964993
1.1 12.375 0.925896
1.1 14.625 0.937951
1.1 16.875 1.03092
1.1 19.125 1.01751
1.1 21.375 1.05949
1.1 23.625 1.09273
1.1 25.875 1.10495
1.1 28.125 1.12502
1.1 30.375 1.10643
1.1 32.625 1.18728
1.1 34.875 1.21685
1.1 37.125 1.21382
1.1 39.375 1.2474
1.1 41.625 1.21932
1.1 43.875 1.25258
1.3 1.125 0.488291
1.3 3.375 0.54355
1.3 5.625 0.533342
1.3 7.875 0.547608
1.3 10.125 0.505338
1.3 12.375 0.603222
1.3 14.625 0.590698
1.3 16.875 0.555664
1.3 19.125 0.684489
1.3 21.375 0.638449
1.3 23.625 0.672528
1.3 25.875 0.72674
1.3 28.125 0.789695
1.3 30.375 0.836008
1.3 32.625 0.859003
1.3 34.875 0.858075
1.3 37.125 0.886983
1.3 39.375 0.934153
1.3 41.625 0.972213
1.3 43.875 1.02472
1.5 1.125 0.25568
1.5 3.375 0.26678
1.5 5.625 0.264874
1.5 7.875 0.298246
1.5 10.125 0.283825
1.5 12.375 0.287447
1.5 14.625 0.291214
1.5 16.875 0.310446
1.5 19.125 0.331643
1.5 21.375 0.349111
1.5 23.625 0.375946
1.5 25.875 0.388392
1.5 28.125 0.39294
1.5 30.375 0.47118
1.5 32.625 0.484834
1.5 34.875 0.509806
1.5 37.125 0.542579
1.5 39.375 0.604721
1.5 41.625 0.653984
1.5 43.875 0.681891
1.7 1.125 0.156743
1.7 3.375 0.155205
1.7 5.625 0.159724
1.7 7.875 0.163294
1.7 10.125 0.169177
1.7 12.375 0.179919
1.7 14.625 0.17781
1.7 16.875 0.173677
1.7 19.125 0.177948
1.7 21.375 0.185785
1.7 23.625 0.18981
1.7 25.875 0.195145
1.7 28.125 0.231583
1.7 30.375 0.207707
1.7 32.625 0.226617
1.7 34.875 0.258886
1.7 37.125 0.249267
1.7 39.375 0.280335
1.7 41.625 0.255535
1.7 43.875 0.258305
1.9 1.125 0.0972087
1.9 3.375 0.0965241
1.9 5.625 0.102113
1.9 7.875 0.101586
1.9 10.125 0.102521
1.9 12.375 0.10676
1.9 14.625 0.113527
1.9 16.875 0.116916
1.9 19.125 0.109743
1.9 21.375 0.116801
1.9 23.625 0.115189
1.9 25.875 0.122497
1.9 28.125 0.127062
1.9 30.375 0.126625
1.9 32.625 0.139036
1.9 34.875 0.148456
1.9 37.125 0.149655
1.9 39.375 0.152434
1.9 41.625 0.171946
1.9 43.875 0.162084
2.1 1.125 0.0701092
2.1 3.375 0.0647474
2.1 5.625 0.0665684
2.1 7.875 0.0658907
2.1 10.125 0.0679888
2.1 12.375 0.0713147
2.1 14.625 0.0688544
2.1 16.875 0.0755251
2.1 19.125 0.0753295
2.1 21.375 0.0858059
2.1 23.625 0.0764758
2.1 25.875 0.0780557
2.1 28.125 0.0836272
2.1 30.375 0.0903884
2.1 32.625 0.0883428
2.1 34.875 0.0977838
2.1 37.125 0.0963316
2.1 39.375 0.100592
2.1 41.625 0.0980533
2.1 43.875 0.0991718
2.3 1.125 0.0443598
2.3 3.375 0.0484274
2.3 5.625 0.0469817
2.3 7.875 0.0471398
2.3 10.125 0.0476363
2.3 12.375 0.0489815
2.3 14.625 0.0475327
2.3 16.875 0.0506917
2.3 19.125 0.0496682
2.3 21.375 0.0505774
2.3 23.625 0.059769
2.3 25.875 0.0541467
2.3 28.125 0.0579806
2.3 30.375 0.0582147
2.3 32.625 0.0617872
2.3 34.875 0.0624557
2.3 37.125 0.0681376
2.3 39.375 0.0661311
2.3 41.625 0.0645357
2.3 43.875 0.0663736
2.5 1.125 0.0330831
2.5 3.375 0.034512
2.5 5.625 0.0344218
2.5 7.875 0.0349389
2.5 10.125 0.033653
2.5 12.375 0.0341589
2.5 14.625 0.0351453
2.5 16.875 0.0363952
2.5 19.125 0.0369627
2.5 21.375 0.0373939
2.5 23.625 0.0373208
2.5 25.875 0.0381962
2.5 28.125 0.0437558
2.5 30.375 0.0473013
2.5 32.625 0.0428859
2.5 34.875 0.0408484
2.5 37.125 0.0412839
2.5 39.375 0.0445001
2.5 41.625 0.0490675
2.5 43.875 0.04525
2.7 1.125 0.0269565
2.7 3.375 0.0274977
2.7 5.625 0.0278715
2.7 7.875 0.0271092
2.7 10.125 0.0261707
2.7 12.375 0.027248
2.7 14.625 0.0271906
2.7 16.875 0.028273
2.7 19.125 0.0285814
2.7 21.375 0.0277527
2.7 23.625 0.0298414
2.7 25.875 0.0289538
2.7 28.125 0.0299478
2.7 30.375 0.0323093
2.7 32.625 0.0306786
2.7 34.875 0.0315057
2.7 37.125 0.0298881
2.7 39.375 0.0303253
2.7 41.625 0.0295878
2.7 43.875 0.0295305
2.9 1.125 0.0219919
2.9 3.375 0.0222295
2.9 5.625 0.0222105
2.9 7.875 0.0223756
2.9 10.125 0.0217895
2.9 12.375 0.0228151
2.9 14.625 0.024705
2.9 16.875 0.0230884
2.9 19.125 0.0230811
2.9 21.375 0.0228489
2.9 23.625 0.0238488
2.9 25.875 0.0232355
2.9 28.125 0.0246757
2.9 30.375 0.0247747
2.9 32.625 0.0239797
2.9 34.875 0.0242972
2.9 37.125 0.0251063
2.9 39.375 0.0240292
2.9 41.625 0.023611
2.9 43.875 0.0224405
3.1 1.125 0.0184565
3.1 3.375 0.018277
3.1 5.625 0.0178308
3.1 7.875 0.0175927
3.1 10.125 0.0175663
3.1 12.375 0.0182731
3.1 14.625 0.0183537
3.1 16.875 0.019012
3.1 19.125 0.0198901
3.1 21.375 0.0209557
3.1 23.625 0.0210249
3.1 25.875 0.0185715
3.1 28.125 0.0209666
3.1 30.375 0.0191659
3.1 32.625 0.0206971
3.1 34.875 0.0193097
3.1 37.125 0.0193461
3.1 39.375 0.0191207
3.1 41.625 0.0195197
3.1 43.875 0.0189402
3.3 1.125 0.0135972
3.3 3.375 0.0143523
3.3 5.625 0.0147214
3.3 7.875 0.0144485
3.3 10.125 0.0136816
3.3 12.375 0.0145523
3.3 14.625 0.0150321
3.3 16.875 0.015499
3.3 19.125 0.0159513
3.3 21.375 0.0181179
3.3 23.625 0.0157844
3.3 25.875 0.0181161
3.3 28.125 0.0166304
3.3 30.375 0.0163314
3.3 32.625 0.0160512
3.3 34.875 0.0171167
3.3 37.125 0.0153995
3.3 39.375 0.015418
3.3 41.625 0.0169535
3.3 43.875 0.0153242
3.5 1.125 0.0117506
3.5 3.375 0.0117759
3.5 5.625 0.0118668
3.5 7.875 0.0119025
3.5 10.125 0.0118921
3.5 12.375 0.0125023
3.5 14.625 0.0116638
3.5 16.875 0.013016
3.5 19.125 0.0169685
3.5 21.375 0.0135723
3.5 23.625 0.0139006
3.5 25.875 0.0133677
3.5 28.125 0.0134143
3.5 30.375 0.0137364
3.5 32.625 0.0145162
3.5 34.875 0.0127909
3.5 37.125 0.0133847
3.5 39.375 0.0136238
3.5 41.625 0.0129158
3.5 43.875 0.0126665
3.7 1.125 0.00977604
3.7 3.375 0.0104976
3.7 5.625 0.0100342
3.7 7.875 0.0104503
3.7 10.125 0.00999494
3.7 12.375 0.00978059
3.7 14.625 0.0106145
3.7 16.875 0.00900859
3.7 19.125 0.0109572
3.7 21.375 0.0102917
3.7 23.625 0.0111915
3.7 25.875 0.0109023
3.7 28.125 0.0108921
3.7 30.375 0.011433
3.7 32.625 0.0114625
3.7 34.875 0.0108504
3.7 37.125 0.0116085
3.7 39.375 0.0112777
3.7 41.625 0.0103983
3.7 43.875 0.0110246
3.9 1.125 0.00782627
3.9 3.375 0.00939214
3.9 5.625 0.0091636
3.9 7.875 0.0092266
3.9 10.125 0.00931538
3.9 12.375 0.00869627
3.9 14.625 0.00904719
3.9 16.875 0.00905679
3.9 19.125 0.00909278
3.9 21.375 0.0096803
3.9 23.625 0.00918179
3.9 25.875 0.0106254
3.9 28.125 0.0100913
3.9 30.375 0.00969424
3.9 32.625 0.00987753
3.9 34.875 0.0101451
3.9 37.125 0.010309
3.9 39.375 0.00954122
3.9 41.625 0.00999825
3.9 43.875 0.00988581
4.1 1.125 0.00733983
4.1 3.375 0.008348
4.1 5.625 0.00792656
4.1 7.875 0.00756604
4.1 10.125 0.00767508
4.1 12.375 0.0082651
4.1 14.625 0.00813514
4.1 16.875 0.00770926
4.1 19.125 0.00816625
4.1 21.375 0.00853523
4.1 23.625 0.008445
4.1 25.875 0.00803035
4.1 28.125 0.00807261
4.1 30.375 0.00833552
4.1 32.625 0.00846741
4.1 34.875 0.00830093
4.1 37.125 0.00869163
4.1 39.375 0.00872171
4.1 41.625 0.00906761
4.1 43.875 0.00909906
4.3 1.125 0.00680827
4.3 3.375 0.00643134
4.3 5.625 0.00633902
4.3 7.875 0.00656111
4.3 10.125 0.00657663
4.3 12.375 0.00685403
4.3 14.625 0.00759763
4.3 16.875 0.00688656
4.3 19.125 0.00732338
4.3 21.375 0.00691167
4.3 23.625 0.00673509
4.3 25.875 0.00653923
4.3 28.125 0.00681748
4.3 30.375 0.00756622
4.3 32.625 0.00652463
4.3 34.875 0.00678353
4.3 37.125 0.00744887
4.3 39.375 0.00722854
4.3 41.625 0.00708188
4.3 43.875 0.00755869
4.5 1.125 0.00599407
4.5 3.375 0.00655957
4.5 5.625 0.00614871
4.5 7.875 0.00614819
4.5 10.125 0.00593451
4.5 12.375 0.00585546
4.5 14.625 0.0061072
4.5 16.875 0.0111016
4.5 19.125 0.00644286
4.5 21.375 0.00621406
4.5 23.625 0.00652441
4.5 25.875 0.0061608
4.5 28.125 0.00619639
4.5 30.375 0.00582529
4.5 32.625 0.00663133
4.5 34.875 0.00616959
4.5 37.125 0.00627384
4.5 39.375 0.00634155
4.5 41.625 0.00626468
4.5 43.875 0.00629954
4.7 1.125 0.00829607
4.7 3.375 0.00526399
4.7 5.625 0.00548346
4.7 7.875 0.00530877
4.7 10.125 0.00558093
4.7 12.375 0.00548378
4.7 14.625 0.00630371
4.7 16.875 0.00579903
4.7 19.125 0.00566069
4.7 21.375 0.00544207
4.7 23.625 0.00584414
4.7 25.875 0.00562088
4.7 28.125 0.00607457
4.7 30.375 0.00539529
4.7 32.625 0.00581219
4.7 34.875 0.00561993
4.7 37.125 0.00565617
4.7 39.375 0.00543518
4.7 41.625 0.00573922
4.7 43.875 0.00566234
4.9 1.125 0.00544229
4.9 3.375 0.00535582
4.9 5.625 0.00496431
4.9 7.875 0.00496744
4.9 10.125 0.00520307
4.9 12.375 0.00501872
4.9 14.625 0.00529439
4.9 16.875 0.00507677
4.9 19.125 0.00496013
4.9 21.375 0.00515583
4.9 23.625 0.00506804
4.9 25.875 0.0050695
4.9 28.125 0.00494906
4.9 30.375 0.00505164
4.9 32.625 0.00522323
4.9 34.875 0.00534966
4.9 37.125 0.00524024
4.9 39.375 0.00487613
4.9 41.625 0.0052719
4.9 43.875 0.00500582
5.1 1.125 0.00458083
5.1 3.375 0.00471463
5.1 5.625 0.00436639
5.1 7.875 0.00515588
5.1 10.125 0.00453024
5.1 12.375 0.00438882
5.1 14.625 0.00526532
5.1 16.875 0.00483255
5.1 19.125 0.00512931
5.1 21.375 0.00449856
5.1 23.625 0.00464103
5.1 25.875 0.00479379
5.1 28.125 0.00487073
5.1 30.375 0.00512908
5.1 32.625 0.00468556
5.1 34.875 0.00492939
5.1 37.125 0.0049425
5.1 39.375 0.0047801
5.1 41.625 0.00464672
5.1 43.875 0.00474458
5.3 1.125 0.0040966
5.3 3.375 0.00445996
5.3 5.625 0.0038823
5.3 7.875 0.00402674
5.3 10.125 0.00650576
5.3 12.375 0.00434848
5.3 14.625 0.00418419
5.3 16.875 0.00412129
5.3 19.125 0.00479552
5.3 21.375 0.00394043
5.3 23.625 0.00434162
5.3 25.875 0.00470027
5.3 28.125 0.00404036
5.3 30.375 0.00444005
5.3 32.625 0.00443592
5.3 34.875 0.00419499
5.3 37.125 0.00447694
5.3 39.375 0.00431836
5.3 41.625 0.00407697
5.3 43.875 0.00430135
5.5 1.125 0.00398416
5.5 3.375 0.00394898
5.5 5.625 0.00368686
5.5 7.875 0.00377463
5.5 10.125 0.00422634
5.5 12.375 0.00456292
5.5 14.625 0.00469343
5.5 16.875 0.00370842
5.5 19.125 0.00400406
5.5 21.375 0.00438577
5.5 23.625 0.00414257
5.5 25.875 0.00353499
5.5 28.125 0.00421671
5.5 30.375 0.00418116
5.5 32.625 0.00434978
5.5 34.875 0.00413868
5.5 37.125 0.0041287
5.5 39.375 0.00397167
5.5 41.625 0.00410968
5.5 43.875 0.00444629
5.7 1.125 0.00355132
5.7 3.375 0.00383898
5.7 5.625 0.00366042
5.7 7.875 0.00399093
5.7 10.125 0.00401347
5.7 12.375 0.00387625
5.7 14.625 0.00367042
5.7 16.875 0.00393416
5.7 19.125 0.00396059
5.7 21.375 0.00356804
5.7 23.625 0.00369424
5.7 25.875 0.00333157
5.7 28.125 0.0038702
5.7 30.375 0.003826
5.7 32.625 0.0038041
5.7 34.875 0.00376452
5.7 37.125 0.00412541
5.7 39.375 0.00367587
5.7 41.625 0.00394217
5.7 43.875 0.00371436
5.9 1.125 0.00341072
5.9 3.375 0.0036755
5.9 5.625 0.00330714
5.9 7.875 0.00325522
5.9 10.125 0.0038669
5.9 12.375 0.00335995
5.9 14.625 0.00367189
5.9 16.875 0.00382808
5.9 19.125 0.00351381
5.9 21.375 0.00344849
5.9 23.625 0.00371824
5.9 25.875 0.00342936
5.9 28.125 0.00356456
5.9 30.375 0.00425081
5.9 32.625 0.00390944
5.9 34.875 0.00369805
5.9 37.125 0.00390053
5.9 39.375 0.00388989
5.9 41.625 0.0035108
5.9 43.875 0.00320564
6.1 1.125 0.00344578
6.1 3.375 0.00310854
6.1 5.625 0.00340342
6.1 7.875 0.00358166
6.1 10.125 0.00323128
6.1 12.375 0.00352518
6.1 14.625 0.00329348
6.1 16.875 0.00372255
6.1 19.125 0.00331148
6.1 21.375 0.00314348
6.1 23.625 0.00358661
6.1 25.875 0.00347881
6.1 28.125 0.00340499
6.1 30.375 0.00350668
6.1 32.625 0.00362257
6.1 34.875 0.00360727
6.1 37.125 0.00349549
6.1 39.375 0.00370055
6.1 41.625 0.00340551
6.1 43.875 0.00328147
6.3 1.125 0.00333103
6.3 3.375 0.00325994
6.3 5.625 0.00351705
6.3 7.875 0.00309586
6.3 10.125 0.00335821
6.3 12.375 0.00322958
6.3 14.625 0.00318753
6.3 16.875 0.00340358
6.3 19.125 0.00316143
6.3 21.375 0.00302682
6.3 23.625 0.00300765
6.3 25.875 0.00327832
6.3 28.125 0.00338579
6.3 30.375 0.00322236
6.3 32.625 0.00306276
6.3 34.875 0.00310105
6.3 37.125 0.00323663
6.3 39.375 0.00332555
6.3 41.625 0.00303734
6.3 43.875 0.00309851
6.5 1.125 0.0030237
6.5 3.375 0.00310806
6.5 5.625 0.00311924
6.5 7.875 0.00283177
6.5 10.125 0.00388783
6.5 12.375 0.00301918
6.5 14.625 0.00985291
6.5 16.875 0.00276054
6.5 19.125 0.00307162
6.5 21.375 0.00318636
6.5 23.625 0.00273093
6.5 25.875 0.0029417
6.5 28.125 0.00315593
6.5 30.375 0.0031232
6.5 32.625 0.00323039
6.5 34.875 0.00294025
6.5 37.125 0.00303982
6.5 39.375 0.0030734
6.5 41.625 0.00298718
6.5 43.875 0.00298431
6.7 1.125 0.00308363
6.7 3.375 0.00318843
6.7 5.625 0.00288298
6.7 7.875 0.00277043
6.7 10.125 0.00303066
6.7 12.375 0.00338563
6.7 14.625 0.00301684
6.7 16.875 0.00315176
6.7 19.125 0.00290805
6.7 21.375 0.00306313
6.7 23.625 0.00286832
6.7 25.875 0.00294484
6.7 28.125 0.00266637
6.7 30.375 0.00308555
6.7 32.625 0.00317616
6.7 34.875 0.00298697
6.7 37.125 0.00336107
6.7 39.375 0.00284379
6.7 41.625 0.00303392
6.7 43.875 0.00304199
6.9 1.125 0.00271577
6.9 3.375 0.00293755
6.9 5.625 0.0030782
6.9 7.875 0.00295413
6.9 10.125 0.00289447
6.9 12.375 0.00293076
6.9 14.625 0.00300882
6.9 16.875 0.00294749
6.9 19.125 0.00297322
6.9 21.375 0.00310465
6.9 23.625 0.0030946
6.9 25.875 0.0029385
6.9 28.125 0.00294758
6.9 30.375 0.00266337
6.9 32.625 0.0030146
6.9 34.875 0.00294202
6.9 37.125 0.00282352
6.9 39.375 0.00298607
6.9 41.625 0.00324159
6.9 43.875 0.00281674
7.1 1.125 0.0108841
7.1 3.375 0.00449406
7.1 5.625 0.0026424
7.1 7.875 0.00272741
7.1 10.125 0.00306414
7.1 12.375 0.00310891
7.1 14.625 0.00337144
7.1 16.875 0.00281027
7.1 19.125 0.010809
7.1 21.375 0.00296775
7.1 23.625 0.00284242
7.1 25.875 0.00245051
7.1 28.125 0.0028955
7.1 30.375 0.00285649
7.1 32.625 0.0026753
7.1 34.875 0.00280624
7.1 37.125 0.00294402
7.1 39.375 0.00275303
7.1 41.625 0.00316664
7.1 43.875 0.00278661
7.3 1.125 0.00278861
7.3 3.375 0.00435506
7.3 5.625 0.00271231
7.3 7.875 0.0026731
7.3 10.125 0.00256487
7.3 12.375 0.00260973
7.3 14.625 0.00297292
7.3 16.875 0.00273736
7.3 19.125 0.00297081
7.3 21.375 0.00317704
7.3 23.625 0.00266184
7.3 25.875 0.00290167
7.3 28.125 0.00272851
7.3 30.375 0.00286738
7.3 32.625 0.00259969
7.3 34.875 0.00276332
7.3 37.125 0.00290399
7.3 39.375 0.00273762
7.3 41.625 0.00274844
7.3 43.875 0.00329233
7.5 1.125 0.00243063
7.5 3.375 0.00297341
7.5 5.625 0.00268301
7.5 7.875 0.00244027
7.5 10.125 0.0028821
7.5 12.375 0.00282384
7.5 14.625 0.00265822
7.5 16.875 0.00316812
7.5 19.125 0.0033747
7.5 21.375 0.00297053
7.5 23.625 0.00255239
7.5 25.875 0.00289004
7.5 28.125 0.00276396
7.5 30.375 0.00269005
7.5 32.625 0.00298578
7.5 34.875 0.00298241
7.5 37.125 0.00272029
7.5 39.375 0.00294718
7.5 41.625 0.00253601
7.5 43.875 0.00254337
7.7 1.125 0.00286459
7.7 3.375 0.00288927
7.7 5.625 0.00292337
7.7 7.875 0.00276896
7.7 10.125 0.00948143
7.7 12.375 0.00240791
7.7 14.625 0.00255972
7.7 16.875 0.0031331
7.7 19.125 0.00290786
7.7 21.375 0.00285303
7.7 23.625 0.00252873
7.7 25.875 0.00291579
7.7 28.125 0.00290054
7.7 30.375 0.00277213
7.7 32.625 0.00282093
7.7 34.875 0.00280862
7.7 37.125 0.00269578
7.7 39.375 0.00255726
7.7 41.625 0.00265228
7.7 43.875 0.00268288
7.9 1.125 0.00270889
7.9 3.375 0.00220236
7.9 5.625 0.00250726
7.9 7.875 0.00220519
7.9 10.125 0.00264004
7.9 12.375 0.00251825
7.9 14.625 0.0026635
7.9 16.875 0.00293551
7.9 19.125 0.00332946
7.9 21.375 0.00311057
7.9 23.625 0.00282105
7.9 25.875 0.0029261
7.9 28.125 0.00294695
7.9 30.375 0.00292216
7.9 32.625 0.00319302
7.9 34.875 0.00266412
7.9 37.125 0.00262226
7.9 39.375 0.0024008
7.9 41.625 0.00278171
7.9 43.875 0.00240958
8.1 1.125 0.00267915
8.1 3.375 0.00269081
8.1 5.625 0.00244742
8.1 7.875 0.00259164
8.1 10.125 0.00240105
8.1 12.375 0.00253699
8.1 14.625 0.00251169
8.1 16.875 0.00240014
8.1 19.125 0.00245268
8.1 21.375 0.0026836
8.1 23.625 0.00373686
8.1 25.875 0.00284159
8.1 28.125 0.00259109
8.1 30.375 0.00221618
8.1 32.625 0.00253259
8.1 34.875 0.00300719
8.1 37.125 0.00264307
8.1 39.375 0.00249815
8.1 41.625 0.00292186
8.1 43.875 0.00276144
8.3 1.125 0.00284498
8.3 3.375 0.00230589
8.3 5.625 0.00320833
8.3 7.875 0.0024071
8.3 10.125 0.00277685
8.3 12.375 0.00261669
8.3 14.625 0.00297279
8.3 16.875 0.00315625
8.3 19.125 0.00302706
8.3 21.375 0.00247632
8.3 23.625 0.00303003
8.3 25.875 0.00267988
8.3 28.125 0.00283814
8.3 30.375 0.00295175
8.3 32.625 0.0169682
8.3 34.875 0.00259281
8.3 37.125 0.00242939
8.3 39.375 0.00260952
8.3 41.625 0.0024293
8.3 43.875 0.00242385
8.5 1.125 0.00241343
8.5 3.375 0.00258851
8.5 5.625 0.00262181
8.5 7.875 0.00447326
8.5 10.125 0.00704098
8.5 12.375 0.00912849
8.5 14.625 0.00274386
8.5 16.875 0.00234838
8.5 19.125 0.00242271
8.5 21.375 0.00376565
8.5 23.625 0.00297028
8.5 25.875 0.00228844
8.5 28.125 0.00247373
8.5 30.375 0.00285709
8.5 32.625 0.0172121
8.5 34.875 0.0033498
8.5 37.125 0.00282854
8.5 39.375 0.00312932
8.5 41.625 0.00248747
8.5 43.875 0.00226951
8.7 1.125 0.00268786
8.7 3.375 0.00231705
8.7 5.625 0.00279968
8.7 7.875 0.00227523
8.7 10.125 0.00253872
8.7 12.375 0.00262989
8.7 14.625 0.00266634
8.7 16.875 0.00280387
8.7 19.125 0.00226354
8.7 21.375 0.00245956
8.7 23.625 0.00237544
8.7 25.875 0.00281617
8.7 28.125 0.00245198
8.7 30.375 0.00723352
8.7 32.625 0.0025945
8.7 34.875 0.00217919
8.7 37.125 0.0025738
8.7 39.375 0.00261376
8.7 41.625 0.00258079
8.7 43.875 0.00272985
8.9 1.125 0.00258464
8.9 3.375 0.00216208
8.9 5.625 0.00315648
8.9 7.875 0.00294103
8.9 10.125 0.00239247
8.9 12.375 0.00273778
8.9 14.625 0.00267696
8.9 16.875 0.00231858
8.9 19.125 0.00265259
8.9 21.375 0.00243026
8.9 23.625 0.00235554
8.9 25.875 0.00236612
8.9 28.125 0.00241984
8.9 30.375 0.00256569
8.9 32.625 0.00240923
8.9 34.875 0.00270838
8.9 37.125 0.00251048
8.9 39.375 0.00265897
8.9 41.625 0.00300069
8.9 43.875 0.00227167
9.1 1.125 0.00454995
9.1 3.375 0.00247185
9.1 5.625 0.0024544
9.1 7.875 0.00222442
9.1 10.125 0.00259002
9.1 12.375 0.00220521
9.1 14.625 0.00258774
9.1 16.875 0.00243243
9.1 19.125 0.00230904
9.1 21.375 0.00241124
9.1 23.625 0.0027536
9.1 25.875 0.00260923
9.1 28.125 0.00236948
9.1 30.375 0.00235269
9.1 32.625 0.00254959
9.1 34.875 0.00291244
9.1 37.125 0.0181159
9.1 39.375 0.00222415
9.1 41.625 0.0036014
9.1 43.875 0.00265099
9.3 1.125 0.0151133
9.3 3.375 0.00243772
9.3 5.625 0.00496342
9.3 7.875 0.00233141
9.3 10.125 0.00226335
9.3 12.375 0.00241809
9.3 14.625 0.00338683
9.3 16.875 0.00238347
9.3 19.125 0.00230753
9.3 21.375 0.00329983
9.3 23.625 0.00227953
9.3 25.875 0.00256606
9.3 28.125 0.00286567
9.3 30.375 0.00237419
9.3 32.625 0.00321447
9.3 34.875 0.00214077
9.3 37.125 0.00263128
9.3 39.375 0.00222258
9.3 41.625 0.00243561
9.3 43.875 0.00231515
9.5 1.125 0.00311195
9.5 3.375 0.00358266
9.5 5.625 0.00203309
9.5 7.875 0.0026244
9.5 10.125 0.00307217
9.5 12.375 0.00236083
9.5 14.625 0.00309321
9.5 16.875 0.00228913
9.5 19.125 0.00258986
9.5 21.375 0.00249577
9.5 23.625 0.00220298
9.5 25.875 0.00273355
9.5 28.125 0.00232147
9.5 30.375 0.00201822
9.5 32.625 0.00239254
9.5 34.875 0.00228191
9.5 37.125 0.0023234
9.5 39.375 0.00243828
9.5 41.625 0.00220778
9.5 43.875 0.00345709
9.7 1.125 0.00240549
9.7 3.375 0.00755046
9.7 5.625 0.00832102
9.7 7.875 0.00259863
9.7 10.125 0.00244535
9.7 12.375 0.00284046
9.7 14.625 0.00688876
9.7 16.875 0.00305926
9.7 19.125 0.00335561
9.7 21.375 0.00278607
9.7 23.625 0.00272046
9.7 25.875 0.00266387
9.7 28.125 0.0027764
9.7 30.375 0.00255988
9.7 32.625 0.00247949
9.7 34.875 0.00212741
9.7 37.125 0.0028754
9.7 39.375 0.00227268
9.7 41.625 0.00234468
9.7 43.875 0.00285966
9.9 1.125 0.00255633
9.9 3.375 0.00328778
9.9 5.625 0.00224608
9.9 7.875 0.00216047
9.9 10.125 0.00237388
9.9 12.375 0.0023194
9.9 14.625 0.00246744
9.9 16.875 0.00217679
9.9 19.125 0.00258587
9.9 21.375 0.00258052
9.9 23.625 0.00224992
9.9 25.875 0.00275455
9.9 28.125 0.00209587
9.9 30.375 0.00238924
9.9 32.625 0.00232555
9.9 34.875 0.00227738
9.9 37.125 0.00256214
9.9 39.375 0.00233322
9.9 41.625 0.00330727
9.9 43.875 0.00213889
10.1 1.125 0.00206217
10.1 3.375 0.0020404
10.1 5.625 0.00230978
10.1 7.875 0.00313512
10.1 10.125 0.00221444
10.1 12.375 0.0178555
10.1 14.625 0.00256157
10.1 16.875 0.0151349
10.1 19.125 0.00339495
10.1 21.375 0.00225031
10.1 23.625 0.00274822
10.1 25.875 0.00454562
10.1 28.125 0.00248585
10.1 30.375 0.00205199
10.1 32.625 0.00425493
10.1 34.875 0.00327733
10.1 37.125 0.00301573
10.1 39.375 0.00302312
10.1 41.625 0.00195673
10.1 43.875 0.00803587
10.3 1.125 0.00224105
10.3 3.375 0.00262476
10.3 5.625 0.00239653
10.3 7.875 0.0017867
10.3 10.125 0.00203128
10.3 12.375 0.00244252
10.3 14.625 0.0020023
10.3 16.875 0.00245341
10.3 19.125 0.00302328
10.3 21.375 0.00243804
10.3 23.625 0.00209901
10.3 25.875 0.0027645
10.3 28.125 0.0025939
10.3 30.375 0.00276815
10.3 32.625 0.00203858
10.3 34.875 0.00558604
10.3 37.125 0.0022356
10.3 39.375 0.00240482
10.3 41.625 0.00237661
10.3 43.875 0.00270493
10.5 1.125 0.00866867
10.5 3.375 0.00196053
10.5 5.625 0.00283382
10.5 7.875 0.00219533
10.5 10.125 0.00235796
10.5 12.375 0.00267707
10.5 14.625 0.00223236
10.5 16.875 0.00279701
10.5 19.125 0.00219322
10.5 21.375 0.00269926
10.5 23.625 0.00285977
10.5 25.875 0.00347616
10.5 28.125 0.0296708
10.5 30.375 0.00232692
10.5 32.625 0.00198672
10.5 34.875 0.00202923
10.5 37.125 0.00211833
10.5 39.375 0.00279441
10.5 41.625 0.00232548
10.5 43.875 0.0144591
10.7 1.125 0.00215714
10.7 3.375 0.00220982
10.7 5.625 0.00222251
10.7 7.875 0.00270208
10.7 10.125 0.00192536
10.7 12.375 0.00262091
10.7 14.625 0.0028169
10.7 16.875 0.00305645
10.7 19.125 0.00202709
10.7 21.375 0.00198278
10.7 23.625 0.00215284
10.7 25.875 0.00300844
10.7 28.125 0.00255816
10.7 30.375 0.0021889
10.7 32.625 0.00254769
10.7 34.875 0.00205554
10.7 37.125 0.00194042
10.7 39.375 0.00225654
10.7 41.625 0.00247535
10.7 43.875 0.00224519
10.9 1.125 0.00188469
10.9 3.375 0.0027944
10.9 5.625 0.00280193
10.9 7.875 0.00243132
10.9 10.125 0.00269451
10.9 12.375 0.00269107
10.9 14.625 0.00250411
10.9 16.875 0.00229987
10.9 19.125 0.00211243
10.9 21.375 0.0347559
10.9 23.625 0.00194417
10.9 25.875 0.00257005
10.9 28.125 0.00259511
10.9 30.375 0.00221329
10.9 32.625 0.00214901
10.9 34.875 0.0025041
10.9 37.125 0.00432829
10.9 39.375 0.0308904
10.9 41.625 0.00244358
10.9 43.875 0.00208056
11.1 1.125 0.00236906
11.1 3.375 0.00225412
11.1 5.625 0.00324376
11.1 7.875 0.00447644
11.1 10.125 0.00200517
11.1 12.375 0.0346825
11.1 14.625 0.00213741
11.1 16.875 0.00158673
11.1 19.125 0.00189943
11.1 21.375 0.019337
11.1 23.625 0.00370461
11.1 25.875 0.00324417
11.1 28.125 0.00217436
11.1 30.375 0.00423787
11.1 32.625 0.00230161
11.1 34.875 0.00366435
11.1 37.125 0.00184705
11.1 39.375 0.00212435
11.1 41.625 0.00368582
11.1 43.875 0.00265636
11.3 1.125 0.00388733
11.3 3.375 0.0018457
11.3 5.625 0.00462303
11.3 7.875 0.00281672
11.3 10.125 0.00237394
11.3 12.375 0.00186223
11.3 14.625 0.00322969
11.3 16.875 0.00243013
11.3 19.125 0.00211799
11.3 21.375 0.00201589
11.3 23.625 0.00257242
11.3 25.875 0.00215498
11.3 28.125 0.00236105
11.3 30.375 0.00220215
11.3 32.625 0.00422466
11.3 34.875 0.00210362
11.3 37.125 0.042122
11.3 39.375 0.00244652
11.3 41.625 0.0021158
11.3 43.875 0.00263738
11.5 1.125 0.0296712
11.5 3.375 0.00690458
11.5 5.625 0.00285412
11.5 7.875 0.00207552
11.5 10.125 0.00216241
11.5 12.375 0.00210849
11.5 14.625 0.00414067
11.5 16.875 0.00256314
11.5 19.125 0.00202928
11.5 21.375 0.00228915
11.5 23.625 0.00256945
11.5 25.875 0.00246197
11.5 28.125 0.00230492
11.5 30.375 0.00185486
11.5 32.625 0.00229629
11.5 34.875 0.00214129
11.5 37.125 0.00164063
11.5 39.375 0.00167024
11.5 41.625 0.00362533
11.5 43.875 0.00266131
11.7 1.125 0.00942354
11.7 3.375 0.00348771
11.7 5.625 0.00461176
11.7 7.875 0.0252424
11.7 10.125 0.003817
11.7 12.375 0.00350149
11.7 14.625 0.00195634
11.7 16.875 0.0274907
11.7 19.125 0.00277548
11.7 21.375 0.00179898
11.7 23.625 0.00162411
11.7 25.875 0.00269166
11.7 28.125 0.00220114
11.7 30.375 0.00258066
11.7 32.625 0.00303435
11.7 34.875 0.00344676
11.7 37.125 0.00234351
11.7 39.375 0.00198057
11.7 41.625 0.00197694
11.7 43.875 0.00249586
11.9 1.125 0.00184987
11.9 3.375 0.0243149
11.9 5.625 0.00321068
11.9 7.875 0.00811554
11.9 10.125 0.00542062
11.9 12.375 0.00538107
11.9 14.625 0.00431614
11.9 16.875 0.00227303
11.9 19.125 0.0139477
11.9 21.375 0.00254968
11.9 23.625 0.00194097
11.9 25.875 0.00250172
11.9 28.125 0.00809036
11.9 30.375 0.00174157
11.9 32.625 0.00270887
11.9 34.875 0.00687549
11.9 37.125 0.00463949
11.9 39.375 0.00220037
11.9 41.625 0.00244278
11.9 43.875 0.00267522
12.1 1.125 0.00234591
12.1 3.375 0.00221533
12.1 5.625 0.00269883
12.1 7.875 0.0068393
12.1 10.125 0.00277721
12.1 12.375 0.0188518
12.1 14.625 0.00349952
12.1 16.875 0.00221652
12.1 19.125 0.00238159
12.1 21.375 0.0307397
12.1 23.625 0.00205023
12.1 25.875 0.00224367
12.1 28.125 0.00378412
12.1 30.375 0.00220315
12.1 32.625 0.00191224
12.1 34.875 0.00214292
12.1 37.125 0.00174732
12.1 39.375 0.00720557
12.1 41.625 0.00216628
12.1 43.875 0.00181349
12.3 1.125 0.00240138
12.3 3.375 0.00207234
12.3 5.625 0.00232562
12.3 7.875 0.00230783
12.3 10.125 0.00238814
12.3 12.375 0.00250817
12.3 14.625 0.00290855
12.3 16.875 0.0026342
12.3 19.125 0.0021689
12.3 21.375 0.00635663
12.3 23.625 0.0027474
12.3 25.875 0.00275859
12.3 28.125 0.00220191
12.3 30.375 0.00254181
12.3 32.625 0.0019434
12.3 34.875 0.00356943
12.3 37.125 0.00250762
12.3 39.375 0.00225722
12.3 41.625 0.0138386
12.3 43.875 0.00269093
12.5 1.125 0.0468338
12.5 3.375 0.00310063
12.5 5.625 0.00399826
12.5 7.875 0.00214933
12.5 10.125 0.00233398
12.5 12.375 0.00222687
12.5 14.625 0.00324114
12.5 16.875 0.00348776
12.5 19.125 0.00296775
12.5 21.375 0.012624
12.5 23.625 0.00201677
12.5 25.875 0.00199089
12.5 28.125 0.0531572
12.5 30.375 0.0021205
12.5 32.625 0.00278575
12.5 34.875 0.00245278
12.5 37.125 0.00392884
12.5 39.375 0.0284312
12.5 41.625 0.00294136
12.5 43.875 0.00213295
12.7 1.125 0.0324413
12.7 3.375 0.00199681
12.7 5.625 0.00626654
12.7 7.875 0.00232452
12.7 10.125 0.00267458
12.7 12.375 0.00500104
12.7 14.625 0.00265598
12.7 16.875 0.00416804
12.7 19.125 0.00310452
12.7 21.375 0.00319855
12.7 23.625 0.00890166
12.7 25.875 0.00487554
12.7 28.125 0.00173057
12.7 30.375 0.00280718
12.7 32.625 0.00192534
12.7 34.875 0.00429813
12.7 37.125 0.00285861
12.7 39.375 0.0018385
12.7 41.625 0.0336783
12.7 43.875 0.00364033
12.9 1.125 0.00213894
12.9 3.375 0.0301901
12.9 5.625 0.00300424
12.9 7.875 0.00434419
12.9 10.125 0.00288631
12.9 12.375 0.00410796
12.9 14.625 0.00556545
12.9 16.875 0.0024816
12.9 19.125 0.00279227
12.9 21.375 0.00835274
12.9 23.625 0.00438725
12.9 25.875 0.005975
12.9 28.125 0.00398259
12.9 30.375 0.0378034
12.9 32.625 0.00356966
12.9 34.875 0.00241572
12.9 37.125 0.00166602
12.9 39.375 0.00217838
12.9 41.625 0.00320096
12.9 43.875 0.0033723
13.1 1.125 0.00253651
13.1 3.375 0.00230003
13.1 5.625 0.00788332
13.1 7.875 0.00206438
13.1 10.125 0.0221255
13.1 12.375 0.00289935
13.1 14.625 0.00180149
13.1 16.875 0.00564089
13.1 19.125 0.00216306
13.1 21.375 0.00518664
13.1 23.625 0.00212089
13.1 25.875 0.00519748
13.1 28.125 0.00201867
13.1 30.375 0.00205615
13.1 32.625 0.00372094
13.1 34.875 0.0439343
13.1 37.125 0.00337673
13.1 39.375 0.00277564
13.1 41.625 0.0769106
13.1 43.875 0.00529214
13.3 1.125 0.00284662
13.3 3.375 0.00240754
13.3 5.625 0.00173
13.3 7.875 0.00274834
13.3 10.125 0.0016802
13.3 12.375 0.00145396
13.3 14.625 0.107581
13.3 16.875 0.0116687
13.3 19.125 0.00251156
13.3 21.375 0.00402094
13.3 23.625 0.00516746
13.3 25.875 0.00391923
13.3 28.125 0.0566554
13.3 30.375 0.00219737
13.3 32.625 0.00356188
13.3 34.875 0.00190204
13.3 37.125 0.00210675
13.3 39.375 0.00215077
13.3 41.625 0.00165401
13.3 43.875 0.00198178
13.5 1.125 0.0038806
13.5 3.375 0.00307995
13.5 5.625 0.00278478
13.5 7.875 0.00233737
13.5 10.125 0.00338787
13.5 12.375 0.00191612
13.5 14.625 0.00243123
13.5 16.875 0.00441253
13.5 19.125 0.0640585
13.5 21.375 0.00222749
13.5 23.625 0.00267231
13.5 25.875 0.00173258
13.5 28.125 0.00119674
13.5 30.375 0.00291963
13.5 32.625 0.00238124
13.5 34.875 0.00240055
13.5 37.125 0.00201351
13.5 39.375 0.00360679
13.5 41.625 0.00270126
13.5 43.875 0.00200814
13.7 1.125 0.0070608
13.7 3.375 0.00303425
13.7 5.625 0.046106
13.7 7.875 0.00284149
13.7 10.125 0.00213861
13.7 12.375 0.00341528
13.7 14.625 0.00330344
13.7 16.875 0.00205796
13.7 19.125 0.0109112
13.7 21.375 0.00723335
13.7 23.625 0.00313988
13.7 25.875 0.00210932
13.7 28.125 0.00382353
13.7 30.375 0.00302756
13.7 32.625 0.0269967
13.7 34.875 0.00249984
13.7 37.125 0.00279808
13.7 39.375 0.00328509
13.7 41.625 0.00185434
13.7 43.875 0.00283603
13.9 1.125 0.00506449
13.9 3.375 0.00147929
13.9 5.625 0.00205552
13.9 7.875 0.00409377
13.9 10.125 0.00388924
13.9 12.375 0.0029309
13.9 14.625 0.0035717
13.9 16.875 0.00331454
13.9 19.125 0.00199259
13.9 21.375 0.002455
13.9 23.625 0.00237532
13.9 25.875 0.00359032
13.9 28.125 0.0683235
13.9 30.375 0.00620234
13.9 32.625 0.00303916
13.9 34.875 0.00244104
13.9 37.125 0.00145142
13.9 39.375 0.00417014
13.9 41.625 0.0112226
13.9 43.875 0.00265124
