0.1 12.375 2.38622
0.1 16.875 2.44695
0.1 28.125 1.98516
0.1 41.625 2.40244
0.3 1.125 2.41298
0.3 3.375 2.44863
0.3 5.625 2.50004
0.3 7.875 2.45443
0.3 10.125 2.45378
0.3 12.375 2.47327
0.3 14.625 2.46911
0.3 16.875 2.50008
0.3 19.125 2.43844
0.3 21.375 2.45629
0.3 23.625 2.45767
0.3 25.875 2.44062
0.3 28.125 2.46008
0.3 30.375 2.47156
0.3 32.625 2.50174
0.3 34.875 2.29575
0.3 37.125 2.39444
0.3 39.375 2.46544
0.3 41.625 2.44972
0.3 43.875 2.48622
0.5 1.125 2.39355
0.5 3.375 2.4279
0.5 5.625 2.40468
0.5 7.875 2.39816
0.5 10.125 2.39974
0.5 12.375 2.43699
0.5 14.625 2.43405
0.5 16.875 2.41516
0.5 19.125 2.39972
0.5 21.375 2.40868
0.5 23.625 2.39241
0.5 25.875 2.41554
0.5 28.125 2.4155
0.5 30.375 2.43149
0.5 32.625 2.42164
0.5 34.875 2.39642
0.5 37.125 2.42739
0.5 39.375 2.41072
0.5 41.625 2.41961
0.5 43.875 2.3964
0.7 1.125 2.22924
0.7 3.375 2.31559
0.7 5.625 2.32923
0.7 7.875 2.28321
0.7 10.125 2.29582
0.7 12.375 2.29247
0.7 14.625 2.28253
0.7 16.875 2.3076
0.7 19.125 2.31027
0.7 21.375 2.28211
0.7 23.625 2.32626
0.7 25.875 2.31431
0.7 28.125 2.29438
0.7 30.375 2.30698
0.7 32.625 2.29574
0.7 34.875 2.31741
0.7 37.125 2.33213
0.7 39.375 2.33205
0.7 41.625 2.30772
0.7 43.875 2.30526
0.9 1.125 2.06276
0.9 3.375 2.08583
0.9 5.625 2.10016
0.9 7.875 2.08779
0.9 10.125 2.05002
0.9 12.375 1.98842
0.9 14.625 2.05015
0.9 16.875 2.04749
0.9 19.125 2.09714
0.9 21.375 2.11401
0.9 23.625 2.04804
0.9 25.875 2.0874
0.9 28.125 2.17995
0.9 30.375 2.18439
0.9 32.625 2.20585
0.9 34.875 2.13541
0.9 37.125 2.20491
0.9 39.375 2.14205
0.9 41.625 2.16533
0.9 43.875 2.11008
1.1 1.125 1.5334
1.1 3.375 1.60793
1.1 5.625 1.63947
1.1 7.875 1.63657
1.1 10.125 1.6296
1.1 12.375 1.71564
1.1 14.625 1.65958
1.1 16.875 1.61663
1.1 19.125 1.61712
1.1 21.375 1.75612
1.1 23.625 1.86789
1.1 25.875 1.86078
1.1 28.125 1.85609
1.1 30.375 1.97117
1.1 32.625 1.97973
1.1 34.875 1.9694
1.1 37.125 1.97459
1.1 39.375 1.99163
1.1 41.625 2.00398
1.1 43.875 2.01984
1.3 1.125 0.949511
1.3 3.375 0.905158
1.3 5.625 0.903869
1.3 7.875 0.954912
1.3 10.125 1.07699
1.3 12.375 1.11013
1.3 14.625 1.03451
1.3 16.875 1.07243
1.3 19.125 1.13881
1.3 21.375 1.21071
1.3 23.625 1.25413
1.3 25.875 1.26063
1.3 28.125 1.44901
1.3 30.375 1.30769
1.3 32.625 1.50804
1.3 34.875 1.52495
1.3 37.125 1.61009
1.3 39.375 1.59616
1.3 41.625 1.72646
1.3 43.875 1.71558
1.5 1.125 0.485075
1.5 3.375 0.510483
1.5 5.625 0.521197
1.5 7.875 0.550738
1.5 10.125 0.611978
1.5 12.375 0.513775
1.5 14.625 0.616057
1.5 16.875 0.573447
1.5 19.125 0.617825
1.5 21.375 0.649581
1.5 23.625 0.61199
1.5 25.875 0.810787
1.5 28.125 0.722854
1.5 30.375 0.821238
1.5 32.625 0.865304
1.5 34.875 0.930336
1.5 37.125 1.089
1.5 39.375 1.04762
1.5 41.625 1.17448
1.5 43.875 1.20551
1.7 1.125 0.262475
1.7 3.375 0.279334
1.7 5.625 0.287373
1.7 7.875 0.294284
1.7 10.125 0.315614
1.7 12.375 0.311089
1.7 14.625 0.320548
1.7 16.875 0.328444
1.7 19.125 0.332866
1.7 21.375 0.362909
1.7 23.625 0.3682
1.7 25.875 0.369001
1.7 28.125 0.410803
1.7 30.375 0.441503
1.7 32.625 0.482348
1.7 34.875 0.500242
1.7 37.125 0.54373
1.7 39.375 0.545736
1.7 41.625 0.604917
1.7 43.875 0.632239
1.9 1.125 0.161613
1.9 3.375 0.169662
1.9 5.625 0.183168
1.9 7.875 0.185938
1.9 10.125 0.188303
1.9 12.375 0.206915
1.9 14.625 0.196724
1.9 16.875 0.219041
1.9 19.125 0.209185
1.9 21.375 0.203891
1.9 23.625 0.219888
1.9 25.875 0.221218
1.9 28.125 0.220653
1.9 30.375 0.241184
1.9 32.625 0.267419
1.9 34.875 0.296531
1.9 37.125 0.301735
1.9 39.375 0.336487
1.9 41.625 0.360546
1.9 43.875 0.36583
2.1 1.125 0.116336
2.1 3.375 0.110284
2.1 5.625 0.115661
2.1 7.875 0.119413
2.1 10.125 0.128903
2.1 12.375 0.119676
2.1 14.625 0.131649
2.1 16.875 0.127594
2.1 19.125 0.129738
2.1 21.375 0.129209
2.1 23.625 0.133565
2.1 25.875 0.128293
2.1 28.125 0.134638
2.1 30.375 0.169552
2.1 32.625 0.168071
2.1 34.875 0.183992
2.1 37.125 0.188679
2.1 39.375 0.189264
2.1 41.625 0.202193
2.1 43.875 0.193452
2.3 1.125 0.0854425
2.3 3.375 0.0807873
2.3 5.625 0.0821803
2.3 7.875 0.0783511
2.3 10.125 0.0859375
2.3 12.375 0.0802898
2.3 14.625 0.0836705
2.3 16.875 0.0855906
2.3 19.125 0.0885574
2.3 21.375 0.100717
2.3 23.625 0.092414
2.3 25.875 0.107218
2.3 28.125 0.100759
2.3 30.375 0.108783
2.3 32.625 0.108628
2.3 34.875 0.122875
2.3 37.125 0.119717
2.3 39.375 0.123949
2.3 41.625 0.12586
2.3 43.875 0.128191
2.5 1.125 0.0598837
2.5 3.375 0.0606192
2.5 5.625 0.0627651
2.5 7.875 0.0558409
2.5 10.125 0.0604553
2.5 12.375 0.0574247
2.5 14.625 0.0588309
2.5 16.875 0.0587175
2.5 19.125 0.0571213
2.5 21.375 0.0656764
2.5 23.625 0.0707099
2.5 25.875 0.0660447
2.5 28.125 0.072434
2.5 30.375 0.0771355
2.5 32.625 0.0821307
2.5 34.875 0.0822608
2.5 37.125 0.0832658
2.5 39.375 0.0982837
2.5 41.625 0.0883542
2.5 43.875 0.0841463
2.7 1.125 0.0476303
2.7 3.375 0.0468075
2.7 5.625 0.0469707
2.7 7.875 0.0429988
2.7 10.125 0.0421511
2.7 12.375 0.0462253
2.7 14.625 0.0425672
2.7 16.875 0.0417691
2.7 19.125 0.0449238
2.7 21.375 0.0480486
2.7 23.625 0.0465032
2.7 25.875 0.0523815
2.7 28.125 0.0580196
2.7 30.375 0.05499
2.7 32.625 0.0561055
2.7 34.875 0.0572978
2.7 37.125 0.0568106
2.7 39.375 0.0553189
2.7 41.625 0.0575843
2.7 43.875 0.0525622
2.9 1.125 0.0357347
2.9 3.375 0.0377887
2.9 5.625 0.0329135
2.9 7.875 0.0363216
2.9 10.125 0.0330973
2.9 12.375 0.0337425
2.9 14.625 0.0360128
2.9 16.875 0.0342157
2.9 19.125 0.0373304
2.9 21.375 0.0369854
2.9 23.625 0.0397755
2.9 25.875 0.0441704
2.9 28.125 0.0428664
2.9 30.375 0.0388947
2.9 32.625 0.0442207
2.9 34.875 0.0423441
2.9 37.125 0.0406266
2.9 39.375 0.0438624
2.9 41.625 0.0422857
2.9 43.875 0.0400277
3.1 1.125 0.0290173
3.1 3.375 0.0282669
3.1 5.625 0.0276996
3.1 7.875 0.027748
3.1 10.125 0.0292579
3.1 12.375 0.0292431
3.1 14.625 0.0279902
3.1 16.875 0.0291796
3.1 19.125 0.0288185
3.1 21.375 0.0320553
3.1 23.625 0.0338109
3.1 25.875 0.0324545
3.1 28.125 0.0353971
3.1 30.375 0.0344242
3.1 32.625 0.0344638
3.1 34.875 0.033927
3.1 37.125 0.032639
3.1 39.375 0.0320758
3.1 41.625 0.031848
3.1 43.875 0.033267
3.3 1.125 0.0232994
3.3 3.375 0.0232907
3.3 5.625 0.0230564
3.3 7.875 0.0232814
3.3 10.125 0.0255071
3.3 12.375 0.0249852
3.3 14.625 0.0218992
3.3 16.875 0.0241322
3.3 19.125 0.0248165
3.3 21.375 0.0251453
3.3 23.625 0.0262983
3.3 25.875 0.0270882
3.3 28.125 0.0259939
3.3 30.375 0.0275257
3.3 32.625 0.0292978
3.3 34.875 0.0282723
3.3 37.125 0.0276654
3.3 39.375 0.0285998
3.3 41.625 0.0257063
3.3 43.875 0.0266029
3.5 1.125 0.0207768
3.5 3.375 0.021397
3.5 5.625 0.0215864
3.5 7.875 0.018276
3.5 10.125 0.0190845
3.5 12.375 0.0196926
3.5 14.625 0.0178129
3.5 16.875 0.0195237
3.5 19.125 0.0200685
3.5 21.375 0.0228898
3.5 23.625 0.022102
3.5 25.875 0.0242317
3.5 28.125 0.0242287
3.5 30.375 0.0237714
3.5 32.625 0.0211285
3.5 34.875 0.0205859
3.5 37.125 0.0222764
3.5 39.375 0.0235387
3.5 41.625 0.022793
3.5 43.875 0.0232145
3.7 1.125 0.0166839
3.7 3.375 0.0174682
3.7 5.625 0.0186891
3.7 7.875 0.0187798
3.7 10.125 0.0165161
3.7 12.375 0.018274
3.7 14.625 0.0178063
3.7 16.875 0.0171174
3.7 19.125 0.0180566
3.7 21.375 0.0193389
3.7 23.625 0.0174793
3.7 25.875 0.0194052
3.7 28.125 0.0191368
3.7 30.375 0.0188841
3.7 32.625 0.0197445
3.7 34.875 0.0188425
3.7 37.125 0.0214636
3.7 39.375 0.0205555
3.7 41.625 0.01992
3.7 43.875 0.0183292
3.9 1.125 0.0159969
3.9 3.375 0.0171367
3.9 5.625 0.0144777
3.9 7.875 0.0170455
3.9 10.125 0.0161499
3.9 12.375 0.0159076
3.9 14.625 0.0145744
3.9 16.875 0.0154404
3.9 19.125 0.0170733
3.9 21.375 0.0183001
3.9 23.625 0.0199993
3.9 25.875 0.0154815
3.9 28.125 0.0165009
3.9 30.375 0.016031
3.9 32.625 0.0173808
3.9 34.875 0.0176064
3.9 37.125 0.015576
3.9 39.375 0.0165581
3.9 41.625 0.0158458
3.9 43.875 0.0160132
4.1 1.125 0.0137428
4.1 3.375 0.013579
4.1 5.625 0.0143421
4.1 7.875 0.0152358
4.1 10.125 0.0133453
4.1 12.375 0.013794
4.1 14.625 0.0141976
4.1 16.875 0.0133886
4.1 19.125 0.0148144
4.1 21.375 0.0150614
4.1 23.625 0.0174998
4.1 25.875 0.0130717
4.1 28.125 0.0139797
4.1 30.375 0.0142265
4.1 32.625 0.012758
4.1 34.875 0.0137055
4.1 37.125 0.0130835
4.1 39.375 0.0141504
4.1 41.625 0.0135315
4.1 43.875 0.013134
4.3 1.125 0.012625
4.3 3.375 0.0132235
4.3 5.625 0.0129774
4.3 7.875 0.0121752
4.3 10.125 0.0120553
4.3 12.375 0.0130455
4.3 14.625 0.0127819
4.3 16.875 0.0143418
4.3 19.125 0.0117459
4.3 21.375 0.0125879
4.3 23.625 0.0135629
4.3 25.875 0.0141953
4.3 28.125 0.0122176
4.3 30.375 0.0136368
4.3 32.625 0.0125264
4.3 34.875 0.0119105
4.3 37.125 0.0126444
4.3 39.375 0.0124513
4.3 41.625 0.0126768
4.3 43.875 0.0129095
4.5 1.125 0.0109698
4.5 3.375 0.0123023
4.5 5.625 0.0113126
4.5 7.875 0.0118196
4.5 10.125 0.0108008
4.5 12.375 0.00989374
4.5 14.625 0.010029
4.5 16.875 0.0114075
4.5 19.125 0.0135261
4.5 21.375 0.0116745
4.5 23.625 0.012229
4.5 25.875 0.0118943
4.5 28.125 0.0118348
4.5 30.375 0.012489
4.5 32.625 0.0118025
4.5 34.875 0.0118307
4.5 37.125 0.00992569
4.5 39.375 0.0110547
4.5 41.625 0.0109355
4.5 43.875 0.0104678
4.7 1.125 0.0105597
4.7 3.375 0.0092889
4.7 5.625 0.00967132
4.7 7.875 0.00893684
4.7 10.125 0.00984043
4.7 12.375 0.0117917
4.7 14.625 0.0108511
4.7 16.875 0.0102069
4.7 19.125 0.0114796
4.7 21.375 0.0100123
4.7 23.625 0.0108946
4.7 25.875 0.0100823
4.7 28.125 0.00970688
4.7 30.375 0.0104331
4.7 32.625 0.0107263
4.7 34.875 0.00996406
4.7 37.125 0.00983471
4.7 39.375 0.0101468
4.7 41.625 0.0108226
4.7 43.875 0.0100792
4.9 1.125 0.00826974
4.9 3.375 0.00850279
4.9 5.625 0.00809775
4.9 7.875 0.00866325
4.9 10.125 0.00833328
4.9 12.375 0.00916367
4.9 14.625 0.00984368
4.9 16.875 0.00971851
4.9 19.125 0.00927112
4.9 21.375 0.00939137
4.9 23.625 0.0108187
4.9 25.875 0.00963813
4.9 28.125 0.00967398
4.9 30.375 0.0097464
4.9 32.625 0.00901577
4.9 34.875 0.0105792
4.9 37.125 0.00859252
4.9 39.375 0.00943153
4.9 41.625 0.00943187
4.9 43.875 0.010228
5.1 1.125 0.00800793
5.1 3.375 0.00777975
5.1 5.625 0.00811101
5.1 7.875 0.00841275
5.1 10.125 0.0077001
5.1 12.375 0.00951531
5.1 14.625 0.00864206
5.1 16.875 0.00776268
5.1 19.125 0.00985277
5.1 21.375 0.00829953
5.1 23.625 0.00885563
5.1 25.875 0.00938812
5.1 28.125 0.00943042
5.1 30.375 0.00922416
5.1 32.625 0.0091182
5.1 34.875 0.00862155
5.1 37.125 0.00865197
5.1 39.375 0.0087077
5.1 41.625 0.0084761
5.1 43.875 0.00725078
5.3 1.125 0.00750049
5.3 3.375 0.00807138
5.3 5.625 0.00685131
5.3 7.875 0.00764668
5.3 10.125 0.00788264
5.3 12.375 0.00781041
5.3 14.625 0.0074232
5.3 16.875 0.00728337
5.3 19.125 0.00872609
5.3 21.375 0.00819403
5.3 23.625 0.00821322
5.3 25.875 0.00857894
5.3 28.125 0.0073747
5.3 30.375 0.00803177
5.3 32.625 0.0082022
5.3 34.875 0.00836694
5.3 37.125 0.00830801
5.3 39.375 0.00707044
5.3 41.625 0.0075853
5.3 43.875 0.00818523
5.5 1.125 0.00684553
5.5 3.375 0.00804821
5.5 5.625 0.00734636
5.5 7.875 0.00781401
5.5 10.125 0.00660208
5.5 12.375 0.00739227
5.5 14.625 0.00782352
5.5 16.875 0.00691524
5.5 19.125 0.0072464
5.5 21.375 0.00805225
5.5 23.625 0.00797287
5.5 25.875 0.0081332
5.5 28.125 0.00802134
5.5 30.375 0.00779227
5.5 32.625 0.00840241
5.5 34.875 0.00810058
5.5 37.125 0.00654235
5.5 39.375 0.0065292
5.5 41.625 0.00920309
5.5 43.875 0.00817613
5.7 1.125 0.00738825
5.7 3.375 0.0072463
5.7 5.625 0.00764276
5.7 7.875 0.0078747
5.7 10.125 0.00779914
5.7 12.375 0.0077507
5.7 14.625 0.00701009
5.7 16.875 0.00690796
5.7 19.125 0.00747054
5.7 21.375 0.00702156
5.7 23.625 0.00658707
5.7 25.875 0.00701128
5.7 28.125 0.00668791
5.7 30.375 0.00724267
5.7 32.625 0.00680373
5.7 34.875 0.00720562
5.7 37.125 0.00729291
5.7 39.375 0.00716191
5.7 41.625 0.00783642
5.7 43.875 0.00753165
5.9 1.125 0.00670157
5.9 3.375 0.00650566
5.9 5.625 0.00696201
5.9 7.875 0.00637565
5.9 10.125 0.00634632
5.9 12.375 0.0067719
5.9 14.625 0.00805037
5.9 16.875 0.0080747
5.9 19.125 0.0080875
5.9 21.375 0.00736344
5.9 23.625 0.00634085
5.9 25.875 0.00669348
5.9 28.125 0.00713739
5.9 30.375 0.00720887
5.9 32.625 0.00725228
5.9 34.875 0.0069245
5.9 37.125 0.00739328
5.9 39.375 0.00695378
5.9 41.625 0.00804157
5.9 43.875 0.00626821
6.1 1.125 0.00599501
6.1 3.375 0.00636861
6.1 5.625 0.00803396
6.1 7.875 0.00691499
6.1 10.125 0.00615387
6.1 12.375 0.00664933
6.1 14.625 0.00694042
6.1 16.875 0.00798851
6.1 19.125 0.00711519
6.1 21.375 0.00645661
6.1 23.625 0.00709231
6.1 25.875 0.00717168
6.1 28.125 0.0063851
6.1 30.375 0.00724158
6.1 32.625 0.00655243
6.1 34.875 0.00609036
6.1 37.125 0.00701677
6.1 39.375 0.0064191
6.1 41.625 0.00587794
6.1 43.875 0.00605988
6.3 1.125 0.00600648
6.3 3.375 0.00735079
6.3 5.625 0.00624209
6.3 7.875 0.00635512
6.3 10.125 0.00629724
6.3 12.375 0.00585972
6.3 14.625 0.00723093
6.3 16.875 0.00640766
6.3 19.125 0.00642969
6.3 21.375 0.00617766
6.3 23.625 0.00655251
6.3 25.875 0.00711187
6.3 28.125 0.00619024
6.3 30.375 0.00601552
6.3 32.625 0.00680678
6.3 34.875 0.00644368
6.3 37.125 0.00611078
6.3 39.375 0.00577998
6.3 41.625 0.00668739
6.3 43.875 0.00678415
6.5 1.125 0.0064017
6.5 3.375 0.00642236
6.5 5.625 0.0068499
6.5 7.875 0.00628241
6.5 10.125 0.0062828
6.5 12.375 0.00629685
6.5 14.625 0.00543339
6.5 16.875 0.00696725
6.5 19.125 0.00572731
6.5 21.375 0.00661624
6.5 23.625 0.00652044
6.5 25.875 0.00721426
6.5 28.125 0.00608659
6.5 30.375 0.00580553
6.5 32.625 0.00614769
6.5 34.875 0.00659837
6.5 37.125 0.00670936
6.5 39.375 0.0064025
6.5 41.625 0.00649198
6.5 43.875 0.0059435
6.7 1.125 0.00672039
6.7 3.375 0.00614238
6.7 5.625 0.00613436
6.7 7.875 0.0057
6.7 10.125 0.00573776
6.7 12.375 0.00684189
6.7 14.625 0.00617435
6.7 16.875 0.00746514
6.7 19.125 0.00692927
6.7 21.375 0.00636662
6.7 23.625 0.00611472
6.7 25.875 0.00763967
6.7 28.125 0.00856214
6.7 30.375 0.00589149
6.7 32.625 0.00579083
6.7 34.875 0.00631132
6.7 37.125 0.00690379
6.7 39.375 0.0060044
6.7 41.625 0.00625979
6.7 43.875 0.00715986
6.9 1.125 0.00575771
6.9 3.375 0.00607492
6.9 5.625 0.00593361
6.9 7.875 0.00616427
6.9 10.125 0.00618165
6.9 12.375 0.00604658
6.9 14.625 0.00601108
6.9 16.875 0.00608305
6.9 19.125 0.00645611
6.9 21.375 0.00604841
6.9 23.625 0.0065231
6.9 25.875 0.00490617
6.9 28.125 0.00571154
6.9 30.375 0.00702431
6.9 32.625 0.00581416
6.9 34.875 0.00620406
6.9 37.125 0.00535984
6.9 39.375 0.00646045
6.9 41.625 0.00656858
6.9 43.875 0.00577972
7.1 1.125 0.00597099
7.1 3.375 0.00691249
7.1 5.625 0.00643802
7.1 7.875 0.00555682
7.1 10.125 0.00679362
7.1 12.375 0.00573974
7.1 14.625 0.00630922
7.1 16.875 0.00661993
7.1 19.125 0.00619623
7.1 21.375 0.00604288
7.1 23.625 0.00581692
7.1 25.875 0.00582675
7.1 28.125 0.00765802
7.1 30.375 0.00718263
7.1 32.625 0.00578901
7.1 34.875 0.00564542
7.1 37.125 0.00634291
7.1 39.375 0.00546401
7.1 41.625 0.00642906
7.1 43.875 0.00567584
7.3 1.125 0.0507595
7.3 3.375 0.00529863
7.3 5.625 0.00486986
7.3 7.875 0.0050004
7.3 10.125 0.00600575
7.3 12.375 0.00590229
7.3 14.625 0.00600257
7.3 16.875 0.00636167
7.3 19.125 0.00528566
7.3 21.375 0.00598387
7.3 23.625 0.00551045
7.3 25.875 0.00662915
7.3 28.125 0.00517099
7.3 30.375 0.00694394
7.3 32.625 0.00664146
7.3 34.875 0.00741382
7.3 37.125 0.00581929
7.3 39.375 0.00829245
7.3 41.625 0.00520576
7.3 43.875 0.00530837
7.5 1.125 0.00553584
7.5 3.375 0.00623125
7.5 5.625 0.00642064
7.5 7.875 0.0056889
7.5 10.125 0.00552638
7.5 12.375 0.00634954
7.5 14.625 0.00549915
7.5 16.875 0.00520789
7.5 19.125 0.00586315
7.5 21.375 0.00606791
7.5 23.625 0.00533965
7.5 25.875 0.00592316
7.5 28.125 0.0062225
7.5 30.375 0.0062012
7.5 32.625 0.00581476
7.5 34.875 0.00650664
7.5 37.125 0.00618444
7.5 39.375 0.00476886
7.5 41.625 0.00530268
7.5 43.875 0.00582001
7.7 1.125 0.00507449
7.7 3.375 0.00605104
7.7 5.625 0.0052844
7.7 7.875 0.00537005
7.7 10.125 0.00548605
7.7 12.375 0.00568457
7.7 14.625 0.0058441
7.7 16.875 0.00512666
7.7 19.125 0.0108537
7.7 21.375 0.00522626
7.7 23.625 0.00663517
7.7 25.875 0.00554536
7.7 28.125 0.00600081
7.7 30.375 0.00619193
7.7 32.625 0.00604824
7.7 34.875 0.00550429
7.7 37.125 0.00561861
7.7 39.375 0.00594547
7.7 41.625 0.0060454
7.7 43.875 0.00582825
7.9 1.125 0.00541065
7.9 3.375 0.00586557
7.9 5.625 0.00516001
7.9 7.875 0.00446787
7.9 10.125 0.00523522
7.9 12.375 0.00610207
7.9 14.625 0.0136126
7.9 16.875 0.00614091
7.9 19.125 0.00523
7.9 21.375 0.00590939
7.9 23.625 0.00558481
7.9 25.875 0.00569913
7.9 28.125 0.00477718
7.9 30.375 0.00681314
7.9 32.625 0.00549286
7.9 34.875 0.0054497
7.9 37.125 0.00578604
7.9 39.375 0.00481989
7.9 41.625 0.00593541
7.9 43.875 0.00464982
8.1 1.125 0.00528341
8.1 3.375 0.00471454
8.1 5.625 0.00537314
8.1 7.875 0.00500411
8.1 10.125 0.00591414
8.1 12.375 0.00551976
8.1 14.625 0.00561826
8.1 16.875 0.00625631
8.1 19.125 0.00479322
8.1 21.375 0.00573042
8.1 23.625 0.00554398
8.1 25.875 0.00446248
8.1 28.125 0.00609148
8.1 30.375 0.00600347
8.1 32.625 0.00585029
8.1 34.875 0.00472931
8.1 37.125 0.00527841
8.1 39.375 0.0061531
8.1 41.625 0.00502072
8.1 43.875 0.00709463
8.3 1.125 0.00484899
8.3 3.375 0.00559278
8.3 5.625 0.00561811
8.3 7.875 0.00610858
8.3 10.125 0.00452954
8.3 12.375 0.00768778
8.3 14.625 0.00565543
8.3 16.875 0.0055803
8.3 19.125 0.005202
8.3 21.375 0.00639068
8.3 23.625 0.00560833
8.3 25.875 0.00637194
8.3 28.125 0.00533746
8.3 30.375 0.00469698
8.3 32.625 0.00479864
8.3 34.875 0.0051082
8.3 37.125 0.00641786
8.3 39.375 0.0058794
8.3 41.625 0.0057705
8.3 43.875 0.0043504
8.5 1.125 0.00436514
8.5 3.375 0.00476807
8.5 5.625 0.00531997
8.5 7.875 0.00570924
8.5 10.125 0.00517127
8.5 12.375 0.00516711
8.5 14.625 0.00485424
8.5 16.875 0.00496711
8.5 19.125 0.00489241
8.5 21.375 0.00481734
8.5 23.625 0.00555321
8.5 25.875 0.00512638
8.5 28.125 0.00472401
8.5 30.375 0.00448241
8.5 32.625 0.00504802
8.5 34.875 0.00467036
8.5 37.125 0.00573029
8.5 39.375 0.00571458
8.5 41.625 0.00507851
8.5 43.875 0.0055443
8.7 1.125 0.00455279
8.7 3.375 0.00546578
8.7 5.625 0.00614644
8.7 7.875 0.00542932
8.7 10.125 0.00559157
8.7 12.375 0.00564155
8.7 14.625 0.0043726
8.7 16.875 0.00553933
8.7 19.125 0.00505757
8.7 21.375 0.00635859
8.7 23.625 0.0049501
8.7 25.875 0.00533384
8.7 28.125 0.00479123
8.7 30.375 0.00771636
8.7 32.625 0.00564367
8.7 34.875 0.00492097
8.7 37.125 0.00575435
8.7 39.375 0.00608399
8.7 41.625 0.00544341
8.7 43.875 0.00468646
8.9 1.125 0.00655353
8.9 3.375 0.00573955
8.9 5.625 0.00625866
8.9 7.875 0.00738378
8.9 10.125 0.00383364
8.9 12.375 0.00482477
8.9 14.625 0.00500134
8.9 16.875 0.00491144
8.9 19.125 0.00503343
8.9 21.375 0.00529906
8.9 23.625 0.00461096
8.9 25.875 0.00417299
8.9 28.125 0.00528639
8.9 30.375 0.00523046
8.9 32.625 0.00586002
8.9 34.875 0.00510151
8.9 37.125 0.0050941
8.9 39.375 0.0157467
8.9 41.625 0.00590063
8.9 43.875 0.00497892
9.1 1.125 0.00623183
9.1 3.375 0.0045536
9.1 5.625 0.00565731
9.1 7.875 0.00442049
9.1 10.125 0.00615196
9.1 12.375 0.00511099
9.1 14.625 0.00482494
9.1 16.875 0.00490666
9.1 19.125 0.00556952
9.1 21.375 0.0053567
9.1 23.625 0.00621168
9.1 25.875 0.0052128
9.1 28.125 0.00589787
9.1 30.375 0.118826
9.1 32.625 0.00520549
9.1 34.875 0.00409706
9.1 37.125 0.00457022
9.1 39.375 0.00523213
9.1 41.625 0.00472807
9.1 43.875 0.0070185
9.3 1.125 0.00533021
9.3 3.375 0.00465681
9.3 5.625 0.00509079
9.3 7.875 0.00565319
9.3 10.125 0.00481142
9.3 12.375 0.00508427
9.3 14.625 0.0065424
9.3 16.875 0.00402146
9.3 19.125 0.00573776
9.3 21.375 0.00585017
9.3 23.625 0.00470033
9.3 25.875 0.00451154
9.3 28.125 0.00478698
9.3 30.375 0.00526665
9.3 32.625 0.00444926
9.3 34.875 0.00568143
9.3 37.125 0.00533152
9.3 39.375 0.00498764
9.3 41.625 0.00548754
9.3 43.875 0.00591094
9.5 1.125 0.0248482
9.5 3.375 0.00857368
9.5 5.625 0.00473864
9.5 7.875 0.00477607
9.5 10.125 0.00504504
9.5 12.375 0.00539552
9.5 14.625 0.00430203
9.5 16.875 0.00544415
9.5 19.125 0.00434849
9.5 21.375 0.00372194
9.5 23.625 0.00546078
9.5 25.875 0.00493259
9.5 28.125 0.00491736
9.5 30.375 0.0049916
9.5 32.625 0.00626883
9.5 34.875 0.00650523
9.5 37.125 0.00473087
9.5 39.375 0.00558618
9.5 41.625 0.00470651
9.5 43.875 0.00544916
9.7 1.125 0.00539787
9.7 3.375 0.00733057
9.7 5.625 0.00502959
9.7 7.875 0.00459718
9.7 10.125 0.0078644
9.7 12.375 0.00506426
9.7 14.625 0.0105576
9.7 16.875 0.00529506
9.7 19.125 0.00559557
9.7 21.375 0.00479209
9.7 23.625 0.0062981
9.7 25.875 0.00438693
9.7 28.125 0.00436916
9.7 30.375 0.00407355
9.7 32.625 0.00467597
9.7 34.875 0.00619186
9.7 37.125 0.00513862
9.7 39.375 0.00523871
9.7 41.625 0.00456176
9.7 43.875 0.0045954
9.9 1.125 0.00550824
9.9 3.375 0.00706505
9.9 5.625 0.0048771
9.9 7.875 0.00541258
9.9 10.125 0.00459053
9.9 12.375 0.159378
9.9 14.625 0.00429958
9.9 16.875 0.00501316
9.9 19.125 0.00380333
9.9 21.375 0.00513162
9.9 23.625 0.00431715
9.9 25.875 0.00476353
9.9 28.125 0.00547124
9.9 30.375 0.00588272
9.9 32.625 0.00594495
9.9 34.875 0.00580673
9.9 37.125 0.00487127
9.9 39.375 0.00730318
9.9 41.625 0.00587829
9.9 43.875 0.00503824
10.1 1.125 0.00540955
10.1 3.375 0.00494226
10.1 5.625 0.00553936
10.1 10.125 0.00540827
10.1 12.375 0.00513045
10.1 14.625 0.00736744
10.1 16.875 0.00465262
10.1 19.125 0.00450715
10.1 21.375 0.0047225
10.1 23.625 0.00429648
10.1 25.875 0.00721279
10.1 28.125 0.00415552
10.1 30.375 0.00508003
10.1 32.625 0.00372197
10.1 34.875 0.00408955
10.1 37.125 0.00675432
10.1 39.375 0.00468524
10.1 41.625 0.00491313
10.1 43.875 0.00405845
10.3 1.125 0.121099
10.3 3.375 0.00365516
10.3 5.625 0.00472003
10.3 7.875 0.00352009
10.3 10.125 0.00480305
10.3 12.375 0.0037252
10.3 14.625 0.00356741
10.3 16.875 0.00559273
10.3 19.125 0.00461748
10.3 21.375 0.0037531
10.3 23.625 0.00545685
10.3 25.875 0.00423361
10.3 28.125 0.00511051
10.3 30.375 0.00643149
10.3 32.625 0.00530893
10.3 34.875 0.00488967
10.3 37.125 0.00457477
10.3 39.375 0.00417185
10.3 41.625 0.00418633
10.3 43.875 0.00510176
10.5 1.125 0.00710112
10.5 3.375 0.00480255
10.5 5.625 0.00427817
10.5 7.875 0.00462302
10.5 10.125 0.00461359
10.5 12.375 0.0389739
10.5 14.625 0.00582969
10.5 16.875 0.00459317
10.5 19.125 0.00425275
10.5 21.375 0.00489664
10.5 23.625 0.00765769
10.5 25.875 0.00578719
10.5 28.125 0.004112
10.5 30.375 0.00666845
10.5 32.625 0.00554912
10.5 34.875 0.00462726
10.5 37.125 0.00588178
10.5 39.375 0.00485255
10.5 41.625 0.00596121
10.5 43.875 0.00537171
10.7 1.125 0.00391174
10.7 3.375 0.00436326
10.7 5.625 0.00653961
10.7 10.125 0.00298106
10.7 12.375 0.00465606
10.7 16.875 0.00438866
10.7 21.375 0.00399929
10.7 23.625 0.0123582
10.7 25.875 0.00407669
10.7 28.125 0.0053718
10.7 30.375 0.00469116
10.7 32.625 0.00636302
10.7 34.875 0.00476908
10.7 37.125 0.00466192
10.7 39.375 0.00556432
10.7 41.625 0.00454728
10.7 43.875 0.005242
10.9 1.125 0.00432761
10.9 3.375 0.0046373
10.9 5.625 0.00393339
10.9 7.875 0.00659247
10.9 10.125 0.00424549
10.9 12.375 0.00633672
10.9 14.625 0.00500731
10.9 16.875 0.00531421
10.9 19.125 0.00570978
10.9 23.625 0.00413307
10.9 25.875 0.00471982
10.9 28.125 0.00671881
10.9 30.375 0.00531115
10.9 32.625 0.00399675
10.9 34.875 0.00520597
10.9 37.125 0.00408916
10.9 39.375 0.00321157
10.9 41.625 0.00494808
10.9 43.875 0.00575681
11.1 1.125 0.00415827
11.1 3.375 0.00531101
11.1 5.625 0.00444877
11.1 12.375 0.00638224
11.1 14.625 0.00559167
11.1 16.875 0.00572341
11.1 23.625 0.00867403
11.1 25.875 0.00582047
11.1 28.125 0.00422839
11.1 30.375 0.00599779
11.1 32.625 0.0040216
11.1 34.875 0.00402744
11.1 37.125 0.00492268
11.1 39.375 0.00528353
11.1 41.625 0.00568146
11.1 43.875 0.00527358
11.3 1.125 0.00591364
11.3 3.375 0.00433388
11.3 5.625 0.00484121
11.3 10.125 0.00564955
11.3 12.375 0.0102163
11.3 14.625 0.00412482
11.3 16.875 0.00577372
11.3 19.125 0.00465992
11.3 21.375 0.00383608
11.3 25.875 0.00456592
11.3 28.125 0.00575877
11.3 30.375 0.00312963
11.3 32.625 0.00334072
11.3 34.875 0.00718861
11.3 41.625 0.00475794
11.3 43.875 0.00623486
11.5 1.125 0.00372336
11.5 5.625 0.00686757
11.5 10.125 0.00501324
11.5 12.375 0.00454718
11.5 14.625 0.00711671
11.5 16.875 0.005254
11.5 19.125 0.00466027
11.5 21.375 0.00496079
11.5 23.625 0.00456219
11.5 28.125 0.00440831
11.5 30.375 0.00407246
11.5 34.875 0.00418343
11.5 37.125 0.00421915
11.7 3.375 0.00523028
11.7 7.875 0.00428368
11.7 10.125 0.00729595
11.7 12.375 0.00677881
11.7 14.625 0.0100079
11.7 19.125 0.00432163
11.7 21.375 0.00454031
11.7 23.625 0.0050008
11.7 25.875 0.00500803
11.7 28.125 0.00456543
11.7 32.625 0.00502707
11.7 34.875 0.00503093
11.7 39.375 0.00665525
11.7 41.625 0.00398282
11.7 43.875 0.00391695
11.9 3.375 0.00424638
11.9 5.625 0.0066323
11.9 12.375 0.0056696
11.9 14.625 0.00654441
11.9 23.625 0.00407438
11.9 25.875 0.00346228
11.9 28.125 0.00412398
11.9 30.375 0.00417101
11.9 34.875 0.0063312
11.9 37.125 0.00454787
11.9 43.875 0.00438801
12.1 7.875 0.00388953
12.1 10.125 0.0119305
12.1 12.375 0.00415322
12.1 14.625 0.00660467
12.1 16.875 0.00417377
12.1 28.125 0.00595585
12.1 30.375 0.00495777
12.1 39.375 0.00407465
12.1 43.875 0.00362809
12.3 1.125 0.00481399
12.3 3.375 0.00424286
12.3 5.625 0.00405723
12.3 7.875 0.00314652
12.3 10.125 0.00603277
12.3 12.375 0.00452055
12.3 19.125 0.00618946
12.3 21.375 0.00410251
12.3 23.625 0.00832603
12.3 25.875 0.0110768
12.3 28.125 0.00493657
12.3 30.375 0.00519408
12.3 37.125 0.00382462
12.3 39.375 0.0110875
12.5 1.125 0.270222
12.5 5.625 0.00465987
12.5 7.875 0.00685869
12.5 10.125 0.00649053
12.5 12.375 0.00587529
12.5 16.875 0.194124
12.5 19.125 0.00439517
12.5 23.625 0.00670454
12.5 37.125 0.00474235
12.5 41.625 0.0053988
12.7 1.125 0.00529193
12.7 10.125 0.00441391
12.7 12.375 0.00354471
12.7 21.375 0.0123213
12.7 23.625 0.00598346
12.7 30.375 0.00388242
12.7 34.875 0.00432622
12.7 37.125 0.00426328
12.7 39.375 0.00439809
12.9 10.125 0.00579548
12.9 28.125 0.00633271
12.9 32.625 0.00467324
13.1 7.875 0.00356423
13.1 16.875 0.00674588
13.1 23.625 0.00541523
13.1 32.625 0.00412382
13.1 39.375 0.00443723
13.1 43.875 0.00428268
13.3 1.125 0.00503528
13.3 7.875 0.00395062
13.3 10.125 0.00569609
13.3 14.625 0.00457181
13.3 21.375 0.00443382
13.3 25.875 0.00443536
13.3 28.125 0.00358611
13.3 32.625 0.00371289
13.3 37.125 0.00381051
13.3 39.375 0.0035556
13.5 3.375 0.0048471
13.5 21.375 0.00499382
13.5 43.875 0.00562418
13.7 1.125 0.00330588
13.7 32.625 0.00459913
13.7 34.875 0.00848933
13.7 43.875 0.0038802
