0.1 1.125 4.8807
0.1 5.625 4.93514
0.1 10.125 4.91885
0.1 34.875 4.94811
0.1 43.875 4.9041
0.3 1.125 4.94818
0.3 3.375 4.89092
0.3 5.625 4.88764
0.3 7.875 4.92367
0.3 10.125 4.89602
0.3 14.625 4.95072
0.3 16.875 4.87557
0.3 19.125 4.90836
0.3 21.375 4.90519
0.3 23.625 4.84943
0.3 25.875 4.94829
0.3 28.125 4.8845
0.3 30.375 4.95945
0.3 32.625 4.92765
0.3 34.875 4.91508
0.3 37.125 4.92068
0.3 39.375 4.91782
0.3 41.625 4.91687
0.3 43.875 4.95817
0.5 1.125 4.81664
0.5 3.375 4.78716
0.5 5.625 4.80625
0.5 7.875 4.75245
0.5 10.125 4.80562
0.5 12.375 4.75935
0.5 14.625 4.73191
0.5 16.875 4.80848
0.5 19.125 4.78494
0.5 21.375 4.81116
0.5 23.625 4.84241
0.5 25.875 4.78981
0.5 28.125 4.81771
0.5 30.375 4.85104
0.5 32.625 4.81016
0.5 34.875 4.78165
0.5 37.125 4.85126
0.5 39.375 4.82634
0.5 41.625 4.80148
0.5 43.875 4.78958
0.7 1.125 4.61174
0.7 3.375 4.54233
0.7 5.625 4.64104
0.7 7.875 4.55245
0.7 10.125 4.54546
0.7 12.375 4.62106
0.7 14.625 4.63614
0.7 16.875 4.61161
0.7 19.125 4.57121
0.7 21.375 4.5528
0.7 23.625 4.39891
0.7 25.875 4.61216
0.7 28.125 4.56305
0.7 30.375 4.60427
0.7 32.625 4.60912
0.7 34.875 4.66944
0.7 37.125 4.60836
0.7 39.375 4.63069
0.7 41.625 4.66233
0.7 43.875 4.65379
0.9 1.125 4.12324
0.9 3.375 4.01684
0.9 5.625 4.12976
0.9 7.875 4.05701
0.9 10.125 4.06104
0.9 12.375 4.13722
0.9 14.625 3.97744
0.9 16.875 4.08654
0.9 19.125 4.06738
0.9 21.375 4.31532
0.9 23.625 4.26481
0.9 25.875 4.2465
0.9 28.125 4.30493
0.9 30.375 4.36252
0.9 32.625 4.32647
0.9 34.875 4.32175
0.9 37.125 4.43178
0.9 39.375 4.38527
0.9 41.625 4.35759
0.9 43.875 4.38955
1.1 1.125 3.30435
1.1 3.375 3.14818
1.1 5.625 3.30426
1.1 7.875 3.19093
1.1 10.125 3.17814
1.1 12.375 3.25246
1.1 14.625 3.33551
1.1 16.875 3.39281
1.1 19.125 3.46321
1.1 21.375 3.63057
1.1 23.625 3.43892
1.1 25.875 3.62437
1.1 28.125 3.7969
1.1 30.375 3.72432
1.1 32.625 3.89375
1.1 34.875 3.95444
1.1 37.125 3.96449
1.1 39.375 4.04157
1.1 41.625 3.97377
1.1 43.875 4.03412
1.3 1.125 1.6477
1.3 3.375 1.81429
1.3 5.625 1.92981
1.3 7.875 1.70454
1.3 10.125 1.99035
1.3 12.375 1.85627
1.3 14.625 2.02317
1.3 16.875 2.06701
1.3 19.125 2.31681
1.3 21.375 2.09239
1.3 23.625 2.27604
1.3 25.875 2.70232
1.3 28.125 2.77585
1.3 30.375 2.78108
1.3 32.625 2.90587
1.3 34.875 3.10968
1.3 37.125 3.33622
1.3 39.375 3.3037
1.3 41.625 3.39861
1.3 43.875 3.2123
1.5 1.125 0.951291
1.5 3.375 1.02511
1.5 5.625 1.07085
1.5 7.875 1.05434
1.5 10.125 1.00436
1.5 12.375 0.962903
1.5 14.625 1.09565
1.5 16.875 1.1226
1.5 19.125 1.20757
1.5 21.375 1.21948
1.5 23.625 1.19783
1.5 25.875 1.3748
1.5 28.125 1.4423
1.5 30.375 1.58614
1.5 32.625 1.80029
1.5 34.875 1.8613
1.5 37.125 2.029
1.5 39.375 1.96293
1.5 41.625 2.23436
1.5 43.875 2.45406
1.7 1.125 0.504644
1.7 3.375 0.562416
1.7 5.625 0.556465
1.7 7.875 0.597816
1.7 10.125 0.640547
1.7 12.375 0.574198
1.7 14.625 0.604157
1.7 16.875 0.645145
1.7 19.125 0.608138
1.7 21.375 0.662787
1.7 23.625 0.694355
1.7 25.875 0.68996
1.7 28.125 0.769419
1.7 30.375 0.892391
1.7 32.625 0.918857
1.7 34.875 0.921245
1.7 37.125 0.93617
1.7 39.375 1.02234
1.7 41.625 1.04153
1.7 43.875 1.2718
1.9 1.125 0.332191
1.9 3.375 0.332121
1.9 5.625 0.342472
1.9 7.875 0.340702
1.9 10.125 0.367819
1.9 12.375 0.349516
1.9 14.625 0.384381
1.9 16.875 0.372712
1.9 19.125 0.38477
1.9 21.375 0.371683
1.9 23.625 0.4066
1.9 25.875 0.412127
1.9 28.125 0.423095
1.9 30.375 0.4654
1.9 32.625 0.513555
1.9 34.875 0.521914
1.9 37.125 0.54728
1.9 39.375 0.612723
1.9 41.625 0.593291
1.9 43.875 0.613399
2.1 1.125 0.210521
2.1 3.375 0.222315
2.1 5.625 0.224439
2.1 7.875 0.225777
2.1 10.125 0.237447
2.1 12.375 0.235632
2.1 14.625 0.242874
2.1 16.875 0.24951
2.1 19.125 0.247461
2.1 21.375 0.255928
2.1 23.625 0.264764
2.1 25.875 0.2731
2.1 28.125 0.267017
2.1 30.375 0.298789
2.1 32.625 0.320884
2.1 34.875 0.334813
2.1 37.125 0.358486
2.1 39.375 0.367103
2.1 41.625 0.375668
2.1 43.875 0.392543
2.3 1.125 0.156629
2.3 3.375 0.163459
2.3 5.625 0.161077
2.3 7.875 0.159348
2.3 10.125 0.153823
2.3 12.375 0.155037
2.3 14.625 0.167579
2.3 16.875 0.171679
2.3 19.125 0.173465
2.3 21.375 0.17721
2.3 23.625 0.187259
2.3 25.875 0.179877
2.3 28.125 0.19673
2.3 30.375 0.200624
2.3 32.625 0.219355
2.3 34.875 0.219115
2.3 37.125 0.220484
2.3 39.375 0.23572
2.3 41.625 0.249266
2.3 43.875 0.240454
2.5 1.125 0.115727
2.5 3.375 0.11959
2.5 5.625 0.120271
2.5 7.875 0.115705
2.5 10.125 0.116187
2.5 12.375 0.115909
2.5 14.625 0.113952
2.5 16.875 0.114079
2.5 19.125 0.121277
2.5 21.375 0.118574
2.5 23.625 0.124553
2.5 25.875 0.13754
2.5 28.125 0.142254
2.5 30.375 0.154526
2.5 32.625 0.155657
2.5 34.875 0.175927
2.5 37.125 0.169165
2.5 39.375 0.167216
2.5 41.625 0.166677
2.5 43.875 0.158342
2.7 1.125 0.08549
2.7 3.375 0.0960871
2.7 5.625 0.0905719
2.7 7.875 0.0944005
2.7 10.125 0.0863757
2.7 12.375 0.0918565
2.7 14.625 0.0909194
2.7 16.875 0.0874857
2.7 19.125 0.0878543
2.7 21.375 0.0977459
2.7 23.625 0.0979231
2.7 25.875 0.0935369
2.7 28.125 0.102256
2.7 30.375 0.112775
2.7 32.625 0.11058
2.7 34.875 0.117584
2.7 37.125 0.108964
2.7 39.375 0.113038
2.7 41.625 0.114288
2.7 43.875 0.112675
2.9 1.125 0.0729568
2.9 3.375 0.0670044
2.9 5.625 0.0689915
2.9 7.875 0.0705907
2.9 10.125 0.0682247
2.9 12.375 0.0685586
2.9 14.625 0.074649
2.9 16.875 0.0719594
2.9 19.125 0.0718109
2.9 21.375 0.0732415
2.9 23.625 0.0747254
2.9 25.875 0.0782338
2.9 28.125 0.0814435
2.9 30.375 0.0850485
2.9 32.625 0.083911
2.9 34.875 0.0827598
2.9 37.125 0.0865123
2.9 39.375 0.0839048
2.9 41.625 0.0806207
2.9 43.875 0.0799454
3.1 1.125 0.054628
3.1 3.375 0.0544674
3.1 5.625 0.0584189
3.1 7.875 0.0556866
3.1 10.125 0.0558225
3.1 12.375 0.0590539
3.1 14.625 0.0560728
3.1 16.875 0.0573085
3.1 19.125 0.0545385
3.1 21.375 0.0583762
3.1 23.625 0.0625767
3.1 25.875 0.0635284
3.1 28.125 0.067675
3.1 30.375 0.0718539
3.1 32.625 0.0669276
3.1 34.875 0.0660872
3.1 37.125 0.0699465
3.1 39.375 0.0687558
3.1 41.625 0.063726
3.1 43.875 0.0646499
3.3 1.125 0.0449395
3.3 3.375 0.0460977
3.3 5.625 0.0430503
3.3 7.875 0.0441537
3.3 10.125 0.0437457
3.3 12.375 0.0442971
3.3 14.625 0.046595
3.3 16.875 0.0438615
3.3 19.125 0.0482199
3.3 21.375 0.0486607
3.3 23.625 0.050251
3.3 25.875 0.0492287
3.3 28.125 0.0496867
3.3 30.375 0.0542324
3.3 32.625 0.0565
3.3 34.875 0.055789
3.3 37.125 0.0538259
3.3 39.375 0.059792
3.3 41.625 0.0540499
3.3 43.875 0.054144
3.5 1.125 0.0387034
3.5 3.375 0.0381209
3.5 5.625 0.0371263
3.5 7.875 0.036383
3.5 10.125 0.0373373
3.5 12.375 0.0370177
3.5 14.625 0.0378767
3.5 16.875 0.0367
3.5 19.125 0.0359646
3.5 21.375 0.0383993
3.5 23.625 0.0405342
3.5 25.875 0.0424869
3.5 28.125 0.0454689
3.5 30.375 0.0437036
3.5 32.625 0.0442433
3.5 34.875 0.0417535
3.5 37.125 0.0455415
3.5 39.375 0.0429536
3.5 41.625 0.0466754
3.5 43.875 0.0427661
3.7 1.125 0.0301548
3.7 3.375 0.0302338
3.7 5.625 0.0312647
3.7 7.875 0.0301254
3.7 10.125 0.029671
3.7 12.375 0.0333609
3.7 14.625 0.0278124
3.7 16.875 0.0271333
3.7 19.125 0.0328219
3.7 21.375 0.0318675
3.7 23.625 0.0355865
3.7 25.875 0.0376047
3.7 28.125 0.0365746
3.7 30.375 0.0372836
3.7 32.625 0.0353919
3.7 34.875 0.0357978
3.7 37.125 0.0350136
3.7 39.375 0.0348037
3.7 41.625 0.0380651
3.7 43.875 0.0353515
3.9 1.125 0.0296637
3.9 3.375 0.0299512
3.9 5.625 0.0258159
3.9 7.875 0.0253719
3.9 10.125 0.0272746
3.9 12.375 0.028113
3.9 14.625 0.0262357
3.9 16.875 0.0279786
3.9 19.125 0.0260073
3.9 21.375 0.0292091
3.9 23.625 0.0272245
3.9 25.875 0.0245988
3.9 28.125 0.0284227
3.9 30.375 0.030531
3.9 32.625 0.0277408
3.9 34.875 0.0294392
3.9 37.125 0.0297514
3.9 39.375 0.0280319
3.9 41.625 0.030535
3.9 43.875 0.0291722
4.1 1.125 0.0235134
4.1 3.375 0.0246882
4.1 5.625 0.0242052
4.1 7.875 0.0251408
4.1 10.125 0.0242305
4.1 12.375 0.0224644
4.1 14.625 0.0244178
4.1 16.875 0.0239649
4.1 19.125 0.0250471
4.1 21.375 0.0256768
4.1 23.625 0.0251352
4.1 25.875 0.022884
4.1 28.125 0.027486
4.1 30.375 0.0254764
4.1 32.625 0.0241494
4.1 34.875 0.0242521
4.1 37.125 0.0258928
4.1 39.375 0.0232022
4.1 41.625 0.0250531
4.1 43.875 0.0253868
4.3 1.125 0.0198561
4.3 3.375 0.0202545
4.3 5.625 0.0217025
4.3 7.875 0.0195558
4.3 10.125 0.0202255
4.3 12.375 0.0197258
4.3 14.625 0.0205644
4.3 16.875 0.0214818
4.3 19.125 0.02114
4.3 21.375 0.0229503
4.3 23.625 0.0233622
4.3 25.875 0.0234139
4.3 28.125 0.0235151
4.3 30.375 0.0215027
4.3 32.625 0.0207099
4.3 34.875 0.020232
4.3 37.125 0.020227
4.3 39.375 0.0210965
4.3 41.625 0.0223982
4.3 43.875 0.0203373
4.5 1.125 0.0182354
4.5 3.375 0.0179298
4.5 5.625 0.0173943
4.5 7.875 0.0168946
4.5 10.125 0.0185807
4.5 12.375 0.0179007
4.5 14.625 0.0178508
4.5 16.875 0.0203523
4.5 19.125 0.0214019
4.5 21.375 0.0189175
4.5 23.625 0.0206826
4.5 25.875 0.0174386
4.5 28.125 0.0211261
4.5 30.375 0.0181006
4.5 32.625 0.0199477
4.5 34.875 0.018046
4.5 37.125 0.017243
4.5 39.375 0.0181504
4.5 41.625 0.0178423
4.5 43.875 0.0168269
4.7 1.125 0.0161209
4.7 3.375 0.0151038
4.7 5.625 0.014723
4.7 7.875 0.0158453
4.7 10.125 0.0143203
4.7 12.375 0.0161725
4.7 14.625 0.0153691
4.7 16.875 0.0153648
4.7 19.125 0.0174717
4.7 21.375 0.0163531
4.7 23.625 0.0174843
4.7 25.875 0.0154435
4.7 28.125 0.0171512
4.7 30.375 0.0173955
4.7 32.625 0.0158579
4.7 34.875 0.0162249
4.7 37.125 0.0158495
4.7 39.375 0.0156233
4.7 41.625 0.0143275
4.7 43.875 0.0165705
4.9 1.125 0.0136512
4.9 3.375 0.0140633
4.9 5.625 0.0129039
4.9 7.875 0.0131028
4.9 10.125 0.0137305
4.9 12.375 0.0127979
4.9 14.625 0.0147741
4.9 16.875 0.0137445
4.9 19.125 0.015443
4.9 21.375 0.0162471
4.9 23.625 0.015103
4.9 25.875 0.0156497
4.9 28.125 0.0147358
4.9 30.375 0.0141134
4.9 32.625 0.0146096
4.9 34.875 0.0151902
4.9 37.125 0.0149023
4.9 39.375 0.0137033
4.9 41.625 0.0135319
4.9 43.875 0.0118749
5.1 1.125 0.0117059
5.1 3.375 0.011822
5.1 5.625 0.010946
5.1 7.875 0.0121617
5.1 10.125 0.0116335
5.1 12.375 0.0120963
5.1 14.625 0.0122642
5.1 16.875 0.0123232
5.1 19.125 0.0127118
5.1 21.375 0.0126014
5.1 23.625 0.0142887
5.1 25.875 0.0130328
5.1 28.125 0.0119512
5.1 30.375 0.0118007
5.1 32.625 0.0136496
5.1 34.875 0.0129209
5.1 37.125 0.0127206
5.1 39.375 0.0127496
5.1 41.625 0.0121767
5.1 43.875 0.0107786
5.3 1.125 0.0116433
5.3 3.375 0.0109448
5.3 5.625 0.0103589
5.3 7.875 0.0109715
5.3 10.125 0.0116289
5.3 12.375 0.0114374
5.3 14.625 0.0128773
5.3 16.875 0.0122651
5.3 19.125 0.0130231
5.3 21.375 0.011511
5.3 23.625 0.0131926
5.3 25.875 0.0118259
5.3 28.125 0.0118733
5.3 30.375 0.0115564
5.3 32.625 0.0102906
5.3 34.875 0.0119145
5.3 37.125 0.0111173
5.3 39.375 0.0111677
5.3 41.625 0.0117434
5.3 43.875 0.0116229
5.5 1.125 0.00904185
5.5 3.375 0.00974329
5.5 5.625 0.00972637
5.5 7.875 0.0100541
5.5 10.125 0.0101462
5.5 12.375 0.0102054
5.5 14.625 0.0106283
5.5 16.875 0.0110318
5.5 19.125 0.0106039
5.5 21.375 0.0108083
5.5 23.625 0.0109959
5.5 25.875 0.00980537
5.5 28.125 0.0102586
5.5 30.375 0.011079
5.5 32.625 0.010819
5.5 34.875 0.00956892
5.5 37.125 0.0106146
5.5 39.375 0.00949834
5.5 41.625 0.0105164
5.5 43.875 0.0106023
5.7 1.125 0.0101297
5.7 3.375 0.00864904
5.7 5.625 0.00942355
5.7 7.875 0.00840768
5.7 10.125 0.00939495
5.7 12.375 0.00989027
5.7 14.625 0.0089859
5.7 16.875 0.0101194
5.7 19.125 0.0099106
5.7 21.375 0.00978359
5.7 23.625 0.00996351
5.7 25.875 0.00973467
5.7 28.125 0.0103284
5.7 30.375 0.00936603
5.7 32.625 0.00942075
5.7 34.875 0.0102833
5.7 37.125 0.00937616
5.7 39.375 0.0101984
5.7 41.625 0.00985428
5.7 43.875 0.00906391
5.9 1.125 0.00874613
5.9 3.375 0.00848111
5.9 5.625 0.0087949
5.9 7.875 0.00901404
5.9 10.125 0.00899105
5.9 12.375 0.00879874
5.9 14.625 0.0092205
5.9 16.875 0.00859209
5.9 19.125 0.00868699
5.9 21.375 0.00910017
5.9 23.625 0.00840384
5.9 25.875 0.00883429
5.9 28.125 0.00942342
5.9 30.375 0.00861916
5.9 32.625 0.00907396
5.9 34.875 0.00765256
5.9 37.125 0.00784338
5.9 39.375 0.00856537
5.9 41.625 0.00925114
5.9 43.875 0.0088409
6.1 1.125 0.00796837
6.1 3.375 0.00741423
6.1 5.625 0.00777917
6.1 7.875 0.00876014
6.1 10.125 0.00715918
6.1 12.375 0.00687873
6.1 14.625 0.00821465
6.1 16.875 0.00857446
6.1 19.125 0.00880154
6.1 21.375 0.00813177
6.1 23.625 0.00788863
6.1 25.875 0.00893438
6.1 28.125 0.00842998
6.1 30.375 0.00920646
6.1 32.625 0.00838697
6.1 34.875 0.00762402
6.1 37.125 0.00718875
6.1 39.375 0.00779534
6.1 41.625 0.00814993
6.1 43.875 0.00801945
6.3 1.125 0.00712515
6.3 3.375 0.0071572
6.3 5.625 0.0070927
6.3 7.875 0.00780323
6.3 10.125 0.00756123
6.3 12.375 0.00759561
6.3 14.625 0.00814203
6.3 16.875 0.00734702
6.3 19.125 0.00795743
6.3 21.375 0.00859303
6.3 23.625 0.00913414
6.3 25.875 0.0079733
6.3 28.125 0.00852619
6.3 30.375 0.00765833
6.3 32.625 0.00788418
6.3 34.875 0.00782835
6.3 37.125 0.00817574
6.3 39.375 0.00809426
6.3 41.625 0.00799176
6.3 43.875 0.0074646
6.5 1.125 0.00731505
6.5 3.375 0.00714037
6.5 5.625 0.00727859
6.5 7.875 0.00759365
6.5 10.125 0.00707664
6.5 12.375 0.00764297
6.5 14.625 0.00729014
6.5 16.875 0.00766701
6.5 19.125 0.00744855
6.5 21.375 0.00684452
6.5 23.625 0.00759401
6.5 25.875 0.00697194
6.5 28.125 0.00709578
6.5 30.375 0.00672411
6.5 32.625 0.00647856
6.5 34.875 0.00782001
6.5 37.125 0.00727828
6.5 39.375 0.00717589
6.5 41.625 0.00783557
6.5 43.875 0.00809247
6.7 1.125 0.00645445
6.7 3.375 0.00666019
6.7 5.625 0.00720911
6.7 7.875 0.00662412
6.7 10.125 0.0061758
6.7 12.375 0.00717595
6.7 14.625 0.00707247
6.7 16.875 0.00694556
6.7 19.125 0.00752872
6.7 21.375 0.00707317
6.7 23.625 0.007451
6.7 25.875 0.00771223
6.7 28.125 0.00725575
6.7 30.375 0.00667401
6.7 32.625 0.00718791
6.7 34.875 0.00571731
6.7 37.125 0.00671649
6.7 39.375 0.0065457
6.7 41.625 0.00667372
6.7 43.875 0.00670636
6.9 1.125 0.00651635
6.9 3.375 0.00625255
6.9 5.625 0.00693321
6.9 7.875 0.00762185
6.9 10.125 0.00631231
6.9 12.375 0.00646167
6.9 14.625 0.00776597
6.9 16.875 0.00670676
6.9 19.125 0.00703284
6.9 21.375 0.0067913
6.9 23.625 0.0064563
6.9 25.875 0.00605246
6.9 28.125 0.00706516
6.9 30.375 0.00659173
6.9 32.625 0.00777994
6.9 34.875 0.00653461
6.9 37.125 0.00673204
6.9 39.375 0.00640342
6.9 41.625 0.00806672
6.9 43.875 0.00646198
7.1 1.125 0.00640518
7.1 3.375 0.00667176
7.1 5.625 0.00650863
7.1 7.875 0.00649388
7.1 10.125 0.00714443
7.1 12.375 0.0066949
7.1 14.625 0.00613576
7.1 16.875 0.00703134
7.1 19.125 0.00670575
7.1 21.375 0.00690717
7.1 23.625 0.0067084
7.1 25.875 0.00693966
7.1 28.125 0.00672708
7.1 30.375 0.00592191
7.1 32.625 0.00691174
7.1 34.875 0.00827975
7.1 37.125 0.00636764
7.1 39.375 0.00641065
7.1 41.625 0.00707249
7.1 43.875 0.00655046
7.3 1.125 0.00682899
7.3 3.375 0.006542
7.3 5.625 0.00647021
7.3 7.875 0.00657184
7.3 10.125 0.00663382
7.3 12.375 0.0067244
7.3 14.625 0.00572301
7.3 16.875 0.0068084
7.3 19.125 0.00660316
7.3 21.375 0.00663232
7.3 23.625 0.0068154
7.3 25.875 0.00638661
7.3 28.125 0.00677823
7.3 30.375 0.00603683
7.3 32.625 0.00647966
7.3 34.875 0.00668274
7.3 37.125 0.00671352
7.3 39.375 0.00653076
7.3 41.625 0.00646953
7.3 43.875 0.00715088
7.5 1.125 0.00571447
7.5 3.375 0.00575373
7.5 5.625 0.00593616
7.5 7.875 0.00587819
7.5 10.125 0.00598822
7.5 12.375 0.00660781
7.5 14.625 0.00769245
7.5 16.875 0.00668328
7.5 19.125 0.00676355
7.5 21.375 0.00618849
7.5 23.625 0.00579701
7.5 25.875 0.00593276
7.5 28.125 0.00631225
7.5 30.375 0.00670924
7.5 32.625 0.00641927
7.5 34.875 0.00612683
7.5 37.125 0.00602878
7.5 39.375 0.00596919
7.5 41.625 0.00765287
7.5 43.875 0.00615181
7.7 1.125 0.00593449
7.7 3.375 0.005744
7.7 5.625 0.00621665
7.7 7.875 0.00584873
7.7 10.125 0.0061881
7.7 12.375 0.00596872
7.7 14.625 0.00609216
7.7 16.875 0.00578819
7.7 19.125 0.0063028
7.7 21.375 0.00705337
7.7 23.625 0.00607636
7.7 25.875 0.00631002
7.7 28.125 0.00591981
7.7 30.375 0.00663924
7.7 32.625 0.00595218
7.7 34.875 0.00698418
7.7 37.125 0.00595097
7.7 39.375 0.00585085
7.7 41.625 0.00694393
7.7 43.875 0.00646444
7.9 1.125 0.00543571
7.9 3.375 0.00542361
7.9 5.625 0.00559681
7.9 7.875 0.00571931
7.9 10.125 0.0052921
7.9 12.375 0.00576144
7.9 14.625 0.00599528
7.9 16.875 0.00600979
7.9 19.125 0.00591741
7.9 21.375 0.00563816
7.9 23.625 0.00620959
7.9 25.875 0.00511026
7.9 28.125 0.00612437
7.9 30.375 0.00640607
7.9 32.625 0.0071585
7.9 34.875 0.00657639
7.9 37.125 0.00552266
7.9 39.375 0.00557693
7.9 41.625 0.00619032
7.9 43.875 0.00557808
8.1 1.125 0.00592678
8.1 3.375 0.00546991
8.1 5.625 0.00585562
8.1 7.875 0.00667364
8.1 10.125 0.0060747
8.1 12.375 0.00631058
8.1 14.625 0.00680244
8.1 16.875 0.00576384
8.1 19.125 0.0091571
8.1 21.375 0.00580737
8.1 23.625 0.00650785
8.1 25.875 0.00493746
8.1 28.125 0.00658468
8.1 30.375 0.00637359
8.1 32.625 0.00542058
8.1 34.875 0.00568875
8.1 37.125 0.00675927
8.1 39.375 0.00553013
8.1 41.625 0.00653357
8.1 43.875 0.00589238
8.3 1.125 0.00594047
8.3 3.375 0.00576793
8.3 5.625 0.00522114
8.3 7.875 0.00506177
8.3 10.125 0.00482644
8.3 12.375 0.00566761
8.3 14.625 0.00557529
8.3 16.875 0.0058087
8.3 19.125 0.00601067
8.3 21.375 0.00575499
8.3 23.625 0.00617723
8.3 25.875 0.00656287
8.3 28.125 0.117129
8.3 30.375 0.00575817
8.3 32.625 0.00602015
8.3 34.875 0.00530785
8.3 37.125 0.00563454
8.3 39.375 0.00711189
8.3 41.625 0.00565111
8.3 43.875 0.0061412
8.5 1.125 0.00672753
8.5 3.375 0.00665211
8.5 5.625 0.00506138
8.5 7.875 0.00785904
8.5 10.125 0.00661234
8.5 12.375 0.00601465
8.5 14.625 0.00589205
8.5 16.875 0.00643913
8.5 19.125 0.00528371
8.5 21.375 0.00540697
8.5 23.625 0.0050378
8.5 25.875 0.00585061
8.5 28.125 0.00598878
8.5 30.375 0.00537063
8.5 32.625 0.00561036
8.5 34.875 0.00563451
8.5 37.125 0.00598121
8.5 39.375 0.00515829
8.5 41.625 0.00635713
8.5 43.875 0.00512873
8.7 1.125 0.0058135
8.7 3.375 0.00522164
8.7 5.625 0.00571291
8.7 7.875 0.00510686
8.7 10.125 0.0059037
8.7 12.375 0.00450493
8.7 14.625 0.0059711
8.7 16.875 0.00534616
8.7 19.125 0.00489332
8.7 21.375 0.00531173
8.7 23.625 0.00653504
8.7 25.875 0.00544715
8.7 28.125 0.00550808
8.7 30.375 0.00531468
8.7 32.625 0.0058935
8.7 34.875 0.00572565
8.7 37.125 0.00514884
8.7 39.375 0.00508857
8.7 41.625 0.00573416
8.7 43.875 0.0054755
8.9 1.125 0.00536872
8.9 3.375 0.00594501
8.9 5.625 0.0051094
8.9 7.875 0.00551888
8.9 10.125 0.0045402
8.9 12.375 0.00491108
8.9 14.625 0.00563681
8.9 16.875 0.00503899
8.9 19.125 0.00530639
8.9 21.375 0.00583591
8.9 23.625 0.00609972
8.9 25.875 0.00530907
8.9 28.125 0.00540832
8.9 30.375 0.00465387
8.9 32.625 0.00652126
8.9 34.875 0.00683063
8.9 37.125 0.00669646
8.9 39.375 0.00540908
8.9 41.625 0.00635516
8.9 43.875 0.0054535
9.1 1.125 0.00508778
9.1 3.375 0.006029
9.1 5.625 0.00559964
9.1 7.875 0.00560361
9.1 10.125 0.00630339
9.1 12.375 0.00567591
9.1 14.625 0.00550888
9.1 16.875 0.00504321
9.1 19.125 0.00600314
9.1 21.375 0.00504926
9.1 23.625 0.00568604
9.1 25.875 0.00687531
9.1 28.125 0.00564226
9.1 30.375 0.00568707
9.1 32.625 0.142955
9.1 34.875 0.00515596
9.1 37.125 0.00537823
9.1 39.375 0.00579419
9.1 41.625 0.00602437
9.1 43.875 0.00423465
9.3 1.125 0.00527815
9.3 3.375 0.00557946
9.3 5.625 0.0057568
9.3 7.875 0.00554451
9.3 10.125 0.00596007
9.3 12.375 0.00540192
9.3 14.625 0.00594851
9.3 16.875 0.00494472
9.3 19.125 0.00513763
9.3 21.375 0.00580019
9.3 23.625 0.00517179
9.3 25.875 0.00553989
9.3 28.125 0.00549372
9.3 30.375 0.00472072
9.3 32.625 0.00502101
9.3 34.875 0.00478473
9.3 37.125 0.00526688
9.3 39.375 0.00504533
9.3 41.625 0.00506399
9.3 43.875 0.0051232
9.5 1.125 0.00536861
9.5 3.375 0.00517558
9.5 5.625 0.00516484
9.5 7.875 0.00552672
9.5 10.125 0.00577747
9.5 12.375 0.00497844
9.5 14.625 0.00522375
9.5 16.875 0.00534036
9.5 19.125 0.00549168
9.5 21.375 0.00501809
9.5 23.625 0.00520538
9.5 25.875 0.00538106
9.5 28.125 0.00497521
9.5 30.375 0.00488432
9.5 32.625 0.00528458
9.5 34.875 0.00517749
9.5 37.125 0.0049556
9.5 39.375 0.00533493
9.5 41.625 0.0051733
9.5 43.875 0.0062744
9.7 1.125 0.00515062
9.7 3.375 0.00617502
9.7 5.625 0.00501099
9.7 7.875 0.0071334
9.7 10.125 0.00472125
9.7 12.375 0.00494717
9.7 14.625 0.00543964
9.7 16.875 0.00555807
9.7 19.125 0.00569511
9.7 21.375 0.00523858
9.7 23.625 0.00454153
9.7 25.875 0.0043136
9.7 28.125 0.00746557
9.7 30.375 0.00639372
9.7 32.625 0.00466425
9.7 34.875 0.00533598
9.7 37.125 0.00546817
9.7 39.375 0.00480104
9.7 41.625 0.00958956
9.7 43.875 0.00547529
9.9 1.125 0.00509966
9.9 3.375 0.00544861
9.9 5.625 0.0058594
9.9 7.875 0.00386539
9.9 10.125 0.00527181
9.9 12.375 0.00553446
9.9 14.625 0.00405915
9.9 16.875 0.00518067
9.9 19.125 0.00416774
9.9 21.375 0.00527135
9.9 23.625 0.00581869
9.9 25.875 0.00457162
9.9 28.125 0.00529688
9.9 30.375 0.00626258
9.9 32.625 0.00546673
9.9 34.875 0.00585024
9.9 37.125 0.00508869
9.9 39.375 0.00480516
9.9 41.625 0.00522935
9.9 43.875 0.00605277
10.1 1.125 0.00671711
10.1 3.375 0.00538012
10.1 5.625 0.00558059
10.1 7.875 0.00497238
10.1 10.125 0.00416136
10.1 12.375 0.00477834
10.1 14.625 0.0108033
10.1 16.875 0.00433702
10.1 19.125 0.00592384
10.1 21.375 0.0054776
10.1 23.625 0.00505532
10.1 25.875 0.00658269
10.1 28.125 0.00534786
10.1 30.375 0.00420145
10.1 32.625 0.00524386
10.1 34.875 0.0052706
10.1 37.125 0.00495118
10.1 39.375 0.00575222
10.1 41.625 0.00397696
10.1 43.875 0.00535514
10.3 1.125 0.00581973
10.3 3.375 0.00488685
10.3 5.625 0.00466715
10.3 7.875 0.00648234
10.3 10.125 0.00444025
10.3 12.375 0.00557208
10.3 14.625 0.00556165
10.3 16.875 0.00512815
10.3 19.125 0.00596323
10.3 21.375 0.0180974
10.3 23.625 0.0043373
10.3 25.875 0.00594154
10.3 28.125 0.00576163
10.3 30.375 0.004847
10.3 32.625 0.00534607
10.3 34.875 0.00513111
10.3 37.125 0.00561083
10.3 39.375 0.0053477
10.3 41.625 0.00449151
10.3 43.875 0.0104174
10.5 1.125 0.00529245
10.5 3.375 0.00504269
10.5 5.625 0.00584838
10.5 7.875 0.00466944
10.5 10.125 0.00547461
10.5 12.375 0.00542961
10.5 14.625 0.00493701
10.5 16.875 0.00464951
10.5 19.125 0.00465456
10.5 21.375 0.00460649
10.5 23.625 0.00488184
10.5 25.875 0.00568509
10.5 28.125 0.00551882
10.5 30.375 0.00523423
10.5 32.625 0.00563765
10.5 34.875 0.00707998
10.5 37.125 0.00659382
10.5 39.375 0.00576068
10.5 41.625 0.00826098
10.5 43.875 0.00624845
10.7 1.125 0.00412464
10.7 3.375 0.00507961
10.7 5.625 0.00503381
10.7 7.875 0.00429579
10.7 10.125 0.00490761
10.7 12.375 0.00576751
10.7 14.625 0.00573462
10.7 16.875 0.00486599
10.7 19.125 0.00535581
10.7 21.375 0.00577998
10.7 23.625 0.00471693
10.7 25.875 0.00469929
10.7 28.125 0.0059245
10.7 30.375 0.00435598
10.7 32.625 0.00523522
10.7 34.875 0.00705035
10.7 37.125 0.00560432
10.7 39.375 0.00499713
10.7 41.625 0.00719794
10.7 43.875 0.00457571
10.9 1.125 0.00653603
10.9 3.375 0.00404998
10.9 5.625 0.00431074
10.9 7.875 0.00510274
10.9 10.125 0.00438214
10.9 12.375 0.00500699
10.9 14.625 0.00549905
10.9 16.875 0.00564673
10.9 19.125 0.00338046
10.9 21.375 0.00414324
10.9 23.625 0.00433005
10.9 25.875 0.00432517
10.9 28.125 0.0375498
10.9 30.375 0.00587774
10.9 32.625 0.00432939
10.9 34.875 0.00471889
10.9 37.125 0.00677971
10.9 39.375 0.00634578
10.9 41.625 0.00665534
10.9 43.875 0.00574194
11.1 1.125 0.00397636
11.1 3.375 0.00491417
11.1 5.625 0.00428866
11.1 7.875 0.00587873
11.1 10.125 0.00522607
11.1 12.375 0.00544739
11.1 14.625 0.00565109
11.1 16.875 0.00496895
11.1 19.125 0.00543871
11.1 21.375 0.00409651
11.1 23.625 0.00564786
11.1 25.875 0.00370032
11.1 28.125 0.00357921
11.1 30.375 0.00506293
11.1 32.625 0.00513088
11.1 34.875 0.00448403
11.1 37.125 0.00552482
11.1 39.375 0.00540338
11.1 41.625 0.00702722
11.1 43.875 0.00681063
11.3 1.125 0.0052193
11.3 3.375 0.00619284
11.3 5.625 0.00488098
11.3 7.875 0.00463042
11.3 10.125 0.0044759
11.3 14.625 0.00545454
11.3 16.875 0.00518497
11.3 19.125 0.00501104
11.3 21.375 0.00595228
11.3 23.625 0.00572014
11.3 25.875 0.0044249
11.3 28.125 0.00493535
11.3 30.375 0.00808796
11.3 32.625 0.00497977
11.3 34.875 0.00719434
11.3 37.125 0.00561917
11.3 39.375 0.00430808
11.3 41.625 0.00451041
11.3 43.875 0.00592453
11.5 1.125 0.00470312
11.5 3.375 0.00452575
11.5 5.625 0.0046676
11.5 7.875 0.00377334
11.5 10.125 0.00469746
11.5 12.375 0.00409982
11.5 14.625 0.00460288
11.5 16.875 0.00403829
11.5 19.125 0.00748894
11.5 23.625 0.00490576
11.5 25.875 0.00607281
11.5 28.125 0.0057617
11.5 30.375 0.00373352
11.5 32.625 0.00598001
11.5 34.875 0.00456384
11.5 37.125 0.00758509
11.5 39.375 0.00729026
11.5 41.625 0.00447315
11.5 43.875 0.00654483
11.7 1.125 0.00557564
11.7 3.375 0.00323022
11.7 5.625 0.00374315
11.7 7.875 0.00457122
11.7 10.125 0.00516465
11.7 12.375 0.00550072
11.7 14.625 0.00437282
11.7 16.875 0.00625323
11.7 19.125 0.00652881
11.7 21.375 0.0061749
11.7 23.625 0.00463317
11.7 25.875 0.00575577
11.7 28.125 0.00530457
11.7 30.375 0.00503835
11.7 32.625 0.00726188
11.7 34.875 0.00470073
11.7 37.125 0.00644919
11.7 39.375 0.0057548
11.7 41.625 0.00394762
11.7 43.875 0.00502486
11.9 1.125 0.00411528
11.9 3.375 0.00484783
11.9 5.625 0.00362045
11.9 7.875 0.00671963
11.9 10.125 0.00418664
11.9 12.375 0.00470604
11.9 14.625 0.0048516
11.9 16.875 0.00854934
11.9 19.125 0.00486566
11.9 21.375 0.00407308
11.9 23.625 0.0037238
11.9 25.875 0.00592801
11.9 28.125 0.00610425
11.9 30.375 0.00614311
11.9 32.625 0.00336387
11.9 34.875 0.00574965
11.9 37.125 0.0246769
11.9 39.375 0.0052675
11.9 41.625 0.00407157
11.9 43.875 0.00694627
12.1 1.125 0.00418349
12.1 3.375 0.00510144
12.1 5.625 0.00577039
12.1 7.875 0.00669797
12.1 10.125 0.0043775
12.1 12.375 0.00525053
12.1 14.625 0.00424978
12.1 16.875 0.00558491
12.1 19.125 0.00494833
12.1 21.375 0.00367781
12.1 23.625 0.00399544
12.1 28.125 0.00726957
12.1 30.375 0.00646364
12.1 32.625 0.00641856
12.1 34.875 0.00873986
12.1 37.125 0.00440457
12.1 39.375 0.00585946
12.1 41.625 0.00594021
12.1 43.875 0.00352507
12.3 1.125 0.00438463
12.3 3.375 0.00559992
12.3 5.625 0.00642586
12.3 7.875 0.0046361
12.3 10.125 0.00654234
12.3 12.375 0.00466684
12.3 14.625 0.00370665
12.3 16.875 0.00587805
12.3 21.375 0.00429315
12.3 23.625 0.00588505
12.3 25.875 0.00376737
12.3 30.375 0.00502023
12.3 32.625 0.00860303
12.3 34.875 0.00441683
12.3 37.125 0.00564656
12.3 39.375 0.00729923
12.3 41.625 0.00406388
12.3 43.875 0.00495247
12.5 1.125 0.00485802
12.5 3.375 0.00363425
12.5 5.625 0.00440782
12.5 10.125 0.00696812
12.5 12.375 0.00494553
12.5 14.625 0.00594443
12.5 16.875 0.00426352
12.5 19.125 0.00579248
12.5 21.375 0.0042295
12.5 23.625 0.00449284
12.5 25.875 0.00443538
12.5 28.125 0.00466993
12.5 30.375 0.00638247
12.5 32.625 0.00390753
12.5 34.875 0.00448552
12.5 37.125 0.00552057
12.5 39.375 0.006233
12.5 41.625 0.00678984
12.5 43.875 0.00505224
12.7 1.125 0.0047383
12.7 3.375 0.00524202
12.7 5.625 0.00533786
12.7 7.875 0.00436742
12.7 10.125 0.00422232
12.7 12.375 0.00405274
12.7 16.875 0.0072431
12.7 19.125 0.00466815
12.7 21.375 0.00528367
12.7 25.875 0.00520487
12.7 28.125 0.00415417
12.7 30.375 0.0144425
12.7 32.625 0.00427634
12.7 34.875 0.00560741
12.7 37.125 0.00748884
12.7 39.375 0.00414394
12.7 41.625 0.0054818
12.9 1.125 0.0068462
12.9 3.375 0.00652414
12.9 5.625 0.00484566
12.9 7.875 0.00365658
12.9 10.125 0.00633065
12.9 12.375 0.00417641
12.9 14.625 0.00421285
12.9 16.875 0.00332905
12.9 19.125 0.00668218
12.9 21.375 0.00496867
12.9 25.875 0.00857488
12.9 30.375 0.0047198
12.9 32.625 0.00506493
12.9 34.875 0.00761673
12.9 37.125 0.00701123
12.9 39.375 0.00621491
12.9 43.875 0.0128241
13.1 1.125 0.00399723
13.1 5.625 0.00652577
13.1 7.875 0.0052601
13.1 10.125 0.00443328
13.1 12.375 0.00693437
13.1 14.625 0.00578388
13.1 16.875 0.00637541
13.1 19.125 0.00490172
13.1 21.375 0.00849263
13.1 23.625 0.00370344
13.1 25.875 0.00532751
13.1 28.125 0.0045055
13.1 30.375 0.00526097
13.1 37.125 0.0132643
13.1 43.875 0.00410078
13.3 1.125 0.00345635
13.3 5.625 0.00375925
13.3 7.875 0.00388103
13.3 10.125 0.00457359
13.3 12.375 0.00475209
13.3 14.625 0.00490469
13.3 16.875 0.00531762
13.3 19.125 0.00343769
13.3 21.375 0.00746749
13.3 23.625 0.00899476
13.3 25.875 0.00999994
13.3 28.125 0.00613724
13.3 30.375 0.00864457
13.3 32.625 0.00497278
13.3 37.125 0.00675721
13.3 39.375 0.0059454
13.3 41.625 0.00389543
13.3 43.875 0.00884574
13.5 7.875 0.00473279
13.5 12.375 0.00546928
13.5 19.125 0.00648166
13.5 21.375 0.00413042
13.5 23.625 0.00560089
13.5 28.125 0.00534762
13.5 30.375 0.00932145
13.5 34.875 0.00692585
13.5 37.125 0.0153449
13.5 41.625 0.0121667
13.5 43.875 0.00466802
13.7 5.625 0.00471795
13.7 7.875 0.00421891
13.7 12.375 0.00541466
13.7 21.375 0.00457079
13.7 23.625 0.00364123
13.7 34.875 0.00741601
13.7 39.375 0.00455519
13.7 41.625 0.00533612
13.9 10.125 0.00404852
13.9 19.125 0.00455476
13.9 21.375 0.00719718
13.9 23.625 0.0133559
13.9 25.875 0.00542337
13.9 28.125 0.00630458
13.9 30.375 0.0105761
13.9 32.625 0.00384937
13.9 34.875 0.00458398
13.9 39.375 0.00617967
13.9 41.625 0.007929
13.9 43.875 0.00368701
