0.1 1.125 1.26023
0.1 3.375 1.22905
0.1 5.625 1.23274
0.1 7.875 1.02834
0.1 10.125 1.23967
0.1 12.375 0.872032
0.1 14.625 1.12714
0.1 16.875 0.877319
0.1 19.125 0.8252
0.1 21.375 0.948897
0.1 23.625 1.23461
0.1 25.875 1.17302
0.1 28.125 1.17105
0.1 30.375 1.16565
0.1 32.625 1.17923
0.1 34.875 1.12902
0.1 37.125 1.14317
0.1 39.375 1.25032
0.1 41.625 1.08761
0.1 43.875 1.23375
0.3 1.125 1.22967
0.3 3.375 1.2248
0.3 5.625 1.23333
0.3 7.875 1.23361
0.3 10.125 1.24345
0.3 12.375 1.19825
0.3 14.625 1.21702
0.3 16.875 1.13995
0.3 19.125 1.2121
0.3 21.375 1.22037
0.3 23.625 1.20708
0.3 25.875 1.18013
0.3 28.125 1.2316
0.3 30.375 1.22424
0.3 32.625 1.23375
0.3 34.875 1.19001
0.3 37.125 1.23216
0.3 39.375 1.20943
0.3 41.625 1.17983
0.3 43.875 1.2373
0.5 1.125 1.20921
0.5 3.375 1.16707
0.5 5.625 1.18616
0.5 7.875 1.189
0.5 10.125 1.20678
0.5 12.375 1.18673
0.5 14.625 1.20629
0.5 16.875 1.20015
0.5 19.125 1.19763
0.5 21.375 1.1902
0.5 23.625 1.19345
0.5 25.875 1.20144
0.5 28.125 1.15536
0.5 30.375 1.20693
0.5 32.625 1.19104
0.5 34.875 1.17123
0.5 37.125 1.18754
0.5 39.375 1.18787
0.5 41.625 1.19529
0.5 43.875 1.18016
0.7 1.125 1.12307
0.7 3.375 1.12239
0.7 5.625 1.1517
0.7 7.875 1.12908
0.7 10.125 1.13738
0.7 12.375 1.12149
0.7 14.625 1.13116
0.7 16.875 1.12743
0.7 19.125 1.11308
0.7 21.375 1.13017
0.7 23.625 1.12612
0.7 25.875 1.13123
0.7 28.125 1.13189
0.7 30.375 1.13461
0.7 32.625 1.13646
0.7 34.875 1.1334
0.7 37.125 1.13766
0.7 39.375 1.1407
0.7 41.625 1.14454
0.7 43.875 1.13957
0.9 1.125 1.01985
0.9 3.375 1.03473
0.9 5.625 1.02106
0.9 7.875 1.0122
0.9 10.125 1.00785
0.9 12.375 1.04127
0.9 14.625 1.01322
0.9 16.875 1.00167
0.9 19.125 0.995693
0.9 21.375 1.01311
0.9 23.625 1.0114
0.9 25.875 1.0449
0.9 28.125 1.04082
0.9 30.375 1.06928
0.9 32.625 1.06458
0.9 34.875 1.06163
0.9 37.125 1.04853
0.9 39.375 1.05864
0.9 41.625 1.04805
0.9 43.875 1.04581
1.1 1.125 0.774079
1.1 3.375 0.763802
1.1 5.625 0.790514
1.1 7.875 0.803442
1.1 10.125 0.771359
1.1 12.375 0.81404
1.1 14.625 0.817952
1.1 16.875 0.848568
1.1 19.125 0.840367
1.1 21.375 0.853668
1.1 23.625 0.872098
1.1 25.875 0.862199
1.1 28.125 0.890076
1.1 30.375 0.912896
1.1 32.625 0.926301
1.1 34.875 0.936686
1.1 37.125 0.95894
1.1 39.375 0.974723
1.1 41.625 0.97092
1.1 43.875 0.96456
1.3 1.125 0.449928
1.3 3.375 0.484121
1.3 5.625 0.511284
1.3 7.875 0.488439
1.3 10.125 0.507693
1.3 12.375 0.512906
1.3 14.625 0.52834
1.3 16.875 0.513054
1.3 19.125 0.564171
1.3 21.375 0.603123
1.3 23.625 0.578994
1.3 25.875 0.614383
1.3 28.125 0.669949
1.3 30.375 0.65588
1.3 32.625 0.738689
1.3 34.875 0.702882
1.3 37.125 0.767452
1.3 39.375 0.780659
1.3 41.625 0.799641
1.3 43.875 0.80357
1.5 1.125 0.263894
1.5 3.375 0.260085
1.5 5.625 0.269299
1.5 7.875 0.284072
1.5 10.125 0.284078
1.5 12.375 0.277437
1.5 14.625 0.303895
1.5 16.875 0.295385
1.5 19.125 0.327767
1.5 21.375 0.359807
1.5 23.625 0.353375
1.5 25.875 0.360642
1.5 28.125 0.368679
1.5 30.375 0.396239
1.5 32.625 0.475344
1.5 34.875 0.453268
1.5 37.125 0.502775
1.5 39.375 0.536197
1.5 41.625 0.577021
1.5 43.875 0.564552
1.7 1.125 0.1488
1.7 3.375 0.147865
1.7 5.625 0.149677
1.7 7.875 0.161682
1.7 10.125 0.166927
1.7 12.375 0.17311
1.7 14.625 0.177671
1.7 16.875 0.17109
1.7 19.125 0.18854
1.7 21.375 0.192865
1.7 23.625 0.194865
1.7 25.875 0.202556
1.7 28.125 0.204855
1.7 30.375 0.215224
1.7 32.625 0.223918
1.7 34.875 0.262536
1.7 37.125 0.263892
1.7 39.375 0.274823
1.7 41.625 0.304372
1.7 43.875 0.296447
1.9 1.125 0.0924168
1.9 3.375 0.0915724
1.9 5.625 0.0950766
1.9 7.875 0.0955357
1.9 10.125 0.0987776
1.9 12.375 0.0972947
1.9 14.625 0.10501
1.9 16.875 0.107343
1.9 19.125 0.10821
1.9 21.375 0.114737
1.9 23.625 0.11218
1.9 25.875 0.121687
1.9 28.125 0.124143
1.9 30.375 0.125266
1.9 32.625 0.134862
1.9 34.875 0.147963
1.9 37.125 0.145031
1.9 39.375 0.174017
1.9 41.625 0.174229
1.9 43.875 0.1753
2.1 1.125 0.0572741
2.1 3.375 0.0631371
2.1 5.625 0.062348
2.1 7.875 0.0624485
2.1 10.125 0.060849
2.1 12.375 0.0658645
2.1 14.625 0.0665389
2.1 16.875 0.0679661
2.1 19.125 0.0682604
2.1 21.375 0.0694932
2.1 23.625 0.0786321
2.1 25.875 0.0808206
2.1 28.125 0.079597
2.1 30.375 0.0848437
2.1 32.625 0.0902979
2.1 34.875 0.0940918
2.1 37.125 0.102498
2.1 39.375 0.11096
2.1 41.625 0.110095
2.1 43.875 0.117096
2.3 1.125 0.0385227
2.3 3.375 0.0390231
2.3 5.625 0.0389425
2.3 7.875 0.0406414
2.3 10.125 0.0391087
2.3 12.375 0.0427944
2.3 14.625 0.0417824
2.3 16.875 0.0445988
2.3 19.125 0.0457333
2.3 21.375 0.0477816
2.3 23.625 0.0504441
2.3 25.875 0.0499101
2.3 28.125 0.0543093
2.3 30.375 0.0635172
2.3 32.625 0.0631538
2.3 34.875 0.0649769
2.3 37.125 0.0639147
2.3 39.375 0.0677479
2.3 41.625 0.0661859
2.3 43.875 0.0716512
2.5 1.125 0.0273556
2.5 3.375 0.0288724
2.5 5.625 0.028885
2.5 7.875 0.0290393
2.5 10.125 0.0269898
2.5 12.375 0.0276717
2.5 14.625 0.0275675
2.5 16.875 0.0278011
2.5 19.125 0.0282451
2.5 21.375 0.0292706
2.5 23.625 0.0319346
2.5 25.875 0.035694
2.5 28.125 0.0366059
2.5 30.375 0.0400267
2.5 32.625 0.0412544
2.5 34.875 0.0427413
2.5 37.125 0.0453529
2.5 39.375 0.045605
2.5 41.625 0.0471812
2.5 43.875 0.0453175
2.7 1.125 0.0216788
2.7 3.375 0.0216192
2.7 5.625 0.0213384
2.7 7.875 0.0213486
2.7 10.125 0.0208656
2.7 12.375 0.0206163
2.7 14.625 0.0223074
2.7 16.875 0.0214453
2.7 19.125 0.0211813
2.7 21.375 0.0226219
2.7 23.625 0.0227888
2.7 25.875 0.026704
2.7 28.125 0.0257398
2.7 30.375 0.0275999
2.7 32.625 0.028416
2.7 34.875 0.0286538
2.7 37.125 0.0296354
2.7 39.375 0.028474
2.7 41.625 0.0294094
2.7 43.875 0.0296832
2.9 1.125 0.0177448
2.9 3.375 0.0158011
2.9 5.625 0.0160053
2.9 7.875 0.0167859
2.9 10.125 0.0162253
2.9 12.375 0.0176371
2.9 14.625 0.0177724
2.9 16.875 0.0177314
2.9 19.125 0.0180241
2.9 21.375 0.0186982
2.9 23.625 0.0186059
2.9 25.875 0.0195099
2.9 28.125 0.0200033
2.9 30.375 0.0196098
2.9 32.625 0.0195272
2.9 34.875 0.0221414
2.9 37.125 0.0210123
2.9 39.375 0.0220517
2.9 41.625 0.021494
2.9 43.875 0.0215644
3.1 1.125 0.0145921
3.1 3.375 0.0139509
3.1 5.625 0.0140005
3.1 7.875 0.0137637
3.1 10.125 0.0135553
3.1 12.375 0.0129271
3.1 14.625 0.0138447
3.1 16.875 0.0138419
3.1 19.125 0.0149093
3.1 21.375 0.0139188
3.1 23.625 0.015774
3.1 25.875 0.0152481
3.1 28.125 0.015628
3.1 30.375 0.0161552
3.1 32.625 0.0158555
3.1 34.875 0.0175407
3.1 37.125 0.0163929
3.1 39.375 0.0164325
3.1 41.625 0.0174405
3.1 43.875 0.0163173
3.3 1.125 0.0118581
3.3 3.375 0.0121618
3.3 5.625 0.0118922
3.3 7.875 0.0108834
3.3 10.125 0.0114102
3.3 12.375 0.0123047
3.3 14.625 0.0111662
3.3 16.875 0.0113873
3.3 19.125 0.0120875
3.3 21.375 0.0128761
3.3 23.625 0.0131784
3.3 25.875 0.0129187
3.3 28.125 0.0145599
3.3 30.375 0.0139166
3.3 32.625 0.0130093
3.3 34.875 0.013139
3.3 37.125 0.0135415
3.3 39.375 0.0136882
3.3 41.625 0.0130534
3.3 43.875 0.0131066
3.5 1.125 0.0103986
3.5 3.375 0.0102058
3.5 5.625 0.0105329
3.5 7.875 0.0104641
3.5 10.125 0.00954977
3.5 12.375 0.00982393
3.5 14.625 0.00911639
3.5 16.875 0.00984013
3.5 19.125 0.00979676
3.5 21.375 0.0104661
3.5 23.625 0.0113668
3.5 25.875 0.0110495
3.5 28.125 0.0108899
3.5 30.375 0.0114062
3.5 32.625 0.0124946
3.5 34.875 0.0113184
3.5 37.125 0.0111756
3.5 39.375 0.0108689
3.5 41.625 0.011562
3.5 43.875 0.0114342
3.7 1.125 0.0088157
3.7 3.375 0.00900896
3.7 5.625 0.00850935
3.7 7.875 0.00895633
3.7 10.125 0.00834579
3.7 12.375 0.00835466
3.7 14.625 0.00901835
3.7 16.875 0.0082093
3.7 19.125 0.00841917
3.7 21.375 0.00937108
3.7 23.625 0.0102548
3.7 25.875 0.0104531
3.7 28.125 0.00911523
3.7 30.375 0.00930975
3.7 32.625 0.00928227
3.7 34.875 0.0101158
3.7 37.125 0.00977535
3.7 39.375 0.00903064
3.7 41.625 0.00941969
3.7 43.875 0.00952947
3.9 1.125 0.00750803
3.9 3.375 0.00780722
3.9 5.625 0.0076799
3.9 7.875 0.00852549
3.9 10.125 0.00706342
3.9 12.375 0.00762485
3.9 14.625 0.00831466
3.9 16.875 0.00755809
3.9 19.125 0.00742737
3.9 21.375 0.00829171
3.9 23.625 0.00790522
3.9 25.875 0.00755111
3.9 28.125 0.00816617
3.9 30.375 0.00816023
3.9 32.625 0.00771694
3.9 34.875 0.00792108
3.9 37.125 0.00801758
3.9 39.375 0.00783918
3.9 41.625 0.00844452
3.9 43.875 0.00833201
4.1 1.125 0.00954485
4.1 3.375 0.00728967
4.1 5.625 0.00664423
4.1 7.875 0.00734239
4.1 10.125 0.00701248
4.1 12.375 0.00759861
4.1 14.625 0.00726051
4.1 16.875 0.00771826
4.1 19.125 0.00828565
4.1 21.375 0.00795251
4.1 23.625 0.00826594
4.1 25.875 0.00703939
4.1 28.125 0.00736108
4.1 30.375 0.00778346
4.1 32.625 0.00705565
4.1 34.875 0.00712042
4.1 37.125 0.00694141
4.1 39.375 0.00675557
4.1 41.625 0.007011
4.1 43.875 0.00645302
4.3 1.125 0.00633446
4.3 3.375 0.00650742
4.3 5.625 0.0061129
4.3 7.875 0.00603604
4.3 10.125 0.00673222
4.3 12.375 0.00595917
4.3 14.625 0.00663929
4.3 16.875 0.00683685
4.3 19.125 0.00665611
4.3 21.375 0.00752566
4.3 23.625 0.00682829
4.3 25.875 0.00632847
4.3 28.125 0.0065589
4.3 30.375 0.00688032
4.3 32.625 0.00676513
4.3 34.875 0.00608978
4.3 37.125 0.00678948
4.3 39.375 0.00621806
4.3 41.625 0.0057765
4.3 43.875 0.00563073
4.5 1.125 0.00593655
4.5 3.375 0.00496308
4.5 5.625 0.00519236
4.5 7.875 0.00807691
4.5 10.125 0.00552762
4.5 12.375 0.0058483
4.5 14.625 0.00544013
4.5 16.875 0.00618399
4.5 19.125 0.00562332
4.5 21.375 0.00612788
4.5 23.625 0.00602516
4.5 25.875 0.0082473
4.5 28.125 0.00565947
4.5 30.375 0.00563197
4.5 32.625 0.00572251
4.5 34.875 0.00540426
4.5 37.125 0.00554848
4.5 39.375 0.00545651
4.5 41.625 0.0050551
4.5 43.875 0.00505271
4.7 1.125 0.00528016
4.7 3.375 0.00568017
4.7 5.625 0.00461844
4.7 7.875 0.00740357
4.7 10.125 0.00480191
4.7 12.375 0.00506055
4.7 14.625 0.00477275
4.7 16.875 0.00550929
4.7 19.125 0.00524013
4.7 21.375 0.00551747
4.7 23.625 0.00535636
4.7 25.875 0.00561643
4.7 28.125 0.0050056
4.7 30.375 0.00523305
4.7 32.625 0.00517638
4.7 34.875 0.00515558
4.7 37.125 0.00479253
4.7 39.375 0.0050718
4.7 41.625 0.00501694
4.7 43.875 0.00481474
4.9 1.125 0.00486829
4.9 3.375 0.00467179
4.9 5.625 0.0043638
4.9 7.875 0.00400385
4.9 10.125 0.00462323
4.9 12.375 0.00473251
4.9 14.625 0.00477764
4.9 16.875 0.00510158
4.9 19.125 0.00496409
4.9 21.375 0.00492323
4.9 23.625 0.00498491
4.9 25.875 0.00470684
4.9 28.125 0.00730686
4.9 30.375 0.00702094
4.9 32.625 0.00457847
4.9 34.875 0.00472268
4.9 37.125 0.00486564
4.9 39.375 0.00451228
4.9 41.625 0.00478635
4.9 43.875 0.00393181
5.1 1.125 0.0110459
5.1 3.375 0.00396163
5.1 5.625 0.00419198
5.1 7.875 0.00444308
5.1 10.125 0.00405541
5.1 12.375 0.0040606
5.1 14.625 0.00521976
5.1 16.875 0.00427685
5.1 19.125 0.00423549
5.1 21.375 0.00436494
5.1 23.625 0.00416981
5.1 25.875 0.00429168
5.1 28.125 0.00414444
5.1 30.375 0.00762921
5.1 32.625 0.0069503
5.1 34.875 0.00409991
5.1 37.125 0.0041967
5.1 39.375 0.00427393
5.1 41.625 0.00435926
5.1 43.875 0.00955604
5.3 1.125 0.00372401
5.3 3.375 0.00426368
5.3 5.625 0.00393381
5.3 7.875 0.00449896
5.3 10.125 0.004009
5.3 12.375 0.0036727
5.3 14.625 0.0040972
5.3 16.875 0.00582156
5.3 19.125 0.00400824
5.3 21.375 0.00403136
5.3 23.625 0.00418768
5.3 25.875 0.00361481
5.3 28.125 0.00413725
5.3 30.375 0.00402363
5.3 32.625 0.00416242
5.3 34.875 0.00435384
5.3 37.125 0.00423936
5.3 39.375 0.00432953
5.3 41.625 0.00406932
5.3 43.875 0.00405444
5.5 1.125 0.00549873
5.5 3.375 0.00588299
5.5 5.625 0.00355145
5.5 7.875 0.00339086
5.5 10.125 0.0035894
5.5 12.375 0.00542352
5.5 14.625 0.00396341
5.5 16.875 0.00399009
5.5 19.125 0.00416438
5.5 21.375 0.0037897
5.5 23.625 0.00427058
5.5 25.875 0.00368686
5.5 28.125 0.00372879
5.5 30.375 0.0037103
5.5 32.625 0.00392205
5.5 34.875 0.00622558
5.5 37.125 0.00344566
5.5 39.375 0.00393284
5.5 41.625 0.00367988
5.5 43.875 0.00368785
5.7 1.125 0.00345725
5.7 3.375 0.00375199
5.7 5.625 0.00316283
5.7 7.875 0.00329726
5.7 10.125 0.00345213
5.7 12.375 0.00390167
5.7 14.625 0.0033767
5.7 16.875 0.00358119
5.7 19.125 0.00384913
5.7 21.375 0.00420229
5.7 23.625 0.00337335
5.7 25.875 0.00341304
5.7 28.125 0.0031224
5.7 30.375 0.00342066
5.7 32.625 0.00348328
5.7 34.875 0.00360762
5.7 37.125 0.00661942
5.7 39.375 0.00370821
5.7 41.625 0.00341628
5.7 43.875 0.00389539
5.9 1.125 0.00314004
5.9 3.375 0.00330199
5.9 5.625 0.00323824
5.9 7.875 0.00317514
5.9 10.125 0.00287896
5.9 12.375 0.00330473
5.9 14.625 0.0033445
5.9 16.875 0.00336207
5.9 19.125 0.00303255
5.9 21.375 0.00327497
5.9 23.625 0.00501252
5.9 25.875 0.00336475
5.9 28.125 0.00330681
5.9 30.375 0.00360062
5.9 32.625 0.00338991
5.9 34.875 0.00318093
5.9 37.125 0.00369814
5.9 39.375 0.00363296
5.9 41.625 0.00328827
5.9 43.875 0.00339304
6.1 1.125 0.00330125
6.1 3.375 0.00301915
6.1 5.625 0.00314452
6.1 7.875 0.00311335
6.1 10.125 0.00318431
6.1 12.375 0.0029923
6.1 14.625 0.00332689
6.1 16.875 0.00345487
6.1 19.125 0.00773105
6.1 21.375 0.00367617
6.1 23.625 0.00331813
6.1 25.875 0.0032149
6.1 28.125 0.00299907
6.1 30.375 0.00345858
6.1 32.625 0.00338788
6.1 34.875 0.00334257
6.1 37.125 0.00284794
6.1 39.375 0.00315586
6.1 41.625 0.00314656
6.1 43.875 0.00343843
6.3 1.125 0.00305528
6.3 3.375 0.0030003
6.3 5.625 0.00290697
6.3 7.875 0.00293577
6.3 10.125 0.00305734
6.3 12.375 0.0031992
6.3 14.625 0.00376695
6.3 16.875 0.00311095
6.3 19.125 0.00342312
6.3 21.375 0.0029833
6.3 23.625 0.00302447
6.3 25.875 0.0031176
6.3 28.125 0.00298284
6.3 30.375 0.00281611
6.3 32.625 0.00336771
6.3 34.875 0.00330131
6.3 37.125 0.00338907
6.3 39.375 0.00281585
6.3 41.625 0.00314831
6.3 43.875 0.00313595
6.5 1.125 0.00319307
6.5 3.375 0.00295395
6.5 5.625 0.00278197
6.5 7.875 0.00283853
6.5 10.125 0.00303401
6.5 12.375 0.00292513
6.5 14.625 0.00315935
6.5 16.875 0.00290867
6.5 19.125 0.0033617
6.5 21.375 0.00294889
6.5 23.625 0.00331769
6.5 25.875 0.00303559
6.5 28.125 0.00289243
6.5 30.375 0.00282129
6.5 32.625 0.00297185
6.5 34.875 0.00290803
6.5 37.125 0.00300429
6.5 39.375 0.00289736
6.5 41.625 0.00287019
6.5 43.875 0.00344418
6.7 1.125 0.00295681
6.7 3.375 0.00278744
6.7 5.625 0.00265372
6.7 7.875 0.00298973
6.7 10.125 0.00302771
6.7 12.375 0.00323771
6.7 14.625 0.00294319
6.7 16.875 0.00658836
6.7 19.125 0.00303095
6.7 21.375 0.00319181
6.7 23.625 0.00274875
6.7 25.875 0.00323112
6.7 28.125 0.00280138
6.7 30.375 0.00294833
6.7 32.625 0.00324727
6.7 34.875 0.00300018
6.7 37.125 0.00297171
6.7 39.375 0.0031174
6.7 41.625 0.00331523
6.7 43.875 0.00277842
6.9 1.125 0.00276537
6.9 3.375 0.00292917
6.9 5.625 0.00267011
6.9 7.875 0.00294898
6.9 10.125 0.00267327
6.9 12.375 0.00306643
6.9 14.625 0.00266095
6.9 16.875 0.00278331
6.9 19.125 0.00278893
6.9 21.375 0.00271701
6.9 23.625 0.00289139
6.9 25.875 0.00295742
6.9 28.125 0.00317235
6.9 30.375 0.0029483
6.9 32.625 0.00282019
6.9 34.875 0.0027632
6.9 37.125 0.00283867
6.9 39.375 0.00261728
6.9 41.625 0.00295523
6.9 43.875 0.00265399
7.1 1.125 0.00263449
7.1 3.375 0.00280831
7.1 5.625 0.00306028
7.1 7.875 0.00263121
7.1 10.125 0.00280147
7.1 12.375 0.00319484
7.1 14.625 0.00282149
7.1 16.875 0.00277302
7.1 19.125 0.00289139
7.1 21.375 0.00276241
7.1 23.625 0.00285204
7.1 25.875 0.0028453
7.1 28.125 0.00263306
7.1 30.375 0.00332674
7.1 32.625 0.00229403
7.1 34.875 0.00300628
7.1 37.125 0.00248968
7.1 39.375 0.00252303
7.1 41.625 0.00347325
7.1 43.875 0.00287624
7.3 1.125 0.00270595
7.3 3.375 0.00269812
7.3 5.625 0.00277321
7.3 7.875 0.00277693
7.3 10.125 0.00654396
7.3 12.375 0.00272336
7.3 14.625 0.00288508
7.3 16.875 0.00268752
7.3 19.125 0.00283035
7.3 21.375 0.00282813
7.3 23.625 0.00275372
7.3 25.875 0.00262298
7.3 28.125 0.00278917
7.3 30.375 0.00246596
7.3 32.625 0.00288762
7.3 34.875 0.00271223
7.3 37.125 0.0027408
7.3 39.375 0.00266877
7.3 41.625 0.00288734
7.3 43.875 0.00273057
7.5 1.125 0.00510814
7.5 3.375 0.00237804
7.5 5.625 0.00524741
7.5 7.875 0.002643
7.5 10.125 0.00271038
7.5 12.375 0.00254024
7.5 14.625 0.00296411
7.5 16.875 0.0026403
7.5 19.125 0.00287169
7.5 21.375 0.00273398
7.5 23.625 0.00259537
7.5 25.875 0.00239467
7.5 28.125 0.00296041
7.5 30.375 0.0027181
7.5 32.625 0.00266242
7.5 34.875 0.00264282
7.5 37.125 0.00262135
7.5 39.375 0.0025338
7.5 41.625 0.00268454
7.5 43.875 0.0025536
7.7 1.125 0.00627156
7.7 3.375 0.00229476
7.7 5.625 0.00534408
7.7 7.875 0.00247697
7.7 10.125 0.00250488
7.7 12.375 0.00493959
7.7 14.625 0.00256172
7.7 16.875 0.00287942
7.7 19.125 0.00251286
7.7 21.375 0.00260331
7.7 23.625 0.00303831
7.7 25.875 0.0036277
7.7 28.125 0.00861629
7.7 30.375 0.00265828
7.7 32.625 0.00248155
7.7 34.875 0.00278432
7.7 37.125 0.00263283
7.7 39.375 0.00272076
7.7 41.625 0.00257024
7.7 43.875 0.00264073
7.9 1.125 0.00262933
7.9 3.375 0.0025118
7.9 5.625 0.00255729
7.9 7.875 0.00233551
7.9 10.125 0.00261321
7.9 12.375 0.00281506
7.9 14.625 0.00252363
7.9 16.875 0.00452746
7.9 19.125 0.00286324
7.9 21.375 0.00226976
7.9 23.625 0.00233029
7.9 25.875 0.00257521
7.9 28.125 0.00267181
7.9 30.375 0.00248539
7.9 32.625 0.00264509
7.9 34.875 0.00256832
7.9 37.125 0.00267198
7.9 39.375 0.00275817
7.9 41.625 0.00250493
7.9 43.875 0.0027034
8.1 1.125 0.00231041
8.1 3.375 0.00253737
8.1 5.625 0.00238496
8.1 7.875 0.00259748
8.1 10.125 0.00229276
8.1 12.375 0.00241982
8.1 14.625 0.00232855
8.1 16.875 0.00253243
8.1 19.125 0.00559029
8.1 21.375 0.00239578
8.1 23.625 0.00262492
8.1 25.875 0.00215668
8.1 28.125 0.00288571
8.1 30.375 0.00218686
8.1 32.625 0.00277655
8.1 34.875 0.00282383
8.1 37.125 0.00246493
8.1 39.375 0.0020127
8.1 41.625 0.00251496
8.1 43.875 0.00242196
8.3 1.125 0.00233444
8.3 3.375 0.00205985
8.3 5.625 0.00240261
8.3 7.875 0.00251406
8.3 10.125 0.00223275
8.3 12.375 0.00225061
8.3 14.625 0.00217182
8.3 16.875 0.00240015
8.3 19.125 0.00259516
8.3 21.375 0.00248351
8.3 23.625 0.00234591
8.3 25.875 0.00208269
8.3 28.125 0.00230698
8.3 30.375 0.00257455
8.3 32.625 0.00243187
8.3 34.875 0.00258951
8.3 37.125 0.00253737
8.3 39.375 0.00235632
8.3 41.625 0.00296213
8.3 43.875 0.00278509
8.5 1.125 0.00235424
8.5 3.375 0.00213323
8.5 5.625 0.00236903
8.5 7.875 0.00221416
8.5 10.125 0.00237758
8.5 12.375 0.0023902
8.5 14.625 0.00299497
8.5 16.875 0.00224905
8.5 19.125 0.00272053
8.5 21.375 0.00238507
8.5 23.625 0.00225554
8.5 25.875 0.00251819
8.5 28.125 0.00255236
8.5 30.375 0.00222979
8.5 32.625 0.00229155
8.5 34.875 0.00329316
8.5 37.125 0.00249191
8.5 39.375 0.00235454
8.5 41.625 0.00237083
8.5 43.875 0.00264677
8.7 1.125 0.00239864
8.7 3.375 0.00218943
8.7 5.625 0.00242243
8.7 7.875 0.00206535
8.7 10.125 0.00269577
8.7 12.375 0.00199356
8.7 14.625 0.00255063
8.7 16.875 0.00223655
8.7 19.125 0.00243579
8.7 21.375 0.00270829
8.7 23.625 0.00200696
8.7 25.875 0.00221707
8.7 28.125 0.0105199
8.7 30.375 0.00239109
8.7 32.625 0.00246911
8.7 34.875 0.00252462
8.7 37.125 0.00271661
8.7 39.375 0.00237997
8.7 41.625 0.00221092
8.7 43.875 0.00237733
8.9 1.125 0.0021142
8.9 3.375 0.00189235
8.9 5.625 0.00212446
8.9 7.875 0.00232699
8.9 10.125 0.00239431
8.9 12.375 0.00201415
8.9 14.625 0.00257421
8.9 16.875 0.00237095
8.9 19.125 0.00232456
8.9 21.375 0.00242766
8.9 23.625 0.00240101
8.9 25.875 0.00214947
8.9 28.125 0.00205562
8.9 30.375 0.00248176
8.9 32.625 0.00230556
8.9 34.875 0.00227604
8.9 37.125 0.0096195
8.9 39.375 0.00421196
8.9 41.625 0.0108769
8.9 43.875 0.0154198
9.1 1.125 0.00256695
9.1 3.375 0.00240593
9.1 5.625 0.0021589
9.1 7.875 0.00213297
9.1 10.125 0.00246689
9.1 12.375 0.00499272
9.1 14.625 0.00245331
9.1 16.875 0.00223496
9.1 19.125 0.00253994
9.1 21.375 0.00245167
9.1 23.625 0.00272013
9.1 25.875 0.00225865
9.1 28.125 0.00262618
9.1 30.375 0.00222498
9.1 32.625 0.00317327
9.1 34.875 0.0024329
9.1 37.125 0.00228844
9.1 39.375 0.00286947
9.1 41.625 0.0024026
9.1 43.875 0.00229298
9.3 1.125 0.00207327
9.3 3.375 0.00229656
9.3 5.625 0.00308645
9.3 7.875 0.00401421
9.3 10.125 0.00274654
9.3 12.375 0.00257713
9.3 14.625 0.00263755
9.3 16.875 0.00202448
9.3 19.125 0.00231825
9.3 21.375 0.00183113
9.3 23.625 0.00307824
9.3 25.875 0.00218596
9.3 28.125 0.0021474
9.3 30.375 0.00217801
9.3 32.625 0.00232146
9.3 34.875 0.00224429
9.3 37.125 0.00230224
9.3 39.375 0.00246346
9.3 41.625 0.00208305
9.3 43.875 0.00242369
9.5 1.125 0.0160027
9.5 3.375 0.00277844
9.5 5.625 0.00198883
9.5 7.875 0.00226096
9.5 10.125 0.00438705
9.5 12.375 0.00245422
9.5 14.625 0.00232488
9.5 16.875 0.00252307
9.5 19.125 0.00236072
9.5 21.375 0.00318077
9.5 23.625 0.00184164
9.5 25.875 0.00217529
9.5 28.125 0.00269116
9.5 30.375 0.00272545
9.5 32.625 0.00232961
9.5 34.875 0.00245884
9.5 37.125 0.0040141
9.5 39.375 0.00322706
9.5 41.625 0.00232245
9.5 43.875 0.00197864
9.7 1.125 0.00249664
9.7 3.375 0.00228154
9.7 5.625 0.00229421
9.7 7.875 0.00233905
9.7 10.125 0.00232416
9.7 12.375 0.00239869
9.7 14.625 0.00256161
9.7 16.875 0.00222778
9.7 19.125 0.00234893
9.7 21.375 0.00250829
9.7 23.625 0.00228096
9.7 25.875 0.0023916
9.7 28.125 0.00248226
9.7 30.375 0.00233479
9.7 32.625 0.00215814
9.7 34.875 0.00216707
9.7 37.125 0.0022926
9.7 39.375 0.00236416
9.7 41.625 0.00246794
9.7 43.875 0.00215531
9.9 1.125 0.00415951
9.9 3.375 0.00332524
9.9 5.625 0.00535811
9.9 7.875 0.00263687
9.9 10.125 0.00220778
9.9 12.375 0.00245578
9.9 14.625 0.003247
9.9 16.875 0.00212738
9.9 19.125 0.00249453
9.9 21.375 0.00497096
9.9 23.625 0.00240769
9.9 25.875 0.00292605
9.9 28.125 0.00231186
9.9 30.375 0.00259883
9.9 32.625 0.00277943
9.9 34.875 0.0021407
9.9 37.125 0.00225122
9.9 39.375 0.00263711
9.9 41.625 0.00199108
9.9 43.875 0.00247196
10.1 1.125 0.00417267
10.1 3.375 0.00226481
10.1 5.625 0.00201616
10.1 7.875 0.00205868
10.1 10.125 0.0113453
10.1 12.375 0.00213205
10.1 14.625 0.00219691
10.1 16.875 0.00227894
10.1 19.125 0.00250222
10.1 21.375 0.00210543
10.1 23.625 0.00229392
10.1 25.875 0.00237628
10.1 28.125 0.00222649
10.1 30.375 0.00223768
10.1 32.625 0.00213361
10.1 34.875 0.00245745
10.1 37.125 0.00218104
10.1 39.375 0.00217447
10.1 41.625 0.0020415
10.1 43.875 0.00222672
10.3 1.125 0.00207078
10.3 3.375 0.00239993
10.3 5.625 0.00207091
10.3 7.875 0.00261201
10.3 10.125 0.00236545
10.3 12.375 0.0020849
10.3 14.625 0.00458797
10.3 16.875 0.00975884
10.3 19.125 0.00205567
10.3 21.375 0.0155876
10.3 23.625 0.00227803
10.3 25.875 0.00196213
10.3 28.125 0.00213821
10.3 30.375 0.00217632
10.3 32.625 0.0042656
10.3 34.875 0.00192369
10.3 37.125 0.00274764
10.3 39.375 0.00234327
10.3 41.625 0.00215149
10.3 43.875 0.00234322
10.5 1.125 0.00198093
10.5 3.375 0.0018507
10.5 5.625 0.00244322
10.5 7.875 0.00197311
10.5 10.125 0.00222922
10.5 12.375 0.00247802
10.5 14.625 0.00201367
10.5 16.875 0.00212823
10.5 19.125 0.00386415
10.5 21.375 0.00227852
10.5 23.625 0.00219753
10.5 25.875 0.00173637
10.5 28.125 0.00237966
10.5 30.375 0.001766
10.5 32.625 0.00209375
10.5 34.875 0.00252484
10.5 37.125 0.00216373
10.5 39.375 0.00238648
10.5 41.625 0.00216678
10.5 43.875 0.0165442
10.7 1.125 0.00200358
10.7 3.375 0.00219416
10.7 5.625 0.00220036
10.7 7.875 0.0020416
10.7 10.125 0.0021307
10.7 12.375 0.00215801
10.7 14.625 0.00292279
10.7 16.875 0.00201482
10.7 19.125 0.00223071
10.7 21.375 0.00254672
10.7 23.625 0.00220822
10.7 25.875 0.00204064
10.7 28.125 0.00229965
10.7 30.375 0.00349219
10.7 32.625 0.00246027
10.7 34.875 0.00231779
10.7 37.125 0.00508739
10.7 39.375 0.00260874
10.7 41.625 0.00231548
10.7 43.875 0.00249437
10.9 1.125 0.00195068
10.9 3.375 0.00263155
10.9 5.625 0.00213006
10.9 7.875 0.00217116
10.9 10.125 0.00225542
10.9 12.375 0.00221016
10.9 14.625 0.00192998
10.9 16.875 0.00171497
10.9 19.125 0.00179063
10.9 21.375 0.00333281
10.9 23.625 0.00207729
10.9 25.875 0.00196579
10.9 28.125 0.00220277
10.9 30.375 0.001929
10.9 32.625 0.0100941
10.9 34.875 0.00211041
10.9 37.125 0.00257279
10.9 39.375 0.00226196
10.9 41.625 0.00241726
10.9 43.875 0.00238889
11.1 1.125 0.00217373
11.1 3.375 0.00200586
11.1 5.625 0.00247357
11.1 7.875 0.00187592
11.1 10.125 0.00225133
11.1 12.375 0.00217987
11.1 14.625 0.00216534
11.1 16.875 0.00244642
11.1 19.125 0.00199514
11.1 21.375 0.00168657
11.1 23.625 0.00190039
11.1 25.875 0.00228881
11.1 28.125 0.00282341
11.1 30.375 0.0023424
11.1 32.625 0.00236514
11.1 34.875 0.00161602
11.1 37.125 0.00240193
11.1 39.375 0.00259443
11.1 41.625 0.00386846
11.1 43.875 0.00351967
11.3 1.125 0.00203782
11.3 3.375 0.00175053
11.3 5.625 0.00156833
11.3 7.875 0.00197086
11.3 10.125 0.00246862
11.3 12.375 0.00200971
11.3 14.625 0.00226185
11.3 16.875 0.00225336
11.3 19.125 0.00211633
11.3 21.375 0.00222826
11.3 23.625 0.00203004
11.3 25.875 0.00419407
11.3 28.125 0.00416948
11.3 30.375 0.00230133
11.3 32.625 0.0020424
11.3 34.875 0.00219137
11.3 37.125 0.0019454
11.3 39.375 0.001845
11.3 41.625 0.00250947
11.3 43.875 0.00257281
11.5 1.125 0.00257565
11.5 3.375 0.00232561
11.5 5.625 0.00248759
11.5 7.875 0.00220377
11.5 10.125 0.00193833
11.5 12.375 0.00279093
11.5 14.625 0.00294625
11.5 16.875 0.00229976
11.5 19.125 0.0020375
11.5 21.375 0.00261404
11.5 23.625 0.00264366
11.5 25.875 0.00156924
11.5 28.125 0.0207759
11.5 30.375 0.00235947
11.5 32.625 0.0241078
11.5 34.875 0.00202023
11.5 37.125 0.0025423
11.5 39.375 0.00231263
11.5 41.625 0.00182842
11.5 43.875 0.00200685
11.7 1.125 0.00247328
11.7 3.375 0.0026166
11.7 5.625 0.00213473
11.7 7.875 0.00196194
11.7 10.125 0.00244613
11.7 12.375 0.00211937
11.7 14.625 0.00242295
11.7 16.875 0.00258982
11.7 19.125 0.00190052
11.7 21.375 0.0021879
11.7 23.625 0.0023063
11.7 25.875 0.00216891
11.7 28.125 0.00162633
11.7 30.375 0.0210377
11.7 32.625 0.00227898
11.7 34.875 0.00206606
11.7 37.125 0.0022737
11.7 39.375 0.00209513
11.7 41.625 0.00190012
11.7 43.875 0.00191484
11.9 1.125 0.00244299
11.9 3.375 0.00206725
11.9 5.625 0.00253396
11.9 7.875 0.00331809
11.9 10.125 0.00217648
11.9 12.375 0.00239081
11.9 14.625 0.00214415
11.9 16.875 0.00287698
11.9 19.125 0.002156
11.9 21.375 0.00223536
11.9 23.625 0.00201633
11.9 25.875 0.00205144
11.9 28.125 0.00237989
11.9 30.375 0.00207455
11.9 32.625 0.00231831
11.9 34.875 0.00186533
11.9 37.125 0.00274946
11.9 39.375 0.00153771
11.9 41.625 0.00235246
11.9 43.875 0.00238023
12.1 1.125 0.00255457
12.1 3.375 0.0020655
12.1 5.625 0.00183598
12.1 7.875 0.0020126
12.1 10.125 0.00381039
12.1 12.375 0.00224654
12.1 14.625 0.0028005
12.1 16.875 0.00187525
12.1 19.125 0.00248287
12.1 21.375 0.00294588
12.1 23.625 0.00225185
12.1 25.875 0.00241738
12.1 28.125 0.00189579
12.1 30.375 0.00275821
12.1 32.625 0.00225726
12.1 34.875 0.00179885
12.1 37.125 0.00195281
12.1 39.375 0.00164998
12.1 41.625 0.00172119
12.1 43.875 0.00229184
12.3 1.125 0.00195421
12.3 3.375 0.00250578
12.3 5.625 0.00238535
12.3 7.875 0.00180867
12.3 10.125 0.00197237
12.3 12.375 0.00269651
12.3 14.625 0.00258246
12.3 16.875 0.00215426
12.3 19.125 0.00249014
12.3 21.375 0.00304909
12.3 23.625 0.00163758
12.3 25.875 0.00477726
12.3 28.125 0.0016438
12.3 30.375 0.00260802
12.3 32.625 0.00192376
12.3 34.875 0.00226703
12.3 37.125 0.0033356
12.3 39.375 0.00700547
12.3 41.625 0.00216998
12.3 43.875 0.00217785
12.5 1.125 0.00186657
12.5 3.375 0.00224543
12.5 5.625 0.00325889
12.5 7.875 0.00251748
12.5 10.125 0.00196429
12.5 12.375 0.00162183
12.5 14.625 0.00268688
12.5 16.875 0.00265302
12.5 19.125 0.00160547
12.5 21.375 0.00178148
12.5 23.625 0.0017741
12.5 25.875 0.00230486
12.5 28.125 0.0022289
12.5 30.375 0.00194224
12.5 32.625 0.00264598
12.5 34.875 0.00186667
12.5 37.125 0.00217289
12.5 39.375 0.00190708
12.5 41.625 0.00394663
12.5 43.875 0.00372351
12.7 1.125 0.00266245
12.7 3.375 0.00209705
12.7 5.625 0.0029725
12.7 7.875 0.00161368
12.7 10.125 0.00444443
12.7 12.375 0.00886211
12.7 14.625 0.00199737
12.7 16.875 0.00312179
12.7 19.125 0.00208405
12.7 21.375 0.00204399
12.7 23.625 0.0017981
12.7 25.875 0.0301326
12.7 28.125 0.00231306
12.7 30.375 0.0017249
12.7 32.625 0.0025486
12.7 34.875 0.00293551
12.7 37.125 0.00373153
12.7 39.375 0.00190759
12.7 41.625 0.00184392
12.7 43.875 0.00217929
12.9 1.125 0.0130878
12.9 3.375 0.00237276
12.9 5.625 0.0019262
12.9 7.875 0.00242051
12.9 10.125 0.0045088
12.9 12.375 0.00166031
12.9 14.625 0.00309246
12.9 16.875 0.00343934
12.9 19.125 0.00238771
12.9 21.375 0.00191681
12.9 23.625 0.00214784
12.9 25.875 0.00178009
12.9 28.125 0.00384563
12.9 30.375 0.00255547
12.9 32.625 0.00204721
12.9 34.875 0.00261768
12.9 37.125 0.00262881
12.9 39.375 0.00544112
12.9 41.625 0.00186962
12.9 43.875 0.00193121
13.1 1.125 0.001516
13.1 3.375 0.00317063
13.1 5.625 0.00220827
13.1 7.875 0.00163821
13.1 10.125 0.002353
13.1 12.375 0.00197405
13.1 14.625 0.00168908
13.1 16.875 0.00321569
13.1 19.125 0.00246592
13.1 21.375 0.00278595
13.1 23.625 0.00223028
13.1 25.875 0.00299364
13.1 28.125 0.00218028
13.1 30.375 0.00211847
13.1 32.625 0.00178323
13.1 34.875 0.0019232
13.1 37.125 0.0017402
13.1 39.375 0.00244915
13.1 41.625 0.00476088
13.1 43.875 0.00202235
13.3 1.125 0.00239175
13.3 3.375 0.00202105
13.3 5.625 0.00212302
13.3 7.875 0.00223639
13.3 10.125 0.00177009
13.3 12.375 0.0223176
13.3 14.625 0.00278609
13.3 16.875 0.00246178
13.3 19.125 0.00188316
13.3 21.375 0.00161366
13.3 23.625 0.00175854
13.3 25.875 0.00223751
13.3 28.125 0.00271136
13.3 30.375 0.00224738
13.3 32.625 0.00374671
13.3 34.875 0.00227747
13.3 37.125 0.00139555
13.3 39.375 0.0078527
13.3 41.625 0.00291367
13.3 43.875 0.00237248
13.5 1.125 0.00232363
13.5 3.375 0.00159374
13.5 5.625 0.00198768
13.5 7.875 0.00209854
13.5 10.125 0.00189598
13.5 12.375 0.0021017
13.5 14.625 0.00153778
13.5 16.875 0.00176797
13.5 19.125 0.00189763
13.5 21.375 0.0470857
13.5 23.625 0.00569048
13.5 25.875 0.00258401
13.5 28.125 0.00256218
13.5 30.375 0.00191601
13.5 32.625 0.0016467
13.5 34.875 0.00172998
13.5 37.125 0.00204685
13.5 39.375 0.00239818
13.5 41.625 0.00145267
13.5 43.875 0.0016751
13.7 1.125 0.00161702
13.7 3.375 0.0023831
13.7 5.625 0.0016925
13.7 7.875 0.00235506
13.7 10.125 0.0017508
13.7 12.375 0.00203407
13.7 14.625 0.00217979
13.7 16.875 0.00287074
13.7 19.125 0.00195278
13.7 21.375 0.0338785
13.7 23.625 0.00205199
13.7 25.875 0.00208157
13.7 28.125 0.00164592
13.7 30.375 0.00195456
13.7 32.625 0.00356138
13.7 34.875 0.00279819
13.7 37.125 0.00183537
13.7 39.375 0.00190311
13.7 41.625 0.00168232
13.7 43.875 0.00213468
13.9 1.125 0.00173284
13.9 3.375 0.00281855
13.9 5.625 0.0020509
13.9 7.875 0.00213651
13.9 10.125 0.00179085
13.9 12.375 0.00248771
13.9 14.625 0.00201129
13.9 16.875 0.00342266
13.9 19.125 0.00228264
13.9 21.375 0.00177968
13.9 23.625 0.00250267
13.9 25.875 0.00519296
13.9 28.125 0.00361378
13.9 30.375 0.00271105
13.9 32.625 0.00240181
13.9 34.875 0.00177997
13.9 37.125 0.00213507
13.9 39.375 0.00202038
13.9 41.625 0.00343859
13.9 43.875 0.00342962
