0.1 1.125 2.4809
0.1 3.375 2.47774
0.1 7.875 1.94624
0.1 10.125 2.03527
0.1 12.375 1.97823
0.1 14.625 1.5379
0.1 16.875 1.86321
0.1 19.125 2.02935
0.1 21.375 1.66262
0.1 23.625 1.68138
0.1 25.875 2.05826
0.1 28.125 2.17835
0.1 30.375 1.0024
0.1 32.625 2.47382
0.1 34.875 1.98084
0.1 37.125 1.40416
0.1 39.375 2.13044
0.1 41.625 2.42649
0.1 43.875 2.50903
0.3 1.125 2.46332
0.3 3.375 2.1907
0.3 5.625 2.469
0.3 7.875 2.36763
0.3 10.125 2.44788
0.3 12.375 2.36749
0.3 14.625 2.45575
0.3 16.875 2.46301
0.3 19.125 2.42876
0.3 21.375 2.43683
0.3 23.625 2.36347
0.3 25.875 2.45459
0.3 28.125 2.3683
0.3 30.375 2.33392
0.3 32.625 2.45065
0.3 34.875 2.45447
0.3 37.125 2.4294
0.3 39.375 2.45647
0.3 41.625 2.46497
0.3 43.875 2.43721
0.5 1.125 2.35233
0.5 3.375 2.2555
0.5 5.625 2.40526
0.5 7.875 2.36613
0.5 10.125 2.40531
0.5 12.375 2.29243
0.5 14.625 2.39426
0.5 16.875 2.36599
0.5 19.125 2.40292
0.5 21.375 2.41403
0.5 23.625 2.39568
0.5 25.875 2.40345
0.5 28.125 2.37046
0.5 30.375 2.36371
0.5 32.625 2.40799
0.5 34.875 2.40956
0.5 37.125 2.37154
0.5 39.375 2.21642
0.5 41.625 2.24998
0.5 43.875 2.34379
0.7 1.125 2.09176
0.7 3.375 2.23564
0.7 5.625 2.28877
0.7 7.875 2.22965
0.7 10.125 2.28191
0.7 12.375 2.2529
0.7 14.625 2.29721
0.7 16.875 2.29829
0.7 19.125 2.29483
0.7 21.375 2.1986
0.7 23.625 2.23031
0.7 25.875 2.25284
0.7 28.125 2.31692
0.7 30.375 2.29116
0.7 32.625 2.2593
0.7 34.875 2.29549
0.7 37.125 2.23664
0.7 39.375 2.2467
0.7 41.625 2.23244
0.7 43.875 2.23173
0.9 1.125 1.84222
0.9 3.375 2.035
0.9 5.625 2.06353
0.9 7.875 2.08149
0.9 10.125 2.09767
0.9 12.375 2.04664
0.9 14.625 2.0114
0.9 16.875 2.00058
0.9 19.125 1.99643
0.9 21.375 2.01849
0.9 23.625 2.06577
0.9 25.875 2.1349
0.9 28.125 2.13401
0.9 30.375 2.15857
0.9 32.625 2.09277
0.9 34.875 2.16941
0.9 37.125 2.10828
0.9 39.375 2.19506
0.9 41.625 2.14589
0.9 43.875 2.1129
1.1 1.125 1.52225
1.1 3.375 1.59149
1.1 5.625 1.6287
1.1 7.875 1.5942
1.1 10.125 1.63506
1.1 12.375 1.53766
1.1 14.625 1.59062
1.1 16.875 1.57641
1.1 19.125 1.73106
1.1 21.375 1.75921
1.1 23.625 1.71546
1.1 25.875 1.82825
1.1 28.125 1.7376
1.1 30.375 1.86111
1.1 32.625 1.90292
1.1 34.875 1.93132
1.1 37.125 1.91632
1.1 39.375 1.93572
1.1 41.625 2.03958
1.1 43.875 1.9261
1.3 1.125 0.891286
1.3 3.375 0.916821
1.3 5.625 0.943407
1.3 7.875 0.932572
1.3 10.125 1.06211
1.3 12.375 1.01828
1.3 14.625 1.04657
1.3 16.875 1.11813
1.3 19.125 1.19339
1.3 21.375 1.21374
1.3 23.625 1.19268
1.3 25.875 1.28314
1.3 28.125 1.32168
1.3 30.375 1.3459
1.3 32.625 1.41988
1.3 34.875 1.49637
1.3 37.125 1.56059
1.3 39.375 1.63311
1.3 41.625 1.64552
1.3 43.875 1.58518
1.5 1.125 0.482648
1.5 3.375 0.484867
1.5 5.625 0.511115
1.5 7.875 0.55377
1.5 10.125 0.562926
1.5 12.375 0.531004
1.5 14.625 0.586852
1.5 16.875 0.623313
1.5 19.125 0.607901
1.5 21.375 0.660071
1.5 23.625 0.677344
1.5 25.875 0.796912
1.5 28.125 0.815648
1.5 30.375 0.893288
1.5 32.625 0.89634
1.5 34.875 1.01334
1.5 37.125 1.03373
1.5 39.375 1.07633
1.5 41.625 1.11877
1.5 43.875 1.15921
1.7 1.125 0.265722
1.7 3.375 0.281211
1.7 5.625 0.298857
1.7 7.875 0.306955
1.7 10.125 0.307619
1.7 12.375 0.318359
1.7 14.625 0.31676
1.7 16.875 0.313557
1.7 19.125 0.345376
1.7 21.375 0.336874
1.7 23.625 0.344364
1.7 25.875 0.402205
1.7 28.125 0.419188
1.7 30.375 0.436557
1.7 32.625 0.492992
1.7 34.875 0.575921
1.7 37.125 0.538718
1.7 39.375 0.658058
1.7 41.625 0.630729
1.7 43.875 0.670176
1.9 1.125 0.164134
1.9 3.375 0.176225
1.9 5.625 0.182836
1.9 7.875 0.182516
1.9 10.125 0.192436
1.9 12.375 0.18775
1.9 14.625 0.193102
1.9 16.875 0.206355
1.9 19.125 0.203178
1.9 21.375 0.198961
1.9 23.625 0.212735
1.9 25.875 0.220779
1.9 28.125 0.232109
1.9 30.375 0.236318
1.9 32.625 0.270448
1.9 34.875 0.290837
1.9 37.125 0.321185
1.9 39.375 0.327533
1.9 41.625 0.357566
1.9 43.875 0.354501
2.1 1.125 0.114959
2.1 3.375 0.113707
2.1 5.625 0.114293
2.1 7.875 0.116568
2.1 10.125 0.11923
2.1 12.375 0.120356
2.1 14.625 0.126196
2.1 16.875 0.130877
2.1 19.125 0.134828
2.1 21.375 0.135928
2.1 23.625 0.141327
2.1 25.875 0.14066
2.1 28.125 0.152852
2.1 30.375 0.167401
2.1 32.625 0.173713
2.1 34.875 0.17819
2.1 37.125 0.183948
2.1 39.375 0.189287
2.1 41.625 0.203935
2.1 43.875 0.20404
2.3 1.125 0.077253
2.3 3.375 0.0814184
2.3 5.625 0.0815369
2.3 7.875 0.0800383
2.3 10.125 0.0810581
2.3 12.375 0.0875847
2.3 14.625 0.0897039
2.3 16.875 0.0914423
2.3 19.125 0.0861727
2.3 21.375 0.0917516
2.3 23.625 0.0990588
2.3 25.875 0.0977426
2.3 28.125 0.102679
2.3 30.375 0.110266
2.3 32.625 0.116189
2.3 34.875 0.117203
2.3 37.125 0.128178
2.3 39.375 0.13008
2.3 41.625 0.128855
2.3 43.875 0.126702
2.5 1.125 0.0545806
2.5 3.375 0.0588172
2.5 5.625 0.0604236
2.5 7.875 0.0587072
2.5 10.125 0.0594261
2.5 12.375 0.0601061
2.5 14.625 0.0611558
2.5 16.875 0.0597617
2.5 19.125 0.0612912
2.5 21.375 0.0641051
2.5 23.625 0.0666769
2.5 25.875 0.0720023
2.5 28.125 0.075976
2.5 30.375 0.0819443
2.5 32.625 0.0794633
2.5 34.875 0.0844832
2.5 37.125 0.0837787
2.5 39.375 0.0824706
2.5 41.625 0.0855867
2.5 43.875 0.0842696
2.7 1.125 0.0483965
2.7 3.375 0.0469625
2.7 5.625 0.0458463
2.7 7.875 0.0452332
2.7 10.125 0.0469671
2.7 12.375 0.0479476
2.7 14.625 0.0445281
2.7 16.875 0.0465524
2.7 19.125 0.046487
2.7 21.375 0.0490206
2.7 23.625 0.0501396
2.7 25.875 0.0515779
2.7 28.125 0.0558386
2.7 30.375 0.0561951
2.7 32.625 0.0561873
2.7 34.875 0.0576039
2.7 37.125 0.0546861
2.7 39.375 0.0574251
2.7 41.625 0.0576542
2.7 43.875 0.0569706
2.9 1.125 0.0369665
2.9 3.375 0.0354243
2.9 5.625 0.0361637
2.9 7.875 0.0354445
2.9 10.125 0.0362586
2.9 12.375 0.0370206
2.9 14.625 0.0365008
2.9 16.875 0.0354176
2.9 19.125 0.0386175
2.9 21.375 0.0370081
2.9 23.625 0.0407226
2.9 25.875 0.0413537
2.9 28.125 0.0433383
2.9 30.375 0.0432734
2.9 32.625 0.0440634
2.9 34.875 0.0422481
2.9 37.125 0.0424171
2.9 39.375 0.0423286
2.9 41.625 0.0417279
2.9 43.875 0.0413654
3.1 1.125 0.0288199
3.1 3.375 0.028404
3.1 5.625 0.0288669
3.1 7.875 0.0287919
3.1 10.125 0.029013
3.1 12.375 0.0286504
3.1 14.625 0.0294558
3.1 16.875 0.0302072
3.1 19.125 0.0297507
3.1 21.375 0.0325451
3.1 23.625 0.031494
3.1 25.875 0.0340905
3.1 28.125 0.0340351
3.1 30.375 0.0334978
3.1 32.625 0.0339279
3.1 34.875 0.0337263
3.1 37.125 0.0343214
3.1 39.375 0.0331652
3.1 41.625 0.0334455
3.1 43.875 0.0341671
3.3 1.125 0.0231016
3.3 3.375 0.0241932
3.3 5.625 0.0241324
3.3 7.875 0.0241916
3.3 10.125 0.0247572
3.3 12.375 0.0236079
3.3 14.625 0.0254649
3.3 16.875 0.026148
3.3 19.125 0.0259413
3.3 21.375 0.0268312
3.3 23.625 0.028433
3.3 25.875 0.0277177
3.3 28.125 0.0292564
3.3 30.375 0.026525
3.3 32.625 0.0287771
3.3 34.875 0.0292696
3.3 37.125 0.0278412
3.3 39.375 0.0273106
3.3 41.625 0.0276756
3.3 43.875 0.0255375
3.5 1.125 0.0188741
3.5 3.375 0.0201175
3.5 5.625 0.0202935
3.5 7.875 0.0192126
3.5 10.125 0.0195913
3.5 12.375 0.0202207
3.5 14.625 0.019941
3.5 16.875 0.0203618
3.5 19.125 0.0203968
3.5 21.375 0.0214573
3.5 23.625 0.0217952
3.5 25.875 0.0222733
3.5 28.125 0.0225576
3.5 30.375 0.0237144
3.5 32.625 0.0247916
3.5 34.875 0.0219452
3.5 37.125 0.0236123
3.5 39.375 0.0231293
3.5 41.625 0.0232367
3.5 43.875 0.0214897
3.7 1.125 0.0175139
3.7 3.375 0.0170015
3.7 5.625 0.0169489
3.7 7.875 0.0172781
3.7 10.125 0.015231
3.7 12.375 0.0160771
3.7 14.625 0.0170096
3.7 16.875 0.0174547
3.7 19.125 0.0172005
3.7 21.375 0.0179292
3.7 23.625 0.0188226
3.7 25.875 0.0188917
3.7 28.125 0.0195414
3.7 30.375 0.0192081
3.7 32.625 0.0186751
3.7 34.875 0.0193093
3.7 37.125 0.019339
3.7 39.375 0.0178145
3.7 41.625 0.0193293
3.7 43.875 0.0184861
3.9 1.125 0.0144507
3.9 3.375 0.0144645
3.9 5.625 0.0139928
3.9 7.875 0.0148518
3.9 10.125 0.0147037
3.9 12.375 0.0141978
3.9 14.625 0.0141031
3.9 16.875 0.0157846
3.9 19.125 0.0149562
3.9 21.375 0.0167217
3.9 23.625 0.0159814
3.9 25.875 0.0160821
3.9 28.125 0.018997
3.9 30.375 0.01547
3.9 32.625 0.0155055
3.9 34.875 0.0148184
3.9 37.125 0.0158339
3.9 39.375 0.0157179
3.9 41.625 0.0159747
3.9 43.875 0.0152609
4.1 1.125 0.0134235
4.1 3.375 0.0127997
4.1 5.625 0.0134927
4.1 7.875 0.0123725
4.1 10.125 0.0133584
4.1 12.375 0.0121404
4.1 14.625 0.0124597
4.1 16.875 0.0143236
4.1 19.125 0.0144973
4.1 21.375 0.0133545
4.1 23.625 0.0128484
4.1 25.875 0.0154747
4.1 28.125 0.013672
4.1 30.375 0.0137317
4.1 32.625 0.0131437
4.1 34.875 0.0130704
4.1 37.125 0.0131401
4.1 39.375 0.0132204
4.1 41.625 0.013491
4.1 43.875 0.0130658
4.3 1.125 0.0101885
4.3 3.375 0.0114486
4.3 5.625 0.0103164
4.3 7.875 0.0111165
4.3 10.125 0.0155658
4.3 12.375 0.0113041
4.3 14.625 0.0113091
4.3 16.875 0.0115369
4.3 19.125 0.0124205
4.3 21.375 0.0109815
4.3 23.625 0.0123663
4.3 25.875 0.0112277
4.3 28.125 0.0126782
4.3 30.375 0.012129
4.3 32.625 0.0169385
4.3 34.875 0.0108981
4.3 37.125 0.0114259
4.3 39.375 0.0103989
4.3 41.625 0.0152485
4.3 43.875 0.0116983
4.5 1.125 0.00977717
4.5 3.375 0.00898829
4.5 5.625 0.0096022
4.5 7.875 0.00980736
4.5 10.125 0.00908544
4.5 12.375 0.00979734
4.5 14.625 0.00935877
4.5 16.875 0.0102056
4.5 19.125 0.0130935
4.5 21.375 0.0160244
4.5 23.625 0.0103036
4.5 25.875 0.0100208
4.5 28.125 0.0108412
4.5 30.375 0.010215
4.5 32.625 0.00988567
4.5 34.875 0.00989766
4.5 37.125 0.00939723
4.5 39.375 0.00944246
4.5 41.625 0.00931992
4.5 43.875 0.00957367
4.7 1.125 0.00782302
4.7 3.375 0.00940539
4.7 5.625 0.00754275
4.7 7.875 0.00715766
4.7 10.125 0.00813098
4.7 12.375 0.0086476
4.7 14.625 0.0085882
4.7 16.875 0.00880774
4.7 19.125 0.0106068
4.7 21.375 0.00859564
4.7 23.625 0.00907136
4.7 25.875 0.00892678
4.7 28.125 0.00886887
4.7 30.375 0.00945867
4.7 32.625 0.00909951
4.7 34.875 0.00825122
4.7 37.125 0.00906604
4.7 39.375 0.00826
4.7 41.625 0.00834412
4.7 43.875 0.00809622
4.9 1.125 0.00720335
4.9 3.375 0.00690823
4.9 5.625 0.00762225
4.9 7.875 0.0079613
4.9 10.125 0.00760857
4.9 12.375 0.0102283
4.9 14.625 0.0106837
4.9 16.875 0.00801846
4.9 19.125 0.00807232
4.9 21.375 0.00774138
4.9 23.625 0.00785352
4.9 25.875 0.00787051
4.9 28.125 0.0074169
4.9 30.375 0.00763788
4.9 32.625 0.00751109
4.9 34.875 0.00834005
4.9 37.125 0.00797969
4.9 39.375 0.00695857
4.9 41.625 0.00698518
4.9 43.875 0.00657205
5.1 1.125 0.00616555
5.1 3.375 0.00667852
5.1 5.625 0.00946159
5.1 7.875 0.00570108
5.1 10.125 0.00673109
5.1 12.375 0.00766809
5.1 14.625 0.00685083
5.1 16.875 0.00709844
5.1 19.125 0.00714107
5.1 21.375 0.00685185
5.1 23.625 0.00728765
5.1 25.875 0.0067433
5.1 28.125 0.00786331
5.1 30.375 0.00681065
5.1 32.625 0.00732029
5.1 34.875 0.00688176
5.1 37.125 0.00697856
5.1 39.375 0.00669368
5.1 41.625 0.00666635
5.1 43.875 0.00653923
5.3 1.125 0.00573786
5.3 3.375 0.0055226
5.3 5.625 0.00566774
5.3 7.875 0.00557842
5.3 10.125 0.00569018
5.3 12.375 0.0105472
5.3 14.625 0.00698768
5.3 16.875 0.00665153
5.3 19.125 0.00858104
5.3 21.375 0.0060966
5.3 23.625 0.00595501
5.3 25.875 0.00602649
5.3 28.125 0.00630138
5.3 30.375 0.00616229
5.3 32.625 0.0062207
5.3 34.875 0.00570345
5.3 37.125 0.00604982
5.3 39.375 0.00588717
5.3 41.625 0.00556758
5.3 43.875 0.00612212
5.5 1.125 0.00515405
5.5 3.375 0.00502546
5.5 5.625 0.00513178
5.5 7.875 0.00529985
5.5 10.125 0.0052262
5.5 12.375 0.00590425
5.5 14.625 0.00547173
5.5 16.875 0.00592931
5.5 19.125 0.00581971
5.5 21.375 0.00600372
5.5 23.625 0.00535917
5.5 25.875 0.00534414
5.5 28.125 0.00523485
5.5 30.375 0.00557294
5.5 32.625 0.00577929
5.5 34.875 0.00544782
5.5 37.125 0.00555122
5.5 39.375 0.00550712
5.5 41.625 0.00500256
5.5 43.875 0.00595307
5.7 1.125 0.00919898
5.7 3.375 0.00474256
5.7 5.625 0.00427689
5.7 7.875 0.0045205
5.7 10.125 0.0047209
5.7 12.375 0.00490653
5.7 14.625 0.00499133
5.7 16.875 0.00496522
5.7 19.125 0.0099987
5.7 21.375 0.0053882
5.7 23.625 0.00551348
5.7 25.875 0.00522965
5.7 28.125 0.00504571
5.7 30.375 0.00956277
5.7 32.625 0.00510598
5.7 34.875 0.00509363
5.7 37.125 0.00463537
5.7 39.375 0.00517339
5.7 41.625 0.00517389
5.7 43.875 0.00543123
5.9 1.125 0.00410572
5.9 3.375 0.00695555
5.9 5.625 0.00418452
5.9 7.875 0.00441792
5.9 10.125 0.00471808
5.9 12.375 0.0048119
5.9 14.625 0.0046169
5.9 16.875 0.00456991
5.9 19.125 0.00524927
5.9 21.375 0.00438163
5.9 23.625 0.00469815
5.9 25.875 0.00447194
5.9 28.125 0.00483882
5.9 30.375 0.00544398
5.9 32.625 0.00437267
5.9 34.875 0.00460727
5.9 37.125 0.00876737
5.9 39.375 0.00781871
5.9 41.625 0.00490089
5.9 43.875 0.00770826
6.1 1.125 0.004053
6.1 3.375 0.0106179
6.1 5.625 0.00386681
6.1 7.875 0.00404336
6.1 10.125 0.00419023
6.1 12.375 0.00428909
6.1 14.625 0.00462421
6.1 16.875 0.00432519
6.1 19.125 0.00423995
6.1 21.375 0.00488043
6.1 23.625 0.00811199
6.1 25.875 0.00456847
6.1 28.125 0.00882789
6.1 30.375 0.00440184
6.1 32.625 0.00422139
6.1 34.875 0.00429432
6.1 37.125 0.00446531
6.1 39.375 0.00444378
6.1 41.625 0.00809684
6.1 43.875 0.00435529
6.3 1.125 0.00371581
6.3 3.375 0.00395589
6.3 5.625 0.00424518
6.3 7.875 0.00415409
6.3 10.125 0.00390287
6.3 12.375 0.00435041
6.3 14.625 0.00434138
6.3 16.875 0.00406286
6.3 19.125 0.00457341
6.3 21.375 0.0039734
6.3 23.625 0.00382812
6.3 25.875 0.00380474
6.3 28.125 0.0043884
6.3 30.375 0.00385295
6.3 32.625 0.00421995
6.3 34.875 0.00417088
6.3 37.125 0.00402925
6.3 39.375 0.00398473
6.3 41.625 0.00403216
6.3 43.875 0.00400565
6.5 1.125 0.00402722
6.5 3.375 0.00367504
6.5 5.625 0.00357991
6.5 7.875 0.00377015
6.5 10.125 0.00540934
6.5 12.375 0.00826648
6.5 14.625 0.00416145
6.5 16.875 0.00415239
6.5 19.125 0.0036665
6.5 21.375 0.00392829
6.5 23.625 0.00392643
6.5 25.875 0.00370651
6.5 28.125 0.00355653
6.5 30.375 0.0039455
6.5 32.625 0.00334068
6.5 34.875 0.00370059
6.5 37.125 0.0038252
6.5 39.375 0.00387197
6.5 41.625 0.00422074
6.5 43.875 0.00396917
6.7 1.125 0.00348619
6.7 3.375 0.0039291
6.7 5.625 0.00753693
6.7 7.875 0.00410574
6.7 10.125 0.00366526
6.7 12.375 0.00548984
6.7 14.625 0.0035945
6.7 16.875 0.00365754
6.7 19.125 0.00404725
6.7 21.375 0.00341828
6.7 23.625 0.00396802
6.7 25.875 0.00356426
6.7 28.125 0.00338231
6.7 30.375 0.00347592
6.7 32.625 0.0034067
6.7 34.875 0.0036944
6.7 37.125 0.00367054
6.7 39.375 0.00363468
6.7 41.625 0.00346005
6.7 43.875 0.00339028
6.9 1.125 0.00340836
6.9 3.375 0.0032807
6.9 5.625 0.00869654
6.9 7.875 0.00357849
6.9 10.125 0.00331126
6.9 12.375 0.00377058
6.9 14.625 0.00363296
6.9 16.875 0.00349887
6.9 19.125 0.0035623
6.9 21.375 0.00889646
6.9 23.625 0.00336951
6.9 25.875 0.00334593
6.9 28.125 0.00295076
6.9 30.375 0.00328017
6.9 32.625 0.00312804
6.9 34.875 0.00362555
6.9 37.125 0.00350479
6.9 39.375 0.00356777
6.9 41.625 0.00359483
6.9 43.875 0.00349712
7.1 1.125 0.00898966
7.1 3.375 0.00299782
7.1 5.625 0.00332658
7.1 7.875 0.00322678
7.1 10.125 0.00357513
7.1 12.375 0.00351968
7.1 14.625 0.00320994
7.1 16.875 0.0034263
7.1 19.125 0.00322265
7.1 21.375 0.00318233
7.1 23.625 0.003563
7.1 25.875 0.00326074
7.1 28.125 0.00316511
7.1 30.375 0.00332011
7.1 32.625 0.0031738
7.1 34.875 0.00341548
7.1 37.125 0.00296499
7.1 39.375 0.00337463
7.1 41.625 0.00339389
7.1 43.875 0.00323188
7.3 1.125 0.00320126
7.3 3.375 0.00303221
7.3 5.625 0.0131111
7.3 7.875 0.00343604
7.3 10.125 0.0064631
7.3 12.375 0.00388896
7.3 14.625 0.00378875
7.3 16.875 0.00328171
7.3 19.125 0.00306584
7.3 21.375 0.00324744
7.3 23.625 0.00303469
7.3 25.875 0.00349639
7.3 28.125 0.0028927
7.3 30.375 0.00292397
7.3 32.625 0.00311357
7.3 34.875 0.00304511
7.3 37.125 0.00320919
7.3 39.375 0.00316825
7.3 41.625 0.00324424
7.3 43.875 0.00347168
7.5 1.125 0.00322064
7.5 3.375 0.00286081
7.5 5.625 0.00294785
7.5 7.875 0.0040334
7.5 10.125 0.00310617
7.5 12.375 0.00317332
7.5 14.625 0.00357117
7.5 16.875 0.00354653
7.5 19.125 0.00871052
7.5 21.375 0.00302263
7.5 23.625 0.00331901
7.5 25.875 0.00306689
7.5 28.125 0.0028127
7.5 30.375 0.00301146
7.5 32.625 0.00297042
7.5 34.875 0.0029735
7.5 37.125 0.00764418
7.5 39.375 0.00315847
7.5 41.625 0.00292672
7.5 43.875 0.00299157
7.7 1.125 0.00361856
7.7 3.375 0.00832006
7.7 5.625 0.00495474
7.7 7.875 0.00260542
7.7 10.125 0.00788643
7.7 12.375 0.00701001
7.7 14.625 0.00308668
7.7 16.875 0.00294552
7.7 19.125 0.00394618
7.7 21.375 0.00301633
7.7 23.625 0.00310132
7.7 25.875 0.00296929
7.7 28.125 0.00375108
7.7 30.375 0.00875483
7.7 32.625 0.00272894
7.7 34.875 0.00299434
7.7 37.125 0.00288894
7.7 39.375 0.00306654
7.7 41.625 0.0030171
7.7 43.875 0.00307808
7.9 1.125 0.00264873
7.9 3.375 0.00297244
7.9 5.625 0.00346719
7.9 7.875 0.00321101
7.9 10.125 0.00276185
7.9 12.375 0.0168098
7.9 14.625 0.0101285
7.9 16.875 0.00306658
7.9 19.125 0.00306938
7.9 21.375 0.00326089
7.9 23.625 0.00373116
7.9 25.875 0.00266734
7.9 28.125 0.00287186
7.9 30.375 0.00336253
7.9 32.625 0.00290289
7.9 34.875 0.00365123
7.9 37.125 0.00310818
7.9 39.375 0.00279849
7.9 41.625 0.00264319
7.9 43.875 0.00278602
8.1 1.125 0.00301486
8.1 3.375 0.00336242
8.1 5.625 0.00245446
8.1 7.875 0.00267978
8.1 10.125 0.0028275
8.1 12.375 0.00321474
8.1 14.625 0.0028173
8.1 16.875 0.00347535
8.1 19.125 0.00279614
8.1 21.375 0.00401204
8.1 23.625 0.00283608
8.1 25.875 0.0027021
8.1 28.125 0.00618441
8.1 30.375 0.0026126
8.1 32.625 0.0027434
8.1 34.875 0.00258191
8.1 37.125 0.00276821
8.1 39.375 0.0030975
8.1 41.625 0.00245378
8.1 43.875 0.00281481
8.3 1.125 0.0033373
8.3 3.375 0.00360486
8.3 5.625 0.00261697
8.3 7.875 0.00266561
8.3 10.125 0.00268982
8.3 12.375 0.00303043
8.3 14.625 0.0109658
8.3 16.875 0.00257017
8.3 19.125 0.00249694
8.3 21.375 0.00298924
8.3 23.625 0.00329891
8.3 25.875 0.00287757
8.3 28.125 0.0025739
8.3 30.375 0.00267323
8.3 32.625 0.00278004
8.3 34.875 0.00236169
8.3 37.125 0.00286424
8.3 39.375 0.00280491
8.3 41.625 0.00290061
8.3 43.875 0.00251771
8.5 1.125 0.00377298
8.5 3.375 0.00254957
8.5 5.625 0.00273322
8.5 7.875 0.00271649
8.5 10.125 0.00274142
8.5 12.375 0.00266115
8.5 14.625 0.0116239
8.5 16.875 0.00437182
8.5 19.125 0.00288076
8.5 21.375 0.00276728
8.5 23.625 0.00246569
8.5 25.875 0.00232281
8.5 28.125 0.00631875
8.5 30.375 0.0112865
8.5 32.625 0.00260884
8.5 34.875 0.00294786
8.5 37.125 0.0024898
8.5 39.375 0.00242254
8.5 41.625 0.00247459
8.5 43.875 0.00251625
8.7 1.125 0.00256451
8.7 3.375 0.00259486
8.7 5.625 0.0024359
8.7 7.875 0.00285713
8.7 10.125 0.00276634
8.7 12.375 0.0026102
8.7 14.625 0.00311744
8.7 16.875 0.0031799
8.7 19.125 0.00272034
8.7 21.375 0.00262952
8.7 23.625 0.00268829
8.7 25.875 0.00242279
8.7 28.125 0.00430164
8.7 30.375 0.00254626
8.7 32.625 0.00234104
8.7 34.875 0.014524
8.7 37.125 0.00311564
8.7 39.375 0.00255437
8.7 41.625 0.00286058
8.7 43.875 0.0028782
8.9 1.125 0.00239389
8.9 3.375 0.00241131
8.9 5.625 0.00263844
8.9 7.875 0.0024553
8.9 10.125 0.00272726
8.9 12.375 0.00259166
8.9 14.625 0.010886
8.9 16.875 0.00230338
8.9 19.125 0.00260895
8.9 21.375 0.00275165
8.9 23.625 0.00230214
8.9 25.875 0.00256535
8.9 28.125 0.00237167
8.9 30.375 0.0029534
8.9 32.625 0.00236218
8.9 34.875 0.00247972
8.9 37.125 0.00240922
8.9 39.375 0.00266932
8.9 41.625 0.00250011
8.9 43.875 0.0024634
9.1 1.125 0.00323215
9.1 3.375 0.00310443
9.1 5.625 0.00256701
9.1 7.875 0.00331464
9.1 10.125 0.00266874
9.1 12.375 0.00245663
9.1 14.625 0.0033935
9.1 16.875 0.00245156
9.1 19.125 0.00252165
9.1 21.375 0.00262934
9.1 23.625 0.00248192
9.1 25.875 0.00247676
9.1 28.125 0.00655922
9.1 30.375 0.00268247
9.1 32.625 0.00249512
9.1 34.875 0.00249857
9.1 37.125 0.00300058
9.1 39.375 0.0027156
9.1 41.625 0.00266098
9.1 43.875 0.0024962
9.3 1.125 0.00232141
9.3 3.375 0.00222854
9.3 5.625 0.0022595
9.3 7.875 0.00333466
9.3 10.125 0.00267878
9.3 12.375 0.00389841
9.3 14.625 0.00229801
9.3 16.875 0.00243807
9.3 19.125 0.00219176
9.3 21.375 0.00254914
9.3 23.625 0.0021493
9.3 25.875 0.00246082
9.3 28.125 0.00240998
9.3 30.375 0.00279955
9.3 32.625 0.00233341
9.3 34.875 0.00269632
9.3 37.125 0.00240308
9.3 39.375 0.00631284
9.3 41.625 0.00259098
9.3 43.875 0.002703
9.5 1.125 0.00680599
9.5 3.375 0.00248612
9.5 5.625 0.00245149
9.5 7.875 0.00267629
9.5 10.125 0.00216753
9.5 12.375 0.00251212
9.5 14.625 0.00231972
9.5 16.875 0.00302526
9.5 19.125 0.00737519
9.5 21.375 0.00254967
9.5 23.625 0.00253468
9.5 25.875 0.00230797
9.5 28.125 0.00268802
9.5 30.375 0.00248808
9.5 32.625 0.00222702
9.5 34.875 0.00539003
9.5 37.125 0.00672309
9.5 39.375 0.00251524
9.5 41.625 0.00270212
9.5 43.875 0.00246309
9.7 1.125 0.00236423
9.7 3.375 0.00241571
9.7 5.625 0.00210358
9.7 7.875 0.00237868
9.7 10.125 0.00254953
9.7 12.375 0.00255382
9.7 14.625 0.00222553
9.7 16.875 0.00213811
9.7 19.125 0.00232481
9.7 21.375 0.00209984
9.7 23.625 0.00240485
9.7 25.875 0.00241463
9.7 28.125 0.00218313
9.7 30.375 0.00271013
9.7 32.625 0.00242061
9.7 34.875 0.00222654
9.7 37.125 0.00236392
9.7 39.375 0.00263544
9.7 41.625 0.00239592
9.7 43.875 0.00256493
9.9 1.125 0.00238183
9.9 3.375 0.00233516
9.9 5.625 0.0106726
9.9 7.875 0.00263825
9.9 10.125 0.00227171
9.9 12.375 0.00295015
9.9 14.625 0.00300816
9.9 16.875 0.00257179
9.9 19.125 0.00264885
9.9 21.375 0.00267942
9.9 23.625 0.00304312
9.9 25.875 0.00266161
9.9 28.125 0.00510836
9.9 30.375 0.00251661
9.9 32.625 0.00278882
9.9 34.875 0.00239944
9.9 37.125 0.00234023
9.9 39.375 0.00279569
9.9 41.625 0.00233719
9.9 43.875 0.00213891
10.1 1.125 0.0223419
10.1 3.375 0.00288524
10.1 5.625 0.00282721
10.1 7.875 0.00280684
10.1 10.125 0.00241075
10.1 12.375 0.00215776
10.1 14.625 0.00261394
10.1 16.875 0.00266842
10.1 19.125 0.0023865
10.1 21.375 0.00310943
10.1 23.625 0.00273049
10.1 25.875 0.00443263
10.1 28.125 0.00306499
10.1 30.375 0.00234162
10.1 32.625 0.00213258
10.1 34.875 0.00207034
10.1 37.125 0.00202947
10.1 39.375 0.0026788
10.1 41.625 0.00236948
10.1 43.875 0.00214122
10.3 1.125 0.00215863
10.3 3.375 0.00216143
10.3 5.625 0.00235481
10.3 7.875 0.00226873
10.3 10.125 0.00293689
10.3 12.375 0.00455303
10.3 14.625 0.00244464
10.3 16.875 0.00214601
10.3 19.125 0.00227619
10.3 21.375 0.00240313
10.3 23.625 0.00268508
10.3 25.875 0.002559
10.3 28.125 0.00237385
10.3 30.375 0.0024404
10.3 32.625 0.00285522
10.3 34.875 0.00214187
10.3 37.125 0.00258495
10.3 39.375 0.0024556
10.3 41.625 0.00263494
10.3 43.875 0.00221972
10.5 1.125 0.00227292
10.5 3.375 0.0134916
10.5 5.625 0.00329312
10.5 7.875 0.00331526
10.5 10.125 0.00269225
10.5 12.375 0.00247469
10.5 14.625 0.00234717
10.5 16.875 0.00209706
10.5 19.125 0.00680382
10.5 21.375 0.00220587
10.5 23.625 0.0024582
10.5 25.875 0.00230061
10.5 28.125 0.00220702
10.5 30.375 0.00234229
10.5 32.625 0.0022841
10.5 34.875 0.00241631
10.5 37.125 0.00196372
10.5 39.375 0.01588
10.5 41.625 0.00249006
10.5 43.875 0.00351713
10.7 1.125 0.00542224
10.7 3.375 0.00215841
10.7 5.625 0.0023971
10.7 7.875 0.0224198
10.7 10.125 0.0163314
10.7 12.375 0.00241881
10.7 14.625 0.00237729
10.7 16.875 0.00243303
10.7 19.125 0.00750911
10.7 21.375 0.00309032
10.7 23.625 0.00226232
10.7 25.875 0.00234469
10.7 28.125 0.0026139
10.7 30.375 0.00220135
10.7 32.625 0.00255135
10.7 34.875 0.00201323
10.7 37.125 0.00192947
10.7 39.375 0.00201266
10.7 41.625 0.00228353
10.7 43.875 0.00212153
10.9 1.125 0.00211096
10.9 3.375 0.00213266
10.9 5.625 0.00214646
10.9 7.875 0.00202529
10.9 10.125 0.00214168
10.9 12.375 0.00270347
10.9 14.625 0.00255904
10.9 16.875 0.00311034
10.9 19.125 0.00253715
10.9 21.375 0.0019153
10.9 23.625 0.00223952
10.9 25.875 0.00262799
10.9 28.125 0.00252488
10.9 30.375 0.00217782
10.9 32.625 0.00222523
10.9 34.875 0.00249058
10.9 37.125 0.00223923
10.9 39.375 0.00227923
10.9 41.625 0.00258693
10.9 43.875 0.00235268
11.1 1.125 0.00237547
11.1 3.375 0.00221459
11.1 5.625 0.00223226
11.1 7.875 0.00173614
11.1 10.125 0.00339501
11.1 12.375 0.00259286
11.1 14.625 0.00233163
11.1 16.875 0.00204817
11.1 19.125 0.00293116
11.1 21.375 0.00225077
11.1 23.625 0.00201391
11.1 25.875 0.00268313
11.1 28.125 0.00226552
11.1 30.375 0.00230471
11.1 32.625 0.0023246
11.1 34.875 0.00285294
11.1 37.125 0.00223141
11.1 39.375 0.00247509
11.1 41.625 0.0023402
11.1 43.875 0.0173947
11.3 1.125 0.00264453
11.3 3.375 0.00200451
11.3 5.625 0.00219853
11.3 7.875 0.00205769
11.3 10.125 0.00206929
11.3 12.375 0.0052043
11.3 14.625 0.00185735
11.3 16.875 0.00196778
11.3 19.125 0.00298868
11.3 21.375 0.00221571
11.3 23.625 0.00349814
11.3 25.875 0.00235183
11.3 28.125 0.00223918
11.3 30.375 0.00201438
11.3 32.625 0.00257873
11.3 34.875 0.00239257
11.3 37.125 0.00235501
11.3 39.375 0.00241005
11.3 41.625 0.0027438
11.3 43.875 0.00307188
11.5 1.125 0.00188599
11.5 3.375 0.00215806
11.5 5.625 0.00284904
11.5 7.875 0.00186635
11.5 10.125 0.00203802
11.5 12.375 0.00252452
11.5 14.625 0.00207632
11.5 16.875 0.00192594
11.5 19.125 0.00233127
11.5 21.375 0.00212767
11.5 23.625 0.00184951
11.5 25.875 0.00224521
11.5 28.125 0.00206897
11.5 30.375 0.00250132
11.5 32.625 0.00204106
11.5 34.875 0.00248635
11.5 37.125 0.0025564
11.5 39.375 0.00193038
11.5 41.625 0.00223495
11.5 43.875 0.00218557
11.7 1.125 0.0237319
11.7 3.375 0.00415729
11.7 5.625 0.00318101
11.7 7.875 0.0023642
11.7 10.125 0.00203631
11.7 12.375 0.00218911
11.7 14.625 0.00200436
11.7 16.875 0.00202848
11.7 19.125 0.00196418
11.7 21.375 0.00251717
11.7 23.625 0.00217499
11.7 25.875 0.00212557
11.7 28.125 0.00313637
11.7 30.375 0.0123177
11.7 32.625 0.0024117
11.7 34.875 0.00196534
11.7 37.125 0.0023164
11.7 39.375 0.00213564
11.7 41.625 0.00253688
11.7 43.875 0.0022019
11.9 1.125 0.00209095
11.9 3.375 0.00224517
11.9 5.625 0.00480212
11.9 7.875 0.00230589
11.9 10.125 0.00283035
11.9 12.375 0.00209237
11.9 14.625 0.0183
11.9 16.875 0.0020794
11.9 19.125 0.00201212
11.9 21.375 0.00217564
11.9 23.625 0.00196869
11.9 25.875 0.00207805
11.9 28.125 0.0020808
11.9 30.375 0.00228974
11.9 32.625 0.00243496
11.9 34.875 0.00240469
11.9 37.125 0.00223268
11.9 39.375 0.00249109
11.9 41.625 0.00224304
11.9 43.875 0.00199286
12.1 1.125 0.00228473
12.1 3.375 0.00187988
12.1 5.625 0.00197606
12.1 7.875 0.00217044
12.1 10.125 0.0049081
12.1 12.375 0.0100424
12.1 14.625 0.00220076
12.1 16.875 0.00314437
12.1 19.125 0.00163459
12.1 21.375 0.0029553
12.1 23.625 0.0044755
12.1 25.875 0.00225173
12.1 28.125 0.00235018
12.1 30.375 0.00239157
12.1 32.625 0.00213638
12.1 34.875 0.00207848
12.1 37.125 0.00242641
12.1 39.375 0.00326961
12.1 41.625 0.00229389
12.1 43.875 0.00223681
12.3 1.125 0.00213105
12.3 3.375 0.00191125
12.3 5.625 0.00256153
12.3 7.875 0.00240503
12.3 10.125 0.00222777
12.3 12.375 0.0022379
12.3 14.625 0.0030221
12.3 16.875 0.00220271
12.3 19.125 0.0042509
12.3 21.375 0.00220418
12.3 23.625 0.00240336
12.3 25.875 0.0026098
12.3 28.125 0.00209367
12.3 30.375 0.00199003
12.3 32.625 0.00210323
12.3 34.875 0.00218912
12.3 37.125 0.00194389
12.3 39.375 0.00209035
12.3 41.625 0.00231827
12.3 43.875 0.00193965
12.5 1.125 0.00217228
12.5 3.375 0.001809
12.5 5.625 0.00213915
12.5 7.875 0.00229811
12.5 10.125 0.00215712
12.5 12.375 0.00215784
12.5 14.625 0.00262143
12.5 16.875 0.00298194
12.5 19.125 0.00242355
12.5 21.375 0.00201443
12.5 23.625 0.00211556
12.5 25.875 0.00199487
12.5 28.125 0.00194536
12.5 30.375 0.00224611
12.5 32.625 0.00275162
12.5 34.875 0.00314889
12.5 37.125 0.00292349
12.5 39.375 0.00214986
12.5 41.625 0.00241844
12.5 43.875 0.00230249
12.7 1.125 0.0192658
12.7 3.375 0.00388895
12.7 5.625 0.0290491
12.7 7.875 0.0208792
12.7 10.125 0.00272474
12.7 12.375 0.00222645
12.7 14.625 0.00249848
12.7 16.875 0.00196076
12.7 19.125 0.00216445
12.7 21.375 0.00219859
12.7 23.625 0.00249259
12.7 25.875 0.00251791
12.7 28.125 0.00203902
12.7 30.375 0.00177815
12.7 32.625 0.00222294
12.7 34.875 0.00257388
12.7 37.125 0.00292653
12.7 39.375 0.00222931
12.7 41.625 0.00238667
12.7 43.875 0.00300026
12.9 1.125 0.00243354
12.9 3.375 0.00235129
12.9 5.625 0.00470297
12.9 7.875 0.00215789
12.9 10.125 0.00201104
12.9 12.375 0.00276453
12.9 14.625 0.00519867
12.9 16.875 0.00213701
12.9 19.125 0.00196356
12.9 21.375 0.00260431
12.9 23.625 0.0274256
12.9 25.875 0.00240366
12.9 28.125 0.00233114
12.9 30.375 0.00291173
12.9 32.625 0.00210672
12.9 34.875 0.00194132
12.9 37.125 0.00208912
12.9 39.375 0.00274543
12.9 41.625 0.00241266
12.9 43.875 0.00236054
13.1 1.125 0.00201592
13.1 3.375 0.00193417
13.1 5.625 0.00201494
13.1 7.875 0.00270112
13.1 10.125 0.00204462
13.1 12.375 0.00249069
13.1 14.625 0.00272882
13.1 16.875 0.00227557
13.1 19.125 0.00217781
13.1 21.375 0.00247303
13.1 23.625 0.00342172
13.1 25.875 0.00243411
13.1 28.125 0.00222208
13.1 30.375 0.00261935
13.1 32.625 0.00261136
13.1 34.875 0.0024063
13.1 37.125 0.00316247
13.1 39.375 0.00259304
13.1 41.625 0.00189043
13.1 43.875 0.00241257
13.3 1.125 0.00250992
13.3 3.375 0.00254667
13.3 5.625 0.00201574
13.3 7.875 0.00235958
13.3 10.125 0.00208465
13.3 12.375 0.00213909
13.3 14.625 0.00349115
13.3 16.875 0.00190025
13.3 19.125 0.0019058
13.3 21.375 0.00244585
13.3 23.625 0.00140897
13.3 25.875 0.00228725
13.3 28.125 0.0430464
13.3 30.375 0.00216472
13.3 32.625 0.00213242
13.3 34.875 0.0023349
13.3 37.125 0.00176978
13.3 39.375 0.0031045
13.3 41.625 0.00227844
13.3 43.875 0.00187144
13.5 1.125 0.00193375
13.5 3.375 0.00180378
13.5 5.625 0.00217932
13.5 7.875 0.00304789
13.5 10.125 0.00169986
13.5 12.375 0.00226624
13.5 14.625 0.00222031
13.5 16.875 0.00276551
13.5 19.125 0.00301582
13.5 21.375 0.00189673
13.5 23.625 0.00228178
13.5 25.875 0.00198143
13.5 28.125 0.00224196
13.5 30.375 0.00255452
13.5 32.625 0.00218457
13.5 34.875 0.0522034
13.5 37.125 0.00233474
13.5 39.375 0.0462355
13.5 41.625 0.00262945
13.5 43.875 0.00193298
13.7 1.125 0.00206766
13.7 3.375 0.00203957
13.7 5.625 0.0024534
13.7 7.875 0.00221451
13.7 10.125 0.00217424
13.7 12.375 0.00230238
13.7 14.625 0.00250981
13.7 16.875 0.00305147
13.7 19.125 0.00192808
13.7 21.375 0.00208042
13.7 23.625 0.00227312
13.7 25.875 0.00294419
13.7 28.125 0.00328069
13.7 30.375 0.00205303
13.7 32.625 0.00240242
13.7 34.875 0.00212468
13.7 37.125 0.00321194
13.7 39.375 0.00267404
13.7 41.625 0.0044204
13.7 43.875 0.00232054
13.9 1.125 0.00200594
13.9 3.375 0.00435096
13.9 5.625 0.00191163
13.9 7.875 0.00273572
13.9 10.125 0.00184009
13.9 12.375 0.00198331
13.9 14.625 0.00218629
13.9 16.875 0.00182442
13.9 19.125 0.00141078
13.9 21.375 0.00194085
13.9 23.625 0.00248645
13.9 25.875 0.00246005
13.9 28.125 0.00206992
13.9 30.375 0.00159297
13.9 32.625 0.00286299
13.9 34.875 0.00850175
13.9 37.125 0.0019009
13.9 39.375 0.00142178
13.9 41.625 0.00188402
13.9 43.875 0.0029194
