0.1 1.125 2.92642
0.1 3.375 3.17617
0.1 5.625 3.63942
0.1 7.875 0.841025
0.1 10.125 2.65171
0.1 12.375 2.33724
0.1 14.625 3.68285
0.1 16.875 3.69193
0.1 19.125 3.31679
0.1 21.375 3.14294
0.1 23.625 3.42641
0.1 25.875 3.40017
0.1 28.125 3.37989
0.1 30.375 3.22668
0.1 32.625 3.65262
0.1 34.875 3.67673
0.1 37.125 3.64827
0.1 39.375 2.76606
0.1 41.625 3.23795
0.1 43.875 3.38203
0.3 1.125 3.19693
0.3 3.375 3.05201
0.3 5.625 3.19988
0.3 7.875 3.30359
0.3 10.125 3.22112
0.3 12.375 3.09464
0.3 14.625 3.64872
0.3 16.875 3.41579
0.3 19.125 3.26519
0.3 21.375 3.18687
0.3 23.625 3.12922
0.3 25.875 3.32298
0.3 28.125 3.38677
0.3 30.375 3.20837
0.3 32.625 3.1721
0.3 34.875 3.31298
0.3 37.125 3.38592
0.3 39.375 3.31135
0.3 41.625 2.83865
0.3 43.875 3.12217
0.5 1.125 3.13251
0.5 3.375 3.17361
0.5 5.625 3.06192
0.5 7.875 2.46472
0.5 10.125 2.94877
0.5 12.375 3.05241
0.5 14.625 3.23511
0.5 16.875 3.26325
0.5 19.125 3.04008
0.5 21.375 3.26581
0.5 23.625 3.42436
0.5 25.875 2.96703
0.5 28.125 3.46678
0.5 30.375 3.28445
0.5 32.625 3.17541
0.5 34.875 3.30388
0.5 37.125 3.27173
0.5 39.375 3.20214
0.5 41.625 3.11999
0.5 43.875 3.314
0.7 1.125 3.07785
0.7 3.375 3.05833
0.7 5.625 2.89857
0.7 7.875 3.13864
0.7 10.125 3.1191
0.7 12.375 3.16872
0.7 14.625 3.09329
0.7 16.875 3.15665
0.7 19.125 2.90141
0.7 21.375 3.11435
0.7 23.625 3.1566
0.7 25.875 3.02069
0.7 28.125 3.111
0.7 30.375 3.12283
0.7 32.625 3.16553
0.7 34.875 3.06116
0.7 37.125 3.17017
0.7 39.375 3.09095
0.7 41.625 3.2486
0.7 43.875 3.19538
0.9 1.125 2.81984
0.9 3.375 2.67831
0.9 5.625 2.70295
0.9 7.875 2.69964
0.9 10.125 2.77698
0.9 12.375 2.72316
0.9 14.625 2.73466
0.9 16.875 2.71752
0.9 19.125 2.71762
0.9 21.375 2.63804
0.9 23.625 2.85792
0.9 25.875 2.90329
0.9 28.125 2.80166
0.9 30.375 2.74358
0.9 32.625 2.83647
0.9 34.875 2.86784
0.9 37.125 2.685
0.9 39.375 2.81433
0.9 41.625 2.94597
0.9 43.875 2.83945
1.1 1.125 1.83882
1.1 3.375 1.82089
1.1 5.625 1.88513
1.1 7.875 1.82646
1.1 10.125 1.88011
1.1 12.375 2.03177
1.1 14.625 2.06899
1.1 16.875 1.96148
1.1 19.125 2.2347
1.1 21.375 2.18704
1.1 23.625 2.29922
1.1 25.875 2.03393
1.1 28.125 2.22586
1.1 30.375 2.47304
1.1 32.625 2.46779
1.1 34.875 2.45597
1.1 37.125 2.48329
1.1 39.375 2.49484
1.1 41.625 2.76646
1.1 43.875 2.5539
1.3 1.125 0.966624
1.3 3.375 1.04622
1.3 5.625 1.00738
1.3 7.875 1.04822
1.3 10.125 1.0394
1.3 12.375 0.981107
1.3 14.625 1.01684
1.3 16.875 1.16367
1.3 19.125 1.10135
1.3 21.375 1.28953
1.3 23.625 1.39669
1.3 25.875 1.47161
1.3 28.125 1.53483
1.3 30.375 1.64647
1.3 32.625 1.73068
1.3 34.875 1.73874
1.3 37.125 1.85581
1.3 39.375 1.90208
1.3 41.625 2.06323
1.3 43.875 2.05799
1.5 1.125 0.582993
1.5 3.375 0.538545
1.5 5.625 0.537231
1.5 7.875 0.54163
1.5 10.125 0.563284
1.5 12.375 0.565206
1.5 14.625 0.553947
1.5 16.875 0.562575
1.5 19.125 0.661547
1.5 21.375 0.668255
1.5 23.625 0.683839
1.5 25.875 0.686913
1.5 28.125 0.758362
1.5 30.375 0.73802
1.5 32.625 0.943642
1.5 34.875 0.968727
1.5 37.125 1.05373
1.5 39.375 1.10542
1.5 41.625 1.20099
1.5 43.875 1.27824
1.7 1.125 0.332117
1.7 3.375 0.324437
1.7 5.625 0.347854
1.7 7.875 0.342584
1.7 10.125 0.316361
1.7 12.375 0.318583
1.7 14.625 0.362039
1.7 16.875 0.391956
1.7 19.125 0.37706
1.7 21.375 0.388374
1.7 23.625 0.365668
1.7 25.875 0.412577
1.7 28.125 0.437675
1.7 30.375 0.423674
1.7 32.625 0.461976
1.7 34.875 0.467143
1.7 37.125 0.532964
1.7 39.375 0.503329
1.7 41.625 0.575354
1.7 43.875 0.611318
1.9 1.125 0.192359
1.9 3.375 0.195515
1.9 5.625 0.195037
1.9 7.875 0.203637
1.9 10.125 0.19882
1.9 12.375 0.208803
1.9 14.625 0.21212
1.9 16.875 0.230631
1.9 19.125 0.233979
1.9 21.375 0.236221
1.9 23.625 0.239161
1.9 25.875 0.249251
1.9 28.125 0.260884
1.9 30.375 0.280618
1.9 32.625 0.270361
1.9 34.875 0.279832
1.9 37.125 0.332453
1.9 39.375 0.310119
1.9 41.625 0.325655
1.9 43.875 0.32939
2.1 1.125 0.132005
2.1 3.375 0.136701
2.1 5.625 0.13665
2.1 7.875 0.160115
2.1 10.125 0.140712
2.1 12.375 0.151922
2.1 14.625 0.140842
2.1 16.875 0.147502
2.1 19.125 0.148043
2.1 21.375 0.15491
2.1 23.625 0.173889
2.1 25.875 0.170981
2.1 28.125 0.15794
2.1 30.375 0.159853
2.1 32.625 0.180741
2.1 34.875 0.186498
2.1 37.125 0.188991
2.1 39.375 0.184996
2.1 41.625 0.206436
2.1 43.875 0.215909
2.3 1.125 0.0951919
2.3 3.375 0.0994665
2.3 5.625 0.0947164
2.3 7.875 0.0947356
2.3 10.125 0.104957
2.3 12.375 0.10476
2.3 14.625 0.105155
2.3 16.875 0.107084
2.3 19.125 0.111211
2.3 21.375 0.114124
2.3 23.625 0.121124
2.3 25.875 0.138015
2.3 28.125 0.116715
2.3 30.375 0.129446
2.3 32.625 0.12086
2.3 34.875 0.125974
2.3 37.125 0.144144
2.3 39.375 0.140416
2.3 41.625 0.130232
2.3 43.875 0.135312
2.5 1.125 0.0817039
2.5 3.375 0.0781267
2.5 5.625 0.0748775
2.5 7.875 0.075596
2.5 10.125 0.0733977
2.5 12.375 0.0754278
2.5 14.625 0.0755572
2.5 16.875 0.0766518
2.5 19.125 0.0877749
2.5 21.375 0.0797148
2.5 23.625 0.0808561
2.5 25.875 0.0813105
2.5 28.125 0.0894849
2.5 30.375 0.0832023
2.5 32.625 0.0893377
2.5 34.875 0.0906562
2.5 37.125 0.0913232
2.5 39.375 0.101924
2.5 41.625 0.0962533
2.5 43.875 0.0948639
2.7 1.125 0.0544946
2.7 3.375 0.056861
2.7 5.625 0.0606775
2.7 7.875 0.0569652
2.7 10.125 0.0628354
2.7 12.375 0.0558946
2.7 14.625 0.0637095
2.7 16.875 0.0584779
2.7 19.125 0.0601118
2.7 21.375 0.0595411
2.7 23.625 0.0634937
2.7 25.875 0.0612707
2.7 28.125 0.0661045
2.7 30.375 0.0797683
2.7 32.625 0.0643726
2.7 34.875 0.0717866
2.7 37.125 0.0661557
2.7 39.375 0.065429
2.7 41.625 0.0648583
2.7 43.875 0.0708255
2.9 1.125 0.0540293
2.9 3.375 0.0431479
2.9 5.625 0.04785
2.9 7.875 0.0579594
2.9 10.125 0.0465108
2.9 12.375 0.0587856
2.9 14.625 0.0608381
2.9 16.875 0.0549944
2.9 19.125 0.0523035
2.9 21.375 0.058316
2.9 23.625 0.0561418
2.9 25.875 0.049684
2.9 28.125 0.0640573
2.9 30.375 0.0525171
2.9 32.625 0.0537448
2.9 34.875 0.0559943
2.9 37.125 0.0490718
2.9 39.375 0.0510577
2.9 41.625 0.0500058
2.9 43.875 0.0530766
3.1 1.125 0.0445408
3.1 3.375 0.0400328
3.1 5.625 0.0411417
3.1 7.875 0.0420042
3.1 10.125 0.0421776
3.1 12.375 0.0374307
3.1 14.625 0.0472191
3.1 16.875 0.0511517
3.1 19.125 0.0486002
3.1 21.375 0.0592602
3.1 23.625 0.0417579
3.1 25.875 0.0479437
3.1 28.125 0.0512806
3.1 30.375 0.0561163
3.1 32.625 0.0491274
3.1 34.875 0.0526909
3.1 37.125 0.0472594
3.1 39.375 0.0388687
3.1 41.625 0.0462858
3.1 43.875 0.0416196
3.3 1.125 0.0272658
3.3 3.375 0.0324798
3.3 5.625 0.030343
3.3 7.875 0.0412817
3.3 10.125 0.028246
3.3 12.375 0.0296256
3.3 14.625 0.0366877
3.3 16.875 0.0316188
3.3 19.125 0.0332718
3.3 21.375 0.0342659
3.3 23.625 0.0409351
3.3 25.875 0.0345461
3.3 28.125 0.0547476
3.3 30.375 0.0359381
3.3 32.625 0.0440585
3.3 34.875 0.0442259
3.3 37.125 0.0347629
3.3 39.375 0.0362979
3.3 41.625 0.0314886
3.3 43.875 0.0386124
3.5 1.125 0.0227252
3.5 3.375 0.0217241
3.5 5.625 0.02467
3.5 7.875 0.0240632
3.5 10.125 0.0284143
3.5 12.375 0.023266
3.5 14.625 0.0252429
3.5 16.875 0.0245983
3.5 19.125 0.0270113
3.5 21.375 0.0319179
3.5 23.625 0.0288442
3.5 25.875 0.0288342
3.5 28.125 0.041105
3.5 30.375 0.0394848
3.5 32.625 0.0322628
3.5 34.875 0.0288887
3.5 37.125 0.0300522
3.5 39.375 0.026114
3.5 41.625 0.0273551
3.5 43.875 0.0288181
3.7 1.125 0.0203574
3.7 3.375 0.0222158
3.7 5.625 0.026573
3.7 7.875 0.0446766
3.7 10.125 0.0193587
3.7 12.375 0.0217384
3.7 14.625 0.0195282
3.7 16.875 0.02545
3.7 19.125 0.0298719
3.7 21.375 0.0262439
3.7 23.625 0.0210898
3.7 25.875 0.0253663
3.7 28.125 0.0240164
3.7 30.375 0.024766
3.7 32.625 0.0351235
3.7 34.875 0.0223727
3.7 37.125 0.0322854
3.7 39.375 0.0272779
3.7 41.625 0.0255085
3.7 43.875 0.0342438
3.9 1.125 0.0194241
3.9 3.375 0.0162152
3.9 5.625 0.0154532
3.9 7.875 0.0173873
3.9 10.125 0.0218036
3.9 12.375 0.0178773
3.9 14.625 0.0189655
3.9 16.875 0.0173934
3.9 19.125 0.020095
3.9 21.375 0.0173903
3.9 23.625 0.0189831
3.9 25.875 0.0188997
3.9 28.125 0.0184272
3.9 30.375 0.017957
3.9 32.625 0.0230567
3.9 34.875 0.0293114
3.9 37.125 0.0316233
3.9 39.375 0.0181363
3.9 41.625 0.0191626
3.9 43.875 0.0241577
4.1 1.125 0.0140684
4.1 3.375 0.0136033
4.1 5.625 0.0131556
4.1 7.875 0.0155118
4.1 10.125 0.015792
4.1 12.375 0.0172476
4.1 14.625 0.0163866
4.1 16.875 0.0187397
4.1 19.125 0.0158853
4.1 21.375 0.0154841
4.1 23.625 0.0180156
4.1 25.875 0.0152772
4.1 28.125 0.0140635
4.1 30.375 0.0285948
4.1 32.625 0.0200264
4.1 34.875 0.0155298
4.1 37.125 0.0203061
4.1 39.375 0.0211556
4.1 41.625 0.023815
4.1 43.875 0.0206461
4.3 1.125 0.0122181
4.3 3.375 0.0186539
4.3 5.625 0.0132793
4.3 7.875 0.0193812
4.3 10.125 0.0125676
4.3 12.375 0.0163797
4.3 14.625 0.0131014
4.3 16.875 0.0131425
4.3 19.125 0.018531
4.3 21.375 0.0145993
4.3 23.625 0.0150488
4.3 25.875 0.0124842
4.3 28.125 0.0165862
4.3 30.375 0.0128748
4.3 32.625 0.0177825
4.3 34.875 0.0135936
4.3 37.125 0.0117409
4.3 39.375 0.020259
4.3 41.625 0.0265031
4.3 43.875 0.0136184
4.5 1.125 0.0187228
4.5 3.375 0.0101632
4.5 5.625 0.0152201
4.5 7.875 0.0109521
4.5 10.125 0.0157347
4.5 12.375 0.0118765
4.5 14.625 0.0129989
4.5 16.875 0.0205977
4.5 19.125 0.0189188
4.5 21.375 0.0161312
4.5 23.625 0.0115113
4.5 25.875 0.0292062
4.5 28.125 0.0106661
4.5 30.375 0.010934
4.5 32.625 0.0107247
4.5 34.875 0.0160884
4.5 37.125 0.0105452
4.5 39.375 0.0135361
4.5 41.625 0.0110721
4.5 43.875 0.0128634
4.7 1.125 0.0162084
4.7 3.375 0.0212003
4.7 5.625 0.0112818
4.7 7.875 0.0102408
4.7 10.125 0.011722
4.7 12.375 0.0253412
4.7 14.625 0.0296123
4.7 16.875 0.0126767
4.7 19.125 0.0120822
4.7 21.375 0.0141558
4.7 23.625 0.0177677
4.7 25.875 0.0214548
4.7 28.125 0.0100717
4.7 30.375 0.00965845
4.7 32.625 0.00957014
4.7 34.875 0.0107986
4.7 37.125 0.0179882
4.7 39.375 0.0240553
4.7 41.625 0.00943764
4.7 43.875 0.00908033
4.9 1.125 0.00876568
4.9 3.375 0.0145585
4.9 5.625 0.00818745
4.9 7.875 0.010914
4.9 10.125 0.00819393
4.9 12.375 0.0148453
4.9 14.625 0.0122627
4.9 16.875 0.00854258
4.9 19.125 0.0114306
4.9 21.375 0.00832938
4.9 23.625 0.00874925
4.9 25.875 0.0128342
4.9 28.125 0.00873041
4.9 30.375 0.0122773
4.9 32.625 0.0192299
4.9 34.875 0.0123155
4.9 37.125 0.00985326
4.9 39.375 0.0142963
4.9 41.625 0.0151952
4.9 43.875 0.00816508
5.1 1.125 0.00936234
5.1 3.375 0.00907207
5.1 5.625 0.0154134
5.1 7.875 0.011661
5.1 10.125 0.025964
5.1 12.375 0.00859624
5.1 14.625 0.0128992
5.1 16.875 0.0100126
5.1 19.125 0.0122772
5.1 21.375 0.00847201
5.1 23.625 0.00739089
5.1 25.875 0.0234547
5.1 28.125 0.0109911
5.1 30.375 0.0143258
5.1 32.625 0.0147322
5.1 34.875 0.0118333
5.1 37.125 0.0117751
5.1 39.375 0.0113318
5.1 41.625 0.0105961
5.1 43.875 0.0139384
5.3 1.125 0.00785435
5.3 3.375 0.012637
5.3 5.625 0.00755532
5.3 7.875 0.0159309
5.3 10.125 0.00943931
5.3 12.375 0.0103065
5.3 14.625 0.00796448
5.3 16.875 0.00788193
5.3 19.125 0.00740781
5.3 21.375 0.0065578
5.3 23.625 0.00693386
5.3 25.875 0.0116544
5.3 28.125 0.00729983
5.3 30.375 0.00580765
5.3 32.625 0.0146095
5.3 34.875 0.00973757
5.3 37.125 0.00641573
5.3 39.375 0.00660271
5.3 41.625 0.0327111
5.3 43.875 0.00698354
5.5 1.125 0.00565596
5.5 3.375 0.0126231
5.5 5.625 0.00650797
5.5 7.875 0.007432
5.5 10.125 0.00700258
5.5 12.375 0.00686467
5.5 14.625 0.00918944
5.5 16.875 0.00627906
5.5 19.125 0.0156639
5.5 21.375 0.0123204
5.5 23.625 0.00644426
5.5 25.875 0.00647424
5.5 28.125 0.00589851
5.5 30.375 0.0059223
5.5 32.625 0.0060268
5.5 34.875 0.00583878
5.5 37.125 0.015264
5.5 39.375 0.00625103
5.5 41.625 0.00816289
5.5 43.875 0.00627491
5.7 1.125 0.00548903
5.7 3.375 0.00738069
5.7 5.625 0.00693396
5.7 7.875 0.0111501
5.7 10.125 0.00942274
5.7 12.375 0.0202871
5.7 14.625 0.0141553
5.7 16.875 0.00528144
5.7 19.125 0.00843325
5.7 21.375 0.0063176
5.7 23.625 0.0061367
5.7 25.875 0.00692945
5.7 28.125 0.00949392
5.7 30.375 0.0100191
5.7 32.625 0.0105772
5.7 34.875 0.00563175
5.7 37.125 0.0059777
5.7 39.375 0.0113738
5.7 41.625 0.00581804
5.7 43.875 0.00708834
5.9 1.125 0.00978806
5.9 3.375 0.00676278
5.9 5.625 0.00583977
5.9 7.875 0.00619195
5.9 10.125 0.00816784
5.9 12.375 0.00607089
5.9 14.625 0.00734373
5.9 16.875 0.0104959
5.9 19.125 0.0133128
5.9 21.375 0.00612897
5.9 23.625 0.00486387
5.9 25.875 0.00501713
5.9 28.125 0.00724354
5.9 30.375 0.00992887
5.9 32.625 0.00563442
5.9 34.875 0.00519881
5.9 37.125 0.00554916
5.9 39.375 0.00569697
5.9 41.625 0.00752758
5.9 43.875 0.00444923
6.1 1.125 0.00530026
6.1 3.375 0.00951423
6.1 5.625 0.0113427
6.1 7.875 0.00560569
6.1 10.125 0.0163223
6.1 12.375 0.00866802
6.1 14.625 0.00735677
6.1 16.875 0.0105795
6.1 19.125 0.00611618
6.1 21.375 0.00512519
6.1 23.625 0.00561018
6.1 25.875 0.00475769
6.1 28.125 0.00494509
6.1 30.375 0.00540604
6.1 32.625 0.0109026
6.1 34.875 0.014232
6.1 37.125 0.00628845
6.1 39.375 0.0213342
6.1 41.625 0.00546755
6.1 43.875 0.00534161
6.3 1.125 0.00466409
6.3 3.375 0.0194478
6.3 5.625 0.00857846
6.3 7.875 0.00903633
6.3 10.125 0.00539264
6.3 12.375 0.00465697
6.3 14.625 0.0106538
6.3 16.875 0.00694606
6.3 19.125 0.00468246
6.3 21.375 0.0215778
6.3 23.625 0.012427
6.3 25.875 0.00408999
6.3 28.125 0.0117671
6.3 30.375 0.00871485
6.3 32.625 0.00467695
6.3 34.875 0.00483494
6.3 37.125 0.00852098
6.3 39.375 0.00485006
6.3 41.625 0.00433847
6.3 43.875 0.0055458
6.5 1.125 0.0145998
6.5 3.375 0.00491679
6.5 5.625 0.00878367
6.5 7.875 0.00463923
6.5 10.125 0.00548955
6.5 12.375 0.0090709
6.5 14.625 0.00481536
6.5 16.875 0.00986573
6.5 19.125 0.00449552
6.5 21.375 0.00488066
6.5 23.625 0.00750298
6.5 25.875 0.014706
6.5 28.125 0.00937979
6.5 30.375 0.00467468
6.5 32.625 0.00740576
6.5 34.875 0.0102373
6.5 37.125 0.00457701
6.5 39.375 0.00858347
6.5 41.625 0.00366261
6.5 43.875 0.00571888
6.7 1.125 0.00460257
6.7 3.375 0.00650012
6.7 5.625 0.0052261
6.7 7.875 0.00424493
6.7 10.125 0.0119378
6.7 12.375 0.00445364
6.7 14.625 0.0166173
6.7 16.875 0.0129732
6.7 19.125 0.0121116
6.7 21.375 0.00397704
6.7 23.625 0.00429622
6.7 25.875 0.0117049
6.7 28.125 0.015124
6.7 30.375 0.00504348
6.7 32.625 0.0111525
6.7 34.875 0.00469983
6.7 37.125 0.00437082
6.7 39.375 0.0131394
6.7 41.625 0.0194007
6.7 43.875 0.00468869
6.9 1.125 0.0049069
6.9 3.375 0.00928148
6.9 5.625 0.0112418
6.9 7.875 0.00602539
6.9 10.125 0.0127605
6.9 12.375 0.00390943
6.9 14.625 0.0116693
6.9 16.875 0.00491075
6.9 19.125 0.00411901
6.9 21.375 0.0177703
6.9 23.625 0.00496194
6.9 25.875 0.0126811
6.9 28.125 0.0264253
6.9 30.375 0.0304758
6.9 32.625 0.00361213
6.9 34.875 0.0050623
6.9 37.125 0.0183648
6.9 39.375 0.0039068
6.9 41.625 0.00430015
6.9 43.875 0.00602882
7.1 1.125 0.0213718
7.1 3.375 0.00876816
7.1 5.625 0.0172384
7.1 7.875 0.0134738
7.1 10.125 0.00876238
7.1 12.375 0.0260079
7.1 14.625 0.0125715
7.1 16.875 0.0193513
7.1 19.125 0.0049803
7.1 21.375 0.00450935
7.1 23.625 0.00392497
7.1 25.875 0.00496627
7.1 28.125 0.00390958
7.1 30.375 0.00335884
7.1 32.625 0.00645866
7.1 34.875 0.00346351
7.1 37.125 0.0143695
7.1 39.375 0.00682066
7.1 41.625 0.0106118
7.1 43.875 0.00563409
7.3 1.125 0.00879973
7.3 3.375 0.00410098
7.3 5.625 0.0229181
7.3 7.875 0.0189084
7.3 10.125 0.00391252
7.3 12.375 0.00422177
7.3 14.625 0.0145769
7.3 16.875 0.00399593
7.3 19.125 0.015334
7.3 21.375 0.0120842
7.3 23.625 0.00463392
7.3 25.875 0.00524906
7.3 28.125 0.00406147
7.3 30.375 0.0176763
7.3 32.625 0.00717007
7.3 34.875 0.0103031
7.3 37.125 0.0179859
7.3 39.375 0.00511874
7.3 41.625 0.00326251
7.3 43.875 0.0124842
7.5 1.125 0.0107424
7.5 3.375 0.00403985
7.5 5.625 0.0101222
7.5 7.875 0.00489017
7.5 10.125 0.00410619
7.5 12.375 0.0102916
7.5 14.625 0.00386725
7.5 16.875 0.0110682
7.5 19.125 0.01703
7.5 21.375 0.0230731
7.5 23.625 0.0278237
7.5 25.875 0.00571162
7.5 28.125 0.0040426
7.5 30.375 0.00785757
7.5 32.625 0.00674485
7.5 34.875 0.0102427
7.5 37.125 0.0122641
7.5 39.375 0.0322953
7.5 41.625 0.013574
7.5 43.875 0.0105231
7.7 1.125 0.0035492
7.7 3.375 0.0047167
7.7 5.625 0.00518981
7.7 7.875 0.016129
7.7 10.125 0.00465432
7.7 12.375 0.00323564
7.7 14.625 0.00451544
7.7 16.875 0.0232233
7.7 19.125 0.0178725
7.7 21.375 0.0154155
7.7 23.625 0.00688209
7.7 25.875 0.00305027
7.7 28.125 0.0096916
7.7 30.375 0.011302
7.7 32.625 0.00558864
7.7 34.875 0.00767607
7.7 37.125 0.00519005
7.7 39.375 0.0161176
7.7 41.625 0.00330952
7.7 43.875 0.00975915
7.9 1.125 0.00553832
7.9 3.375 0.0155278
7.9 5.625 0.00746717
7.9 7.875 0.00343162
7.9 10.125 0.00364763
7.9 12.375 0.00388578
7.9 14.625 0.00398627
7.9 16.875 0.0163076
7.9 19.125 0.0032114
7.9 21.375 0.0075503
7.9 23.625 0.0175592
7.9 25.875 0.0158452
7.9 28.125 0.00600413
7.9 30.375 0.0172136
7.9 32.625 0.0176543
7.9 34.875 0.00473233
7.9 37.125 0.0030751
7.9 39.375 0.00320253
7.9 41.625 0.00273232
7.9 43.875 0.0310917
8.1 1.125 0.00503732
8.1 3.375 0.0101731
8.1 5.625 0.00764729
8.1 7.875 0.0189172
8.1 10.125 0.00455637
8.1 12.375 0.0165483
8.1 14.625 0.00413612
8.1 16.875 0.0108099
8.1 19.125 0.00556288
8.1 21.375 0.00391635
8.1 23.625 0.00390661
8.1 25.875 0.00447789
8.1 28.125 0.00443286
8.1 30.375 0.0159756
8.1 32.625 0.0272397
8.1 34.875 0.00352843
8.1 37.125 0.00281564
8.1 39.375 0.013081
8.1 41.625 0.00451534
8.1 43.875 0.00325975
8.3 1.125 0.00613913
8.3 3.375 0.00527742
8.3 5.625 0.0223432
8.3 7.875 0.0050781
8.3 10.125 0.0052823
8.3 12.375 0.00721054
8.3 14.625 0.0103862
8.3 16.875 0.0272209
8.3 19.125 0.00356248
8.3 21.375 0.0046516
8.3 23.625 0.00365664
8.3 25.875 0.00511159
8.3 28.125 0.0123587
8.3 30.375 0.00621054
8.3 32.625 0.036011
8.3 34.875 0.0102473
8.3 37.125 0.00307026
8.3 39.375 0.0087681
8.3 41.625 0.00366691
8.3 43.875 0.0293834
8.5 1.125 0.00724756
8.5 3.375 0.00295666
8.5 5.625 0.0167235
8.5 7.875 0.0263093
8.5 10.125 0.004044
8.5 12.375 0.00447553
8.5 14.625 0.0250429
8.5 16.875 0.00362039
8.5 19.125 0.00966693
8.5 21.375 0.0161212
8.5 23.625 0.00315076
8.5 25.875 0.00314758
8.5 28.125 0.00997109
8.5 30.375 0.00323933
8.5 32.625 0.00351196
8.5 34.875 0.00615469
8.5 37.125 0.00638693
8.5 39.375 0.00327408
8.5 41.625 0.0035964
8.5 43.875 0.00417609
8.7 1.125 0.0363457
8.7 3.375 0.00522973
8.7 5.625 0.00435098
8.7 7.875 0.00852597
8.7 10.125 0.0161615
8.7 12.375 0.00914577
8.7 14.625 0.00462196
8.7 16.875 0.00298843
8.7 19.125 0.0176035
8.7 21.375 0.00507421
8.7 23.625 0.018711
8.7 25.875 0.0100581
8.7 28.125 0.00367051
8.7 30.375 0.00428754
8.7 32.625 0.00554323
8.7 34.875 0.00337895
8.7 37.125 0.00782637
8.7 39.375 0.0244193
8.7 41.625 0.0050878
8.7 43.875 0.0146661
8.9 1.125 0.0203003
8.9 3.375 0.00583864
8.9 5.625 0.00477978
8.9 7.875 0.00365202
8.9 10.125 0.00304944
8.9 12.375 0.00785558
8.9 14.625 0.00784055
8.9 16.875 0.00434451
8.9 19.125 0.00643481
8.9 21.375 0.00422553
8.9 23.625 0.00299065
8.9 25.875 0.00582279
8.9 28.125 0.0243841
8.9 30.375 0.00264859
8.9 32.625 0.0285937
8.9 34.875 0.00519508
8.9 37.125 0.00414596
8.9 39.375 0.00393906
8.9 41.625 0.0294439
8.9 43.875 0.0033198
9.1 1.125 0.00424996
9.1 3.375 0.0037049
9.1 5.625 0.0151282
9.1 7.875 0.00649179
9.1 10.125 0.00611563
9.1 12.375 0.0196529
9.1 14.625 0.00306932
9.1 16.875 0.0208389
9.1 19.125 0.00583306
9.1 21.375 0.0187407
9.1 23.625 0.0041282
9.1 25.875 0.0258027
9.1 28.125 0.00337279
9.1 30.375 0.00277719
9.1 32.625 0.0239096
9.1 34.875 0.0209224
9.1 37.125 0.00465452
9.1 39.375 0.0274436
9.1 41.625 0.0218999
9.1 43.875 0.0326717
9.3 1.125 0.0121732
9.3 3.375 0.00471699
9.3 5.625 0.00682155
9.3 7.875 0.0208239
9.3 10.125 0.00600564
9.3 12.375 0.00416496
9.3 14.625 0.00972069
9.3 16.875 0.00730295
9.3 19.125 0.00414203
9.3 21.375 0.0357055
9.3 23.625 0.0051257
9.3 25.875 0.00388848
9.3 28.125 0.00406118
9.3 30.375 0.0126225
9.3 32.625 0.00643542
9.3 34.875 0.00515801
9.3 37.125 0.00545557
9.3 39.375 0.00427885
9.3 41.625 0.0206076
9.3 43.875 0.0548838
9.5 1.125 0.00317271
9.5 3.375 0.0051815
9.5 5.625 0.00486618
9.5 7.875 0.00407245
9.5 10.125 0.00420945
9.5 12.375 0.00417171
9.5 14.625 0.00490539
9.5 16.875 0.00853428
9.5 19.125 0.0315867
9.5 21.375 0.0157326
9.5 23.625 0.00554803
9.5 25.875 0.00406697
9.5 28.125 0.00554519
9.5 30.375 0.00578177
9.5 32.625 0.0396388
9.5 34.875 0.00328491
9.5 37.125 0.00502621
9.5 39.375 0.00955164
9.5 41.625 0.00414677
9.5 43.875 0.00622236
9.7 1.125 0.0136141
9.7 3.375 0.0278088
9.7 5.625 0.0248196
9.7 7.875 0.00531992
9.7 10.125 0.0264665
9.7 12.375 0.00335803
9.7 14.625 0.0339806
9.7 16.875 0.00342998
9.7 19.125 0.00325374
9.7 21.375 0.00372977
9.7 23.625 0.0298122
9.7 25.875 0.00395584
9.7 28.125 0.00710992
9.7 30.375 0.0462697
9.7 32.625 0.00412885
9.7 34.875 0.0219206
9.7 37.125 0.00514724
9.7 39.375 0.0320305
9.7 41.625 0.00312885
9.7 43.875 0.00665329
9.9 1.125 0.00948925
9.9 3.375 0.00397912
9.9 5.625 0.0118503
9.9 7.875 0.0104374
9.9 10.125 0.00363988
9.9 12.375 0.0214994
9.9 14.625 0.0347011
9.9 16.875 0.027736
9.9 19.125 0.0281541
9.9 21.375 0.0266581
9.9 23.625 0.0271089
9.9 25.875 0.0145014
9.9 28.125 0.00537253
9.9 30.375 0.0033535
9.9 32.625 0.0957555
9.9 34.875 0.006588
9.9 37.125 0.0462977
9.9 39.375 0.0102113
9.9 41.625 0.00544196
9.9 43.875 0.0543824
10.1 1.125 0.00318179
10.1 3.375 0.00469719
10.1 5.625 0.0343625
10.1 7.875 0.00357929
10.1 10.125 0.00533031
10.1 12.375 0.0235935
10.1 14.625 0.00296007
10.1 16.875 0.0281544
10.1 19.125 0.00774081
10.1 21.375 0.00752465
10.1 23.625 0.00622803
10.1 25.875 0.00845384
10.1 28.125 0.0677111
10.1 30.375 0.00422897
10.1 32.625 0.00739861
10.1 34.875 0.0170896
10.1 37.125 0.053403
10.1 39.375 0.00444135
10.1 41.625 0.0397119
10.1 43.875 0.00417076
10.3 1.125 0.00466344
10.3 3.375 0.00381363
10.3 5.625 0.00762532
10.3 7.875 0.00289588
10.3 10.125 0.00380625
10.3 12.375 0.00978617
10.3 14.625 0.00321368
10.3 16.875 0.0462087
10.3 19.125 0.00591517
10.3 21.375 0.064649
10.3 23.625 0.00554813
10.3 25.875 0.00406043
10.3 28.125 0.0641734
10.3 30.375 0.0608156
10.3 32.625 0.00672015
10.3 34.875 0.0129633
10.3 37.125 0.00415736
10.3 39.375 0.0367345
10.3 41.625 0.0104149
10.3 43.875 0.0453
10.5 1.125 0.00859664
10.5 3.375 0.0323609
10.5 5.625 0.0110585
10.5 7.875 0.0160826
10.5 10.125 0.00522968
10.5 12.375 0.00470246
10.5 14.625 0.00275307
10.5 16.875 0.00373941
10.5 19.125 0.0142486
10.5 21.375 0.0112606
10.5 23.625 0.00323598
10.5 25.875 0.00315126
10.5 28.125 0.00333624
10.5 30.375 0.0135004
10.5 32.625 0.0185078
10.5 34.875 0.00462265
10.5 37.125 0.00414647
10.5 39.375 0.00423981
10.5 41.625 0.0061047
10.5 43.875 0.00570942
10.7 1.125 0.00512035
10.7 3.375 0.0176203
10.7 5.625 0.0517139
10.7 7.875 0.00376267
10.7 10.125 0.00685744
10.7 12.375 0.00579613
10.7 14.625 0.0518992
10.7 16.875 0.00403108
10.7 19.125 0.0305875
10.7 21.375 0.00330156
10.7 23.625 0.0285297
10.7 25.875 0.0313922
10.7 28.125 0.0158709
10.7 30.375 0.0450213
10.7 32.625 0.00446289
10.7 34.875 0.0147686
10.7 37.125 0.00873096
10.7 39.375 0.00494617
10.7 41.625 0.00339762
10.7 43.875 0.00532979
10.9 1.125 0.019156
10.9 3.375 0.0327266
10.9 5.625 0.0681129
10.9 7.875 0.00925515
10.9 10.125 0.005487
10.9 12.375 0.00481708
10.9 14.625 0.0655854
10.9 16.875 0.00343153
10.9 19.125 0.00774851
10.9 21.375 0.00293827
10.9 23.625 0.0217258
10.9 25.875 0.00331245
10.9 28.125 0.00366898
10.9 30.375 0.0211079
10.9 32.625 0.00326166
10.9 34.875 0.00734066
10.9 37.125 0.0177794
10.9 39.375 0.00586856
10.9 41.625 0.00752647
10.9 43.875 0.00522584
11.1 1.125 0.00790427
11.1 3.375 0.00304672
11.1 5.625 0.0467542
11.1 7.875 0.00257732
11.1 10.125 0.0070644
11.1 12.375 0.00656005
11.1 14.625 0.062011
11.1 16.875 0.00331067
11.1 19.125 0.00644844
11.1 21.375 0.00932194
11.1 23.625 0.00285672
11.1 25.875 0.00640877
11.1 28.125 0.0198386
11.1 30.375 0.0215493
11.1 32.625 0.00450556
11.1 34.875 0.0317638
11.1 37.125 0.0112214
11.1 39.375 0.056117
11.1 41.625 0.00496731
11.1 43.875 0.00514484
11.3 1.125 0.00432237
11.3 3.375 0.00431586
11.3 5.625 0.00492791
11.3 7.875 0.00549071
11.3 10.125 0.0169645
11.3 12.375 0.00649578
11.3 14.625 0.00695257
11.3 16.875 0.0786519
11.3 19.125 0.018741
11.3 21.375 0.00604541
11.3 23.625 0.0413702
11.3 25.875 0.0474278
11.3 28.125 0.00546665
11.3 30.375 0.00233696
11.3 32.625 0.00346066
11.3 34.875 0.00265253
11.3 37.125 0.00576103
11.3 39.375 0.00323296
11.3 41.625 0.00556915
11.3 43.875 0.0454422
11.5 1.125 0.0222965
11.5 3.375 0.0284746
11.5 5.625 0.0170856
11.5 7.875 0.0443926
11.5 10.125 0.00414051
11.5 12.375 0.00443963
11.5 14.625 0.00842761
11.5 16.875 0.00321399
11.5 19.125 0.0207913
11.5 21.375 0.00912738
11.5 23.625 0.0511231
11.5 25.875 0.0396728
11.5 28.125 0.0165617
11.5 30.375 0.0728072
11.5 32.625 0.0314361
11.5 34.875 0.0321261
11.5 37.125 0.00304242
11.5 39.375 0.00263326
11.5 41.625 0.00561825
11.5 43.875 0.0060205
11.7 1.125 0.00750331
11.7 3.375 0.0100569
11.7 5.625 0.00284708
11.7 7.875 0.0243483
11.7 10.125 0.00399541
11.7 12.375 0.0576239
11.7 14.625 0.0214528
11.7 16.875 0.00355493
11.7 19.125 0.00992327
11.7 21.375 0.0565394
11.7 23.625 0.00464407
11.7 25.875 0.0873369
11.7 28.125 0.00525594
11.7 30.375 0.036728
11.7 32.625 0.0474217
11.7 34.875 0.00518059
11.7 37.125 0.0110003
11.7 39.375 0.0033121
11.7 41.625 0.00440038
11.7 43.875 0.00632002
11.9 1.125 0.00363151
11.9 3.375 0.00260687
11.9 5.625 0.00904673
11.9 7.875 0.00461007
11.9 10.125 0.03661
11.9 12.375 0.00316332
11.9 14.625 0.0486405
11.9 16.875 0.0242611
11.9 19.125 0.0221558
11.9 21.375 0.00562467
11.9 23.625 0.094693
11.9 25.875 0.00353028
11.9 28.125 0.0989683
11.9 30.375 0.0213066
11.9 32.625 0.00338721
11.9 34.875 0.00381124
11.9 37.125 0.00402838
11.9 39.375 0.0102228
11.9 41.625 0.00830918
11.9 43.875 0.00990767
12.1 1.125 0.0282689
12.1 3.375 0.00882691
12.1 5.625 0.00538483
12.1 7.875 0.0549317
12.1 10.125 0.0446411
12.1 12.375 0.0069736
12.1 14.625 0.0227683
12.1 16.875 0.00404113
12.1 19.125 0.00525125
12.1 21.375 0.0580623
12.1 23.625 0.00356815
12.1 25.875 0.00471142
12.1 28.125 0.0147083
12.1 30.375 0.00897111
12.1 32.625 0.00362547
12.1 34.875 0.00956058
12.1 37.125 0.0117273
12.1 39.375 0.00826822
12.1 41.625 0.0405284
12.1 43.875 0.0282822
12.3 1.125 0.00299973
12.3 3.375 0.00432824
12.3 5.625 0.00371016
12.3 7.875 0.0243999
12.3 10.125 0.0285833
12.3 12.375 0.00450873
12.3 14.625 0.0465152
12.3 16.875 0.0521959
12.3 19.125 0.0610094
12.3 21.375 0.0324857
12.3 23.625 0.00350496
12.3 25.875 0.00382869
12.3 28.125 0.0111969
12.3 30.375 0.00502765
12.3 32.625 0.00538942
12.3 34.875 0.0815661
12.3 37.125 0.00572083
12.3 39.375 0.00690258
12.3 41.625 0.00520853
12.3 43.875 0.0924834
12.5 1.125 0.0673942
12.5 3.375 0.0205385
12.5 5.625 0.0369645
12.5 7.875 0.0174689
12.5 10.125 0.00815234
12.5 12.375 0.0089686
12.5 14.625 0.0117883
12.5 16.875 0.00965617
12.5 19.125 0.00321734
12.5 21.375 0.048691
12.5 23.625 0.026454
12.5 25.875 0.0419421
12.5 28.125 0.00336527
12.5 30.375 0.00622968
12.5 32.625 0.0227356
12.5 34.875 0.00522237
12.5 37.125 0.00872466
12.5 39.375 0.0086959
12.5 41.625 0.0286267
12.5 43.875 0.00835314
12.7 1.125 0.0265923
12.7 3.375 0.00842709
12.7 5.625 0.00851479
12.7 7.875 0.00761846
12.7 10.125 0.0183129
12.7 12.375 0.0422074
12.7 14.625 0.00285747
12.7 16.875 0.0158665
12.7 19.125 0.0604696
12.7 21.375 0.048599
12.7 23.625 0.0445196
12.7 25.875 0.0120902
12.7 28.125 0.0521039
12.7 30.375 0.0417422
12.7 32.625 0.11723
12.7 34.875 0.00362634
12.7 37.125 0.00654886
12.7 39.375 0.00495794
12.7 41.625 0.0678383
12.7 43.875 0.0286958
12.9 1.125 0.0469716
12.9 3.375 0.00451254
12.9 5.625 0.00280427
12.9 7.875 0.00474605
12.9 10.125 0.0119269
12.9 12.375 0.0960586
12.9 14.625 0.00880208
12.9 16.875 0.00944008
12.9 19.125 0.0787438
12.9 21.375 0.00460462
12.9 23.625 0.0927173
12.9 25.875 0.0752238
12.9 28.125 0.003904
12.9 30.375 0.00583533
12.9 32.625 0.0059206
12.9 34.875 0.00641345
12.9 37.125 0.0763924
12.9 39.375 0.0191556
12.9 41.625 0.0106135
12.9 43.875 0.00282239
13.1 1.125 0.0124675
13.1 3.375 0.0322188
13.1 5.625 0.00273212
13.1 7.875 0.00657035
13.1 10.125 0.00325285
13.1 12.375 0.00410823
13.1 14.625 0.0299391
13.1 16.875 0.00880351
13.1 19.125 0.014
13.1 21.375 0.0038919
13.1 23.625 0.0121995
13.1 25.875 0.00809175
13.1 28.125 0.0358869
13.1 30.375 0.0163412
13.1 32.625 0.00758184
13.1 34.875 0.00284052
13.1 37.125 0.0121271
13.1 39.375 0.00417238
13.1 41.625 0.00910906
13.1 43.875 0.0180317
13.3 1.125 0.00552675
13.3 3.375 0.0159423
13.3 5.625 0.00745394
13.3 7.875 0.0108508
13.3 10.125 0.0691397
13.3 12.375 0.00752434
13.3 14.625 0.00922003
13.3 16.875 0.00710682
13.3 19.125 0.0530537
13.3 21.375 0.0390118
13.3 23.625 0.00841648
13.3 25.875 0.0835984
13.3 28.125 0.00866663
13.3 30.375 0.0690028
13.3 32.625 0.129246
13.3 34.875 0.0181538
13.3 37.125 0.0385223
13.3 39.375 0.0236729
13.3 41.625 0.0640509
13.3 43.875 0.00503193
13.5 1.125 0.00416827
13.5 3.375 0.0103229
13.5 5.625 0.00413557
13.5 7.875 0.00816878
13.5 10.125 0.0315473
13.5 12.375 0.108979
13.5 14.625 0.013064
13.5 16.875 0.105451
13.5 19.125 0.0137525
13.5 21.375 0.0719879
13.5 23.625 0.00509438
13.5 25.875 0.00556654
13.5 28.125 0.062419
13.5 30.375 0.00389036
13.5 32.625 0.0161341
13.5 34.875 0.00808189
13.5 37.125 0.00304813
13.5 39.375 0.00688962
13.5 41.625 0.0240574
13.5 43.875 0.00774761
13.7 1.125 0.0534011
13.7 3.375 0.00941941
13.7 5.625 0.0430285
13.7 7.875 0.00382293
13.7 10.125 0.013647
13.7 12.375 0.0156532
13.7 14.625 0.0154084
13.7 16.875 0.0308075
13.7 19.125 0.00451317
13.7 21.375 0.00854069
13.7 23.625 0.0184431
13.7 25.875 0.0373112
13.7 28.125 0.00800178
13.7 30.375 0.00661125
13.7 32.625 0.0076164
13.7 34.875 0.00446392
13.7 37.125 0.0062259
13.7 39.375 0.0122102
13.7 41.625 0.0131779
13.7 43.875 0.0806629
13.9 1.125 0.036373
13.9 3.375 0.00318448
13.9 5.625 0.00457742
13.9 7.875 0.00508611
13.9 10.125 0.0148295
13.9 12.375 0.00643908
13.9 14.625 0.00683444
13.9 16.875 0.00561263
13.9 19.125 0.00710356
13.9 21.375 0.0683391
13.9 23.625 0.0690922
13.9 25.875 0.0473983
13.9 28.125 0.0048745
13.9 30.375 0.141453
13.9 32.625 0.00955372
13.9 34.875 0.106437
13.9 37.125 0.0116274
13.9 39.375 0.0183137
13.9 41.625 0.00598355
13.9 43.875 0.0171973
