0.1 1.125 0.165378
0.1 3.375 0.163614
0.1 5.625 0.166909
0.1 7.875 0.166848
0.1 10.125 0.165926
0.1 12.375 0.164909
0.1 14.625 0.172185
0.1 16.875 0.16755
0.1 19.125 0.166165
0.1 21.375 0.167397
0.1 23.625 0.167846
0.1 25.875 0.16544
0.1 28.125 0.170592
0.1 30.375 0.169761
0.1 32.625 0.165456
0.1 34.875 0.168513
0.1 37.125 0.169562
0.1 39.375 0.165025
0.1 41.625 0.168339
0.1 43.875 0.170912
0.3 1.125 0.158811
0.3 3.375 0.158334
0.3 5.625 0.159949
0.3 7.875 0.159986
0.3 10.125 0.15497
0.3 12.375 0.157918
0.3 14.625 0.155712
0.3 16.875 0.157746
0.3 19.125 0.156619
0.3 21.375 0.1589
0.3 23.625 0.16001
0.3 25.875 0.159351
0.3 28.125 0.161994
0.3 30.375 0.160068
0.3 32.625 0.157385
0.3 34.875 0.157078
0.3 37.125 0.159906
0.3 39.375 0.152302
0.3 41.625 0.162576
0.3 43.875 0.159842
0.5 1.125 0.147729
0.5 3.375 0.148937
0.5 5.625 0.145196
0.5 7.875 0.151327
0.5 10.125 0.148895
0.5 12.375 0.148921
0.5 14.625 0.14713
0.5 16.875 0.147685
0.5 19.125 0.148258
0.5 21.375 0.141725
0.5 23.625 0.146591
0.5 25.875 0.14716
0.5 28.125 0.142282
0.5 30.375 0.141439
0.5 32.625 0.140654
0.5 34.875 0.149762
0.5 37.125 0.14417
0.5 39.375 0.146875
0.5 41.625 0.146097
0.5 43.875 0.144926
0.7 1.125 0.134906
0.7 3.375 0.137782
0.7 5.625 0.127728
0.7 7.875 0.13364
0.7 10.125 0.131615
0.7 12.375 0.132207
0.7 14.625 0.129605
0.7 16.875 0.131258
0.7 19.125 0.130059
0.7 21.375 0.130025
0.7 23.625 0.121523
0.7 25.875 0.130444
0.7 28.125 0.134787
0.7 30.375 0.126598
0.7 32.625 0.122649
0.7 34.875 0.124306
0.7 37.125 0.121251
0.7 39.375 0.124246
0.7 41.625 0.118246
0.7 43.875 0.132153
0.9 1.125 0.118178
0.9 3.375 0.117424
0.9 5.625 0.115179
0.9 7.875 0.117076
0.9 10.125 0.111924
0.9 12.375 0.110313
0.9 14.625 0.10889
0.9 16.875 0.11485
0.9 19.125 0.104875
0.9 21.375 0.111228
0.9 23.625 0.10301
0.9 25.875 0.113552
0.9 28.125 0.111178
0.9 30.375 0.102011
0.9 32.625 0.0980223
0.9 34.875 0.104184
0.9 37.125 0.094693
0.9 39.375 0.115322
0.9 41.625 0.114701
0.9 43.875 0.113991
1.1 1.125 0.0928927
1.1 3.375 0.0943243
1.1 5.625 0.0928479
1.1 7.875 0.089411
1.1 10.125 0.0941866
1.1 12.375 0.0879797
1.1 14.625 0.0902395
1.1 16.875 0.0901911
1.1 19.125 0.0896438
1.1 21.375 0.0882528
1.1 23.625 0.0800057
1.1 25.875 0.0814625
1.1 28.125 0.0938169
1.1 30.375 0.0771678
1.1 32.625 0.0822262
1.1 34.875 0.0928737
1.1 37.125 0.0831071
1.1 39.375 0.0929207
1.1 41.625 0.0882022
1.1 43.875 0.0805931
1.3 1.125 0.06798
1.3 3.375 0.066554
1.3 5.625 0.0673759
1.3 7.875 0.0698406
1.3 10.125 0.0636266
1.3 12.375 0.0667712
1.3 14.625 0.064652
1.3 16.875 0.072352
1.3 19.125 0.0684416
1.3 21.375 0.0779305
1.3 23.625 0.0694838
1.3 25.875 0.0667625
1.3 28.125 0.0703873
1.3 30.375 0.0686788
1.3 32.625 0.0609556
1.3 34.875 0.0558775
1.3 37.125 0.0736146
1.3 39.375 0.0693514
1.3 41.625 0.0660481
1.3 43.875 0.0781492
1.5 1.125 0.0465378
1.5 3.375 0.048957
1.5 5.625 0.0486667
1.5 7.875 0.0469583
1.5 10.125 0.0485004
1.5 12.375 0.0529829
1.5 14.625 0.0526754
1.5 16.875 0.0464975
1.5 19.125 0.0466082
1.5 21.375 0.0522105
1.5 23.625 0.0509534
1.5 25.875 0.0603407
1.5 28.125 0.0531767
1.5 30.375 0.0611428
1.5 32.625 0.057577
1.5 34.875 0.0507742
1.5 37.125 0.0497746
1.5 39.375 0.0595297
1.5 41.625 0.0504861
1.5 43.875 0.0567127
1.7 1.125 0.0312849
1.7 3.375 0.0316135
1.7 5.625 0.0335774
1.7 7.875 0.0309891
1.7 10.125 0.0301542
1.7 12.375 0.0311855
1.7 14.625 0.0325529
1.7 16.875 0.0349151
1.7 19.125 0.0324826
1.7 21.375 0.0325303
1.7 23.625 0.0363548
1.7 25.875 0.0402445
1.7 28.125 0.0398319
1.7 30.375 0.0339585
1.7 32.625 0.0339451
1.7 34.875 0.0418053
1.7 37.125 0.0396564
1.7 39.375 0.0472892
1.7 41.625 0.040976
1.7 43.875 0.0455103
1.9 1.125 0.0213033
1.9 3.375 0.0192421
1.9 5.625 0.019569
1.9 7.875 0.0197518
1.9 10.125 0.0199318
1.9 12.375 0.0208637
1.9 14.625 0.0246135
1.9 16.875 0.0242453
1.9 19.125 0.0289523
1.9 21.375 0.0277142
1.9 23.625 0.0240458
1.9 25.875 0.0310201
1.9 28.125 0.0237857
1.9 30.375 0.0277337
1.9 32.625 0.0239305
1.9 34.875 0.0271608
1.9 37.125 0.0302404
1.9 39.375 0.0354554
1.9 41.625 0.0369245
1.9 43.875 0.03614
2.1 1.125 0.0105392
2.1 3.375 0.0111381
2.1 5.625 0.0104984
2.1 7.875 0.0117196
2.1 10.125 0.011345
2.1 12.375 0.0131856
2.1 14.625 0.0127767
2.1 16.875 0.0114717
2.1 19.125 0.0141512
2.1 21.375 0.0145054
2.1 23.625 0.0178146
2.1 25.875 0.0160825
2.1 28.125 0.0182015
2.1 30.375 0.023303
2.1 32.625 0.0252126
2.1 34.875 0.0222328
2.1 37.125 0.0217198
2.1 39.375 0.0285748
2.1 41.625 0.0247642
2.1 43.875 0.031097
2.3 1.125 0.00722112
2.3 3.375 0.00700932
2.3 5.625 0.00708711
2.3 7.875 0.00754799
2.3 10.125 0.00775355
2.3 12.375 0.00979965
2.3 14.625 0.00922635
2.3 16.875 0.00946482
2.3 19.125 0.00940731
2.3 21.375 0.0105551
2.3 23.625 0.012182
2.3 25.875 0.0110558
2.3 28.125 0.0113646
2.3 30.375 0.0154433
2.3 32.625 0.0135238
2.3 34.875 0.0177322
2.3 37.125 0.0159894
2.3 39.375 0.0184587
2.3 41.625 0.0220474
2.3 43.875 0.0238351
2.5 1.125 0.00502947
2.5 3.375 0.0058354
2.5 5.625 0.00492476
2.5 7.875 0.00483319
2.5 10.125 0.00666686
2.5 12.375 0.00504278
2.5 14.625 0.006493
2.5 16.875 0.00711044
2.5 19.125 0.0077093
2.5 21.375 0.00727621
2.5 23.625 0.00739277
2.5 25.875 0.00782315
2.5 28.125 0.00800563
2.5 30.375 0.0108124
2.5 32.625 0.0100575
2.5 34.875 0.00964198
2.5 37.125 0.0126174
2.5 39.375 0.0142013
2.5 41.625 0.0129065
2.5 43.875 0.0165273
2.7 1.125 0.00437244
2.7 3.375 0.00401018
2.7 5.625 0.00515926
2.7 7.875 0.00528474
2.7 10.125 0.00523929
2.7 12.375 0.00501545
2.7 14.625 0.0044674
2.7 16.875 0.00729183
2.7 19.125 0.0051442
2.7 21.375 0.00640587
2.7 23.625 0.00667497
2.7 25.875 0.00467143
2.7 28.125 0.00515558
2.7 30.375 0.00606942
2.7 32.625 0.00746014
2.7 34.875 0.00743166
2.7 37.125 0.00834512
2.7 39.375 0.00848128
2.7 41.625 0.00883582
2.7 43.875 0.0113589
2.9 1.125 0.00464712
2.9 3.375 0.00433582
2.9 5.625 0.00645899
2.9 7.875 0.00386211
2.9 10.125 0.00649117
2.9 12.375 0.00425847
2.9 14.625 0.00533787
2.9 16.875 0.0057054
2.9 19.125 0.00573136
2.9 21.375 0.00663807
2.9 23.625 0.00428007
2.9 25.875 0.0070894
2.9 28.125 0.00518042
2.9 30.375 0.00492915
2.9 32.625 0.00456822
2.9 34.875 0.00564943
2.9 37.125 0.00677496
2.9 39.375 0.00614474
2.9 41.625 0.00708041
2.9 43.875 0.00733389
3.1 1.125 0.00397449
3.1 3.375 0.0038282
3.1 5.625 0.00393773
3.1 7.875 0.00863454
3.1 10.125 0.00542828
3.1 12.375 0.00833195
3.1 14.625 0.0040089
3.1 16.875 0.00607153
3.1 19.125 0.00894687
3.1 21.375 0.00698326
3.1 23.625 0.00628833
3.1 25.875 0.00350955
3.1 28.125 0.00475665
3.1 30.375 0.00784985
3.1 32.625 0.00462404
3.1 34.875 0.00466501
3.1 37.125 0.0039812
3.1 39.375 0.00532551
3.1 41.625 0.00574608
3.1 43.875 0.00623034
3.3 1.125 0.00574145
3.3 3.375 0.00704336
3.3 5.625 0.00581891
3.3 7.875 0.00726869
3.3 10.125 0.00385644
3.3 12.375 0.00665554
3.3 14.625 0.0139869
3.3 16.875 0.010783
3.3 19.125 0.0072032
3.3 21.375 0.00642649
3.3 23.625 0.00772185
3.3 25.875 0.00821239
3.3 28.125 0.00678312
3.3 30.375 0.00790469
3.3 32.625 0.00603701
3.3 34.875 0.00417642
3.3 37.125 0.00403818
3.3 39.375 0.00417674
3.3 41.625 0.00401058
3.3 43.875 0.00398981
3.5 1.125 0.00629818
3.5 3.375 0.00566358
3.5 5.625 0.0056241
3.5 7.875 0.0102668
3.5 10.125 0.00999267
3.5 12.375 0.0086293
3.5 14.625 0.00876487
3.5 16.875 0.00618233
3.5 19.125 0.0105715
3.5 21.375 0.00779544
3.5 23.625 0.00707832
3.5 25.875 0.00677794
3.5 28.125 0.0064364
3.5 30.375 0.00403052
3.5 32.625 0.00363231
3.5 34.875 0.00363454
3.5 37.125 0.00549578
3.5 39.375 0.00385588
3.5 41.625 0.00368206
3.5 43.875 0.0033092
3.7 1.125 0.00584953
3.7 3.375 0.00705209
3.7 5.625 0.011804
3.7 7.875 0.00624227
3.7 10.125 0.00332426
3.7 12.375 0.00436303
3.7 14.625 0.00329717
3.7 16.875 0.00499259
3.7 19.125 0.00598504
3.7 21.375 0.00412086
3.7 23.625 0.00580562
3.7 25.875 0.00768045
3.7 28.125 0.00368249
3.7 30.375 0.00385728
3.7 32.625 0.00426652
3.7 34.875 0.00464179
3.7 37.125 0.00561668
3.7 39.375 0.00299945
3.7 41.625 0.00289054
3.7 43.875 0.00269029
3.9 1.125 0.00376618
3.9 3.375 0.00404529
3.9 5.625 0.00369705
3.9 7.875 0.00941708
3.9 10.125 0.00571634
3.9 12.375 0.0112603
3.9 14.625 0.0128995
3.9 16.875 0.00689802
3.9 19.125 0.0146067
3.9 21.375 0.00828123
3.9 23.625 0.00468284
3.9 25.875 0.00648725
3.9 28.125 0.00353835
3.9 30.375 0.00473122
3.9 32.625 0.00421629
3.9 34.875 0.00606428
3.9 37.125 0.00281109
3.9 39.375 0.00286916
3.9 41.625 0.00405969
3.9 43.875 0.0050127
4.1 1.125 0.00488978
4.1 3.375 0.00454327
4.1 5.625 0.00339438
4.1 7.875 0.00491814
4.1 10.125 0.00834404
4.1 12.375 0.00637539
4.1 14.625 0.0112374
4.1 16.875 0.00754355
4.1 19.125 0.00574828
4.1 21.375 0.00331156
4.1 23.625 0.00770017
4.1 25.875 0.00556217
4.1 28.125 0.00487488
4.1 30.375 0.0063374
4.1 32.625 0.00392468
4.1 34.875 0.00319694
4.1 37.125 0.00334727
4.1 39.375 0.00259066
4.1 41.625 0.00312674
4.1 43.875 0.00474507
4.3 1.125 0.00342259
4.3 3.375 0.00388274
4.3 5.625 0.00307946
4.3 7.875 0.00361856
4.3 10.125 0.00497002
4.3 12.375 0.00289778
4.3 14.625 0.00336628
4.3 16.875 0.00420994
4.3 19.125 0.00661786
4.3 21.375 0.00469208
4.3 23.625 0.00368354
4.3 25.875 0.00372815
4.3 28.125 0.0059425
4.3 30.375 0.00391452
4.3 32.625 0.00327007
4.3 34.875 0.00268355
4.3 37.125 0.00296489
4.3 39.375 0.00491955
4.3 41.625 0.0044317
4.3 43.875 0.00247446
4.5 1.125 0.00414575
4.5 3.375 0.00468504
4.5 5.625 0.00321174
4.5 7.875 0.00306854
4.5 10.125 0.00463706
4.5 12.375 0.00346648
4.5 14.625 0.0032316
4.5 16.875 0.00297092
4.5 19.125 0.0037428
4.5 21.375 0.00351089
4.5 23.625 0.00410833
4.5 25.875 0.00564298
4.5 28.125 0.00404913
4.5 30.375 0.00341084
4.5 32.625 0.00326499
4.5 34.875 0.00270142
4.5 37.125 0.00338927
4.5 39.375 0.00615125
4.5 41.625 0.00223327
4.5 43.875 0.00293596
4.7 1.125 0.00501061
4.7 3.375 0.00257213
4.7 5.625 0.00371589
4.7 7.875 0.00474277
4.7 10.125 0.00546337
4.7 12.375 0.00330695
4.7 14.625 0.00713878
4.7 16.875 0.00335899
4.7 19.125 0.00525424
4.7 21.375 0.00565277
4.7 23.625 0.00310575
4.7 25.875 0.00370678
4.7 28.125 0.00338714
4.7 30.375 0.00288823
4.7 32.625 0.00576783
4.7 34.875 0.00453603
4.7 37.125 0.00292021
4.7 39.375 0.0032731
4.7 41.625 0.00255625
4.7 43.875 0.00291597
4.9 1.125 0.00393624
4.9 3.375 0.00255526
4.9 5.625 0.00349567
4.9 7.875 0.00453482
4.9 10.125 0.00430273
4.9 12.375 0.00301732
4.9 14.625 0.00467832
4.9 16.875 0.00281454
4.9 19.125 0.00252633
4.9 21.375 0.00320824
4.9 23.625 0.00274671
4.9 25.875 0.0036102
4.9 28.125 0.00407028
4.9 30.375 0.00336607
4.9 32.625 0.0028341
4.9 34.875 0.00317834
4.9 37.125 0.00298926
4.9 39.375 0.00242313
4.9 41.625 0.00299762
4.9 43.875 0.00293633
5.1 1.125 0.00327468
5.1 3.375 0.00613652
5.1 5.625 0.00287933
5.1 7.875 0.00409427
5.1 10.125 0.00494101
5.1 12.375 0.0030518
5.1 14.625 0.00259444
5.1 16.875 0.00346853
5.1 19.125 0.00494236
5.1 21.375 0.00281661
5.1 23.625 0.00282425
5.1 25.875 0.00408683
5.1 28.125 0.00242163
5.1 30.375 0.00285936
5.1 32.625 0.00285094
5.1 34.875 0.00214687
5.1 37.125 0.00246547
5.1 39.375 0.00272557
5.1 41.625 0.00296918
5.1 43.875 0.00261955
5.3 1.125 0.00357998
5.3 3.375 0.00837813
5.3 5.625 0.00441727
5.3 7.875 0.00774302
5.3 10.125 0.00607633
5.3 12.375 0.00482892
5.3 14.625 0.00739626
5.3 16.875 0.00337774
5.3 19.125 0.00799958
5.3 21.375 0.00449967
5.3 23.625 0.00355195
5.3 25.875 0.00447421
5.3 28.125 0.00253558
5.3 30.375 0.00231712
5.3 32.625 0.00395197
5.3 34.875 0.00351437
5.3 37.125 0.00284683
5.3 39.375 0.0023191
5.3 41.625 0.00308728
5.3 43.875 0.0031816
5.5 1.125 0.00485245
5.5 3.375 0.00440777
5.5 5.625 0.00264022
5.5 7.875 0.00204458
5.5 10.125 0.00218066
5.5 12.375 0.00225303
5.5 14.625 0.00663809
5.5 16.875 0.00275268
5.5 19.125 0.00375332
5.5 21.375 0.0025828
5.5 23.625 0.00262819
5.5 25.875 0.00263852
5.5 28.125 0.00271261
5.5 30.375 0.00235627
5.5 32.625 0.00295257
5.5 34.875 0.00282897
5.5 37.125 0.00205717
5.5 39.375 0.00364584
5.5 41.625 0.00352083
5.5 43.875 0.00549499
5.7 1.125 0.0064753
5.7 3.375 0.00628126
5.7 5.625 0.00533127
5.7 7.875 0.0163263
5.7 10.125 0.00227055
5.7 12.375 0.0026244
5.7 14.625 0.00183826
5.7 16.875 0.0098092
5.7 19.125 0.00301888
5.7 21.375 0.0032289
5.7 23.625 0.00208845
5.7 25.875 0.00254748
5.7 28.125 0.00230345
5.7 30.375 0.00509233
5.7 32.625 0.00238142
5.7 34.875 0.00265228
5.7 37.125 0.0027995
5.7 39.375 0.00269999
5.7 41.625 0.0031463
5.7 43.875 0.00350779
5.9 1.125 0.00280497
5.9 3.375 0.00795583
5.9 5.625 0.00658946
5.9 7.875 0.010543
5.9 10.125 0.0017302
5.9 12.375 0.00276965
5.9 14.625 0.00257622
5.9 16.875 0.00263467
5.9 19.125 0.00790616
5.9 21.375 0.0027692
5.9 23.625 0.00209657
5.9 25.875 0.00236629
5.9 28.125 0.00195152
5.9 30.375 0.00232053
5.9 32.625 0.00581646
5.9 34.875 0.0021964
5.9 37.125 0.00204127
5.9 39.375 0.00341167
5.9 41.625 0.00239962
5.9 43.875 0.00334347
6.1 1.125 0.00383605
6.1 3.375 0.00264705
6.1 5.625 0.0153171
6.1 7.875 0.00340948
6.1 10.125 0.00390463
6.1 12.375 0.00278578
6.1 14.625 0.00282045
6.1 16.875 0.00489371
6.1 19.125 0.00242539
6.1 21.375 0.00508292
6.1 23.625 0.00237102
6.1 25.875 0.0022067
6.1 28.125 0.00236938
6.1 30.375 0.00253659
6.1 32.625 0.00544216
6.1 34.875 0.00535202
6.1 37.125 0.00247109
6.1 39.375 0.00241256
6.1 41.625 0.00277547
6.1 43.875 0.002405
6.3 1.125 0.00232671
6.3 3.375 0.00658688
6.3 5.625 0.00426954
6.3 7.875 0.00726539
6.3 10.125 0.00952103
6.3 12.375 0.0103957
6.3 14.625 0.005061
6.3 16.875 0.00248539
6.3 19.125 0.00290183
6.3 21.375 0.00359111
6.3 23.625 0.00193288
6.3 25.875 0.00380846
6.3 28.125 0.00214137
6.3 30.375 0.00238802
6.3 32.625 0.0021035
6.3 34.875 0.00247816
6.3 37.125 0.00249342
6.3 39.375 0.00484047
6.3 41.625 0.00270107
6.3 43.875 0.00318041
6.5 1.125 0.00459852
6.5 3.375 0.0067782
6.5 5.625 0.00419682
6.5 7.875 0.00593367
6.5 10.125 0.00539883
6.5 12.375 0.00820855
6.5 14.625 0.0055264
6.5 16.875 0.00391514
6.5 19.125 0.00313068
6.5 21.375 0.00264685
6.5 23.625 0.00245727
6.5 25.875 0.00391097
6.5 28.125 0.0022478
6.5 30.375 0.00377302
6.5 32.625 0.00221982
6.5 34.875 0.00258806
6.5 37.125 0.00255466
6.5 39.375 0.00298772
6.5 41.625 0.00270685
6.5 43.875 0.00231595
6.7 1.125 0.00244106
6.7 3.375 0.00649721
6.7 5.625 0.00685534
6.7 7.875 0.007035
6.7 10.125 0.0119681
6.7 12.375 0.0077882
6.7 14.625 0.00295071
6.7 16.875 0.00266862
6.7 19.125 0.00589888
6.7 21.375 0.00465545
6.7 23.625 0.00313126
6.7 25.875 0.00229455
6.7 28.125 0.00248617
6.7 30.375 0.0121512
6.7 32.625 0.00191265
6.7 34.875 0.00172601
6.7 37.125 0.00294747
6.7 39.375 0.00281019
6.7 41.625 0.00305943
6.7 43.875 0.00243256
6.9 1.125 0.0030323
6.9 3.375 0.00291725
6.9 5.625 0.00207992
6.9 7.875 0.00197883
6.9 10.125 0.00206121
6.9 12.375 0.00566719
6.9 14.625 0.00192049
6.9 16.875 0.0025912
6.9 19.125 0.00279018
6.9 21.375 0.00217169
6.9 23.625 0.00256392
6.9 25.875 0.00244267
6.9 28.125 0.0024212
6.9 30.375 0.00228783
6.9 32.625 0.00180233
6.9 34.875 0.00269695
6.9 37.125 0.00233355
6.9 39.375 0.00194361
6.9 41.625 0.00435433
6.9 43.875 0.00199469
7.1 1.125 0.003422
7.1 3.375 0.00271877
7.1 5.625 0.00279306
7.1 7.875 0.00835261
7.1 10.125 0.00555477
7.1 12.375 0.00186385
7.1 14.625 0.0020801
7.1 16.875 0.00270517
7.1 19.125 0.00236168
7.1 21.375 0.00603386
7.1 23.625 0.00592886
7.1 25.875 0.00277551
7.1 28.125 0.00347934
7.1 30.375 0.00246917
7.1 32.625 0.00178937
7.1 34.875 0.00227528
7.1 37.125 0.00380219
7.1 39.375 0.00249833
7.1 41.625 0.00236301
7.1 43.875 0.00260673
7.3 1.125 0.00419335
7.3 3.375 0.00239821
7.3 5.625 0.0049042
7.3 7.875 0.00328496
7.3 10.125 0.00244858
7.3 12.375 0.00210217
7.3 14.625 0.00308949
7.3 16.875 0.00260025
7.3 19.125 0.00235178
7.3 21.375 0.00236717
7.3 23.625 0.00284026
7.3 25.875 0.00329174
7.3 28.125 0.00229231
7.3 30.375 0.00723515
7.3 32.625 0.00231339
7.3 34.875 0.00331473
7.3 37.125 0.00302368
7.3 39.375 0.00183158
7.3 41.625 0.00184679
7.3 43.875 0.0018746
7.5 1.125 0.00481603
7.5 3.375 0.00214297
7.5 5.625 0.00474975
7.5 7.875 0.00834784
7.5 10.125 0.00254024
7.5 12.375 0.00274229
7.5 14.625 0.00191995
7.5 16.875 0.00252781
7.5 19.125 0.00219135
7.5 21.375 0.00234303
7.5 23.625 0.00262162
7.5 25.875 0.00231197
7.5 28.125 0.00320916
7.5 30.375 0.00286742
7.5 32.625 0.0059556
7.5 34.875 0.00215185
7.5 37.125 0.00359546
7.5 39.375 0.00238087
7.5 41.625 0.00209209
7.5 43.875 0.00216954
7.7 1.125 0.00560504
7.7 3.375 0.00190522
7.7 5.625 0.00295097
7.7 7.875 0.014562
7.7 10.125 0.00294214
7.7 12.375 0.0028549
7.7 14.625 0.00195539
7.7 16.875 0.00280715
7.7 19.125 0.00237813
7.7 21.375 0.00179795
7.7 23.625 0.00727249
7.7 25.875 0.0032292
7.7 28.125 0.00238444
7.7 30.375 0.0022824
7.7 32.625 0.00303016
7.7 34.875 0.00266089
7.7 37.125 0.00213528
7.7 39.375 0.00214029
7.7 41.625 0.00252717
7.7 43.875 0.00178227
7.9 1.125 0.00190394
7.9 3.375 0.0108683
7.9 5.625 0.00244761
7.9 7.875 0.00375868
7.9 10.125 0.00849371
7.9 12.375 0.00471014
7.9 14.625 0.00234785
7.9 16.875 0.00247828
7.9 19.125 0.00213012
7.9 21.375 0.00232756
7.9 23.625 0.00195594
7.9 25.875 0.00209135
7.9 28.125 0.00280739
7.9 30.375 0.00163294
7.9 32.625 0.00284801
7.9 34.875 0.0021693
7.9 37.125 0.00206985
7.9 39.375 0.00248315
7.9 41.625 0.00201522
7.9 43.875 0.00201666
8.1 1.125 0.00889258
8.1 3.375 0.0019962
8.1 5.625 0.0108886
8.1 7.875 0.00278131
8.1 10.125 0.00321004
8.1 12.375 0.00287902
8.1 14.625 0.00231313
8.1 16.875 0.0020765
8.1 19.125 0.00570201
8.1 21.375 0.00196291
8.1 23.625 0.00222858
8.1 25.875 0.00676749
8.1 28.125 0.00186963
8.1 30.375 0.00304663
8.1 32.625 0.00268473
8.1 34.875 0.00264894
8.1 37.125 0.00166638
8.1 39.375 0.00263918
8.1 41.625 0.00363383
8.1 43.875 0.00271653
8.3 1.125 0.00214332
8.3 3.375 0.00264475
8.3 5.625 0.0033852
8.3 7.875 0.0022718
8.3 10.125 0.00966189
8.3 12.375 0.017072
8.3 14.625 0.00257166
8.3 16.875 0.00199423
8.3 19.125 0.00279712
8.3 21.375 0.00221868
8.3 23.625 0.00291689
8.3 25.875 0.00187576
8.3 28.125 0.00579879
8.3 30.375 0.00211528
8.3 32.625 0.00310036
8.3 34.875 0.00208417
8.3 37.125 0.00170394
8.3 39.375 0.00445396
8.3 41.625 0.00271191
8.3 43.875 0.0020128
8.5 1.125 0.00184385
8.5 3.375 0.00200245
8.5 5.625 0.00143141
8.5 7.875 0.00161633
8.5 10.125 0.00157604
8.5 12.375 0.0016824
8.5 14.625 0.002672
8.5 16.875 0.00194595
8.5 19.125 0.00204255
8.5 21.375 0.00163682
8.5 23.625 0.00202326
8.5 25.875 0.0015649
8.5 28.125 0.00270057
8.5 30.375 0.00205134
8.5 32.625 0.00237523
8.5 34.875 0.0025346
8.5 37.125 0.00337072
8.5 39.375 0.00236386
8.5 41.625 0.00221945
8.5 43.875 0.00129751
8.7 1.125 0.0022829
8.7 3.375 0.00203795
8.7 5.625 0.00243817
8.7 7.875 0.0114932
8.7 10.125 0.00240649
8.7 12.375 0.00205241
8.7 14.625 0.0027295
8.7 16.875 0.00241852
8.7 19.125 0.00195801
8.7 21.375 0.00230475
8.7 23.625 0.0152839
8.7 25.875 0.0116211
8.7 28.125 0.00161126
8.7 30.375 0.0026535
8.7 32.625 0.00205105
8.7 34.875 0.00276294
8.7 37.125 0.00221776
8.7 39.375 0.00254571
8.7 41.625 0.00224426
8.7 43.875 0.00231731
8.9 1.125 0.00781512
8.9 3.375 0.00298188
8.9 5.625 0.0189168
8.9 7.875 0.00333259
8.9 10.125 0.00380524
8.9 12.375 0.00196502
8.9 14.625 0.00205704
8.9 16.875 0.00192073
8.9 19.125 0.00186422
8.9 21.375 0.00310994
8.9 23.625 0.00365919
8.9 25.875 0.00207481
8.9 28.125 0.00207771
8.9 30.375 0.00218758
8.9 32.625 0.00260015
8.9 34.875 0.00214241
8.9 37.125 0.00220835
8.9 39.375 0.00189103
8.9 41.625 0.00209686
8.9 43.875 0.00288126
9.1 1.125 0.00324385
9.1 3.375 0.00215956
9.1 5.625 0.0020502
9.1 7.875 0.0077394
9.1 10.125 0.00223028
9.1 12.375 0.00491734
9.1 14.625 0.00319489
9.1 16.875 0.00182925
9.1 19.125 0.00231731
9.1 21.375 0.00206397
9.1 23.625 0.00199663
9.1 25.875 0.00219176
9.1 28.125 0.00266042
9.1 30.375 0.00237881
9.1 32.625 0.00245594
9.1 34.875 0.00328778
9.1 37.125 0.00290334
9.1 39.375 0.00215776
9.1 41.625 0.00352534
9.1 43.875 0.00212212
9.3 1.125 0.0129482
9.3 3.375 0.0145552
9.3 5.625 0.0114457
9.3 7.875 0.00216299
9.3 10.125 0.00230513
9.3 12.375 0.00200832
9.3 14.625 0.00209108
9.3 16.875 0.00208424
9.3 19.125 0.00226298
9.3 21.375 0.00239142
9.3 23.625 0.00224662
9.3 25.875 0.00173513
9.3 28.125 0.00212882
9.3 30.375 0.00207756
9.3 32.625 0.00174011
9.3 34.875 0.00161571
9.3 37.125 0.00184732
9.3 39.375 0.00214567
9.3 41.625 0.00289576
9.3 43.875 0.00353504
9.5 1.125 0.00269805
9.5 3.375 0.00318511
9.5 5.625 0.00243763
9.5 7.875 0.00348594
9.5 10.125 0.00928199
9.5 12.375 0.0028488
9.5 14.625 0.00223315
9.5 16.875 0.00280961
9.5 19.125 0.00198811
9.5 21.375 0.00250743
9.5 23.625 0.00252116
9.5 25.875 0.00258801
9.5 28.125 0.00302918
9.5 30.375 0.00252895
9.5 32.625 0.00168265
9.5 34.875 0.00199524
9.5 37.125 0.00193184
9.5 39.375 0.00290318
9.5 41.625 0.00247718
9.5 43.875 0.00255894
9.7 1.125 0.00300073
9.7 3.375 0.00128066
9.7 5.625 0.0103366
9.7 7.875 0.0105026
9.7 10.125 0.00146287
9.7 12.375 0.00195962
9.7 14.625 0.0021492
9.7 16.875 0.00248008
9.7 19.125 0.0023796
9.7 21.375 0.00205707
9.7 23.625 0.0019139
9.7 25.875 0.00358001
9.7 28.125 0.00170989
9.7 30.375 0.00282161
9.7 32.625 0.00199994
9.7 34.875 0.00193481
9.7 37.125 0.00207239
9.7 39.375 0.00250993
9.7 41.625 0.00150048
9.7 43.875 0.00235222
9.9 1.125 0.00180016
9.9 3.375 0.00362609
9.9 5.625 0.00413511
9.9 7.875 0.00148938
9.9 10.125 0.001248
9.9 12.375 0.00263453
9.9 14.625 0.00201527
9.9 16.875 0.00289917
9.9 19.125 0.00160389
9.9 21.375 0.00290608
9.9 25.875 0.00181608
9.9 28.125 0.00190834
9.9 30.375 0.00252109
9.9 32.625 0.00200938
9.9 34.875 0.00356952
9.9 37.125 0.00116827
9.9 39.375 0.00224396
9.9 41.625 0.00135
9.9 43.875 0.00212839
10.1 1.125 0.001551
10.1 3.375 0.0131081
10.1 5.625 0.00199485
10.1 7.875 0.00182318
10.1 10.125 0.00261491
10.1 12.375 0.00296722
10.1 14.625 0.00198273
10.1 16.875 0.00211514
10.1 19.125 0.00253084
10.1 21.375 0.0016022
10.1 23.625 0.00321344
10.1 25.875 0.00317041
10.1 28.125 0.0182929
10.1 30.375 0.00171289
10.1 32.625 0.00140788
10.1 34.875 0.00378039
10.1 37.125 0.00307571
10.1 39.375 0.00150586
10.1 43.875 0.0116851
10.3 1.125 0.00847404
10.3 3.375 0.00499356
10.3 5.625 0.0101829
10.3 7.875 0.00180944
10.3 10.125 0.00270888
10.3 12.375 0.0024877
10.3 14.625 0.00173436
10.3 16.875 0.00211784
10.3 19.125 0.00219069
10.3 21.375 0.00315099
10.3 23.625 0.00227454
10.3 25.875 0.00240372
10.3 28.125 0.0117124
10.3 30.375 0.0184787
10.3 32.625 0.00142202
10.3 34.875 0.00202318
10.3 37.125 0.00256337
10.3 39.375 0.00170269
10.3 41.625 0.00278687
10.3 43.875 0.00245803
10.5 1.125 0.0017327
10.5 3.375 0.00257804
10.5 5.625 0.00669394
10.5 7.875 0.0257915
10.5 10.125 0.00243695
10.5 12.375 0.00217576
10.5 14.625 0.00180604
10.5 16.875 0.00266258
10.5 19.125 0.00171855
10.5 21.375 0.00252492
10.5 23.625 0.00252441
10.5 25.875 0.00172273
10.5 28.125 0.00298747
10.5 30.375 0.00310479
10.5 32.625 0.00133577
10.5 34.875 0.00201232
10.5 39.375 0.00172791
10.5 41.625 0.00183457
10.5 43.875 0.00150102
10.7 1.125 0.00171185
10.7 3.375 0.00268943
10.7 7.875 0.00154847
10.7 10.125 0.00211412
10.7 12.375 0.00168089
10.7 14.625 0.00214534
10.7 16.875 0.0031341
10.7 19.125 0.00262845
10.7 21.375 0.00163835
10.7 23.625 0.00181726
10.7 25.875 0.00231161
10.7 28.125 0.00244211
10.7 30.375 0.00313591
10.7 32.625 0.00220417
10.7 34.875 0.00144944
10.7 37.125 0.00162378
10.7 41.625 0.00211965
10.7 43.875 0.00161779
10.9 1.125 0.00331886
10.9 5.625 0.00200252
10.9 7.875 0.00137499
10.9 12.375 0.00256157
10.9 16.875 0.00309316
10.9 21.375 0.00291269
10.9 23.625 0.00285503
10.9 25.875 0.00245143
10.9 28.125 0.00314778
10.9 30.375 0.0017577
10.9 37.125 0.00274491
10.9 39.375 0.00133596
10.9 41.625 0.00169092
10.9 43.875 0.00236669
11.1 1.125 0.00353183
11.1 12.375 0.00152977
11.1 14.625 0.00166179
11.1 16.875 0.00175491
11.1 21.375 0.00151709
11.1 23.625 0.00238368
11.1 25.875 0.00191391
11.1 28.125 0.00220001
11.1 30.375 0.0144905
11.1 32.625 0.00163465
11.1 34.875 0.00201717
11.1 37.125 0.002312
11.1 39.375 0.0025288
11.1 41.625 0.00152255
11.1 43.875 0.00145454
11.3 3.375 0.00388212
11.3 7.875 0.00282492
11.3 10.125 0.00244673
11.3 14.625 0.00268117
11.3 21.375 0.00177741
11.3 23.625 0.00167075
11.3 25.875 0.0126642
11.3 28.125 0.00184321
11.3 30.375 0.00171659
11.3 32.625 0.00206446
11.3 34.875 0.00244099
11.3 37.125 0.00261916
11.3 39.375 0.00171861
11.3 41.625 0.00189156
11.5 1.125 0.00170808
11.5 3.375 0.00257558
11.5 7.875 0.00151278
11.5 10.125 0.00239232
11.5 14.625 0.00518335
11.5 23.625 0.00240739
11.5 25.875 0.0019836
11.5 28.125 0.00197576
11.5 30.375 0.025669
11.5 32.625 0.00123606
11.5 34.875 0.00127585
11.5 37.125 0.00160125
11.5 39.375 0.00299268
11.5 41.625 0.00327806
11.7 1.125 0.00251609
11.7 3.375 0.00254886
11.7 5.625 0.00273477
11.7 7.875 0.00360995
11.7 10.125 0.00215471
11.7 14.625 0.00199988
11.7 16.875 0.00161854
11.7 23.625 0.00120492
11.7 25.875 0.00166458
11.7 28.125 0.00228288
11.7 32.625 0.00374062
11.7 34.875 0.00369264
11.7 37.125 0.00224648
11.7 39.375 0.00434542
11.7 43.875 0.0230614
11.9 1.125 0.00139596
11.9 3.375 0.00171441
11.9 5.625 0.0220271
11.9 7.875 0.0153082
11.9 10.125 0.0021557
11.9 14.625 0.00323379
11.9 21.375 0.0012152
11.9 28.125 0.00125484
11.9 32.625 0.00207683
11.9 39.375 0.0027326
12.1 1.125 0.00153296
12.1 7.875 0.00169425
12.1 10.125 0.00244438
12.1 12.375 0.00160092
12.1 14.625 0.00280908
12.1 16.875 0.00214001
12.1 19.125 0.00162176
12.1 21.375 0.00222949
12.1 28.125 0.00258344
12.1 32.625 0.0021155
12.1 34.875 0.00165577
12.1 37.125 0.000996405
12.1 39.375 0.00187013
12.1 41.625 0.00202707
12.3 10.125 0.0039254
12.3 12.375 0.00206036
12.3 14.625 0.00177362
12.3 16.875 0.00550397
12.3 19.125 0.00222957
12.3 25.875 0.00143174
12.3 34.875 0.00275328
12.3 37.125 0.00232881
12.3 39.375 0.00624035
12.5 1.125 0.00400033
12.5 3.375 0.00145003
12.5 10.125 0.00450549
12.5 12.375 0.00229348
12.5 19.125 0.00124936
12.5 21.375 0.0031934
12.5 25.875 0.0332254
12.5 32.625 0.00140054
12.5 34.875 0.00280998
12.5 37.125 0.00123572
12.5 39.375 0.00153475
12.5 41.625 0.00190065
12.5 43.875 0.00136901
12.7 5.625 0.00224632
12.7 10.125 0.00187569
12.7 12.375 0.00274763
12.7 14.625 0.00235969
12.7 16.875 0.00212702
12.7 19.125 0.00162837
12.7 21.375 0.00150857
12.7 25.875 0.00182958
12.7 32.625 0.00524542
12.7 37.125 0.00278644
12.7 39.375 0.00420452
12.7 41.625 0.00152522
12.9 1.125 0.00177693
12.9 5.625 0.00108884
12.9 10.125 0.00300892
12.9 16.875 0.00153654
12.9 21.375 0.00210155
12.9 23.625 0.00190113
12.9 28.125 0.00272599
12.9 39.375 0.00240013
13.1 19.125 0.00171917
13.1 23.625 0.00257863
13.1 34.875 0.0023832
13.1 41.625 0.000882921
13.1 43.875 0.00173169
13.3 7.875 0.00194438
13.3 10.125 0.00285313
13.3 28.125 0.00155235
13.3 43.875 0.00353823
13.5 10.125 0.00136636
13.5 19.125 0.00129835
13.5 21.375 0.00177443
13.5 28.125 0.00170687
13.5 30.375 0.00125467
13.7 21.375 0.00104596
13.7 25.875 0.00327332
13.7 30.375 0.00228603
13.7 43.875 0.00160068
13.9 25.875 0.0201954
13.9 28.125 0.00124522
13.9 43.875 0.00184513
