0.1 1.125 0.833316
0.1 3.375 0.832137
0.1 5.625 0.76185
0.1 7.875 0.483245
0.1 10.125 0.648799
0.1 12.375 0.797693
0.1 14.625 0.697765
0.1 16.875 0.825449
0.1 19.125 0.815281
0.1 21.375 0.831731
0.1 23.625 0.82237
0.1 25.875 0.826719
0.1 28.125 0.775395
0.1 30.375 0.815084
0.1 32.625 0.821844
0.1 34.875 0.829419
0.1 37.125 0.827794
0.1 39.375 0.832521
0.1 41.625 0.808058
0.1 43.875 0.847191
0.3 1.125 0.795365
0.3 3.375 0.810698
0.3 5.625 0.811476
0.3 7.875 0.776535
0.3 10.125 0.772809
0.3 12.375 0.819844
0.3 14.625 0.780844
0.3 16.875 0.784366
0.3 19.125 0.827605
0.3 21.375 0.813409
0.3 23.625 0.788823
0.3 25.875 0.775936
0.3 28.125 0.810646
0.3 30.375 0.817673
0.3 32.625 0.778284
0.3 34.875 0.775044
0.3 37.125 0.816851
0.3 39.375 0.804731
0.3 41.625 0.780581
0.3 43.875 0.798793
0.5 1.125 0.768565
0.5 3.375 0.794035
0.5 5.625 0.798775
0.5 7.875 0.784458
0.5 10.125 0.780232
0.5 12.375 0.785136
0.5 14.625 0.790669
0.5 16.875 0.775269
0.5 19.125 0.786196
0.5 21.375 0.797261
0.5 23.625 0.790322
0.5 25.875 0.788482
0.5 28.125 0.771386
0.5 30.375 0.777983
0.5 32.625 0.78863
0.5 34.875 0.775489
0.5 37.125 0.792464
0.5 39.375 0.778045
0.5 41.625 0.768608
0.5 43.875 0.77401
0.7 1.125 0.728576
0.7 3.375 0.74115
0.7 5.625 0.744819
0.7 7.875 0.749046
0.7 10.125 0.741221
0.7 12.375 0.732622
0.7 14.625 0.741372
0.7 16.875 0.741456
0.7 19.125 0.744339
0.7 21.375 0.748591
0.7 23.625 0.74729
0.7 25.875 0.723719
0.7 28.125 0.742695
0.7 30.375 0.716552
0.7 32.625 0.740163
0.7 34.875 0.73883
0.7 37.125 0.73693
0.7 39.375 0.745919
0.7 41.625 0.739073
0.7 43.875 0.726401
0.9 1.125 0.646159
0.9 3.375 0.646468
0.9 5.625 0.652801
0.9 7.875 0.622193
0.9 10.125 0.641925
0.9 12.375 0.652919
0.9 14.625 0.65172
0.9 16.875 0.659864
0.9 19.125 0.635827
0.9 21.375 0.640651
0.9 23.625 0.658098
0.9 25.875 0.654046
0.9 28.125 0.661395
0.9 30.375 0.646952
0.9 32.625 0.674168
0.9 34.875 0.673156
0.9 37.125 0.684425
0.9 39.375 0.679408
0.9 41.625 0.685032
0.9 43.875 0.662307
1.1 1.125 0.492005
1.1 3.375 0.482186
1.1 5.625 0.49213
1.1 7.875 0.488282
1.1 10.125 0.477
1.1 12.375 0.498655
1.1 14.625 0.487446
1.1 16.875 0.5251
1.1 19.125 0.514965
1.1 21.375 0.51554
1.1 23.625 0.571065
1.1 25.875 0.505173
1.1 28.125 0.52347
1.1 30.375 0.550012
1.1 32.625 0.566469
1.1 34.875 0.548531
1.1 37.125 0.564575
1.1 39.375 0.586622
1.1 41.625 0.6064
1.1 43.875 0.613403
1.3 1.125 0.286128
1.3 3.375 0.301956
1.3 5.625 0.302916
1.3 7.875 0.308352
1.3 10.125 0.314283
1.3 12.375 0.320024
1.3 14.625 0.335188
1.3 16.875 0.351127
1.3 19.125 0.35255
1.3 21.375 0.374119
1.3 23.625 0.407937
1.3 25.875 0.379518
1.3 28.125 0.400815
1.3 30.375 0.418148
1.3 32.625 0.429817
1.3 34.875 0.46502
1.3 37.125 0.462397
1.3 39.375 0.485176
1.3 41.625 0.479077
1.3 43.875 0.504215
1.5 1.125 0.161237
1.5 3.375 0.169506
1.5 5.625 0.16058
1.5 7.875 0.171531
1.5 10.125 0.187673
1.5 12.375 0.207032
1.5 14.625 0.201367
1.5 16.875 0.183104
1.5 19.125 0.204602
1.5 21.375 0.222696
1.5 23.625 0.242806
1.5 25.875 0.23509
1.5 28.125 0.258833
1.5 30.375 0.240892
1.5 32.625 0.26423
1.5 34.875 0.283871
1.5 37.125 0.286131
1.5 39.375 0.300412
1.5 41.625 0.333719
1.5 43.875 0.359277
1.7 1.125 0.0949505
1.7 3.375 0.0870567
1.7 5.625 0.093329
1.7 7.875 0.0925765
1.7 10.125 0.101152
1.7 12.375 0.10247
1.7 14.625 0.11784
1.7 16.875 0.119693
1.7 19.125 0.114229
1.7 21.375 0.118005
1.7 23.625 0.131596
1.7 25.875 0.128511
1.7 28.125 0.127553
1.7 30.375 0.14434
1.7 32.625 0.149664
1.7 34.875 0.149238
1.7 37.125 0.160796
1.7 39.375 0.159484
1.7 41.625 0.197221
1.7 43.875 0.19268
1.9 1.125 0.061519
1.9 3.375 0.0581778
1.9 5.625 0.0592417
1.9 7.875 0.0604239
1.9 10.125 0.0658036
1.9 12.375 0.0633416
1.9 14.625 0.0685863
1.9 16.875 0.0692803
1.9 19.125 0.0741463
1.9 21.375 0.0738228
1.9 23.625 0.0755852
1.9 25.875 0.072253
1.9 28.125 0.0853005
1.9 30.375 0.0861389
1.9 32.625 0.0906111
1.9 34.875 0.0875227
1.9 37.125 0.102606
1.9 39.375 0.0988006
1.9 41.625 0.100631
1.9 43.875 0.107933
2.1 1.125 0.0342734
2.1 3.375 0.0353487
2.1 5.625 0.0390128
2.1 7.875 0.0386736
2.1 10.125 0.041602
2.1 12.375 0.0396281
2.1 14.625 0.0449562
2.1 16.875 0.0456216
2.1 19.125 0.0450774
2.1 21.375 0.0447263
2.1 23.625 0.0541043
2.1 25.875 0.0522375
2.1 28.125 0.0527049
2.1 30.375 0.0587217
2.1 32.625 0.0565421
2.1 34.875 0.0602439
2.1 37.125 0.0588831
2.1 39.375 0.0629488
2.1 41.625 0.064417
2.1 43.875 0.0673039
2.3 1.125 0.0231276
2.3 3.375 0.024813
2.3 5.625 0.023925
2.3 7.875 0.0242493
2.3 10.125 0.0272027
2.3 12.375 0.0257938
2.3 14.625 0.0279793
2.3 16.875 0.0282673
2.3 19.125 0.0290163
2.3 21.375 0.0288702
2.3 23.625 0.0303988
2.3 25.875 0.0338116
2.3 28.125 0.0350785
2.3 30.375 0.0347593
2.3 32.625 0.0467235
2.3 34.875 0.0380925
2.3 37.125 0.0426611
2.3 39.375 0.0406823
2.3 41.625 0.0425344
2.3 43.875 0.0397447
2.5 1.125 0.0169059
2.5 3.375 0.0176637
2.5 5.625 0.0203538
2.5 7.875 0.0172942
2.5 10.125 0.0161294
2.5 12.375 0.016
2.5 14.625 0.0165274
2.5 16.875 0.0173602
2.5 19.125 0.0189422
2.5 21.375 0.0188222
2.5 23.625 0.0209313
2.5 25.875 0.0225116
2.5 28.125 0.0228031
2.5 30.375 0.0255086
2.5 32.625 0.025342
2.5 34.875 0.0255883
2.5 37.125 0.0256253
2.5 39.375 0.02797
2.5 41.625 0.0255166
2.5 43.875 0.0266862
2.7 1.125 0.0137588
2.7 3.375 0.0130667
2.7 5.625 0.0131387
2.7 7.875 0.0144989
2.7 10.125 0.0160212
2.7 12.375 0.0140072
2.7 14.625 0.0135286
2.7 16.875 0.0128871
2.7 19.125 0.014313
2.7 21.375 0.0138229
2.7 23.625 0.0144295
2.7 25.875 0.0151831
2.7 28.125 0.0162689
2.7 30.375 0.0183307
2.7 32.625 0.0161479
2.7 34.875 0.0176818
2.7 37.125 0.0182975
2.7 39.375 0.0185707
2.7 41.625 0.0177309
2.7 43.875 0.0169352
2.9 1.125 0.0110376
2.9 3.375 0.0108615
2.9 5.625 0.01073
2.9 7.875 0.0105358
2.9 10.125 0.0104843
2.9 12.375 0.0109578
2.9 14.625 0.0170939
2.9 16.875 0.0112362
2.9 19.125 0.0121329
2.9 21.375 0.0120903
2.9 23.625 0.0130733
2.9 25.875 0.013216
2.9 28.125 0.0122986
2.9 30.375 0.0134731
2.9 32.625 0.0132404
2.9 34.875 0.0135226
2.9 37.125 0.0131835
2.9 39.375 0.0134974
2.9 41.625 0.0142024
2.9 43.875 0.0141697
3.1 1.125 0.00951153
3.1 3.375 0.00909471
3.1 5.625 0.011009
3.1 7.875 0.00990975
3.1 10.125 0.00898859
3.1 12.375 0.0121636
3.1 14.625 0.00976522
3.1 16.875 0.00970711
3.1 19.125 0.00952774
3.1 21.375 0.0096736
3.1 23.625 0.0105201
3.1 25.875 0.00940496
3.1 28.125 0.0107251
3.1 30.375 0.00997727
3.1 32.625 0.0113588
3.1 34.875 0.0106692
3.1 37.125 0.0102983
3.1 39.375 0.0108607
3.1 41.625 0.0108327
3.1 43.875 0.0116389
3.3 1.125 0.0079112
3.3 3.375 0.00749214
3.3 5.625 0.00794716
3.3 7.875 0.00761815
3.3 10.125 0.00769596
3.3 12.375 0.00834854
3.3 14.625 0.00817415
3.3 16.875 0.00815978
3.3 19.125 0.00814061
3.3 21.375 0.00881661
3.3 23.625 0.00838289
3.3 25.875 0.00905762
3.3 28.125 0.00888165
3.3 30.375 0.00893786
3.3 32.625 0.0098864
3.3 34.875 0.0094761
3.3 37.125 0.00845339
3.3 39.375 0.00811267
3.3 41.625 0.00853658
3.3 43.875 0.00902141
3.5 1.125 0.00735217
3.5 3.375 0.00658234
3.5 5.625 0.0068136
3.5 7.875 0.0063493
3.5 10.125 0.00863092
3.5 12.375 0.00648668
3.5 14.625 0.00655368
3.5 16.875 0.00726655
3.5 19.125 0.00690478
3.5 21.375 0.00712402
3.5 23.625 0.00782443
3.5 25.875 0.00813589
3.5 28.125 0.00783159
3.5 30.375 0.00733107
3.5 32.625 0.00788225
3.5 34.875 0.00760586
3.5 37.125 0.0079093
3.5 39.375 0.00785009
3.5 41.625 0.00739878
3.5 43.875 0.00806182
3.7 1.125 0.00596543
3.7 3.375 0.00559244
3.7 5.625 0.0068323
3.7 7.875 0.00637182
3.7 10.125 0.00585541
3.7 12.375 0.00702275
3.7 14.625 0.00610871
3.7 16.875 0.00644738
3.7 19.125 0.0063804
3.7 21.375 0.00615029
3.7 23.625 0.00648778
3.7 25.875 0.00719246
3.7 28.125 0.00744614
3.7 30.375 0.00656469
3.7 32.625 0.00615388
3.7 34.875 0.0062205
3.7 37.125 0.00668686
3.7 39.375 0.00684428
3.7 41.625 0.00651031
3.7 43.875 0.00670709
3.9 1.125 0.00535183
3.9 3.375 0.00550959
3.9 5.625 0.00615123
3.9 7.875 0.00529504
3.9 10.125 0.00533037
3.9 12.375 0.00579411
3.9 14.625 0.0058389
3.9 16.875 0.00612696
3.9 19.125 0.00608344
3.9 21.375 0.00571673
3.9 23.625 0.00604512
3.9 25.875 0.0055837
3.9 28.125 0.0078522
3.9 30.375 0.00658047
3.9 32.625 0.00593342
3.9 34.875 0.00646337
3.9 37.125 0.0054105
3.9 39.375 0.0053093
3.9 41.625 0.00540664
3.9 43.875 0.0058581
4.1 1.125 0.00526963
4.1 3.375 0.00518613
4.1 5.625 0.00543727
4.1 7.875 0.00494099
4.1 10.125 0.00501187
4.1 12.375 0.00537323
4.1 14.625 0.00505129
4.1 16.875 0.00515453
4.1 19.125 0.0057225
4.1 21.375 0.00586461
4.1 23.625 0.00520066
4.1 25.875 0.00554649
4.1 28.125 0.0055731
4.1 30.375 0.00547023
4.1 32.625 0.00535635
4.1 34.875 0.00533154
4.1 37.125 0.00492002
4.1 39.375 0.00513868
4.1 41.625 0.00513513
4.1 43.875 0.00536177
4.3 1.125 0.00460807
4.3 3.375 0.00427837
4.3 5.625 0.00410699
4.3 7.875 0.00444564
4.3 10.125 0.00400544
4.3 12.375 0.00459846
4.3 14.625 0.00478763
4.3 16.875 0.00536229
4.3 19.125 0.00494667
4.3 21.375 0.0047493
4.3 23.625 0.00531115
4.3 25.875 0.00504654
4.3 28.125 0.00521502
4.3 30.375 0.00518702
4.3 32.625 0.00475573
4.3 34.875 0.00462664
4.3 37.125 0.00448475
4.3 39.375 0.00447993
4.3 41.625 0.00478104
4.3 43.875 0.00423094
4.5 1.125 0.00402637
4.5 3.375 0.00440559
4.5 5.625 0.003927
4.5 7.875 0.00435047
4.5 10.125 0.00648724
4.5 12.375 0.00400821
4.5 14.625 0.00416273
4.5 16.875 0.00445624
4.5 19.125 0.00485864
4.5 21.375 0.00451505
4.5 23.625 0.00416188
4.5 25.875 0.00439116
4.5 28.125 0.00490592
4.5 30.375 0.00408078
4.5 32.625 0.0045202
4.5 34.875 0.00446869
4.5 37.125 0.00682601
4.5 39.375 0.00454245
4.5 41.625 0.00449204
4.5 43.875 0.00478821
4.7 1.125 0.00417755
4.7 3.375 0.00370779
4.7 5.625 0.00400815
4.7 7.875 0.00413214
4.7 10.125 0.00421607
4.7 12.375 0.00437873
4.7 14.625 0.00430982
4.7 16.875 0.00407418
4.7 19.125 0.00405207
4.7 21.375 0.00432302
4.7 23.625 0.00410715
4.7 25.875 0.00408387
4.7 28.125 0.00433503
4.7 30.375 0.00434992
4.7 32.625 0.00403204
4.7 34.875 0.0038702
4.7 37.125 0.00409989
4.7 39.375 0.00423072
4.7 41.625 0.00425623
4.7 43.875 0.00362142
4.9 1.125 0.00354786
4.9 3.375 0.00391165
4.9 5.625 0.00354728
4.9 7.875 0.00367728
4.9 10.125 0.00367013
4.9 12.375 0.00332249
4.9 14.625 0.00380879
4.9 16.875 0.00366679
4.9 19.125 0.00402818
4.9 21.375 0.00396336
4.9 23.625 0.00405893
4.9 25.875 0.00384944
4.9 28.125 0.00359099
4.9 30.375 0.0038335
4.9 32.625 0.0037822
4.9 34.875 0.00373127
4.9 37.125 0.0036486
4.9 39.375 0.00366924
4.9 41.625 0.0036256
4.9 43.875 0.00363915
5.1 1.125 0.00318967
5.1 3.375 0.00375145
5.1 5.625 0.00345153
5.1 7.875 0.0047449
5.1 10.125 0.00361597
5.1 12.375 0.00414563
5.1 14.625 0.00420617
5.1 16.875 0.0037317
5.1 19.125 0.00390269
5.1 21.375 0.00342185
5.1 23.625 0.0035928
5.1 25.875 0.00390064
5.1 28.125 0.00354995
5.1 30.375 0.00335824
5.1 32.625 0.00382729
5.1 34.875 0.00354645
5.1 37.125 0.00373207
5.1 39.375 0.00361426
5.1 41.625 0.00378257
5.1 43.875 0.00362107
5.3 1.125 0.00382487
5.3 3.375 0.00335743
5.3 5.625 0.00316196
5.3 7.875 0.00372567
5.3 10.125 0.00373224
5.3 12.375 0.00327548
5.3 14.625 0.00330829
5.3 16.875 0.00356302
5.3 19.125 0.00361874
5.3 21.375 0.0033154
5.3 23.625 0.00347423
5.3 25.875 0.00408897
5.3 28.125 0.00355173
5.3 30.375 0.00313282
5.3 32.625 0.00327421
5.3 34.875 0.00341468
5.3 37.125 0.0033883
5.3 39.375 0.00362594
5.3 41.625 0.00319295
5.3 43.875 0.00304044
5.5 1.125 0.0031527
5.5 3.375 0.0030356
5.5 5.625 0.00329562
5.5 7.875 0.0031961
5.5 10.125 0.0032108
5.5 12.375 0.00302555
5.5 14.625 0.00318205
5.5 16.875 0.00327365
5.5 19.125 0.0030229
5.5 21.375 0.00338409
5.5 23.625 0.0029321
5.5 25.875 0.00307482
5.5 28.125 0.00355308
5.5 30.375 0.00312985
5.5 32.625 0.00308371
5.5 34.875 0.00344572
5.5 37.125 0.00307535
5.5 39.375 0.00337701
5.5 41.625 0.00347603
5.5 43.875 0.00315381
5.7 1.125 0.00286192
5.7 3.375 0.00269284
5.7 5.625 0.00261593
5.7 7.875 0.00294996
5.7 10.125 0.0033181
5.7 12.375 0.00336438
5.7 14.625 0.00311668
5.7 16.875 0.00330199
5.7 19.125 0.00314001
5.7 21.375 0.00339991
5.7 23.625 0.00310191
5.7 25.875 0.00338431
5.7 28.125 0.00327446
5.7 30.375 0.00340024
5.7 32.625 0.00329832
5.7 34.875 0.00316267
5.7 37.125 0.00295707
5.7 39.375 0.00286845
5.7 41.625 0.00324391
5.7 43.875 0.00350651
5.9 1.125 0.00266054
5.9 3.375 0.00300947
5.9 5.625 0.00332419
5.9 7.875 0.00308737
5.9 10.125 0.00317595
5.9 12.375 0.00300511
5.9 14.625 0.0031246
5.9 16.875 0.00297284
5.9 19.125 0.00392418
5.9 21.375 0.00296595
5.9 23.625 0.00317104
5.9 25.875 0.00281185
5.9 28.125 0.00303623
5.9 30.375 0.00303356
5.9 32.625 0.00283922
5.9 34.875 0.0028692
5.9 37.125 0.00301802
5.9 39.375 0.00291966
5.9 41.625 0.00269773
5.9 43.875 0.00337567
6.1 1.125 0.00280136
6.1 3.375 0.00263914
6.1 5.625 0.00281533
6.1 7.875 0.0029288
6.1 10.125 0.00302922
6.1 12.375 0.00272955
6.1 14.625 0.00290704
6.1 16.875 0.00321662
6.1 19.125 0.00312275
6.1 21.375 0.00452135
6.1 23.625 0.00268239
6.1 25.875 0.00308918
6.1 28.125 0.00285423
6.1 30.375 0.00284112
6.1 32.625 0.00273657
6.1 34.875 0.00267753
6.1 37.125 0.00263167
6.1 39.375 0.00283094
6.1 41.625 0.00285169
6.1 43.875 0.00313379
6.3 1.125 0.00253028
6.3 3.375 0.00245372
6.3 5.625 0.00309666
6.3 7.875 0.00266922
6.3 10.125 0.00302122
6.3 12.375 0.00310068
6.3 14.625 0.00300313
6.3 16.875 0.00290439
6.3 19.125 0.00259204
6.3 21.375 0.00300946
6.3 23.625 0.00271287
6.3 25.875 0.00269673
6.3 28.125 0.00268821
6.3 30.375 0.0029837
6.3 32.625 0.00300105
6.3 34.875 0.00278407
6.3 37.125 0.00280187
6.3 39.375 0.00297282
6.3 41.625 0.00264489
6.3 43.875 0.00276911
6.5 1.125 0.00280859
6.5 3.375 0.00255692
6.5 5.625 0.00295012
6.5 7.875 0.00292473
6.5 10.125 0.00318593
6.5 12.375 0.00295312
6.5 14.625 0.00254131
6.5 16.875 0.0028387
6.5 19.125 0.00270571
6.5 21.375 0.00306871
6.5 23.625 0.00252337
6.5 25.875 0.00246059
6.5 28.125 0.00251075
6.5 30.375 0.00270133
6.5 32.625 0.00281142
6.5 34.875 0.00243816
6.5 37.125 0.00299286
6.5 39.375 0.00282946
6.5 41.625 0.00307113
6.5 43.875 0.00306692
6.7 1.125 0.00280568
6.7 3.375 0.00274661
6.7 5.625 0.00305852
6.7 7.875 0.00261629
6.7 10.125 0.0026185
6.7 12.375 0.00265034
6.7 14.625 0.00260219
6.7 16.875 0.00256942
6.7 19.125 0.00280725
6.7 21.375 0.00276299
6.7 23.625 0.00281171
6.7 25.875 0.00301613
6.7 28.125 0.00275605
6.7 30.375 0.00269755
6.7 32.625 0.00280926
6.7 34.875 0.0024312
6.7 37.125 0.0026383
6.7 39.375 0.00297925
6.7 41.625 0.0025858
6.7 43.875 0.00619821
6.9 1.125 0.00260623
6.9 3.375 0.00231817
6.9 5.625 0.00255144
6.9 7.875 0.00679331
6.9 10.125 0.00270733
6.9 12.375 0.00297346
6.9 14.625 0.00286848
6.9 16.875 0.00276227
6.9 19.125 0.00352032
6.9 21.375 0.0028079
6.9 23.625 0.00234208
6.9 25.875 0.0030861
6.9 28.125 0.0025754
6.9 30.375 0.00229308
6.9 32.625 0.00276883
6.9 34.875 0.00224675
6.9 37.125 0.00255632
6.9 39.375 0.0023304
6.9 41.625 0.00254168
6.9 43.875 0.00255649
7.1 1.125 0.0028109
7.1 3.375 0.00244872
7.1 5.625 0.00250725
7.1 7.875 0.00266564
7.1 10.125 0.00291857
7.1 12.375 0.00303495
7.1 14.625 0.00259501
7.1 16.875 0.00266487
7.1 19.125 0.00254897
7.1 21.375 0.00258302
7.1 23.625 0.00255836
7.1 25.875 0.00255265
7.1 28.125 0.00330264
7.1 30.375 0.00296975
7.1 32.625 0.00254762
7.1 34.875 0.00250261
7.1 37.125 0.00651679
7.1 39.375 0.00244136
7.1 41.625 0.00327119
7.1 43.875 0.00260336
7.3 1.125 0.00252814
7.3 3.375 0.00268778
7.3 5.625 0.0061694
7.3 7.875 0.0024269
7.3 10.125 0.00241289
7.3 12.375 0.00373675
7.3 14.625 0.002996
7.3 16.875 0.0025121
7.3 19.125 0.00268116
7.3 21.375 0.00249086
7.3 23.625 0.00248282
7.3 25.875 0.00221246
7.3 28.125 0.00235496
7.3 30.375 0.00233248
7.3 32.625 0.00260974
7.3 34.875 0.00245046
7.3 37.125 0.00208414
7.3 39.375 0.0023995
7.3 41.625 0.00256527
7.3 43.875 0.00292523
7.5 1.125 0.00223155
7.5 3.375 0.00787899
7.5 5.625 0.0026088
7.5 7.875 0.00245666
7.5 10.125 0.00268778
7.5 12.375 0.00231983
7.5 14.625 0.00222102
7.5 16.875 0.00642997
7.5 19.125 0.00782224
7.5 21.375 0.00247302
7.5 23.625 0.00239461
7.5 25.875 0.00244061
7.5 28.125 0.00271348
7.5 30.375 0.00304427
7.5 32.625 0.00242644
7.5 34.875 0.00229752
7.5 37.125 0.00254538
7.5 39.375 0.00237404
7.5 41.625 0.00213015
7.5 43.875 0.00225255
7.7 1.125 0.00233338
7.7 3.375 0.00245292
7.7 5.625 0.00234332
7.7 7.875 0.00267881
7.7 10.125 0.00243763
7.7 12.375 0.00217472
7.7 14.625 0.00250776
7.7 16.875 0.00268147
7.7 19.125 0.00214603
7.7 21.375 0.00235436
7.7 23.625 0.00230329
7.7 25.875 0.00217734
7.7 28.125 0.00263525
7.7 30.375 0.00250166
7.7 32.625 0.00259474
7.7 34.875 0.00247298
7.7 37.125 0.00430398
7.7 39.375 0.00250029
7.7 41.625 0.00207724
7.7 43.875 0.00241468
7.9 1.125 0.00260851
7.9 3.375 0.00242371
7.9 5.625 0.00940949
7.9 7.875 0.00270016
7.9 10.125 0.00214946
7.9 12.375 0.00221656
7.9 14.625 0.00655647
7.9 16.875 0.00206137
7.9 19.125 0.00233718
7.9 21.375 0.00655171
7.9 23.625 0.00265731
7.9 25.875 0.00258743
7.9 28.125 0.00254498
7.9 30.375 0.00208295
7.9 32.625 0.00222483
7.9 34.875 0.00232008
7.9 37.125 0.00252826
7.9 39.375 0.00241623
7.9 41.625 0.00239946
7.9 43.875 0.00247705
8.1 1.125 0.00244558
8.1 3.375 0.00230518
8.1 5.625 0.00201634
8.1 7.875 0.0025048
8.1 10.125 0.0026902
8.1 12.375 0.00307677
8.1 14.625 0.00231358
8.1 16.875 0.00240225
8.1 19.125 0.00196245
8.1 21.375 0.00222011
8.1 23.625 0.00222508
8.1 25.875 0.00204812
8.1 28.125 0.00257389
8.1 30.375 0.0023456
8.1 32.625 0.00225781
8.1 34.875 0.00241004
8.1 37.125 0.00225133
8.1 39.375 0.00261035
8.1 41.625 0.00256107
8.1 43.875 0.00234205
8.3 1.125 0.00235397
8.3 3.375 0.00273472
8.3 5.625 0.00219451
8.3 7.875 0.00242504
8.3 10.125 0.00262254
8.3 12.375 0.00229712
8.3 14.625 0.0026614
8.3 16.875 0.00215629
8.3 19.125 0.00370341
8.3 21.375 0.00818337
8.3 23.625 0.00253781
8.3 25.875 0.00246877
8.3 28.125 0.00217219
8.3 30.375 0.00319496
8.3 32.625 0.00238398
8.3 34.875 0.00276866
8.3 37.125 0.00216344
8.3 39.375 0.00251045
8.3 41.625 0.0111563
8.3 43.875 0.0027798
8.5 1.125 0.00241319
8.5 3.375 0.00206638
8.5 5.625 0.00218426
8.5 7.875 0.00210168
8.5 10.125 0.0025597
8.5 12.375 0.00315751
8.5 14.625 0.00764881
8.5 16.875 0.00245638
8.5 19.125 0.0041641
8.5 21.375 0.00216726
8.5 23.625 0.00230197
8.5 25.875 0.00220176
8.5 28.125 0.00228529
8.5 30.375 0.00249168
8.5 32.625 0.00340631
8.5 34.875 0.00348116
8.5 37.125 0.00229214
8.5 39.375 0.00237492
8.5 41.625 0.00251965
8.5 43.875 0.00324091
8.7 1.125 0.0023849
8.7 3.375 0.00262188
8.7 5.625 0.00222948
8.7 7.875 0.00184448
8.7 10.125 0.00263336
8.7 12.375 0.00226878
8.7 14.625 0.00283084
8.7 16.875 0.00224808
8.7 19.125 0.00241952
8.7 21.375 0.0022963
8.7 23.625 0.00215193
8.7 25.875 0.00198697
8.7 28.125 0.00520808
8.7 30.375 0.0029136
8.7 32.625 0.00215173
8.7 34.875 0.00280049
8.7 37.125 0.00291209
8.7 39.375 0.00219948
8.7 41.625 0.00206272
8.7 43.875 0.00192351
8.9 1.125 0.00807482
8.9 3.375 0.00244987
8.9 5.625 0.0026508
8.9 7.875 0.00200529
8.9 10.125 0.00258632
8.9 12.375 0.00219994
8.9 14.625 0.00739397
8.9 16.875 0.00193798
8.9 19.125 0.00189775
8.9 21.375 0.0022951
8.9 23.625 0.0022064
8.9 25.875 0.00207698
8.9 28.125 0.0022278
8.9 30.375 0.0026594
8.9 32.625 0.00251619
8.9 34.875 0.00251203
8.9 37.125 0.00213073
8.9 39.375 0.00261908
8.9 41.625 0.00216315
8.9 43.875 0.00223945
9.1 1.125 0.00221196
9.1 3.375 0.00205957
9.1 5.625 0.00189958
9.1 7.875 0.00268741
9.1 10.125 0.0022433
9.1 12.375 0.00228754
9.1 14.625 0.00250534
9.1 16.875 0.00227778
9.1 19.125 0.00230877
9.1 21.375 0.00208323
9.1 23.625 0.00280417
9.1 25.875 0.00215559
9.1 28.125 0.00259165
9.1 30.375 0.0024042
9.1 32.625 0.00208248
9.1 34.875 0.00189815
9.1 37.125 0.00236395
9.1 39.375 0.00195079
9.1 41.625 0.00231169
9.1 43.875 0.00213444
9.3 1.125 0.00182375
9.3 3.375 0.00231281
9.3 5.625 0.00242203
9.3 7.875 0.00261559
9.3 10.125 0.00212798
9.3 12.375 0.00274867
9.3 14.625 0.00784642
9.3 16.875 0.00197815
9.3 19.125 0.00228294
9.3 21.375 0.00257013
9.3 23.625 0.00250272
9.3 25.875 0.00304256
9.3 28.125 0.00317416
9.3 30.375 0.0020982
9.3 32.625 0.0016861
9.3 34.875 0.00399669
9.3 37.125 0.00202341
9.3 39.375 0.00201403
9.3 41.625 0.0018897
9.3 43.875 0.00240985
9.5 1.125 0.00243989
9.5 3.375 0.00201521
9.5 5.625 0.00278504
9.5 7.875 0.00226055
9.5 10.125 0.00591017
9.5 12.375 0.00277569
9.5 14.625 0.00201826
9.5 16.875 0.00239439
9.5 19.125 0.00195383
9.5 21.375 0.00236536
9.5 23.625 0.00205117
9.5 25.875 0.00241381
9.5 28.125 0.00189482
9.5 30.375 0.00201142
9.5 32.625 0.0178117
9.5 34.875 0.00235693
9.5 37.125 0.00221042
9.5 39.375 0.00224782
9.5 41.625 0.0114345
9.5 43.875 0.00226611
9.7 1.125 0.0022213
9.7 3.375 0.00157454
9.7 5.625 0.00216435
9.7 7.875 0.00227215
9.7 10.125 0.00205104
9.7 12.375 0.0022902
9.7 14.625 0.00339951
9.7 16.875 0.00218579
9.7 19.125 0.00235079
9.7 21.375 0.00188649
9.7 23.625 0.00203698
9.7 25.875 0.00203501
9.7 28.125 0.0120022
9.7 30.375 0.00185371
9.7 32.625 0.00316102
9.7 34.875 0.00229016
9.7 37.125 0.00259404
9.7 39.375 0.00206895
9.7 41.625 0.00235948
9.7 43.875 0.00210628
9.9 1.125 0.00187506
9.9 3.375 0.00216001
9.9 5.625 0.00219651
9.9 7.875 0.00217654
9.9 10.125 0.00222214
9.9 12.375 0.0018787
9.9 14.625 0.00332496
9.9 16.875 0.00218644
9.9 19.125 0.0022795
9.9 21.375 0.00205743
9.9 23.625 0.00216812
9.9 25.875 0.00253696
9.9 28.125 0.00198116
9.9 30.375 0.00174084
9.9 32.625 0.00239757
9.9 34.875 0.00187518
9.9 37.125 0.00241789
9.9 39.375 0.00236863
9.9 41.625 0.00212002
9.9 43.875 0.0020201
10.1 1.125 0.0022073
10.1 3.375 0.00426478
10.1 5.625 0.00579846
10.1 7.875 0.00241554
10.1 10.125 0.0022958
10.1 12.375 0.00212143
10.1 14.625 0.00207995
10.1 16.875 0.00265113
10.1 19.125 0.00193233
10.1 21.375 0.00231094
10.1 23.625 0.00305559
10.1 25.875 0.0023498
10.1 28.125 0.00247566
10.1 30.375 0.00244024
10.1 32.625 0.00249482
10.1 34.875 0.00251056
10.1 37.125 0.00273085
10.1 39.375 0.00276966
10.1 41.625 0.00276842
10.1 43.875 0.00255217
10.3 1.125 0.00170584
10.3 3.375 0.00278929
10.3 5.625 0.00222331
10.3 7.875 0.00250354
10.3 10.125 0.00198193
10.3 12.375 0.00233697
10.3 14.625 0.00198698
10.3 16.875 0.00232242
10.3 19.125 0.00241938
10.3 21.375 0.00201961
10.3 23.625 0.00243661
10.3 25.875 0.00164231
10.3 28.125 0.00215688
10.3 30.375 0.00276482
10.3 32.625 0.00508496
10.3 34.875 0.00219463
10.3 37.125 0.00215607
10.3 39.375 0.00185077
10.3 41.625 0.00224595
10.3 43.875 0.00280801
10.5 1.125 0.00229217
10.5 3.375 0.0019376
10.5 5.625 0.00224152
10.5 7.875 0.00254319
10.5 10.125 0.00243326
10.5 12.375 0.00235121
10.5 14.625 0.00201195
10.5 16.875 0.00215589
10.5 19.125 0.00174179
10.5 21.375 0.00228173
10.5 23.625 0.00248198
10.5 25.875 0.00241643
10.5 28.125 0.00239014
10.5 30.375 0.00264235
10.5 32.625 0.00233199
10.5 34.875 0.00190803
10.5 37.125 0.0027702
10.5 39.375 0.00186588
10.5 41.625 0.00232813
10.5 43.875 0.00238226
10.7 1.125 0.00215234
10.7 3.375 0.0025673
10.7 5.625 0.0022276
10.7 7.875 0.00220134
10.7 10.125 0.0020157
10.7 12.375 0.00235174
10.7 14.625 0.00261685
10.7 16.875 0.00196638
10.7 19.125 0.00294908
10.7 21.375 0.00178648
10.7 23.625 0.00244917
10.7 25.875 0.00215207
10.7 28.125 0.00263891
10.7 30.375 0.00281439
10.7 32.625 0.00230244
10.7 34.875 0.00194049
10.7 37.125 0.00195376
10.7 39.375 0.00188298
10.7 41.625 0.00201017
10.7 43.875 0.00283379
10.9 1.125 0.00267721
10.9 3.375 0.00252881
10.9 5.625 0.00175958
10.9 7.875 0.0033181
10.9 10.125 0.00366392
10.9 12.375 0.00239392
10.9 14.625 0.00192478
10.9 16.875 0.00241255
10.9 19.125 0.00207492
10.9 21.375 0.00261438
10.9 23.625 0.00212611
10.9 25.875 0.00229571
10.9 28.125 0.00239368
10.9 30.375 0.00248425
10.9 32.625 0.00198535
10.9 34.875 0.00180005
10.9 37.125 0.00165098
10.9 39.375 0.00282609
10.9 41.625 0.00225356
10.9 43.875 0.00242414
11.1 1.125 0.00251594
11.1 3.375 0.0019068
11.1 5.625 0.00194389
11.1 7.875 0.00193998
11.1 10.125 0.00191327
11.1 12.375 0.00291589
11.1 14.625 0.0016655
11.1 16.875 0.002031
11.1 19.125 0.00183822
11.1 21.375 0.00309026
11.1 23.625 0.0241059
11.1 25.875 0.00180189
11.1 28.125 0.00240443
11.1 30.375 0.001893
11.1 32.625 0.00196405
11.1 34.875 0.00464582
11.1 37.125 0.00239613
11.1 39.375 0.0029437
11.1 41.625 0.0016383
11.1 43.875 0.00228116
11.3 1.125 0.00300798
11.3 3.375 0.00213075
11.3 5.625 0.00238458
11.3 7.875 0.00240769
11.3 10.125 0.00238982
11.3 12.375 0.00230695
11.3 14.625 0.00152209
11.3 16.875 0.00148909
11.3 19.125 0.00169119
11.3 21.375 0.00336577
11.3 23.625 0.00174867
11.3 25.875 0.00157636
11.3 28.125 0.0019903
11.3 30.375 0.00236791
11.3 32.625 0.0026869
11.3 34.875 0.00211512
11.3 37.125 0.00249294
11.3 39.375 0.00243382
11.3 41.625 0.00168894
11.3 43.875 0.00155604
11.5 1.125 0.00175316
11.5 3.375 0.00222789
11.5 5.625 0.00184649
11.5 7.875 0.00245338
11.5 10.125 0.00232987
11.5 12.375 0.00238492
11.5 14.625 0.00202025
11.5 16.875 0.00203736
11.5 19.125 0.00210158
11.5 21.375 0.00194306
11.5 23.625 0.00243261
11.5 25.875 0.00176097
11.5 28.125 0.00262049
11.5 30.375 0.00261021
11.5 32.625 0.00204484
11.5 34.875 0.00184237
11.5 37.125 0.00225543
11.5 39.375 0.0020708
11.5 41.625 0.00177518
11.5 43.875 0.00321329
11.7 1.125 0.0024588
11.7 3.375 0.00172728
11.7 5.625 0.00173502
11.7 7.875 0.00192005
11.7 10.125 0.00308094
11.7 12.375 0.00227812
11.7 14.625 0.002414
11.7 16.875 0.00169023
11.7 19.125 0.00136555
11.7 21.375 0.00263263
11.7 23.625 0.00205029
11.7 25.875 0.00254035
11.7 28.125 0.00225277
11.7 30.375 0.00201322
11.7 32.625 0.00221983
11.7 34.875 0.00202643
11.7 37.125 0.00230653
11.7 39.375 0.00222569
11.7 41.625 0.00160647
11.7 43.875 0.00225108
11.9 1.125 0.0319972
11.9 3.375 0.00187001
11.9 5.625 0.00205761
11.9 7.875 0.0136179
11.9 10.125 0.00197845
11.9 12.375 0.00417936
11.9 14.625 0.00179777
11.9 16.875 0.00204699
11.9 19.125 0.00169284
11.9 21.375 0.0019173
11.9 23.625 0.00296293
11.9 25.875 0.00198721
11.9 28.125 0.00234579
11.9 30.375 0.00151674
11.9 32.625 0.00195245
11.9 34.875 0.00212826
11.9 37.125 0.00253488
11.9 39.375 0.00178021
11.9 41.625 0.00272947
11.9 43.875 0.00234116
12.1 1.125 0.00182892
12.1 3.375 0.00205828
12.1 5.625 0.00239411
12.1 7.875 0.00223804
12.1 10.125 0.00377825
12.1 12.375 0.00198699
12.1 14.625 0.00336699
12.1 16.875 0.00261485
12.1 19.125 0.00191356
12.1 21.375 0.00191469
12.1 23.625 0.00316569
12.1 25.875 0.0019163
12.1 28.125 0.00255751
12.1 30.375 0.00277084
12.1 32.625 0.00227356
12.1 34.875 0.00275169
12.1 37.125 0.00944257
12.1 39.375 0.00155771
12.1 41.625 0.00207342
12.1 43.875 0.00165915
12.3 1.125 0.00179057
12.3 3.375 0.00150261
12.3 5.625 0.00178183
12.3 7.875 0.00273192
12.3 10.125 0.00235351
12.3 12.375 0.00262483
12.3 14.625 0.00183392
12.3 16.875 0.00137305
12.3 19.125 0.00378867
12.3 21.375 0.00159173
12.3 23.625 0.00315252
12.3 25.875 0.00144374
12.3 28.125 0.00205885
12.3 30.375 0.00147763
12.3 32.625 0.00200659
12.3 34.875 0.00264209
12.3 37.125 0.00313593
12.3 39.375 0.00146835
12.3 41.625 0.00282906
12.3 43.875 0.0015251
12.5 1.125 0.00310411
12.5 3.375 0.00305482
12.5 5.625 0.00170428
12.5 7.875 0.00315089
12.5 10.125 0.00203314
12.5 12.375 0.00138002
12.5 14.625 0.0017629
12.5 16.875 0.00205669
12.5 19.125 0.00299313
12.5 21.375 0.0026674
12.5 23.625 0.00159703
12.5 25.875 0.00148578
12.5 28.125 0.00137245
12.5 30.375 0.00248887
12.5 32.625 0.00155343
12.5 34.875 0.00180715
12.5 37.125 0.0013203
12.5 39.375 0.00286379
12.5 41.625 0.00143983
12.5 43.875 0.00245621
12.7 1.125 0.0019663
12.7 3.375 0.00187272
12.7 5.625 0.00230807
12.7 7.875 0.00187372
12.7 10.125 0.00173809
12.7 12.375 0.00257976
12.7 14.625 0.00296295
12.7 16.875 0.00215716
12.7 19.125 0.00283129
12.7 21.375 0.00269889
12.7 23.625 0.0022089
12.7 25.875 0.00192868
12.7 28.125 0.0020779
12.7 30.375 0.00204093
12.7 32.625 0.00206267
12.7 34.875 0.00254602
12.7 37.125 0.00186996
12.7 39.375 0.00164603
12.7 41.625 0.00184703
12.7 43.875 0.00244384
12.9 1.125 0.0016708
12.9 3.375 0.00196235
12.9 5.625 0.00162361
12.9 7.875 0.0021452
12.9 10.125 0.00233379
12.9 12.375 0.00109287
12.9 14.625 0.00296628
12.9 16.875 0.00205658
12.9 19.125 0.00154733
12.9 21.375 0.00264368
12.9 23.625 0.00262889
12.9 25.875 0.00351188
12.9 28.125 0.00200983
12.9 30.375 0.00205256
12.9 32.625 0.00211798
12.9 34.875 0.00266254
12.9 37.125 0.00209442
12.9 39.375 0.00342384
12.9 41.625 0.00240808
12.9 43.875 0.00349768
13.1 1.125 0.00145423
13.1 3.375 0.00566434
13.1 5.625 0.00256084
13.1 7.875 0.00146283
13.1 10.125 0.00161451
13.1 12.375 0.00138382
13.1 14.625 0.00214443
13.1 16.875 0.00255045
13.1 19.125 0.00241142
13.1 21.375 0.00146252
13.1 23.625 0.0047244
13.1 25.875 0.00179147
13.1 28.125 0.00293759
13.1 32.625 0.00233569
13.1 34.875 0.00252657
13.1 37.125 0.00299133
13.1 39.375 0.00225509
13.1 41.625 0.00193276
13.1 43.875 0.00208161
13.3 1.125 0.00253648
13.3 3.375 0.00154345
13.3 5.625 0.00149696
13.3 7.875 0.00123645
13.3 10.125 0.00178557
13.3 12.375 0.00206565
13.3 14.625 0.002286
13.3 16.875 0.00203632
13.3 19.125 0.00230854
13.3 21.375 0.00211165
13.3 23.625 0.00249859
13.3 25.875 0.00184316
13.3 28.125 0.0159696
13.3 30.375 0.00168243
13.3 32.625 0.0016372
13.3 34.875 0.00212409
13.3 37.125 0.00196296
13.3 39.375 0.00209094
13.3 41.625 0.00257774
13.3 43.875 0.00525196
13.5 1.125 0.00208079
13.5 3.375 0.00146087
13.5 5.625 0.0032252
13.5 7.875 0.00160057
13.5 10.125 0.00149912
13.5 12.375 0.00267709
13.5 14.625 0.00284595
13.5 16.875 0.00163015
13.5 19.125 0.00182132
13.5 21.375 0.00212975
13.5 23.625 0.00250384
13.5 25.875 0.00227155
13.5 28.125 0.00382808
13.5 30.375 0.00203824
13.5 32.625 0.00181088
13.5 34.875 0.00131788
13.5 37.125 0.00348778
13.5 39.375 0.00305863
13.5 41.625 0.00124701
13.5 43.875 0.00201536
13.7 1.125 0.00231785
13.7 3.375 0.00227756
13.7 5.625 0.00350427
13.7 7.875 0.00230184
13.7 10.125 0.0027103
13.7 12.375 0.00210657
13.7 14.625 0.00202077
13.7 16.875 0.00311367
13.7 19.125 0.00196425
13.7 21.375 0.00202701
13.7 23.625 0.00195426
13.7 25.875 0.00180587
13.7 28.125 0.00220441
13.7 30.375 0.00269446
13.7 32.625 0.0038886
13.7 34.875 0.00190715
13.7 37.125 0.0012327
13.7 39.375 0.00207972
13.7 41.625 0.00165509
13.7 43.875 0.00219582
13.9 1.125 0.00318192
13.9 3.375 0.00171917
13.9 5.625 0.00205422
13.9 7.875 0.00235694
13.9 10.125 0.0015551
13.9 12.375 0.00218259
13.9 14.625 0.00210199
13.9 16.875 0.00126233
13.9 19.125 0.00236653
13.9 21.375 0.00555525
13.9 23.625 0.00159831
13.9 25.875 0.00246896
13.9 28.125 0.00179185
13.9 30.375 0.00253996
13.9 32.625 0.00309384
13.9 34.875 0.00177461
13.9 37.125 0.00155123
13.9 39.375 0.00200348
13.9 41.625 0.00409009
13.9 43.875 0.00734036
