0.1 1.125 0.84459
0.1 3.375 1.2538
0.1 5.625 1.24081
0.1 7.875 1.23752
0.1 10.125 1.24258
0.1 12.375 1.26817
0.1 16.875 1.23494
0.1 23.625 1.24515
0.1 28.125 1.22555
0.1 32.625 1.25239
0.1 41.625 1.24993
0.3 1.125 1.25087
0.3 3.375 1.17732
0.3 5.625 1.20563
0.3 7.875 1.24174
0.3 10.125 1.22597
0.3 12.375 1.21624
0.3 14.625 1.24121
0.3 16.875 1.21772
0.3 19.125 1.21397
0.3 21.375 1.22102
0.3 23.625 1.21524
0.3 25.875 1.23911
0.3 28.125 1.22931
0.3 30.375 1.25383
0.3 32.625 1.2224
0.3 34.875 1.23726
0.3 37.125 1.2103
0.3 39.375 1.22105
0.3 41.625 1.21471
0.3 43.875 1.23158
0.5 1.125 1.17114
0.5 3.375 1.22197
0.5 5.625 1.2063
0.5 7.875 1.18248
0.5 10.125 1.21159
0.5 12.375 1.17782
0.5 14.625 1.19831
0.5 16.875 1.20047
0.5 19.125 1.21289
0.5 21.375 1.16793
0.5 23.625 1.19735
0.5 25.875 1.20553
0.5 28.125 1.19787
0.5 30.375 1.19718
0.5 32.625 1.20594
0.5 34.875 1.18443
0.5 37.125 1.17987
0.5 39.375 1.17786
0.5 41.625 1.19759
0.5 43.875 1.1824
0.7 1.125 1.14077
0.7 3.375 1.14822
0.7 5.625 1.15732
0.7 7.875 1.14659
0.7 10.125 1.13691
0.7 12.375 1.14228
0.7 14.625 1.12264
0.7 16.875 1.15044
0.7 19.125 1.1364
0.7 21.375 1.15063
0.7 23.625 1.15858
0.7 25.875 1.15706
0.7 28.125 1.13963
0.7 30.375 1.14829
0.7 32.625 1.14209
0.7 34.875 1.15382
0.7 37.125 1.14753
0.7 39.375 1.11055
0.7 41.625 1.14744
0.7 43.875 1.15265
0.9 1.125 1.04254
0.9 3.375 1.05189
0.9 5.625 1.01813
0.9 7.875 1.03389
0.9 10.125 1.0489
0.9 12.375 1.01791
0.9 14.625 1.01859
0.9 16.875 1.05699
0.9 19.125 1.04774
0.9 21.375 1.01422
0.9 23.625 1.04416
0.9 25.875 1.01074
0.9 28.125 1.04222
0.9 30.375 1.0661
0.9 32.625 1.05014
0.9 34.875 1.03118
0.9 37.125 1.04979
0.9 39.375 1.08386
0.9 41.625 1.05743
0.9 43.875 1.09599
1.1 1.125 0.783642
1.1 3.375 0.767041
1.1 5.625 0.773446
1.1 7.875 0.808777
1.1 10.125 0.780269
1.1 12.375 0.819854
1.1 14.625 0.815106
1.1 16.875 0.838861
1.1 19.125 0.834341
1.1 21.375 0.845285
1.1 23.625 0.862021
1.1 25.875 0.885903
1.1 28.125 0.915282
1.1 30.375 0.918569
1.1 32.625 0.923323
1.1 34.875 0.983846
1.1 37.125 0.969859
1.1 39.375 0.987574
1.1 41.625 0.947401
1.1 43.875 0.954804
1.3 1.125 0.464837
1.3 3.375 0.544529
1.3 5.625 0.510428
1.3 7.875 0.491815
1.3 10.125 0.541799
1.3 12.375 0.545098
1.3 14.625 0.527341
1.3 16.875 0.570902
1.3 19.125 0.569462
1.3 21.375 0.600531
1.3 23.625 0.628783
1.3 25.875 0.713351
1.3 28.125 0.672013
1.3 30.375 0.66363
1.3 32.625 0.765715
1.3 34.875 0.743056
1.3 37.125 0.770603
1.3 39.375 0.760851
1.3 41.625 0.795449
1.3 43.875 0.809693
1.5 1.125 0.245098
1.5 3.375 0.274368
1.5 5.625 0.290313
1.5 7.875 0.274761
1.5 10.125 0.288688
1.5 12.375 0.302472
1.5 14.625 0.338605
1.5 16.875 0.332488
1.5 19.125 0.300229
1.5 21.375 0.375487
1.5 23.625 0.317179
1.5 25.875 0.322388
1.5 28.125 0.443256
1.5 30.375 0.408784
1.5 32.625 0.44234
1.5 34.875 0.483148
1.5 37.125 0.54332
1.5 39.375 0.515493
1.5 41.625 0.57682
1.5 43.875 0.609092
1.7 1.125 0.153658
1.7 3.375 0.157659
1.7 5.625 0.153894
1.7 7.875 0.160709
1.7 10.125 0.161734
1.7 12.375 0.168907
1.7 14.625 0.179851
1.7 16.875 0.185589
1.7 19.125 0.17223
1.7 21.375 0.17066
1.7 23.625 0.19171
1.7 25.875 0.223401
1.7 28.125 0.231637
1.7 30.375 0.245621
1.7 32.625 0.240815
1.7 34.875 0.225506
1.7 37.125 0.301195
1.7 39.375 0.28373
1.7 41.625 0.331356
1.7 43.875 0.326447
1.9 1.125 0.0854215
1.9 3.375 0.0934265
1.9 5.625 0.0945127
1.9 7.875 0.0914053
1.9 10.125 0.105364
1.9 12.375 0.103852
1.9 14.625 0.107787
1.9 16.875 0.108024
1.9 19.125 0.10812
1.9 21.375 0.125915
1.9 23.625 0.119402
1.9 25.875 0.121708
1.9 28.125 0.124328
1.9 30.375 0.140948
1.9 32.625 0.144134
1.9 34.875 0.16056
1.9 37.125 0.159732
1.9 39.375 0.168637
1.9 41.625 0.182655
1.9 43.875 0.185779
2.1 1.125 0.0599123
2.1 3.375 0.0622375
2.1 5.625 0.0613267
2.1 7.875 0.0653986
2.1 10.125 0.0667913
2.1 12.375 0.0638526
2.1 14.625 0.0685385
2.1 16.875 0.0727252
2.1 19.125 0.0719431
2.1 21.375 0.0814176
2.1 23.625 0.0762497
2.1 25.875 0.07632
2.1 28.125 0.082554
2.1 30.375 0.092789
2.1 32.625 0.0898583
2.1 34.875 0.0931961
2.1 37.125 0.107451
2.1 39.375 0.0941771
2.1 41.625 0.109843
2.1 43.875 0.110415
2.3 1.125 0.0376996
2.3 3.375 0.0411036
2.3 5.625 0.0400035
2.3 7.875 0.0423131
2.3 10.125 0.0399199
2.3 12.375 0.043653
2.3 14.625 0.0460935
2.3 16.875 0.0460536
2.3 19.125 0.0505044
2.3 21.375 0.0467037
2.3 23.625 0.0518701
2.3 25.875 0.0569971
2.3 28.125 0.051549
2.3 30.375 0.067414
2.3 32.625 0.0642022
2.3 34.875 0.063184
2.3 37.125 0.0650711
2.3 39.375 0.0698777
2.3 41.625 0.0755427
2.3 43.875 0.0732595
2.5 1.125 0.0304142
2.5 3.375 0.0274289
2.5 5.625 0.0286086
2.5 7.875 0.0301912
2.5 10.125 0.0275805
2.5 12.375 0.0295706
2.5 14.625 0.0283607
2.5 16.875 0.0280853
2.5 19.125 0.0308413
2.5 21.375 0.0299901
2.5 23.625 0.0308529
2.5 25.875 0.0362648
2.5 28.125 0.0395855
2.5 30.375 0.0397707
2.5 32.625 0.0446515
2.5 34.875 0.0452245
2.5 37.125 0.046258
2.5 39.375 0.0452522
2.5 41.625 0.0459999
2.5 43.875 0.0490981
2.7 1.125 0.0238023
2.7 3.375 0.0232254
2.7 5.625 0.0227857
2.7 7.875 0.0242821
2.7 10.125 0.0234451
2.7 12.375 0.0218718
2.7 14.625 0.0249343
2.7 16.875 0.022538
2.7 19.125 0.0224477
2.7 21.375 0.0248236
2.7 23.625 0.0258121
2.7 25.875 0.0251339
2.7 28.125 0.0306562
2.7 30.375 0.0284539
2.7 32.625 0.0283567
2.7 34.875 0.0299891
2.7 37.125 0.0310827
2.7 39.375 0.0302477
2.7 41.625 0.0307412
2.7 43.875 0.030249
2.9 1.125 0.0198028
2.9 3.375 0.0191102
2.9 5.625 0.0173138
2.9 7.875 0.0190001
2.9 10.125 0.0184868
2.9 12.375 0.0182719
2.9 14.625 0.0186447
2.9 16.875 0.0184833
2.9 19.125 0.0189303
2.9 21.375 0.01968
2.9 23.625 0.0198095
2.9 25.875 0.0203287
2.9 28.125 0.0209412
2.9 30.375 0.0267284
2.9 32.625 0.0208344
2.9 34.875 0.0226831
2.9 37.125 0.022358
2.9 39.375 0.0227622
2.9 41.625 0.021754
2.9 43.875 0.0232514
3.1 1.125 0.0140088
3.1 3.375 0.0153263
3.1 5.625 0.015628
3.1 7.875 0.0142972
3.1 10.125 0.0160581
3.1 12.375 0.0158005
3.1 14.625 0.0151421
3.1 16.875 0.0137477
3.1 19.125 0.0146836
3.1 21.375 0.0173295
3.1 23.625 0.0140357
3.1 25.875 0.0184881
3.1 28.125 0.0174594
3.1 30.375 0.0182954
3.1 32.625 0.0170243
3.1 34.875 0.0176328
3.1 37.125 0.0188657
3.1 39.375 0.016384
3.1 41.625 0.0185726
3.1 43.875 0.0174857
3.3 1.125 0.0120123
3.3 3.375 0.0126514
3.3 5.625 0.012941
3.3 7.875 0.0125409
3.3 10.125 0.0125692
3.3 12.375 0.0146123
3.3 14.625 0.0122137
3.3 16.875 0.0139442
3.3 19.125 0.0153617
3.3 21.375 0.0122221
3.3 23.625 0.0131029
3.3 25.875 0.0136234
3.3 28.125 0.0168467
3.3 30.375 0.0151632
3.3 32.625 0.0150327
3.3 34.875 0.0158036
3.3 37.125 0.0133213
3.3 39.375 0.0149893
3.3 41.625 0.0146065
3.3 43.875 0.0148844
3.5 1.125 0.0130094
3.5 3.375 0.0140124
3.5 5.625 0.0110445
3.5 7.875 0.0120241
3.5 10.125 0.0114248
3.5 12.375 0.0119352
3.5 14.625 0.0117397
3.5 16.875 0.012418
3.5 19.125 0.0113965
3.5 21.375 0.0111934
3.5 23.625 0.0132748
3.5 25.875 0.0121194
3.5 28.125 0.0130254
3.5 30.375 0.0126554
3.5 32.625 0.0136324
3.5 34.875 0.0132182
3.5 37.125 0.0120973
3.5 39.375 0.0133951
3.5 41.625 0.013856
3.5 43.875 0.0127437
3.7 1.125 0.0108758
3.7 3.375 0.0102713
3.7 5.625 0.0116641
3.7 7.875 0.0107834
3.7 10.125 0.0100405
3.7 12.375 0.0105874
3.7 14.625 0.0119743
3.7 16.875 0.0113888
3.7 19.125 0.0115195
3.7 21.375 0.0104821
3.7 23.625 0.0102879
3.7 25.875 0.0131532
3.7 28.125 0.0125111
3.7 30.375 0.0116637
3.7 32.625 0.0121896
3.7 34.875 0.0112678
3.7 37.125 0.0128064
3.7 39.375 0.0127038
3.7 41.625 0.0125634
3.7 43.875 0.010854
3.9 1.125 0.0103487
3.9 3.375 0.0105937
3.9 5.625 0.0114583
3.9 7.875 0.00969385
3.9 10.125 0.0119884
3.9 12.375 0.0103527
3.9 14.625 0.0101278
3.9 16.875 0.0112073
3.9 19.125 0.00969724
3.9 21.375 0.0107231
3.9 23.625 0.0100623
3.9 25.875 0.009751
3.9 28.125 0.0102545
3.9 30.375 0.0121332
3.9 32.625 0.0100594
3.9 34.875 0.00987154
3.9 37.125 0.00977771
3.9 39.375 0.00956508
3.9 41.625 0.0101595
3.9 43.875 0.00939634
4.1 1.125 0.0100536
4.1 3.375 0.00862476
4.1 5.625 0.00992814
4.1 7.875 0.00947196
4.1 10.125 0.0091309
4.1 12.375 0.00918241
4.1 14.625 0.010605
4.1 16.875 0.00958579
4.1 19.125 0.0111953
4.1 21.375 0.00974196
4.1 23.625 0.0108991
4.1 25.875 0.00927792
4.1 28.125 0.00902117
4.1 30.375 0.0105199
4.1 32.625 0.0102701
4.1 34.875 0.00949649
4.1 37.125 0.00972955
4.1 39.375 0.00855726
4.1 41.625 0.00947933
4.1 43.875 0.00919752
4.3 1.125 0.00766654
4.3 3.375 0.00938807
4.3 5.625 0.00906256
4.3 7.875 0.0083236
4.3 10.125 0.00865746
4.3 12.375 0.0084167
4.3 14.625 0.00922036
4.3 16.875 0.00949724
4.3 19.125 0.00877874
4.3 21.375 0.00850375
4.3 23.625 0.00959083
4.3 25.875 0.00907177
4.3 28.125 0.00858653
4.3 30.375 0.00960943
4.3 32.625 0.00851932
4.3 34.875 0.00835833
4.3 37.125 0.0083576
4.3 39.375 0.00771481
4.3 41.625 0.00757685
4.3 43.875 0.00839036
4.5 1.125 0.00721423
4.5 3.375 0.00770893
4.5 5.625 0.00777343
4.5 7.875 0.00839245
4.5 10.125 0.00840749
4.5 12.375 0.00886324
4.5 14.625 0.00927692
4.5 16.875 0.00845964
4.5 19.125 0.00835032
4.5 21.375 0.00874873
4.5 23.625 0.00835188
4.5 25.875 0.00805801
4.5 28.125 0.00822774
4.5 30.375 0.00853211
4.5 32.625 0.00850812
4.5 34.875 0.00813553
4.5 37.125 0.00791851
4.5 39.375 0.00744067
4.5 41.625 0.00757469
4.5 43.875 0.00738694
4.7 1.125 0.00681356
4.7 3.375 0.00743816
4.7 5.625 0.00733887
4.7 7.875 0.00727248
4.7 10.125 0.00711998
4.7 12.375 0.00871685
4.7 14.625 0.00816627
4.7 16.875 0.00658316
4.7 19.125 0.00762388
4.7 21.375 0.00860621
4.7 23.625 0.00735102
4.7 25.875 0.00815832
4.7 28.125 0.00846662
4.7 30.375 0.00780278
4.7 32.625 0.00745633
4.7 34.875 0.00738861
4.7 37.125 0.00792295
4.7 39.375 0.00801729
4.7 41.625 0.00674022
4.7 43.875 0.00801135
4.9 1.125 0.00636417
4.9 3.375 0.00828915
4.9 5.625 0.00778164
4.9 7.875 0.00698979
4.9 10.125 0.00769531
4.9 12.375 0.0071104
4.9 14.625 0.00678827
4.9 16.875 0.00847544
4.9 19.125 0.00654928
4.9 21.375 0.00767903
4.9 23.625 0.0067009
4.9 25.875 0.00764567
4.9 28.125 0.00754441
4.9 30.375 0.00741769
4.9 32.625 0.00735035
4.9 34.875 0.00761227
4.9 37.125 0.00756344
4.9 39.375 0.00863867
4.9 41.625 0.00743093
4.9 43.875 0.00689
5.1 1.125 0.00731257
5.1 3.375 0.00599908
5.1 5.625 0.00685436
5.1 7.875 0.00701905
5.1 10.125 0.00670985
5.1 12.375 0.00560786
5.1 14.625 0.00682426
5.1 16.875 0.00761746
5.1 19.125 0.00780203
5.1 21.375 0.00626412
5.1 23.625 0.00633628
5.1 25.875 0.00680411
5.1 28.125 0.00597984
5.1 30.375 0.00710192
5.1 32.625 0.00749991
5.1 34.875 0.00782629
5.1 37.125 0.00610472
5.1 39.375 0.0069535
5.1 41.625 0.00804704
5.1 43.875 0.0060203
5.3 1.125 0.00681546
5.3 3.375 0.00563266
5.3 5.625 0.00628707
5.3 7.875 0.00558459
5.3 10.125 0.00653671
5.3 12.375 0.00662334
5.3 14.625 0.007347
5.3 16.875 0.00655171
5.3 19.125 0.00734275
5.3 21.375 0.00669385
5.3 23.625 0.0068731
5.3 25.875 0.00680597
5.3 28.125 0.00614487
5.3 30.375 0.00679854
5.3 32.625 0.00704146
5.3 34.875 0.00758945
5.3 37.125 0.006366
5.3 39.375 0.00754732
5.3 41.625 0.00637184
5.3 43.875 0.00766557
5.5 1.125 0.00598874
5.5 3.375 0.00716912
5.5 5.625 0.00719927
5.5 7.875 0.007302
5.5 10.125 0.00716507
5.5 12.375 0.0051238
5.5 14.625 0.00636201
5.5 16.875 0.00626773
5.5 19.125 0.0061411
5.5 21.375 0.00698348
5.5 23.625 0.00710172
5.5 25.875 0.00716152
5.5 28.125 0.00653967
5.5 30.375 0.00725917
5.5 32.625 0.0240857
5.5 34.875 0.00664108
5.5 37.125 0.00621921
5.5 39.375 0.00679797
5.5 41.625 0.00665471
5.5 43.875 0.00681417
5.7 1.125 0.00534498
5.7 3.375 0.00714482
5.7 5.625 0.00547004
5.7 7.875 0.00552586
5.7 10.125 0.00739896
5.7 12.375 0.00669905
5.7 14.625 0.00602286
5.7 16.875 0.00582786
5.7 19.125 0.00656055
5.7 21.375 0.00586814
5.7 23.625 0.00709929
5.7 25.875 0.00728895
5.7 28.125 0.0064351
5.7 30.375 0.00664891
5.7 32.625 0.00653313
5.7 34.875 0.00890305
5.7 37.125 0.00675611
5.7 39.375 0.00673678
5.7 41.625 0.00677147
5.7 43.875 0.00728986
5.9 1.125 0.00561173
5.9 3.375 0.00556202
5.9 5.625 0.00586664
5.9 7.875 0.00706723
5.9 10.125 0.00620556
5.9 12.375 0.00645964
5.9 14.625 0.00760129
5.9 16.875 0.00648902
5.9 19.125 0.00656575
5.9 21.375 0.00624702
5.9 23.625 0.0058975
5.9 25.875 0.00668145
5.9 28.125 0.00575588
5.9 30.375 0.00653997
5.9 32.625 0.00527252
5.9 34.875 0.00596353
5.9 37.125 0.00646477
5.9 39.375 0.00589935
5.9 41.625 0.00561953
5.9 43.875 0.00628639
6.1 1.125 0.00505613
6.1 3.375 0.00629144
6.1 5.625 0.00620328
6.1 7.875 0.00491404
6.1 10.125 0.00425452
6.1 12.375 0.00442314
6.1 14.625 0.00509946
6.1 16.875 0.00589734
6.1 19.125 0.00581437
6.1 21.375 0.00663333
6.1 23.625 0.00550047
6.1 25.875 0.00566342
6.1 28.125 0.0051434
6.1 30.375 0.00513779
6.1 32.625 0.00513026
6.1 34.875 0.00555158
6.1 37.125 0.00585884
6.1 39.375 0.00537615
6.1 41.625 0.00604893
6.1 43.875 0.00520342
6.3 1.125 0.00509069
6.3 3.375 0.00599636
6.3 5.625 0.00665825
6.3 7.875 0.00573357
6.3 10.125 0.00493069
6.3 12.375 0.00712962
6.3 14.625 0.00620998
6.3 16.875 0.0067794
6.3 19.125 0.00658022
6.3 21.375 0.00474967
6.3 23.625 0.00484828
6.3 25.875 0.00628792
6.3 28.125 0.00629289
6.3 30.375 0.00663353
6.3 32.625 0.00509092
6.3 34.875 0.00521523
6.3 37.125 0.00543796
6.3 39.375 0.00648261
6.3 41.625 0.00663995
6.3 43.875 0.00611503
6.5 1.125 0.00658295
6.5 3.375 0.00556482
6.5 5.625 0.00665223
6.5 7.875 0.00562777
6.5 10.125 0.0060937
6.5 12.375 0.00651825
6.5 14.625 0.00660224
6.5 16.875 0.0066673
6.5 19.125 0.00587304
6.5 21.375 0.00562026
6.5 23.625 0.00587762
6.5 25.875 0.00693827
6.5 28.125 0.00559526
6.5 30.375 0.00611736
6.5 32.625 0.00535282
6.5 34.875 0.00535505
6.5 37.125 0.00531726
6.5 39.375 0.00533475
6.5 41.625 0.00597157
6.5 43.875 0.00551955
6.7 1.125 0.0058639
6.7 3.375 0.00518968
6.7 5.625 0.00518314
6.7 7.875 0.00972137
6.7 10.125 0.00550561
6.7 12.375 0.00651478
6.7 14.625 0.00655536
6.7 16.875 0.00536997
6.7 19.125 0.00634828
6.7 21.375 0.00590666
6.7 23.625 0.00591076
6.7 25.875 0.00640101
6.7 28.125 0.00487295
6.7 30.375 0.00563259
6.7 32.625 0.00582093
6.7 34.875 0.00674769
6.7 37.125 0.00612462
6.7 39.375 0.00657561
6.7 41.625 0.00458718
6.7 43.875 0.00644185
6.9 1.125 0.00434399
6.9 3.375 0.00552741
6.9 5.625 0.00501677
6.9 7.875 0.00594902
6.9 10.125 0.00571463
6.9 12.375 0.00616916
6.9 14.625 0.00512197
6.9 16.875 0.00551131
6.9 19.125 0.00535731
6.9 21.375 0.00538764
6.9 23.625 0.00469405
6.9 25.875 0.00488482
6.9 28.125 0.00433264
6.9 30.375 0.00602801
6.9 32.625 0.00581462
6.9 34.875 0.00489026
6.9 37.125 0.00526148
6.9 39.375 0.00601131
6.9 41.625 0.00627214
6.9 43.875 0.00651439
7.1 1.125 0.0054207
7.1 3.375 0.0056892
7.1 5.625 0.00470731
7.1 7.875 0.00477303
7.1 10.125 0.00610352
7.1 12.375 0.00504021
7.1 14.625 0.00572308
7.1 16.875 0.00585721
7.1 19.125 0.00575313
7.1 21.375 0.00594545
7.1 23.625 0.00612025
7.1 25.875 0.00466039
7.1 28.125 0.005132
7.1 30.375 0.00771862
7.1 32.625 0.00582197
7.1 34.875 0.0048913
7.1 37.125 0.00525045
7.1 39.375 0.00628994
7.1 41.625 0.00633859
7.1 43.875 0.00610278
7.3 1.125 0.0199478
7.3 3.375 0.00558208
7.3 5.625 0.00531214
7.3 7.875 0.00525695
7.3 10.125 0.00533689
7.3 12.375 0.00507672
7.3 14.625 0.00557367
7.3 16.875 0.00585927
7.3 19.125 0.00502866
7.3 21.375 0.00530539
7.3 23.625 0.00501434
7.3 25.875 0.00622375
7.3 28.125 0.00596176
7.3 30.375 0.00531849
7.3 32.625 0.00689507
7.3 34.875 0.00474914
7.3 37.125 0.00562804
7.3 39.375 0.00621399
7.3 41.625 0.00600183
7.3 43.875 0.00553186
7.5 1.125 0.00489987
7.5 3.375 0.00666258
7.5 5.625 0.00479442
7.5 7.875 0.00466459
7.5 10.125 0.00428818
7.5 12.375 0.00512693
7.5 14.625 0.00619202
7.5 16.875 0.00450893
7.5 19.125 0.00676288
7.5 21.375 0.00465215
7.5 23.625 0.0115077
7.5 25.875 0.00580944
7.5 28.125 0.0053057
7.5 30.375 0.0074931
7.5 32.625 0.00779385
7.5 34.875 0.00470386
7.5 37.125 0.00532298
7.5 39.375 0.00541229
7.5 41.625 0.00425458
7.5 43.875 0.00497125
7.7 1.125 0.0046345
7.7 3.375 0.00493453
7.7 5.625 0.0047036
7.7 7.875 0.00518677
7.7 10.125 0.00557846
7.7 12.375 0.00523047
7.7 14.625 0.00546524
7.7 16.875 0.0045904
7.7 19.125 0.0575181
7.7 21.375 0.00537171
7.7 23.625 0.00492136
7.7 25.875 0.00598148
7.7 28.125 0.00405871
7.7 30.375 0.00608919
7.7 32.625 0.0055389
7.7 34.875 0.00469001
7.7 37.125 0.00465446
7.7 39.375 0.00565535
7.7 41.625 0.00548339
7.7 43.875 0.00519045
7.9 1.125 0.00568441
7.9 3.375 0.00540546
7.9 5.625 0.00409217
7.9 7.875 0.00646379
7.9 10.125 0.0059252
7.9 12.375 0.00595905
7.9 14.625 0.00637231
7.9 16.875 0.00500871
7.9 19.125 0.00612987
7.9 21.375 0.00496348
7.9 23.625 0.00495856
7.9 25.875 0.00540486
7.9 28.125 0.00498849
7.9 30.375 0.00526776
7.9 32.625 0.00493869
7.9 34.875 0.00513151
7.9 37.125 0.00441242
7.9 39.375 0.00492284
7.9 41.625 0.00509779
7.9 43.875 0.00513054
8.1 1.125 0.00360042
8.1 3.375 0.00529257
8.1 5.625 0.0047656
8.1 7.875 0.00366061
8.1 10.125 0.00491333
8.1 12.375 0.00400941
8.1 14.625 0.0065949
8.1 16.875 0.00596703
8.1 19.125 0.004863
8.1 21.375 0.00565609
8.1 23.625 0.00577554
8.1 25.875 0.00564049
8.1 28.125 0.00576683
8.1 30.375 0.00475411
8.1 32.625 0.00467847
8.1 34.875 0.00441605
8.1 37.125 0.00569521
8.1 39.375 0.00557634
8.1 41.625 0.00579326
8.1 43.875 0.00558207
8.3 1.125 0.00518349
8.3 3.375 0.00504526
8.3 5.625 0.00488455
8.3 7.875 0.0043781
8.3 10.125 0.00524438
8.3 12.375 0.00368605
8.3 14.625 0.00486281
8.3 16.875 0.00503291
8.3 19.125 0.00533344
8.3 21.375 0.00498694
8.3 23.625 0.00593303
8.3 25.875 0.00426762
8.3 28.125 0.00637532
8.3 30.375 0.00528163
8.3 32.625 0.00393282
8.3 34.875 0.00593496
8.3 37.125 0.00656246
8.3 39.375 0.00498228
8.3 41.625 0.00739817
8.3 43.875 0.00480286
8.5 1.125 0.00475939
8.5 3.375 0.00510914
8.5 5.625 0.00473369
8.5 7.875 0.00390037
8.5 10.125 0.00680111
8.5 12.375 0.00389261
8.5 14.625 0.00490319
8.5 16.875 0.00574629
8.5 19.125 0.00398069
8.5 21.375 0.00515156
8.5 23.625 0.00523527
8.5 25.875 0.00505261
8.5 28.125 0.0043494
8.5 30.375 0.00500963
8.5 32.625 0.00543846
8.5 34.875 0.00597664
8.5 37.125 0.00416562
8.5 39.375 0.00599859
8.5 41.625 0.00458595
8.7 1.125 0.0049824
8.7 3.375 0.00387823
8.7 5.625 0.00386843
8.7 7.875 0.00564487
8.7 10.125 0.00485026
8.7 12.375 0.00563223
8.7 14.625 0.00471171
8.7 16.875 0.00444317
8.7 19.125 0.00430202
8.7 21.375 0.00660907
8.7 23.625 0.00545372
8.7 25.875 0.00538816
8.7 28.125 0.0049584
8.7 30.375 0.00417411
8.7 32.625 0.00508481
8.7 34.875 0.00397256
8.7 37.125 0.00628573
8.7 39.375 0.00455606
8.7 41.625 0.00454088
8.9 1.125 0.00566767
8.9 3.375 0.00628994
8.9 5.625 0.00538084
8.9 10.125 0.00396889
8.9 14.625 0.00461679
8.9 16.875 0.00554464
8.9 21.375 0.00532981
8.9 25.875 0.00501354
8.9 28.125 0.00432924
8.9 30.375 0.00496221
8.9 32.625 0.00598934
8.9 34.875 0.00518301
8.9 37.125 0.00457021
8.9 39.375 0.00366984
8.9 41.625 0.00576986
9.1 1.125 0.00497118
9.1 3.375 0.00393018
9.1 5.625 0.00572457
9.1 7.875 0.00522669
9.1 10.125 0.00408728
9.1 12.375 0.00660112
9.1 14.625 0.00430586
9.1 16.875 0.00474494
9.1 19.125 0.00597181
9.1 21.375 0.00497916
9.1 23.625 0.00425319
9.1 25.875 0.00527529
9.1 28.125 0.00474966
9.1 30.375 0.00413609
9.1 32.625 0.0060011
9.1 34.875 0.00512449
9.1 37.125 0.00551046
9.1 39.375 0.00419924
9.1 41.625 0.00747592
9.3 1.125 0.00726415
9.3 3.375 0.00514908
9.3 7.875 0.0105728
9.3 10.125 0.00483317
9.3 12.375 0.00426111
9.3 14.625 0.00539479
9.3 16.875 0.00560191
9.3 19.125 0.00524163
9.3 28.125 0.00556611
9.3 30.375 0.00379291
9.3 32.625 0.00453722
9.3 34.875 0.00418844
9.3 37.125 0.00848303
9.3 39.375 0.00466956
9.3 41.625 0.00581626
9.5 1.125 0.0605242
9.5 3.375 0.00494958
9.5 5.625 0.0050678
9.5 7.875 0.00473899
9.5 10.125 0.00500093
9.5 12.375 0.00459406
9.5 14.625 0.00437739
9.5 16.875 0.0044922
9.5 19.125 0.0046573
9.5 21.375 0.00538905
9.5 30.375 0.00421933
9.5 34.875 0.00460413
9.5 37.125 0.00427531
9.5 39.375 0.0068806
9.5 41.625 0.00434256
9.5 43.875 0.00408402
9.7 1.125 0.0051421
9.7 3.375 0.00358747
9.7 5.625 0.00584334
9.7 7.875 0.00505398
9.7 10.125 0.00398602
9.7 12.375 0.00461061
9.7 14.625 0.0570806
9.7 16.875 0.00426431
9.7 19.125 0.00403364
9.7 23.625 0.00397839
9.7 25.875 0.00394208
9.7 28.125 0.00595429
9.7 30.375 0.00409144
9.7 34.875 0.00367239
9.7 37.125 0.00527619
9.7 39.375 0.00347631
9.7 41.625 0.00389351
9.7 43.875 0.0043299
9.9 1.125 0.00623599
9.9 3.375 0.0672132
9.9 5.625 0.00422663
9.9 7.875 0.0042629
9.9 10.125 0.00465202
9.9 12.375 0.00466606
9.9 14.625 0.0124614
9.9 19.125 0.00437719
9.9 21.375 0.0045739
9.9 23.625 0.00460918
9.9 25.875 0.00396693
9.9 28.125 0.00417072
9.9 32.625 0.00464904
9.9 34.875 0.00500171
9.9 37.125 0.00427514
9.9 41.625 0.00419825
9.9 43.875 0.00484125
10.1 3.375 0.00430655
10.1 5.625 0.00475705
10.1 7.875 0.00482388
10.1 10.125 0.194393
10.1 12.375 0.00451091
10.1 14.625 0.00431099
10.1 16.875 0.00571999
10.1 19.125 0.00417603
10.1 21.375 0.00604507
10.1 23.625 0.00534191
10.1 25.875 0.00520307
10.1 28.125 0.00389312
10.1 32.625 0.00353033
10.1 41.625 0.00442864
10.1 43.875 0.00453993
10.3 1.125 0.00426496
10.3 7.875 0.00356898
10.3 10.125 0.00463012
10.3 12.375 0.00641126
10.3 14.625 0.00386155
10.3 16.875 0.00466516
10.3 21.375 0.00405007
10.3 23.625 0.00530397
10.3 25.875 0.0065156
10.3 30.375 0.00579433
10.3 41.625 0.00586045
10.5 1.125 0.00547139
10.5 3.375 0.00461551
10.5 5.625 0.00439584
10.5 12.375 0.00386507
10.5 14.625 0.00399244
10.5 19.125 0.00390923
10.5 21.375 0.00460792
10.5 23.625 0.00355884
10.5 25.875 0.00467668
10.5 28.125 0.00442109
10.5 30.375 0.00548284
10.5 37.125 0.00481773
10.5 39.375 0.00508866
10.5 41.625 0.0047855
10.5 43.875 0.00484185
10.7 1.125 0.00475902
10.7 5.625 0.00652748
10.7 25.875 0.00750362
10.7 28.125 0.00573456
10.7 30.375 0.00424068
10.7 32.625 0.00575157
10.7 37.125 0.00451049
10.7 41.625 0.00487554
10.7 43.875 0.00492856
10.9 1.125 0.0058413
10.9 5.625 0.00356636
10.9 7.875 0.00573258
10.9 10.125 0.00629713
10.9 12.375 0.00708452
10.9 21.375 0.0050817
10.9 23.625 0.00582316
10.9 28.125 0.0122591
10.9 30.375 0.00488825
11.1 14.625 0.00439742
11.1 23.625 0.00556235
11.1 25.875 0.00809354
11.1 28.125 0.00466578
11.1 39.375 0.00357077
11.1 41.625 0.00383281
11.1 43.875 0.00347491
11.3 25.875 0.00411188
11.3 39.375 0.00448064
11.3 43.875 0.00423514
11.5 7.875 0.00445232
11.5 12.375 0.00382041
11.5 23.625 0.00569899
11.5 28.125 0.00453773
11.5 30.375 0.0057216
11.5 37.125 0.00604448
11.5 43.875 0.00443726
11.7 10.125 0.00526542
11.7 21.375 0.00516586
11.7 39.375 0.0040545
11.9 3.375 0.00417795
11.9 12.375 0.00305539
11.9 32.625 0.00586929
11.9 37.125 0.00372725
12.1 10.125 0.0073145
12.1 23.625 0.00552767
12.1 34.875 0.00475935
12.3 1.125 0.0040839
12.3 23.625 0.00593333
12.3 39.375 0.00614526
12.5 28.125 0.00709415
12.7 41.625 0.00673345
12.9 10.125 0.00371826
