0.1 1.125 1.10671
0.1 3.375 1.2214
0.1 5.625 1.24277
0.1 7.875 1.2521
0.1 10.125 1.23413
0.1 12.375 1.22442
0.1 14.625 1.10769
0.1 16.875 1.25166
0.1 19.125 1.24018
0.1 21.375 0.966649
0.1 23.625 1.09111
0.1 25.875 1.13678
0.1 28.125 0.9977
0.1 30.375 1.24585
0.1 32.625 1.25658
0.1 34.875 1.26506
0.1 37.125 1.21418
0.1 39.375 1.24477
0.1 41.625 1.20721
0.1 43.875 1.2346
0.3 1.125 1.19916
0.3 3.375 1.1292
0.3 5.625 1.20424
0.3 7.875 1.24683
0.3 10.125 1.23771
0.3 12.375 1.18496
0.3 14.625 1.23344
0.3 16.875 1.23578
0.3 19.125 1.23805
0.3 21.375 1.23438
0.3 23.625 1.18632
0.3 25.875 1.22754
0.3 28.125 1.23414
0.3 30.375 1.23263
0.3 32.625 1.22074
0.3 34.875 1.2295
0.3 37.125 1.22905
0.3 39.375 1.23049
0.3 41.625 1.23208
0.3 43.875 1.22431
0.5 1.125 1.20976
0.5 3.375 1.14694
0.5 5.625 1.15657
0.5 7.875 1.20857
0.5 10.125 1.20533
0.5 12.375 1.20313
0.5 14.625 1.20727
0.5 16.875 1.19175
0.5 19.125 1.20428
0.5 21.375 1.19239
0.5 23.625 1.20795
0.5 25.875 1.20424
0.5 28.125 1.21167
0.5 30.375 1.20868
0.5 32.625 1.19464
0.5 34.875 1.19331
0.5 37.125 1.21558
0.5 39.375 1.18275
0.5 41.625 1.21492
0.5 43.875 1.2173
0.7 1.125 1.12947
0.7 3.375 1.12025
0.7 5.625 1.16564
0.7 7.875 1.14103
0.7 10.125 1.15102
0.7 12.375 1.13603
0.7 14.625 1.15012
0.7 16.875 1.12975
0.7 19.125 1.139
0.7 21.375 1.14541
0.7 23.625 1.14873
0.7 25.875 1.14081
0.7 28.125 1.11895
0.7 30.375 1.14286
0.7 32.625 1.15327
0.7 34.875 1.15586
0.7 37.125 1.15618
0.7 39.375 1.12109
0.7 41.625 1.15007
0.7 43.875 1.13995
0.9 1.125 1.04585
0.9 3.375 1.03918
0.9 5.625 1.04372
0.9 7.875 1.04269
0.9 10.125 1.04682
0.9 12.375 1.03985
0.9 14.625 1.05074
0.9 16.875 1.0416
0.9 19.125 1.04287
0.9 21.375 1.03676
0.9 23.625 1.0646
0.9 25.875 1.03993
0.9 28.125 1.05726
0.9 30.375 1.06178
0.9 32.625 1.07156
0.9 34.875 1.06261
0.9 37.125 1.06619
0.9 39.375 1.07674
0.9 41.625 1.07882
0.9 43.875 1.08282
1.1 1.125 0.822918
1.1 3.375 0.833111
1.1 5.625 0.8136
1.1 7.875 0.835519
1.1 10.125 0.827868
1.1 12.375 0.835465
1.1 14.625 0.85971
1.1 16.875 0.84525
1.1 19.125 0.885771
1.1 21.375 0.898428
1.1 23.625 0.898914
1.1 25.875 0.903383
1.1 28.125 0.920325
1.1 30.375 0.931718
1.1 32.625 0.959883
1.1 34.875 0.972955
1.1 37.125 0.99111
1.1 39.375 0.991612
1.1 41.625 0.996116
1.1 43.875 0.99489
1.3 1.125 0.501627
1.3 3.375 0.541786
1.3 5.625 0.523248
1.3 7.875 0.535989
1.3 10.125 0.546536
1.3 12.375 0.568746
1.3 14.625 0.551087
1.3 16.875 0.570423
1.3 19.125 0.592799
1.3 21.375 0.629429
1.3 23.625 0.658969
1.3 25.875 0.679647
1.3 28.125 0.703486
1.3 30.375 0.740266
1.3 32.625 0.768237
1.3 34.875 0.809949
1.3 37.125 0.802713
1.3 39.375 0.830885
1.3 41.625 0.837201
1.3 43.875 0.83298
1.5 1.125 0.276866
1.5 3.375 0.277691
1.5 5.625 0.291352
1.5 7.875 0.308848
1.5 10.125 0.31516
1.5 12.375 0.312341
1.5 14.625 0.327979
1.5 16.875 0.324005
1.5 19.125 0.372817
1.5 21.375 0.386499
1.5 23.625 0.367759
1.5 25.875 0.402368
1.5 28.125 0.4286
1.5 30.375 0.476015
1.5 32.625 0.482194
1.5 34.875 0.520433
1.5 37.125 0.565321
1.5 39.375 0.580059
1.5 41.625 0.618013
1.5 43.875 0.612039
1.7 1.125 0.160473
1.7 3.375 0.162165
1.7 5.625 0.170456
1.7 7.875 0.185814
1.7 10.125 0.183266
1.7 12.375 0.182364
1.7 14.625 0.203826
1.7 16.875 0.196903
1.7 19.125 0.202781
1.7 21.375 0.205131
1.7 23.625 0.198329
1.7 25.875 0.221236
1.7 28.125 0.24252
1.7 30.375 0.250593
1.7 32.625 0.278693
1.7 34.875 0.285481
1.7 37.125 0.301558
1.7 39.375 0.320983
1.7 41.625 0.389677
1.7 43.875 0.339513
1.9 1.125 0.0935862
1.9 3.375 0.0971201
1.9 5.625 0.101543
1.9 7.875 0.100296
1.9 10.125 0.111644
1.9 12.375 0.111477
1.9 14.625 0.115203
1.9 16.875 0.118164
1.9 19.125 0.123671
1.9 21.375 0.120958
1.9 23.625 0.127917
1.9 25.875 0.125063
1.9 28.125 0.137404
1.9 30.375 0.140641
1.9 32.625 0.173767
1.9 34.875 0.174514
1.9 37.125 0.163734
1.9 39.375 0.201561
1.9 41.625 0.198794
1.9 43.875 0.202268
2.1 1.125 0.0647443
2.1 3.375 0.0643891
2.1 5.625 0.0654005
2.1 7.875 0.0655894
2.1 10.125 0.0680615
2.1 12.375 0.0707869
2.1 14.625 0.0770095
2.1 16.875 0.0798789
2.1 19.125 0.0797084
2.1 21.375 0.0822392
2.1 23.625 0.0853768
2.1 25.875 0.0857428
2.1 28.125 0.0890269
2.1 30.375 0.0877498
2.1 32.625 0.102991
2.1 34.875 0.113478
2.1 37.125 0.117227
2.1 39.375 0.12326
2.1 41.625 0.124658
2.1 43.875 0.123087
2.3 1.125 0.0454921
2.3 3.375 0.0451038
2.3 5.625 0.0454536
2.3 7.875 0.0474574
2.3 10.125 0.044425
2.3 12.375 0.046997
2.3 14.625 0.0476638
2.3 16.875 0.0499135
2.3 19.125 0.0525173
2.3 21.375 0.0532725
2.3 23.625 0.0555086
2.3 25.875 0.0565615
2.3 28.125 0.0585594
2.3 30.375 0.0631443
2.3 32.625 0.0682563
2.3 34.875 0.0718473
2.3 37.125 0.0728148
2.3 39.375 0.0753644
2.3 41.625 0.0765057
2.3 43.875 0.0778185
2.5 1.125 0.0302229
2.5 3.375 0.0323431
2.5 5.625 0.0294594
2.5 7.875 0.0285871
2.5 10.125 0.028106
2.5 12.375 0.0305618
2.5 14.625 0.031176
2.5 16.875 0.0321334
2.5 19.125 0.0309827
2.5 21.375 0.0331039
2.5 23.625 0.0370976
2.5 25.875 0.0386983
2.5 28.125 0.0403628
2.5 30.375 0.0475249
2.5 32.625 0.0486621
2.5 34.875 0.0497128
2.5 37.125 0.0480007
2.5 39.375 0.0489934
2.5 41.625 0.0505058
2.5 43.875 0.051535
2.7 1.125 0.0251736
2.7 3.375 0.0224744
2.7 5.625 0.0234917
2.7 7.875 0.0227776
2.7 10.125 0.0221424
2.7 12.375 0.0225736
2.7 14.625 0.022685
2.7 16.875 0.0223976
2.7 19.125 0.0224319
2.7 21.375 0.0241082
2.7 23.625 0.0248035
2.7 25.875 0.0262727
2.7 28.125 0.0301188
2.7 30.375 0.0347326
2.7 32.625 0.0324388
2.7 34.875 0.0338867
2.7 37.125 0.0364207
2.7 39.375 0.0338463
2.7 41.625 0.0332267
2.7 43.875 0.0326526
2.9 1.125 0.0190238
2.9 3.375 0.0182255
2.9 5.625 0.0175398
2.9 7.875 0.0166226
2.9 10.125 0.0161996
2.9 12.375 0.01748
2.9 14.625 0.0174664
2.9 16.875 0.018475
2.9 19.125 0.0182768
2.9 21.375 0.0195655
2.9 23.625 0.0208057
2.9 25.875 0.0216741
2.9 28.125 0.0212217
2.9 30.375 0.0213711
2.9 32.625 0.0226484
2.9 34.875 0.0239671
2.9 37.125 0.0228158
2.9 39.375 0.022023
2.9 41.625 0.0227395
2.9 43.875 0.0225593
3.1 1.125 0.0151433
3.1 3.375 0.0146162
3.1 5.625 0.0145507
3.1 7.875 0.0139063
3.1 10.125 0.0150479
3.1 12.375 0.0147793
3.1 14.625 0.0137097
3.1 16.875 0.0142155
3.1 19.125 0.0141574
3.1 21.375 0.0158777
3.1 23.625 0.0177319
3.1 25.875 0.0167374
3.1 28.125 0.0170627
3.1 30.375 0.0173274
3.1 32.625 0.0172937
3.1 34.875 0.0187971
3.1 37.125 0.018249
3.1 39.375 0.0167216
3.1 41.625 0.0173114
3.1 43.875 0.018062
3.3 1.125 0.0116602
3.3 3.375 0.0123575
3.3 5.625 0.0118481
3.3 7.875 0.0125484
3.3 10.125 0.0114673
3.3 12.375 0.0114872
3.3 14.625 0.0113999
3.3 16.875 0.0116665
3.3 19.125 0.0113419
3.3 21.375 0.0128559
3.3 23.625 0.0145848
3.3 25.875 0.0144955
3.3 28.125 0.0153037
3.3 30.375 0.0140469
3.3 32.625 0.0137261
3.3 34.875 0.0151336
3.3 37.125 0.0145714
3.3 39.375 0.0138425
3.3 41.625 0.0140579
3.3 43.875 0.0138628
3.5 1.125 0.0106979
3.5 3.375 0.0102555
3.5 5.625 0.0103197
3.5 7.875 0.0096479
3.5 10.125 0.00938148
3.5 12.375 0.00953996
3.5 14.625 0.00976861
3.5 16.875 0.0105976
3.5 19.125 0.0104485
3.5 21.375 0.0108327
3.5 23.625 0.0110708
3.5 25.875 0.0127825
3.5 28.125 0.0124375
3.5 30.375 0.0114768
3.5 32.625 0.0121694
3.5 34.875 0.0124557
3.5 37.125 0.0116081
3.5 39.375 0.0120591
3.5 41.625 0.0113108
3.5 43.875 0.0127862
3.7 1.125 0.00926474
3.7 3.375 0.00964883
3.7 5.625 0.00955035
3.7 7.875 0.00929811
3.7 10.125 0.00981548
3.7 12.375 0.00907481
3.7 14.625 0.00953948
3.7 16.875 0.00891261
3.7 19.125 0.00974024
3.7 21.375 0.00926446
3.7 23.625 0.0104376
3.7 25.875 0.00986371
3.7 28.125 0.0100465
3.7 30.375 0.00994754
3.7 32.625 0.00991964
3.7 34.875 0.0104033
3.7 37.125 0.0103443
3.7 39.375 0.0107444
3.7 41.625 0.00996286
3.7 43.875 0.00952819
3.9 1.125 0.00900465
3.9 3.375 0.00837222
3.9 5.625 0.00822175
3.9 7.875 0.00787895
3.9 10.125 0.008125
3.9 12.375 0.0117757
3.9 14.625 0.00827075
3.9 16.875 0.00783744
3.9 19.125 0.00962939
3.9 21.375 0.00977422
3.9 23.625 0.00878798
3.9 25.875 0.00901915
3.9 28.125 0.00777265
3.9 30.375 0.00944563
3.9 32.625 0.00878311
3.9 34.875 0.00910489
3.9 37.125 0.00861868
3.9 39.375 0.0085697
3.9 41.625 0.00818469
3.9 43.875 0.00822617
4.1 1.125 0.0071036
4.1 3.375 0.00737332
4.1 5.625 0.0076524
4.1 7.875 0.00744458
4.1 10.125 0.006884
4.1 12.375 0.00708261
4.1 14.625 0.00813021
4.1 16.875 0.00819327
4.1 19.125 0.00799904
4.1 21.375 0.00740883
4.1 23.625 0.00863921
4.1 25.875 0.00749674
4.1 28.125 0.00847171
4.1 30.375 0.00694582
4.1 32.625 0.00722406
4.1 34.875 0.00736739
4.1 37.125 0.00652537
4.1 39.375 0.00669358
4.1 41.625 0.00704319
4.1 43.875 0.00747667
4.3 1.125 0.00634001
4.3 3.375 0.00626097
4.3 5.625 0.00677201
4.3 7.875 0.00627356
4.3 10.125 0.00629264
4.3 12.375 0.00622722
4.3 14.625 0.00690805
4.3 16.875 0.00622539
4.3 19.125 0.00728112
4.3 21.375 0.00788062
4.3 23.625 0.00710737
4.3 25.875 0.00732766
4.3 28.125 0.00708167
4.3 30.375 0.00651301
4.3 32.625 0.00691611
4.3 34.875 0.00660118
4.3 37.125 0.00635793
4.3 39.375 0.00625091
4.3 41.625 0.00661882
4.3 43.875 0.00603322
4.5 1.125 0.00592495
4.5 3.375 0.00594803
4.5 5.625 0.00795803
4.5 7.875 0.00612924
4.5 10.125 0.00582288
4.5 12.375 0.00589254
4.5 14.625 0.00566631
4.5 16.875 0.00612779
4.5 19.125 0.0059686
4.5 21.375 0.0064024
4.5 23.625 0.0063276
4.5 25.875 0.00601036
4.5 28.125 0.00622944
4.5 30.375 0.00646514
4.5 32.625 0.0060113
4.5 34.875 0.00637377
4.5 37.125 0.00560966
4.5 39.375 0.00562368
4.5 41.625 0.00505892
4.5 43.875 0.00553688
4.7 1.125 0.00512314
4.7 3.375 0.00507864
4.7 5.625 0.00513697
4.7 7.875 0.00514145
4.7 10.125 0.00521863
4.7 12.375 0.00523137
4.7 14.625 0.00556159
4.7 16.875 0.00580432
4.7 19.125 0.00583699
4.7 21.375 0.00558759
4.7 23.625 0.0058094
4.7 25.875 0.00608291
4.7 28.125 0.00608408
4.7 30.375 0.00539962
4.7 32.625 0.00561989
4.7 34.875 0.00518898
4.7 37.125 0.00507228
4.7 39.375 0.00544186
4.7 41.625 0.00525545
4.7 43.875 0.00478072
4.9 1.125 0.00462518
4.9 3.375 0.00429005
4.9 5.625 0.00451092
4.9 7.875 0.00435027
4.9 10.125 0.00420976
4.9 12.375 0.00454231
4.9 14.625 0.00477816
4.9 16.875 0.00570928
4.9 19.125 0.00588764
4.9 21.375 0.00516982
4.9 23.625 0.00525171
4.9 25.875 0.00524364
4.9 28.125 0.00471295
4.9 30.375 0.00591976
4.9 32.625 0.00456208
4.9 34.875 0.00497073
4.9 37.125 0.00509155
4.9 39.375 0.00412508
4.9 41.625 0.00482772
4.9 43.875 0.00421172
5.1 1.125 0.00455963
5.1 3.375 0.00403861
5.1 5.625 0.00406183
5.1 7.875 0.00432923
5.1 10.125 0.00486549
5.1 12.375 0.00438718
5.1 14.625 0.00466485
5.1 16.875 0.00446235
5.1 19.125 0.00482876
5.1 21.375 0.0067506
5.1 23.625 0.00449962
5.1 25.875 0.00479706
5.1 28.125 0.00426273
5.1 30.375 0.00468707
5.1 32.625 0.0045505
5.1 34.875 0.00465711
5.1 37.125 0.0085093
5.1 39.375 0.00427227
5.1 41.625 0.00417014
5.1 43.875 0.00427286
5.3 1.125 0.00403661
5.3 3.375 0.00398288
5.3 5.625 0.00400671
5.3 7.875 0.00474497
5.3 10.125 0.00387594
5.3 12.375 0.00400718
5.3 14.625 0.00389487
5.3 16.875 0.00399723
5.3 19.125 0.00397439
5.3 21.375 0.00413013
5.3 23.625 0.00419194
5.3 25.875 0.00429903
5.3 28.125 0.0042605
5.3 30.375 0.00443263
5.3 32.625 0.00437246
5.3 34.875 0.00387445
5.3 37.125 0.00420324
5.3 39.375 0.0043408
5.3 41.625 0.0042644
5.3 43.875 0.00415905
5.5 1.125 0.00361772
5.5 3.375 0.00333388
5.5 5.625 0.00355424
5.5 7.875 0.00382967
5.5 10.125 0.00356866
5.5 12.375 0.00365536
5.5 14.625 0.00377565
5.5 16.875 0.00393312
5.5 19.125 0.00404389
5.5 21.375 0.00370858
5.5 23.625 0.0072561
5.5 25.875 0.0038115
5.5 28.125 0.00381459
5.5 30.375 0.00413576
5.5 32.625 0.00349777
5.5 34.875 0.00369514
5.5 37.125 0.0037667
5.5 39.375 0.00407418
5.5 41.625 0.00413533
5.5 43.875 0.0043531
5.7 1.125 0.00347531
5.7 3.375 0.00327748
5.7 5.625 0.0033649
5.7 7.875 0.00322744
5.7 10.125 0.00342312
5.7 12.375 0.00359081
5.7 14.625 0.00320517
5.7 16.875 0.00378571
5.7 19.125 0.00400008
5.7 21.375 0.00373791
5.7 23.625 0.00378795
5.7 25.875 0.00336141
5.7 28.125 0.00434043
5.7 30.375 0.00337738
5.7 32.625 0.00335317
5.7 34.875 0.00328264
5.7 37.125 0.00360894
5.7 39.375 0.00360884
5.7 41.625 0.00398909
5.7 43.875 0.00331016
5.9 1.125 0.00312788
5.9 3.375 0.00328324
5.9 5.625 0.00303524
5.9 7.875 0.00365153
5.9 10.125 0.00322075
5.9 12.375 0.00322305
5.9 14.625 0.00326337
5.9 16.875 0.00337326
5.9 19.125 0.00355368
5.9 21.375 0.0039821
5.9 23.625 0.00328966
5.9 25.875 0.00323361
5.9 28.125 0.00353411
5.9 30.375 0.00333394
5.9 32.625 0.0037171
5.9 34.875 0.00333863
5.9 37.125 0.00349149
5.9 39.375 0.00364306
5.9 41.625 0.00322657
5.9 43.875 0.00323308
6.1 1.125 0.00329966
6.1 3.375 0.00306063
6.1 5.625 0.00330484
6.1 7.875 0.00328462
6.1 10.125 0.00330078
6.1 12.375 0.00362201
6.1 14.625 0.0033932
6.1 16.875 0.00332851
6.1 19.125 0.00303209
6.1 21.375 0.00316267
6.1 23.625 0.0037181
6.1 25.875 0.00329302
6.1 28.125 0.00358946
6.1 30.375 0.00416189
6.1 32.625 0.0033626
6.1 34.875 0.00293773
6.1 37.125 0.00350125
6.1 39.375 0.00341509
6.1 41.625 0.00353343
6.1 43.875 0.00304197
6.3 1.125 0.00331466
6.3 3.375 0.0030678
6.3 5.625 0.00346913
6.3 7.875 0.00399219
6.3 10.125 0.00303131
6.3 12.375 0.00313363
6.3 14.625 0.00321047
6.3 16.875 0.00316999
6.3 19.125 0.00317674
6.3 21.375 0.00318916
6.3 23.625 0.00296419
6.3 25.875 0.00325985
6.3 28.125 0.00317277
6.3 30.375 0.00330612
6.3 32.625 0.00294091
6.3 34.875 0.00327865
6.3 37.125 0.00282781
6.3 39.375 0.00317418
6.3 41.625 0.00321345
6.3 43.875 0.00316519
6.5 1.125 0.00294255
6.5 3.375 0.00262839
6.5 5.625 0.00312974
6.5 7.875 0.00276015
6.5 10.125 0.00288613
6.5 12.375 0.00289586
6.5 14.625 0.00326588
6.5 16.875 0.00784659
6.5 19.125 0.00312852
6.5 21.375 0.00286741
6.5 23.625 0.00306287
6.5 25.875 0.00289598
6.5 28.125 0.00307528
6.5 30.375 0.00318845
6.5 32.625 0.00334795
6.5 34.875 0.00350713
6.5 37.125 0.00295176
6.5 39.375 0.00332605
6.5 41.625 0.00305017
6.5 43.875 0.00326399
6.7 1.125 0.00361863
6.7 3.375 0.0028038
6.7 5.625 0.00274571
6.7 7.875 0.00284937
6.7 10.125 0.00348757
6.7 12.375 0.0030487
6.7 14.625 0.00316005
6.7 16.875 0.00270753
6.7 19.125 0.00276579
6.7 21.375 0.0030029
6.7 23.625 0.00248714
6.7 25.875 0.00297193
6.7 28.125 0.00308393
6.7 30.375 0.00237534
6.7 32.625 0.00285166
6.7 34.875 0.00315775
6.7 37.125 0.0027873
6.7 39.375 0.00307795
6.7 41.625 0.00333337
6.7 43.875 0.00303545
6.9 1.125 0.0026037
6.9 3.375 0.00304354
6.9 5.625 0.00261779
6.9 7.875 0.00273918
6.9 10.125 0.00287766
6.9 12.375 0.00273575
6.9 14.625 0.00305086
6.9 16.875 0.00311842
6.9 19.125 0.00272195
6.9 21.375 0.003011
6.9 23.625 0.00282581
6.9 25.875 0.00710174
6.9 28.125 0.00283716
6.9 30.375 0.0031369
6.9 32.625 0.00315387
6.9 34.875 0.00281251
6.9 37.125 0.007686
6.9 39.375 0.00273455
6.9 41.625 0.00294496
6.9 43.875 0.0028848
7.1 1.125 0.00267644
7.1 3.375 0.00289913
7.1 5.625 0.00289304
7.1 7.875 0.00270207
7.1 10.125 0.00282275
7.1 12.375 0.00281138
7.1 14.625 0.00293377
7.1 16.875 0.00288495
7.1 19.125 0.00678346
7.1 21.375 0.00289454
7.1 23.625 0.00264138
7.1 25.875 0.00284602
7.1 28.125 0.00246388
7.1 30.375 0.00241502
7.1 32.625 0.00302507
7.1 34.875 0.00289983
7.1 37.125 0.00273196
7.1 39.375 0.00260628
7.1 41.625 0.00294069
7.1 43.875 0.00277337
7.3 1.125 0.00270675
7.3 3.375 0.00255371
7.3 5.625 0.00263442
7.3 7.875 0.00274598
7.3 10.125 0.00276214
7.3 12.375 0.00316394
7.3 14.625 0.00305356
7.3 16.875 0.00270251
7.3 19.125 0.00262844
7.3 21.375 0.00274132
7.3 23.625 0.00285858
7.3 25.875 0.00302371
7.3 28.125 0.00257452
7.3 30.375 0.00231422
7.3 32.625 0.0028621
7.3 34.875 0.0029065
7.3 37.125 0.00228527
7.3 39.375 0.00259938
7.3 41.625 0.00519329
7.3 43.875 0.00695052
7.5 1.125 0.00243273
7.5 3.375 0.00281946
7.5 5.625 0.00304063
7.5 7.875 0.00634157
7.5 10.125 0.00231215
7.5 12.375 0.0025743
7.5 14.625 0.0026716
7.5 16.875 0.00265827
7.5 19.125 0.00266576
7.5 21.375 0.00269763
7.5 23.625 0.00264687
7.5 25.875 0.0025601
7.5 28.125 0.00248058
7.5 30.375 0.00273554
7.5 32.625 0.00260724
7.5 34.875 0.00273979
7.5 37.125 0.00269339
7.5 39.375 0.00261302
7.5 41.625 0.00258739
7.5 43.875 0.00256692
7.7 1.125 0.00240235
7.7 3.375 0.00579464
7.7 5.625 0.00253211
7.7 7.875 0.0028368
7.7 10.125 0.00268769
7.7 12.375 0.00276365
7.7 14.625 0.00773512
7.7 16.875 0.00250804
7.7 19.125 0.00285174
7.7 21.375 0.00265883
7.7 23.625 0.00261876
7.7 25.875 0.00256681
7.7 28.125 0.00273152
7.7 30.375 0.00284195
7.7 32.625 0.0023616
7.7 34.875 0.00258874
7.7 37.125 0.00279041
7.7 39.375 0.00266596
7.7 41.625 0.00249492
7.7 43.875 0.00250914
7.9 1.125 0.00241528
7.9 3.375 0.00279188
7.9 5.625 0.00256296
7.9 7.875 0.00227187
7.9 10.125 0.00785531
7.9 12.375 0.00261853
7.9 14.625 0.00247781
7.9 16.875 0.00250173
7.9 19.125 0.00247864
7.9 21.375 0.00270194
7.9 23.625 0.00241849
7.9 25.875 0.00241253
7.9 28.125 0.00281272
7.9 30.375 0.00273206
7.9 32.625 0.00270111
7.9 34.875 0.00277154
7.9 37.125 0.00248488
7.9 39.375 0.00261773
7.9 41.625 0.00271792
7.9 43.875 0.00238782
8.1 1.125 0.00257222
8.1 3.375 0.00253538
8.1 5.625 0.00266647
8.1 7.875 0.00251223
8.1 10.125 0.00230001
8.1 12.375 0.00223619
8.1 14.625 0.00238976
8.1 16.875 0.00264706
8.1 19.125 0.00277602
8.1 21.375 0.00271504
8.1 23.625 0.0091276
8.1 25.875 0.00252407
8.1 28.125 0.00232343
8.1 30.375 0.0028316
8.1 32.625 0.00238013
8.1 34.875 0.00262733
8.1 37.125 0.00243846
8.1 39.375 0.00249636
8.1 41.625 0.00230747
8.1 43.875 0.00252969
8.3 1.125 0.0023464
8.3 3.375 0.00242483
8.3 5.625 0.00253483
8.3 7.875 0.00214158
8.3 10.125 0.00218246
8.3 12.375 0.00258117
8.3 14.625 0.00241285
8.3 16.875 0.00276263
8.3 19.125 0.00239781
8.3 21.375 0.00278071
8.3 23.625 0.00266445
8.3 25.875 0.0026018
8.3 28.125 0.00252002
8.3 30.375 0.00255604
8.3 32.625 0.00239626
8.3 34.875 0.00240561
8.3 37.125 0.00242204
8.3 39.375 0.00243171
8.3 41.625 0.00516733
8.3 43.875 0.0024142
8.5 1.125 0.00225234
8.5 3.375 0.00237344
8.5 5.625 0.00245043
8.5 7.875 0.0024782
8.5 10.125 0.00264714
8.5 12.375 0.00240128
8.5 14.625 0.00234641
8.5 16.875 0.00246446
8.5 19.125 0.00233071
8.5 21.375 0.00232894
8.5 23.625 0.00262327
8.5 25.875 0.00226757
8.5 28.125 0.00268377
8.5 30.375 0.00260027
8.5 32.625 0.00248036
8.5 34.875 0.0023553
8.5 37.125 0.00234114
8.5 39.375 0.00241126
8.5 41.625 0.00226827
8.5 43.875 0.00230361
8.7 1.125 0.00206822
8.7 3.375 0.00232618
8.7 5.625 0.00245767
8.7 7.875 0.00222158
8.7 10.125 0.0020677
8.7 12.375 0.00313652
8.7 14.625 0.0023104
8.7 16.875 0.0051389
8.7 19.125 0.00243236
8.7 21.375 0.00255922
8.7 23.625 0.0022365
8.7 25.875 0.00736187
8.7 28.125 0.00232791
8.7 30.375 0.0022018
8.7 32.625 0.00236704
8.7 34.875 0.00229091
8.7 37.125 0.00200518
8.7 39.375 0.0023739
8.7 41.625 0.00254334
8.7 43.875 0.00245283
8.9 1.125 0.00196854
8.9 3.375 0.00250787
8.9 5.625 0.00228005
8.9 7.875 0.00215537
8.9 10.125 0.00232749
8.9 12.375 0.00212634
8.9 14.625 0.00273921
8.9 16.875 0.00257539
8.9 19.125 0.00239769
8.9 21.375 0.00212191
8.9 23.625 0.00252698
8.9 25.875 0.00215098
8.9 28.125 0.00321169
8.9 30.375 0.00248817
8.9 32.625 0.00267446
8.9 34.875 0.00200717
8.9 37.125 0.00242968
8.9 39.375 0.00241808
8.9 41.625 0.00231769
8.9 43.875 0.00199168
9.1 1.125 0.0025605
9.1 3.375 0.00227302
9.1 5.625 0.0021142
9.1 7.875 0.00239957
9.1 10.125 0.00244985
9.1 12.375 0.0022739
9.1 14.625 0.00241133
9.1 16.875 0.00216913
9.1 19.125 0.0025279
9.1 21.375 0.0023694
9.1 23.625 0.00219336
9.1 25.875 0.00206341
9.1 28.125 0.00235431
9.1 30.375 0.00237974
9.1 32.625 0.00241963
9.1 34.875 0.00206869
9.1 37.125 0.00225852
9.1 39.375 0.0026291
9.1 41.625 0.00210372
9.1 43.875 0.00243958
9.3 1.125 0.00212165
9.3 3.375 0.00333268
9.3 5.625 0.00232857
9.3 7.875 0.00238813
9.3 10.125 0.00298844
9.3 12.375 0.00209212
9.3 14.625 0.00208108
9.3 16.875 0.00252589
9.3 19.125 0.00235846
9.3 21.375 0.00243468
9.3 23.625 0.00230451
9.3 25.875 0.00226013
9.3 28.125 0.00234019
9.3 30.375 0.00741053
9.3 32.625 0.00219043
9.3 34.875 0.002705
9.3 37.125 0.00225138
9.3 39.375 0.0026587
9.3 41.625 0.00210298
9.3 43.875 0.0021393
9.5 1.125 0.00221481
9.5 3.375 0.00204357
9.5 5.625 0.00203275
9.5 7.875 0.0024515
9.5 10.125 0.00252303
9.5 12.375 0.00212338
9.5 14.625 0.00221523
9.5 16.875 0.00256425
9.5 19.125 0.0019393
9.5 21.375 0.00259626
9.5 23.625 0.00228216
9.5 25.875 0.00239049
9.5 28.125 0.00227874
9.5 30.375 0.00210206
9.5 32.625 0.00232293
9.5 34.875 0.0021819
9.5 37.125 0.00202286
9.5 39.375 0.00261845
9.5 41.625 0.00231518
9.5 43.875 0.00280055
9.7 1.125 0.00229258
9.7 3.375 0.00249188
9.7 5.625 0.00204342
9.7 7.875 0.00227379
9.7 10.125 0.00244992
9.7 12.375 0.00240416
9.7 14.625 0.00271492
9.7 16.875 0.0022292
9.7 19.125 0.00221213
9.7 21.375 0.00260789
9.7 23.625 0.00251678
9.7 25.875 0.00233399
9.7 28.125 0.00204762
9.7 30.375 0.00319287
9.7 32.625 0.00246053
9.7 34.875 0.00193485
9.7 37.125 0.00218175
9.7 39.375 0.00221751
9.7 41.625 0.00210054
9.7 43.875 0.00191942
9.9 1.125 0.00213201
9.9 3.375 0.00197699
9.9 5.625 0.00197702
9.9 7.875 0.00226594
9.9 10.125 0.00211967
9.9 12.375 0.00239569
9.9 14.625 0.0019439
9.9 16.875 0.00218057
9.9 19.125 0.00229826
9.9 21.375 0.00218444
9.9 23.625 0.00252332
9.9 25.875 0.00237329
9.9 28.125 0.00259405
9.9 30.375 0.00297411
9.9 32.625 0.0018248
9.9 34.875 0.00210382
9.9 37.125 0.00202211
9.9 39.375 0.00172651
9.9 41.625 0.00255805
9.9 43.875 0.00210812
10.1 1.125 0.00207097
10.1 3.375 0.0021182
10.1 5.625 0.00264118
10.1 7.875 0.00276164
10.1 10.125 0.00322757
10.1 12.375 0.00236245
10.1 14.625 0.00226302
10.1 16.875 0.00246992
10.1 19.125 0.00300893
10.1 21.375 0.00233286
10.1 23.625 0.00186771
10.1 25.875 0.00243008
10.1 28.125 0.00233193
10.1 30.375 0.00257833
10.1 32.625 0.00199733
10.1 34.875 0.00179382
10.1 37.125 0.00218576
10.1 39.375 0.00263627
10.1 41.625 0.00218573
10.1 43.875 0.00214777
10.3 1.125 0.00227651
10.3 3.375 0.00432008
10.3 5.625 0.00219611
10.3 7.875 0.0167029
10.3 10.125 0.00204062
10.3 12.375 0.00200371
10.3 14.625 0.00211646
10.3 16.875 0.00237546
10.3 19.125 0.00199396
10.3 21.375 0.00188862
10.3 23.625 0.00183773
10.3 25.875 0.00217596
10.3 28.125 0.00254538
10.3 30.375 0.00219445
10.3 32.625 0.00227934
10.3 34.875 0.00224731
10.3 37.125 0.00193298
10.3 39.375 0.00229565
10.3 41.625 0.0022262
10.3 43.875 0.00213528
10.5 1.125 0.00176035
10.5 3.375 0.00198881
10.5 5.625 0.00224389
10.5 7.875 0.00220176
10.5 10.125 0.00219768
10.5 12.375 0.0022189
10.5 14.625 0.00218313
10.5 16.875 0.00344881
10.5 19.125 0.00212527
10.5 21.375 0.00222869
10.5 23.625 0.00210436
10.5 25.875 0.00209936
10.5 28.125 0.00209396
10.5 30.375 0.00228638
10.5 32.625 0.00247974
10.5 34.875 0.00184008
10.5 37.125 0.00235282
10.5 39.375 0.00222572
10.5 41.625 0.00180651
10.5 43.875 0.00227431
10.7 1.125 0.00216311
10.7 3.375 0.00171341
10.7 5.625 0.00193188
10.7 7.875 0.00249694
10.7 10.125 0.00193554
10.7 12.375 0.00208376
10.7 14.625 0.00209857
10.7 16.875 0.0025341
10.7 19.125 0.00178328
10.7 21.375 0.0164223
10.7 23.625 0.00217324
10.7 25.875 0.00238109
10.7 28.125 0.0024713
10.7 30.375 0.00227613
10.7 32.625 0.00214426
10.7 34.875 0.00193518
10.7 37.125 0.0018902
10.7 39.375 0.00216542
10.7 41.625 0.00200239
10.7 43.875 0.00194595
10.9 1.125 0.00212175
10.9 3.375 0.00266366
10.9 5.625 0.00215082
10.9 7.875 0.00241501
10.9 10.125 0.00196039
10.9 12.375 0.0134179
10.9 14.625 0.00236937
10.9 16.875 0.0107765
10.9 19.125 0.00226984
10.9 21.375 0.00290874
10.9 23.625 0.00227194
10.9 25.875 0.0022443
10.9 28.125 0.00199467
10.9 30.375 0.00233048
10.9 32.625 0.00231487
10.9 34.875 0.00204717
10.9 37.125 0.00205688
10.9 39.375 0.00216358
10.9 41.625 0.00257145
10.9 43.875 0.00222586
11.1 1.125 0.00210489
11.1 3.375 0.00191206
11.1 5.625 0.00194587
11.1 7.875 0.00211904
11.1 10.125 0.00170335
11.1 12.375 0.0020742
11.1 14.625 0.00202985
11.1 16.875 0.00232463
11.1 19.125 0.00212699
11.1 21.375 0.00220722
11.1 23.625 0.00206566
11.1 25.875 0.00288714
11.1 28.125 0.00222199
11.1 30.375 0.0051757
11.1 32.625 0.00202582
11.1 34.875 0.00242894
11.1 37.125 0.00217177
11.1 39.375 0.00223385
11.1 41.625 0.00208561
11.1 43.875 0.0023096
11.3 1.125 0.00281393
11.3 3.375 0.00241523
11.3 5.625 0.00222239
11.3 7.875 0.00215994
11.3 10.125 0.00229318
11.3 12.375 0.00242505
11.3 14.625 0.0031499
11.3 16.875 0.00233507
11.3 19.125 0.00182161
11.3 21.375 0.0017869
11.3 23.625 0.00186017
11.3 25.875 0.00231879
11.3 28.125 0.0027999
11.3 30.375 0.00201082
11.3 32.625 0.00203429
11.3 34.875 0.00196714
11.3 37.125 0.0022763
11.3 39.375 0.002438
11.3 41.625 0.00202454
11.3 43.875 0.00227774
11.5 1.125 0.00257225
11.5 3.375 0.0021177
11.5 5.625 0.00232188
11.5 7.875 0.00275475
11.5 10.125 0.00193991
11.5 12.375 0.00222091
11.5 14.625 0.00207632
11.5 16.875 0.00216854
11.5 19.125 0.00214009
11.5 21.375 0.00191513
11.5 23.625 0.00269114
11.5 25.875 0.00286628
11.5 28.125 0.00195159
11.5 30.375 0.00201303
11.5 32.625 0.00263285
11.5 34.875 0.00185594
11.5 37.125 0.00205717
11.5 39.375 0.00228518
11.5 41.625 0.00222628
11.5 43.875 0.00238126
11.7 1.125 0.00168671
11.7 3.375 0.00290022
11.7 5.625 0.00200358
11.7 7.875 0.00216335
11.7 10.125 0.00220297
11.7 12.375 0.00249527
11.7 14.625 0.00226945
11.7 16.875 0.00231759
11.7 19.125 0.00235839
11.7 21.375 0.00309087
11.7 23.625 0.00397554
11.7 25.875 0.00200921
11.7 28.125 0.00375127
11.7 30.375 0.00256843
11.7 32.625 0.0017829
11.7 34.875 0.00213023
11.7 37.125 0.00204604
11.7 39.375 0.00235928
11.7 41.625 0.00256948
11.7 43.875 0.00227767
11.9 1.125 0.00204052
11.9 3.375 0.00348008
11.9 5.625 0.00210447
11.9 7.875 0.00196797
11.9 10.125 0.00220397
11.9 12.375 0.00242299
11.9 14.625 0.00201353
11.9 16.875 0.00229072
11.9 19.125 0.00182964
11.9 21.375 0.00176183
11.9 23.625 0.00200975
11.9 25.875 0.00281844
11.9 28.125 0.0106883
11.9 30.375 0.00298996
11.9 32.625 0.00289034
11.9 34.875 0.00223372
11.9 37.125 0.0019419
11.9 39.375 0.00212909
11.9 41.625 0.00186338
11.9 43.875 0.0019141
12.1 1.125 0.00199339
12.1 3.375 0.00265129
12.1 5.625 0.00193578
12.1 7.875 0.00221861
12.1 10.125 0.00211695
12.1 12.375 0.00189896
12.1 14.625 0.00194143
12.1 16.875 0.00186179
12.1 19.125 0.00238991
12.1 21.375 0.0019863
12.1 23.625 0.0023441
12.1 25.875 0.00234111
12.1 28.125 0.00261535
12.1 30.375 0.00224203
12.1 32.625 0.00175672
12.1 34.875 0.00279624
12.1 37.125 0.00216486
12.1 39.375 0.00202543
12.1 41.625 0.00162035
12.1 43.875 0.00208449
12.3 1.125 0.0126122
12.3 3.375 0.00269361
12.3 5.625 0.00211448
12.3 7.875 0.0020745
12.3 10.125 0.00285545
12.3 12.375 0.00202511
12.3 14.625 0.00228548
12.3 16.875 0.009509
12.3 19.125 0.00172989
12.3 21.375 0.00199459
12.3 23.625 0.00177978
12.3 25.875 0.0030146
12.3 28.125 0.00170835
12.3 30.375 0.00261834
12.3 32.625 0.00170074
12.3 34.875 0.00213046
12.3 37.125 0.00214601
12.3 39.375 0.00187847
12.3 41.625 0.00213648
12.3 43.875 0.00142667
12.5 1.125 0.00192559
12.5 3.375 0.001637
12.5 5.625 0.0273602
12.5 7.875 0.00248403
12.5 10.125 0.00286
12.5 12.375 0.0103463
12.5 14.625 0.00201857
12.5 16.875 0.00144203
12.5 19.125 0.00182717
12.5 21.375 0.00175138
12.5 23.625 0.00180654
12.5 25.875 0.00188769
12.5 28.125 0.00199036
12.5 30.375 0.00216193
12.5 32.625 0.00262269
12.5 34.875 0.0017177
12.5 37.125 0.00188643
12.5 39.375 0.0020824
12.5 41.625 0.00258438
12.5 43.875 0.00190579
12.7 1.125 0.00239835
12.7 3.375 0.00260372
12.7 5.625 0.00389591
12.7 7.875 0.00220876
12.7 10.125 0.00194407
12.7 12.375 0.00214292
12.7 14.625 0.00198854
12.7 16.875 0.00180713
12.7 19.125 0.00173337
12.7 21.375 0.00203806
12.7 23.625 0.00468381
12.7 25.875 0.00215865
12.7 28.125 0.0023706
12.7 30.375 0.00257819
12.7 32.625 0.00203865
12.7 34.875 0.00195232
12.7 37.125 0.00251993
12.7 39.375 0.00201552
12.7 41.625 0.00175241
12.7 43.875 0.0019511
12.9 1.125 0.00192911
12.9 3.375 0.00184286
12.9 5.625 0.00208937
12.9 7.875 0.00184549
12.9 10.125 0.00199058
12.9 12.375 0.00239497
12.9 14.625 0.00170761
12.9 16.875 0.0022306
12.9 19.125 0.00283425
12.9 21.375 0.00183281
12.9 23.625 0.00158795
12.9 25.875 0.00244859
12.9 28.125 0.00185796
12.9 30.375 0.0023739
12.9 32.625 0.00208659
12.9 34.875 0.00215381
12.9 37.125 0.00161875
12.9 39.375 0.00213934
12.9 41.625 0.00251125
12.9 43.875 0.00189712
13.1 1.125 0.00218093
13.1 3.375 0.00185586
13.1 5.625 0.00231602
13.1 7.875 0.00218095
13.1 10.125 0.00216976
13.1 12.375 0.0181763
13.1 14.625 0.00203257
13.1 16.875 0.00236195
13.1 19.125 0.00189699
13.1 21.375 0.00365072
13.1 23.625 0.00162522
13.1 25.875 0.00232108
13.1 28.125 0.00317112
13.1 30.375 0.0042891
13.1 32.625 0.00244931
13.1 34.875 0.0018972
13.1 37.125 0.0017452
13.1 39.375 0.0018311
13.1 41.625 0.00207272
13.1 43.875 0.00171234
13.3 1.125 0.00213531
13.3 3.375 0.00658117
13.3 5.625 0.00162536
13.3 7.875 0.00249617
13.3 10.125 0.00181154
13.3 12.375 0.00250027
13.3 14.625 0.00287744
13.3 16.875 0.00189478
13.3 19.125 0.00200511
13.3 21.375 0.00191771
13.3 23.625 0.00140292
13.3 25.875 0.0290975
13.3 28.125 0.00221593
13.3 30.375 0.00196902
13.3 32.625 0.00195785
13.3 34.875 0.00232925
13.3 37.125 0.00255505
13.3 39.375 0.00204545
13.3 41.625 0.00175125
13.3 43.875 0.00248068
13.5 1.125 0.00161574
13.5 3.375 0.0039592
13.5 5.625 0.00317719
13.5 7.875 0.00191745
13.5 10.125 0.00200473
13.5 12.375 0.00222824
13.5 14.625 0.0025793
13.5 16.875 0.00174566
13.5 19.125 0.0018617
13.5 21.375 0.00175524
13.5 23.625 0.00257897
13.5 25.875 0.00179165
13.5 28.125 0.00203183
13.5 30.375 0.00220218
13.5 32.625 0.00175022
13.5 34.875 0.00255082
13.5 37.125 0.00218293
13.5 39.375 0.00275343
13.5 41.625 0.00247616
13.5 43.875 0.00200929
13.7 1.125 0.00197055
13.7 3.375 0.00352712
13.7 5.625 0.00246489
13.7 7.875 0.00216169
13.7 10.125 0.00168472
13.7 12.375 0.0722046
13.7 14.625 0.0152398
13.7 16.875 0.00208649
13.7 19.125 0.00197866
13.7 21.375 0.00191443
13.7 23.625 0.00176346
13.7 25.875 0.00172849
13.7 28.125 0.00175246
13.7 30.375 0.00199218
13.7 32.625 0.00270778
13.7 34.875 0.00216185
13.7 37.125 0.00212925
13.7 39.375 0.00163812
13.7 41.625 0.00173828
13.7 43.875 0.00211925
13.9 1.125 0.00217253
13.9 3.375 0.0025421
13.9 5.625 0.00173501
13.9 7.875 0.00215159
13.9 10.125 0.00232999
13.9 12.375 0.00208407
13.9 14.625 0.00180664
13.9 16.875 0.00192808
13.9 19.125 0.00227896
13.9 21.375 0.00158438
13.9 23.625 0.00252122
13.9 25.875 0.00132884
13.9 28.125 0.00198542
13.9 30.375 0.00243432
13.9 32.625 0.00218188
13.9 34.875 0.00257297
13.9 37.125 0.00180047
13.9 39.375 0.001392
13.9 41.625 0.00221206
13.9 43.875 0.001359
