0.1 1.125 0.341401
0.1 3.375 0.334611
0.1 5.625 0.345851
0.1 7.875 0.332046
0.1 10.125 0.334018
0.1 12.375 0.339784
0.1 14.625 0.329399
0.1 16.875 0.327291
0.1 19.125 0.333759
0.1 21.375 0.344493
0.1 23.625 0.338852
0.1 25.875 0.341223
0.1 28.125 0.34148
0.1 30.375 0.338835
0.1 32.625 0.33968
0.1 34.875 0.343959
0.1 37.125 0.332751
0.1 39.375 0.338381
0.1 41.625 0.336856
0.1 43.875 0.342728
0.3 1.125 0.332942
0.3 3.375 0.326012
0.3 5.625 0.326522
0.3 7.875 0.326346
0.3 10.125 0.327972
0.3 12.375 0.32609
0.3 14.625 0.321478
0.3 16.875 0.328281
0.3 19.125 0.319725
0.3 21.375 0.320697
0.3 23.625 0.3272
0.3 25.875 0.314064
0.3 28.125 0.322336
0.3 30.375 0.323775
0.3 32.625 0.317132
0.3 34.875 0.325394
0.3 37.125 0.315472
0.3 39.375 0.324556
0.3 41.625 0.32715
0.3 43.875 0.32258
0.5 1.125 0.31275
0.5 3.375 0.313385
0.5 5.625 0.318418
0.5 7.875 0.314072
0.5 10.125 0.316361
0.5 12.375 0.313331
0.5 14.625 0.310611
0.5 16.875 0.314833
0.5 19.125 0.304412
0.5 21.375 0.300157
0.5 23.625 0.304853
0.5 25.875 0.305037
0.5 28.125 0.305248
0.5 30.375 0.304609
0.5 32.625 0.307808
0.5 34.875 0.311118
0.5 37.125 0.30619
0.5 39.375 0.289495
0.5 41.625 0.312554
0.5 43.875 0.298574
0.7 1.125 0.296079
0.7 3.375 0.296143
0.7 5.625 0.296904
0.7 7.875 0.295054
0.7 10.125 0.295088
0.7 12.375 0.289998
0.7 14.625 0.292902
0.7 16.875 0.286914
0.7 19.125 0.288451
0.7 21.375 0.291379
0.7 23.625 0.285379
0.7 25.875 0.284819
0.7 28.125 0.287523
0.7 30.375 0.284081
0.7 32.625 0.282762
0.7 34.875 0.290935
0.7 37.125 0.279868
0.7 39.375 0.27748
0.7 41.625 0.283305
0.7 43.875 0.287058
0.9 1.125 0.261367
0.9 3.375 0.264026
0.9 5.625 0.263579
0.9 7.875 0.265007
0.9 10.125 0.262741
0.9 12.375 0.252698
0.9 14.625 0.255646
0.9 16.875 0.254247
0.9 19.125 0.254812
0.9 21.375 0.24368
0.9 23.625 0.258235
0.9 25.875 0.256886
0.9 28.125 0.250834
0.9 30.375 0.251052
0.9 32.625 0.245367
0.9 34.875 0.250784
0.9 37.125 0.249219
0.9 39.375 0.256248
0.9 41.625 0.260591
0.9 43.875 0.252597
1.1 1.125 0.205201
1.1 3.375 0.208385
1.1 5.625 0.209115
1.1 7.875 0.205038
1.1 10.125 0.209688
1.1 12.375 0.206665
1.1 14.625 0.204678
1.1 16.875 0.211225
1.1 19.125 0.223527
1.1 21.375 0.213325
1.1 23.625 0.210398
1.1 25.875 0.201406
1.1 28.125 0.21239
1.1 30.375 0.220146
1.1 32.625 0.21206
1.1 34.875 0.231032
1.1 37.125 0.215575
1.1 39.375 0.209966
1.1 41.625 0.205731
1.1 43.875 0.228384
1.3 1.125 0.146961
1.3 3.375 0.149332
1.3 5.625 0.149073
1.3 7.875 0.137168
1.3 10.125 0.143453
1.3 12.375 0.15974
1.3 14.625 0.15082
1.3 16.875 0.144783
1.3 19.125 0.156653
1.3 21.375 0.160601
1.3 23.625 0.170999
1.3 25.875 0.162898
1.3 28.125 0.172393
1.3 30.375 0.160723
1.3 32.625 0.169266
1.3 34.875 0.190064
1.3 37.125 0.162955
1.3 39.375 0.181235
1.3 41.625 0.17044
1.3 43.875 0.192326
1.5 1.125 0.0906997
1.5 3.375 0.0919908
1.5 5.625 0.100114
1.5 7.875 0.0917456
1.5 10.125 0.0970158
1.5 12.375 0.0941655
1.5 14.625 0.0930344
1.5 16.875 0.106286
1.5 19.125 0.108769
1.5 21.375 0.119729
1.5 23.625 0.115032
1.5 25.875 0.105818
1.5 28.125 0.11839
1.5 30.375 0.120207
1.5 32.625 0.122212
1.5 34.875 0.128174
1.5 37.125 0.139025
1.5 39.375 0.133771
1.5 41.625 0.128502
1.5 43.875 0.12542
1.7 1.125 0.0565583
1.7 3.375 0.0574024
1.7 5.625 0.0579018
1.7 7.875 0.0623189
1.7 10.125 0.0612046
1.7 12.375 0.0660099
1.7 14.625 0.0737474
1.7 16.875 0.0660762
1.7 19.125 0.0688998
1.7 21.375 0.0718841
1.7 23.625 0.0765453
1.7 25.875 0.0721079
1.7 28.125 0.0837308
1.7 30.375 0.0932298
1.7 32.625 0.0844099
1.7 34.875 0.0828066
1.7 37.125 0.106346
1.7 39.375 0.0952902
1.7 41.625 0.102667
1.7 43.875 0.0818051
1.9 1.125 0.0361311
1.9 3.375 0.0347979
1.9 5.625 0.0373447
1.9 7.875 0.0358371
1.9 10.125 0.0371987
1.9 12.375 0.0428707
1.9 14.625 0.0414284
1.9 16.875 0.0460785
1.9 19.125 0.0428753
1.9 21.375 0.0454063
1.9 23.625 0.0546838
1.9 25.875 0.0430128
1.9 28.125 0.0606122
1.9 30.375 0.0564325
1.9 32.625 0.0545429
1.9 34.875 0.0636565
1.9 37.125 0.0549754
1.9 39.375 0.0639157
1.9 41.625 0.0602126
1.9 43.875 0.0591077
2.1 1.125 0.0224909
2.1 3.375 0.0243073
2.1 5.625 0.0224549
2.1 7.875 0.0229228
2.1 10.125 0.0215479
2.1 12.375 0.030108
2.1 14.625 0.027964
2.1 16.875 0.0285236
2.1 19.125 0.0322365
2.1 21.375 0.033563
2.1 23.625 0.0314723
2.1 25.875 0.0342182
2.1 28.125 0.0330116
2.1 30.375 0.0343354
2.1 32.625 0.0415809
2.1 34.875 0.038677
2.1 37.125 0.0398295
2.1 39.375 0.0414391
2.1 41.625 0.0393698
2.1 43.875 0.040932
2.3 1.125 0.0124128
2.3 3.375 0.0119219
2.3 5.625 0.0126858
2.3 7.875 0.0127456
2.3 10.125 0.0132003
2.3 12.375 0.0134248
2.3 14.625 0.0141064
2.3 16.875 0.0166066
2.3 19.125 0.0200925
2.3 21.375 0.0196685
2.3 23.625 0.0208755
2.3 25.875 0.0204385
2.3 28.125 0.0233651
2.3 30.375 0.0270202
2.3 32.625 0.0239697
2.3 34.875 0.0239636
2.3 37.125 0.0278185
2.3 39.375 0.0278421
2.3 41.625 0.0289099
2.3 43.875 0.0305582
2.5 1.125 0.00706006
2.5 3.375 0.00687122
2.5 5.625 0.00718284
2.5 7.875 0.00700854
2.5 10.125 0.00743783
2.5 12.375 0.00761061
2.5 14.625 0.00770013
2.5 16.875 0.00866542
2.5 19.125 0.00957894
2.5 21.375 0.0101801
2.5 23.625 0.0111018
2.5 25.875 0.0114294
2.5 28.125 0.016683
2.5 30.375 0.0151083
2.5 32.625 0.0169554
2.5 34.875 0.0174703
2.5 37.125 0.0184563
2.5 39.375 0.0191948
2.5 41.625 0.0211934
2.5 43.875 0.0207699
2.7 1.125 0.00722625
2.7 3.375 0.0063332
2.7 5.625 0.00706979
2.7 7.875 0.00712349
2.7 10.125 0.0064415
2.7 12.375 0.00695635
2.7 14.625 0.00690314
2.7 16.875 0.00629209
2.7 19.125 0.00590959
2.7 21.375 0.00651089
2.7 23.625 0.00711265
2.7 25.875 0.00771502
2.7 28.125 0.00870358
2.7 30.375 0.0103322
2.7 32.625 0.010563
2.7 34.875 0.0122908
2.7 37.125 0.0126794
2.7 39.375 0.0130996
2.7 41.625 0.0127234
2.7 43.875 0.0136072
2.9 1.125 0.00579638
2.9 3.375 0.00587529
2.9 5.625 0.00555051
2.9 7.875 0.00749704
2.9 10.125 0.00544673
2.9 12.375 0.00597737
2.9 14.625 0.00613421
2.9 16.875 0.00586245
2.9 19.125 0.00635872
2.9 21.375 0.00621776
2.9 23.625 0.00552177
2.9 25.875 0.00616585
2.9 28.125 0.00723276
2.9 30.375 0.00596101
2.9 32.625 0.0066502
2.9 34.875 0.00782053
2.9 37.125 0.00870902
2.9 39.375 0.00843952
2.9 41.625 0.00907197
2.9 43.875 0.0112012
3.1 1.125 0.00480439
3.1 3.375 0.00563816
3.1 5.625 0.00510005
3.1 7.875 0.0051235
3.1 10.125 0.00522857
3.1 12.375 0.00486286
3.1 14.625 0.0053943
3.1 16.875 0.00385219
3.1 19.125 0.0053739
3.1 21.375 0.00502608
3.1 23.625 0.0059021
3.1 25.875 0.00563557
3.1 28.125 0.00577393
3.1 30.375 0.00623633
3.1 32.625 0.00534408
3.1 34.875 0.00513266
3.1 37.125 0.00599812
3.1 39.375 0.00656741
3.1 41.625 0.00681511
3.1 43.875 0.00833149
3.3 1.125 0.00442723
3.3 3.375 0.00466831
3.3 5.625 0.00422063
3.3 7.875 0.00672704
3.3 10.125 0.00435809
3.3 12.375 0.00484044
3.3 14.625 0.00361179
3.3 16.875 0.00428349
3.3 19.125 0.00462306
3.3 21.375 0.0050677
3.3 23.625 0.00487706
3.3 25.875 0.00486358
3.3 28.125 0.00467431
3.3 30.375 0.00551592
3.3 32.625 0.005287
3.3 34.875 0.00553551
3.3 37.125 0.00772465
3.3 39.375 0.00511259
3.3 41.625 0.00482642
3.3 43.875 0.00610858
3.5 1.125 0.00535341
3.5 3.375 0.0043439
3.5 5.625 0.0045018
3.5 7.875 0.00343986
3.5 10.125 0.00420234
3.5 12.375 0.00803994
3.5 14.625 0.00509509
3.5 16.875 0.00401853
3.5 19.125 0.00430353
3.5 21.375 0.00427007
3.5 23.625 0.00420552
3.5 25.875 0.005173
3.5 28.125 0.00445842
3.5 30.375 0.00476825
3.5 32.625 0.00508634
3.5 34.875 0.00472252
3.5 37.125 0.00512228
3.5 39.375 0.00481588
3.5 41.625 0.00455463
3.5 43.875 0.00408087
3.7 1.125 0.00482543
3.7 3.375 0.00458399
3.7 5.625 0.00381491
3.7 7.875 0.00424509
3.7 10.125 0.00455536
3.7 12.375 0.00394044
3.7 14.625 0.00365086
3.7 16.875 0.00462644
3.7 19.125 0.00407633
3.7 21.375 0.0044504
3.7 23.625 0.00487303
3.7 25.875 0.00464626
3.7 28.125 0.00445032
3.7 30.375 0.00412844
3.7 32.625 0.00441473
3.7 34.875 0.00438842
3.7 37.125 0.00476438
3.7 39.375 0.00436026
3.7 41.625 0.00367
3.7 43.875 0.00384844
3.9 1.125 0.00408325
3.9 3.375 0.00409044
3.9 5.625 0.00319311
3.9 7.875 0.00400375
3.9 10.125 0.00453506
3.9 12.375 0.00990102
3.9 14.625 0.0044006
3.9 16.875 0.00380108
3.9 19.125 0.00621274
3.9 21.375 0.00411419
3.9 23.625 0.00486066
3.9 25.875 0.00467116
3.9 28.125 0.00441781
3.9 30.375 0.00487811
3.9 32.625 0.00454646
3.9 34.875 0.00450624
3.9 37.125 0.00390093
3.9 39.375 0.00366931
3.9 41.625 0.00345943
3.9 43.875 0.00371575
4.1 1.125 0.00359323
4.1 3.375 0.00417021
4.1 5.625 0.00390921
4.1 7.875 0.00378519
4.1 10.125 0.0040494
4.1 12.375 0.00382845
4.1 14.625 0.00465427
4.1 16.875 0.00336674
4.1 19.125 0.00365817
4.1 21.375 0.00457403
4.1 23.625 0.00380888
4.1 25.875 0.0042358
4.1 28.125 0.00454574
4.1 30.375 0.00484616
4.1 32.625 0.00492107
4.1 34.875 0.0036871
4.1 37.125 0.00344107
4.1 39.375 0.00338651
4.1 41.625 0.00367568
4.1 43.875 0.00314573
4.3 1.125 0.00369333
4.3 3.375 0.00382855
4.3 5.625 0.00374397
4.3 7.875 0.00430478
4.3 10.125 0.00413242
4.3 12.375 0.00381405
4.3 14.625 0.00363039
4.3 16.875 0.00429785
4.3 19.125 0.00365437
4.3 21.375 0.00451613
4.3 23.625 0.00448867
4.3 25.875 0.0042922
4.3 28.125 0.00440482
4.3 30.375 0.00422642
4.3 32.625 0.00391324
4.3 34.875 0.0035115
4.3 37.125 0.00343526
4.3 39.375 0.00403479
4.3 41.625 0.00295939
4.3 43.875 0.00276964
4.5 1.125 0.0032243
4.5 3.375 0.00354624
4.5 5.625 0.00343778
4.5 7.875 0.00404
4.5 10.125 0.00361627
4.5 12.375 0.00359822
4.5 14.625 0.00395041
4.5 16.875 0.0044826
4.5 19.125 0.00409725
4.5 21.375 0.00329596
4.5 23.625 0.00368522
4.5 25.875 0.00436189
4.5 28.125 0.00347926
4.5 30.375 0.0040512
4.5 32.625 0.00331667
4.5 34.875 0.00333733
4.5 37.125 0.00315922
4.5 39.375 0.00289098
4.5 41.625 0.00280343
4.5 43.875 0.00329881
4.7 1.125 0.00389963
4.7 3.375 0.00310648
4.7 5.625 0.00346851
4.7 7.875 0.00294709
4.7 10.125 0.00300741
4.7 12.375 0.00333606
4.7 14.625 0.00359786
4.7 16.875 0.00316275
4.7 19.125 0.00334253
4.7 21.375 0.00310357
4.7 23.625 0.00494754
4.7 25.875 0.00353711
4.7 28.125 0.00414153
4.7 30.375 0.0035771
4.7 32.625 0.00331018
4.7 34.875 0.00320609
4.7 37.125 0.00322442
4.7 39.375 0.00297386
4.7 41.625 0.00296203
4.7 43.875 0.00217077
4.9 1.125 0.00326275
4.9 3.375 0.00251123
4.9 5.625 0.0025026
4.9 7.875 0.00293288
4.9 10.125 0.00309553
4.9 12.375 0.00310797
4.9 14.625 0.00325302
4.9 16.875 0.00315357
4.9 19.125 0.00348725
4.9 21.375 0.00376312
4.9 23.625 0.0039849
4.9 25.875 0.00383902
4.9 28.125 0.00340584
4.9 30.375 0.00329077
4.9 32.625 0.0027525
4.9 34.875 0.00316404
4.9 37.125 0.00259251
4.9 39.375 0.00304496
4.9 41.625 0.00303616
4.9 43.875 0.00245937
5.1 1.125 0.00257687
5.1 3.375 0.00284357
5.1 5.625 0.00275773
5.1 7.875 0.00271734
5.1 10.125 0.00214826
5.1 12.375 0.0026856
5.1 14.625 0.00266659
5.1 16.875 0.00297305
5.1 19.125 0.00297439
5.1 21.375 0.00320672
5.1 23.625 0.00312897
5.1 25.875 0.00343213
5.1 28.125 0.0034164
5.1 30.375 0.00291593
5.1 32.625 0.00273589
5.1 34.875 0.00322847
5.1 37.125 0.00250796
5.1 39.375 0.00289968
5.1 41.625 0.00300962
5.1 43.875 0.00535847
5.3 1.125 0.00251664
5.3 3.375 0.00240825
5.3 5.625 0.00228458
5.3 7.875 0.00246531
5.3 10.125 0.002775
5.3 12.375 0.00241377
5.3 14.625 0.00239959
5.3 16.875 0.00266124
5.3 19.125 0.0025269
5.3 21.375 0.00285439
5.3 23.625 0.00272332
5.3 25.875 0.00328072
5.3 28.125 0.00312611
5.3 30.375 0.00282854
5.3 32.625 0.00333608
5.3 34.875 0.00363312
5.3 37.125 0.00275163
5.3 39.375 0.00288142
5.3 41.625 0.00321516
5.3 43.875 0.00292819
5.5 1.125 0.00272657
5.5 3.375 0.00322821
5.5 5.625 0.00334401
5.5 7.875 0.00255919
5.5 10.125 0.00200695
5.5 12.375 0.00256973
5.5 14.625 0.00273576
5.5 16.875 0.00232712
5.5 19.125 0.00292439
5.5 21.375 0.00285317
5.5 23.625 0.0028023
5.5 25.875 0.0025406
5.5 28.125 0.00251097
5.5 30.375 0.00242614
5.5 32.625 0.00298673
5.5 34.875 0.0031837
5.5 37.125 0.00278771
5.5 39.375 0.00408654
5.5 41.625 0.00250057
5.5 43.875 0.0039097
5.7 1.125 0.00269089
5.7 3.375 0.00692221
5.7 5.625 0.00246476
5.7 7.875 0.00226219
5.7 10.125 0.00220056
5.7 12.375 0.00224642
5.7 14.625 0.00239893
5.7 16.875 0.00295756
5.7 19.125 0.00269771
5.7 21.375 0.00251005
5.7 23.625 0.00291155
5.7 25.875 0.00259651
5.7 28.125 0.00229511
5.7 30.375 0.00236435
5.7 32.625 0.00276305
5.7 34.875 0.00277206
5.7 37.125 0.00314357
5.7 39.375 0.00339421
5.7 41.625 0.00331717
5.7 43.875 0.00330014
5.9 1.125 0.00283979
5.9 3.375 0.00314082
5.9 5.625 0.00228508
5.9 7.875 0.00253483
5.9 10.125 0.00295753
5.9 12.375 0.00192537
5.9 14.625 0.00236389
5.9 16.875 0.00666166
5.9 19.125 0.00294497
5.9 21.375 0.00247216
5.9 23.625 0.0039563
5.9 25.875 0.00241355
5.9 28.125 0.00315378
5.9 30.375 0.00233185
5.9 32.625 0.00247187
5.9 34.875 0.00460077
5.9 37.125 0.00281747
5.9 39.375 0.00270526
5.9 41.625 0.00273772
5.9 43.875 0.00284468
6.1 1.125 0.00231353
6.1 3.375 0.00284065
6.1 5.625 0.00314521
6.1 7.875 0.0018106
6.1 10.125 0.00252669
6.1 12.375 0.00221734
6.1 14.625 0.00257944
6.1 16.875 0.00226176
6.1 19.125 0.0027096
6.1 21.375 0.00270114
6.1 23.625 0.00265634
6.1 25.875 0.00250231
6.1 28.125 0.00248702
6.1 30.375 0.00279615
6.1 32.625 0.00286858
6.1 34.875 0.00252226
6.1 37.125 0.00220747
6.1 39.375 0.00285761
6.1 41.625 0.00260768
6.1 43.875 0.0031559
6.3 1.125 0.00262383
6.3 3.375 0.00235292
6.3 5.625 0.00253949
6.3 7.875 0.0029954
6.3 10.125 0.00386345
6.3 12.375 0.00217573
6.3 14.625 0.00262307
6.3 16.875 0.00264504
6.3 19.125 0.00273364
6.3 21.375 0.00274763
6.3 23.625 0.00233184
6.3 25.875 0.00246238
6.3 28.125 0.00215353
6.3 30.375 0.00253795
6.3 32.625 0.00251213
6.3 34.875 0.00212335
6.3 37.125 0.00579388
6.3 39.375 0.00193343
6.3 41.625 0.0031099
6.3 43.875 0.00352127
6.5 1.125 0.00252214
6.5 3.375 0.00244645
6.5 5.625 0.00194791
6.5 7.875 0.00189116
6.5 10.125 0.00273598
6.5 12.375 0.00382472
6.5 14.625 0.00384344
6.5 16.875 0.0025277
6.5 19.125 0.00207863
6.5 21.375 0.002575
6.5 23.625 0.00276047
6.5 25.875 0.00292941
6.5 28.125 0.00279262
6.5 30.375 0.00221789
6.5 32.625 0.00286879
6.5 34.875 0.00263005
6.5 37.125 0.00181666
6.5 39.375 0.00260367
6.5 41.625 0.00269378
6.5 43.875 0.00309311
6.7 1.125 0.00262843
6.7 3.375 0.00443925
6.7 5.625 0.00234119
6.7 7.875 0.00263655
6.7 10.125 0.00245014
6.7 12.375 0.00285856
6.7 14.625 0.00286294
6.7 16.875 0.00239432
6.7 19.125 0.00248419
6.7 21.375 0.00255222
6.7 23.625 0.00274507
6.7 25.875 0.00172785
6.7 28.125 0.00180129
6.7 30.375 0.00245247
6.7 32.625 0.00237526
6.7 34.875 0.0018744
6.7 37.125 0.00263629
6.7 39.375 0.00211019
6.7 41.625 0.00217655
6.7 43.875 0.00284541
6.9 1.125 0.00282997
6.9 3.375 0.0027349
6.9 5.625 0.00296493
6.9 7.875 0.00280522
6.9 10.125 0.00241497
6.9 12.375 0.00232716
6.9 14.625 0.00220829
6.9 16.875 0.00313651
6.9 19.125 0.00246262
6.9 21.375 0.00254714
6.9 23.625 0.00215353
6.9 25.875 0.00254459
6.9 28.125 0.0028461
6.9 30.375 0.00153316
6.9 32.625 0.00249255
6.9 34.875 0.00201681
6.9 37.125 0.00216393
6.9 39.375 0.00269629
6.9 41.625 0.00241751
6.9 43.875 0.00219129
7.1 1.125 0.0025495
7.1 3.375 0.00227623
7.1 5.625 0.00713363
7.1 7.875 0.00255559
7.1 10.125 0.00233184
7.1 12.375 0.0035367
7.1 14.625 0.00279735
7.1 16.875 0.00282966
7.1 19.125 0.00251427
7.1 21.375 0.00252557
7.1 23.625 0.00229568
7.1 25.875 0.00250044
7.1 28.125 0.00180104
7.1 30.375 0.00191948
7.1 32.625 0.00280145
7.1 34.875 0.00359472
7.1 37.125 0.00217795
7.1 39.375 0.00270456
7.1 41.625 0.00227532
7.1 43.875 0.00213547
7.3 1.125 0.00236482
7.3 3.375 0.0024237
7.3 5.625 0.00271424
7.3 7.875 0.00580301
7.3 10.125 0.0021984
7.3 12.375 0.00248593
7.3 14.625 0.00238526
7.3 16.875 0.00259174
7.3 19.125 0.00249443
7.3 21.375 0.00264595
7.3 23.625 0.00257014
7.3 25.875 0.00311142
7.3 28.125 0.00228253
7.3 30.375 0.0026324
7.3 32.625 0.00250588
7.3 34.875 0.00253224
7.3 37.125 0.00241802
7.3 39.375 0.00276584
7.3 41.625 0.0026165
7.3 43.875 0.0021308
7.5 1.125 0.00212499
7.5 3.375 0.00214628
7.5 5.625 0.00265501
7.5 7.875 0.00222141
7.5 10.125 0.00252761
7.5 12.375 0.0023803
7.5 14.625 0.00224433
7.5 16.875 0.00261152
7.5 19.125 0.00246564
7.5 21.375 0.00268393
7.5 23.625 0.00230407
7.5 25.875 0.00266627
7.5 28.125 0.00335041
7.5 30.375 0.00254602
7.5 32.625 0.00324725
7.5 34.875 0.00243528
7.5 37.125 0.00195695
7.5 39.375 0.00256009
7.5 41.625 0.00258467
7.5 43.875 0.00681066
7.7 1.125 0.00484492
7.7 3.375 0.0022614
7.7 5.625 0.0020983
7.7 7.875 0.00200951
7.7 10.125 0.00181684
7.7 12.375 0.00220367
7.7 14.625 0.00244533
7.7 16.875 0.00241032
7.7 19.125 0.00203673
7.7 21.375 0.00235129
7.7 23.625 0.00261237
7.7 25.875 0.00231914
7.7 28.125 0.00238556
7.7 30.375 0.00191982
7.7 32.625 0.0023501
7.7 34.875 0.00259092
7.7 37.125 0.00274397
7.7 39.375 0.00208705
7.7 41.625 0.00228247
7.7 43.875 0.00254391
7.9 1.125 0.00227218
7.9 3.375 0.00965178
7.9 5.625 0.00215199
7.9 7.875 0.002051
7.9 10.125 0.00231875
7.9 12.375 0.00207903
7.9 14.625 0.00214401
7.9 16.875 0.00208163
7.9 19.125 0.00203193
7.9 21.375 0.00241139
7.9 23.625 0.0023706
7.9 25.875 0.00250843
7.9 28.125 0.00207885
7.9 30.375 0.00217342
7.9 32.625 0.00140908
7.9 34.875 0.00246872
7.9 37.125 0.00226242
7.9 39.375 0.00210281
7.9 41.625 0.00207251
7.9 43.875 0.00261648
8.1 1.125 0.00247771
8.1 3.375 0.00262767
8.1 5.625 0.00221025
8.1 7.875 0.0030885
8.1 10.125 0.00280431
8.1 12.375 0.00259747
8.1 14.625 0.00197056
8.1 16.875 0.00281639
8.1 19.125 0.0025959
8.1 21.375 0.00171179
8.1 23.625 0.00280185
8.1 25.875 0.00251378
8.1 28.125 0.00205716
8.1 30.375 0.00200459
8.1 32.625 0.00268228
8.1 34.875 0.00210876
8.1 37.125 0.00233426
8.1 39.375 0.00254967
8.1 41.625 0.00219391
8.1 43.875 0.00277522
8.3 1.125 0.00205278
8.3 3.375 0.00185075
8.3 5.625 0.00253416
8.3 7.875 0.00234489
8.3 10.125 0.0021953
8.3 12.375 0.00218241
8.3 14.625 0.00263624
8.3 16.875 0.00252469
8.3 19.125 0.00205976
8.3 21.375 0.00224952
8.3 23.625 0.00207727
8.3 25.875 0.00183985
8.3 28.125 0.00248412
8.3 30.375 0.00247087
8.3 32.625 0.00250938
8.3 34.875 0.00254667
8.3 37.125 0.00280044
8.3 39.375 0.0025606
8.3 41.625 0.00287586
8.3 43.875 0.00188119
8.5 1.125 0.00204074
8.5 3.375 0.00221824
8.5 5.625 0.00151998
8.5 7.875 0.00333033
8.5 10.125 0.00375341
8.5 12.375 0.00222833
8.5 14.625 0.00169187
8.5 16.875 0.00232763
8.5 19.125 0.00255181
8.5 21.375 0.0022774
8.5 23.625 0.00170437
8.5 25.875 0.00285856
8.5 28.125 0.00240512
8.5 30.375 0.00214875
8.5 32.625 0.00251714
8.5 34.875 0.00244686
8.5 37.125 0.0025175
8.5 39.375 0.00202211
8.5 41.625 0.00289861
8.5 43.875 0.00291226
8.7 1.125 0.00236347
8.7 3.375 0.00151755
8.7 5.625 0.00454184
8.7 7.875 0.00119617
8.7 10.125 0.00235371
8.7 12.375 0.00224525
8.7 14.625 0.00252234
8.7 16.875 0.00259838
8.7 19.125 0.00248177
8.7 21.375 0.0014508
8.7 23.625 0.00206105
8.7 25.875 0.00252573
8.7 28.125 0.00181094
8.7 30.375 0.00254353
8.7 32.625 0.00234672
8.7 34.875 0.00217764
8.7 37.125 0.0022777
8.7 39.375 0.0024043
8.7 41.625 0.0016029
8.7 43.875 0.00246762
8.9 1.125 0.00256706
8.9 3.375 0.00231443
8.9 5.625 0.00272051
8.9 7.875 0.00248421
8.9 10.125 0.00387868
8.9 12.375 0.00234521
8.9 14.625 0.00290425
8.9 16.875 0.00213014
8.9 19.125 0.00255388
8.9 21.375 0.00166516
8.9 23.625 0.00287984
8.9 25.875 0.00332375
8.9 28.125 0.00199171
8.9 30.375 0.00265929
8.9 32.625 0.00205079
8.9 34.875 0.00200091
8.9 37.125 0.00170609
8.9 39.375 0.00295997
8.9 41.625 0.00195883
9.1 1.125 0.00242157
9.1 3.375 0.00203749
9.1 5.625 0.00201397
9.1 7.875 0.00159729
9.1 10.125 0.00354834
9.1 12.375 0.00194882
9.1 14.625 0.00242723
9.1 16.875 0.00217677
9.1 19.125 0.00208411
9.1 21.375 0.00217605
9.1 23.625 0.00169188
9.1 25.875 0.00188478
9.1 28.125 0.00182203
9.1 30.375 0.00238214
9.1 32.625 0.00197228
9.1 34.875 0.00254951
9.1 37.125 0.00245725
9.1 39.375 0.00261913
9.1 41.625 0.00235997
9.1 43.875 0.00273683
9.3 1.125 0.00269269
9.3 3.375 0.00201079
9.3 5.625 0.00177261
9.3 7.875 0.00257757
9.3 10.125 0.00253937
9.3 12.375 0.00223263
9.3 14.625 0.00236729
9.3 16.875 0.0020362
9.3 19.125 0.00197149
9.3 21.375 0.00310591
9.3 23.625 0.00129538
9.3 25.875 0.00246099
9.3 28.125 0.00289747
9.3 30.375 0.00217744
9.3 32.625 0.00237947
9.3 34.875 0.0019186
9.3 37.125 0.00210115
9.3 39.375 0.0023339
9.3 41.625 0.0024745
9.3 43.875 0.00189371
9.5 1.125 0.00307638
9.5 3.375 0.00200219
9.5 5.625 0.0023224
9.5 7.875 0.00215884
9.5 10.125 0.00264465
9.5 12.375 0.00276533
9.5 14.625 0.00221651
9.5 16.875 0.00215681
9.5 19.125 0.0023865
9.5 21.375 0.00183805
9.5 23.625 0.0028924
9.5 25.875 0.00221223
9.5 28.125 0.00237605
9.5 30.375 0.0021397
9.5 32.625 0.00212601
9.5 34.875 0.00196626
9.5 37.125 0.00208567
9.5 39.375 0.00163911
9.5 41.625 0.00190365
9.5 43.875 0.00286528
9.7 1.125 0.00225459
9.7 3.375 0.00190519
9.7 5.625 0.00243911
9.7 7.875 0.00271455
9.7 10.125 0.00243429
9.7 12.375 0.00285402
9.7 14.625 0.00196754
9.7 16.875 0.00169704
9.7 19.125 0.00252987
9.7 21.375 0.00175074
9.7 25.875 0.00199359
9.7 28.125 0.00248088
9.7 30.375 0.00205182
9.7 32.625 0.00208458
9.7 34.875 0.00219013
9.7 37.125 0.00158983
9.7 39.375 0.00235459
9.7 41.625 0.00271323
9.7 43.875 0.00268394
9.9 1.125 0.00191458
9.9 3.375 0.00203527
9.9 5.625 0.00210167
9.9 7.875 0.0021133
9.9 10.125 0.00176543
9.9 12.375 0.00179581
9.9 14.625 0.00227384
9.9 16.875 0.00208717
9.9 19.125 0.00187551
9.9 21.375 0.00152158
9.9 23.625 0.00263165
9.9 25.875 0.00225032
9.9 28.125 0.00187737
9.9 30.375 0.00143271
9.9 32.625 0.00194235
9.9 34.875 0.00303538
9.9 37.125 0.00217343
9.9 39.375 0.00213264
9.9 41.625 0.00173889
9.9 43.875 0.00199673
10.1 1.125 0.00206892
10.1 3.375 0.00225073
10.1 5.625 0.00217923
10.1 7.875 0.00210961
10.1 10.125 0.00207091
10.1 12.375 0.00241102
10.1 14.625 0.00206706
10.1 16.875 0.00226064
10.1 19.125 0.00245428
10.1 21.375 0.00171908
10.1 23.625 0.00273221
10.1 25.875 0.00224174
10.1 28.125 0.00287186
10.1 30.375 0.00212783
10.1 32.625 0.00292548
10.1 34.875 0.00215109
10.1 37.125 0.00303613
10.1 39.375 0.00255978
10.1 41.625 0.00195271
10.1 43.875 0.00209022
10.3 1.125 0.00435603
10.3 3.375 0.00244757
10.3 5.625 0.0015551
10.3 7.875 0.00247787
10.3 10.125 0.00227628
10.3 12.375 0.00248978
10.3 14.625 0.00184327
10.3 16.875 0.00176788
10.3 19.125 0.0023078
10.3 21.375 0.00212069
10.3 23.625 0.00210469
10.3 25.875 0.00271276
10.3 28.125 0.00263365
10.3 30.375 0.00189588
10.3 32.625 0.00296182
10.3 34.875 0.00229497
10.3 39.375 0.00227316
10.3 41.625 0.00226157
10.3 43.875 0.00196569
10.5 1.125 0.00181496
10.5 3.375 0.00208058
10.5 7.875 0.00177311
10.5 10.125 0.00172059
10.5 12.375 0.00341485
10.5 14.625 0.00187111
10.5 16.875 0.00219576
10.5 19.125 0.00267239
10.5 21.375 0.00179888
10.5 23.625 0.00241092
10.5 25.875 0.00259466
10.5 28.125 0.00192076
10.5 30.375 0.00229413
10.5 32.625 0.00235574
10.5 34.875 0.00180101
10.5 37.125 0.00149534
10.5 39.375 0.00280918
10.5 41.625 0.00233425
10.5 43.875 0.00217514
10.7 1.125 0.0019945
10.7 3.375 0.00178833
10.7 5.625 0.0034586
10.7 7.875 0.00228089
10.7 10.125 0.00364669
10.7 12.375 0.00186
10.7 14.625 0.00237464
10.7 16.875 0.00258452
10.7 19.125 0.00223088
10.7 21.375 0.00207245
10.7 23.625 0.00213114
10.7 25.875 0.0026666
10.7 28.125 0.00211365
10.7 30.375 0.00256588
10.7 32.625 0.00276751
10.7 34.875 0.00113527
10.7 37.125 0.00184372
10.7 39.375 0.00246696
10.7 41.625 0.00193139
10.7 43.875 0.00287347
10.9 1.125 0.00206582
10.9 3.375 0.00249833
10.9 10.125 0.00282824
10.9 12.375 0.00201545
10.9 14.625 0.00265435
10.9 16.875 0.0032117
10.9 19.125 0.001964
10.9 21.375 0.00220742
10.9 23.625 0.00148659
10.9 25.875 0.00184285
10.9 28.125 0.00249557
10.9 30.375 0.00198689
10.9 32.625 0.00129569
10.9 34.875 0.00168955
10.9 37.125 0.00125077
10.9 39.375 0.00240799
10.9 41.625 0.00171787
10.9 43.875 0.00217079
11.1 1.125 0.0023671
11.1 3.375 0.00151644
11.1 7.875 0.00161114
11.1 10.125 0.0023402
11.1 12.375 0.00192365
11.1 14.625 0.00168973
11.1 21.375 0.00183236
11.1 23.625 0.00209185
11.1 25.875 0.00170058
11.1 28.125 0.00199306
11.1 30.375 0.00337544
11.1 32.625 0.00198435
11.1 34.875 0.00197095
11.1 37.125 0.0038251
11.1 39.375 0.00251669
11.1 41.625 0.00165244
11.1 43.875 0.00187714
11.3 1.125 0.00173673
11.3 3.375 0.00355059
11.3 7.875 0.00208644
11.3 10.125 0.00170534
11.3 12.375 0.00226524
11.3 14.625 0.00170654
11.3 16.875 0.00175789
11.3 21.375 0.00122381
11.3 23.625 0.00187206
11.3 25.875 0.0018643
11.3 28.125 0.00200119
11.3 30.375 0.00171328
11.3 32.625 0.00186751
11.3 34.875 0.00261674
11.3 37.125 0.00214846
11.3 39.375 0.00220896
11.3 41.625 0.00213062
11.3 43.875 0.0016271
11.5 1.125 0.00228045
11.5 3.375 0.00349778
11.5 5.625 0.00228142
11.5 7.875 0.00252966
11.5 10.125 0.00188921
11.5 12.375 0.0022215
11.5 14.625 0.0019893
11.5 19.125 0.00206943
11.5 21.375 0.00227379
11.5 23.625 0.00251402
11.5 25.875 0.00204624
11.5 28.125 0.00297142
11.5 30.375 0.00206966
11.5 32.625 0.00229165
11.5 34.875 0.00174056
11.5 37.125 0.00173255
11.5 39.375 0.00196053
11.5 41.625 0.00139645
11.5 43.875 0.00170349
11.7 1.125 0.00206076
11.7 3.375 0.0015498
11.7 5.625 0.00163901
11.7 7.875 0.00152318
11.7 10.125 0.00153083
11.7 12.375 0.00204961
11.7 14.625 0.00310749
11.7 21.375 0.00116817
11.7 23.625 0.0018788
11.7 25.875 0.00190846
11.7 28.125 0.00180795
11.7 30.375 0.00264617
11.7 32.625 0.00141727
11.7 34.875 0.00189365
11.7 37.125 0.00257143
11.7 39.375 0.0028252
11.7 43.875 0.00419487
11.9 1.125 0.00200721
11.9 3.375 0.00262964
11.9 5.625 0.00140916
11.9 7.875 0.00343435
11.9 10.125 0.000953954
11.9 12.375 0.00190833
11.9 16.875 0.00244925
11.9 21.375 0.00291514
11.9 23.625 0.0021045
11.9 25.875 0.002445
11.9 28.125 0.00244069
11.9 32.625 0.00154866
11.9 34.875 0.00202456
11.9 37.125 0.00266259
11.9 39.375 0.0026606
11.9 41.625 0.00101412
12.1 1.125 0.00277026
12.1 3.375 0.00228269
12.1 5.625 0.00307514
12.1 7.875 0.00218544
12.1 10.125 0.00206209
12.1 12.375 0.00227374
12.1 14.625 0.00237851
12.1 19.125 0.00284489
12.1 21.375 0.00134925
12.1 23.625 0.00192122
12.1 25.875 0.00181185
12.1 32.625 0.00190266
12.1 34.875 0.00152265
12.1 37.125 0.00192807
12.1 39.375 0.00245458
12.1 41.625 0.00280495
12.3 1.125 0.00242241
12.3 3.375 0.00130921
12.3 5.625 0.00302677
12.3 7.875 0.00160527
12.3 10.125 0.00204072
12.3 12.375 0.00117722
12.3 14.625 0.00189709
12.3 16.875 0.00196227
12.3 19.125 0.00203974
12.3 21.375 0.00368266
12.3 23.625 0.00224645
12.3 25.875 0.00121782
12.3 32.625 0.00254564
12.3 34.875 0.00267802
12.3 37.125 0.00216642
12.3 39.375 0.00229741
12.3 41.625 0.00237224
12.3 43.875 0.0038732
12.5 1.125 0.00218191
12.5 3.375 0.00243008
12.5 5.625 0.00197344
12.5 7.875 0.00218352
12.5 10.125 0.00177884
12.5 12.375 0.0021121
12.5 14.625 0.00195055
12.5 16.875 0.00186117
12.5 19.125 0.00253927
12.5 21.375 0.00229951
12.5 23.625 0.00315889
12.5 25.875 0.00207817
12.5 32.625 0.00287451
12.5 34.875 0.00153889
12.5 37.125 0.00229982
12.5 39.375 0.00228442
12.5 41.625 0.00217506
12.7 1.125 0.00228966
12.7 10.125 0.00317612
12.7 12.375 0.00194439
12.7 14.625 0.00161179
12.7 16.875 0.00248555
12.7 19.125 0.00168604
12.7 21.375 0.00199705
12.7 23.625 0.00256502
12.7 25.875 0.00259184
12.7 32.625 0.00221252
12.7 34.875 0.00208149
12.7 37.125 0.00178684
12.7 39.375 0.00223958
12.9 1.125 0.00189219
12.9 3.375 0.00173435
12.9 10.125 0.0025073
12.9 12.375 0.00176504
12.9 14.625 0.00145742
12.9 16.875 0.00173431
12.9 19.125 0.00174009
12.9 21.375 0.00192224
12.9 23.625 0.00278903
12.9 25.875 0.0016718
12.9 28.125 0.00285174
12.9 32.625 0.00301148
12.9 34.875 0.00282259
12.9 37.125 0.00145488
12.9 41.625 0.0294187
12.9 43.875 0.00207691
13.1 1.125 0.00252497
13.1 12.375 0.0011716
13.1 14.625 0.00258488
13.1 16.875 0.00213086
13.1 19.125 0.00172173
13.1 21.375 0.00170277
13.1 23.625 0.00176267
13.1 25.875 0.0017488
13.1 28.125 0.00185962
13.1 32.625 0.00153316
13.1 34.875 0.00145241
13.1 39.375 0.00150574
13.1 41.625 0.00240821
13.1 43.875 0.00121236
13.3 1.125 0.00413837
13.3 10.125 0.00173448
13.3 19.125 0.00256767
13.3 21.375 0.00188051
13.3 23.625 0.0018598
13.3 28.125 0.00264434
13.3 32.625 0.00130908
13.3 34.875 0.0240537
13.3 41.625 0.0026674
13.3 43.875 0.00166939
13.5 1.125 0.00100079
13.5 10.125 0.00242287
13.5 16.875 0.00206075
13.5 21.375 0.00232281
13.5 23.625 0.00180887
13.5 25.875 0.00220162
13.5 28.125 0.00146927
13.5 30.375 0.00164292
13.5 32.625 0.00133919
13.5 39.375 0.00204685
13.5 41.625 0.00125207
13.5 43.875 0.00272442
13.7 7.875 0.00103013
13.7 10.125 0.00189715
13.7 21.375 0.00192314
13.7 23.625 0.00265425
13.7 25.875 0.00153443
13.7 28.125 0.00302988
13.7 30.375 0.000866651
13.7 32.625 0.00284471
13.7 43.875 0.00201245
13.9 1.125 0.00344307
13.9 10.125 0.00151963
13.9 19.125 0.00175899
13.9 21.375 0.00116015
13.9 23.625 0.00170537
13.9 25.875 0.0011366
13.9 28.125 0.00132118
13.9 30.375 0.00141109
13.9 32.625 0.00232136
13.9 34.875 0.00161964
13.9 41.625 0.00165623
13.9 43.875 0.00213895
