0.1 10.125 2.54631
0.1 16.875 2.51537
0.1 43.875 2.4451
0.3 1.125 2.42298
0.3 3.375 2.47145
0.3 5.625 2.43973
0.3 7.875 2.47401
0.3 10.125 2.43484
0.3 12.375 2.46232
0.3 14.625 2.43981
0.3 16.875 2.47638
0.3 19.125 2.47316
0.3 21.375 2.45325
0.3 23.625 2.42876
0.3 25.875 2.4369
0.3 28.125 2.45747
0.3 30.375 2.47807
0.3 32.625 2.46419
0.3 34.875 2.44438
0.3 37.125 2.45181
0.3 39.375 2.46508
0.3 41.625 2.45905
0.3 43.875 2.45868
0.5 1.125 2.41618
0.5 3.375 2.34276
0.5 5.625 2.39
0.5 7.875 2.43397
0.5 10.125 2.36363
0.5 12.375 2.40167
0.5 14.625 2.41352
0.5 16.875 2.39299
0.5 19.125 2.44227
0.5 21.375 2.41082
0.5 23.625 2.38352
0.5 25.875 2.41955
0.5 28.125 2.40485
0.5 30.375 2.43434
0.5 32.625 2.4135
0.5 34.875 2.41279
0.5 37.125 2.37868
0.5 39.375 2.40007
0.5 41.625 2.42343
0.5 43.875 2.411
0.7 1.125 2.30144
0.7 3.375 2.31493
0.7 5.625 2.29113
0.7 7.875 2.30712
0.7 10.125 2.25074
0.7 12.375 2.29649
0.7 14.625 2.30259
0.7 16.875 2.29783
0.7 19.125 2.26201
0.7 21.375 2.27838
0.7 23.625 2.30868
0.7 25.875 2.32012
0.7 28.125 2.32242
0.7 30.375 2.31515
0.7 32.625 2.33078
0.7 34.875 2.28933
0.7 37.125 2.25999
0.7 39.375 2.31017
0.7 41.625 2.33332
0.7 43.875 2.31292
0.9 1.125 2.01698
0.9 3.375 2.09755
0.9 5.625 2.1077
0.9 7.875 2.09329
0.9 10.125 2.06943
0.9 12.375 2.06935
0.9 14.625 2.04881
0.9 16.875 2.08796
0.9 19.125 2.04696
0.9 21.375 2.08615
0.9 23.625 2.06442
0.9 25.875 2.12651
0.9 28.125 2.12765
0.9 30.375 2.18376
0.9 32.625 2.16641
0.9 34.875 2.17224
0.9 37.125 2.18299
0.9 39.375 2.22271
0.9 41.625 2.19601
0.9 43.875 2.15333
1.1 1.125 1.47727
1.1 3.375 1.61504
1.1 5.625 1.52343
1.1 7.875 1.62744
1.1 10.125 1.67316
1.1 12.375 1.56572
1.1 14.625 1.66917
1.1 16.875 1.74073
1.1 19.125 1.62687
1.1 21.375 1.74948
1.1 23.625 1.78456
1.1 25.875 1.78705
1.1 28.125 1.87194
1.1 30.375 1.87848
1.1 32.625 1.90287
1.1 34.875 1.90699
1.1 37.125 1.96298
1.1 39.375 1.94099
1.1 41.625 1.98805
1.1 43.875 1.99749
1.3 1.125 0.984808
1.3 3.375 0.999732
1.3 5.625 1.01868
1.3 7.875 0.985509
1.3 10.125 1.02007
1.3 12.375 1.00255
1.3 14.625 1.09615
1.3 16.875 1.17329
1.3 19.125 1.05713
1.3 21.375 1.18189
1.3 23.625 1.20459
1.3 25.875 1.38854
1.3 28.125 1.37224
1.3 30.375 1.35199
1.3 32.625 1.47366
1.3 34.875 1.49949
1.3 37.125 1.64804
1.3 39.375 1.72439
1.3 41.625 1.62162
1.3 43.875 1.65561
1.5 1.125 0.505284
1.5 3.375 0.533731
1.5 5.625 0.499397
1.5 7.875 0.579973
1.5 10.125 0.616735
1.5 12.375 0.551671
1.5 14.625 0.600777
1.5 16.875 0.606808
1.5 19.125 0.631122
1.5 21.375 0.660498
1.5 23.625 0.657354
1.5 25.875 0.743658
1.5 28.125 0.852244
1.5 30.375 0.916574
1.5 32.625 0.917043
1.5 34.875 1.02564
1.5 37.125 1.05231
1.5 39.375 1.01958
1.5 41.625 1.22394
1.5 43.875 1.15187
1.7 1.125 0.262732
1.7 3.375 0.285329
1.7 5.625 0.288418
1.7 7.875 0.302714
1.7 10.125 0.331146
1.7 12.375 0.360997
1.7 14.625 0.364313
1.7 16.875 0.308759
1.7 19.125 0.342128
1.7 21.375 0.350467
1.7 23.625 0.402865
1.7 25.875 0.36601
1.7 28.125 0.461432
1.7 30.375 0.419883
1.7 32.625 0.47752
1.7 34.875 0.498353
1.7 37.125 0.566
1.7 39.375 0.575828
1.7 41.625 0.647451
1.7 43.875 0.647649
1.9 1.125 0.168505
1.9 3.375 0.177402
1.9 5.625 0.170388
1.9 7.875 0.17855
1.9 10.125 0.186098
1.9 12.375 0.192945
1.9 14.625 0.196698
1.9 16.875 0.209517
1.9 19.125 0.199128
1.9 21.375 0.211794
1.9 23.625 0.228075
1.9 25.875 0.22413
1.9 28.125 0.242844
1.9 30.375 0.249821
1.9 32.625 0.282791
1.9 34.875 0.280359
1.9 37.125 0.282058
1.9 39.375 0.324016
1.9 41.625 0.3859
1.9 43.875 0.365378
2.1 1.125 0.104249
2.1 3.375 0.109577
2.1 5.625 0.12613
2.1 7.875 0.127483
2.1 10.125 0.118636
2.1 12.375 0.121028
2.1 14.625 0.126742
2.1 16.875 0.126638
2.1 19.125 0.132424
2.1 21.375 0.13755
2.1 23.625 0.135673
2.1 25.875 0.153083
2.1 28.125 0.150195
2.1 30.375 0.166813
2.1 32.625 0.169071
2.1 34.875 0.171467
2.1 37.125 0.198692
2.1 39.375 0.198942
2.1 41.625 0.197422
2.1 43.875 0.222712
2.3 1.125 0.088815
2.3 3.375 0.0839739
2.3 5.625 0.0861649
2.3 7.875 0.0841781
2.3 10.125 0.0870066
2.3 12.375 0.0833491
2.3 14.625 0.0882392
2.3 16.875 0.0943648
2.3 19.125 0.09223
2.3 21.375 0.0940286
2.3 23.625 0.0974726
2.3 25.875 0.107662
2.3 28.125 0.0993902
2.3 30.375 0.111962
2.3 32.625 0.121402
2.3 34.875 0.115518
2.3 37.125 0.125977
2.3 39.375 0.127972
2.3 41.625 0.127548
2.3 43.875 0.130303
2.5 1.125 0.065239
2.5 3.375 0.0635997
2.5 5.625 0.0675149
2.5 7.875 0.0622721
2.5 10.125 0.0651119
2.5 12.375 0.0654968
2.5 14.625 0.0609557
2.5 16.875 0.0603199
2.5 19.125 0.0652605
2.5 21.375 0.0584
2.5 23.625 0.0697106
2.5 25.875 0.0748319
2.5 28.125 0.0822291
2.5 30.375 0.0878051
2.5 32.625 0.077298
2.5 34.875 0.0838405
2.5 37.125 0.0823516
2.5 39.375 0.0854913
2.5 41.625 0.0865865
2.5 43.875 0.0839194
2.7 1.125 0.0467647
2.7 3.375 0.0491147
2.7 5.625 0.0538208
2.7 7.875 0.0508256
2.7 10.125 0.0445806
2.7 12.375 0.0481575
2.7 14.625 0.0461614
2.7 16.875 0.0463359
2.7 19.125 0.050095
2.7 21.375 0.0491607
2.7 23.625 0.055287
2.7 25.875 0.0539417
2.7 28.125 0.057784
2.7 30.375 0.0586789
2.7 32.625 0.0594396
2.7 34.875 0.0596906
2.7 37.125 0.0579158
2.7 39.375 0.0573662
2.7 41.625 0.0592495
2.7 43.875 0.0583488
2.9 1.125 0.0392538
2.9 3.375 0.0378656
2.9 5.625 0.0373549
2.9 7.875 0.0388362
2.9 10.125 0.0364577
2.9 12.375 0.0364378
2.9 14.625 0.0387748
2.9 16.875 0.0415361
2.9 19.125 0.042516
2.9 21.375 0.0415318
2.9 23.625 0.0408001
2.9 25.875 0.0497421
2.9 28.125 0.0437884
2.9 30.375 0.0451583
2.9 32.625 0.045625
2.9 34.875 0.0443483
2.9 37.125 0.045747
2.9 39.375 0.0428012
2.9 41.625 0.0409835
2.9 43.875 0.0407381
3.1 1.125 0.0294403
3.1 3.375 0.0299871
3.1 5.625 0.0337985
3.1 7.875 0.0316881
3.1 10.125 0.0306857
3.1 12.375 0.0320688
3.1 14.625 0.0321026
3.1 16.875 0.0301689
3.1 19.125 0.031669
3.1 21.375 0.0313484
3.1 23.625 0.0353973
3.1 25.875 0.03528
3.1 28.125 0.0334164
3.1 30.375 0.0389775
3.1 32.625 0.0335895
3.1 34.875 0.0351616
3.1 37.125 0.0362064
3.1 39.375 0.0335617
3.1 41.625 0.0348767
3.1 43.875 0.0342962
3.3 1.125 0.0245876
3.3 3.375 0.0258709
3.3 5.625 0.0257772
3.3 7.875 0.0256274
3.3 10.125 0.0249979
3.3 12.375 0.0244812
3.3 14.625 0.0265071
3.3 16.875 0.0270335
3.3 19.125 0.0282973
3.3 21.375 0.0296345
3.3 23.625 0.0302583
3.3 25.875 0.027801
3.3 28.125 0.0277631
3.3 30.375 0.0294858
3.3 32.625 0.0278335
3.3 34.875 0.0306448
3.3 37.125 0.0296466
3.3 39.375 0.0274567
3.3 41.625 0.0278681
3.3 43.875 0.0279959
3.5 1.125 0.0215452
3.5 3.375 0.0214466
3.5 5.625 0.021587
3.5 7.875 0.0214194
3.5 10.125 0.0228443
3.5 12.375 0.0211765
3.5 14.625 0.0216026
3.5 16.875 0.0230885
3.5 19.125 0.022911
3.5 21.375 0.023709
3.5 23.625 0.0224298
3.5 25.875 0.0262094
3.5 28.125 0.022554
3.5 30.375 0.0249328
3.5 32.625 0.0228081
3.5 34.875 0.0240305
3.5 37.125 0.0234459
3.5 39.375 0.0251352
3.5 41.625 0.0244748
3.5 43.875 0.0220388
3.7 1.125 0.0190611
3.7 3.375 0.0192835
3.7 5.625 0.0173124
3.7 7.875 0.0191024
3.7 10.125 0.0185054
3.7 12.375 0.0175569
3.7 14.625 0.0197977
3.7 16.875 0.0198892
3.7 19.125 0.0188361
3.7 21.375 0.0212289
3.7 23.625 0.0211572
3.7 25.875 0.0200514
3.7 28.125 0.0202949
3.7 30.375 0.0198962
3.7 32.625 0.0207699
3.7 34.875 0.0228658
3.7 37.125 0.0212809
3.7 39.375 0.0201667
3.7 41.625 0.0200078
3.7 43.875 0.0216086
3.9 1.125 0.0165222
3.9 3.375 0.0162118
3.9 5.625 0.0151675
3.9 7.875 0.0168792
3.9 10.125 0.0173431
3.9 12.375 0.013869
3.9 14.625 0.016873
3.9 16.875 0.0177426
3.9 19.125 0.0165452
3.9 21.375 0.0163944
3.9 23.625 0.0172709
3.9 25.875 0.0167265
3.9 28.125 0.0167764
3.9 30.375 0.0184195
3.9 32.625 0.0165236
3.9 34.875 0.0174197
3.9 37.125 0.0189945
3.9 39.375 0.0197983
3.9 41.625 0.0184997
3.9 43.875 0.0186459
4.1 1.125 0.0150759
4.1 3.375 0.0156296
4.1 5.625 0.0146379
4.1 7.875 0.0143378
4.1 10.125 0.0140709
4.1 12.375 0.0141514
4.1 14.625 0.0139554
4.1 16.875 0.0129377
4.1 19.125 0.0160892
4.1 21.375 0.0148637
4.1 23.625 0.0156854
4.1 25.875 0.0155346
4.1 28.125 0.0142282
4.1 30.375 0.01492
4.1 32.625 0.0142299
4.1 34.875 0.0161896
4.1 37.125 0.0147995
4.1 39.375 0.0139277
4.1 41.625 0.0162363
4.1 43.875 0.0140598
4.3 1.125 0.013056
4.3 3.375 0.012905
4.3 5.625 0.013049
4.3 7.875 0.0122401
4.3 10.125 0.0128065
4.3 12.375 0.0124679
4.3 14.625 0.0122879
4.3 16.875 0.013444
4.3 19.125 0.0133606
4.3 21.375 0.0151134
4.3 23.625 0.0128753
4.3 25.875 0.0130726
4.3 28.125 0.0144393
4.3 30.375 0.0131421
4.3 32.625 0.0142877
4.3 34.875 0.0140049
4.3 37.125 0.0144196
4.3 39.375 0.0127658
4.3 41.625 0.0129016
4.3 43.875 0.0133201
4.5 1.125 0.0104963
4.5 3.375 0.0114556
4.5 5.625 0.0105558
4.5 7.875 0.0111533
4.5 10.125 0.010364
4.5 12.375 0.0110772
4.5 14.625 0.0115243
4.5 16.875 0.0110458
4.5 19.125 0.0115922
4.5 21.375 0.0131624
4.5 23.625 0.0120657
4.5 25.875 0.0111948
4.5 28.125 0.0119513
4.5 30.375 0.0123137
4.5 32.625 0.0107983
4.5 34.875 0.0111061
4.5 37.125 0.0120809
4.5 39.375 0.011387
4.5 41.625 0.011841
4.5 43.875 0.0129762
4.7 1.125 0.0104036
4.7 3.375 0.00999851
4.7 5.625 0.00998708
4.7 7.875 0.0100681
4.7 10.125 0.0102163
4.7 12.375 0.0101487
4.7 14.625 0.0107405
4.7 16.875 0.0122927
4.7 19.125 0.0101585
4.7 21.375 0.0111582
4.7 23.625 0.0112065
4.7 25.875 0.0104971
4.7 28.125 0.0109468
4.7 30.375 0.0101261
4.7 32.625 0.0112587
4.7 34.875 0.0116966
4.7 37.125 0.010191
4.7 39.375 0.0109062
4.7 41.625 0.0106476
4.7 43.875 0.0115858
4.9 1.125 0.00883851
4.9 3.375 0.00978701
4.9 5.625 0.00941615
4.9 7.875 0.0103506
4.9 10.125 0.00954573
4.9 12.375 0.00919635
4.9 14.625 0.00910319
4.9 16.875 0.00910416
4.9 19.125 0.00922546
4.9 21.375 0.0100563
4.9 23.625 0.00998868
4.9 25.875 0.0107669
4.9 28.125 0.0107958
4.9 30.375 0.00957721
4.9 32.625 0.00983108
4.9 34.875 0.00966825
4.9 37.125 0.0107729
4.9 39.375 0.00970551
4.9 41.625 0.0104648
4.9 43.875 0.0107261
5.1 1.125 0.0089918
5.1 3.375 0.00880256
5.1 5.625 0.00884158
5.1 7.875 0.00868549
5.1 10.125 0.0086054
5.1 12.375 0.00815185
5.1 14.625 0.00964288
5.1 16.875 0.00861489
5.1 19.125 0.00951931
5.1 21.375 0.00886944
5.1 23.625 0.00960233
5.1 25.875 0.00917904
5.1 28.125 0.00902198
5.1 30.375 0.0100529
5.1 32.625 0.0101
5.1 34.875 0.00808149
5.1 37.125 0.00800887
5.1 39.375 0.00960508
5.1 41.625 0.00836114
5.1 43.875 0.00931466
5.3 1.125 0.00771055
5.3 3.375 0.00837242
5.3 5.625 0.00793773
5.3 7.875 0.00861272
5.3 10.125 0.00885045
5.3 12.375 0.00779144
5.3 14.625 0.00853305
5.3 16.875 0.00843723
5.3 19.125 0.00837855
5.3 21.375 0.00852692
5.3 23.625 0.00878574
5.3 25.875 0.00869251
5.3 28.125 0.00800987
5.3 30.375 0.00861123
5.3 32.625 0.00836801
5.3 34.875 0.00778153
5.3 37.125 0.00821325
5.3 39.375 0.00846578
5.3 41.625 0.00847848
5.3 43.875 0.00802878
5.5 1.125 0.00757226
5.5 3.375 0.0071268
5.5 5.625 0.00711665
5.5 7.875 0.00764568
5.5 10.125 0.00761431
5.5 12.375 0.00727497
5.5 14.625 0.00770379
5.5 16.875 0.00771089
5.5 19.125 0.00873684
5.5 21.375 0.00818309
5.5 23.625 0.00797189
5.5 25.875 0.00827754
5.5 28.125 0.00749026
5.5 30.375 0.00751772
5.5 32.625 0.0084622
5.5 34.875 0.00838665
5.5 37.125 0.00790333
5.5 39.375 0.00782084
5.5 41.625 0.0075318
5.5 43.875 0.00785253
5.7 1.125 0.00728102
5.7 3.375 0.00759678
5.7 5.625 0.00726625
5.7 7.875 0.00685004
5.7 10.125 0.00780695
5.7 12.375 0.00780414
5.7 14.625 0.00716927
5.7 16.875 0.00720865
5.7 19.125 0.00805893
5.7 21.375 0.00733437
5.7 23.625 0.00710512
5.7 25.875 0.00884384
5.7 28.125 0.00795826
5.7 30.375 0.00845555
5.7 32.625 0.00841065
5.7 34.875 0.00743197
5.7 37.125 0.00779979
5.7 39.375 0.0068487
5.7 41.625 0.00772755
5.7 43.875 0.00821854
5.9 1.125 0.00679151
5.9 3.375 0.00669255
5.9 5.625 0.00616712
5.9 7.875 0.00689399
5.9 10.125 0.0083606
5.9 12.375 0.00684781
5.9 14.625 0.00752477
5.9 16.875 0.00710216
5.9 19.125 0.00770451
5.9 21.375 0.00759628
5.9 23.625 0.00688806
5.9 25.875 0.00762917
5.9 28.125 0.007451
5.9 30.375 0.00800278
5.9 32.625 0.00708639
5.9 34.875 0.00767575
5.9 37.125 0.00725455
5.9 39.375 0.00718033
5.9 41.625 0.00753874
5.9 43.875 0.00787876
6.1 1.125 0.00661288
6.1 3.375 0.00716326
6.1 5.625 0.00691101
6.1 7.875 0.00575687
6.1 10.125 0.00620864
6.1 12.375 0.00730581
6.1 14.625 0.00672092
6.1 16.875 0.00750164
6.1 19.125 0.00683482
6.1 21.375 0.00721493
6.1 23.625 0.00757266
6.1 25.875 0.00700306
6.1 28.125 0.00737203
6.1 30.375 0.00751957
6.1 32.625 0.00682119
6.1 34.875 0.00738009
6.1 37.125 0.0075092
6.1 39.375 0.00732382
6.1 41.625 0.0068281
6.1 43.875 0.00729834
6.3 1.125 0.00675603
6.3 3.375 0.00672457
6.3 5.625 0.00661049
6.3 7.875 0.00615137
6.3 10.125 0.00631666
6.3 12.375 0.0074154
6.3 14.625 0.00684577
6.3 16.875 0.00659727
6.3 19.125 0.00625978
6.3 21.375 0.00723507
6.3 23.625 0.00662381
6.3 25.875 0.0061872
6.3 28.125 0.00787259
6.3 30.375 0.00652674
6.3 32.625 0.00774393
6.3 34.875 0.00710063
6.3 37.125 0.00564133
6.3 39.375 0.00615943
6.3 41.625 0.00639207
6.3 43.875 0.00681818
6.5 1.125 0.00608863
6.5 3.375 0.0058845
6.5 5.625 0.00642771
6.5 7.875 0.00681046
6.5 10.125 0.00685086
6.5 12.375 0.00620827
6.5 14.625 0.00625932
6.5 16.875 0.0063974
6.5 19.125 0.00569019
6.5 21.375 0.00600976
6.5 23.625 0.00652148
6.5 25.875 0.00612507
6.5 28.125 0.00758851
6.5 30.375 0.00683162
6.5 32.625 0.00681642
6.5 34.875 0.00674041
6.5 37.125 0.00643932
6.5 39.375 0.00741586
6.5 41.625 0.00683691
6.5 43.875 0.00600851
6.7 1.125 0.00665322
6.7 3.375 0.00573093
6.7 5.625 0.00590952
6.7 7.875 0.00636652
6.7 10.125 0.00638821
6.7 12.375 0.00635612
6.7 14.625 0.0070117
6.7 16.875 0.00605523
6.7 19.125 0.00645282
6.7 21.375 0.00656674
6.7 23.625 0.00611598
6.7 25.875 0.00576423
6.7 28.125 0.00818936
6.7 30.375 0.0072609
6.7 32.625 0.00597379
6.7 34.875 0.00702991
6.7 37.125 0.00648571
6.7 39.375 0.00656703
6.7 41.625 0.00591564
6.7 43.875 0.00578376
6.9 1.125 0.00591469
6.9 3.375 0.00590645
6.9 5.625 0.00615202
6.9 7.875 0.00619437
6.9 10.125 0.00659994
6.9 12.375 0.00593573
6.9 14.625 0.00613187
6.9 16.875 0.0064541
6.9 19.125 0.00688465
6.9 21.375 0.00606535
6.9 23.625 0.00668613
6.9 25.875 0.00637608
6.9 28.125 0.00558209
6.9 30.375 0.00575725
6.9 32.625 0.00738072
6.9 34.875 0.00563238
6.9 37.125 0.00585828
6.9 39.375 0.00588882
6.9 41.625 0.00496779
6.9 43.875 0.00581442
7.1 1.125 0.00556414
7.1 3.375 0.00585807
7.1 5.625 0.00498813
7.1 7.875 0.00588175
7.1 10.125 0.00624834
7.1 12.375 0.00784471
7.1 14.625 0.00702821
7.1 16.875 0.00618386
7.1 19.125 0.00613457
7.1 21.375 0.00576221
7.1 23.625 0.00571852
7.1 25.875 0.00534578
7.1 28.125 0.0064523
7.1 30.375 0.00623368
7.1 32.625 0.00627661
7.1 34.875 0.0059933
7.1 37.125 0.00634407
7.1 39.375 0.00499959
7.1 41.625 0.00570595
7.1 43.875 0.00580541
7.3 1.125 0.00570803
7.3 3.375 0.00634405
7.3 5.625 0.00551838
7.3 7.875 0.00487478
7.3 10.125 0.00567089
7.3 12.375 0.00556392
7.3 14.625 0.00621697
7.3 16.875 0.00558368
7.3 19.125 0.00631168
7.3 21.375 0.00636392
7.3 23.625 0.00557272
7.3 25.875 0.00524492
7.3 28.125 0.00652046
7.3 30.375 0.00544588
7.3 32.625 0.00642426
7.3 34.875 0.00596613
7.3 37.125 0.00638497
7.3 39.375 0.00665323
7.3 41.625 0.004972
7.3 43.875 0.00579111
7.5 1.125 0.00581231
7.5 3.375 0.00569166
7.5 5.625 0.0052507
7.5 7.875 0.00706696
7.5 10.125 0.00574059
7.5 12.375 0.0064198
7.5 14.625 0.00574125
7.5 16.875 0.00524127
7.5 19.125 0.0056802
7.5 21.375 0.00504437
7.5 23.625 0.00578506
7.5 25.875 0.00509565
7.5 28.125 0.00585271
7.5 30.375 0.00607644
7.5 32.625 0.00612141
7.5 34.875 0.00599096
7.5 37.125 0.00655487
7.5 39.375 0.0062971
7.5 41.625 0.00630701
7.5 43.875 0.00493364
7.7 1.125 0.00505186
7.7 3.375 0.00546453
7.7 5.625 0.00438622
7.7 7.875 0.00589375
7.7 10.125 0.00548308
7.7 12.375 0.00498742
7.7 14.625 0.00578203
7.7 16.875 0.00573595
7.7 19.125 0.00523208
7.7 21.375 0.00627094
7.7 23.625 0.00587668
7.7 25.875 0.00530122
7.7 28.125 0.00538866
7.7 30.375 0.00490542
7.7 32.625 0.00585183
7.7 34.875 0.00597675
7.7 37.125 0.00548994
7.7 39.375 0.00536477
7.7 41.625 0.00551519
7.7 43.875 0.00531088
7.9 1.125 0.00593471
7.9 3.375 0.00462701
7.9 5.625 0.00528735
7.9 7.875 0.00621339
7.9 10.125 0.00460999
7.9 12.375 0.00580825
7.9 14.625 0.0057067
7.9 16.875 0.00552262
7.9 19.125 0.00533378
7.9 21.375 0.00623348
7.9 23.625 0.00542977
7.9 25.875 0.00587007
7.9 28.125 0.00567122
7.9 30.375 0.00510256
7.9 32.625 0.00563253
7.9 34.875 0.00584695
7.9 37.125 0.00549141
7.9 39.375 0.00605053
7.9 41.625 0.00542793
7.9 43.875 0.004595
8.1 1.125 0.00514423
8.1 3.375 0.00519692
8.1 5.625 0.00514692
8.1 7.875 0.00441421
8.1 10.125 0.00502043
8.1 12.375 0.00484465
8.1 14.625 0.00627742
8.1 16.875 0.00501928
8.1 19.125 0.00494711
8.1 21.375 0.00496665
8.1 23.625 0.00601904
8.1 25.875 0.00549303
8.1 28.125 0.00535971
8.1 30.375 0.0056568
8.1 32.625 0.00518794
8.1 34.875 0.0050484
8.1 37.125 0.00485516
8.1 39.375 0.0060872
8.1 41.625 0.00527088
8.1 43.875 0.00664635
8.3 1.125 0.00507941
8.3 3.375 0.00458442
8.3 5.625 0.00420082
8.3 7.875 0.00522551
8.3 10.125 0.00567888
8.3 12.375 0.00475253
8.3 14.625 0.00542568
8.3 16.875 0.00518372
8.3 19.125 0.0157971
8.3 21.375 0.00601883
8.3 23.625 0.00480843
8.3 25.875 0.00467611
8.3 28.125 0.00566955
8.3 30.375 0.00488544
8.3 32.625 0.00563371
8.3 34.875 0.00503396
8.3 37.125 0.00583484
8.3 39.375 0.00573636
8.3 41.625 0.00534352
8.3 43.875 0.00447618
8.5 1.125 0.00496106
8.5 3.375 0.00484034
8.5 5.625 0.00642938
8.5 7.875 0.00526678
8.5 10.125 0.00509681
8.5 12.375 0.00557371
8.5 14.625 0.00630079
8.5 16.875 0.00547372
8.5 19.125 0.00458664
8.5 21.375 0.00512111
8.5 23.625 0.00466433
8.5 25.875 0.00507296
8.5 28.125 0.00546906
8.5 30.375 0.00533469
8.5 32.625 0.00632064
8.5 34.875 0.00525386
8.5 37.125 0.00539247
8.5 39.375 0.00567952
8.5 41.625 0.00624015
8.5 43.875 0.00631921
8.7 1.125 0.00493267
8.7 3.375 0.00476079
8.7 5.625 0.00456946
8.7 7.875 0.00488647
8.7 10.125 0.00489927
8.7 12.375 0.00484014
8.7 14.625 0.00527943
8.7 16.875 0.00461368
8.7 19.125 0.00618911
8.7 21.375 0.00497553
8.7 23.625 0.00485516
8.7 25.875 0.00488874
8.7 28.125 0.0045341
8.7 30.375 0.00579186
8.7 32.625 0.00587648
8.7 34.875 0.00462079
8.7 37.125 0.00438384
8.7 39.375 0.0063557
8.7 41.625 0.00613348
8.7 43.875 0.00530828
8.9 1.125 0.00630955
8.9 3.375 0.00423944
8.9 5.625 0.00473845
8.9 7.875 0.00416681
8.9 10.125 0.00642343
8.9 12.375 0.00409032
8.9 14.625 0.00592416
8.9 16.875 0.00478255
8.9 19.125 0.00539624
8.9 21.375 0.00448528
8.9 23.625 0.00572303
8.9 25.875 0.00641492
8.9 28.125 0.00540431
8.9 30.375 0.00496227
8.9 32.625 0.00495111
8.9 34.875 0.00507445
8.9 37.125 0.00514553
8.9 39.375 0.00498666
8.9 41.625 0.0047714
8.9 43.875 0.00555356
9.1 1.125 0.00461924
9.1 3.375 0.00484889
9.1 5.625 0.00597511
9.1 7.875 0.00463891
9.1 10.125 0.00450758
9.1 12.375 0.00500284
9.1 14.625 0.00652465
9.1 16.875 0.00536272
9.1 19.125 0.00489611
9.1 21.375 0.00484351
9.1 23.625 0.00643338
9.1 25.875 0.00606186
9.1 28.125 0.00626244
9.1 30.375 0.00527055
9.1 32.625 0.0050626
9.1 34.875 0.00527137
9.1 37.125 0.00579364
9.1 39.375 0.00545318
9.1 41.625 0.00478209
9.1 43.875 0.00437
9.3 1.125 0.00517788
9.3 3.375 0.0056506
9.3 5.625 0.00457131
9.3 7.875 0.00535928
9.3 10.125 0.00687756
9.3 12.375 0.00523199
9.3 14.625 0.00389127
9.3 16.875 0.00460918
9.3 19.125 0.00454615
9.3 21.375 0.00554692
9.3 23.625 0.004964
9.3 25.875 0.00745588
9.3 28.125 0.00527894
9.3 30.375 0.00526185
9.3 32.625 0.00557677
9.3 34.875 0.00503046
9.3 37.125 0.00512915
9.3 39.375 0.00486785
9.3 41.625 0.00506422
9.3 43.875 0.00490021
9.5 1.125 0.004315
9.5 3.375 0.00412981
9.5 5.625 0.00514698
9.5 7.875 0.00516328
9.5 10.125 0.00837798
9.5 12.375 0.00467992
9.5 14.625 0.00441686
9.5 16.875 0.00448921
9.5 19.125 0.00510797
9.5 21.375 0.00571141
9.5 23.625 0.00442901
9.5 25.875 0.00539891
9.5 28.125 0.00432706
9.5 30.375 0.00587702
9.5 32.625 0.0111723
9.5 34.875 0.00553269
9.5 37.125 0.00393063
9.5 39.375 0.00474692
9.5 41.625 0.00480793
9.5 43.875 0.00462161
9.7 1.125 0.00414712
9.7 3.375 0.00563334
9.7 5.625 0.00552237
9.7 7.875 0.00455421
9.7 10.125 0.00453991
9.7 12.375 0.00501076
9.7 14.625 0.00558011
9.7 16.875 0.00735296
9.7 19.125 0.00645926
9.7 21.375 0.00501395
9.7 23.625 0.00591123
9.7 25.875 0.00450656
9.7 28.125 0.00457639
9.7 30.375 0.00609794
9.7 32.625 0.00448478
9.7 34.875 0.00592452
9.7 37.125 0.00384723
9.7 39.375 0.00655399
9.7 41.625 0.00516429
9.7 43.875 0.00578006
9.9 1.125 0.00490264
9.9 3.375 0.00470051
9.9 5.625 0.00588161
9.9 7.875 0.00650108
9.9 10.125 0.00554798
9.9 12.375 0.00592453
9.9 14.625 0.00658344
9.9 16.875 0.0047035
9.9 19.125 0.00517704
9.9 21.375 0.00509975
9.9 23.625 0.0048664
9.9 25.875 0.00414179
9.9 28.125 0.00476443
9.9 30.375 0.0050719
9.9 32.625 0.00497112
9.9 34.875 0.00451379
9.9 37.125 0.00454862
9.9 39.375 0.00542615
9.9 41.625 0.00617736
9.9 43.875 0.00432766
10.1 3.375 0.00741166
10.1 5.625 0.00421959
10.1 7.875 0.00468005
10.1 10.125 0.00406001
10.1 12.375 0.00505202
10.1 14.625 0.00419785
10.1 16.875 0.00344941
10.1 19.125 0.00476013
10.1 21.375 0.0050422
10.1 23.625 0.00499379
10.1 25.875 0.00547512
10.1 28.125 0.00495369
10.1 30.375 0.00462707
10.1 32.625 0.00556525
10.1 34.875 0.00441454
10.1 37.125 0.00563438
10.1 39.375 0.00521148
10.1 41.625 0.00470548
10.1 43.875 0.00493902
10.3 1.125 0.00762683
10.3 3.375 0.0035374
10.3 5.625 0.00501498
10.3 7.875 0.00377529
10.3 10.125 0.00541915
10.3 12.375 0.00770548
10.3 14.625 0.00441306
10.3 16.875 0.00479808
10.3 19.125 0.00417424
10.3 21.375 0.00581477
10.3 23.625 0.00450978
10.3 25.875 0.00653881
10.3 28.125 0.0052302
10.3 30.375 0.00544324
10.3 32.625 0.00799178
10.3 34.875 0.00485296
10.3 37.125 0.00500258
10.3 39.375 0.00484072
10.3 41.625 0.00409892
10.3 43.875 0.00497491
10.5 1.125 0.00394452
10.5 3.375 0.00568266
10.5 5.625 0.00639783
10.5 7.875 0.00561112
10.5 10.125 0.00532051
10.5 12.375 0.00452789
10.5 14.625 0.264656
10.5 16.875 0.00657932
10.5 19.125 0.00414131
10.5 21.375 0.00620192
10.5 23.625 0.00429275
10.5 25.875 0.00587334
10.5 28.125 0.00536276
10.5 30.375 0.00636731
10.5 32.625 0.00349558
10.5 34.875 0.0045976
10.5 37.125 0.00461444
10.5 39.375 0.00593994
10.5 41.625 0.00686367
10.5 43.875 0.00643599
10.7 1.125 0.00483016
10.7 3.375 0.00874987
10.7 5.625 0.00580566
10.7 7.875 0.00588965
10.7 10.125 0.00480253
10.7 12.375 0.00398446
10.7 14.625 0.00468342
10.7 16.875 0.00426319
10.7 19.125 0.00501262
10.7 21.375 0.00569842
10.7 23.625 0.00535841
10.7 25.875 0.00537675
10.7 28.125 0.00470233
10.7 30.375 0.00524112
10.7 32.625 0.00565007
10.7 34.875 0.00485223
10.7 37.125 0.00492396
10.7 39.375 0.00347712
10.7 41.625 0.00370763
10.9 1.125 0.00695448
10.9 3.375 0.00312268
10.9 5.625 0.0057338
10.9 7.875 0.00471135
10.9 10.125 0.00397407
10.9 12.375 0.00491095
10.9 14.625 0.00493782
10.9 16.875 0.00315246
10.9 19.125 0.00490574
10.9 21.375 0.00359756
10.9 23.625 0.00527144
10.9 25.875 0.00469525
10.9 28.125 0.00513055
10.9 30.375 0.00628143
10.9 32.625 0.0065961
10.9 34.875 0.00462091
10.9 37.125 0.00583967
10.9 39.375 0.00403883
10.9 41.625 0.00291982
10.9 43.875 0.00744616
11.1 1.125 0.00429552
11.1 3.375 0.00618236
11.1 7.875 0.00397603
11.1 10.125 0.00364805
11.1 12.375 0.00394163
11.1 14.625 0.00512167
11.1 16.875 0.00557231
11.1 19.125 0.00577832
11.1 21.375 0.00467527
11.1 23.625 0.00653227
11.1 25.875 0.00583452
11.1 28.125 0.00394927
11.1 32.625 0.00368017
11.1 34.875 0.00562907
11.1 37.125 0.0049731
11.1 39.375 0.00561729
11.1 41.625 0.00456453
11.1 43.875 0.00423873
11.3 1.125 0.00423917
11.3 3.375 0.00374537
11.3 5.625 0.00662661
11.3 7.875 0.00506532
11.3 10.125 0.00517341
11.3 12.375 0.00376576
11.3 14.625 0.00388056
11.3 19.125 0.00523762
11.3 21.375 0.00520198
11.3 23.625 0.00769164
11.3 30.375 0.00544471
11.3 32.625 0.0044481
11.3 34.875 0.00470416
11.3 37.125 0.00497583
11.3 41.625 0.00395112
11.3 43.875 0.00520882
11.5 1.125 0.00706672
11.5 3.375 0.00446983
11.5 5.625 0.00323307
11.5 7.875 0.0068854
11.5 12.375 0.00375142
11.5 14.625 0.00442853
11.5 16.875 0.0059967
11.5 19.125 0.00640561
11.5 21.375 0.00645038
11.5 23.625 0.00507322
11.5 25.875 0.00423528
11.5 28.125 0.00444485
11.5 30.375 0.00428522
11.5 32.625 0.0058234
11.5 34.875 0.00464305
11.5 39.375 0.00345336
11.5 43.875 0.00727447
11.7 1.125 0.00413893
11.7 3.375 0.00566667
11.7 16.875 0.00569246
11.7 19.125 0.00976195
11.7 21.375 0.00363081
11.7 23.625 0.00748234
11.7 25.875 0.00448774
11.7 28.125 0.00692944
11.7 30.375 0.00395487
11.7 34.875 0.00366883
11.7 37.125 0.00365125
11.7 39.375 0.00410573
11.7 41.625 0.00779845
11.7 43.875 0.00506418
11.9 3.375 0.00389984
11.9 7.875 0.0045965
11.9 10.125 0.003928
11.9 14.625 0.00402955
11.9 16.875 0.00447351
11.9 23.625 0.00580414
11.9 28.125 0.00682754
11.9 34.875 0.00366971
11.9 37.125 0.00321039
11.9 39.375 0.00504263
11.9 43.875 0.00377174
12.1 7.875 0.00546566
12.1 12.375 0.00493341
12.1 16.875 0.00402341
12.1 19.125 0.00339782
12.1 21.375 0.00361781
12.1 23.625 0.00371677
12.1 25.875 0.00489481
12.1 28.125 0.00498419
12.1 30.375 0.00545704
12.1 32.625 0.00717998
12.1 41.625 0.00783452
12.3 1.125 0.0046674
12.3 12.375 0.00598632
12.3 14.625 0.00515817
12.3 16.875 0.0049969
12.3 21.375 0.00387204
12.3 28.125 0.00613933
12.3 39.375 0.0044736
12.3 41.625 0.00536918
12.5 1.125 0.00356288
12.5 3.375 0.00344517
12.5 7.875 0.00416416
12.5 14.625 0.00586183
12.5 16.875 0.00366756
12.5 19.125 0.00497479
12.5 25.875 0.0147931
12.5 32.625 0.00611635
12.5 39.375 0.00465085
12.5 41.625 0.00619954
12.5 43.875 0.00356268
12.7 1.125 0.00519521
12.7 3.375 0.00417202
12.7 7.875 0.00497448
12.7 12.375 0.00438393
12.7 14.625 0.00383098
12.7 16.875 0.00347999
12.7 21.375 0.00495772
12.7 23.625 0.00478092
12.7 28.125 0.00432107
12.7 32.625 0.00425586
12.7 39.375 0.0061114
12.9 3.375 0.0036133
12.9 7.875 0.00504425
12.9 14.625 0.00347414
12.9 25.875 0.0041671
12.9 30.375 0.00586572
12.9 32.625 0.00445834
12.9 34.875 0.00469926
12.9 37.125 0.00464489
12.9 41.625 0.00446315
13.1 1.125 0.00530118
13.1 3.375 0.00350055
13.1 5.625 0.00412567
13.1 7.875 0.00442171
13.1 10.125 0.00581131
13.1 23.625 0.00417736
13.1 32.625 0.00501534
13.1 41.625 0.00610308
13.1 43.875 0.00434361
13.3 1.125 0.00427101
13.3 5.625 0.00442673
13.3 7.875 0.00447821
13.3 12.375 0.00374773
13.3 14.625 0.00439468
13.3 19.125 0.00517073
13.3 25.875 0.00577575
13.3 28.125 0.00554027
13.3 30.375 0.0046397
13.3 41.625 0.00550247
13.5 34.875 0.00659807
13.5 41.625 0.00578876
13.7 14.625 0.0046497
13.7 19.125 0.00338741
13.7 41.625 0.00475954
13.7 43.875 0.00374317
13.9 28.125 0.00416152
13.9 32.625 0.00404373
