0.1 1.125 0.16529
0.1 3.375 0.165143
0.1 5.625 0.168368
0.1 7.875 0.171307
0.1 10.125 0.1662
0.1 12.375 0.170999
0.1 14.625 0.166191
0.1 16.875 0.162901
0.1 19.125 0.16926
0.1 21.375 0.169631
0.1 23.625 0.169262
0.1 25.875 0.170079
0.1 28.125 0.169029
0.1 30.375 0.166032
0.1 32.625 0.167837
0.1 34.875 0.165978
0.1 37.125 0.168607
0.1 39.375 0.168033
0.1 41.625 0.165999
0.1 43.875 0.168695
0.3 1.125 0.156585
0.3 3.375 0.157758
0.3 5.625 0.160314
0.3 7.875 0.159161
0.3 10.125 0.155055
0.3 12.375 0.156696
0.3 14.625 0.156752
0.3 16.875 0.159324
0.3 19.125 0.160615
0.3 21.375 0.158495
0.3 23.625 0.156551
0.3 25.875 0.157501
0.3 28.125 0.156638
0.3 30.375 0.160817
0.3 32.625 0.159793
0.3 34.875 0.158553
0.3 37.125 0.158429
0.3 39.375 0.15535
0.3 41.625 0.160337
0.3 43.875 0.155762
0.5 1.125 0.144595
0.5 3.375 0.150762
0.5 5.625 0.148554
0.5 7.875 0.147181
0.5 10.125 0.148105
0.5 12.375 0.149154
0.5 14.625 0.144115
0.5 16.875 0.146489
0.5 19.125 0.14967
0.5 21.375 0.14651
0.5 23.625 0.14987
0.5 25.875 0.141893
0.5 28.125 0.142901
0.5 30.375 0.147715
0.5 32.625 0.143411
0.5 34.875 0.143065
0.5 37.125 0.148898
0.5 39.375 0.145021
0.5 41.625 0.141097
0.5 43.875 0.148709
0.7 1.125 0.136739
0.7 3.375 0.13679
0.7 5.625 0.134585
0.7 7.875 0.136818
0.7 10.125 0.135604
0.7 12.375 0.131856
0.7 14.625 0.131586
0.7 16.875 0.137417
0.7 19.125 0.130573
0.7 21.375 0.133225
0.7 23.625 0.136845
0.7 25.875 0.12488
0.7 28.125 0.132548
0.7 30.375 0.134368
0.7 32.625 0.129609
0.7 34.875 0.123829
0.7 37.125 0.131825
0.7 39.375 0.1345
0.7 41.625 0.12388
0.7 43.875 0.135645
0.9 1.125 0.117876
0.9 3.375 0.115386
0.9 5.625 0.114137
0.9 7.875 0.117443
0.9 10.125 0.114376
0.9 12.375 0.115747
0.9 14.625 0.114765
0.9 16.875 0.113238
0.9 19.125 0.118113
0.9 21.375 0.113031
0.9 23.625 0.109202
0.9 25.875 0.112874
0.9 28.125 0.108044
0.9 30.375 0.102052
0.9 32.625 0.111646
0.9 34.875 0.104931
0.9 37.125 0.113284
0.9 39.375 0.112708
0.9 41.625 0.126449
0.9 43.875 0.115993
1.1 1.125 0.094999
1.1 3.375 0.0939296
1.1 5.625 0.0914129
1.1 7.875 0.0976514
1.1 10.125 0.0930349
1.1 12.375 0.0899232
1.1 14.625 0.0916257
1.1 16.875 0.0944339
1.1 19.125 0.0938715
1.1 21.375 0.0908418
1.1 23.625 0.0918125
1.1 25.875 0.0933461
1.1 28.125 0.0874668
1.1 30.375 0.0953258
1.1 32.625 0.0891373
1.1 34.875 0.0782704
1.1 37.125 0.0898839
1.1 39.375 0.105487
1.1 41.625 0.0956047
1.1 43.875 0.100603
1.3 1.125 0.0697701
1.3 3.375 0.0690653
1.3 5.625 0.0695017
1.3 7.875 0.0711113
1.3 10.125 0.0667804
1.3 12.375 0.0718719
1.3 14.625 0.0708051
1.3 16.875 0.0649725
1.3 19.125 0.0666139
1.3 21.375 0.0649463
1.3 23.625 0.0747623
1.3 25.875 0.0612853
1.3 28.125 0.0717966
1.3 30.375 0.0686734
1.3 32.625 0.0686276
1.3 34.875 0.0691131
1.3 37.125 0.0654118
1.3 39.375 0.0781595
1.3 41.625 0.0885087
1.3 43.875 0.0698112
1.5 1.125 0.0474327
1.5 3.375 0.0462252
1.5 5.625 0.0462916
1.5 7.875 0.0456436
1.5 10.125 0.046363
1.5 12.375 0.0521469
1.5 14.625 0.0456723
1.5 16.875 0.0505631
1.5 19.125 0.0503713
1.5 21.375 0.0522822
1.5 23.625 0.0555478
1.5 25.875 0.0583205
1.5 28.125 0.0472883
1.5 30.375 0.04212
1.5 32.625 0.0502899
1.5 34.875 0.0548669
1.5 37.125 0.0540741
1.5 39.375 0.0656867
1.5 41.625 0.0442681
1.5 43.875 0.0702933
1.7 1.125 0.0319057
1.7 3.375 0.0330635
1.7 5.625 0.0318803
1.7 7.875 0.0303098
1.7 10.125 0.0327316
1.7 12.375 0.0296325
1.7 14.625 0.0297509
1.7 16.875 0.0329302
1.7 19.125 0.0358995
1.7 21.375 0.0371491
1.7 23.625 0.0347675
1.7 25.875 0.0286929
1.7 28.125 0.0367088
1.7 30.375 0.0296577
1.7 32.625 0.0288597
1.7 34.875 0.0406206
1.7 37.125 0.0341056
1.7 39.375 0.0583601
1.7 41.625 0.0370399
1.7 43.875 0.0303409
1.9 1.125 0.0201566
1.9 3.375 0.0192629
1.9 5.625 0.0212835
1.9 7.875 0.0191759
1.9 10.125 0.0179843
1.9 12.375 0.0198112
1.9 14.625 0.0184665
1.9 16.875 0.0239084
1.9 19.125 0.0240808
1.9 21.375 0.0244464
1.9 23.625 0.0207386
1.9 25.875 0.0258098
1.9 28.125 0.0229812
1.9 30.375 0.0263129
1.9 32.625 0.0330983
1.9 34.875 0.0327662
1.9 37.125 0.0290003
1.9 39.375 0.0353693
1.9 41.625 0.028472
1.9 43.875 0.0294133
2.1 1.125 0.00962338
2.1 3.375 0.0105706
2.1 5.625 0.0100603
2.1 7.875 0.0116406
2.1 10.125 0.0113053
2.1 12.375 0.0116943
2.1 14.625 0.0118366
2.1 16.875 0.0116198
2.1 19.125 0.0148977
2.1 21.375 0.0134219
2.1 23.625 0.0127228
2.1 25.875 0.0164627
2.1 28.125 0.0223245
2.1 30.375 0.0178736
2.1 32.625 0.0172052
2.1 34.875 0.0248537
2.1 37.125 0.0250632
2.1 39.375 0.0207017
2.1 41.625 0.0224252
2.1 43.875 0.0282162
2.3 1.125 0.00642153
2.3 3.375 0.00654549
2.3 5.625 0.0063974
2.3 7.875 0.00689884
2.3 10.125 0.00771604
2.3 12.375 0.00847377
2.3 14.625 0.00786534
2.3 16.875 0.00729327
2.3 19.125 0.00751508
2.3 21.375 0.00769006
2.3 23.625 0.00887082
2.3 25.875 0.011316
2.3 28.125 0.0111201
2.3 30.375 0.013701
2.3 32.625 0.0136805
2.3 34.875 0.0164047
2.3 37.125 0.0180432
2.3 39.375 0.0178818
2.3 41.625 0.0184802
2.3 43.875 0.0178761
2.5 1.125 0.0041055
2.5 3.375 0.00443066
2.5 5.625 0.00402715
2.5 7.875 0.0042627
2.5 10.125 0.00535847
2.5 12.375 0.00408935
2.5 14.625 0.00495897
2.5 16.875 0.00529134
2.5 19.125 0.00580236
2.5 21.375 0.00539601
2.5 23.625 0.00672809
2.5 25.875 0.00660183
2.5 28.125 0.00761266
2.5 30.375 0.00768236
2.5 32.625 0.00920678
2.5 34.875 0.0101439
2.5 37.125 0.0113971
2.5 39.375 0.0113937
2.5 41.625 0.0123974
2.5 43.875 0.0135724
2.7 1.125 0.00438672
2.7 3.375 0.00423968
2.7 5.625 0.00423824
2.7 7.875 0.00432468
2.7 10.125 0.00592501
2.7 12.375 0.00563806
2.7 14.625 0.00383896
2.7 16.875 0.00439854
2.7 19.125 0.00453382
2.7 21.375 0.00386906
2.7 23.625 0.0044828
2.7 25.875 0.00411873
2.7 28.125 0.00521083
2.7 30.375 0.00526607
2.7 32.625 0.00597739
2.7 34.875 0.00661277
2.7 37.125 0.00674979
2.7 39.375 0.00867717
2.7 41.625 0.00981972
2.7 43.875 0.0107588
2.9 1.125 0.00452709
2.9 3.375 0.00370574
2.9 5.625 0.00404439
2.9 7.875 0.00347783
2.9 10.125 0.00335947
2.9 12.375 0.00447613
2.9 14.625 0.00351708
2.9 16.875 0.00382434
2.9 19.125 0.00785243
2.9 21.375 0.00822288
2.9 23.625 0.00622453
2.9 25.875 0.003554
2.9 28.125 0.00438058
2.9 30.375 0.00404658
2.9 32.625 0.00435211
2.9 34.875 0.00436059
2.9 37.125 0.00516429
2.9 39.375 0.00583139
2.9 41.625 0.006508
2.9 43.875 0.00718498
3.1 1.125 0.00374203
3.1 3.375 0.00470588
3.1 5.625 0.00363752
3.1 7.875 0.00592003
3.1 10.125 0.00573915
3.1 12.375 0.00588626
3.1 14.625 0.00289029
3.1 16.875 0.00331403
3.1 19.125 0.00471425
3.1 21.375 0.00308536
3.1 23.625 0.00533824
3.1 25.875 0.00501874
3.1 28.125 0.00498157
3.1 30.375 0.00470768
3.1 32.625 0.00457818
3.1 34.875 0.00419295
3.1 37.125 0.0040941
3.1 39.375 0.00390052
3.1 41.625 0.00469028
3.1 43.875 0.00549841
3.3 1.125 0.0042444
3.3 3.375 0.00415734
3.3 5.625 0.00374803
3.3 7.875 0.00454517
3.3 10.125 0.00319852
3.3 12.375 0.00344165
3.3 14.625 0.00330575
3.3 16.875 0.00410119
3.3 19.125 0.00405246
3.3 21.375 0.00301898
3.3 23.625 0.0052045
3.3 25.875 0.00637469
3.3 28.125 0.00889852
3.3 30.375 0.00436119
3.3 32.625 0.0036496
3.3 34.875 0.00409914
3.3 37.125 0.00359477
3.3 39.375 0.00377759
3.3 41.625 0.00357247
3.3 43.875 0.00352363
3.5 1.125 0.00427835
3.5 3.375 0.00528434
3.5 5.625 0.00318841
3.5 7.875 0.00361997
3.5 10.125 0.00247607
3.5 12.375 0.00283405
3.5 14.625 0.00334785
3.5 16.875 0.00359803
3.5 19.125 0.00420931
3.5 21.375 0.00440164
3.5 23.625 0.00619107
3.5 25.875 0.00324542
3.5 28.125 0.00415195
3.5 30.375 0.00321791
3.5 32.625 0.00432607
3.5 34.875 0.00359796
3.5 37.125 0.00376616
3.5 39.375 0.0032844
3.5 41.625 0.00329666
3.5 43.875 0.00277998
3.7 1.125 0.00356282
3.7 3.375 0.0035386
3.7 5.625 0.00367313
3.7 7.875 0.00346283
3.7 10.125 0.00308861
3.7 12.375 0.00336781
3.7 14.625 0.00761501
3.7 16.875 0.00325201
3.7 19.125 0.00411391
3.7 21.375 0.00417931
3.7 23.625 0.00877934
3.7 25.875 0.00578932
3.7 28.125 0.00399803
3.7 30.375 0.0046944
3.7 32.625 0.00308673
3.7 34.875 0.00371468
3.7 37.125 0.00358029
3.7 39.375 0.00289465
3.7 41.625 0.00292522
3.7 43.875 0.00299998
3.9 1.125 0.00370208
3.9 3.375 0.00431444
3.9 5.625 0.00393172
3.9 7.875 0.00593549
3.9 10.125 0.00348163
3.9 12.375 0.0036664
3.9 14.625 0.00890648
3.9 16.875 0.00318692
3.9 19.125 0.00291199
3.9 21.375 0.00448663
3.9 23.625 0.00633832
3.9 25.875 0.00420603
3.9 28.125 0.00342448
3.9 30.375 0.00414858
3.9 32.625 0.00388504
3.9 34.875 0.00365045
3.9 37.125 0.00321488
3.9 39.375 0.00277862
3.9 41.625 0.00221729
3.9 43.875 0.00262977
4.1 1.125 0.00402625
4.1 3.375 0.00341903
4.1 5.625 0.00334926
4.1 7.875 0.00548415
4.1 10.125 0.00325332
4.1 12.375 0.00402363
4.1 14.625 0.00423909
4.1 16.875 0.00302641
4.1 19.125 0.00703208
4.1 21.375 0.00305249
4.1 23.625 0.00300312
4.1 25.875 0.00354988
4.1 28.125 0.00343918
4.1 30.375 0.00365704
4.1 32.625 0.00330721
4.1 34.875 0.00305525
4.1 37.125 0.00250286
4.1 39.375 0.00246873
4.1 41.625 0.00253162
4.1 43.875 0.00254736
4.3 1.125 0.00354055
4.3 3.375 0.00314958
4.3 5.625 0.0031786
4.3 7.875 0.00338282
4.3 10.125 0.0081382
4.3 12.375 0.00297843
4.3 14.625 0.00271256
4.3 16.875 0.00331015
4.3 19.125 0.00327369
4.3 21.375 0.00278377
4.3 23.625 0.00603976
4.3 25.875 0.0031275
4.3 28.125 0.00369846
4.3 30.375 0.00348756
4.3 32.625 0.00338364
4.3 34.875 0.00255731
4.3 37.125 0.00316999
4.3 39.375 0.00283681
4.3 41.625 0.00267261
4.3 43.875 0.00283669
4.5 1.125 0.00317484
4.5 3.375 0.00321814
4.5 5.625 0.00293669
4.5 7.875 0.00383253
4.5 10.125 0.00488511
4.5 12.375 0.00314788
4.5 14.625 0.00361101
4.5 16.875 0.00301984
4.5 19.125 0.00413961
4.5 21.375 0.00328498
4.5 23.625 0.00350031
4.5 25.875 0.00387796
4.5 28.125 0.00308846
4.5 30.375 0.00321111
4.5 32.625 0.00272103
4.5 34.875 0.00290846
4.5 37.125 0.0031182
4.5 39.375 0.00277393
4.5 41.625 0.00193714
4.5 43.875 0.00296299
4.7 1.125 0.00303341
4.7 3.375 0.00267811
4.7 5.625 0.00252627
4.7 7.875 0.00259411
4.7 10.125 0.00296779
4.7 12.375 0.00266686
4.7 14.625 0.00328187
4.7 16.875 0.00366158
4.7 19.125 0.00392481
4.7 21.375 0.00322378
4.7 23.625 0.00331902
4.7 25.875 0.00329506
4.7 28.125 0.00333222
4.7 30.375 0.00291488
4.7 32.625 0.00288018
4.7 34.875 0.00269939
4.7 37.125 0.002679
4.7 39.375 0.00222014
4.7 41.625 0.00267483
4.7 43.875 0.00297922
4.9 1.125 0.00303273
4.9 3.375 0.00207908
4.9 5.625 0.00239383
4.9 7.875 0.00221474
4.9 10.125 0.00246862
4.9 12.375 0.00265237
4.9 14.625 0.00295585
4.9 16.875 0.00291019
4.9 19.125 0.0027422
4.9 21.375 0.00313911
4.9 23.625 0.00322635
4.9 25.875 0.00345577
4.9 28.125 0.00285983
4.9 30.375 0.00254827
4.9 32.625 0.00239773
4.9 34.875 0.00354109
4.9 37.125 0.00267647
4.9 39.375 0.00949429
4.9 41.625 0.00284677
4.9 43.875 0.00317535
5.1 1.125 0.00221245
5.1 3.375 0.00212277
5.1 5.625 0.00201988
5.1 7.875 0.0022926
5.1 10.125 0.0020665
5.1 12.375 0.00201377
5.1 14.625 0.00321789
5.1 16.875 0.00268185
5.1 19.125 0.00222114
5.1 21.375 0.00389627
5.1 23.625 0.00289262
5.1 25.875 0.00311068
5.1 28.125 0.00263037
5.1 30.375 0.00279348
5.1 32.625 0.00288185
5.1 34.875 0.00264687
5.1 37.125 0.00317348
5.1 39.375 0.00284176
5.1 41.625 0.00272848
5.1 43.875 0.00191783
5.3 1.125 0.00368359
5.3 3.375 0.00258112
5.3 5.625 0.00287637
5.3 7.875 0.00286541
5.3 10.125 0.00222006
5.3 12.375 0.00164875
5.3 14.625 0.00194309
5.3 16.875 0.00209832
5.3 19.125 0.00204491
5.3 21.375 0.00263603
5.3 23.625 0.00262499
5.3 25.875 0.00283314
5.3 28.125 0.00250174
5.3 30.375 0.00279895
5.3 32.625 0.00300901
5.3 34.875 0.0021328
5.3 37.125 0.00208833
5.3 39.375 0.00280004
5.3 41.625 0.00235372
5.3 43.875 0.00344718
5.5 1.125 0.00287092
5.5 3.375 0.00266588
5.5 5.625 0.00376267
5.5 7.875 0.00177259
5.5 10.125 0.00188799
5.5 12.375 0.00249599
5.5 14.625 0.00264225
5.5 16.875 0.00449223
5.5 19.125 0.00246464
5.5 21.375 0.00354222
5.5 23.625 0.00249918
5.5 25.875 0.00291032
5.5 28.125 0.00240441
5.5 30.375 0.00219702
5.5 32.625 0.00236903
5.5 34.875 0.0026126
5.5 37.125 0.0034638
5.5 39.375 0.0027903
5.5 41.625 0.00201841
5.5 43.875 0.00216103
5.7 1.125 0.00310825
5.7 3.375 0.00207774
5.7 5.625 0.00201806
5.7 7.875 0.00283513
5.7 10.125 0.00313049
5.7 12.375 0.00216793
5.7 14.625 0.00248151
5.7 16.875 0.00226471
5.7 19.125 0.00193058
5.7 21.375 0.0020691
5.7 23.625 0.0022409
5.7 25.875 0.00240646
5.7 28.125 0.0023462
5.7 30.375 0.00223985
5.7 32.625 0.00197292
5.7 34.875 0.00250791
5.7 37.125 0.00252017
5.7 39.375 0.00399983
5.7 41.625 0.00325171
5.7 43.875 0.00558611
5.9 1.125 0.00251078
5.9 3.375 0.00314007
5.9 5.625 0.00175712
5.9 7.875 0.00370004
5.9 10.125 0.00190046
5.9 12.375 0.00268426
5.9 14.625 0.00774537
5.9 16.875 0.00216184
5.9 19.125 0.00236009
5.9 21.375 0.00248821
5.9 23.625 0.00220838
5.9 25.875 0.00220613
5.9 28.125 0.00195895
5.9 30.375 0.00253209
5.9 32.625 0.00307866
5.9 34.875 0.0021763
5.9 37.125 0.00253633
5.9 39.375 0.00258232
5.9 41.625 0.00289663
5.9 43.875 0.00348498
6.1 1.125 0.00274806
6.1 3.375 0.00221475
6.1 5.625 0.00332905
6.1 7.875 0.00170558
6.1 10.125 0.00179151
6.1 12.375 0.00183192
6.1 14.625 0.00264817
6.1 16.875 0.00317178
6.1 19.125 0.00226871
6.1 21.375 0.00272334
6.1 23.625 0.00274497
6.1 25.875 0.00246616
6.1 28.125 0.00158628
6.1 30.375 0.00197488
6.1 32.625 0.00252188
6.1 34.875 0.00291164
6.1 37.125 0.00259987
6.1 39.375 0.00238118
6.1 41.625 0.00277605
6.1 43.875 0.002573
6.3 1.125 0.00247749
6.3 3.375 0.00203918
6.3 5.625 0.00263698
6.3 7.875 0.00245109
6.3 10.125 0.00158485
6.3 12.375 0.00401543
6.3 14.625 0.00193531
6.3 16.875 0.00264761
6.3 19.125 0.00216319
6.3 21.375 0.00219401
6.3 23.625 0.00280292
6.3 25.875 0.00183422
6.3 28.125 0.00233435
6.3 30.375 0.00157767
6.3 32.625 0.00301278
6.3 34.875 0.00218386
6.3 37.125 0.00199611
6.3 39.375 0.00226477
6.3 41.625 0.00270898
6.3 43.875 0.00328777
6.5 1.125 0.00204887
6.5 3.375 0.00184812
6.5 5.625 0.00149602
6.5 7.875 0.00258163
6.5 10.125 0.00159504
6.5 12.375 0.00181943
6.5 14.625 0.00193301
6.5 16.875 0.00212359
6.5 19.125 0.00313158
6.5 21.375 0.00297317
6.5 23.625 0.00279145
6.5 25.875 0.00266406
6.5 28.125 0.00324304
6.5 30.375 0.00305827
6.5 32.625 0.0030186
6.5 34.875 0.00217034
6.5 37.125 0.00211766
6.5 39.375 0.00218208
6.5 41.625 0.00277984
6.5 43.875 0.00235514
6.7 1.125 0.00337395
6.7 3.375 0.00257373
6.7 5.625 0.00279683
6.7 7.875 0.00136832
6.7 10.125 0.00319854
6.7 12.375 0.00386563
6.7 14.625 0.00273627
6.7 16.875 0.00317133
6.7 19.125 0.00325976
6.7 21.375 0.00165329
6.7 23.625 0.00231084
6.7 25.875 0.00361987
6.7 28.125 0.00262713
6.7 30.375 0.00284353
6.7 32.625 0.0026854
6.7 34.875 0.00249642
6.7 37.125 0.00233324
6.7 39.375 0.00273567
6.7 41.625 0.00205406
6.7 43.875 0.00311137
6.9 1.125 0.00268344
6.9 3.375 0.00543131
6.9 5.625 0.00232649
6.9 7.875 0.00342978
6.9 10.125 0.00294546
6.9 12.375 0.00241407
6.9 14.625 0.00424164
6.9 16.875 0.00286833
6.9 19.125 0.00215926
6.9 21.375 0.00304585
6.9 23.625 0.00198167
6.9 25.875 0.00151086
6.9 28.125 0.0021757
6.9 30.375 0.00169618
6.9 32.625 0.0027431
6.9 37.125 0.00234128
6.9 39.375 0.00272264
6.9 41.625 0.00178818
6.9 43.875 0.00226095
7.1 1.125 0.0038064
7.1 3.375 0.00282262
7.1 5.625 0.00213019
7.1 7.875 0.0020397
7.1 10.125 0.00311698
7.1 12.375 0.00227385
7.1 14.625 0.00268688
7.1 16.875 0.00276792
7.1 19.125 0.00338875
7.1 21.375 0.00211004
7.1 23.625 0.00346002
7.1 25.875 0.00142444
7.1 28.125 0.00277444
7.1 30.375 0.00311152
7.1 32.625 0.00171126
7.1 34.875 0.00353173
7.1 37.125 0.00191249
7.1 39.375 0.00202185
7.1 41.625 0.00256373
7.1 43.875 0.00228204
7.3 1.125 0.00212634
7.3 3.375 0.00302246
7.3 5.625 0.00247118
7.3 7.875 0.0019329
7.3 10.125 0.00219764
7.3 12.375 0.00210597
7.3 14.625 0.00235137
7.3 16.875 0.00296463
7.3 19.125 0.00229956
7.3 21.375 0.0019504
7.3 23.625 0.00308834
7.3 25.875 0.00179722
7.3 28.125 0.0013328
7.3 30.375 0.00227369
7.3 32.625 0.00217076
7.3 34.875 0.00322506
7.3 37.125 0.00326564
7.3 39.375 0.00243772
7.3 41.625 0.00170864
7.3 43.875 0.00209802
7.5 1.125 0.00181654
7.5 3.375 0.00212524
7.5 5.625 0.00201145
7.5 7.875 0.00178502
7.5 10.125 0.00597172
7.5 12.375 0.0020838
7.5 14.625 0.00211513
7.5 16.875 0.00278663
7.5 19.125 0.00349387
7.5 21.375 0.0021397
7.5 23.625 0.00343281
7.5 25.875 0.00213209
7.5 28.125 0.00343506
7.5 30.375 0.00268075
7.5 32.625 0.00392125
7.5 34.875 0.00292331
7.5 37.125 0.00271309
7.5 39.375 0.00207164
7.5 41.625 0.00155083
7.5 43.875 0.0021233
7.7 1.125 0.00194499
7.7 3.375 0.00172945
7.7 5.625 0.00212569
7.7 7.875 0.00232602
7.7 10.125 0.00264881
7.7 12.375 0.00392901
7.7 14.625 0.00211158
7.7 16.875 0.00215271
7.7 19.125 0.0018999
7.7 21.375 0.00238962
7.7 23.625 0.0027463
7.7 25.875 0.00297083
7.7 28.125 0.0030092
7.7 30.375 0.00218162
7.7 32.625 0.0042431
7.7 34.875 0.00327187
7.7 37.125 0.00264633
7.7 39.375 0.00386329
7.7 41.625 0.00285387
7.7 43.875 0.00168172
7.9 1.125 0.00194325
7.9 3.375 0.00221651
7.9 5.625 0.00246392
7.9 7.875 0.00175297
7.9 10.125 0.0020024
7.9 12.375 0.00208885
7.9 14.625 0.00202554
7.9 16.875 0.00202567
7.9 19.125 0.00159963
7.9 21.375 0.00215658
7.9 23.625 0.00155929
7.9 25.875 0.00193304
7.9 28.125 0.00272995
7.9 30.375 0.00258251
7.9 32.625 0.0024326
7.9 34.875 0.00281928
7.9 37.125 0.00132091
7.9 39.375 0.00164962
7.9 43.875 0.00158716
8.1 1.125 0.00210494
8.1 3.375 0.00358529
8.1 5.625 0.00212748
8.1 7.875 0.00147147
8.1 10.125 0.00606527
8.1 12.375 0.00246762
8.1 14.625 0.00159221
8.1 16.875 0.00166195
8.1 19.125 0.00146377
8.1 21.375 0.00192187
8.1 23.625 0.00202195
8.1 25.875 0.00122185
8.1 28.125 0.0021661
8.1 30.375 0.00297335
8.1 32.625 0.00276478
8.1 34.875 0.00239243
8.1 37.125 0.00336942
8.1 39.375 0.002025
8.1 41.625 0.00220814
8.1 43.875 0.0016397
8.3 1.125 0.0015408
8.3 3.375 0.00127321
8.3 5.625 0.00308354
8.3 7.875 0.00259898
8.3 10.125 0.00603065
8.3 12.375 0.00251455
8.3 14.625 0.00253017
8.3 16.875 0.00225151
8.3 19.125 0.00137504
8.3 21.375 0.00183564
8.3 23.625 0.00137395
8.3 25.875 0.00224122
8.3 28.125 0.00237907
8.3 30.375 0.00224164
8.3 32.625 0.00257835
8.3 34.875 0.00232766
8.3 37.125 0.00298918
8.3 39.375 0.00200458
8.3 43.875 0.00160273
8.5 1.125 0.00216305
8.5 3.375 0.00183492
8.5 5.625 0.00234387
8.5 7.875 0.00214677
8.5 10.125 0.00160654
8.5 14.625 0.00198262
8.5 16.875 0.00278162
8.5 19.125 0.00183481
8.5 21.375 0.00214828
8.5 23.625 0.0014871
8.5 25.875 0.00160145
8.5 28.125 0.00273309
8.5 30.375 0.00226719
8.5 32.625 0.00345529
8.5 34.875 0.00265259
8.5 37.125 0.00143256
8.5 39.375 0.00156265
8.5 41.625 0.00142678
8.7 1.125 0.00145135
8.7 3.375 0.00175488
8.7 5.625 0.00158495
8.7 7.875 0.00220833
8.7 12.375 0.00414871
8.7 14.625 0.00238317
8.7 16.875 0.00291093
8.7 19.125 0.00176571
8.7 21.375 0.00137502
8.7 23.625 0.00215989
8.7 25.875 0.00194235
8.7 28.125 0.00177949
8.7 30.375 0.00163762
8.7 32.625 0.0022913
8.7 34.875 0.00202821
8.7 37.125 0.00187881
8.7 39.375 0.00168131
8.9 1.125 0.00198612
8.9 3.375 0.00218328
8.9 5.625 0.00513174
8.9 7.875 0.00276017
8.9 10.125 0.00192083
8.9 12.375 0.00178651
8.9 14.625 0.00165179
8.9 16.875 0.00233605
8.9 21.375 0.00138115
8.9 25.875 0.00184985
8.9 28.125 0.00299658
8.9 30.375 0.00198106
8.9 32.625 0.00184798
8.9 34.875 0.0017066
8.9 37.125 0.00358984
8.9 39.375 0.0018083
9.1 1.125 0.00336557
9.1 3.375 0.0022663
9.1 5.625 0.002184
9.1 7.875 0.00149637
9.1 12.375 0.00258023
9.1 14.625 0.00257417
9.1 21.375 0.00172096
9.1 23.625 0.00180387
9.1 28.125 0.00272759
9.1 30.375 0.00221568
9.1 32.625 0.00189554
9.1 34.875 0.0022165
9.1 37.125 0.00218094
9.1 39.375 0.00251038
9.1 41.625 0.00360989
9.3 1.125 0.00221638
9.3 3.375 0.00322379
9.3 5.625 0.00192887
9.3 7.875 0.0027614
9.3 12.375 0.00233873
9.3 14.625 0.00237437
9.3 16.875 0.00290412
9.3 21.375 0.00145102
9.3 30.375 0.00221907
9.3 32.625 0.00196762
9.3 34.875 0.00303681
9.3 37.125 0.00219695
9.3 39.375 0.00139985
9.3 41.625 0.00344731
9.5 1.125 0.00195924
9.5 3.375 0.00185792
9.5 5.625 0.00194901
9.5 7.875 0.00192949
9.5 10.125 0.00142495
9.5 12.375 0.00259314
9.5 14.625 0.00255853
9.5 16.875 0.002493
9.5 28.125 0.00236663
9.5 32.625 0.00155877
9.5 34.875 0.00161281
9.5 37.125 0.00211673
9.5 39.375 0.0025063
9.5 41.625 0.00253763
9.5 43.875 0.00190848
9.7 1.125 0.00150448
9.7 3.375 0.00288875
9.7 5.625 0.00193182
9.7 7.875 0.00247504
9.7 10.125 0.00287108
9.7 12.375 0.00204771
9.7 14.625 0.00242687
9.7 16.875 0.00146732
9.7 19.125 0.00271001
9.7 23.625 0.00194909
9.7 25.875 0.00354244
9.7 28.125 0.00153322
9.7 30.375 0.00218753
9.7 34.875 0.002416
9.7 37.125 0.00200009
9.7 39.375 0.00149637
9.7 41.625 0.0018235
9.7 43.875 0.00269377
9.9 1.125 0.0020045
9.9 3.375 0.00203088
9.9 5.625 0.00226577
9.9 7.875 0.003158
9.9 10.125 0.00296825
9.9 12.375 0.00184341
9.9 14.625 0.00191917
9.9 16.875 0.00194686
9.9 19.125 0.00184367
9.9 21.375 0.00139569
9.9 25.875 0.00158002
9.9 28.125 0.00180141
9.9 30.375 0.00148619
9.9 32.625 0.00133508
9.9 37.125 0.00257783
9.9 39.375 0.00432963
9.9 41.625 0.0014864
9.9 43.875 0.00195138
10.1 1.125 0.00209128
10.1 3.375 0.00194974
10.1 5.625 0.00146031
10.1 7.875 0.00151308
10.1 10.125 0.0017499
10.1 12.375 0.00217626
10.1 14.625 0.00179995
10.1 16.875 0.00203228
10.1 19.125 0.00205321
10.1 21.375 0.00158263
10.1 23.625 0.00328783
10.1 25.875 0.00282245
10.1 28.125 0.0018302
10.1 39.375 0.00169407
10.1 43.875 0.00265579
10.3 1.125 0.00168906
10.3 3.375 0.00154088
10.3 12.375 0.00169192
10.3 14.625 0.00155103
10.3 16.875 0.0023137
10.3 19.125 0.0018805
10.3 21.375 0.0021214
10.3 23.625 0.00268221
10.3 25.875 0.00228326
10.3 30.375 0.00192426
10.3 34.875 0.00208848
10.3 43.875 0.00188222
10.5 1.125 0.00252017
10.5 5.625 0.00154649
10.5 12.375 0.00258709
10.5 14.625 0.00149599
10.5 16.875 0.00199725
10.5 19.125 0.00190797
10.5 21.375 0.0215106
10.5 23.625 0.00142977
10.5 25.875 0.00182504
10.5 28.125 0.00349149
10.5 41.625 0.00519223
10.5 43.875 0.00236851
10.7 12.375 0.0017829
10.7 14.625 0.0021557
10.7 19.125 0.00157307
10.7 23.625 0.00176796
10.7 25.875 0.00218424
10.7 28.125 0.0025987
10.7 32.625 0.00198671
10.7 39.375 0.00231488
10.7 41.625 0.00143296
10.7 43.875 0.00168123
10.9 12.375 0.00166351
10.9 14.625 0.0016676
10.9 19.125 0.00125948
10.9 25.875 0.00209825
10.9 30.375 0.00230878
10.9 41.625 0.00263337
10.9 43.875 0.00216923
11.1 1.125 0.00248877
11.1 3.375 0.00134872
11.1 10.125 0.00132705
11.1 12.375 0.00193008
11.1 21.375 0.0014036
11.1 23.625 0.0033732
11.1 25.875 0.00200364
11.1 30.375 0.00385417
11.1 39.375 0.00309527
11.1 41.625 0.00161781
11.3 1.125 0.00239566
11.3 12.375 0.001988
11.3 23.625 0.00140664
11.3 28.125 0.00116225
11.3 41.625 0.00185506
11.5 1.125 0.00426449
11.5 7.875 0.0014772
11.5 10.125 0.00205799
11.5 30.375 0.00166185
11.5 32.625 0.00192818
11.7 1.125 0.00129445
11.7 3.375 0.00141089
11.7 7.875 0.00200223
11.7 10.125 0.00201456
11.7 23.625 0.00137294
11.7 25.875 0.00204775
11.7 32.625 0.00649051
11.7 37.125 0.00136868
11.9 1.125 0.00123107
11.9 3.375 0.00185381
11.9 5.625 0.00261218
11.9 7.875 0.00155718
11.9 10.125 0.00214846
11.9 12.375 0.00239587
11.9 25.875 0.00155446
11.9 37.125 0.00289733
12.1 1.125 0.0019203
12.1 3.375 0.00113201
12.1 7.875 0.00177652
12.1 10.125 0.0020329
12.1 12.375 0.00335153
12.1 19.125 0.00540782
12.1 34.875 0.00153711
12.1 37.125 0.00124018
12.1 39.375 0.00147135
12.3 1.125 0.00129844
12.3 7.875 0.00179334
12.3 10.125 0.0025595
12.3 19.125 0.00175946
12.3 34.875 0.00119196
12.3 37.125 0.00231071
12.3 39.375 0.00125591
12.5 1.125 0.00212165
12.5 3.375 0.00203677
12.5 7.875 0.00309991
12.5 12.375 0.00168977
12.5 14.625 0.00257337
12.5 16.875 0.0027962
12.5 19.125 0.00227998
12.7 10.125 0.00167994
12.7 12.375 0.00179689
12.9 1.125 0.0020782
12.9 7.875 0.00276791
12.9 10.125 0.00241496
13.1 21.375 0.00198492
13.5 28.125 0.00152696
13.9 1.125 0.00202862
13.9 19.125 0.0014429
