0.1 1.125 0.485815
0.1 3.375 0.485296
0.1 5.625 0.416816
0.1 7.875 0.414868
0.1 10.125 0.463676
0.1 12.375 0.469713
0.1 14.625 0.492996
0.1 16.875 0.490416
0.1 19.125 0.476993
0.1 21.375 0.465721
0.1 23.625 0.496538
0.1 25.875 0.477195
0.1 28.125 0.49926
0.1 30.375 0.458031
0.1 32.625 0.475237
0.1 34.875 0.507913
0.1 37.125 0.502556
0.1 39.375 0.497109
0.1 41.625 0.462917
0.1 43.875 0.492201
0.3 1.125 0.473092
0.3 3.375 0.466407
0.3 5.625 0.475883
0.3 7.875 0.4284
0.3 10.125 0.458576
0.3 12.375 0.483997
0.3 14.625 0.471569
0.3 16.875 0.474485
0.3 19.125 0.444654
0.3 21.375 0.465436
0.3 23.625 0.443045
0.3 25.875 0.471391
0.3 28.125 0.465325
0.3 30.375 0.461125
0.3 32.625 0.463694
0.3 34.875 0.455012
0.3 37.125 0.463113
0.3 39.375 0.471779
0.3 41.625 0.48162
0.3 43.875 0.471739
0.5 1.125 0.459033
0.5 3.375 0.460556
0.5 5.625 0.460963
0.5 7.875 0.397337
0.5 10.125 0.417184
0.5 12.375 0.458582
0.5 14.625 0.447457
0.5 16.875 0.455141
0.5 19.125 0.449135
0.5 21.375 0.432337
0.5 23.625 0.434497
0.5 25.875 0.461031
0.5 28.125 0.432091
0.5 30.375 0.442922
0.5 32.625 0.434794
0.5 34.875 0.402303
0.5 37.125 0.448721
0.5 39.375 0.429067
0.5 41.625 0.416359
0.5 43.875 0.428552
0.7 1.125 0.433411
0.7 3.375 0.423608
0.7 5.625 0.424574
0.7 7.875 0.424223
0.7 10.125 0.427602
0.7 12.375 0.4408
0.7 14.625 0.411181
0.7 16.875 0.412385
0.7 19.125 0.423099
0.7 21.375 0.421894
0.7 23.625 0.400068
0.7 25.875 0.410428
0.7 28.125 0.405999
0.7 30.375 0.384896
0.7 32.625 0.392385
0.7 34.875 0.400917
0.7 37.125 0.400269
0.7 39.375 0.421994
0.7 41.625 0.411766
0.7 43.875 0.408771
0.9 1.125 0.371565
0.9 3.375 0.370351
0.9 5.625 0.371003
0.9 7.875 0.356508
0.9 10.125 0.383342
0.9 12.375 0.359057
0.9 14.625 0.372845
0.9 16.875 0.350303
0.9 19.125 0.357712
0.9 21.375 0.370966
0.9 23.625 0.371075
0.9 25.875 0.336059
0.9 28.125 0.346034
0.9 30.375 0.353342
0.9 32.625 0.362495
0.9 34.875 0.343791
0.9 37.125 0.38189
0.9 39.375 0.352049
0.9 41.625 0.369898
0.9 43.875 0.348431
1.1 1.125 0.264586
1.1 3.375 0.270168
1.1 5.625 0.280234
1.1 7.875 0.270971
1.1 10.125 0.286997
1.1 12.375 0.274269
1.1 14.625 0.275586
1.1 16.875 0.283799
1.1 19.125 0.296486
1.1 21.375 0.261815
1.1 23.625 0.309501
1.1 25.875 0.28311
1.1 28.125 0.280003
1.1 30.375 0.304071
1.1 32.625 0.292847
1.1 34.875 0.298652
1.1 37.125 0.327605
1.1 39.375 0.299617
1.1 41.625 0.293276
1.1 43.875 0.304938
1.3 1.125 0.169912
1.3 3.375 0.160959
1.3 5.625 0.158898
1.3 7.875 0.180084
1.3 10.125 0.176404
1.3 12.375 0.185028
1.3 14.625 0.176326
1.3 16.875 0.194802
1.3 19.125 0.208653
1.3 21.375 0.208476
1.3 23.625 0.208731
1.3 25.875 0.214827
1.3 28.125 0.216679
1.3 30.375 0.21041
1.3 32.625 0.220826
1.3 34.875 0.227768
1.3 37.125 0.224328
1.3 39.375 0.226249
1.3 41.625 0.250943
1.3 43.875 0.249682
1.5 1.125 0.0980275
1.5 3.375 0.0981937
1.5 5.625 0.0890599
1.5 7.875 0.101162
1.5 10.125 0.102875
1.5 12.375 0.113693
1.5 14.625 0.113303
1.5 16.875 0.120042
1.5 19.125 0.123279
1.5 21.375 0.118391
1.5 23.625 0.128978
1.5 25.875 0.122553
1.5 28.125 0.149266
1.5 30.375 0.154458
1.5 32.625 0.166563
1.5 34.875 0.12826
1.5 37.125 0.144526
1.5 39.375 0.141867
1.5 41.625 0.179714
1.5 43.875 0.154329
1.7 1.125 0.0586657
1.7 3.375 0.0541458
1.7 5.625 0.0605972
1.7 7.875 0.0603047
1.7 10.125 0.0651585
1.7 12.375 0.0674208
1.7 14.625 0.0714435
1.7 16.875 0.073834
1.7 19.125 0.0637932
1.7 21.375 0.0769326
1.7 23.625 0.0669943
1.7 25.875 0.0856688
1.7 28.125 0.0835525
1.7 30.375 0.080538
1.7 32.625 0.0922491
1.7 34.875 0.0894225
1.7 37.125 0.101832
1.7 39.375 0.096915
1.7 41.625 0.0946711
1.7 43.875 0.104034
1.9 1.125 0.0347277
1.9 3.375 0.0381105
1.9 5.625 0.0365821
1.9 7.875 0.0418201
1.9 10.125 0.0448361
1.9 12.375 0.0512269
1.9 14.625 0.0437275
1.9 16.875 0.0467586
1.9 19.125 0.0463653
1.9 21.375 0.0573548
1.9 23.625 0.0533548
1.9 25.875 0.0493661
1.9 28.125 0.0567684
1.9 30.375 0.0485827
1.9 32.625 0.0519113
1.9 34.875 0.058782
1.9 37.125 0.0527434
1.9 39.375 0.060217
1.9 41.625 0.0677243
1.9 43.875 0.0618753
2.1 1.125 0.0217449
2.1 3.375 0.0211193
2.1 5.625 0.0257141
2.1 7.875 0.0241174
2.1 10.125 0.0242949
2.1 12.375 0.0244753
2.1 14.625 0.0284783
2.1 16.875 0.0255196
2.1 19.125 0.0319112
2.1 21.375 0.0308918
2.1 23.625 0.0298332
2.1 25.875 0.0336886
2.1 28.125 0.0328075
2.1 30.375 0.0304622
2.1 32.625 0.0379978
2.1 34.875 0.0351058
2.1 37.125 0.0364787
2.1 39.375 0.0420145
2.1 41.625 0.0380172
2.1 43.875 0.0411103
2.3 1.125 0.0151655
2.3 3.375 0.0138964
2.3 5.625 0.0155904
2.3 7.875 0.0148863
2.3 10.125 0.0145765
2.3 12.375 0.0173925
2.3 14.625 0.0180071
2.3 16.875 0.0177285
2.3 19.125 0.0159425
2.3 21.375 0.0171135
2.3 23.625 0.0185363
2.3 25.875 0.0233809
2.3 28.125 0.0212792
2.3 30.375 0.0225364
2.3 32.625 0.0244116
2.3 34.875 0.0244788
2.3 37.125 0.0242172
2.3 39.375 0.0237224
2.3 41.625 0.0257972
2.3 43.875 0.0269134
2.5 1.125 0.0106704
2.5 3.375 0.010323
2.5 5.625 0.0115542
2.5 7.875 0.0114867
2.5 10.125 0.0115059
2.5 12.375 0.0106688
2.5 14.625 0.0106032
2.5 16.875 0.0103091
2.5 19.125 0.0120398
2.5 21.375 0.0128967
2.5 23.625 0.0122114
2.5 25.875 0.0147399
2.5 28.125 0.0160572
2.5 30.375 0.0133696
2.5 32.625 0.0158418
2.5 34.875 0.016303
2.5 37.125 0.0160847
2.5 39.375 0.0170548
2.5 41.625 0.0174324
2.5 43.875 0.0183917
2.7 1.125 0.0118458
2.7 3.375 0.0086358
2.7 5.625 0.0111351
2.7 7.875 0.00936897
2.7 10.125 0.00802641
2.7 12.375 0.00955839
2.7 14.625 0.0107811
2.7 16.875 0.00787764
2.7 19.125 0.00978718
2.7 21.375 0.00947414
2.7 23.625 0.00932316
2.7 25.875 0.0101809
2.7 28.125 0.0097369
2.7 30.375 0.00993744
2.7 32.625 0.0115147
2.7 34.875 0.0119614
2.7 37.125 0.0120001
2.7 39.375 0.0128737
2.7 41.625 0.0118363
2.7 43.875 0.011417
2.9 1.125 0.00723208
2.9 3.375 0.0106121
2.9 5.625 0.0109695
2.9 7.875 0.00858443
2.9 10.125 0.00997469
2.9 12.375 0.00963222
2.9 14.625 0.00626739
2.9 16.875 0.0123835
2.9 19.125 0.00946651
2.9 21.375 0.0102698
2.9 23.625 0.00713314
2.9 25.875 0.00785756
2.9 28.125 0.00946606
2.9 30.375 0.00790726
2.9 32.625 0.00803007
2.9 34.875 0.00801221
2.9 37.125 0.00809786
2.9 39.375 0.00912232
2.9 41.625 0.00934826
2.9 43.875 0.00966585
3.1 1.125 0.00887825
3.1 3.375 0.00777286
3.1 5.625 0.00670743
3.1 7.875 0.00967381
3.1 10.125 0.00857031
3.1 12.375 0.0089002
3.1 14.625 0.00683171
3.1 16.875 0.0108871
3.1 19.125 0.00604367
3.1 21.375 0.00941273
3.1 23.625 0.00658808
3.1 25.875 0.0100091
3.1 28.125 0.00838338
3.1 30.375 0.00700346
3.1 32.625 0.00641734
3.1 34.875 0.00781121
3.1 37.125 0.0072022
3.1 39.375 0.00704794
3.1 41.625 0.00673586
3.1 43.875 0.00733774
3.3 1.125 0.00751689
3.3 3.375 0.00684675
3.3 5.625 0.00696551
3.3 7.875 0.00784239
3.3 10.125 0.00530489
3.3 12.375 0.00551508
3.3 14.625 0.00577149
3.3 16.875 0.0053404
3.3 19.125 0.0113606
3.3 21.375 0.00529335
3.3 23.625 0.00624334
3.3 25.875 0.00834627
3.3 28.125 0.00888986
3.3 30.375 0.00670304
3.3 32.625 0.00659251
3.3 34.875 0.00619351
3.3 37.125 0.00589603
3.3 39.375 0.00641336
3.3 41.625 0.00589017
3.3 43.875 0.0062017
3.5 1.125 0.0068707
3.5 3.375 0.00515857
3.5 5.625 0.00676166
3.5 7.875 0.00741019
3.5 10.125 0.0051326
3.5 12.375 0.00851339
3.5 14.625 0.00786908
3.5 16.875 0.00746289
3.5 19.125 0.0105485
3.5 21.375 0.00540357
3.5 23.625 0.00562912
3.5 25.875 0.00652014
3.5 28.125 0.00574107
3.5 30.375 0.00501561
3.5 32.625 0.00604912
3.5 34.875 0.00488112
3.5 37.125 0.00583342
3.5 39.375 0.00534287
3.5 41.625 0.00514768
3.5 43.875 0.00738891
3.7 1.125 0.0047582
3.7 3.375 0.00464849
3.7 5.625 0.00698975
3.7 7.875 0.00713633
3.7 10.125 0.00470576
3.7 12.375 0.00498931
3.7 14.625 0.00467778
3.7 16.875 0.00723563
3.7 19.125 0.00439117
3.7 21.375 0.00690509
3.7 23.625 0.00511445
3.7 25.875 0.00715353
3.7 28.125 0.00524769
3.7 30.375 0.00487049
3.7 32.625 0.0044801
3.7 34.875 0.00672433
3.7 37.125 0.00445027
3.7 39.375 0.0041525
3.7 41.625 0.00489244
3.7 43.875 0.00484877
3.9 1.125 0.0042549
3.9 3.375 0.00438059
3.9 5.625 0.00411885
3.9 7.875 0.00451064
3.9 10.125 0.00519798
3.9 12.375 0.00484984
3.9 14.625 0.00580831
3.9 16.875 0.00694883
3.9 19.125 0.00413581
3.9 21.375 0.00497722
3.9 23.625 0.0056673
3.9 25.875 0.00500753
3.9 28.125 0.00436652
3.9 30.375 0.00439105
3.9 32.625 0.00432383
3.9 34.875 0.00605549
3.9 37.125 0.0037771
3.9 39.375 0.00371396
3.9 41.625 0.00506756
3.9 43.875 0.00421609
4.1 1.125 0.0038669
4.1 3.375 0.00408338
4.1 5.625 0.00425551
4.1 7.875 0.00416306
4.1 10.125 0.00647855
4.1 12.375 0.00467132
4.1 14.625 0.00448624
4.1 16.875 0.00412444
4.1 19.125 0.00457938
4.1 21.375 0.00567424
4.1 23.625 0.0072833
4.1 25.875 0.00459865
4.1 28.125 0.00514826
4.1 30.375 0.00427156
4.1 32.625 0.00412086
4.1 34.875 0.00437929
4.1 37.125 0.00391945
4.1 39.375 0.00386963
4.1 41.625 0.00433689
4.1 43.875 0.00378534
4.3 1.125 0.00668755
4.3 3.375 0.0048865
4.3 5.625 0.00373066
4.3 7.875 0.00354043
4.3 10.125 0.00383798
4.3 12.375 0.00362
4.3 14.625 0.00395517
4.3 16.875 0.00442832
4.3 19.125 0.00642655
4.3 21.375 0.00545902
4.3 23.625 0.00465039
4.3 25.875 0.00603432
4.3 28.125 0.00379381
4.3 30.375 0.00559221
4.3 32.625 0.00441177
4.3 34.875 0.00326743
4.3 37.125 0.00420534
4.3 39.375 0.00327454
4.3 41.625 0.00620108
4.3 43.875 0.00516724
4.5 1.125 0.00426344
4.5 3.375 0.00388995
4.5 5.625 0.00300073
4.5 7.875 0.00578585
4.5 10.125 0.00630203
4.5 12.375 0.0039234
4.5 14.625 0.00418092
4.5 16.875 0.00360805
4.5 19.125 0.00361843
4.5 21.375 0.00405835
4.5 23.625 0.00371513
4.5 25.875 0.00368393
4.5 28.125 0.00381766
4.5 30.375 0.00359056
4.5 32.625 0.00331695
4.5 34.875 0.00404334
4.5 37.125 0.00373954
4.5 39.375 0.00392682
4.5 41.625 0.0049716
4.5 43.875 0.00376902
4.7 1.125 0.00325594
4.7 3.375 0.00308144
4.7 5.625 0.00392132
4.7 7.875 0.00299107
4.7 10.125 0.00375113
4.7 12.375 0.00335647
4.7 14.625 0.00323556
4.7 16.875 0.00376126
4.7 19.125 0.00400583
4.7 21.375 0.0033769
4.7 23.625 0.0034444
4.7 25.875 0.00422686
4.7 28.125 0.00357349
4.7 30.375 0.00394821
4.7 32.625 0.00308533
4.7 34.875 0.00371304
4.7 37.125 0.00347735
4.7 39.375 0.00364155
4.7 41.625 0.00382551
4.7 43.875 0.00375155
4.9 1.125 0.00307657
4.9 3.375 0.00297584
4.9 5.625 0.00531472
4.9 7.875 0.00439194
4.9 10.125 0.00509178
4.9 12.375 0.00331482
4.9 14.625 0.00353112
4.9 16.875 0.0034273
4.9 19.125 0.00451707
4.9 21.375 0.00362661
4.9 23.625 0.0035228
4.9 25.875 0.00476236
4.9 28.125 0.00364311
4.9 30.375 0.002789
4.9 32.625 0.00337969
4.9 34.875 0.00367356
4.9 37.125 0.00288869
4.9 39.375 0.00316235
4.9 41.625 0.00385622
4.9 43.875 0.00379498
5.1 1.125 0.00336481
5.1 3.375 0.0033669
5.1 5.625 0.0050293
5.1 7.875 0.0032034
5.1 10.125 0.0056321
5.1 12.375 0.00315604
5.1 14.625 0.00291237
5.1 16.875 0.00451468
5.1 19.125 0.00362403
5.1 21.375 0.00306694
5.1 23.625 0.00389421
5.1 25.875 0.00347802
5.1 28.125 0.00292958
5.1 30.375 0.00331557
5.1 32.625 0.00328722
5.1 34.875 0.00432756
5.1 37.125 0.00376495
5.1 39.375 0.00356023
5.1 41.625 0.00315357
5.1 43.875 0.00352043
5.3 1.125 0.00296433
5.3 3.375 0.00277437
5.3 5.625 0.00300619
5.3 7.875 0.00303365
5.3 10.125 0.00310016
5.3 12.375 0.00480013
5.3 14.625 0.00301507
5.3 16.875 0.00356616
5.3 19.125 0.00299703
5.3 21.375 0.00325342
5.3 23.625 0.00319892
5.3 25.875 0.00305565
5.3 28.125 0.00319395
5.3 30.375 0.00286465
5.3 32.625 0.00363775
5.3 34.875 0.00280821
5.3 37.125 0.00348792
5.3 39.375 0.00313435
5.3 41.625 0.00317202
5.3 43.875 0.00271071
5.5 1.125 0.00294385
5.5 3.375 0.00269719
5.5 5.625 0.00560932
5.5 7.875 0.00313496
5.5 10.125 0.00349973
5.5 12.375 0.00703668
5.5 14.625 0.0029224
5.5 16.875 0.00360023
5.5 19.125 0.00331188
5.5 21.375 0.00342583
5.5 23.625 0.0030205
5.5 25.875 0.0038994
5.5 28.125 0.00332196
5.5 30.375 0.00743966
5.5 32.625 0.0030583
5.5 34.875 0.00303526
5.5 37.125 0.00275922
5.5 39.375 0.00280702
5.5 41.625 0.00286766
5.5 43.875 0.00528256
5.7 1.125 0.00691872
5.7 3.375 0.00321759
5.7 5.625 0.00262241
5.7 7.875 0.00289405
5.7 10.125 0.00272928
5.7 12.375 0.00454852
5.7 14.625 0.00260057
5.7 16.875 0.00312687
5.7 19.125 0.00312057
5.7 21.375 0.00301566
5.7 23.625 0.00291058
5.7 25.875 0.00282025
5.7 28.125 0.0036518
5.7 30.375 0.00266075
5.7 32.625 0.00333801
5.7 34.875 0.00274619
5.7 37.125 0.00461166
5.7 39.375 0.0026657
5.7 41.625 0.00285879
5.7 43.875 0.00282657
5.9 1.125 0.00290664
5.9 3.375 0.00335745
5.9 5.625 0.00672338
5.9 7.875 0.00280475
5.9 10.125 0.00287444
5.9 12.375 0.00251257
5.9 14.625 0.00315833
5.9 16.875 0.00237355
5.9 19.125 0.00326415
5.9 21.375 0.00299937
5.9 23.625 0.00272837
5.9 25.875 0.00287751
5.9 28.125 0.00263204
5.9 30.375 0.00259367
5.9 32.625 0.00300634
5.9 34.875 0.00274414
5.9 37.125 0.00289246
5.9 39.375 0.00304431
5.9 41.625 0.00247572
5.9 43.875 0.00282599
6.1 1.125 0.00361368
6.1 3.375 0.0025038
6.1 5.625 0.00319766
6.1 7.875 0.00268747
6.1 10.125 0.00273251
6.1 12.375 0.00291239
6.1 14.625 0.00382108
6.1 16.875 0.00282598
6.1 19.125 0.00279522
6.1 21.375 0.00323214
6.1 23.625 0.00689396
6.1 25.875 0.00289535
6.1 28.125 0.00241266
6.1 30.375 0.00274191
6.1 32.625 0.0034339
6.1 34.875 0.0033661
6.1 37.125 0.00325398
6.1 39.375 0.00287865
6.1 41.625 0.0030854
6.1 43.875 0.00264283
6.3 1.125 0.00298659
6.3 3.375 0.00303698
6.3 5.625 0.00281895
6.3 7.875 0.00273601
6.3 10.125 0.00286503
6.3 12.375 0.0030966
6.3 14.625 0.0046965
6.3 16.875 0.00266011
6.3 19.125 0.00368048
6.3 21.375 0.0061091
6.3 23.625 0.00408043
6.3 25.875 0.00230417
6.3 28.125 0.00249046
6.3 30.375 0.00715746
6.3 32.625 0.00296776
6.3 34.875 0.0025718
6.3 37.125 0.00529292
6.3 39.375 0.00452128
6.3 41.625 0.00313492
6.3 43.875 0.0052649
6.5 1.125 0.00216822
6.5 3.375 0.0026835
6.5 5.625 0.00235107
6.5 7.875 0.0027467
6.5 10.125 0.00234091
6.5 12.375 0.00233443
6.5 14.625 0.00309373
6.5 16.875 0.00664149
6.5 19.125 0.00279941
6.5 21.375 0.00311183
6.5 23.625 0.00214473
6.5 25.875 0.00287174
6.5 28.125 0.00538679
6.5 30.375 0.00916595
6.5 32.625 0.00287551
6.5 34.875 0.00373369
6.5 37.125 0.00258191
6.5 39.375 0.00282233
6.5 41.625 0.00335137
6.5 43.875 0.00302267
6.7 1.125 0.00302882
6.7 3.375 0.00279445
6.7 5.625 0.00226588
6.7 7.875 0.00402159
6.7 10.125 0.00251874
6.7 12.375 0.00271816
6.7 14.625 0.00552705
6.7 16.875 0.00235592
6.7 19.125 0.00332153
6.7 21.375 0.0023566
6.7 23.625 0.00304231
6.7 25.875 0.00240203
6.7 28.125 0.00310974
6.7 30.375 0.00645693
6.7 32.625 0.00293388
6.7 34.875 0.00278502
6.7 37.125 0.00312702
6.7 39.375 0.00217302
6.7 41.625 0.00300706
6.7 43.875 0.00248718
6.9 1.125 0.00262146
6.9 3.375 0.00308603
6.9 5.625 0.00477
6.9 7.875 0.00269653
6.9 10.125 0.00297728
6.9 12.375 0.00328986
6.9 14.625 0.00481104
6.9 16.875 0.0029337
6.9 19.125 0.0026381
6.9 21.375 0.00319294
6.9 23.625 0.00314547
6.9 25.875 0.00289403
6.9 28.125 0.00267085
6.9 30.375 0.00214432
6.9 32.625 0.00335205
6.9 34.875 0.00291108
6.9 37.125 0.00349513
6.9 39.375 0.0026609
6.9 41.625 0.00369298
6.9 43.875 0.00252962
7.1 1.125 0.00623708
7.1 3.375 0.00238712
7.1 5.625 0.00227924
7.1 7.875 0.00244522
7.1 10.125 0.00238736
7.1 12.375 0.00250771
7.1 14.625 0.00349002
7.1 16.875 0.00270857
7.1 19.125 0.00292266
7.1 21.375 0.00224736
7.1 23.625 0.00228123
7.1 25.875 0.00288545
7.1 28.125 0.00233232
7.1 30.375 0.00368894
7.1 32.625 0.0026563
7.1 34.875 0.00293517
7.1 37.125 0.00508167
7.1 39.375 0.00869287
7.1 41.625 0.00250563
7.1 43.875 0.0025205
7.3 1.125 0.00229449
7.3 3.375 0.00254499
7.3 5.625 0.00273447
7.3 7.875 0.00277542
7.3 10.125 0.00635191
7.3 12.375 0.00261373
7.3 14.625 0.00265211
7.3 16.875 0.00282158
7.3 19.125 0.00291198
7.3 21.375 0.00248628
7.3 23.625 0.00257197
7.3 25.875 0.00730929
7.3 28.125 0.00374093
7.3 30.375 0.0026627
7.3 32.625 0.00199556
7.3 34.875 0.00302835
7.3 37.125 0.00291331
7.3 39.375 0.00290873
7.3 41.625 0.00300102
7.3 43.875 0.00284967
7.5 1.125 0.0103706
7.5 3.375 0.00320538
7.5 5.625 0.00502852
7.5 7.875 0.00307875
7.5 10.125 0.00763338
7.5 12.375 0.00294107
7.5 14.625 0.0023939
7.5 16.875 0.00280866
7.5 19.125 0.00257564
7.5 21.375 0.00619813
7.5 23.625 0.0037932
7.5 25.875 0.00276728
7.5 28.125 0.00287832
7.5 30.375 0.00270282
7.5 32.625 0.00326329
7.5 34.875 0.00281853
7.5 37.125 0.00254772
7.5 39.375 0.00374186
7.5 41.625 0.00269904
7.5 43.875 0.00686487
7.7 1.125 0.00260121
7.7 3.375 0.00200709
7.7 5.625 0.0030142
7.7 7.875 0.00236097
7.7 10.125 0.00273143
7.7 12.375 0.00366273
7.7 14.625 0.00199843
7.7 16.875 0.00249384
7.7 19.125 0.00346612
7.7 21.375 0.00276143
7.7 23.625 0.0044289
7.7 25.875 0.00233123
7.7 28.125 0.00240488
7.7 30.375 0.00249682
7.7 32.625 0.00214517
7.7 34.875 0.00217319
7.7 37.125 0.0030318
7.7 39.375 0.00217471
7.7 41.625 0.0033048
7.7 43.875 0.0104102
7.9 1.125 0.00205572
7.9 3.375 0.00281919
7.9 5.625 0.00251163
7.9 7.875 0.00760246
7.9 10.125 0.00230507
7.9 12.375 0.00266645
7.9 14.625 0.00270355
7.9 16.875 0.00294735
7.9 19.125 0.00266239
7.9 21.375 0.00204229
7.9 23.625 0.00269864
7.9 25.875 0.00260815
7.9 28.125 0.00278344
7.9 30.375 0.0038383
7.9 32.625 0.00250575
7.9 34.875 0.00254765
7.9 37.125 0.00199085
7.9 39.375 0.00898693
7.9 41.625 0.00259961
7.9 43.875 0.00259298
8.1 1.125 0.0037061
8.1 3.375 0.00902854
8.1 5.625 0.0023736
8.1 7.875 0.00276681
8.1 10.125 0.00292657
8.1 12.375 0.00337408
8.1 14.625 0.00245725
8.1 16.875 0.00249651
8.1 19.125 0.00270597
8.1 21.375 0.00221013
8.1 23.625 0.00239212
8.1 25.875 0.0024267
8.1 28.125 0.00257054
8.1 30.375 0.00225901
8.1 32.625 0.00311604
8.1 34.875 0.0031493
8.1 37.125 0.00981906
8.1 39.375 0.00278225
8.1 41.625 0.00299072
8.1 43.875 0.00389963
8.3 1.125 0.00279929
8.3 3.375 0.00224565
8.3 5.625 0.00466652
8.3 7.875 0.00200448
8.3 10.125 0.00216419
8.3 12.375 0.00290391
8.3 14.625 0.00213566
8.3 16.875 0.00224742
8.3 19.125 0.00259252
8.3 21.375 0.00378488
8.3 23.625 0.01741
8.3 25.875 0.00294772
8.3 28.125 0.00254974
8.3 30.375 0.00220894
8.3 32.625 0.00314584
8.3 34.875 0.0022535
8.3 37.125 0.0030381
8.3 39.375 0.00323725
8.3 41.625 0.00233584
8.3 43.875 0.00232052
8.5 1.125 0.00561223
8.5 3.375 0.00251649
8.5 5.625 0.00181996
8.5 7.875 0.00244032
8.5 10.125 0.00588181
8.5 12.375 0.00168211
8.5 14.625 0.00593987
8.5 16.875 0.00282283
8.5 19.125 0.00290648
8.5 21.375 0.00790132
8.5 23.625 0.00283584
8.5 25.875 0.00486978
8.5 28.125 0.00323697
8.5 30.375 0.00813713
8.5 32.625 0.00389147
8.5 34.875 0.00267871
8.5 37.125 0.00289168
8.5 39.375 0.00257979
8.5 41.625 0.00259633
8.5 43.875 0.00336054
8.7 1.125 0.00987288
8.7 3.375 0.0106711
8.7 5.625 0.00230997
8.7 7.875 0.00268304
8.7 10.125 0.0134319
8.7 12.375 0.00270321
8.7 14.625 0.00267368
8.7 16.875 0.00259766
8.7 19.125 0.00318139
8.7 21.375 0.0101089
8.7 23.625 0.00219739
8.7 25.875 0.00430568
8.7 28.125 0.01004
8.7 30.375 0.00237554
8.7 32.625 0.00286167
8.7 34.875 0.00222562
8.7 37.125 0.00207642
8.7 39.375 0.00342921
8.7 41.625 0.00193647
8.7 43.875 0.00338782
8.9 1.125 0.00253729
8.9 3.375 0.0141827
8.9 5.625 0.00246689
8.9 7.875 0.00735992
8.9 10.125 0.0034903
8.9 12.375 0.0101111
8.9 14.625 0.00247276
8.9 16.875 0.00305919
8.9 19.125 0.0026692
8.9 21.375 0.00204679
8.9 23.625 0.00302139
8.9 25.875 0.00215105
8.9 28.125 0.00291063
8.9 30.375 0.00292755
8.9 32.625 0.00473342
8.9 34.875 0.00300106
8.9 37.125 0.0027222
8.9 39.375 0.00246538
8.9 41.625 0.00230063
8.9 43.875 0.00459094
9.1 1.125 0.00379832
9.1 3.375 0.00253963
9.1 5.625 0.00257151
9.1 7.875 0.00796623
9.1 10.125 0.00278584
9.1 12.375 0.00777303
9.1 14.625 0.00394811
9.1 16.875 0.00263463
9.1 19.125 0.00255988
9.1 21.375 0.00391034
9.1 23.625 0.00270614
9.1 25.875 0.00538053
9.1 28.125 0.00320132
9.1 30.375 0.00385612
9.1 32.625 0.00298952
9.1 34.875 0.0035001
9.1 37.125 0.00184352
9.1 39.375 0.00189323
9.1 41.625 0.00222931
9.1 43.875 0.00186832
9.3 1.125 0.00319911
9.3 3.375 0.00235397
9.3 5.625 0.00270831
9.3 7.875 0.0107407
9.3 10.125 0.0132197
9.3 12.375 0.0058577
9.3 14.625 0.00845363
9.3 16.875 0.00245633
9.3 19.125 0.00237497
9.3 21.375 0.00338334
9.3 23.625 0.00134725
9.3 25.875 0.0227178
9.3 28.125 0.00229826
9.3 30.375 0.00168063
9.3 32.625 0.00308905
9.3 34.875 0.00142931
9.3 37.125 0.012357
9.3 39.375 0.00356844
9.3 41.625 0.00216176
9.3 43.875 0.00242093
9.5 1.125 0.00243924
9.5 3.375 0.00275687
9.5 5.625 0.00258818
9.5 7.875 0.00211253
9.5 10.125 0.00202951
9.5 12.375 0.00221907
9.5 14.625 0.00248063
9.5 16.875 0.00236909
9.5 19.125 0.00280697
9.5 21.375 0.00271222
9.5 23.625 0.00331118
9.5 25.875 0.00294809
9.5 28.125 0.0023207
9.5 30.375 0.00242594
9.5 32.625 0.00235232
9.5 34.875 0.0126817
9.5 37.125 0.00274682
9.5 39.375 0.00268532
9.5 41.625 0.00287635
9.5 43.875 0.00308326
9.7 1.125 0.00862532
9.7 3.375 0.00279935
9.7 5.625 0.00311798
9.7 7.875 0.00297277
9.7 10.125 0.00283838
9.7 12.375 0.0031344
9.7 14.625 0.00312795
9.7 16.875 0.00236841
9.7 19.125 0.00203063
9.7 21.375 0.00206704
9.7 23.625 0.00377668
9.7 25.875 0.00192215
9.7 28.125 0.00511696
9.7 30.375 0.0201461
9.7 32.625 0.00527271
9.7 34.875 0.00241907
9.7 37.125 0.00385316
9.7 39.375 0.00149116
9.7 41.625 0.00293173
9.7 43.875 0.00821342
9.9 1.125 0.00298469
9.9 3.375 0.00291884
9.9 5.625 0.00346117
9.9 7.875 0.00685941
9.9 10.125 0.0128271
9.9 12.375 0.00520662
9.9 14.625 0.00252046
9.9 16.875 0.00349364
9.9 19.125 0.00346151
9.9 21.375 0.00757871
9.9 23.625 0.00485449
9.9 25.875 0.00357377
9.9 28.125 0.028356
9.9 30.375 0.0071811
9.9 32.625 0.00264828
9.9 34.875 0.00179085
9.9 37.125 0.00286105
9.9 39.375 0.00218318
9.9 41.625 0.00249165
9.9 43.875 0.0028708
10.1 1.125 0.00288597
10.1 3.375 0.00294623
10.1 5.625 0.00384175
10.1 7.875 0.00189519
10.1 10.125 0.00331209
10.1 12.375 0.00306952
10.1 14.625 0.0025012
10.1 16.875 0.0026316
10.1 19.125 0.00189632
10.1 21.375 0.00222353
10.1 23.625 0.00193613
10.1 25.875 0.0033772
10.1 28.125 0.00348426
10.1 30.375 0.00327701
10.1 32.625 0.00360222
10.1 34.875 0.00442151
10.1 37.125 0.00342457
10.1 39.375 0.0166317
10.1 41.625 0.00406994
10.1 43.875 0.00351438
10.3 1.125 0.0126462
10.3 3.375 0.00374388
10.3 5.625 0.0309443
10.3 7.875 0.00315779
10.3 10.125 0.0205286
10.3 12.375 0.00279263
10.3 14.625 0.00363777
10.3 16.875 0.00409757
10.3 19.125 0.0204796
10.3 21.375 0.009094
10.3 23.625 0.00184583
10.3 25.875 0.00203351
10.3 28.125 0.00257334
10.3 30.375 0.00356889
10.3 32.625 0.00897417
10.3 34.875 0.00776736
10.3 39.375 0.00267954
10.3 41.625 0.00416404
10.3 43.875 0.00171721
10.5 1.125 0.0036599
10.5 3.375 0.0025362
10.5 5.625 0.00301479
10.5 7.875 0.00248528
10.5 10.125 0.0031323
10.5 12.375 0.00199106
10.5 14.625 0.00265616
10.5 16.875 0.00182554
10.5 19.125 0.0107227
10.5 21.375 0.00415548
10.5 23.625 0.00275631
10.5 25.875 0.0124523
10.5 28.125 0.00201868
10.5 30.375 0.00274445
10.5 32.625 0.00743591
10.5 34.875 0.00607202
10.5 37.125 0.0087307
10.5 39.375 0.00297472
10.5 41.625 0.00170014
10.5 43.875 0.00190949
10.7 1.125 0.00204412
10.7 3.375 0.00276324
10.7 5.625 0.00549768
10.7 7.875 0.0013005
10.7 10.125 0.0260075
10.7 12.375 0.00224008
10.7 14.625 0.00270762
10.7 16.875 0.00280098
10.7 19.125 0.0103218
10.7 21.375 0.00548088
10.7 23.625 0.00173831
10.7 25.875 0.00262912
10.7 28.125 0.00303595
10.7 30.375 0.00183261
10.7 32.625 0.002818
10.7 34.875 0.00174854
10.7 37.125 0.00326505
10.7 39.375 0.00271305
10.7 41.625 0.0118719
10.7 43.875 0.00104905
10.9 1.125 0.00294896
10.9 3.375 0.0039458
10.9 5.625 0.00305581
10.9 7.875 0.00346485
10.9 10.125 0.00195697
10.9 12.375 0.0120208
10.9 14.625 0.00323055
10.9 16.875 0.0035334
10.9 19.125 0.00387826
10.9 21.375 0.00410048
10.9 23.625 0.0034294
10.9 25.875 0.00258982
10.9 28.125 0.002817
10.9 30.375 0.00273262
10.9 32.625 0.00213045
10.9 34.875 0.00183979
10.9 37.125 0.00880028
10.9 39.375 0.0139628
10.9 41.625 0.00327557
10.9 43.875 0.00135299
11.1 1.125 0.00266006
11.1 3.375 0.0164918
11.1 5.625 0.00322369
11.1 7.875 0.00928072
11.1 10.125 0.00274363
11.1 12.375 0.00371598
11.1 14.625 0.00522262
11.1 16.875 0.00196014
11.1 19.125 0.00344963
11.1 21.375 0.0026499
11.1 23.625 0.00245926
11.1 25.875 0.00323146
11.1 28.125 0.00476029
11.1 30.375 0.00162377
11.1 32.625 0.00357031
11.1 34.875 0.00514105
11.1 37.125 0.00227159
11.1 39.375 0.00354534
11.1 41.625 0.00197158
11.1 43.875 0.00271937
11.3 1.125 0.0020426
11.3 3.375 0.00264068
11.3 5.625 0.00233755
11.3 7.875 0.00257409
11.3 10.125 0.00290285
11.3 12.375 0.00378659
11.3 14.625 0.00267565
11.3 16.875 0.00319119
11.3 19.125 0.00202087
11.3 21.375 0.00392875
11.3 23.625 0.00207771
11.3 25.875 0.00346518
11.3 28.125 0.00186332
11.3 30.375 0.00269693
11.3 32.625 0.00509204
11.3 34.875 0.0017517
11.3 37.125 0.00238086
11.3 39.375 0.00189925
11.3 41.625 0.00159271
11.3 43.875 0.00144288
11.5 1.125 0.00261339
11.5 3.375 0.0031182
11.5 5.625 0.00741463
11.5 7.875 0.0196636
11.5 10.125 0.0019878
11.5 12.375 0.00350741
11.5 14.625 0.00096143
11.5 16.875 0.00206599
11.5 19.125 0.0032432
11.5 21.375 0.00192403
11.5 23.625 0.00182508
11.5 25.875 0.00255767
11.5 28.125 0.00328425
11.5 30.375 0.00283177
11.5 32.625 0.00239625
11.5 37.125 0.00168181
11.5 39.375 0.00954667
11.5 41.625 0.00250464
11.5 43.875 0.00140426
11.7 1.125 0.00385268
11.7 3.375 0.00140021
11.7 5.625 0.0115676
11.7 7.875 0.00261636
11.7 10.125 0.0148721
11.7 12.375 0.00205911
11.7 14.625 0.0193259
11.7 16.875 0.0046412
11.7 19.125 0.00218935
11.7 21.375 0.00242925
11.7 23.625 0.00933676
11.7 25.875 0.0048063
11.7 28.125 0.00274939
11.7 30.375 0.00218643
11.7 32.625 0.00215655
11.7 34.875 0.0428741
11.7 37.125 0.0345763
11.7 39.375 0.0372229
11.7 41.625 0.0087407
11.7 43.875 0.00155883
11.9 1.125 0.0117363
11.9 3.375 0.00202086
11.9 5.625 0.0029915
11.9 7.875 0.00378563
11.9 10.125 0.00752341
11.9 12.375 0.00330626
11.9 14.625 0.00193337
11.9 16.875 0.00360055
11.9 19.125 0.00400965
11.9 21.375 0.0145001
11.9 23.625 0.00158543
11.9 25.875 0.00283699
11.9 28.125 0.00149105
11.9 30.375 0.00157174
11.9 34.875 0.00237507
11.9 37.125 0.00523572
11.9 39.375 0.00200971
11.9 41.625 0.00189722
11.9 43.875 0.00189198
12.1 1.125 0.00197757
12.1 3.375 0.00310007
12.1 5.625 0.00244963
12.1 7.875 0.00359659
12.1 10.125 0.00231562
12.1 12.375 0.00211722
12.1 14.625 0.0068763
12.1 16.875 0.00262194
12.1 19.125 0.00209681
12.1 21.375 0.00332443
12.1 23.625 0.00256364
12.1 25.875 0.00415546
12.1 30.375 0.0015283
12.1 32.625 0.00245035
12.1 34.875 0.00526924
12.1 37.125 0.00206547
12.1 39.375 0.00315891
12.1 43.875 0.00188346
12.3 1.125 0.00445351
12.3 3.375 0.00443272
12.3 5.625 0.00287023
12.3 7.875 0.00223274
12.3 10.125 0.00174745
12.3 12.375 0.00371343
12.3 14.625 0.00230304
12.3 16.875 0.00160581
12.3 19.125 0.00266536
12.3 21.375 0.00177604
12.3 23.625 0.00209432
12.3 25.875 0.00430085
12.3 28.125 0.00867262
12.3 30.375 0.00449121
12.3 34.875 0.00313278
12.3 37.125 0.00351287
12.3 39.375 0.00253568
12.3 41.625 0.00228578
12.3 43.875 0.0859862
12.5 1.125 0.00322536
12.5 3.375 0.00302281
12.5 5.625 0.00294737
12.5 7.875 0.0033448
12.5 10.125 0.00558045
12.5 12.375 0.0019406
12.5 14.625 0.00379728
12.5 16.875 0.00475865
12.5 19.125 0.00425603
12.5 21.375 0.0147335
12.5 23.625 0.00379694
12.5 25.875 0.00166193
12.5 28.125 0.00219219
12.5 30.375 0.0071449
12.5 34.875 0.00809809
12.5 37.125 0.0147721
12.5 39.375 0.00197565
12.5 41.625 0.0020492
12.5 43.875 0.0176074
12.7 1.125 0.00200647
12.7 3.375 0.00203631
12.7 5.625 0.0108373
12.7 7.875 0.00340492
12.7 10.125 0.00273733
12.7 12.375 0.00246434
12.7 14.625 0.00386266
12.7 16.875 0.00234017
12.7 19.125 0.00254922
12.7 21.375 0.00388663
12.7 23.625 0.00282805
12.7 25.875 0.00243703
12.7 30.375 0.00122856
12.7 32.625 0.0048445
12.7 34.875 0.0030159
12.7 37.125 0.00203145
12.7 43.875 0.00214445
12.9 1.125 0.00230078
12.9 3.375 0.00462115
12.9 5.625 0.0346377
12.9 7.875 0.00795604
12.9 10.125 0.0017449
12.9 14.625 0.00148871
12.9 16.875 0.0701696
12.9 19.125 0.00354101
12.9 21.375 0.00459694
12.9 23.625 0.00310114
12.9 25.875 0.00210681
12.9 28.125 0.00132963
12.9 32.625 0.00176001
12.9 37.125 0.00183351
13.1 1.125 0.00217784
13.1 3.375 0.0323976
13.1 5.625 0.00642851
13.1 7.875 0.0304858
13.1 12.375 0.0065805
13.1 14.625 0.00472892
13.1 16.875 0.00283333
13.1 19.125 0.00458522
13.1 21.375 0.00302963
13.1 23.625 0.00733024
13.1 25.875 0.00152505
13.1 28.125 0.0117966
13.1 30.375 0.00103081
13.1 34.875 0.00137587
13.1 39.375 0.00669753
13.3 1.125 0.00310822
13.3 3.375 0.00383659
13.3 5.625 0.00355923
13.3 7.875 0.0117135
13.3 10.125 0.0226601
13.3 12.375 0.00157758
13.3 14.625 0.00241614
13.3 16.875 0.00581291
13.3 19.125 0.00115065
13.3 21.375 0.00440124
13.3 23.625 0.0050747
13.3 25.875 0.0045086
13.3 28.125 0.00161163
13.3 30.375 0.00132787
13.3 39.375 0.00355594
13.3 41.625 0.0408336
13.5 1.125 0.00524275
13.5 3.375 0.00224671
13.5 5.625 0.00325892
13.5 7.875 0.00296835
13.5 10.125 0.00493088
13.5 12.375 0.00205708
13.5 14.625 0.00393326
13.5 16.875 0.00448811
13.5 19.125 0.00198505
13.5 23.625 0.00269715
13.5 28.125 0.0097753
13.5 30.375 0.00548345
13.5 34.875 0.00145696
13.5 37.125 0.00455776
13.5 41.625 0.00227456
13.7 1.125 0.00206216
13.7 3.375 0.00207413
13.7 5.625 0.00432877
13.7 7.875 0.0104874
13.7 10.125 0.00568586
13.7 12.375 0.00236775
13.7 14.625 0.00329246
13.7 19.125 0.0150049
13.7 23.625 0.00431416
13.7 30.375 0.00510915
13.7 32.625 0.0101927
13.7 34.875 0.0021806
13.7 43.875 0.0291261
13.9 1.125 0.00273791
13.9 3.375 0.00670097
13.9 5.625 0.00512811
13.9 7.875 0.00210456
13.9 10.125 0.00219327
13.9 12.375 0.00307328
13.9 14.625 0.00472441
13.9 16.875 0.00666614
13.9 19.125 0.00376923
13.9 21.375 0.0031833
13.9 23.625 0.00234077
13.9 30.375 0.00192123
13.9 32.625 0.00203258
13.9 39.375 0.00567671
13.9 41.625 0.00329111
