4.79132 18.9935 0.00784366
8.03933 38.8394 0.00770225
3.73361 31.7399 0.00361383
2.21883 21.1021 0.0347726
2.68449 35.5717 0.00970038
3.1887 5.71481 0.00633911
0.827539 14.7826 0.452108
1.5668 3.48458 0.109263
2.80188 33.7985 0.0197997
7.24455 40.1378 0.00726407
4.66427 9.81703 0.00460225
5.75742 43.0144 0.00342707
4.95397 37.948 0.00660656
3.47768 25.9989 0.00547254
3.97213 10.6207 0.00432159
1.72809 28.0159 0.115822
1.23382 42.7887 0.341461
5.71889 13.9503 0.00469898
4.18519 21.2139 0.00596874
2.09501 43.217 0.041795
1.58079 32.121 0.139627
5.59796 24.8569 0.00499203
5.79155 27.2419 0.00292173
0.473834 1.30737 0.608356
4.81482 10.7092 0.00264404
1.76047 0.433599 0.0427328
2.84287 33.1561 0.00632113
7.9916 32.2369 0.00690388
12.3591 24.3492 0.01275
2.63144 33.5446 0.0452506
4.77588 20.3681 0.0063896
7.05159 16.573 0.023458
11.6153 14.2352 0.0263418
13.8799 13.945 0.183219
11.2782 3.4638 0.0115678
5.178 17.8356 0.00250288
2.52031 18.2173 0.0084899
4.80269 35.0646 0.0082769
3.14965 1.14057 0.00861391
0.7926 7.64625 0.500563
1.60926 10.2523 0.0893145
2.25603 20.3126 0.0173898
2.49832 39.2973 0.0153917
10.1245 33.0542 0.00839018
4.10474 38.583 0.0112513
2.26272 15.8696 0.0264241
0.787398 14.8274 0.481994
2.71595 19.389 0.0166425
1.49477 7.68756 0.108823
2.89202 27.556 0.0104416
1.91216 10.0873 0.0420425
2.91068 44.3507 0.0113224
0.514295 40.3011 0.575609
2.04235 5.39247 0.0368482
2.64288 7.34698 0.00824351
4.81563 0.891634 0.00880991
3.27348 44.849 0.00657545
2.45377 1.72196 0.0151034
7.05811 0.429867 0.00284326
4.67714 0.392681 0.00419006
2.30641 0.660455 0.0178449
0.175112 24.451 0.49055
2.45258 7.05612 0.00386998
2.06769 1.97274 0.0200707
6.12786 38.4175 0.0487726
11.0022 25.8473 0.00700961
9.73609 41.1684 0.00983176
2.04519 18.4639 0.0394734
2.67952 39.7239 0.0118002
3.0542 8.39615 0.00888424
0.731387 27.4743 0.47159
1.72815 7.11204 0.0828844
2.64805 14.042 0.0143221
6.285 19.1246 0.00365169
2.42158 29.5637 0.0124924
2.49418 27.8828 0.0279056
13.3383 8.07919 0.0207306
1.20911 8.37724 0.237295
1.17103 3.7008 0.220359
4.36704 35.0636 0.0161672
2.69034 26.2538 0.00266514
7.13016 16.7363 0.00462915
4.89717 24.6221 0.00323332
2.91854 44.3757 0.0337655
2.20048 7.50297 0.0202929
4.45966 3.11419 0.00434294
2.09757 6.59426 0.0861447
0.30285 19.175 0.354607
2.64603 1.10943 0.101847
3.24002 40.1446 0.0235779
5.75303 44.8648 0.00394907
4.4114 22.8579 0.00786314
2.42872 44.8044 0.047343
1.9944 19.4228 0.012106
3.64159 33.9813 0.00420465
4.11847 7.7947 0.00382713
1.79576 17.8458 0.0242824
0.768917 30.6236 0.568316
6.15343 19.855 0.00518623
3.26446 31.6885 0.0032885
3.9758 28.8683 0.0172366
2.96625 18.1009 0.0073677
1.07229 25.0057 0.326885
2.24496 31.3031 0.0349203
4.48203 17.7107 0.0043391
1.35474 19.4455 0.209952
2.20075 29.4296 0.0296281
4.36157 11.6463 0.00614895
13.9823 5.13639 0.0167996
3.51074 7.46852 0.0078801
4.95669 44.9045 0.00324221
6.00089 11.6898 0.0120631
3.69899 18.4722 0.0178791
1.69815 41.7445 0.20573
1.84258 41.9486 0.152977
1.50491 41.2211 0.153536
1.51913 35.6802 0.0811325
3.39667 19.3543 0.00232818
3.33178 21.6398 0.0345373
4.58904 38.2975 0.00405083
2.98302 4.10719 0.00675653
3.84357 34.2149 0.0193452
2.64963 13.3619 0.00278698
0.700389 17.5803 0.484836
2.32934 21.9972 0.0232414
4.63693 13.4018 0.00386623
1.58623 7.58618 0.108697
2.55421 32.3302 0.00442548
2.9554 12.7325 0.00602824
6.48949 3.66713 0.00542228
4.11684 5.7914 0.00280752
1.77816 13.8455 0.0663179
0.870838 41.7193 0.470807
3.0973 13.7625 0.00668662
4.48404 23.9757 0.0168585
2.50067 43.5913 0.0245365
1.77866 21.3861 0.0520479
5.49487 12.4639 0.00378052
5.73146 44.4584 0.00830816
5.98751 6.26323 0.00331937
7.25103 24.3626 0.00663227
5.20777 0.526092 0.00596281
2.83854 1.41338 0.0339293
0.461342 5.70406 0.453821
1.91081 5.13391 0.111479
5.68242 23.56 0.0104975
2.22498 11.9411 0.0179526
8.77663 30.1495 0.00666623
3.91389 27.4535 0.00737842
4.32413 15.3351 0.0042132
2.13708 32.5039 0.0555152
1.42329 23.7355 0.273715
3.2713 26.4054 0.0115948
5.70918 4.39785 0.00714162
4.31779 14.9516 0.00425734
2.11406 31.6216 0.0994376
1.11113 30.9452 0.130859
3.03867 15.2232 0.0391794
3.77857 28.5461 0.00767507
9.34388 33.418 0.00343748
4.04309 36.0795 0.00547086
5.87104 36.3904 0.0213891
2.56646 21.9732 0.0271314
2.84968 13.8297 0.00884126
0.830886 28.8286 0.451233
2.7013 28.2743 0.0183769
1.56555 14.7515 0.140153
11.373 34.3027 0.0113502
5.28821 4.35412 0.00471753
2.81679 11.0976 0.0111118
0.712693 33.8817 0.455691
2.1271 21.8177 0.0873693
3.24502 31.5432 0.0285131
1.69338 13.4953 0.0641368
2.44648 36.2395 0.00840901
3.86009 5.95734 0.00305673
13.9979 37.4741 0.00705887
7.1084 24.407 0.00369816
2.43065 24.85 0.0226465
8.13757 0.14351 0.00466026
1.0227 4.62409 0.340181
1.35926 4.06669 0.253754
3.72185 4.21663 0.00965227
2.51773 23.8303 0.0209809
3.91297 12.2557 0.0101655
1.70563 29.062 0.243291
2.27887 42.6366 0.0196194
1.13223 43.1241 0.126722
1.65003 20.842 0.109181
3.20362 28.8963 0.0250737
9.8129 23.8678 0.00512646
4.52669 25.6777 0.00436513
2.6562 39.8709 0.0192473
2.22363 17.2535 0.0210196
6.45227 2.28557 0.0106794
4.08981 4.48599 0.00513596
1.72127 8.10365 0.0638445
0.679869 13.2392 0.540456
4.81602 32.0386 0.00273753
2.47776 15.3643 0.0109912
3.3694 35.6522 0.00368594
4.10749 42.4091 0.009859
4.35985 4.85292 0.00441863
2.01246 12.4639 0.0304901
0.651597 37.8726 0.492848
2.86439 14.8313 0.0153512
5.20602 10.626 0.00420076
4.72617 23.2698 0.0186877
1.76622 13.1697 0.0452718
6.40525 17.8286 0.00697251
3.93274 22.872 0.00764797
1.40739 36.8791 0.363039
2.00752 40.4597 0.0420128
1.40828 36.7242 0.120231
1.79802 31.9108 0.0943456
3.51005 25.8907 0.0197402
8.98398 12.1425 0.00427031
4.40022 23.523 0.00391108
2.04743 20.3717 0.0209541
6.41917 4.10562 0.00504062
1.70942 14.9724 0.0297623
0.798809 26.5075 0.0499137
3.45488 38.1779 0.00615124
2.17248 10.9035 0.0312516
0.603795 23.8977 0.532557
2.69645 14.9706 0.00635095
1.70184 8.21518 0.0605863
3.02636 30.5194 0.00815859
5.98641 2.37234 0.00331561
7.03122 24.149 0.00808535
3.05791 13.0981 0.0033229
4.08025 7.15885 0.00658816
1.7692 19.346 0.141735
0.967424 44.0596 0.369189
2.35083 44.7123 0.0136679
1.71362 24.0177 0.125905
3.33917 23.5164 0.00328675
5.52136 11.4349 0.0033327
4.11752 1.38442 0.00845053
1.77939 3.17265 0.060709
0.504446 11.1368 0.516911
2.76334 13.4642 0.011893
2.72266 2.18823 0.0154484
7.41714 15.4671 0.00318873
3.93538 43.1809 0.0188589
5.68736 28.2386 0.00286691
3.86277 34.9655 0.00943218
5.66954 36.4447 0.00516016
0.675158 13.5881 0.0626396
2.37365 21.2448 0.0333729
4.6859 13.1573 0.348214
7.05611 11.6337 0.00351217
3.01427 33.0654 0.00904414
1.59105 5.6398 0.0249155
2.60517 31.9319 0.0086778
4.71198 14.345 0.00386316
6.95677 6.66738 0.0306512
9.24513 2.78606 0.0794372
3.95828 6.57868 0.00488329
1.63201 16.6916 0.0550846
1.02699 37.6939 0.509226
3.26721 13.9994 0.00519194
2.3591 41.4288 0.0412503
1.80153 26.763 0.0288944
6.70197 42.3028 0.00806713
2.26763 5.21813 0.0159793
0.206233 8.18262 0.583189
2.17534 4.6243 0.0269453
7.66498 17.1921 0.00235897
3.45583 41.8804 0.0165363
8.11332 26.1964 0.00646562
4.74323 27.2629 0.00414512
4.72112 11.998 0.00334739
2.467 23.4671 0.0106861
2.74641 30.105 0.00619599
4.56846 35.0522 0.00625709
0.983751 1.38424 0.243762
1.38312 3.7929 0.156554
3.75433 5.22085 0.0064697
6.1122 5.68534 0.00746461
3.77037 2.00029 0.0176918
2.46634 23.3352 0.0153585
4.19703 26.832 0.00786958
4.45737 32.1548 0.00409391
9.25189 35.7626 0.00555688
2.90336 41.5141 0.0237563
2.29325 11.0175 0.00789103
1.92898 3.38101 0.0269816
0.441867 4.52705 0.58431
2.2965 11.1158 0.0200584
3.46525 35.8405 0.00281669
6.50546 37.5735 0.00271295
4.48615 9.22399 0.00460158
2.19673 19.135 0.0215816
0.7506 16.1191 0.428632
1.64464 3.00462 0.0818918
3.52833 5.27621 0.0124955
2.53012 16.5841 0.00655823
2.82789 35.5681 0.00419677
11.0376 4.86888 0.00289089
3.33656 4.75962 0.0177909
3.30784 22.5306 0.0235381
1.04752 15.4377 0.282226
3.20706 17.7513 0.00689545
9.2813 7.50372 0.0159745
6.95382 10.7564 0.02327
4.66904 17.1589 0.00732785
2.46269 32.0772 0.00518343
1.26931 12.7837 0.182308
6.14059 28.489 0.00384707
9.81908 20.335 0.003224
3.45079 4.57581 0.0107696
5.88096 35.364 0.0049266
4.5737 7.78467 0.0035584
4.191 35.7154 0.0039658
2.72923 39.6408 0.00714194
2.26602 15.9175 0.0230893
1.75234 6.01973 0.0666754
0.632103 9.49157 0.550003
2.40315 15.086 0.0100553
4.13904 11.2442 0.0066942
4.45422 20.3632 0.00472265
1.90069 25.1602 0.0601959
2.40669 40.1689 0.0305615
3.93922 24.07 0.00291201
0.97881 34.2442 0.381171
1.61323 15.4492 0.123804
2.88984 16.125 0.00998999
3.07255 30.2939 0.00432671
4.61688 38.7569 0.0185953
6.18467 35.5772 0.00351213
5.89583 22.42 0.00317287
5.59017 1.39872 0.00625943
3.80061 36.2357 0.0105649
3.20781 2.41237 0.00393838
5.43751 14.5854 0.00294355
2.36663 18.4888 0.0200138
0.900798 8.52479 0.420258
2.69804 22.4218 0.00379666
4.84987 17.8698 0.00314903
2.69595 33.7215 0.0159873
1.362 5.56104 0.156126
3.55902 2.22221 0.01213
6.23279 21.1183 0.00500853
4.09695 33.0896 0.00303441
4.47234 33.9404 0.00394616
2.49762 26.363 0.0223585
1.187 6.13422 0.206329
2.85711 29.126 0.00656603
7.45485 15.3325 0.0128462
2.51549 27.1136 0.0139348
1.08139 6.86342 0.324825
7.1934 2.17667 0.0217711
3.28415 2.16453 0.00335886
9.73316 12.4468 0.0261207
11.9241 7.57599 0.00708606
2.77467 29.9387 0.0073381
3.75208 1.27711 0.0166885
1.38667 4.55008 0.176365
1.02899 15.1847 0.36461
3.3791 7.53367 0.00434433
4.32165 29.7457 0.00327118
2.52688 33.0963 0.0160986
2.19329 26.8876 0.0238678
3.79532 27.9591 0.00583739
5.88986 14.3929 0.00591747
4.5157 17.8594 0.00466277
3.71987 39.3955 0.00333236
2.46318 12.0751 0.011393
7.25279 25.6648 0.00268502
0.527525 13.4731 0.571036
1.87508 9.74811 0.0443918
4.22793 7.00272 0.00476232
7.88798 15.49 0.00591105
5.6944 22.7957 0.00422627
2.17948 13.7572 0.0075326
2.66977 43.9872 0.00467728
4.47526 24.4552 0.00704565
5.70575 42.6992 0.00617478
3.72349 2.47185 0.00721242
8.46545 31.5909 0.00487205
2.54891 29.5811 0.0256459
1.40083 6.53649 0.102602
2.95108 31.4205 0.00416508
4.69455 12.3376 0.00390515
2.43076 24.37 0.00857458
0.882991 10.3273 0.477476
2.62132 15.922 0.0174871
4.8956 5.03869 0.00449894
3.06656 4.28746 0.0230334
2.68246 13.5064 0.00553419
0.781996 17.1344 0.407154
2.30612 22.4852 0.0324291
4.63954 14.4261 0.0028419
3.06684 31.8255 0.0166507
1.51357 8.80041 0.173797
2.52899 32.4886 0.00777614
4.50459 6.71629 0.00266318
2.18458 13.981 0.0238716
2.89786 39.2048 0.0146595
0.553925 17.3194 0.52554
1.83456 1.14502 0.0488598
3.3334 4.95922 0.0121599
2.4406 12.5391 0.00828073
4.58433 6.55516 0.00412487
6.96487 18.2055 0.00180794
2.87155 40.6891 0.0126249
2.37833 12.1816 0.0364892
3.78349 40.9407 0.00361437
4.24161 1.58802 0.00584921
1.87293 3.34755 0.0638686
0.502084 4.4562 0.494108
2.86703 3.93068 0.00240111
3.00626 38.5852 0.00414521
2.25841 12.9689 0.0364643
2.75492 17.0908 0.0114751
3.2243 29.0936 0.00738763
0.873784 22.4548 0.408869
1.65021 18.3491 0.150717
3.98314 10.1684 0.00417977
5.892 19.5098 0.00533923
3.72042 31.3592 0.0085439
2.062 22.9914 0.0500319
4.20819 21.2293 0.00238069
3.80709 11.4232 0.00383412
3.40194 23.5814 0.0138095
1.59042 28.2094 0.110442
2.26768 44.4084 0.0361276
4.35045 24.0696 0.00321113
1.14125 41.053 0.377824
1.75326 22.6052 0.0746562
2.7879 7.15618 0.0107128
0.568623 44.6269 0.349905
2.06024 16.8003 0.0294716
4.39749 10.4788 0.00458226
3.34949 34.2929 0.00888783
1.87099 12.2487 0.0333191
2.56164 39.6918 0.0151309
10.4354 9.32421 0.0115081
8.13176 12.8576 0.106688
5.88097 19.1238 0.00297627
11.0074 20.6097 0.0116236
8.87338 26.7772 0.0296933
5.29836 31.5317 0.0109958
2.24856 10.4121 0.0079055
3.10788 39.2068 0.00605632
2.77636 2.61911 0.0142685
0.410884 10.416 0.578149
1.96707 3.61123 0.0380139
4.32988 4.31347 0.00568214
5.68944 25.0628 0.00369513
2.35007 10.0335 0.00607591
2.88942 42.9654 0.00469226
4.71617 23.8854 0.00454088
