0.1 1.125 1.63189
0.1 3.375 1.67757
0.1 5.625 1.65311
0.1 7.875 1.37516
0.1 10.125 1.45871
0.1 12.375 1.03997
0.1 14.625 0.619934
0.1 16.875 1.38398
0.1 19.125 1.30033
0.1 21.375 1.52651
0.1 23.625 1.3406
0.1 25.875 1.27985
0.1 28.125 1.50233
0.1 30.375 1.42366
0.1 32.625 1.46124
0.1 34.875 1.553
0.1 37.125 1.66506
0.1 39.375 1.54432
0.1 41.625 1.64886
0.1 43.875 1.64341
0.3 1.125 1.63905
0.3 3.375 1.56946
0.3 5.625 1.63258
0.3 7.875 1.57941
0.3 10.125 1.60502
0.3 12.375 1.63095
0.3 14.625 1.63174
0.3 16.875 1.64024
0.3 19.125 1.62315
0.3 21.375 1.63921
0.3 23.625 1.6281
0.3 25.875 1.60937
0.3 28.125 1.63091
0.3 30.375 1.62722
0.3 32.625 1.58284
0.3 34.875 1.6065
0.3 37.125 1.62899
0.3 39.375 1.64166
0.3 41.625 1.56508
0.3 43.875 1.64985
0.5 1.125 1.4879
0.5 3.375 1.49186
0.5 5.625 1.57066
0.5 7.875 1.57741
0.5 10.125 1.57464
0.5 12.375 1.59977
0.5 14.625 1.59418
0.5 16.875 1.58814
0.5 19.125 1.58265
0.5 21.375 1.57491
0.5 23.625 1.58498
0.5 25.875 1.58191
0.5 28.125 1.58696
0.5 30.375 1.60233
0.5 32.625 1.57532
0.5 34.875 1.60324
0.5 37.125 1.59453
0.5 39.375 1.57857
0.5 41.625 1.60463
0.5 43.875 1.58506
0.7 1.125 1.4137
0.7 3.375 1.48598
0.7 5.625 1.52634
0.7 7.875 1.48218
0.7 10.125 1.53359
0.7 12.375 1.53304
0.7 14.625 1.49426
0.7 16.875 1.52616
0.7 19.125 1.51186
0.7 21.375 1.5285
0.7 23.625 1.4958
0.7 25.875 1.53014
0.7 28.125 1.48791
0.7 30.375 1.52725
0.7 32.625 1.52949
0.7 34.875 1.54303
0.7 37.125 1.52854
0.7 39.375 1.49981
0.7 41.625 1.51557
0.7 43.875 1.5189
0.9 1.125 1.3188
0.9 3.375 1.36103
0.9 5.625 1.35473
0.9 7.875 1.36389
0.9 10.125 1.35879
0.9 12.375 1.36953
0.9 14.625 1.36327
0.9 16.875 1.35604
0.9 19.125 1.34704
0.9 21.375 1.38297
0.9 23.625 1.37794
0.9 25.875 1.39588
0.9 28.125 1.41011
0.9 30.375 1.39745
0.9 32.625 1.40119
0.9 34.875 1.45676
0.9 37.125 1.41359
0.9 39.375 1.4387
0.9 41.625 1.42335
0.9 43.875 1.41323
1.1 1.125 1.00834
1.1 3.375 1.06556
1.1 5.625 1.04376
1.1 7.875 1.02187
1.1 10.125 1.06
1.1 12.375 1.13666
1.1 14.625 1.06011
1.1 16.875 1.06296
1.1 19.125 1.10847
1.1 21.375 1.15143
1.1 23.625 1.17906
1.1 25.875 1.16545
1.1 28.125 1.21465
1.1 30.375 1.21671
1.1 32.625 1.22251
1.1 34.875 1.24681
1.1 37.125 1.32104
1.1 39.375 1.26056
1.1 41.625 1.2912
1.1 43.875 1.26316
1.3 1.125 0.608021
1.3 3.375 0.60603
1.3 5.625 0.609853
1.3 7.875 0.656169
1.3 10.125 0.636185
1.3 12.375 0.632533
1.3 14.625 0.709547
1.3 16.875 0.70964
1.3 19.125 0.772544
1.3 21.375 0.756967
1.3 23.625 0.815894
1.3 25.875 0.835888
1.3 28.125 0.887223
1.3 30.375 0.875997
1.3 32.625 0.985354
1.3 34.875 0.982313
1.3 37.125 1.041
1.3 39.375 1.06579
1.3 41.625 1.05422
1.3 43.875 1.07069
1.5 1.125 0.297686
1.5 3.375 0.337666
1.5 5.625 0.354908
1.5 7.875 0.358887
1.5 10.125 0.370606
1.5 12.375 0.381566
1.5 14.625 0.393412
1.5 16.875 0.425001
1.5 19.125 0.467829
1.5 21.375 0.432407
1.5 23.625 0.472355
1.5 25.875 0.472413
1.5 28.125 0.492467
1.5 30.375 0.567274
1.5 32.625 0.601149
1.5 34.875 0.657108
1.5 37.125 0.650967
1.5 39.375 0.754508
1.5 41.625 0.748913
1.5 43.875 0.766443
1.7 1.125 0.175563
1.7 3.375 0.187938
1.7 5.625 0.200111
1.7 7.875 0.197837
1.7 10.125 0.218604
1.7 12.375 0.208869
1.7 14.625 0.228555
1.7 16.875 0.220631
1.7 19.125 0.232566
1.7 21.375 0.23963
1.7 23.625 0.235546
1.7 25.875 0.269118
1.7 28.125 0.279005
1.7 30.375 0.298117
1.7 32.625 0.319889
1.7 34.875 0.338295
1.7 37.125 0.35804
1.7 39.375 0.384754
1.7 41.625 0.391782
1.7 43.875 0.436573
1.9 1.125 0.115886
1.9 3.375 0.115945
1.9 5.625 0.119371
1.9 7.875 0.126377
1.9 10.125 0.119522
1.9 12.375 0.127475
1.9 14.625 0.131598
1.9 16.875 0.134192
1.9 19.125 0.143085
1.9 21.375 0.143743
1.9 23.625 0.147877
1.9 25.875 0.152922
1.9 28.125 0.15361
1.9 30.375 0.176678
1.9 32.625 0.173598
1.9 34.875 0.193995
1.9 37.125 0.207391
1.9 39.375 0.219581
1.9 41.625 0.218086
1.9 43.875 0.229749
2.1 1.125 0.0744671
2.1 3.375 0.0751843
2.1 5.625 0.0794189
2.1 7.875 0.0811299
2.1 10.125 0.0787403
2.1 12.375 0.0846964
2.1 14.625 0.0855969
2.1 16.875 0.0900603
2.1 19.125 0.0875255
2.1 21.375 0.093085
2.1 23.625 0.100023
2.1 25.875 0.100607
2.1 28.125 0.102114
2.1 30.375 0.111394
2.1 32.625 0.117836
2.1 34.875 0.119384
2.1 37.125 0.125022
2.1 39.375 0.130275
2.1 41.625 0.127882
2.1 43.875 0.135905
2.3 1.125 0.0530893
2.3 3.375 0.0569693
2.3 5.625 0.0530193
2.3 7.875 0.0566826
2.3 10.125 0.056365
2.3 12.375 0.0571245
2.3 14.625 0.0550542
2.3 16.875 0.0635682
2.3 19.125 0.0603018
2.3 21.375 0.0639524
2.3 23.625 0.0645928
2.3 25.875 0.065747
2.3 28.125 0.0721791
2.3 30.375 0.0725884
2.3 32.625 0.0736169
2.3 34.875 0.0826624
2.3 37.125 0.0784354
2.3 39.375 0.0823082
2.3 41.625 0.0867022
2.3 43.875 0.0865379
2.5 1.125 0.0392067
2.5 3.375 0.0370259
2.5 5.625 0.0396109
2.5 7.875 0.040331
2.5 10.125 0.039004
2.5 12.375 0.0376748
2.5 14.625 0.0397469
2.5 16.875 0.0392956
2.5 19.125 0.0433812
2.5 21.375 0.0427766
2.5 23.625 0.0454608
2.5 25.875 0.0480265
2.5 28.125 0.0483552
2.5 30.375 0.0553163
2.5 32.625 0.0546554
2.5 34.875 0.0566079
2.5 37.125 0.0546591
2.5 39.375 0.0529875
2.5 41.625 0.0556715
2.5 43.875 0.0569541
2.7 1.125 0.0319274
2.7 3.375 0.0298064
2.7 5.625 0.0313886
2.7 7.875 0.0291202
2.7 10.125 0.0300693
2.7 12.375 0.0292754
2.7 14.625 0.0295234
2.7 16.875 0.0288247
2.7 19.125 0.0305969
2.7 21.375 0.0301799
2.7 23.625 0.0326437
2.7 25.875 0.0327444
2.7 28.125 0.0360246
2.7 30.375 0.0357771
2.7 32.625 0.0380205
2.7 34.875 0.0369362
2.7 37.125 0.0362563
2.7 39.375 0.0378407
2.7 41.625 0.0369218
2.7 43.875 0.0373303
2.9 1.125 0.0228954
2.9 3.375 0.0219655
2.9 5.625 0.0227421
2.9 7.875 0.0228995
2.9 10.125 0.0231007
2.9 12.375 0.0245691
2.9 14.625 0.0225105
2.9 16.875 0.0242778
2.9 19.125 0.0244051
2.9 21.375 0.0253713
2.9 23.625 0.0274454
2.9 25.875 0.0289443
2.9 28.125 0.0297548
2.9 30.375 0.0283206
2.9 32.625 0.0276074
2.9 34.875 0.0272924
2.9 37.125 0.0286318
2.9 39.375 0.0281563
2.9 41.625 0.0272619
2.9 43.875 0.0285317
3.1 1.125 0.0189293
3.1 3.375 0.0198789
3.1 5.625 0.0187736
3.1 7.875 0.0182354
3.1 10.125 0.0185676
3.1 12.375 0.0185022
3.1 14.625 0.0196989
3.1 16.875 0.0192888
3.1 19.125 0.0200869
3.1 21.375 0.0204157
3.1 23.625 0.0207362
3.1 25.875 0.0227808
3.1 28.125 0.0230024
3.1 30.375 0.021678
3.1 32.625 0.0234474
3.1 34.875 0.0221989
3.1 37.125 0.0215095
3.1 39.375 0.0219259
3.1 41.625 0.0222449
3.1 43.875 0.0218696
3.3 1.125 0.0163577
3.3 3.375 0.0157552
3.3 5.625 0.0152126
3.3 7.875 0.0161117
3.3 10.125 0.0159751
3.3 12.375 0.015624
3.3 14.625 0.0153619
3.3 16.875 0.0157438
3.3 19.125 0.015998
3.3 21.375 0.0173165
3.3 23.625 0.0165273
3.3 25.875 0.0191375
3.3 28.125 0.0186068
3.3 30.375 0.0186306
3.3 32.625 0.0181513
3.3 34.875 0.0188463
3.3 37.125 0.0172413
3.3 39.375 0.0181938
3.3 41.625 0.0178965
3.3 43.875 0.0182356
3.5 1.125 0.0132076
3.5 3.375 0.0126951
3.5 5.625 0.0132213
3.5 7.875 0.0132905
3.5 10.125 0.0127383
3.5 12.375 0.0136474
3.5 14.625 0.0139357
3.5 16.875 0.0137597
3.5 19.125 0.0159669
3.5 21.375 0.0164878
3.5 23.625 0.0140776
3.5 25.875 0.0139922
3.5 28.125 0.0149492
3.5 30.375 0.0155838
3.5 32.625 0.0151713
3.5 34.875 0.0139838
3.5 37.125 0.0154113
3.5 39.375 0.0147757
3.5 41.625 0.0158372
3.5 43.875 0.0145282
3.7 1.125 0.0119941
3.7 3.375 0.0118884
3.7 5.625 0.0112069
3.7 7.875 0.0118254
3.7 10.125 0.0120772
3.7 12.375 0.0111103
3.7 14.625 0.0114207
3.7 16.875 0.0120353
3.7 19.125 0.0126593
3.7 21.375 0.0117313
3.7 23.625 0.0132712
3.7 25.875 0.0126566
3.7 28.125 0.0128515
3.7 30.375 0.0123915
3.7 32.625 0.0127218
3.7 34.875 0.012438
3.7 37.125 0.012434
3.7 39.375 0.0130023
3.7 41.625 0.0134262
3.7 43.875 0.0127638
3.9 1.125 0.010333
3.9 3.375 0.0098718
3.9 5.625 0.010225
3.9 7.875 0.0101802
3.9 10.125 0.009951
3.9 12.375 0.00992812
3.9 14.625 0.0110057
3.9 16.875 0.00943019
3.9 19.125 0.00980102
3.9 21.375 0.0097515
3.9 23.625 0.010077
3.9 25.875 0.0104035
3.9 28.125 0.0108469
3.9 30.375 0.0107064
3.9 32.625 0.0103859
3.9 34.875 0.0103236
3.9 37.125 0.0108731
3.9 39.375 0.0108095
3.9 41.625 0.00992832
3.9 43.875 0.0105767
4.1 1.125 0.00846971
4.1 3.375 0.00870244
4.1 5.625 0.00858237
4.1 7.875 0.00857362
4.1 10.125 0.00873725
4.1 12.375 0.00861844
4.1 14.625 0.00899944
4.1 16.875 0.0090175
4.1 19.125 0.00923251
4.1 21.375 0.00953578
4.1 23.625 0.00963933
4.1 25.875 0.00991712
4.1 28.125 0.00957471
4.1 30.375 0.00891712
4.1 32.625 0.00916688
4.1 34.875 0.00919846
4.1 37.125 0.0091351
4.1 39.375 0.00844825
4.1 41.625 0.00912142
4.1 43.875 0.00898971
4.3 1.125 0.00701247
4.3 3.375 0.00749856
4.3 5.625 0.00720152
4.3 7.875 0.00765925
4.3 10.125 0.00759757
4.3 12.375 0.00745465
4.3 14.625 0.00829602
4.3 16.875 0.00810645
4.3 19.125 0.00805498
4.3 21.375 0.0081486
4.3 23.625 0.00845819
4.3 25.875 0.00821798
4.3 28.125 0.00850854
4.3 30.375 0.00870328
4.3 32.625 0.00821353
4.3 34.875 0.0079544
4.3 37.125 0.00786607
4.3 39.375 0.00796359
4.3 41.625 0.00742438
4.3 43.875 0.00787952
4.5 1.125 0.00674004
4.5 3.375 0.00635778
4.5 5.625 0.00770143
4.5 7.875 0.00677916
4.5 10.125 0.00703365
4.5 12.375 0.0070485
4.5 14.625 0.00633089
4.5 16.875 0.00723924
4.5 19.125 0.00699546
4.5 21.375 0.00721873
4.5 23.625 0.00750084
4.5 25.875 0.00702952
4.5 28.125 0.00686746
4.5 30.375 0.00694432
4.5 32.625 0.00669818
4.5 34.875 0.00715966
4.5 37.125 0.0066426
4.5 39.375 0.00717475
4.5 41.625 0.0064121
4.5 43.875 0.00676234
4.7 1.125 0.00604361
4.7 3.375 0.00572961
4.7 5.625 0.00594807
4.7 7.875 0.0057173
4.7 10.125 0.00593195
4.7 12.375 0.00588178
4.7 14.625 0.00614422
4.7 16.875 0.00658252
4.7 19.125 0.00639218
4.7 21.375 0.0060385
4.7 23.625 0.0064665
4.7 25.875 0.00619527
4.7 28.125 0.00679165
4.7 30.375 0.00634055
4.7 32.625 0.00639182
4.7 34.875 0.00579461
4.7 37.125 0.00621634
4.7 39.375 0.0059771
4.7 41.625 0.0062405
4.7 43.875 0.00595113
4.9 1.125 0.00541048
4.9 3.375 0.00515432
4.9 5.625 0.00761667
4.9 7.875 0.00826712
4.9 10.125 0.00502199
4.9 12.375 0.00557413
4.9 14.625 0.00552037
4.9 16.875 0.00576015
4.9 19.125 0.00543902
4.9 21.375 0.00587674
4.9 23.625 0.00626771
4.9 25.875 0.00547003
4.9 28.125 0.00546089
4.9 30.375 0.00525419
4.9 32.625 0.00530416
4.9 34.875 0.00552364
4.9 37.125 0.00594514
4.9 39.375 0.00521695
4.9 41.625 0.00531556
4.9 43.875 0.00545387
5.1 1.125 0.00491424
5.1 3.375 0.00492696
5.1 5.625 0.00918265
5.1 7.875 0.00500335
5.1 10.125 0.00484144
5.1 12.375 0.00463535
5.1 14.625 0.00494142
5.1 16.875 0.00532528
5.1 19.125 0.0051471
5.1 21.375 0.00513787
5.1 23.625 0.0053815
5.1 25.875 0.00532459
5.1 28.125 0.00523245
5.1 30.375 0.00515603
5.1 32.625 0.00470758
5.1 34.875 0.0054643
5.1 37.125 0.00501728
5.1 39.375 0.00493292
5.1 41.625 0.00553684
5.1 43.875 0.00505922
5.3 1.125 0.00405557
5.3 3.375 0.00441641
5.3 5.625 0.00446351
5.3 7.875 0.00448753
5.3 10.125 0.00530932
5.3 12.375 0.00461041
5.3 14.625 0.00472821
5.3 16.875 0.00515361
5.3 19.125 0.00461212
5.3 21.375 0.00491963
5.3 23.625 0.00469413
5.3 25.875 0.00467268
5.3 28.125 0.00493894
5.3 30.375 0.00476324
5.3 32.625 0.00568092
5.3 34.875 0.0049256
5.3 37.125 0.00470431
5.3 39.375 0.00443612
5.3 41.625 0.00458621
5.3 43.875 0.00430494
5.5 1.125 0.00468257
5.5 3.375 0.00380369
5.5 5.625 0.00428347
5.5 7.875 0.00403699
5.5 10.125 0.00413835
5.5 12.375 0.00419521
5.5 14.625 0.00444395
5.5 16.875 0.00434135
5.5 19.125 0.00404061
5.5 21.375 0.00433219
5.5 23.625 0.00424029
5.5 25.875 0.00468987
5.5 28.125 0.00439476
5.5 30.375 0.00435603
5.5 32.625 0.004186
5.5 34.875 0.00421043
5.5 37.125 0.00408519
5.5 39.375 0.00436893
5.5 41.625 0.00417393
5.5 43.875 0.00428114
5.7 1.125 0.00359163
5.7 3.375 0.00754503
5.7 5.625 0.00671316
5.7 7.875 0.00391839
5.7 10.125 0.00396874
5.7 12.375 0.00382347
5.7 14.625 0.00412296
5.7 16.875 0.00424304
5.7 19.125 0.0121009
5.7 21.375 0.0044568
5.7 23.625 0.00447636
5.7 25.875 0.00376268
5.7 28.125 0.00355104
5.7 30.375 0.00395428
5.7 32.625 0.00431648
5.7 34.875 0.00391197
5.7 37.125 0.00396228
5.7 39.375 0.0039165
5.7 41.625 0.0039734
5.7 43.875 0.00409356
5.9 1.125 0.00375094
5.9 3.375 0.00352211
5.9 5.625 0.00409903
5.9 7.875 0.00351731
5.9 10.125 0.00345317
5.9 12.375 0.00396003
5.9 14.625 0.00370737
5.9 16.875 0.00463312
5.9 19.125 0.00387911
5.9 21.375 0.00355092
5.9 23.625 0.00379469
5.9 25.875 0.00369283
5.9 28.125 0.00411218
5.9 30.375 0.00365354
5.9 32.625 0.00377737
5.9 34.875 0.00387646
5.9 37.125 0.00389121
5.9 39.375 0.00418971
5.9 41.625 0.00387057
5.9 43.875 0.003564
6.1 1.125 0.00339729
6.1 3.375 0.00321214
6.1 5.625 0.00351651
6.1 7.875 0.00360843
6.1 10.125 0.0038594
6.1 12.375 0.00356118
6.1 14.625 0.00360299
6.1 16.875 0.00362911
6.1 19.125 0.0037777
6.1 21.375 0.00373076
6.1 23.625 0.00356953
6.1 25.875 0.00361257
6.1 28.125 0.0035939
6.1 30.375 0.00390875
6.1 32.625 0.00334458
6.1 34.875 0.00362793
6.1 37.125 0.00366537
6.1 39.375 0.00333873
6.1 41.625 0.00376083
6.1 43.875 0.0037487
6.3 1.125 0.00307173
6.3 3.375 0.00336034
6.3 5.625 0.00339181
6.3 7.875 0.00331532
6.3 10.125 0.00336794
6.3 12.375 0.00353503
6.3 14.625 0.0032056
6.3 16.875 0.00365021
6.3 19.125 0.00359453
6.3 21.375 0.00337862
6.3 23.625 0.00331443
6.3 25.875 0.00372727
6.3 28.125 0.00339975
6.3 30.375 0.00330033
6.3 32.625 0.00363836
6.3 34.875 0.00701218
6.3 37.125 0.00337436
6.3 39.375 0.0033283
6.3 41.625 0.00332134
6.3 43.875 0.00331111
6.5 1.125 0.00421024
6.5 3.375 0.00313555
6.5 5.625 0.00312125
6.5 7.875 0.00303199
6.5 10.125 0.00321153
6.5 12.375 0.00307415
6.5 14.625 0.00311961
6.5 16.875 0.0033371
6.5 19.125 0.00319774
6.5 21.375 0.00324717
6.5 23.625 0.00322972
6.5 25.875 0.00339715
6.5 28.125 0.00337984
6.5 30.375 0.00320303
6.5 32.625 0.00311178
6.5 34.875 0.00340525
6.5 37.125 0.00378743
6.5 39.375 0.00296118
6.5 41.625 0.00313977
6.5 43.875 0.00325909
6.7 1.125 0.00299749
6.7 3.375 0.00304107
6.7 5.625 0.00334495
6.7 7.875 0.00293976
6.7 10.125 0.00343849
6.7 12.375 0.0029213
6.7 14.625 0.00312064
6.7 16.875 0.00294942
6.7 19.125 0.00308345
6.7 21.375 0.00348037
6.7 23.625 0.00311141
6.7 25.875 0.00326847
6.7 28.125 0.00332925
6.7 30.375 0.00291266
6.7 32.625 0.00333143
6.7 34.875 0.00305993
6.7 37.125 0.00311482
6.7 39.375 0.00314853
6.7 41.625 0.00298912
6.7 43.875 0.00325794
6.9 1.125 0.00302129
6.9 3.375 0.00586154
6.9 5.625 0.00309751
6.9 7.875 0.00284857
6.9 10.125 0.00331685
6.9 12.375 0.00306943
6.9 14.625 0.00309576
6.9 16.875 0.00327105
6.9 19.125 0.00316416
6.9 21.375 0.00343337
6.9 23.625 0.00305506
6.9 25.875 0.00299519
6.9 28.125 0.00295106
6.9 30.375 0.0030602
6.9 32.625 0.00327755
6.9 34.875 0.00336556
6.9 37.125 0.00361762
6.9 39.375 0.0032304
6.9 41.625 0.00305842
6.9 43.875 0.00324701
7.1 1.125 0.00275895
7.1 3.375 0.00280046
7.1 5.625 0.00287831
7.1 7.875 0.0027778
7.1 10.125 0.00290079
7.1 12.375 0.00301191
7.1 14.625 0.0056171
7.1 16.875 0.0028985
7.1 19.125 0.00303325
7.1 21.375 0.00285684
7.1 23.625 0.00311584
7.1 25.875 0.00279669
7.1 28.125 0.00312537
7.1 30.375 0.00275698
7.1 32.625 0.00294461
7.1 34.875 0.00264046
7.1 37.125 0.00320903
7.1 39.375 0.00289897
7.1 41.625 0.00296729
7.1 43.875 0.00284149
7.3 1.125 0.00311206
7.3 3.375 0.00261762
7.3 5.625 0.00299412
7.3 7.875 0.00312522
7.3 10.125 0.00274269
7.3 12.375 0.0030239
7.3 14.625 0.0030466
7.3 16.875 0.00291274
7.3 19.125 0.00272283
7.3 21.375 0.00313768
7.3 23.625 0.00264555
7.3 25.875 0.00252061
7.3 28.125 0.00292353
7.3 30.375 0.00269911
7.3 32.625 0.00271163
7.3 34.875 0.00331571
7.3 37.125 0.00277707
7.3 39.375 0.00304555
7.3 41.625 0.00276959
7.3 43.875 0.0024275
7.5 1.125 0.00249916
7.5 3.375 0.00277202
7.5 5.625 0.00422235
7.5 7.875 0.00257005
7.5 10.125 0.00277946
7.5 12.375 0.00273581
7.5 14.625 0.00282816
7.5 16.875 0.00247468
7.5 19.125 0.0026114
7.5 21.375 0.00279854
7.5 23.625 0.00279269
7.5 25.875 0.00327398
7.5 28.125 0.00280704
7.5 30.375 0.00286219
7.5 32.625 0.00301012
7.5 34.875 0.00260191
7.5 37.125 0.00280601
7.5 39.375 0.00295795
7.5 41.625 0.00287755
7.5 43.875 0.00256125
7.7 1.125 0.00250339
7.7 3.375 0.00271781
7.7 5.625 0.00743221
7.7 7.875 0.00342171
7.7 10.125 0.0153817
7.7 12.375 0.00675773
7.7 14.625 0.00299453
7.7 16.875 0.00286734
7.7 19.125 0.0108135
7.7 21.375 0.00668307
7.7 23.625 0.00271951
7.7 25.875 0.00266094
7.7 28.125 0.00260768
7.7 30.375 0.0025265
7.7 32.625 0.00313863
7.7 34.875 0.00266832
7.7 37.125 0.00276046
7.7 39.375 0.00244346
7.7 41.625 0.00331891
7.7 43.875 0.00275431
7.9 1.125 0.00253546
7.9 3.375 0.00292791
7.9 5.625 0.00250366
7.9 7.875 0.00235129
7.9 10.125 0.00279684
7.9 12.375 0.00247771
7.9 14.625 0.00276315
7.9 16.875 0.00238075
7.9 19.125 0.0026204
7.9 21.375 0.0028926
7.9 23.625 0.00268287
7.9 25.875 0.00231868
7.9 28.125 0.00264763
7.9 30.375 0.0028244
7.9 32.625 0.00265078
7.9 34.875 0.00264559
7.9 37.125 0.00257812
7.9 39.375 0.00244938
7.9 41.625 0.00257341
7.9 43.875 0.00236689
8.1 1.125 0.00230406
8.1 3.375 0.00270909
8.1 5.625 0.00265967
8.1 7.875 0.00274601
8.1 10.125 0.00275574
8.1 12.375 0.00257606
8.1 14.625 0.00277195
8.1 16.875 0.00281238
8.1 19.125 0.00217886
8.1 21.375 0.0027255
8.1 23.625 0.00268204
8.1 25.875 0.00997327
8.1 28.125 0.00256716
8.1 30.375 0.00264385
8.1 32.625 0.00268557
8.1 34.875 0.00241137
8.1 37.125 0.0104558
8.1 39.375 0.00271984
8.1 41.625 0.00281932
8.1 43.875 0.00265199
8.3 1.125 0.00231901
8.3 3.375 0.011084
8.3 5.625 0.00237365
8.3 7.875 0.0103051
8.3 10.125 0.00278259
8.3 12.375 0.00248904
8.3 14.625 0.00261671
8.3 16.875 0.00262761
8.3 19.125 0.00228391
8.3 21.375 0.00344559
8.3 23.625 0.00261486
8.3 25.875 0.00294146
8.3 28.125 0.00269707
8.3 30.375 0.00256173
8.3 32.625 0.00250449
8.3 34.875 0.00226383
8.3 37.125 0.00251307
8.3 39.375 0.00252542
8.3 41.625 0.00204967
8.3 43.875 0.00263091
8.5 1.125 0.00262402
8.5 3.375 0.00254627
8.5 5.625 0.00358372
8.5 7.875 0.00238574
8.5 10.125 0.0026046
8.5 12.375 0.00289006
8.5 14.625 0.00243188
8.5 16.875 0.00240856
8.5 19.125 0.00242777
8.5 21.375 0.00259228
8.5 23.625 0.00268318
8.5 25.875 0.00577162
8.5 28.125 0.00477036
8.5 30.375 0.00246428
8.5 32.625 0.00251756
8.5 34.875 0.0025615
8.5 37.125 0.00282639
8.5 39.375 0.00269567
8.5 41.625 0.00358597
8.5 43.875 0.00245697
8.7 1.125 0.00202066
8.7 3.375 0.00217382
8.7 5.625 0.00244894
8.7 7.875 0.00246553
8.7 10.125 0.00248791
8.7 12.375 0.00272298
8.7 14.625 0.00245779
8.7 16.875 0.00229359
8.7 19.125 0.00269878
8.7 21.375 0.0024723
8.7 23.625 0.00236291
8.7 25.875 0.00266703
8.7 28.125 0.00249091
8.7 30.375 0.00234314
8.7 32.625 0.00263483
8.7 34.875 0.0127711
8.7 37.125 0.00265064
8.7 39.375 0.00303711
8.7 41.625 0.00282723
8.7 43.875 0.00203877
8.9 1.125 0.00393793
8.9 3.375 0.00251134
8.9 5.625 0.00273088
8.9 7.875 0.00218651
8.9 10.125 0.00246058
8.9 12.375 0.00222537
8.9 14.625 0.00231827
8.9 16.875 0.00257557
8.9 19.125 0.00229803
8.9 21.375 0.00224314
8.9 23.625 0.00390948
8.9 25.875 0.00241541
8.9 28.125 0.00269239
8.9 30.375 0.00253132
8.9 32.625 0.00244492
8.9 34.875 0.00232357
8.9 37.125 0.00207639
8.9 39.375 0.00202757
8.9 41.625 0.00264496
8.9 43.875 0.00259336
9.1 1.125 0.00254256
9.1 3.375 0.00289038
9.1 5.625 0.00246989
9.1 7.875 0.00249036
9.1 10.125 0.00203719
9.1 12.375 0.00247439
9.1 14.625 0.00229134
9.1 16.875 0.00254183
9.1 19.125 0.00259199
9.1 21.375 0.00241203
9.1 23.625 0.00266677
9.1 25.875 0.00241305
9.1 28.125 0.00263893
9.1 30.375 0.00235256
9.1 32.625 0.0019669
9.1 34.875 0.00254951
9.1 37.125 0.00256226
9.1 39.375 0.0022788
9.1 41.625 0.0024259
9.1 43.875 0.00255377
9.3 1.125 0.00997453
9.3 3.375 0.00254365
9.3 5.625 0.0022079
9.3 7.875 0.00222837
9.3 10.125 0.00236134
9.3 12.375 0.00238351
9.3 14.625 0.0168225
9.3 16.875 0.00256838
9.3 19.125 0.00235739
9.3 21.375 0.0030983
9.3 23.625 0.0024439
9.3 25.875 0.00239442
9.3 28.125 0.00238606
9.3 30.375 0.00251264
9.3 32.625 0.00243738
9.3 34.875 0.00219529
9.3 37.125 0.00209994
9.3 39.375 0.00223934
9.3 41.625 0.00247194
9.3 43.875 0.00195149
9.5 1.125 0.00255891
9.5 3.375 0.00216313
9.5 5.625 0.00220217
9.5 7.875 0.00264118
9.5 10.125 0.0025558
9.5 12.375 0.0026202
9.5 14.625 0.00249716
9.5 16.875 0.00229118
9.5 19.125 0.0020734
9.5 21.375 0.00239851
9.5 23.625 0.00255249
9.5 25.875 0.00224197
9.5 28.125 0.00269539
9.5 30.375 0.00226742
9.5 32.625 0.0024146
9.5 34.875 0.0131837
9.5 37.125 0.00232611
9.5 39.375 0.00224827
9.5 41.625 0.00259008
9.5 43.875 0.00393063
9.7 1.125 0.00265398
9.7 3.375 0.00225764
9.7 5.625 0.00239779
9.7 7.875 0.00252059
9.7 10.125 0.00263795
9.7 12.375 0.00266987
9.7 14.625 0.0023664
9.7 16.875 0.00239592
9.7 19.125 0.00245156
9.7 21.375 0.00286111
9.7 23.625 0.00214525
9.7 25.875 0.00213061
9.7 28.125 0.0024802
9.7 30.375 0.00225087
9.7 32.625 0.00240965
9.7 34.875 0.00254507
9.7 37.125 0.0026137
9.7 39.375 0.00225472
9.7 41.625 0.00420862
9.7 43.875 0.00207488
9.9 1.125 0.00226102
9.9 3.375 0.00317665
9.9 5.625 0.00200485
9.9 7.875 0.00224485
9.9 10.125 0.00247148
9.9 12.375 0.0024737
9.9 14.625 0.00295636
9.9 16.875 0.00259017
9.9 19.125 0.00249658
9.9 21.375 0.00232821
9.9 23.625 0.00228347
9.9 25.875 0.0020839
9.9 28.125 0.00258487
9.9 30.375 0.0061495
9.9 32.625 0.00247198
9.9 34.875 0.00241797
9.9 37.125 0.00243397
9.9 39.375 0.00248419
9.9 41.625 0.00239736
9.9 43.875 0.0018084
10.1 1.125 0.00246436
10.1 3.375 0.00239146
10.1 5.625 0.00237175
10.1 7.875 0.00249676
10.1 10.125 0.00473062
10.1 12.375 0.00211037
10.1 14.625 0.00252475
10.1 16.875 0.00231792
10.1 19.125 0.00212936
10.1 21.375 0.00266543
10.1 23.625 0.00252152
10.1 25.875 0.00203921
10.1 28.125 0.0029886
10.1 30.375 0.00294561
10.1 32.625 0.0020595
10.1 34.875 0.00228808
10.1 37.125 0.00233555
10.1 39.375 0.00254983
10.1 41.625 0.00229376
10.1 43.875 0.00254897
10.3 1.125 0.00235949
10.3 3.375 0.00224985
10.3 5.625 0.00233203
10.3 7.875 0.00264612
10.3 10.125 0.00245387
10.3 12.375 0.00252686
10.3 14.625 0.00250452
10.3 16.875 0.00229643
10.3 19.125 0.0025359
10.3 21.375 0.00222982
10.3 23.625 0.00243763
10.3 25.875 0.0027994
10.3 28.125 0.00222914
10.3 30.375 0.00252149
10.3 32.625 0.00251776
10.3 34.875 0.00186031
10.3 37.125 0.00227753
10.3 39.375 0.00239183
10.3 41.625 0.00249873
10.3 43.875 0.0022758
10.5 1.125 0.00231696
10.5 3.375 0.00204815
10.5 5.625 0.00203629
10.5 7.875 0.00261219
10.5 10.125 0.00243493
10.5 12.375 0.00230317
10.5 14.625 0.00357613
10.5 16.875 0.00304122
10.5 19.125 0.00232182
10.5 21.375 0.00202026
10.5 23.625 0.00244037
10.5 25.875 0.00236131
10.5 28.125 0.00195255
10.5 30.375 0.00219481
10.5 32.625 0.0210965
10.5 34.875 0.00213274
10.5 37.125 0.00783829
10.5 39.375 0.00247239
10.5 41.625 0.00196898
10.5 43.875 0.00223789
10.7 1.125 0.00222137
10.7 3.375 0.00252162
10.7 5.625 0.00235232
10.7 7.875 0.00195966
10.7 10.125 0.0018497
10.7 12.375 0.00224607
10.7 14.625 0.00266771
10.7 16.875 0.00233983
10.7 19.125 0.00236199
10.7 21.375 0.00216679
10.7 23.625 0.00371054
10.7 25.875 0.00259282
10.7 28.125 0.00200196
10.7 30.375 0.00233186
10.7 32.625 0.00181324
10.7 34.875 0.00238854
10.7 37.125 0.00192723
10.7 39.375 0.00236907
10.7 41.625 0.00202333
10.7 43.875 0.00249142
10.9 1.125 0.00231996
10.9 3.375 0.00279365
10.9 5.625 0.00628328
10.9 7.875 0.00311529
10.9 10.125 0.00252763
10.9 12.375 0.00217391
10.9 14.625 0.0020216
10.9 16.875 0.00223634
10.9 19.125 0.001963
10.9 21.375 0.00222244
10.9 23.625 0.00247706
10.9 25.875 0.00272792
10.9 28.125 0.00226122
10.9 30.375 0.00271329
10.9 32.625 0.00221555
10.9 34.875 0.00233746
10.9 37.125 0.00196973
10.9 39.375 0.00227127
10.9 41.625 0.00214739
10.9 43.875 0.00234239
11.1 1.125 0.00197392
11.1 3.375 0.00195915
11.1 5.625 0.00557235
11.1 7.875 0.00205122
11.1 10.125 0.0021593
11.1 12.375 0.00258491
11.1 14.625 0.0023268
11.1 16.875 0.00223497
11.1 19.125 0.00194248
11.1 21.375 0.00209643
11.1 23.625 0.00224492
11.1 25.875 0.00228697
11.1 28.125 0.0114176
11.1 30.375 0.00209637
11.1 32.625 0.00182673
11.1 34.875 0.00238898
11.1 37.125 0.00183527
11.1 39.375 0.00218
11.1 41.625 0.00263792
11.1 43.875 0.00230082
11.3 1.125 0.00185737
11.3 3.375 0.00233944
11.3 5.625 0.00180296
11.3 7.875 0.00196644
11.3 10.125 0.00241686
11.3 12.375 0.00199249
11.3 14.625 0.00200052
11.3 16.875 0.00212855
11.3 19.125 0.00471576
11.3 21.375 0.00189323
11.3 23.625 0.00641704
11.3 25.875 0.00252858
11.3 28.125 0.0276849
11.3 30.375 0.00212767
11.3 32.625 0.00248073
11.3 34.875 0.00198744
11.3 37.125 0.00284417
11.3 39.375 0.0169
11.3 41.625 0.00243613
11.3 43.875 0.00218528
11.5 1.125 0.00569578
11.5 3.375 0.00219774
11.5 5.625 0.00223955
11.5 7.875 0.00233168
11.5 10.125 0.00206816
11.5 12.375 0.00247467
11.5 14.625 0.00246798
11.5 16.875 0.00342034
11.5 19.125 0.00216762
11.5 21.375 0.0020897
11.5 23.625 0.00195474
11.5 25.875 0.00207342
11.5 28.125 0.00313368
11.5 30.375 0.00224414
11.5 32.625 0.00209093
11.5 34.875 0.00229469
11.5 37.125 0.00241141
11.5 39.375 0.00182267
11.5 41.625 0.00282583
11.5 43.875 0.00190783
11.7 1.125 0.00277197
11.7 3.375 0.00240565
11.7 5.625 0.00182216
11.7 7.875 0.00174424
11.7 10.125 0.00210348
11.7 12.375 0.0295391
11.7 14.625 0.0299761
11.7 16.875 0.0025906
11.7 19.125 0.00268856
11.7 21.375 0.00227597
11.7 23.625 0.00229452
11.7 25.875 0.00163436
11.7 28.125 0.00197667
11.7 30.375 0.00228769
11.7 32.625 0.00229553
11.7 34.875 0.00207528
11.7 37.125 0.00194425
11.7 39.375 0.00269997
11.7 41.625 0.00430628
11.7 43.875 0.00198316
11.9 1.125 0.00388638
11.9 3.375 0.00271679
11.9 5.625 0.00202917
11.9 7.875 0.00248033
11.9 10.125 0.00495792
11.9 12.375 0.00207057
11.9 14.625 0.00180169
11.9 16.875 0.00227697
11.9 19.125 0.00197984
11.9 21.375 0.00199769
11.9 23.625 0.00177155
11.9 25.875 0.00238737
11.9 28.125 0.00209133
11.9 30.375 0.00188283
11.9 32.625 0.00239227
11.9 34.875 0.0020917
11.9 37.125 0.0020249
11.9 39.375 0.00256988
11.9 41.625 0.00264406
11.9 43.875 0.0021211
12.1 1.125 0.00196289
12.1 3.375 0.00184619
12.1 5.625 0.0118715
12.1 7.875 0.00220454
12.1 10.125 0.00219405
12.1 12.375 0.00298354
12.1 14.625 0.00205738
12.1 16.875 0.0028949
12.1 19.125 0.00220933
12.1 21.375 0.00261772
12.1 23.625 0.00164737
12.1 25.875 0.00205848
12.1 28.125 0.00247307
12.1 30.375 0.00221704
12.1 32.625 0.00208942
12.1 34.875 0.00241878
12.1 37.125 0.00240094
12.1 39.375 0.00213567
12.1 41.625 0.00284166
12.1 43.875 0.00195543
12.3 1.125 0.00185283
12.3 3.375 0.00216307
12.3 5.625 0.0023109
12.3 7.875 0.00226345
12.3 10.125 0.00215046
12.3 12.375 0.00536303
12.3 14.625 0.00211714
12.3 16.875 0.00206624
12.3 19.125 0.00212245
12.3 21.375 0.00209458
12.3 23.625 0.0191406
12.3 25.875 0.00237817
12.3 28.125 0.00290727
12.3 30.375 0.00215808
12.3 32.625 0.00195376
12.3 34.875 0.00220804
12.3 37.125 0.00209504
12.3 39.375 0.0024022
12.3 41.625 0.0019072
12.3 43.875 0.0269781
12.5 1.125 0.00154517
12.5 3.375 0.00217632
12.5 5.625 0.00260403
12.5 7.875 0.00220921
12.5 10.125 0.00200676
12.5 12.375 0.00190745
12.5 14.625 0.0024722
12.5 16.875 0.00207329
12.5 19.125 0.0026245
12.5 21.375 0.00844649
12.5 23.625 0.00374247
12.5 25.875 0.0019887
12.5 28.125 0.00276551
12.5 30.375 0.00584163
12.5 32.625 0.0382502
12.5 34.875 0.00222324
12.5 37.125 0.00381701
12.5 39.375 0.00201176
12.5 41.625 0.00214307
12.5 43.875 0.00254645
12.7 1.125 0.00196309
12.7 3.375 0.00187458
12.7 5.625 0.00223704
12.7 7.875 0.00203455
12.7 10.125 0.00207298
12.7 12.375 0.00215784
12.7 14.625 0.00272227
12.7 16.875 0.0045423
12.7 19.125 0.00205691
12.7 21.375 0.00186706
12.7 23.625 0.00286776
12.7 25.875 0.00332338
12.7 28.125 0.00175241
12.7 30.375 0.0019442
12.7 32.625 0.00206846
12.7 34.875 0.00261275
12.7 37.125 0.0307017
12.7 39.375 0.00176005
12.7 41.625 0.00228521
12.7 43.875 0.00243364
12.9 1.125 0.00196679
12.9 3.375 0.00261225
12.9 5.625 0.00208706
12.9 7.875 0.00224535
12.9 10.125 0.00191207
12.9 12.375 0.00231755
12.9 14.625 0.00327976
12.9 16.875 0.00268551
12.9 19.125 0.00189803
12.9 21.375 0.00270429
12.9 23.625 0.00241066
12.9 25.875 0.00196259
12.9 28.125 0.00336818
12.9 30.375 0.00223901
12.9 32.625 0.00186878
12.9 34.875 0.00269374
12.9 37.125 0.0016408
12.9 39.375 0.00242415
12.9 41.625 0.00219869
12.9 43.875 0.00179533
13.1 1.125 0.0019915
13.1 3.375 0.00269084
13.1 5.625 0.00157218
13.1 7.875 0.00371108
13.1 10.125 0.00186182
13.1 12.375 0.00196403
13.1 14.625 0.00226622
13.1 16.875 0.00180078
13.1 19.125 0.00206744
13.1 21.375 0.00189234
13.1 23.625 0.00300313
13.1 25.875 0.00216081
13.1 28.125 0.00220248
13.1 30.375 0.00220255
13.1 32.625 0.00199618
13.1 34.875 0.00198115
13.1 37.125 0.00207737
13.1 39.375 0.00221205
13.1 41.625 0.00288384
13.1 43.875 0.00242357
13.3 1.125 0.0031422
13.3 3.375 0.00259736
13.3 5.625 0.00311791
13.3 7.875 0.00170091
13.3 10.125 0.00280242
13.3 12.375 0.0027936
13.3 14.625 0.0020499
13.3 16.875 0.002524
13.3 19.125 0.00196586
13.3 21.375 0.00206704
13.3 23.625 0.00203044
13.3 25.875 0.00201433
13.3 28.125 0.00316784
13.3 30.375 0.00194925
13.3 32.625 0.00256837
13.3 34.875 0.00201936
13.3 37.125 0.00229181
13.3 39.375 0.00228518
13.3 41.625 0.00186781
13.3 43.875 0.00204168
13.5 1.125 0.00214961
13.5 3.375 0.00242205
13.5 5.625 0.0195665
13.5 7.875 0.00218838
13.5 10.125 0.00199813
13.5 12.375 0.00224645
13.5 14.625 0.00188851
13.5 16.875 0.0496163
13.5 19.125 0.00248321
13.5 21.375 0.00406341
13.5 23.625 0.00290854
13.5 25.875 0.00306481
13.5 28.125 0.00243169
13.5 30.375 0.00210727
13.5 32.625 0.00198365
13.5 34.875 0.00269736
13.5 37.125 0.00285861
13.5 39.375 0.00281219
13.5 41.625 0.00214598
13.5 43.875 0.00257975
13.7 1.125 0.00154775
13.7 3.375 0.0255583
13.7 5.625 0.00211945
13.7 7.875 0.00219079
13.7 10.125 0.00223378
13.7 12.375 0.00199078
13.7 14.625 0.00192661
13.7 16.875 0.00201989
13.7 19.125 0.00185157
13.7 21.375 0.00240575
13.7 23.625 0.00766628
13.7 25.875 0.00585102
13.7 28.125 0.00180539
13.7 30.375 0.00211541
13.7 32.625 0.00206235
13.7 34.875 0.0197213
13.7 37.125 0.00176544
13.7 39.375 0.00163343
13.7 41.625 0.00219647
13.7 43.875 0.00240847
13.9 1.125 0.00218289
13.9 3.375 0.00183254
13.9 5.625 0.00480856
13.9 7.875 0.00161518
13.9 10.125 0.00164268
13.9 12.375 0.00211729
13.9 14.625 0.00235269
13.9 16.875 0.00197359
13.9 19.125 0.00154246
13.9 21.375 0.00191159
13.9 23.625 0.00201402
13.9 25.875 0.00238251
13.9 28.125 0.00214763
13.9 30.375 0.00217732
13.9 32.625 0.00222607
13.9 34.875 0.00250749
13.9 37.125 0.00205345
13.9 39.375 0.0025442
13.9 41.625 0.00205656
13.9 43.875 0.00190798
