0.1 1.125 2.01267
0.1 3.375 2.06684
0.1 5.625 2.05786
0.1 7.875 2.07574
0.1 10.125 2.08355
0.1 12.375 2.03262
0.1 14.625 1.89838
0.1 16.875 2.08098
0.1 19.125 1.86409
0.1 21.375 2.05014
0.1 23.625 2.03025
0.1 25.875 2.03086
0.1 28.125 2.05826
0.1 30.375 2.05944
0.1 32.625 2.03027
0.1 34.875 2.03614
0.1 37.125 2.03892
0.1 39.375 1.93167
0.1 41.625 2.0582
0.1 43.875 2.03298
0.3 1.125 2.02634
0.3 3.375 2.02413
0.3 5.625 2.05489
0.3 7.875 2.03997
0.3 10.125 2.04518
0.3 12.375 2.02661
0.3 14.625 2.0394
0.3 16.875 1.96773
0.3 19.125 2.04105
0.3 21.375 2.02914
0.3 23.625 2.013
0.3 25.875 2.02406
0.3 28.125 2.02297
0.3 30.375 2.04133
0.3 32.625 2.04381
0.3 34.875 2.02835
0.3 37.125 2.0298
0.3 39.375 2.02957
0.3 41.625 2.03551
0.3 43.875 2.03737
0.5 1.125 1.95676
0.5 3.375 1.9258
0.5 5.625 1.94751
0.5 7.875 1.98731
0.5 10.125 1.9711
0.5 12.375 1.98911
0.5 14.625 1.98194
0.5 16.875 1.9821
0.5 19.125 2.01072
0.5 21.375 1.96092
0.5 23.625 1.98145
0.5 25.875 1.97538
0.5 28.125 1.9754
0.5 30.375 1.99694
0.5 32.625 1.97418
0.5 34.875 1.9915
0.5 37.125 2.00087
0.5 39.375 1.95647
0.5 41.625 1.99307
0.5 43.875 1.9618
0.7 1.125 1.8727
0.7 3.375 1.87521
0.7 5.625 1.91293
0.7 7.875 1.87963
0.7 10.125 1.87651
0.7 12.375 1.87598
0.7 14.625 1.86654
0.7 16.875 1.87042
0.7 19.125 1.89273
0.7 21.375 1.87175
0.7 23.625 1.89482
0.7 25.875 1.89042
0.7 28.125 1.89017
0.7 30.375 1.89748
0.7 32.625 1.89142
0.7 34.875 1.88748
0.7 37.125 1.88269
0.7 39.375 1.92638
0.7 41.625 1.88703
0.7 43.875 1.90615
0.9 1.125 1.67491
0.9 3.375 1.66059
0.9 5.625 1.67242
0.9 7.875 1.67269
0.9 10.125 1.63199
0.9 12.375 1.65636
0.9 14.625 1.66692
0.9 16.875 1.67308
0.9 19.125 1.70843
0.9 21.375 1.6927
0.9 23.625 1.72209
0.9 25.875 1.71043
0.9 28.125 1.74244
0.9 30.375 1.76587
0.9 32.625 1.72361
0.9 34.875 1.76767
0.9 37.125 1.77058
0.9 39.375 1.77115
0.9 41.625 1.76477
0.9 43.875 1.78884
1.1 1.125 1.21302
1.1 3.375 1.25906
1.1 5.625 1.24516
1.1 7.875 1.24028
1.1 10.125 1.22292
1.1 12.375 1.25573
1.1 14.625 1.2589
1.1 16.875 1.27703
1.1 19.125 1.36361
1.1 21.375 1.36134
1.1 23.625 1.38413
1.1 25.875 1.47513
1.1 28.125 1.50684
1.1 30.375 1.53642
1.1 32.625 1.53958
1.1 34.875 1.57946
1.1 37.125 1.56444
1.1 39.375 1.62033
1.1 41.625 1.59575
1.1 43.875 1.60328
1.3 1.125 0.729233
1.3 3.375 0.704367
1.3 5.625 0.7238
1.3 7.875 0.698547
1.3 10.125 0.70012
1.3 12.375 0.852479
1.3 14.625 0.832925
1.3 16.875 0.807699
1.3 19.125 0.856271
1.3 21.375 0.858836
1.3 23.625 0.923209
1.3 25.875 0.968551
1.3 28.125 1.01459
1.3 30.375 1.06873
1.3 32.625 1.12508
1.3 34.875 1.2042
1.3 37.125 1.23835
1.3 39.375 1.2665
1.3 41.625 1.32332
1.3 43.875 1.37971
1.5 1.125 0.371261
1.5 3.375 0.376965
1.5 5.625 0.380296
1.5 7.875 0.405272
1.5 10.125 0.393941
1.5 12.375 0.385518
1.5 14.625 0.442941
1.5 16.875 0.42649
1.5 19.125 0.454148
1.5 21.375 0.492108
1.5 23.625 0.500267
1.5 25.875 0.492495
1.5 28.125 0.529488
1.5 30.375 0.572489
1.5 32.625 0.565053
1.5 34.875 0.663548
1.5 37.125 0.73035
1.5 39.375 0.797054
1.5 41.625 0.867952
1.5 43.875 0.972122
1.7 1.125 0.207359
1.7 3.375 0.220447
1.7 5.625 0.230461
1.7 7.875 0.216145
1.7 10.125 0.227688
1.7 12.375 0.23914
1.7 14.625 0.236629
1.7 16.875 0.245369
1.7 19.125 0.253072
1.7 21.375 0.257005
1.7 23.625 0.262898
1.7 25.875 0.284105
1.7 28.125 0.279124
1.7 30.375 0.304876
1.7 32.625 0.310413
1.7 34.875 0.339648
1.7 37.125 0.359069
1.7 39.375 0.35578
1.7 41.625 0.388121
1.7 43.875 0.430018
1.9 1.125 0.130481
1.9 3.375 0.13118
1.9 5.625 0.137471
1.9 7.875 0.137212
1.9 10.125 0.149449
1.9 12.375 0.149688
1.9 14.625 0.152561
1.9 16.875 0.157059
1.9 19.125 0.158611
1.9 21.375 0.159698
1.9 23.625 0.166176
1.9 25.875 0.168679
1.9 28.125 0.169374
1.9 30.375 0.180557
1.9 32.625 0.195943
1.9 34.875 0.199766
1.9 37.125 0.209107
1.9 39.375 0.232597
1.9 41.625 0.233454
1.9 43.875 0.246988
2.1 1.125 0.0857257
2.1 3.375 0.091315
2.1 5.625 0.0928317
2.1 7.875 0.0904341
2.1 10.125 0.0947572
2.1 12.375 0.0889488
2.1 14.625 0.097081
2.1 16.875 0.0981935
2.1 19.125 0.0978091
2.1 21.375 0.104763
2.1 23.625 0.103526
2.1 25.875 0.10741
2.1 28.125 0.113253
2.1 30.375 0.118105
2.1 32.625 0.127234
2.1 34.875 0.132258
2.1 37.125 0.14161
2.1 39.375 0.139196
2.1 41.625 0.144958
2.1 43.875 0.1528
2.3 1.125 0.0590121
2.3 3.375 0.0624688
2.3 5.625 0.0631258
2.3 7.875 0.0610312
2.3 10.125 0.0615287
2.3 12.375 0.0640015
2.3 14.625 0.0629681
2.3 16.875 0.0653594
2.3 19.125 0.0670536
2.3 21.375 0.0676856
2.3 23.625 0.0730555
2.3 25.875 0.0721361
2.3 28.125 0.0740107
2.3 30.375 0.0849155
2.3 32.625 0.0839993
2.3 34.875 0.093341
2.3 37.125 0.0911534
2.3 39.375 0.0953578
2.3 41.625 0.0921332
2.3 43.875 0.0939013
2.5 1.125 0.0467205
2.5 3.375 0.0443385
2.5 5.625 0.0430668
2.5 7.875 0.0421973
2.5 10.125 0.0420383
2.5 12.375 0.0444338
2.5 14.625 0.0434712
2.5 16.875 0.044354
2.5 19.125 0.0449445
2.5 21.375 0.0465877
2.5 23.625 0.0479742
2.5 25.875 0.0492913
2.5 28.125 0.0526396
2.5 30.375 0.0569337
2.5 32.625 0.0591075
2.5 34.875 0.0599714
2.5 37.125 0.0607188
2.5 39.375 0.0615343
2.5 41.625 0.0608618
2.5 43.875 0.0620873
2.7 1.125 0.0342709
2.7 3.375 0.0338968
2.7 5.625 0.0329684
2.7 7.875 0.0335743
2.7 10.125 0.034123
2.7 12.375 0.0327729
2.7 14.625 0.0346927
2.7 16.875 0.0342676
2.7 19.125 0.034362
2.7 21.375 0.0343768
2.7 23.625 0.0362504
2.7 25.875 0.0354706
2.7 28.125 0.03825
2.7 30.375 0.0413397
2.7 32.625 0.0412654
2.7 34.875 0.0426279
2.7 37.125 0.0416695
2.7 39.375 0.0411136
2.7 41.625 0.0432216
2.7 43.875 0.0406418
2.9 1.125 0.025969
2.9 3.375 0.0265791
2.9 5.625 0.0275822
2.9 7.875 0.027127
2.9 10.125 0.0268414
2.9 12.375 0.0262599
2.9 14.625 0.0261775
2.9 16.875 0.0287668
2.9 19.125 0.0285947
2.9 21.375 0.0293146
2.9 23.625 0.0278654
2.9 25.875 0.0300896
2.9 28.125 0.0316744
2.9 30.375 0.0304416
2.9 32.625 0.0343031
2.9 34.875 0.0302185
2.9 37.125 0.0307201
2.9 39.375 0.032733
2.9 41.625 0.0309399
2.9 43.875 0.0313514
3.1 1.125 0.0221387
3.1 3.375 0.0208888
3.1 5.625 0.0225714
3.1 7.875 0.0221067
3.1 10.125 0.022072
3.1 12.375 0.0219494
3.1 14.625 0.0214757
3.1 16.875 0.0226662
3.1 19.125 0.0233656
3.1 21.375 0.0246597
3.1 23.625 0.0228082
3.1 25.875 0.0243726
3.1 28.125 0.0258855
3.1 30.375 0.0244547
3.1 32.625 0.0257416
3.1 34.875 0.0252644
3.1 37.125 0.0258963
3.1 39.375 0.0251943
3.1 41.625 0.0250303
3.1 43.875 0.0263584
3.3 1.125 0.0179971
3.3 3.375 0.0191083
3.3 5.625 0.0187519
3.3 7.875 0.0184031
3.3 10.125 0.0174509
3.3 12.375 0.0178263
3.3 14.625 0.0165788
3.3 16.875 0.0188718
3.3 19.125 0.0183497
3.3 21.375 0.0192453
3.3 23.625 0.0204149
3.3 25.875 0.0206724
3.3 28.125 0.0196987
3.3 30.375 0.0193366
3.3 32.625 0.0207025
3.3 34.875 0.0206984
3.3 37.125 0.0222588
3.3 39.375 0.0205952
3.3 41.625 0.0202082
3.3 43.875 0.0215285
3.5 1.125 0.0145199
3.5 3.375 0.0148115
3.5 5.625 0.014445
3.5 7.875 0.0153454
3.5 10.125 0.0192265
3.5 12.375 0.014675
3.5 14.625 0.0147626
3.5 16.875 0.0158247
3.5 19.125 0.0154996
3.5 21.375 0.0158596
3.5 23.625 0.015578
3.5 25.875 0.0177175
3.5 28.125 0.0172137
3.5 30.375 0.0171943
3.5 32.625 0.0172096
3.5 34.875 0.0171653
3.5 37.125 0.0157295
3.5 39.375 0.0166726
3.5 41.625 0.0167975
3.5 43.875 0.0162986
3.7 1.125 0.012275
3.7 3.375 0.0122368
3.7 5.625 0.0132331
3.7 7.875 0.0124793
3.7 10.125 0.0120887
3.7 12.375 0.0127113
3.7 14.625 0.0119838
3.7 16.875 0.0115586
3.7 19.125 0.0129027
3.7 21.375 0.0128936
3.7 23.625 0.0133206
3.7 25.875 0.0137613
3.7 28.125 0.0136041
3.7 30.375 0.0138726
3.7 32.625 0.0138947
3.7 34.875 0.0141666
3.7 37.125 0.013925
3.7 39.375 0.013708
3.7 41.625 0.0145295
3.7 43.875 0.0142524
3.9 1.125 0.011516
3.9 3.375 0.0114774
3.9 5.625 0.01124
3.9 7.875 0.0115933
3.9 10.125 0.0110524
3.9 12.375 0.0119175
3.9 14.625 0.011159
3.9 16.875 0.0107117
3.9 19.125 0.0111814
3.9 21.375 0.0203255
3.9 23.625 0.012233
3.9 25.875 0.0126258
3.9 28.125 0.0119619
3.9 30.375 0.0114819
3.9 32.625 0.0119221
3.9 34.875 0.0120435
3.9 37.125 0.0126201
3.9 39.375 0.0124183
3.9 41.625 0.0125321
3.9 43.875 0.0118671
4.1 1.125 0.0100731
4.1 3.375 0.00960365
4.1 5.625 0.00945338
4.1 7.875 0.0100657
4.1 10.125 0.00985734
4.1 12.375 0.0102857
4.1 14.625 0.0103237
4.1 16.875 0.00984295
4.1 19.125 0.00999869
4.1 21.375 0.0107663
4.1 23.625 0.0105096
4.1 25.875 0.0101958
4.1 28.125 0.0100596
4.1 30.375 0.0102784
4.1 32.625 0.0100269
4.1 34.875 0.00981167
4.1 37.125 0.0104134
4.1 39.375 0.00983418
4.1 41.625 0.0100914
4.1 43.875 0.00944707
4.3 1.125 0.0085271
4.3 3.375 0.00834009
4.3 5.625 0.00869091
4.3 7.875 0.0114016
4.3 10.125 0.00869726
4.3 12.375 0.00828965
4.3 14.625 0.00819163
4.3 16.875 0.00920724
4.3 19.125 0.00927829
4.3 21.375 0.0091056
4.3 23.625 0.00899359
4.3 25.875 0.00856553
4.3 28.125 0.00875249
4.3 30.375 0.0089119
4.3 32.625 0.00855793
4.3 34.875 0.00857116
4.3 37.125 0.00793739
4.3 39.375 0.00860131
4.3 41.625 0.00838929
4.3 43.875 0.00819991
4.5 1.125 0.00736427
4.5 3.375 0.0130851
4.5 5.625 0.00834208
4.5 7.875 0.00713542
4.5 10.125 0.00720586
4.5 12.375 0.00780943
4.5 14.625 0.00738176
4.5 16.875 0.00823009
4.5 19.125 0.0078836
4.5 21.375 0.00805125
4.5 23.625 0.00839133
4.5 25.875 0.00742809
4.5 28.125 0.00785007
4.5 30.375 0.00771228
4.5 32.625 0.00756771
4.5 34.875 0.00796093
4.5 37.125 0.00730877
4.5 39.375 0.00756808
4.5 41.625 0.00785301
4.5 43.875 0.00718234
4.7 1.125 0.00677992
4.7 3.375 0.0060583
4.7 5.625 0.00739554
4.7 7.875 0.00706961
4.7 10.125 0.0069761
4.7 12.375 0.00652477
4.7 14.625 0.00772111
4.7 16.875 0.00708821
4.7 19.125 0.00688282
4.7 21.375 0.00729839
4.7 23.625 0.00734592
4.7 25.875 0.00681766
4.7 28.125 0.00709844
4.7 30.375 0.00721575
4.7 32.625 0.00694221
4.7 34.875 0.00682886
4.7 37.125 0.00637647
4.7 39.375 0.00625038
4.7 41.625 0.00615056
4.7 43.875 0.00669297
4.9 1.125 0.00665212
4.9 3.375 0.00595511
4.9 5.625 0.0060959
4.9 7.875 0.00600348
4.9 10.125 0.00609299
4.9 12.375 0.00574
4.9 14.625 0.00559247
4.9 16.875 0.00603265
4.9 19.125 0.0067425
4.9 21.375 0.0112212
4.9 23.625 0.00576828
4.9 25.875 0.00698119
4.9 28.125 0.00615528
4.9 30.375 0.0062271
4.9 32.625 0.00604619
4.9 34.875 0.00677678
4.9 37.125 0.00635967
4.9 39.375 0.00575745
4.9 41.625 0.00578422
4.9 43.875 0.0059407
5.1 1.125 0.00588702
5.1 3.375 0.00591025
5.1 5.625 0.00590572
5.1 7.875 0.00554911
5.1 10.125 0.0058285
5.1 12.375 0.0120983
5.1 14.625 0.00533062
5.1 16.875 0.00577384
5.1 19.125 0.00581457
5.1 21.375 0.00584754
5.1 23.625 0.00555554
5.1 25.875 0.00548339
5.1 28.125 0.0111012
5.1 30.375 0.00585862
5.1 32.625 0.00572981
5.1 34.875 0.00550087
5.1 37.125 0.00543124
5.1 39.375 0.00534043
5.1 41.625 0.00471298
5.1 43.875 0.00517911
5.3 1.125 0.0053999
5.3 3.375 0.0101689
5.3 5.625 0.00506285
5.3 7.875 0.00484454
5.3 10.125 0.00454802
5.3 12.375 0.00475532
5.3 14.625 0.00483311
5.3 16.875 0.00522384
5.3 19.125 0.00544899
5.3 21.375 0.00546
5.3 23.625 0.00482614
5.3 25.875 0.00539605
5.3 28.125 0.00561073
5.3 30.375 0.00486941
5.3 32.625 0.00543505
5.3 34.875 0.00517107
5.3 37.125 0.0052127
5.3 39.375 0.00492382
5.3 41.625 0.00475522
5.3 43.875 0.00527854
5.5 1.125 0.0046885
5.5 3.375 0.00475296
5.5 5.625 0.00472678
5.5 7.875 0.00467772
5.5 10.125 0.00468567
5.5 12.375 0.00522652
5.5 14.625 0.0052677
5.5 16.875 0.00475585
5.5 19.125 0.00493107
5.5 21.375 0.00990811
5.5 23.625 0.00456367
5.5 25.875 0.00478437
5.5 28.125 0.00504572
5.5 30.375 0.00515837
5.5 32.625 0.0047826
5.5 34.875 0.00448028
5.5 37.125 0.0100993
5.5 39.375 0.00422024
5.5 41.625 0.00496565
5.5 43.875 0.00440823
5.7 1.125 0.00448191
5.7 3.375 0.0043588
5.7 5.625 0.00472276
5.7 7.875 0.00429871
5.7 10.125 0.00422943
5.7 12.375 0.00437713
5.7 14.625 0.00456898
5.7 16.875 0.0042837
5.7 19.125 0.00450982
5.7 21.375 0.00461975
5.7 23.625 0.0043959
5.7 25.875 0.00425024
5.7 28.125 0.00452038
5.7 30.375 0.00439813
5.7 32.625 0.00436475
5.7 34.875 0.00406014
5.7 37.125 0.00378437
5.7 39.375 0.00407773
5.7 41.625 0.00441003
5.7 43.875 0.00425548
5.9 1.125 0.00418613
5.9 3.375 0.0040332
5.9 5.625 0.00508609
5.9 7.875 0.00393428
5.9 10.125 0.00450849
5.9 12.375 0.00422161
5.9 14.625 0.00411761
5.9 16.875 0.00435091
5.9 19.125 0.00421151
5.9 21.375 0.00455814
5.9 23.625 0.00905366
5.9 25.875 0.00485151
5.9 28.125 0.00439267
5.9 30.375 0.00393453
5.9 32.625 0.00404312
5.9 34.875 0.00407492
5.9 37.125 0.0039038
5.9 39.375 0.00409234
5.9 41.625 0.00427167
5.9 43.875 0.0040815
6.1 1.125 0.00357347
6.1 3.375 0.00366942
6.1 5.625 0.00355587
6.1 7.875 0.00385924
6.1 10.125 0.00387016
6.1 12.375 0.00396761
6.1 14.625 0.00355037
6.1 16.875 0.00412574
6.1 19.125 0.00400908
6.1 21.375 0.00416147
6.1 23.625 0.00371615
6.1 25.875 0.00385332
6.1 28.125 0.00396009
6.1 30.375 0.00404591
6.1 32.625 0.00363801
6.1 34.875 0.00418518
6.1 37.125 0.00352794
6.1 39.375 0.00379794
6.1 41.625 0.00370249
6.1 43.875 0.00374799
6.3 1.125 0.00362445
6.3 3.375 0.00382496
6.3 5.625 0.00340363
6.3 7.875 0.00344588
6.3 10.125 0.00372478
6.3 12.375 0.00406188
6.3 14.625 0.00388922
6.3 16.875 0.00378821
6.3 19.125 0.00368079
6.3 21.375 0.00820782
6.3 23.625 0.00377105
6.3 25.875 0.00373454
6.3 28.125 0.00371327
6.3 30.375 0.0032844
6.3 32.625 0.00347482
6.3 34.875 0.00352805
6.3 37.125 0.00343957
6.3 39.375 0.00372038
6.3 41.625 0.00381124
6.3 43.875 0.00391682
6.5 1.125 0.00346409
6.5 3.375 0.00360862
6.5 5.625 0.00310933
6.5 7.875 0.00330874
6.5 10.125 0.00357603
6.5 12.375 0.00345365
6.5 14.625 0.00334388
6.5 16.875 0.00371075
6.5 19.125 0.00381289
6.5 21.375 0.00349181
6.5 23.625 0.00371363
6.5 25.875 0.0035487
6.5 28.125 0.00367473
6.5 30.375 0.00326317
6.5 32.625 0.0036639
6.5 34.875 0.00382873
6.5 37.125 0.00347325
6.5 39.375 0.0032954
6.5 41.625 0.00356409
6.5 43.875 0.00363186
6.7 1.125 0.00363131
6.7 3.375 0.00306894
6.7 5.625 0.00563255
6.7 7.875 0.00340444
6.7 10.125 0.00343441
6.7 12.375 0.00354863
6.7 14.625 0.00311956
6.7 16.875 0.00360661
6.7 19.125 0.00318609
6.7 21.375 0.00347405
6.7 23.625 0.00325135
6.7 25.875 0.00334291
6.7 28.125 0.0029363
6.7 30.375 0.00327022
6.7 32.625 0.00328538
6.7 34.875 0.00333992
6.7 37.125 0.00328838
6.7 39.375 0.00328428
6.7 41.625 0.0034388
6.7 43.875 0.00321706
6.9 1.125 0.00345889
6.9 3.375 0.0032388
6.9 5.625 0.00304965
6.9 7.875 0.00309767
6.9 10.125 0.0032286
6.9 12.375 0.00313565
6.9 14.625 0.00378596
6.9 16.875 0.00309333
6.9 19.125 0.00340593
6.9 21.375 0.00329994
6.9 23.625 0.00348541
6.9 25.875 0.00326607
6.9 28.125 0.00277099
6.9 30.375 0.00289038
6.9 32.625 0.00307969
6.9 34.875 0.00292288
6.9 37.125 0.00323403
6.9 39.375 0.00295839
6.9 41.625 0.00334003
6.9 43.875 0.00294289
7.1 1.125 0.00953933
7.1 3.375 0.00292128
7.1 5.625 0.0026494
7.1 7.875 0.00299989
7.1 10.125 0.00326821
7.1 12.375 0.00308231
7.1 14.625 0.00334563
7.1 16.875 0.00350345
7.1 19.125 0.0030918
7.1 21.375 0.00279834
7.1 23.625 0.011776
7.1 25.875 0.00316305
7.1 28.125 0.00309426
7.1 30.375 0.00294183
7.1 32.625 0.00288695
7.1 34.875 0.00284291
7.1 37.125 0.00290499
7.1 39.375 0.0028677
7.1 41.625 0.0029102
7.1 43.875 0.00306956
7.3 1.125 0.00252745
7.3 3.375 0.00312736
7.3 5.625 0.00298016
7.3 7.875 0.00281985
7.3 10.125 0.00285462
7.3 12.375 0.00293574
7.3 14.625 0.00285676
7.3 16.875 0.00285715
7.3 19.125 0.00291181
7.3 21.375 0.00310555
7.3 23.625 0.0030592
7.3 25.875 0.00281179
7.3 28.125 0.00295101
7.3 30.375 0.00287549
7.3 32.625 0.00295693
7.3 34.875 0.0035152
7.3 37.125 0.00269458
7.3 39.375 0.00285721
7.3 41.625 0.00260972
7.3 43.875 0.00303526
7.5 1.125 0.00255039
7.5 3.375 0.0030157
7.5 5.625 0.00283569
7.5 7.875 0.00282074
7.5 10.125 0.00336934
7.5 12.375 0.00278475
7.5 14.625 0.00294514
7.5 16.875 0.0099693
7.5 19.125 0.0100386
7.5 21.375 0.00286534
7.5 23.625 0.00288941
7.5 25.875 0.00261599
7.5 28.125 0.0038351
7.5 30.375 0.00287527
7.5 32.625 0.00275623
7.5 34.875 0.00291863
7.5 37.125 0.00510702
7.5 39.375 0.00256373
7.5 41.625 0.00294569
7.5 43.875 0.00293849
7.7 1.125 0.00292193
7.7 3.375 0.00298728
7.7 5.625 0.00276294
7.7 7.875 0.00259346
7.7 10.125 0.00289948
7.7 12.375 0.00254697
7.7 14.625 0.00464991
7.7 16.875 0.00298331
7.7 19.125 0.00345405
7.7 21.375 0.00265732
7.7 23.625 0.00270441
7.7 25.875 0.00256018
7.7 28.125 0.00374273
7.7 30.375 0.00285457
7.7 32.625 0.00275918
7.7 34.875 0.00301339
7.7 37.125 0.00224381
7.7 39.375 0.00284268
7.7 41.625 0.0027051
7.7 43.875 0.00287115
7.9 1.125 0.00237308
7.9 3.375 0.00259729
7.9 5.625 0.00271754
7.9 7.875 0.00277761
7.9 10.125 0.00287507
7.9 12.375 0.00278109
7.9 14.625 0.00261771
7.9 16.875 0.00277665
7.9 19.125 0.00264165
7.9 21.375 0.00248262
7.9 23.625 0.00261845
7.9 25.875 0.00275046
7.9 28.125 0.00286747
7.9 30.375 0.00266869
7.9 32.625 0.00293009
7.9 34.875 0.00282093
7.9 37.125 0.0027386
7.9 39.375 0.00300947
7.9 41.625 0.00238606
7.9 43.875 0.00253161
8.1 1.125 0.00298382
8.1 3.375 0.00278894
8.1 5.625 0.00317429
8.1 7.875 0.00274553
8.1 10.125 0.00265417
8.1 12.375 0.00285434
8.1 14.625 0.00268482
8.1 16.875 0.00268879
8.1 19.125 0.00266152
8.1 21.375 0.00303803
8.1 23.625 0.00266665
8.1 25.875 0.00279159
8.1 28.125 0.00275897
8.1 30.375 0.0026683
8.1 32.625 0.00287279
8.1 34.875 0.0027783
8.1 37.125 0.00265873
8.1 39.375 0.00259527
8.1 41.625 0.00263017
8.1 43.875 0.0024184
8.3 1.125 0.00227928
8.3 3.375 0.00257635
8.3 5.625 0.00273822
8.3 7.875 0.00225544
8.3 10.125 0.0026203
8.3 12.375 0.00262151
8.3 14.625 0.00264821
8.3 16.875 0.00254639
8.3 19.125 0.0025987
8.3 21.375 0.00263094
8.3 23.625 0.00300895
8.3 25.875 0.00219879
8.3 28.125 0.00273831
8.3 30.375 0.0025812
8.3 32.625 0.00331537
8.3 34.875 0.00243946
8.3 37.125 0.00295473
8.3 39.375 0.00274165
8.3 41.625 0.00282774
8.3 43.875 0.00219278
8.5 1.125 0.00261402
8.5 3.375 0.00256028
8.5 5.625 0.00238677
8.5 7.875 0.0024937
8.5 10.125 0.00278611
8.5 12.375 0.00259438
8.5 14.625 0.00465061
8.5 16.875 0.00222087
8.5 19.125 0.00337978
8.5 21.375 0.00253502
8.5 23.625 0.00265247
8.5 25.875 0.00249973
8.5 28.125 0.00310671
8.5 30.375 0.00269226
8.5 32.625 0.00295103
8.5 34.875 0.00279373
8.5 37.125 0.00243338
8.5 39.375 0.00210441
8.5 41.625 0.00273985
8.5 43.875 0.00263847
8.7 1.125 0.00242216
8.7 3.375 0.00199285
8.7 5.625 0.00246299
8.7 7.875 0.00233793
8.7 10.125 0.00233049
8.7 12.375 0.0022567
8.7 14.625 0.00214462
8.7 16.875 0.0026798
8.7 19.125 0.00271585
8.7 21.375 0.00256668
8.7 23.625 0.00227882
8.7 25.875 0.00305018
8.7 28.125 0.00237831
8.7 30.375 0.0027484
8.7 32.625 0.00248479
8.7 34.875 0.00328841
8.7 37.125 0.00267491
8.7 39.375 0.00228745
8.7 41.625 0.00237219
8.7 43.875 0.0027024
8.9 1.125 0.00260944
8.9 3.375 0.00223158
8.9 5.625 0.00247853
8.9 7.875 0.0020371
8.9 10.125 0.00234039
8.9 12.375 0.00245354
8.9 14.625 0.00263916
8.9 16.875 0.00269411
8.9 19.125 0.00243654
8.9 21.375 0.00257135
8.9 23.625 0.0026877
8.9 25.875 0.00250691
8.9 28.125 0.00249273
8.9 30.375 0.00239605
8.9 32.625 0.00282727
8.9 34.875 0.00240944
8.9 37.125 0.00232051
8.9 39.375 0.00251364
8.9 41.625 0.00251671
8.9 43.875 0.00204575
9.1 1.125 0.00240544
9.1 3.375 0.00222173
9.1 5.625 0.00232105
9.1 7.875 0.00269697
9.1 10.125 0.00243005
9.1 12.375 0.00230924
9.1 14.625 0.0021525
9.1 16.875 0.00239952
9.1 19.125 0.00252459
9.1 21.375 0.00265925
9.1 23.625 0.00225154
9.1 25.875 0.00189904
9.1 28.125 0.00250696
9.1 30.375 0.00259345
9.1 32.625 0.00267524
9.1 34.875 0.00255061
9.1 37.125 0.00245784
9.1 39.375 0.0025899
9.1 41.625 0.00255697
9.1 43.875 0.00208806
9.3 1.125 0.00252692
9.3 3.375 0.00228792
9.3 5.625 0.00220312
9.3 7.875 0.00215872
9.3 10.125 0.0022144
9.3 12.375 0.00251737
9.3 14.625 0.00263708
9.3 16.875 0.00278964
9.3 19.125 0.00199784
9.3 21.375 0.0024844
9.3 23.625 0.00242579
9.3 25.875 0.00238202
9.3 28.125 0.00248915
9.3 30.375 0.00240902
9.3 32.625 0.00204038
9.3 34.875 0.00242023
9.3 37.125 0.0020022
9.3 39.375 0.00240133
9.3 41.625 0.00268407
9.3 43.875 0.00224229
9.5 1.125 0.00290664
9.5 3.375 0.00648416
9.5 5.625 0.00267703
9.5 7.875 0.00227407
9.5 10.125 0.0024206
9.5 12.375 0.00235543
9.5 14.625 0.00237559
9.5 16.875 0.00261068
9.5 19.125 0.0026869
9.5 21.375 0.0026317
9.5 23.625 0.00196002
9.5 25.875 0.00239459
9.5 28.125 0.00226206
9.5 30.375 0.00400302
9.5 32.625 0.00217432
9.5 34.875 0.00228006
9.5 37.125 0.00208729
9.5 39.375 0.00204802
9.5 41.625 0.0023461
9.5 43.875 0.00277308
9.7 1.125 0.00219817
9.7 3.375 0.00236449
9.7 5.625 0.002298
9.7 7.875 0.00216717
9.7 10.125 0.00216404
9.7 12.375 0.00208191
9.7 14.625 0.00232231
9.7 16.875 0.00256836
9.7 19.125 0.00246413
9.7 21.375 0.00268698
9.7 23.625 0.00236725
9.7 25.875 0.00250875
9.7 28.125 0.00221095
9.7 30.375 0.00211199
9.7 32.625 0.00233331
9.7 34.875 0.00237616
9.7 37.125 0.00230592
9.7 39.375 0.00204549
9.7 41.625 0.00195058
9.7 43.875 0.00183266
9.9 1.125 0.0027553
9.9 3.375 0.00220204
9.9 5.625 0.00202821
9.9 7.875 0.0020196
9.9 10.125 0.00225651
9.9 12.375 0.00238614
9.9 14.625 0.00404733
9.9 16.875 0.00253616
9.9 19.125 0.00188794
9.9 21.375 0.0023107
9.9 23.625 0.00290038
9.9 25.875 0.0023501
9.9 28.125 0.00253469
9.9 30.375 0.00186421
9.9 32.625 0.00229397
9.9 34.875 0.00276404
9.9 37.125 0.00299836
9.9 39.375 0.00248389
9.9 41.625 0.00220226
9.9 43.875 0.0025268
10.1 1.125 0.00210433
10.1 3.375 0.00212086
10.1 5.625 0.0022821
10.1 7.875 0.00245926
10.1 10.125 0.00665331
10.1 12.375 0.00237466
10.1 14.625 0.00241905
10.1 16.875 0.00196024
10.1 19.125 0.00238651
10.1 21.375 0.00225152
10.1 23.625 0.00254085
10.1 25.875 0.00267002
10.1 28.125 0.00263414
10.1 30.375 0.00239915
10.1 32.625 0.00204168
10.1 34.875 0.00548571
10.1 37.125 0.00201234
10.1 39.375 0.0022514
10.1 41.625 0.0029525
10.1 43.875 0.00220848
10.3 1.125 0.00250062
10.3 3.375 0.00223
10.3 5.625 0.00273492
10.3 7.875 0.00209247
10.3 10.125 0.00210281
10.3 12.375 0.00255319
10.3 14.625 0.00179824
10.3 16.875 0.00243407
10.3 19.125 0.00194502
10.3 21.375 0.00228146
10.3 23.625 0.00245115
10.3 25.875 0.00221698
10.3 28.125 0.00223524
10.3 30.375 0.00197216
10.3 32.625 0.00185145
10.3 34.875 0.0022059
10.3 37.125 0.00212405
10.3 39.375 0.0022347
10.3 41.625 0.00201461
10.3 43.875 0.00181326
10.5 1.125 0.0024694
10.5 3.375 0.00239327
10.5 5.625 0.00373404
10.5 7.875 0.00414248
10.5 10.125 0.00188184
10.5 12.375 0.00268539
10.5 14.625 0.00253764
10.5 16.875 0.00257881
10.5 19.125 0.00285768
10.5 21.375 0.00248452
10.5 23.625 0.00243202
10.5 25.875 0.00203021
10.5 28.125 0.001998
10.5 30.375 0.0017179
10.5 32.625 0.00189375
10.5 34.875 0.00226604
10.5 37.125 0.00235852
10.5 39.375 0.00252262
10.5 41.625 0.00228964
10.5 43.875 0.00217809
10.7 1.125 0.00244236
10.7 3.375 0.00207703
10.7 5.625 0.00198173
10.7 7.875 0.00217218
10.7 10.125 0.00223114
10.7 12.375 0.002106
10.7 14.625 0.00192349
10.7 16.875 0.00223506
10.7 19.125 0.00206621
10.7 21.375 0.00303483
10.7 23.625 0.00213923
10.7 25.875 0.00332109
10.7 28.125 0.00187613
10.7 30.375 0.00225098
10.7 32.625 0.00294834
10.7 34.875 0.00227615
10.7 37.125 0.0017501
10.7 39.375 0.0018764
10.7 41.625 0.00208902
10.7 43.875 0.00229718
10.9 1.125 0.00194084
10.9 3.375 0.00194783
10.9 5.625 0.0020518
10.9 7.875 0.00253948
10.9 10.125 0.00228226
10.9 12.375 0.00231422
10.9 14.625 0.00230119
10.9 16.875 0.00292847
10.9 19.125 0.00266658
10.9 21.375 0.0350822
10.9 23.625 0.0021347
10.9 25.875 0.00191716
10.9 28.125 0.00207864
10.9 30.375 0.00208074
10.9 32.625 0.00216507
10.9 34.875 0.003345
10.9 37.125 0.00234148
10.9 39.375 0.00266654
10.9 41.625 0.00240407
10.9 43.875 0.00206475
11.1 1.125 0.00216344
11.1 3.375 0.00227187
11.1 5.625 0.0027785
11.1 7.875 0.00191599
11.1 10.125 0.00252222
11.1 12.375 0.00207954
11.1 14.625 0.00233357
11.1 16.875 0.00316512
11.1 19.125 0.00291393
11.1 21.375 0.00308483
11.1 23.625 0.00206288
11.1 25.875 0.00281933
11.1 28.125 0.00200287
11.1 30.375 0.00213767
11.1 32.625 0.0020129
11.1 34.875 0.00191554
11.1 37.125 0.0024977
11.1 39.375 0.00227599
11.1 41.625 0.00194651
11.1 43.875 0.00210245
11.3 1.125 0.00233487
11.3 3.375 0.00208956
11.3 5.625 0.00203406
11.3 7.875 0.00225211
11.3 10.125 0.00231523
11.3 12.375 0.00228189
11.3 14.625 0.00212884
11.3 16.875 0.0016563
11.3 19.125 0.00221968
11.3 21.375 0.00173691
11.3 23.625 0.00256865
11.3 25.875 0.00211251
11.3 28.125 0.00256707
11.3 30.375 0.00176242
11.3 32.625 0.00183845
11.3 34.875 0.00176993
11.3 37.125 0.00191848
11.3 39.375 0.00211164
11.3 41.625 0.00191264
11.3 43.875 0.00235381
11.5 1.125 0.00211237
11.5 3.375 0.00204305
11.5 5.625 0.00241244
11.5 7.875 0.0018277
11.5 10.125 0.00231684
11.5 12.375 0.00281682
11.5 14.625 0.00177435
11.5 16.875 0.00251517
11.5 19.125 0.00191419
11.5 21.375 0.00195939
11.5 23.625 0.00237919
11.5 25.875 0.00183286
11.5 28.125 0.00242985
11.5 30.375 0.00204059
11.5 32.625 0.00210864
11.5 34.875 0.00309066
11.5 37.125 0.00208409
11.5 39.375 0.00194323
11.5 41.625 0.0017478
11.5 43.875 0.0543836
11.7 1.125 0.00222111
11.7 3.375 0.00210687
11.7 5.625 0.00211433
11.7 7.875 0.00190931
11.7 10.125 0.00227985
11.7 12.375 0.00233492
11.7 14.625 0.00213547
11.7 16.875 0.00248629
11.7 19.125 0.00195624
11.7 21.375 0.00212585
11.7 23.625 0.00220336
11.7 25.875 0.00184771
11.7 28.125 0.00194212
11.7 30.375 0.00222666
11.7 32.625 0.00211232
11.7 34.875 0.00199205
11.7 37.125 0.00259444
11.7 39.375 0.00218992
11.7 41.625 0.00192597
11.7 43.875 0.00198571
11.9 1.125 0.00247689
11.9 3.375 0.00183928
11.9 5.625 0.00206932
11.9 7.875 0.00206688
11.9 10.125 0.00186555
11.9 12.375 0.00221418
11.9 14.625 0.00214812
11.9 16.875 0.00216861
11.9 19.125 0.00197811
11.9 21.375 0.00233074
11.9 23.625 0.00177728
11.9 25.875 0.0023326
11.9 28.125 0.00231278
11.9 30.375 0.00251217
11.9 32.625 0.00259025
11.9 34.875 0.00209139
11.9 37.125 0.00270325
11.9 39.375 0.00277143
11.9 41.625 0.00188756
11.9 43.875 0.00172955
12.1 1.125 0.0022029
12.1 3.375 0.00219017
12.1 5.625 0.00222422
12.1 7.875 0.00179903
12.1 10.125 0.00168551
12.1 12.375 0.00234633
12.1 14.625 0.00229127
12.1 16.875 0.00196622
12.1 19.125 0.0028774
12.1 21.375 0.00191439
12.1 23.625 0.0029371
12.1 25.875 0.00176994
12.1 28.125 0.00194535
12.1 30.375 0.00234537
12.1 32.625 0.00239287
12.1 34.875 0.00151163
12.1 37.125 0.00165709
12.1 39.375 0.00221842
12.1 41.625 0.00198944
12.1 43.875 0.00179539
12.3 1.125 0.00208561
12.3 3.375 0.00169486
12.3 5.625 0.00280062
12.3 7.875 0.00218947
12.3 10.125 0.00242289
12.3 12.375 0.0020161
12.3 14.625 0.00267304
12.3 16.875 0.00219453
12.3 19.125 0.00237508
12.3 21.375 0.00262502
12.3 23.625 0.00234466
12.3 25.875 0.00253101
12.3 28.125 0.00221652
12.3 30.375 0.00199209
12.3 32.625 0.00170517
12.3 34.875 0.00145343
12.3 37.125 0.00227228
12.3 39.375 0.0017609
12.3 41.625 0.00189226
12.3 43.875 0.00186742
12.5 1.125 0.00187766
12.5 3.375 0.00215798
12.5 5.625 0.00177335
12.5 7.875 0.0201385
12.5 10.125 0.00206794
12.5 12.375 0.00197842
12.5 14.625 0.00175064
12.5 16.875 0.00199372
12.5 19.125 0.0022502
12.5 21.375 0.00209133
12.5 23.625 0.00230939
12.5 25.875 0.00233177
12.5 28.125 0.00200667
12.5 30.375 0.0017767
12.5 32.625 0.00176493
12.5 34.875 0.00246208
12.5 37.125 0.00209596
12.5 39.375 0.00222763
12.5 41.625 0.00155492
12.5 43.875 0.00213316
12.7 1.125 0.00531997
12.7 3.375 0.00332997
12.7 5.625 0.00268075
12.7 7.875 0.00220147
12.7 10.125 0.002431
12.7 12.375 0.00226791
12.7 14.625 0.00281974
12.7 16.875 0.00182022
12.7 19.125 0.00210007
12.7 21.375 0.00216418
12.7 23.625 0.00178271
12.7 25.875 0.00190677
12.7 28.125 0.00216592
12.7 30.375 0.00220526
12.7 32.625 0.0019148
12.7 34.875 0.00216197
12.7 37.125 0.00210519
12.7 39.375 0.00191595
12.7 41.625 0.00155604
12.7 43.875 0.00199417
12.9 1.125 0.00186302
12.9 3.375 0.00181672
12.9 5.625 0.00251805
12.9 7.875 0.0508091
12.9 10.125 0.00198443
12.9 12.375 0.00236
12.9 14.625 0.00186895
12.9 16.875 0.00183386
12.9 19.125 0.00293599
12.9 21.375 0.00185265
12.9 23.625 0.00193752
12.9 25.875 0.00168666
12.9 28.125 0.00169714
12.9 30.375 0.00168701
12.9 32.625 0.00195374
12.9 34.875 0.00138359
12.9 37.125 0.0024793
12.9 39.375 0.0010465
12.9 41.625 0.00198619
12.9 43.875 0.00291757
13.1 1.125 0.00232661
13.1 3.375 0.00158515
13.1 5.625 0.00154914
13.1 7.875 0.00187452
13.1 10.125 0.00219314
13.1 12.375 0.00217027
13.1 14.625 0.00282003
13.1 16.875 0.0093512
13.1 19.125 0.00185019
13.1 21.375 0.00165167
13.1 23.625 0.00294368
13.1 25.875 0.00170086
13.1 28.125 0.00183094
13.1 30.375 0.00165298
13.1 32.625 0.00219442
13.1 34.875 0.00134094
13.1 37.125 0.00585687
13.1 39.375 0.00286464
13.1 41.625 0.00240383
13.1 43.875 0.00214244
13.3 1.125 0.00198532
13.3 3.375 0.00213557
13.3 5.625 0.00157548
13.3 7.875 0.00143884
13.3 10.125 0.00194225
13.3 12.375 0.00194634
13.3 14.625 0.00187048
13.3 16.875 0.00443168
13.3 19.125 0.00200131
13.3 21.375 0.00205329
13.3 23.625 0.00194836
13.3 25.875 0.00165773
13.3 28.125 0.00185093
13.3 30.375 0.00229931
13.3 32.625 0.00182805
13.3 34.875 0.00229486
13.3 37.125 0.00476593
13.3 39.375 0.00170313
13.3 41.625 0.00184096
13.3 43.875 0.00183104
13.5 1.125 0.00210879
13.5 3.375 0.00191676
13.5 5.625 0.00242765
13.5 7.875 0.00209722
13.5 10.125 0.00184947
13.5 12.375 0.0012626
13.5 14.625 0.001507
13.5 16.875 0.00165939
13.5 19.125 0.00207721
13.5 21.375 0.00230998
13.5 23.625 0.0025125
13.5 25.875 0.00239221
13.5 28.125 0.00176467
13.5 30.375 0.00190292
13.5 32.625 0.00201221
13.5 34.875 0.00167428
13.5 37.125 0.00164874
13.5 39.375 0.00284183
13.5 41.625 0.00206254
13.5 43.875 0.00185206
13.7 1.125 0.00158612
13.7 3.375 0.00196718
13.7 5.625 0.0019683
13.7 7.875 0.00164805
13.7 10.125 0.00267146
13.7 12.375 0.00186088
13.7 14.625 0.00204255
13.7 16.875 0.00201035
13.7 19.125 0.00207163
13.7 21.375 0.00218108
13.7 23.625 0.00193531
13.7 25.875 0.00188441
13.7 28.125 0.00207046
13.7 30.375 0.00219183
13.7 32.625 0.00172012
13.7 34.875 0.00200959
13.7 37.125 0.00388899
13.7 39.375 0.002179
13.7 41.625 0.00207613
13.7 43.875 0.00182319
13.9 1.125 0.00161216
13.9 3.375 0.0018756
13.9 5.625 0.00205007
13.9 7.875 0.00235974
13.9 10.125 0.00257007
13.9 12.375 0.00213662
13.9 14.625 0.00273222
13.9 16.875 0.00216649
13.9 19.125 0.00194255
13.9 21.375 0.00175374
13.9 23.625 0.00225931
13.9 25.875 0.00282986
13.9 28.125 0.00197042
13.9 30.375 0.00193168
13.9 32.625 0.00202848
13.9 34.875 0.00108552
13.9 37.125 0.00198251
13.9 39.375 0.00233326
13.9 41.625 0.00205272
13.9 43.875 0.00203519
