0.1 1.125 1.68253
0.1 3.375 1.62978
0.1 5.625 1.35527
0.1 7.875 1.21314
0.1 10.125 1.27874
0.1 12.375 1.11097
0.1 14.625 1.02634
0.1 16.875 1.23005
0.1 19.125 1.3206
0.1 21.375 1.696
0.1 23.625 1.52283
0.1 25.875 1.65131
0.1 28.125 1.61912
0.1 30.375 1.65494
0.1 32.625 1.37185
0.1 34.875 1.64585
0.1 37.125 1.52227
0.1 39.375 1.62614
0.1 41.625 1.47082
0.3 1.125 1.50672
0.3 3.375 1.53994
0.3 5.625 1.63267
0.3 7.875 1.54013
0.3 10.125 1.63766
0.3 12.375 1.63774
0.3 14.625 1.64299
0.3 16.875 1.57844
0.3 19.125 1.63383
0.3 21.375 1.60251
0.3 23.625 1.57576
0.3 25.875 1.62746
0.3 28.125 1.58882
0.3 30.375 1.55071
0.3 32.625 1.58793
0.3 34.875 1.62401
0.3 37.125 1.59449
0.3 39.375 1.57824
0.3 41.625 1.62241
0.3 43.875 1.56235
0.5 1.125 1.44702
0.5 3.375 1.49987
0.5 5.625 1.50758
0.5 7.875 1.55922
0.5 10.125 1.53975
0.5 12.375 1.53705
0.5 14.625 1.60908
0.5 16.875 1.58099
0.5 19.125 1.58458
0.5 21.375 1.58603
0.5 23.625 1.56656
0.5 25.875 1.58097
0.5 28.125 1.58563
0.5 30.375 1.59516
0.5 32.625 1.57102
0.5 34.875 1.60351
0.5 37.125 1.56418
0.5 39.375 1.60275
0.5 41.625 1.58134
0.5 43.875 1.57296
0.7 1.125 1.48193
0.7 3.375 1.47407
0.7 5.625 1.48313
0.7 7.875 1.49176
0.7 10.125 1.51046
0.7 12.375 1.5152
0.7 14.625 1.51638
0.7 16.875 1.51888
0.7 19.125 1.50459
0.7 21.375 1.48179
0.7 23.625 1.46512
0.7 25.875 1.49959
0.7 28.125 1.49112
0.7 30.375 1.48108
0.7 32.625 1.49755
0.7 34.875 1.49322
0.7 37.125 1.50651
0.7 39.375 1.49824
0.7 41.625 1.52317
0.7 43.875 1.50626
0.9 1.125 1.25333
0.9 3.375 1.33018
0.9 5.625 1.31302
0.9 7.875 1.33682
0.9 10.125 1.34346
0.9 12.375 1.32402
0.9 14.625 1.3327
0.9 16.875 1.3436
0.9 19.125 1.32175
0.9 21.375 1.35745
0.9 23.625 1.3692
0.9 25.875 1.35226
0.9 28.125 1.3946
0.9 30.375 1.39348
0.9 32.625 1.3813
0.9 34.875 1.39225
0.9 37.125 1.41878
0.9 39.375 1.43692
0.9 41.625 1.39731
0.9 43.875 1.35565
1.1 1.125 0.875367
1.1 3.375 0.962141
1.1 5.625 0.99698
1.1 7.875 0.998796
1.1 10.125 0.984658
1.1 12.375 1.03575
1.1 14.625 1.03773
1.1 16.875 1.09455
1.1 19.125 1.06595
1.1 21.375 1.12423
1.1 23.625 1.11333
1.1 25.875 1.1549
1.1 28.125 1.20531
1.1 30.375 1.24743
1.1 32.625 1.2292
1.1 34.875 1.27924
1.1 37.125 1.23735
1.1 39.375 1.2632
1.1 41.625 1.25291
1.1 43.875 1.29298
1.3 1.125 0.558338
1.3 3.375 0.581712
1.3 5.625 0.59318
1.3 7.875 0.55217
1.3 10.125 0.583182
1.3 12.375 0.621604
1.3 14.625 0.625951
1.3 16.875 0.621945
1.3 19.125 0.684246
1.3 21.375 0.673113
1.3 23.625 0.787474
1.3 25.875 0.775683
1.3 28.125 0.801892
1.3 30.375 0.909738
1.3 32.625 0.845868
1.3 34.875 0.919941
1.3 37.125 1.02782
1.3 39.375 0.992332
1.3 41.625 1.00981
1.3 43.875 1.04717
1.5 1.125 0.317288
1.5 3.375 0.274934
1.5 5.625 0.319374
1.5 7.875 0.32321
1.5 10.125 0.34262
1.5 12.375 0.333763
1.5 14.625 0.340088
1.5 16.875 0.341092
1.5 19.125 0.365841
1.5 21.375 0.394343
1.5 23.625 0.399941
1.5 25.875 0.393151
1.5 28.125 0.459368
1.5 30.375 0.496784
1.5 32.625 0.550556
1.5 34.875 0.567653
1.5 37.125 0.628576
1.5 39.375 0.631514
1.5 41.625 0.641433
1.5 43.875 0.687755
1.7 1.125 0.159517
1.7 3.375 0.169162
1.7 5.625 0.178637
1.7 7.875 0.189467
1.7 10.125 0.184905
1.7 12.375 0.192771
1.7 14.625 0.193911
1.7 16.875 0.191927
1.7 19.125 0.213108
1.7 21.375 0.214368
1.7 23.625 0.222153
1.7 25.875 0.229872
1.7 28.125 0.242529
1.7 30.375 0.240235
1.7 32.625 0.266635
1.7 34.875 0.309483
1.7 37.125 0.343468
1.7 39.375 0.355314
1.7 41.625 0.371138
1.7 43.875 0.403752
1.9 1.125 0.0998121
1.9 3.375 0.106906
1.9 5.625 0.109517
1.9 7.875 0.113677
1.9 10.125 0.110864
1.9 12.375 0.117087
1.9 14.625 0.117863
1.9 16.875 0.133028
1.9 19.125 0.12917
1.9 21.375 0.12845
1.9 23.625 0.134247
1.9 25.875 0.146304
1.9 28.125 0.133667
1.9 30.375 0.144266
1.9 32.625 0.170375
1.9 34.875 0.161743
1.9 37.125 0.177025
1.9 39.375 0.198295
1.9 41.625 0.194211
1.9 43.875 0.206494
2.1 1.125 0.0700571
2.1 3.375 0.0697692
2.1 5.625 0.0743698
2.1 7.875 0.0718881
2.1 10.125 0.075627
2.1 12.375 0.0726328
2.1 14.625 0.0745478
2.1 16.875 0.0815082
2.1 19.125 0.084889
2.1 21.375 0.0830415
2.1 23.625 0.0836091
2.1 25.875 0.0916899
2.1 28.125 0.0887342
2.1 30.375 0.0993963
2.1 32.625 0.105375
2.1 34.875 0.107539
2.1 37.125 0.112742
2.1 39.375 0.117125
2.1 41.625 0.121751
2.1 43.875 0.124149
2.3 1.125 0.0494505
2.3 3.375 0.0489584
2.3 5.625 0.0511224
2.3 7.875 0.053009
2.3 10.125 0.0515095
2.3 12.375 0.0500928
2.3 14.625 0.0531285
2.3 16.875 0.0538658
2.3 19.125 0.0565883
2.3 21.375 0.0589042
2.3 23.625 0.0600466
2.3 25.875 0.063408
2.3 28.125 0.0636051
2.3 30.375 0.0667872
2.3 32.625 0.0719768
2.3 34.875 0.0717477
2.3 37.125 0.0760197
2.3 39.375 0.0762201
2.3 41.625 0.0758555
2.3 43.875 0.0784392
2.5 1.125 0.0386184
2.5 3.375 0.0381663
2.5 5.625 0.0370886
2.5 7.875 0.0386722
2.5 10.125 0.0382527
2.5 12.375 0.039255
2.5 14.625 0.0374107
2.5 16.875 0.0380694
2.5 19.125 0.0413759
2.5 21.375 0.0405309
2.5 23.625 0.0435323
2.5 25.875 0.0446864
2.5 28.125 0.0429878
2.5 30.375 0.0445823
2.5 32.625 0.0482136
2.5 34.875 0.0473309
2.5 37.125 0.0504806
2.5 39.375 0.0483762
2.5 41.625 0.051797
2.5 43.875 0.0537304
2.7 1.125 0.0293631
2.7 3.375 0.029797
2.7 5.625 0.0279988
2.7 7.875 0.0281353
2.7 10.125 0.0303226
2.7 12.375 0.0292126
2.7 14.625 0.0298979
2.7 16.875 0.0306324
2.7 19.125 0.0308451
2.7 21.375 0.0299958
2.7 23.625 0.0316084
2.7 25.875 0.0325998
2.7 28.125 0.0340461
2.7 30.375 0.0355393
2.7 32.625 0.0344948
2.7 34.875 0.036375
2.7 37.125 0.0339093
2.7 39.375 0.0359723
2.7 41.625 0.0345119
2.7 43.875 0.0349172
2.9 1.125 0.0225047
2.9 3.375 0.0231768
2.9 5.625 0.0241171
2.9 7.875 0.0233547
2.9 10.125 0.0242737
2.9 12.375 0.0233175
2.9 14.625 0.0228876
2.9 16.875 0.0230755
2.9 19.125 0.0244524
2.9 21.375 0.0255319
2.9 23.625 0.0252495
2.9 25.875 0.0261569
2.9 28.125 0.0279354
2.9 30.375 0.0281898
2.9 32.625 0.0253673
2.9 34.875 0.0272037
2.9 37.125 0.0266786
2.9 39.375 0.0264539
2.9 41.625 0.0252189
2.9 43.875 0.0255417
3.1 1.125 0.0201238
3.1 3.375 0.0185269
3.1 5.625 0.0208019
3.1 7.875 0.0194058
3.1 10.125 0.0196325
3.1 12.375 0.0206059
3.1 14.625 0.020252
3.1 16.875 0.0205178
3.1 19.125 0.0205582
3.1 21.375 0.0209895
3.1 23.625 0.0215571
3.1 25.875 0.0218103
3.1 28.125 0.0230838
3.1 30.375 0.0222084
3.1 32.625 0.0219257
3.1 34.875 0.0211265
3.1 37.125 0.0209595
3.1 39.375 0.0207267
3.1 41.625 0.0210274
3.1 43.875 0.0213667
3.3 1.125 0.016034
3.3 3.375 0.0146829
3.3 5.625 0.0154962
3.3 7.875 0.0153742
3.3 10.125 0.0157314
3.3 12.375 0.0155778
3.3 14.625 0.0157177
3.3 16.875 0.0175034
3.3 19.125 0.0154841
3.3 21.375 0.0178952
3.3 23.625 0.017746
3.3 25.875 0.017925
3.3 28.125 0.0184249
3.3 30.375 0.0182293
3.3 32.625 0.0184967
3.3 34.875 0.0175288
3.3 37.125 0.0178105
3.3 39.375 0.0162333
3.3 41.625 0.0171915
3.3 43.875 0.0166577
3.5 1.125 0.0130821
3.5 3.375 0.0130315
3.5 5.625 0.0131936
3.5 7.875 0.0173954
3.5 10.125 0.0139765
3.5 12.375 0.0128501
3.5 14.625 0.0133554
3.5 16.875 0.0133737
3.5 19.125 0.0150262
3.5 21.375 0.0149958
3.5 23.625 0.0157388
3.5 25.875 0.0151666
3.5 28.125 0.015106
3.5 30.375 0.0155906
3.5 32.625 0.0151476
3.5 34.875 0.01529
3.5 37.125 0.0143324
3.5 39.375 0.0147217
3.5 41.625 0.0154112
3.5 43.875 0.0158974
3.7 1.125 0.0111753
3.7 3.375 0.0119627
3.7 5.625 0.0113887
3.7 7.875 0.0107458
3.7 10.125 0.0111086
3.7 12.375 0.0113781
3.7 14.625 0.0113769
3.7 16.875 0.0120949
3.7 19.125 0.0115973
3.7 21.375 0.012886
3.7 23.625 0.0123953
3.7 25.875 0.0127973
3.7 28.125 0.0127336
3.7 30.375 0.0127149
3.7 32.625 0.0128898
3.7 34.875 0.0131043
3.7 37.125 0.0130507
3.7 39.375 0.0124522
3.7 41.625 0.0130086
3.7 43.875 0.0115053
3.9 1.125 0.00976483
3.9 3.375 0.00964069
3.9 5.625 0.00962079
3.9 7.875 0.00976421
3.9 10.125 0.00982211
3.9 12.375 0.00951652
3.9 14.625 0.0095736
3.9 16.875 0.00983503
3.9 19.125 0.0100495
3.9 21.375 0.0103743
3.9 23.625 0.0105164
3.9 25.875 0.0111192
3.9 28.125 0.0107167
3.9 30.375 0.0101922
3.9 32.625 0.0108695
3.9 34.875 0.0105039
3.9 37.125 0.0108907
3.9 39.375 0.0110876
3.9 41.625 0.0106939
3.9 43.875 0.0104431
4.1 1.125 0.00904167
4.1 3.375 0.00836965
4.1 5.625 0.00819236
4.1 7.875 0.00770854
4.1 10.125 0.008436
4.1 12.375 0.00865705
4.1 14.625 0.00867202
4.1 16.875 0.00890827
4.1 19.125 0.00895265
4.1 21.375 0.00927799
4.1 23.625 0.00959008
4.1 25.875 0.00907181
4.1 28.125 0.00915729
4.1 30.375 0.00841047
4.1 32.625 0.00920773
4.1 34.875 0.00903454
4.1 37.125 0.00867268
4.1 39.375 0.00889888
4.1 41.625 0.00998149
4.1 43.875 0.00929585
4.3 1.125 0.00745849
4.3 3.375 0.00716515
4.3 5.625 0.00764257
4.3 7.875 0.00698816
4.3 10.125 0.00744831
4.3 12.375 0.00698754
4.3 14.625 0.00780475
4.3 16.875 0.00807692
4.3 19.125 0.00833364
4.3 21.375 0.00815771
4.3 23.625 0.00818505
4.3 25.875 0.00766874
4.3 28.125 0.00775384
4.3 30.375 0.00835802
4.3 32.625 0.00794373
4.3 34.875 0.00874382
4.3 37.125 0.0076622
4.3 39.375 0.00857368
4.3 41.625 0.00811562
4.3 43.875 0.00821581
4.5 1.125 0.00659293
4.5 3.375 0.0067127
4.5 5.625 0.00620954
4.5 7.875 0.00672151
4.5 10.125 0.0066412
4.5 12.375 0.00606241
4.5 14.625 0.00663608
4.5 16.875 0.00676112
4.5 19.125 0.00716743
4.5 21.375 0.00668318
4.5 23.625 0.00699513
4.5 25.875 0.00705592
4.5 28.125 0.0068657
4.5 30.375 0.00723335
4.5 32.625 0.006396
4.5 34.875 0.0073507
4.5 37.125 0.00729619
4.5 39.375 0.0071296
4.5 41.625 0.00702795
4.5 43.875 0.00685953
4.7 1.125 0.00678289
4.7 3.375 0.0061535
4.7 5.625 0.00682185
4.7 7.875 0.00546948
4.7 10.125 0.00567742
4.7 12.375 0.00565676
4.7 14.625 0.0060252
4.7 16.875 0.00571921
4.7 19.125 0.00613774
4.7 21.375 0.00641963
4.7 23.625 0.00645959
4.7 25.875 0.00653619
4.7 28.125 0.00656953
4.7 30.375 0.00635928
4.7 32.625 0.00643062
4.7 34.875 0.00579371
4.7 37.125 0.00650778
4.7 39.375 0.00620143
4.7 41.625 0.00630086
4.7 43.875 0.00667673
4.9 1.125 0.00566659
4.9 3.375 0.00518533
4.9 5.625 0.00505024
4.9 7.875 0.00522299
4.9 10.125 0.00552963
4.9 12.375 0.00536947
4.9 14.625 0.00538326
4.9 16.875 0.00598648
4.9 19.125 0.00554242
4.9 21.375 0.00547622
4.9 23.625 0.00590637
4.9 25.875 0.00575803
4.9 28.125 0.00541884
4.9 30.375 0.00550637
4.9 32.625 0.00621187
4.9 34.875 0.0056919
4.9 37.125 0.00606835
4.9 39.375 0.00911345
4.9 41.625 0.0048812
4.9 43.875 0.00538508
5.1 1.125 0.00544991
5.1 3.375 0.00455611
5.1 5.625 0.00482886
5.1 7.875 0.00487851
5.1 10.125 0.00470503
5.1 12.375 0.00477836
5.1 14.625 0.00489981
5.1 16.875 0.00494633
5.1 19.125 0.00713621
5.1 21.375 0.00816524
5.1 23.625 0.0051282
5.1 25.875 0.00733485
5.1 28.125 0.0051239
5.1 30.375 0.00461323
5.1 32.625 0.00491523
5.1 34.875 0.00493417
5.1 37.125 0.00521558
5.1 39.375 0.00563553
5.1 41.625 0.00498188
5.1 43.875 0.00546843
5.3 1.125 0.00429992
5.3 3.375 0.00445497
5.3 5.625 0.0042261
5.3 7.875 0.00440065
5.3 10.125 0.00451726
5.3 12.375 0.00477621
5.3 14.625 0.00443237
5.3 16.875 0.0045466
5.3 19.125 0.00470571
5.3 21.375 0.00455059
5.3 23.625 0.00429184
5.3 25.875 0.00520828
5.3 28.125 0.00460825
5.3 30.375 0.00447062
5.3 32.625 0.00462504
5.3 34.875 0.00488609
5.3 37.125 0.00482261
5.3 39.375 0.00477396
5.3 41.625 0.00455802
5.3 43.875 0.00492021
5.5 1.125 0.00406517
5.5 3.375 0.00426783
5.5 5.625 0.00376942
5.5 7.875 0.00413267
5.5 10.125 0.00415112
5.5 12.375 0.00424222
5.5 14.625 0.00395115
5.5 16.875 0.00444333
5.5 19.125 0.00425905
5.5 21.375 0.00753604
5.5 23.625 0.00436201
5.5 25.875 0.0043482
5.5 28.125 0.00428285
5.5 30.375 0.004788
5.5 32.625 0.00430419
5.5 34.875 0.00427081
5.5 37.125 0.00436535
5.5 39.375 0.00437416
5.5 41.625 0.00401509
5.5 43.875 0.00416323
5.7 1.125 0.00411223
5.7 3.375 0.0039486
5.7 5.625 0.00379814
5.7 7.875 0.00403039
5.7 10.125 0.00381023
5.7 12.375 0.00394653
5.7 14.625 0.00401338
5.7 16.875 0.00410378
5.7 19.125 0.00413231
5.7 21.375 0.00397847
5.7 23.625 0.00430651
5.7 25.875 0.00393565
5.7 28.125 0.00410034
5.7 30.375 0.00397077
5.7 32.625 0.00414383
5.7 34.875 0.00400948
5.7 37.125 0.00398865
5.7 39.375 0.00403099
5.7 41.625 0.00423955
5.7 43.875 0.00403398
5.9 1.125 0.00351615
5.9 3.375 0.00351126
5.9 5.625 0.00331231
5.9 7.875 0.00366478
5.9 10.125 0.00346009
5.9 12.375 0.00380278
5.9 14.625 0.00395894
5.9 16.875 0.00346612
5.9 19.125 0.00376735
5.9 21.375 0.00375347
5.9 23.625 0.0038845
5.9 25.875 0.00387582
5.9 28.125 0.00363955
5.9 30.375 0.0044583
5.9 32.625 0.00365181
5.9 34.875 0.00384734
5.9 37.125 0.00389137
5.9 39.375 0.00408008
5.9 41.625 0.00355839
5.9 43.875 0.00410526
6.1 1.125 0.00365041
6.1 3.375 0.00338914
6.1 5.625 0.00324092
6.1 7.875 0.00317738
6.1 10.125 0.00339079
6.1 12.375 0.00333507
6.1 14.625 0.00354406
6.1 16.875 0.00362262
6.1 19.125 0.00371569
6.1 21.375 0.00327968
6.1 23.625 0.00355087
6.1 25.875 0.00371006
6.1 28.125 0.00368712
6.1 30.375 0.00339513
6.1 32.625 0.0036927
6.1 34.875 0.00361795
6.1 37.125 0.0038126
6.1 39.375 0.00382912
6.1 41.625 0.0034999
6.1 43.875 0.00361049
6.3 1.125 0.00354926
6.3 3.375 0.00349374
6.3 5.625 0.0035478
6.3 7.875 0.00352352
6.3 10.125 0.00311621
6.3 12.375 0.00325829
6.3 14.625 0.00318081
6.3 16.875 0.0036392
6.3 19.125 0.00336008
6.3 21.375 0.00334275
6.3 23.625 0.00384509
6.3 25.875 0.00348856
6.3 28.125 0.00304865
6.3 30.375 0.00314536
6.3 32.625 0.00382776
6.3 34.875 0.00336128
6.3 37.125 0.00340589
6.3 39.375 0.00333643
6.3 41.625 0.00732854
6.3 43.875 0.00356104
6.5 1.125 0.00339052
6.5 3.375 0.00317063
6.5 5.625 0.00318687
6.5 7.875 0.00313843
6.5 10.125 0.00298447
6.5 12.375 0.00326254
6.5 14.625 0.00368274
6.5 16.875 0.00322458
6.5 19.125 0.00321193
6.5 21.375 0.00333011
6.5 23.625 0.00331205
6.5 25.875 0.00304248
6.5 28.125 0.00312983
6.5 30.375 0.00323635
6.5 32.625 0.00339713
6.5 34.875 0.00342311
6.5 37.125 0.00318546
6.5 39.375 0.00779935
6.5 41.625 0.00329678
6.5 43.875 0.0033522
6.7 1.125 0.00320388
6.7 3.375 0.00324445
6.7 5.625 0.00293628
6.7 7.875 0.00303982
6.7 10.125 0.00301757
6.7 12.375 0.00307856
6.7 14.625 0.003234
6.7 16.875 0.0030338
6.7 19.125 0.00321959
6.7 21.375 0.00329433
6.7 23.625 0.00314086
6.7 25.875 0.00298482
6.7 28.125 0.00330438
6.7 30.375 0.00317002
6.7 32.625 0.00293198
6.7 34.875 0.00308992
6.7 37.125 0.00339124
6.7 39.375 0.00289483
6.7 41.625 0.00303106
6.7 43.875 0.00506899
6.9 1.125 0.0040991
6.9 3.375 0.00614893
6.9 5.625 0.00281943
6.9 7.875 0.00294085
6.9 10.125 0.00293704
6.9 12.375 0.00289716
6.9 14.625 0.00310585
6.9 16.875 0.00318988
6.9 19.125 0.00316864
6.9 21.375 0.00296
6.9 23.625 0.00295556
6.9 25.875 0.00294974
6.9 28.125 0.00298181
6.9 30.375 0.00301927
6.9 32.625 0.00277066
6.9 34.875 0.00306617
6.9 37.125 0.00278313
6.9 39.375 0.00301267
6.9 41.625 0.00291477
6.9 43.875 0.00292256
7.1 1.125 0.011081
7.1 3.375 0.00365055
7.1 5.625 0.00792287
7.1 7.875 0.00312623
7.1 10.125 0.00293688
7.1 12.375 0.00264018
7.1 14.625 0.00289408
7.1 16.875 0.00285698
7.1 19.125 0.00297575
7.1 21.375 0.00297543
7.1 23.625 0.00392712
7.1 25.875 0.00274665
7.1 28.125 0.00357652
7.1 30.375 0.00281258
7.1 32.625 0.00297304
7.1 34.875 0.00286463
7.1 37.125 0.00305007
7.1 39.375 0.00327673
7.1 41.625 0.00271228
7.1 43.875 0.00269773
7.3 1.125 0.0114506
7.3 3.375 0.00268377
7.3 5.625 0.00275829
7.3 7.875 0.00284395
7.3 10.125 0.00258396
7.3 12.375 0.00321492
7.3 14.625 0.00767227
7.3 16.875 0.00266445
7.3 19.125 0.00382863
7.3 21.375 0.00268039
7.3 23.625 0.00272961
7.3 25.875 0.00279095
7.3 28.125 0.00301094
7.3 30.375 0.00298091
7.3 32.625 0.00271974
7.3 34.875 0.00288184
7.3 37.125 0.00265774
7.3 39.375 0.00288838
7.3 41.625 0.00309154
7.3 43.875 0.0027657
7.5 1.125 0.00826792
7.5 3.375 0.00350948
7.5 5.625 0.00291219
7.5 7.875 0.00969467
7.5 10.125 0.00274168
7.5 12.375 0.00290479
7.5 14.625 0.00318456
7.5 16.875 0.00833295
7.5 19.125 0.00545582
7.5 21.375 0.00276415
7.5 23.625 0.00285731
7.5 25.875 0.00263141
7.5 28.125 0.00280924
7.5 30.375 0.00269553
7.5 32.625 0.00289835
7.5 34.875 0.00297168
7.5 37.125 0.00277575
7.5 39.375 0.00267116
7.5 41.625 0.00263521
7.5 43.875 0.00270318
7.7 1.125 0.00248778
7.7 3.375 0.00270538
7.7 5.625 0.00273787
7.7 7.875 0.00292612
7.7 10.125 0.00270508
7.7 12.375 0.00517592
7.7 14.625 0.00253013
7.7 16.875 0.00310193
7.7 19.125 0.00957846
7.7 21.375 0.00267971
7.7 23.625 0.00275515
7.7 25.875 0.00258823
7.7 28.125 0.00284143
7.7 30.375 0.00269609
7.7 32.625 0.00248821
7.7 34.875 0.00262222
7.7 37.125 0.00251097
7.7 39.375 0.00249154
7.7 41.625 0.00267232
7.7 43.875 0.00255788
7.9 1.125 0.00270503
7.9 3.375 0.00243892
7.9 5.625 0.00260699
7.9 7.875 0.00539669
7.9 10.125 0.00257996
7.9 12.375 0.0036997
7.9 14.625 0.0031788
7.9 16.875 0.00286575
7.9 19.125 0.00257437
7.9 21.375 0.00259027
7.9 23.625 0.0036091
7.9 25.875 0.003342
7.9 28.125 0.00259417
7.9 30.375 0.00258688
7.9 32.625 0.00243791
7.9 34.875 0.00266285
7.9 37.125 0.00240016
7.9 39.375 0.00261776
7.9 41.625 0.00252365
7.9 43.875 0.00289744
8.1 1.125 0.00346184
8.1 3.375 0.00254329
8.1 5.625 0.00230448
8.1 7.875 0.00309054
8.1 10.125 0.00696466
8.1 12.375 0.00264372
8.1 14.625 0.00254443
8.1 16.875 0.0026132
8.1 19.125 0.0100368
8.1 21.375 0.00258204
8.1 23.625 0.00272578
8.1 25.875 0.00252984
8.1 28.125 0.0024452
8.1 30.375 0.00254935
8.1 32.625 0.0024276
8.1 34.875 0.00273208
8.1 37.125 0.00251618
8.1 39.375 0.00260778
8.1 41.625 0.00233096
8.1 43.875 0.00255743
8.3 1.125 0.00487272
8.3 3.375 0.00301869
8.3 5.625 0.0024115
8.3 7.875 0.00253895
8.3 10.125 0.00255053
8.3 12.375 0.00237252
8.3 14.625 0.00282964
8.3 16.875 0.0022289
8.3 19.125 0.00252245
8.3 21.375 0.0026509
8.3 23.625 0.00285486
8.3 25.875 0.00250201
8.3 28.125 0.00353364
8.3 30.375 0.00245536
8.3 32.625 0.00297591
8.3 34.875 0.00246803
8.3 37.125 0.00236901
8.3 39.375 0.00265547
8.3 41.625 0.00273208
8.3 43.875 0.00254952
8.5 1.125 0.00252465
8.5 3.375 0.00221966
8.5 5.625 0.00238622
8.5 7.875 0.00253334
8.5 10.125 0.00296091
8.5 12.375 0.00239269
8.5 14.625 0.00247094
8.5 16.875 0.00228488
8.5 19.125 0.0020332
8.5 21.375 0.00251
8.5 23.625 0.00227569
8.5 25.875 0.00235266
8.5 28.125 0.00282385
8.5 30.375 0.00260119
8.5 32.625 0.00857546
8.5 34.875 0.00248819
8.5 37.125 0.00266904
8.5 39.375 0.00252162
8.5 41.625 0.00234793
8.5 43.875 0.00268369
8.7 1.125 0.00219253
8.7 3.375 0.00216882
8.7 5.625 0.00234125
8.7 7.875 0.00242215
8.7 10.125 0.00252729
8.7 12.375 0.00218974
8.7 14.625 0.00267281
8.7 16.875 0.0104118
8.7 19.125 0.00254074
8.7 21.375 0.00262123
8.7 23.625 0.00227475
8.7 25.875 0.00254113
8.7 28.125 0.0120107
8.7 30.375 0.00232189
8.7 32.625 0.00255468
8.7 34.875 0.00298522
8.7 37.125 0.00252128
8.7 39.375 0.00243848
8.7 41.625 0.00259303
8.7 43.875 0.0024654
8.9 1.125 0.00219869
8.9 3.375 0.00251339
8.9 5.625 0.00292139
8.9 7.875 0.00249776
8.9 10.125 0.00246981
8.9 12.375 0.00262252
8.9 14.625 0.00249839
8.9 16.875 0.00205153
8.9 19.125 0.00228619
8.9 21.375 0.00257207
8.9 23.625 0.00222477
8.9 25.875 0.00237786
8.9 28.125 0.0022238
8.9 30.375 0.00236878
8.9 32.625 0.00336421
8.9 34.875 0.00272933
8.9 37.125 0.00259583
8.9 39.375 0.00279142
8.9 41.625 0.00242786
8.9 43.875 0.00222759
9.1 1.125 0.00216707
9.1 3.375 0.00234747
9.1 5.625 0.00274236
9.1 7.875 0.00238431
9.1 10.125 0.00218622
9.1 12.375 0.00223777
9.1 14.625 0.00243913
9.1 16.875 0.00249498
9.1 19.125 0.00247136
9.1 21.375 0.0023171
9.1 23.625 0.00225306
9.1 25.875 0.00250754
9.1 28.125 0.00245112
9.1 30.375 0.00243645
9.1 32.625 0.00244134
9.1 34.875 0.00251374
9.1 37.125 0.00226149
9.1 39.375 0.00260903
9.1 41.625 0.0023977
9.1 43.875 0.00212752
9.3 1.125 0.00250303
9.3 3.375 0.00192153
9.3 5.625 0.00236525
9.3 7.875 0.00230311
9.3 10.125 0.00234613
9.3 12.375 0.00248714
9.3 14.625 0.00229001
9.3 16.875 0.0024323
9.3 19.125 0.00227753
9.3 21.375 0.00226614
9.3 23.625 0.00270518
9.3 25.875 0.00276044
9.3 28.125 0.00235123
9.3 30.375 0.00214733
9.3 32.625 0.00236098
9.3 34.875 0.00213266
9.3 37.125 0.00224417
9.3 39.375 0.00235999
9.3 41.625 0.00331772
9.3 43.875 0.00262031
9.5 1.125 0.00388476
9.5 3.375 0.00240048
9.5 5.625 0.00478008
9.5 7.875 0.00265666
9.5 10.125 0.00255389
9.5 12.375 0.00270877
9.5 14.625 0.00230948
9.5 16.875 0.00211918
9.5 19.125 0.0134269
9.5 21.375 0.00203468
9.5 23.625 0.00249642
9.5 25.875 0.00240893
9.5 28.125 0.00203633
9.5 30.375 0.00243991
9.5 32.625 0.00229114
9.5 34.875 0.00221532
9.5 37.125 0.00257848
9.5 39.375 0.00231884
9.5 41.625 0.00239171
9.5 43.875 0.00220487
9.7 1.125 0.00265034
9.7 3.375 0.00207603
9.7 5.625 0.00225832
9.7 7.875 0.00237549
9.7 10.125 0.00209355
9.7 12.375 0.00241542
9.7 14.625 0.0023189
9.7 16.875 0.00230728
9.7 19.125 0.00238131
9.7 21.375 0.00218926
9.7 23.625 0.00213211
9.7 25.875 0.00212059
9.7 28.125 0.00257636
9.7 30.375 0.00256147
9.7 32.625 0.00229955
9.7 34.875 0.00190881
9.7 37.125 0.00252997
9.7 39.375 0.00200158
9.7 41.625 0.00281426
9.7 43.875 0.00243618
9.9 1.125 0.00276085
9.9 3.375 0.00325001
9.9 5.625 0.00235989
9.9 7.875 0.00244032
9.9 10.125 0.00213219
9.9 12.375 0.00236632
9.9 14.625 0.00239021
9.9 16.875 0.00226864
9.9 19.125 0.00230107
9.9 21.375 0.00238406
9.9 23.625 0.00186483
9.9 25.875 0.00208779
9.9 28.125 0.00256444
9.9 30.375 0.00286228
9.9 32.625 0.00207217
9.9 34.875 0.0021948
9.9 37.125 0.00226126
9.9 39.375 0.00234964
9.9 41.625 0.00220402
9.9 43.875 0.00234511
10.1 1.125 0.00330517
10.1 3.375 0.00240291
10.1 5.625 0.00239846
10.1 7.875 0.00215199
10.1 10.125 0.00256345
10.1 12.375 0.00228014
10.1 14.625 0.00349178
10.1 16.875 0.016274
10.1 19.125 0.00648782
10.1 21.375 0.00243888
10.1 23.625 0.00198561
10.1 25.875 0.0022228
10.1 28.125 0.00248142
10.1 30.375 0.00204088
10.1 32.625 0.0022622
10.1 34.875 0.00202963
10.1 37.125 0.00223208
10.1 39.375 0.00252997
10.1 41.625 0.00227456
10.1 43.875 0.00233748
10.3 1.125 0.00233801
10.3 3.375 0.00519248
10.3 5.625 0.00254895
10.3 7.875 0.00249141
10.3 10.125 0.00304578
10.3 12.375 0.00240823
10.3 14.625 0.00387245
10.3 16.875 0.00257147
10.3 19.125 0.00218307
10.3 21.375 0.00201888
10.3 23.625 0.00222418
10.3 25.875 0.00206048
10.3 28.125 0.0017579
10.3 30.375 0.00205293
10.3 32.625 0.0025098
10.3 34.875 0.00198493
10.3 37.125 0.00216375
10.3 39.375 0.0022607
10.3 41.625 0.00289298
10.3 43.875 0.0121597
10.5 1.125 0.00202206
10.5 3.375 0.00238491
10.5 5.625 0.00217785
10.5 7.875 0.0165747
10.5 10.125 0.00228491
10.5 12.375 0.00231239
10.5 14.625 0.00242062
10.5 16.875 0.00191816
10.5 19.125 0.00191993
10.5 21.375 0.00179427
10.5 23.625 0.00214408
10.5 25.875 0.0023161
10.5 28.125 0.00217791
10.5 30.375 0.00210262
10.5 32.625 0.00247733
10.5 34.875 0.00245724
10.5 37.125 0.00260176
10.5 39.375 0.00240686
10.5 41.625 0.00259152
10.5 43.875 0.00264934
10.7 1.125 0.00252923
10.7 3.375 0.0275953
10.7 5.625 0.00188421
10.7 7.875 0.00179256
10.7 10.125 0.00178755
10.7 12.375 0.00301944
10.7 14.625 0.00250758
10.7 16.875 0.00202128
10.7 19.125 0.00255222
10.7 21.375 0.00232247
10.7 23.625 0.00251885
10.7 25.875 0.00262157
10.7 28.125 0.00298415
10.7 30.375 0.00223402
10.7 32.625 0.00325783
10.7 34.875 0.00208211
10.7 37.125 0.00221527
10.7 39.375 0.00277098
10.7 41.625 0.00217186
10.7 43.875 0.00227701
10.9 1.125 0.00228695
10.9 3.375 0.00193015
10.9 5.625 0.00222599
10.9 7.875 0.00275073
10.9 10.125 0.00246844
10.9 12.375 0.00237476
10.9 14.625 0.00192902
10.9 16.875 0.00191387
10.9 19.125 0.00217318
10.9 21.375 0.00203718
10.9 23.625 0.00271474
10.9 25.875 0.00181961
10.9 28.125 0.00239088
10.9 30.375 0.00207448
10.9 32.625 0.00214437
10.9 34.875 0.0024512
10.9 37.125 0.0023073
10.9 39.375 0.00182387
10.9 41.625 0.00187358
10.9 43.875 0.00237667
11.1 1.125 0.00216223
11.1 3.375 0.00255243
11.1 5.625 0.00219863
11.1 7.875 0.00220054
11.1 10.125 0.00218027
11.1 12.375 0.00498118
11.1 14.625 0.00436182
11.1 16.875 0.00237949
11.1 19.125 0.00273804
11.1 21.375 0.00258569
11.1 23.625 0.00229903
11.1 25.875 0.00252108
11.1 28.125 0.00376404
11.1 30.375 0.00238797
11.1 32.625 0.00309178
11.1 34.875 0.00240978
11.1 37.125 0.00198151
11.1 39.375 0.0111125
11.1 41.625 0.00190814
11.1 43.875 0.00214713
11.3 1.125 0.00216317
11.3 3.375 0.00171554
11.3 5.625 0.00192311
11.3 7.875 0.00211548
11.3 10.125 0.00212802
11.3 12.375 0.00223335
11.3 14.625 0.00216761
11.3 16.875 0.00214409
11.3 19.125 0.00166987
11.3 21.375 0.00217616
11.3 23.625 0.00234879
11.3 25.875 0.00231355
11.3 28.125 0.00227541
11.3 30.375 0.00229286
11.3 32.625 0.00464247
11.3 34.875 0.0033843
11.3 37.125 0.00222761
11.3 39.375 0.00213328
11.3 41.625 0.00232083
11.3 43.875 0.00174156
11.5 1.125 0.00206204
11.5 3.375 0.00201169
11.5 5.625 0.00226771
11.5 7.875 0.00244856
11.5 10.125 0.00221047
11.5 12.375 0.00185187
11.5 14.625 0.00228807
11.5 16.875 0.00217896
11.5 19.125 0.00236913
11.5 21.375 0.00178802
11.5 23.625 0.00206472
11.5 25.875 0.00239384
11.5 28.125 0.00262586
11.5 30.375 0.00216816
11.5 32.625 0.00244737
11.5 34.875 0.00242945
11.5 37.125 0.00216233
11.5 39.375 0.00184127
11.5 41.625 0.00230117
11.5 43.875 0.00235816
11.7 1.125 0.00211393
11.7 3.375 0.00215212
11.7 5.625 0.00177084
11.7 7.875 0.0022907
11.7 10.125 0.00191518
11.7 12.375 0.00259891
11.7 14.625 0.00183004
11.7 16.875 0.00229065
11.7 19.125 0.00265523
11.7 21.375 0.00203862
11.7 23.625 0.00222469
11.7 25.875 0.00199605
11.7 28.125 0.00193694
11.7 30.375 0.001807
11.7 32.625 0.00188713
11.7 34.875 0.00200377
11.7 37.125 0.002135
11.7 39.375 0.00303564
11.7 41.625 0.00156228
11.7 43.875 0.00204273
11.9 1.125 0.00220928
11.9 3.375 0.00217256
11.9 5.625 0.00227496
11.9 7.875 0.00243453
11.9 10.125 0.00205109
11.9 12.375 0.00198996
11.9 14.625 0.00225144
11.9 16.875 0.00196066
11.9 19.125 0.00195897
11.9 21.375 0.0060172
11.9 23.625 0.00173065
11.9 25.875 0.00159942
11.9 28.125 0.00172571
11.9 30.375 0.00238843
11.9 32.625 0.00262965
11.9 34.875 0.00226414
11.9 37.125 0.00200911
11.9 39.375 0.00199936
11.9 41.625 0.00170104
11.9 43.875 0.00316162
12.1 1.125 0.00237494
12.1 3.375 0.00191329
12.1 5.625 0.00218096
12.1 7.875 0.00162369
12.1 10.125 0.00237889
12.1 12.375 0.00177221
12.1 14.625 0.00240133
12.1 16.875 0.00202856
12.1 19.125 0.00223791
12.1 21.375 0.00205141
12.1 23.625 0.00274406
12.1 25.875 0.00277792
12.1 28.125 0.00229659
12.1 30.375 0.00236564
12.1 32.625 0.0026656
12.1 34.875 0.00207855
12.1 37.125 0.0209149
12.1 39.375 0.0021558
12.1 41.625 0.00207312
12.1 43.875 0.00266693
12.3 1.125 0.00224004
12.3 3.375 0.00188332
12.3 5.625 0.0016239
12.3 7.875 0.00230267
12.3 10.125 0.00274644
12.3 12.375 0.00194335
12.3 14.625 0.00240125
12.3 16.875 0.00234765
12.3 19.125 0.0301522
12.3 21.375 0.00165003
12.3 23.625 0.00194155
12.3 25.875 0.00172887
12.3 28.125 0.00215199
12.3 30.375 0.0021431
12.3 32.625 0.00239064
12.3 34.875 0.0022208
12.3 37.125 0.00178739
12.3 39.375 0.00233484
12.3 41.625 0.00271883
12.3 43.875 0.00207488
12.5 1.125 0.0024586
12.5 3.375 0.0018491
12.5 5.625 0.00189775
12.5 7.875 0.00237758
12.5 10.125 0.00233825
12.5 12.375 0.002004
12.5 14.625 0.00272784
12.5 16.875 0.00307389
12.5 19.125 0.002053
12.5 21.375 0.00211872
12.5 23.625 0.00233273
12.5 25.875 0.00244693
12.5 28.125 0.0022719
12.5 30.375 0.00465413
12.5 32.625 0.00152261
12.5 34.875 0.0019005
12.5 37.125 0.0018989
12.5 39.375 0.00170863
12.5 41.625 0.00194935
12.5 43.875 0.00240277
12.7 1.125 0.0030558
12.7 3.375 0.0020507
12.7 5.625 0.00285122
12.7 7.875 0.00253502
12.7 10.125 0.00210725
12.7 12.375 0.00189244
12.7 14.625 0.0021119
12.7 16.875 0.00146639
12.7 19.125 0.00214365
12.7 21.375 0.00168828
12.7 23.625 0.00231901
12.7 25.875 0.00217267
12.7 28.125 0.00197431
12.7 30.375 0.00221392
12.7 32.625 0.00220937
12.7 34.875 0.00225682
12.7 37.125 0.00156498
12.7 39.375 0.00234889
12.7 41.625 0.0200841
12.7 43.875 0.00398336
12.9 1.125 0.00275221
12.9 3.375 0.00230268
12.9 5.625 0.00259133
12.9 7.875 0.00223467
12.9 10.125 0.00211922
12.9 12.375 0.00252547
12.9 14.625 0.001611
12.9 16.875 0.00202283
12.9 19.125 0.00202004
12.9 21.375 0.00173845
12.9 23.625 0.00266763
12.9 25.875 0.00194885
12.9 28.125 0.00204753
12.9 30.375 0.00182801
12.9 32.625 0.00174396
12.9 34.875 0.00145305
12.9 37.125 0.00171446
12.9 39.375 0.00168896
12.9 41.625 0.00221496
12.9 43.875 0.0464634
13.1 1.125 0.00152767
13.1 3.375 0.00150574
13.1 5.625 0.0035519
13.1 7.875 0.0016669
13.1 10.125 0.00145826
13.1 12.375 0.00339862
13.1 14.625 0.001737
13.1 16.875 0.00237419
13.1 19.125 0.00248294
13.1 21.375 0.00199617
13.1 23.625 0.00284651
13.1 25.875 0.00229771
13.1 28.125 0.00243448
13.1 30.375 0.00209675
13.1 32.625 0.00578739
13.1 34.875 0.0020792
13.1 37.125 0.00267978
13.1 39.375 0.00211723
13.1 41.625 0.00204326
13.1 43.875 0.00228235
13.3 1.125 0.00195129
13.3 3.375 0.00790252
13.3 5.625 0.00243866
13.3 7.875 0.00201664
13.3 10.125 0.00215614
13.3 12.375 0.0022248
13.3 14.625 0.00236998
13.3 16.875 0.001888
13.3 19.125 0.00162715
13.3 21.375 0.00181994
13.3 23.625 0.00195893
13.3 25.875 0.00203518
13.3 28.125 0.00444849
13.3 30.375 0.00214625
13.3 32.625 0.00195619
13.3 34.875 0.00149682
13.3 37.125 0.00295159
13.3 39.375 0.00192352
13.3 41.625 0.00215002
13.3 43.875 0.00228931
13.5 1.125 0.00217335
13.5 3.375 0.00253517
13.5 5.625 0.00314211
13.5 7.875 0.00316903
13.5 10.125 0.00224307
13.5 12.375 0.00254472
13.5 14.625 0.00248167
13.5 16.875 0.00165365
13.5 19.125 0.00304926
13.5 21.375 0.00174205
13.5 23.625 0.00174375
13.5 25.875 0.00173791
13.5 28.125 0.0109201
13.5 30.375 0.00278071
13.5 32.625 0.00338365
13.5 34.875 0.00164964
13.5 37.125 0.00287817
13.5 39.375 0.00228092
13.5 41.625 0.00254657
13.5 43.875 0.00239055
13.7 1.125 0.00269628
13.7 3.375 0.00297726
13.7 5.625 0.001857
13.7 7.875 0.00162572
13.7 10.125 0.00295687
13.7 12.375 0.00288065
13.7 14.625 0.00291993
13.7 16.875 0.00200633
13.7 19.125 0.0015109
13.7 21.375 0.00222944
13.7 23.625 0.00249446
13.7 25.875 0.0020206
13.7 28.125 0.00186441
13.7 30.375 0.0021838
13.7 32.625 0.00182196
13.7 34.875 0.00213169
13.7 37.125 0.00177008
13.7 39.375 0.00305968
13.7 41.625 0.00219454
13.7 43.875 0.00441779
13.9 1.125 0.0019479
13.9 3.375 0.00194624
13.9 5.625 0.00233174
13.9 7.875 0.00218512
13.9 10.125 0.00222207
13.9 12.375 0.00148722
13.9 14.625 0.00235146
13.9 16.875 0.0018117
13.9 19.125 0.00289714
13.9 21.375 0.00204229
13.9 23.625 0.00198676
13.9 25.875 0.00148792
13.9 28.125 0.00226768
13.9 30.375 0.00200552
13.9 32.625 0.00277858
13.9 34.875 0.00155698
13.9 37.125 0.0020013
13.9 39.375 0.00182282
13.9 41.625 0.00240137
13.9 43.875 0.00190836
