0.1 1.125 3.40517
0.1 3.375 3.23594
0.1 5.625 2.24558
0.1 7.875 1.87161
0.1 10.125 2.04403
0.1 12.375 2.06124
0.1 14.625 2.31071
0.1 16.875 4.07307
0.1 19.125 3.63233
0.1 21.375 3.2825
0.1 23.625 3.19182
0.1 25.875 4.05226
0.1 28.125 4.10059
0.1 30.375 4.05421
0.1 32.625 3.63812
0.1 34.875 4.09982
0.1 37.125 4.04301
0.1 39.375 3.52724
0.1 41.625 4.07623
0.1 43.875 3.74442
0.3 1.125 3.66856
0.3 3.375 3.9333
0.3 5.625 3.92928
0.3 7.875 3.49007
0.3 10.125 3.8783
0.3 12.375 4.06653
0.3 14.625 3.92045
0.3 16.875 3.91007
0.3 19.125 4.07434
0.3 21.375 4.07384
0.3 23.625 4.05733
0.3 25.875 4.09889
0.3 28.125 4.04014
0.3 30.375 3.9816
0.3 32.625 3.61748
0.3 34.875 3.78758
0.3 37.125 3.83612
0.3 39.375 4.05937
0.3 41.625 3.92282
0.3 43.875 4.0512
0.5 1.125 3.46415
0.5 3.375 3.88576
0.5 5.625 3.95598
0.5 7.875 3.81894
0.5 10.125 3.73999
0.5 12.375 3.78219
0.5 14.625 3.97259
0.5 16.875 3.96811
0.5 19.125 3.74762
0.5 21.375 3.90342
0.5 23.625 3.95727
0.5 25.875 3.85593
0.5 28.125 3.92525
0.5 30.375 3.91146
0.5 32.625 3.80473
0.5 34.875 3.90427
0.5 37.125 3.90867
0.5 39.375 3.9123
0.5 41.625 4.00211
0.5 43.875 3.93842
0.7 1.125 3.29422
0.7 3.375 3.57674
0.7 5.625 3.71927
0.7 7.875 3.69846
0.7 10.125 3.76411
0.7 12.375 3.78083
0.7 14.625 3.79377
0.7 16.875 3.70056
0.7 19.125 3.67992
0.7 21.375 3.7956
0.7 23.625 3.68152
0.7 25.875 3.64113
0.7 28.125 3.79445
0.7 30.375 3.69303
0.7 32.625 3.7014
0.7 34.875 3.80845
0.7 37.125 3.80255
0.7 39.375 3.7724
0.7 41.625 3.80728
0.7 43.875 3.62961
0.9 1.125 3.08483
0.9 3.375 3.25227
0.9 5.625 3.279
0.9 7.875 3.17281
0.9 10.125 3.25409
0.9 12.375 3.42158
0.9 14.625 3.3563
0.9 16.875 3.39088
0.9 19.125 3.32034
0.9 21.375 3.41413
0.9 23.625 3.38467
0.9 25.875 3.49861
0.9 28.125 3.45886
0.9 30.375 3.45957
0.9 32.625 3.54028
0.9 34.875 3.56178
0.9 37.125 3.45876
0.9 39.375 3.60259
0.9 41.625 3.49778
0.9 43.875 3.57236
1.1 1.125 2.41411
1.1 3.375 2.40754
1.1 5.625 2.36802
1.1 7.875 2.41506
1.1 10.125 2.42644
1.1 12.375 2.46382
1.1 14.625 2.53782
1.1 16.875 2.56971
1.1 19.125 2.68228
1.1 21.375 2.66477
1.1 23.625 2.81059
1.1 25.875 2.92596
1.1 28.125 2.89257
1.1 30.375 3.01686
1.1 32.625 3.13392
1.1 34.875 3.06526
1.1 37.125 3.15767
1.1 39.375 3.19802
1.1 41.625 3.27947
1.1 43.875 3.11682
1.3 1.125 1.41159
1.3 3.375 1.36737
1.3 5.625 1.46015
1.3 7.875 1.42885
1.3 10.125 1.53181
1.3 12.375 1.44982
1.3 14.625 1.56084
1.3 16.875 1.6349
1.3 19.125 1.66985
1.3 21.375 1.75773
1.3 23.625 1.87491
1.3 25.875 1.84727
1.3 28.125 2.09019
1.3 30.375 2.19149
1.3 32.625 2.14104
1.3 34.875 2.35691
1.3 37.125 2.43905
1.3 39.375 2.58217
1.3 41.625 2.56738
1.3 43.875 2.65981
1.5 1.125 0.679429
1.5 3.375 0.716586
1.5 5.625 0.725834
1.5 7.875 0.780093
1.5 10.125 0.756079
1.5 12.375 0.736687
1.5 14.625 0.803927
1.5 16.875 0.867727
1.5 19.125 0.83762
1.5 21.375 0.925853
1.5 23.625 1.00277
1.5 25.875 0.979061
1.5 28.125 1.09117
1.5 30.375 1.20513
1.5 32.625 1.33865
1.5 34.875 1.35704
1.5 37.125 1.53286
1.5 39.375 1.52795
1.5 41.625 1.66285
1.5 43.875 1.79278
1.7 1.125 0.38319
1.7 3.375 0.419522
1.7 5.625 0.435764
1.7 7.875 0.436819
1.7 10.125 0.424971
1.7 12.375 0.448137
1.7 14.625 0.457124
1.7 16.875 0.478091
1.7 19.125 0.474914
1.7 21.375 0.461335
1.7 23.625 0.503656
1.7 25.875 0.544624
1.7 28.125 0.561789
1.7 30.375 0.594739
1.7 32.625 0.632652
1.7 34.875 0.7271
1.7 37.125 0.837776
1.7 39.375 0.869213
1.7 41.625 0.922756
1.7 43.875 0.888532
1.9 1.125 0.242501
1.9 3.375 0.25634
1.9 5.625 0.255467
1.9 7.875 0.271124
1.9 10.125 0.27565
1.9 12.375 0.267887
1.9 14.625 0.279053
1.9 16.875 0.278353
1.9 19.125 0.299075
1.9 21.375 0.285369
1.9 23.625 0.304415
1.9 25.875 0.319565
1.9 28.125 0.306147
1.9 30.375 0.352994
1.9 32.625 0.372123
1.9 34.875 0.392146
1.9 37.125 0.4319
1.9 39.375 0.442872
1.9 41.625 0.485817
1.9 43.875 0.491052
2.1 1.125 0.16703
2.1 3.375 0.171785
2.1 5.625 0.178268
2.1 7.875 0.17608
2.1 10.125 0.176257
2.1 12.375 0.184418
2.1 14.625 0.192013
2.1 16.875 0.188904
2.1 19.125 0.190822
2.1 21.375 0.198994
2.1 23.625 0.200213
2.1 25.875 0.212115
2.1 28.125 0.222405
2.1 30.375 0.221769
2.1 32.625 0.235545
2.1 34.875 0.255238
2.1 37.125 0.272074
2.1 39.375 0.266919
2.1 41.625 0.27828
2.1 43.875 0.275006
2.3 1.125 0.120825
2.3 3.375 0.118424
2.3 5.625 0.123334
2.3 7.875 0.126903
2.3 10.125 0.125541
2.3 12.375 0.124264
2.3 14.625 0.135185
2.3 16.875 0.132131
2.3 19.125 0.140397
2.3 21.375 0.143581
2.3 23.625 0.145551
2.3 25.875 0.14768
2.3 28.125 0.149443
2.3 30.375 0.155103
2.3 32.625 0.160689
2.3 34.875 0.177446
2.3 37.125 0.183035
2.3 39.375 0.174871
2.3 41.625 0.175536
2.3 43.875 0.177679
2.5 1.125 0.0914291
2.5 3.375 0.093778
2.5 5.625 0.0965856
2.5 7.875 0.092055
2.5 10.125 0.0955379
2.5 12.375 0.0964406
2.5 14.625 0.0983278
2.5 16.875 0.093451
2.5 19.125 0.100229
2.5 21.375 0.100121
2.5 23.625 0.104214
2.5 25.875 0.107276
2.5 28.125 0.11305
2.5 30.375 0.116416
2.5 32.625 0.118929
2.5 34.875 0.118355
2.5 37.125 0.121936
2.5 39.375 0.121806
2.5 41.625 0.122676
2.5 43.875 0.12397
2.7 1.125 0.0735071
2.7 3.375 0.0742058
2.7 5.625 0.0762083
2.7 7.875 0.072591
2.7 10.125 0.0733161
2.7 12.375 0.0753504
2.7 14.625 0.0781702
2.7 16.875 0.0778707
2.7 19.125 0.0767015
2.7 21.375 0.0790701
2.7 23.625 0.0788715
2.7 25.875 0.0816866
2.7 28.125 0.0811841
2.7 30.375 0.088842
2.7 32.625 0.0871597
2.7 34.875 0.0870103
2.7 37.125 0.0850322
2.7 39.375 0.0866042
2.7 41.625 0.0858662
2.7 43.875 0.0814335
2.9 1.125 0.0580663
2.9 3.375 0.0631718
2.9 5.625 0.0606855
2.9 7.875 0.0603984
2.9 10.125 0.0597725
2.9 12.375 0.059656
2.9 14.625 0.0621739
2.9 16.875 0.0604398
2.9 19.125 0.0605965
2.9 21.375 0.0652931
2.9 23.625 0.0650195
2.9 25.875 0.0667969
2.9 28.125 0.0676158
2.9 30.375 0.0657687
2.9 32.625 0.0647784
2.9 34.875 0.0664605
2.9 37.125 0.0664933
2.9 39.375 0.064813
2.9 41.625 0.0655913
2.9 43.875 0.0633001
3.1 1.125 0.0499646
3.1 3.375 0.0499011
3.1 5.625 0.0499783
3.1 7.875 0.0507301
3.1 10.125 0.0484309
3.1 12.375 0.0505837
3.1 14.625 0.0522467
3.1 16.875 0.0518191
3.1 19.125 0.0520128
3.1 21.375 0.0556547
3.1 23.625 0.0552527
3.1 25.875 0.0527736
3.1 28.125 0.056929
3.1 30.375 0.0541956
3.1 32.625 0.061792
3.1 34.875 0.0543389
3.1 37.125 0.0529314
3.1 39.375 0.0496843
3.1 41.625 0.0516921
3.1 43.875 0.0510902
3.3 1.125 0.0408017
3.3 3.375 0.0402114
3.3 5.625 0.0420341
3.3 7.875 0.039006
3.3 10.125 0.0402282
3.3 12.375 0.0409066
3.3 14.625 0.0415916
3.3 16.875 0.0414046
3.3 19.125 0.0422564
3.3 21.375 0.0435043
3.3 23.625 0.0442819
3.3 25.875 0.0448081
3.3 28.125 0.0460878
3.3 30.375 0.0442941
3.3 32.625 0.0470848
3.3 34.875 0.046109
3.3 37.125 0.042257
3.3 39.375 0.0405188
3.3 41.625 0.0413619
3.3 43.875 0.0407851
3.5 1.125 0.0332662
3.5 3.375 0.0331915
3.5 5.625 0.0304339
3.5 7.875 0.0307932
3.5 10.125 0.0325805
3.5 12.375 0.0322004
3.5 14.625 0.0340796
3.5 16.875 0.034375
3.5 19.125 0.0349383
3.5 21.375 0.0357467
3.5 23.625 0.0359643
3.5 25.875 0.0368866
3.5 28.125 0.036703
3.5 30.375 0.0371633
3.5 32.625 0.0374667
3.5 34.875 0.0364417
3.5 37.125 0.037409
3.5 39.375 0.0360221
3.5 41.625 0.0364221
3.5 43.875 0.0348104
3.7 1.125 0.0274478
3.7 3.375 0.0273414
3.7 5.625 0.0279295
3.7 7.875 0.0282952
3.7 10.125 0.0272409
3.7 12.375 0.0282977
3.7 14.625 0.0271622
3.7 16.875 0.0296178
3.7 19.125 0.0280206
3.7 21.375 0.0285926
3.7 23.625 0.0312184
3.7 25.875 0.0310898
3.7 28.125 0.0320003
3.7 30.375 0.0310678
3.7 32.625 0.0310272
3.7 34.875 0.0309273
3.7 37.125 0.0301493
3.7 39.375 0.030506
3.7 41.625 0.0304565
3.7 43.875 0.0305672
3.9 1.125 0.0212443
3.9 3.375 0.0231759
3.9 5.625 0.0222744
3.9 7.875 0.0221175
3.9 10.125 0.0221641
3.9 12.375 0.0216571
3.9 14.625 0.022423
3.9 16.875 0.0244475
3.9 19.125 0.029152
3.9 21.375 0.025376
3.9 23.625 0.0256518
3.9 25.875 0.0273337
3.9 28.125 0.025087
3.9 30.375 0.02612
3.9 32.625 0.0267967
3.9 34.875 0.0269999
3.9 37.125 0.0265428
3.9 39.375 0.0253778
3.9 41.625 0.0255656
3.9 43.875 0.0268501
4.1 1.125 0.019285
4.1 3.375 0.0192069
4.1 5.625 0.0183972
4.1 7.875 0.020084
4.1 10.125 0.0183144
4.1 12.375 0.0193842
4.1 14.625 0.0208536
4.1 16.875 0.0191571
4.1 19.125 0.0212055
4.1 21.375 0.0213149
4.1 23.625 0.0206169
4.1 25.875 0.0218665
4.1 28.125 0.0216562
4.1 30.375 0.0222434
4.1 32.625 0.0211943
4.1 34.875 0.0210495
4.1 37.125 0.0211696
4.1 39.375 0.022298
4.1 41.625 0.0231311
4.1 43.875 0.0228459
4.3 1.125 0.0162969
4.3 3.375 0.0165232
4.3 5.625 0.0169325
4.3 7.875 0.0169072
4.3 10.125 0.0160641
4.3 12.375 0.0159013
4.3 14.625 0.0164448
4.3 16.875 0.0176095
4.3 19.125 0.0182775
4.3 21.375 0.0174962
4.3 23.625 0.0180414
4.3 25.875 0.0184176
4.3 28.125 0.018663
4.3 30.375 0.0179252
4.3 32.625 0.0187014
4.3 34.875 0.0179913
4.3 37.125 0.017961
4.3 39.375 0.0186223
4.3 41.625 0.0187525
4.3 43.875 0.0199157
4.5 1.125 0.0147002
4.5 3.375 0.0138174
4.5 5.625 0.0147706
4.5 7.875 0.014408
4.5 10.125 0.0150393
4.5 12.375 0.0152471
4.5 14.625 0.0147492
4.5 16.875 0.0149111
4.5 19.125 0.0151263
4.5 21.375 0.0145754
4.5 23.625 0.0147122
4.5 25.875 0.0154479
4.5 28.125 0.0154019
4.5 30.375 0.0147262
4.5 32.625 0.0158768
4.5 34.875 0.0161039
4.5 37.125 0.0161542
4.5 39.375 0.015014
4.5 41.625 0.0153354
4.5 43.875 0.0159474
4.7 1.125 0.0302359
4.7 3.375 0.0122999
4.7 5.625 0.0110879
4.7 7.875 0.0121962
4.7 10.125 0.0121489
4.7 12.375 0.0123364
4.7 14.625 0.0128079
4.7 16.875 0.0140145
4.7 19.125 0.0130008
4.7 21.375 0.012906
4.7 23.625 0.0137074
4.7 25.875 0.0133361
4.7 28.125 0.0168318
4.7 30.375 0.0133989
4.7 32.625 0.0132236
4.7 34.875 0.0133043
4.7 37.125 0.0140774
4.7 39.375 0.0133173
4.7 41.625 0.0129612
4.7 43.875 0.0135198
4.9 1.125 0.0104013
4.9 3.375 0.0153798
4.9 5.625 0.00987832
4.9 7.875 0.0109488
4.9 10.125 0.0101997
4.9 12.375 0.010721
4.9 14.625 0.0113587
4.9 16.875 0.0113799
4.9 19.125 0.0116484
4.9 21.375 0.0114533
4.9 23.625 0.011651
4.9 25.875 0.0108432
4.9 28.125 0.0110525
4.9 30.375 0.010922
4.9 32.625 0.0111521
4.9 34.875 0.0153693
4.9 37.125 0.0112824
4.9 39.375 0.0112503
4.9 41.625 0.0112219
4.9 43.875 0.0114595
5.1 1.125 0.0155913
5.1 3.375 0.00978104
5.1 5.625 0.0146888
5.1 7.875 0.00947936
5.1 10.125 0.0087065
5.1 12.375 0.00925611
5.1 14.625 0.00977085
5.1 16.875 0.00966217
5.1 19.125 0.00966549
5.1 21.375 0.00986128
5.1 23.625 0.0101222
5.1 25.875 0.00986141
5.1 28.125 0.0103038
5.1 30.375 0.0103507
5.1 32.625 0.0105108
5.1 34.875 0.0108383
5.1 37.125 0.00993166
5.1 39.375 0.0102801
5.1 41.625 0.00966292
5.1 43.875 0.0100836
5.3 1.125 0.00781203
5.3 3.375 0.00833889
5.3 5.625 0.00872008
5.3 7.875 0.00809366
5.3 10.125 0.00844755
5.3 12.375 0.00872715
5.3 14.625 0.00875239
5.3 16.875 0.00913084
5.3 19.125 0.00878782
5.3 21.375 0.00852927
5.3 23.625 0.00969147
5.3 25.875 0.0118565
5.3 28.125 0.00913519
5.3 30.375 0.0101881
5.3 32.625 0.0087131
5.3 34.875 0.0119832
5.3 37.125 0.00869746
5.3 39.375 0.00976621
5.3 41.625 0.00876075
5.3 43.875 0.00903936
5.5 1.125 0.00695464
5.5 3.375 0.00722038
5.5 5.625 0.00745323
5.5 7.875 0.00713752
5.5 10.125 0.00800614
5.5 12.375 0.00742826
5.5 14.625 0.00838045
5.5 16.875 0.00798363
5.5 19.125 0.00753716
5.5 21.375 0.0105977
5.5 23.625 0.00882046
5.5 25.875 0.00816503
5.5 28.125 0.00777616
5.5 30.375 0.00796307
5.5 32.625 0.0149202
5.5 34.875 0.00784376
5.5 37.125 0.00816811
5.5 39.375 0.00814409
5.5 41.625 0.0114369
5.5 43.875 0.00783305
5.7 1.125 0.0116956
5.7 3.375 0.00623318
5.7 5.625 0.0063226
5.7 7.875 0.00679928
5.7 10.125 0.00648358
5.7 12.375 0.00892265
5.7 14.625 0.00672801
5.7 16.875 0.0090129
5.7 19.125 0.00725482
5.7 21.375 0.00705848
5.7 23.625 0.0069804
5.7 25.875 0.00755966
5.7 28.125 0.00632052
5.7 30.375 0.00742014
5.7 32.625 0.00682976
5.7 34.875 0.00688821
5.7 37.125 0.00725566
5.7 39.375 0.00686775
5.7 41.625 0.00722455
5.7 43.875 0.00672127
5.9 1.125 0.00551966
5.9 3.375 0.00572246
5.9 5.625 0.00588689
5.9 7.875 0.00559288
5.9 10.125 0.0111031
5.9 12.375 0.007358
5.9 14.625 0.0061415
5.9 16.875 0.00655801
5.9 19.125 0.00669103
5.9 21.375 0.00635096
5.9 23.625 0.00603259
5.9 25.875 0.00621978
5.9 28.125 0.0078388
5.9 30.375 0.00613106
5.9 32.625 0.00638578
5.9 34.875 0.00640429
5.9 37.125 0.00620276
5.9 39.375 0.00618881
5.9 41.625 0.00601857
5.9 43.875 0.00634774
6.1 1.125 0.00487842
6.1 3.375 0.00544997
6.1 5.625 0.00572318
6.1 7.875 0.00510547
6.1 10.125 0.00535836
6.1 12.375 0.00511448
6.1 14.625 0.00543058
6.1 16.875 0.00610628
6.1 19.125 0.00536245
6.1 21.375 0.00599578
6.1 23.625 0.0058248
6.1 25.875 0.00555125
6.1 28.125 0.00574135
6.1 30.375 0.00589619
6.1 32.625 0.00595055
6.1 34.875 0.00579694
6.1 37.125 0.00586047
6.1 39.375 0.00583424
6.1 41.625 0.00641746
6.1 43.875 0.00565602
6.3 1.125 0.00506828
6.3 3.375 0.00434413
6.3 5.625 0.00494759
6.3 7.875 0.00496166
6.3 10.125 0.00532274
6.3 12.375 0.0097397
6.3 14.625 0.00516103
6.3 16.875 0.00562123
6.3 19.125 0.00516757
6.3 21.375 0.00499771
6.3 23.625 0.00538659
6.3 25.875 0.00488715
6.3 28.125 0.00553937
6.3 30.375 0.00536767
6.3 32.625 0.00524996
6.3 34.875 0.00518984
6.3 37.125 0.00586644
6.3 39.375 0.00516581
6.3 41.625 0.00520169
6.3 43.875 0.00483674
6.5 1.125 0.00490432
6.5 3.375 0.00441027
6.5 5.625 0.00461397
6.5 7.875 0.0051598
6.5 10.125 0.00467993
6.5 12.375 0.00484109
6.5 14.625 0.0045736
6.5 16.875 0.0125625
6.5 19.125 0.00489492
6.5 21.375 0.00453007
6.5 23.625 0.00467533
6.5 25.875 0.00454392
6.5 28.125 0.00503774
6.5 30.375 0.00475602
6.5 32.625 0.00451128
6.5 34.875 0.00478802
6.5 37.125 0.0048841
6.5 39.375 0.00491104
6.5 41.625 0.00755204
6.5 43.875 0.0048107
6.7 1.125 0.00389931
6.7 3.375 0.0045033
6.7 5.625 0.00439423
6.7 7.875 0.00455983
6.7 10.125 0.00485449
6.7 12.375 0.0044069
6.7 14.625 0.00460342
6.7 16.875 0.0045278
6.7 19.125 0.00432192
6.7 21.375 0.0042409
6.7 23.625 0.00448478
6.7 25.875 0.00473966
6.7 28.125 0.00454934
6.7 30.375 0.00440431
6.7 32.625 0.00463208
6.7 34.875 0.00466012
6.7 37.125 0.00460751
6.7 39.375 0.00507369
6.7 41.625 0.00454397
6.7 43.875 0.00445298
6.9 1.125 0.00378231
6.9 3.375 0.00414613
6.9 5.625 0.00397819
6.9 7.875 0.00399063
6.9 10.125 0.00395556
6.9 12.375 0.00389972
6.9 14.625 0.00420835
6.9 16.875 0.00407046
6.9 19.125 0.00827992
6.9 21.375 0.00439968
6.9 23.625 0.00402003
6.9 25.875 0.00446824
6.9 28.125 0.00408955
6.9 30.375 0.00408188
6.9 32.625 0.00413024
6.9 34.875 0.00407859
6.9 37.125 0.00416404
6.9 39.375 0.00406974
6.9 41.625 0.00413905
6.9 43.875 0.00408998
7.1 1.125 0.00739277
7.1 3.375 0.00364313
7.1 5.625 0.0117872
7.1 7.875 0.00367876
7.1 10.125 0.00396799
7.1 12.375 0.00394425
7.1 14.625 0.00382649
7.1 16.875 0.00373729
7.1 19.125 0.0039681
7.1 21.375 0.00408916
7.1 23.625 0.00918307
7.1 25.875 0.00385679
7.1 28.125 0.00373808
7.1 30.375 0.00480239
7.1 32.625 0.00381494
7.1 34.875 0.00467491
7.1 37.125 0.0038474
7.1 39.375 0.00402375
7.1 41.625 0.012058
7.1 43.875 0.00422969
7.3 1.125 0.00396025
7.3 3.375 0.00347665
7.3 5.625 0.00349571
7.3 7.875 0.00367868
7.3 10.125 0.00340438
7.3 12.375 0.0039734
7.3 14.625 0.00362227
7.3 16.875 0.00370641
7.3 19.125 0.00367111
7.3 21.375 0.00345933
7.3 23.625 0.0039846
7.3 25.875 0.00739469
7.3 28.125 0.00378994
7.3 30.375 0.00548652
7.3 32.625 0.00650743
7.3 34.875 0.00370686
7.3 37.125 0.00336487
7.3 39.375 0.00368354
7.3 41.625 0.00344808
7.3 43.875 0.00358055
7.5 1.125 0.0051818
7.5 3.375 0.00675514
7.5 5.625 0.00368627
7.5 7.875 0.00303194
7.5 10.125 0.00345146
7.5 12.375 0.00349845
7.5 14.625 0.00387939
7.5 16.875 0.00355612
7.5 19.125 0.00481148
7.5 21.375 0.0110311
7.5 23.625 0.00858237
7.5 25.875 0.00339936
7.5 28.125 0.00361556
7.5 30.375 0.00359132
7.5 32.625 0.00366063
7.5 34.875 0.00362272
7.5 37.125 0.00355464
7.5 39.375 0.00336938
7.5 41.625 0.00333154
7.5 43.875 0.0033834
7.7 1.125 0.00345625
7.7 3.375 0.00401826
7.7 5.625 0.00301088
7.7 7.875 0.0032112
7.7 10.125 0.00308826
7.7 12.375 0.00359506
7.7 14.625 0.00370224
7.7 16.875 0.00400363
7.7 19.125 0.00321805
7.7 21.375 0.00339401
7.7 23.625 0.00344294
7.7 25.875 0.00346805
7.7 28.125 0.003346
7.7 30.375 0.00348343
7.7 32.625 0.00337745
7.7 34.875 0.003215
7.7 37.125 0.00354465
7.7 39.375 0.0035484
7.7 41.625 0.00337981
7.7 43.875 0.00338239
7.9 1.125 0.00294928
7.9 3.375 0.00296707
7.9 5.625 0.00541627
7.9 7.875 0.00325246
7.9 10.125 0.00431025
7.9 12.375 0.00306075
7.9 14.625 0.0115827
7.9 16.875 0.00308862
7.9 19.125 0.00364915
7.9 21.375 0.00347936
7.9 23.625 0.00310933
7.9 25.875 0.00341001
7.9 28.125 0.0030283
7.9 30.375 0.00319725
7.9 32.625 0.0029764
7.9 34.875 0.00333218
7.9 37.125 0.00311673
7.9 39.375 0.00311499
7.9 41.625 0.00338387
7.9 43.875 0.00317087
8.1 1.125 0.00410454
8.1 3.375 0.0031488
8.1 5.625 0.00477986
8.1 7.875 0.00432104
8.1 10.125 0.00405116
8.1 12.375 0.00393065
8.1 14.625 0.00318541
8.1 16.875 0.00341509
8.1 19.125 0.0031354
8.1 21.375 0.012268
8.1 23.625 0.00329394
8.1 25.875 0.0034204
8.1 28.125 0.00294738
8.1 30.375 0.00321884
8.1 32.625 0.00311814
8.1 34.875 0.00420817
8.1 37.125 0.00373298
8.1 39.375 0.00297339
8.1 41.625 0.00585856
8.1 43.875 0.00310184
8.3 1.125 0.00303399
8.3 3.375 0.0027977
8.3 5.625 0.00324985
8.3 7.875 0.00472063
8.3 10.125 0.00323382
8.3 12.375 0.00317207
8.3 14.625 0.00282018
8.3 16.875 0.00293698
8.3 19.125 0.00298722
8.3 21.375 0.00304708
8.3 23.625 0.0028497
8.3 25.875 0.00290721
8.3 28.125 0.00279567
8.3 30.375 0.00985065
8.3 32.625 0.0031115
8.3 34.875 0.00308734
8.3 37.125 0.00314603
8.3 39.375 0.00274206
8.3 41.625 0.00308553
8.3 43.875 0.00288122
8.5 1.125 0.0029539
8.5 3.375 0.0028097
8.5 5.625 0.00317135
8.5 7.875 0.00278922
8.5 10.125 0.00297344
8.5 12.375 0.00284222
8.5 14.625 0.00324909
8.5 16.875 0.00320138
8.5 19.125 0.00269317
8.5 21.375 0.00303153
8.5 23.625 0.00284353
8.5 25.875 0.0031741
8.5 28.125 0.00278801
8.5 30.375 0.00303261
8.5 32.625 0.00285744
8.5 34.875 0.00319214
8.5 37.125 0.00273481
8.5 39.375 0.0031133
8.5 41.625 0.00312016
8.5 43.875 0.00407115
8.7 1.125 0.00288507
8.7 3.375 0.00296979
8.7 5.625 0.00270652
8.7 7.875 0.00263513
8.7 10.125 0.00291109
8.7 12.375 0.00292299
8.7 14.625 0.00283428
8.7 16.875 0.0046321
8.7 19.125 0.00268386
8.7 21.375 0.00304974
8.7 23.625 0.00271752
8.7 25.875 0.00291547
8.7 28.125 0.0114859
8.7 30.375 0.003653
8.7 32.625 0.00313202
8.7 34.875 0.00305525
8.7 37.125 0.00295216
8.7 39.375 0.00309232
8.7 41.625 0.00266599
8.7 43.875 0.00264801
8.9 1.125 0.00298888
8.9 3.375 0.00377561
8.9 5.625 0.00398571
8.9 7.875 0.00296309
8.9 10.125 0.00273157
8.9 12.375 0.00272292
8.9 14.625 0.0028779
8.9 16.875 0.00284433
8.9 19.125 0.00263792
8.9 21.375 0.00462418
8.9 23.625 0.00263897
8.9 25.875 0.00270752
8.9 28.125 0.00265041
8.9 30.375 0.00273972
8.9 32.625 0.00289245
8.9 34.875 0.00344046
8.9 37.125 0.00329356
8.9 39.375 0.00282602
8.9 41.625 0.00288172
8.9 43.875 0.0123066
9.1 1.125 0.00276814
9.1 3.375 0.0152455
9.1 5.625 0.00255886
9.1 7.875 0.0027731
9.1 10.125 0.00270407
9.1 12.375 0.00282737
9.1 14.625 0.00268929
9.1 16.875 0.00268468
9.1 19.125 0.00239773
9.1 21.375 0.00261144
9.1 23.625 0.00310233
9.1 25.875 0.00287352
9.1 28.125 0.00252248
9.1 30.375 0.00462831
9.1 32.625 0.00269709
9.1 34.875 0.00324209
9.1 37.125 0.00296443
9.1 39.375 0.00259239
9.1 41.625 0.00267724
9.1 43.875 0.0026375
9.3 1.125 0.00246134
9.3 3.375 0.0124798
9.3 5.625 0.00250596
9.3 7.875 0.00258394
9.3 10.125 0.0025831
9.3 12.375 0.00248648
9.3 14.625 0.00268976
9.3 16.875 0.015633
9.3 19.125 0.00286842
9.3 21.375 0.00263098
9.3 23.625 0.00997131
9.3 25.875 0.00263992
9.3 28.125 0.00235995
9.3 30.375 0.00294356
9.3 32.625 0.00290088
9.3 34.875 0.0027611
9.3 37.125 0.00244393
9.3 39.375 0.00288853
9.3 41.625 0.00254564
9.3 43.875 0.00235871
9.5 1.125 0.00333154
9.5 3.375 0.00248891
9.5 5.625 0.00259279
9.5 7.875 0.00257911
9.5 10.125 0.00341781
9.5 12.375 0.00279999
9.5 14.625 0.00840888
9.5 16.875 0.00289446
9.5 19.125 0.00252442
9.5 21.375 0.00274025
9.5 23.625 0.0027461
9.5 25.875 0.00260461
9.5 28.125 0.0023724
9.5 30.375 0.00240529
9.5 32.625 0.00237695
9.5 34.875 0.00255665
9.5 37.125 0.00258404
9.5 39.375 0.00255586
9.5 41.625 0.00345244
9.5 43.875 0.00264926
9.7 1.125 0.00238178
9.7 3.375 0.00269476
9.7 5.625 0.00231672
9.7 7.875 0.00259379
9.7 10.125 0.00232412
9.7 12.375 0.00242221
9.7 14.625 0.00305357
9.7 16.875 0.00349236
9.7 19.125 0.00461737
9.7 21.375 0.00264518
9.7 23.625 0.00274812
9.7 25.875 0.00257953
9.7 28.125 0.00259494
9.7 30.375 0.00255419
9.7 32.625 0.00259944
9.7 34.875 0.00246614
9.7 37.125 0.00271673
9.7 39.375 0.00260535
9.7 41.625 0.00255854
9.7 43.875 0.0023705
9.9 1.125 0.00245696
9.9 3.375 0.00259098
9.9 5.625 0.00249079
9.9 7.875 0.00248159
9.9 10.125 0.00257275
9.9 12.375 0.00276805
9.9 14.625 0.00256722
9.9 16.875 0.00309992
9.9 19.125 0.00295789
9.9 21.375 0.00266165
9.9 23.625 0.00254316
9.9 25.875 0.00285013
9.9 28.125 0.00237223
9.9 30.375 0.00235502
9.9 32.625 0.0161052
9.9 34.875 0.00240316
9.9 37.125 0.00262969
9.9 39.375 0.00246652
9.9 41.625 0.00246407
9.9 43.875 0.00232177
10.1 1.125 0.00232649
10.1 3.375 0.00275968
10.1 5.625 0.00568766
10.1 7.875 0.00230764
10.1 10.125 0.00453444
10.1 12.375 0.00235251
10.1 14.625 0.00238632
10.1 16.875 0.00270697
10.1 19.125 0.00218401
10.1 21.375 0.00302973
10.1 23.625 0.00238187
10.1 25.875 0.00257514
10.1 28.125 0.0028805
10.1 30.375 0.00259197
10.1 32.625 0.00312369
10.1 34.875 0.00267819
10.1 37.125 0.00264144
10.1 39.375 0.0027727
10.1 41.625 0.00238301
10.1 43.875 0.00273918
10.3 1.125 0.00235863
10.3 3.375 0.00257779
10.3 5.625 0.00263693
10.3 7.875 0.00218119
10.3 10.125 0.00233044
10.3 12.375 0.00646136
10.3 14.625 0.00262797
10.3 16.875 0.00233722
10.3 19.125 0.00243253
10.3 21.375 0.00246717
10.3 23.625 0.00255148
10.3 25.875 0.00235925
10.3 28.125 0.013707
10.3 30.375 0.00236773
10.3 32.625 0.00279043
10.3 34.875 0.00276508
10.3 37.125 0.00287657
10.3 39.375 0.0031374
10.3 41.625 0.00236937
10.3 43.875 0.00399185
10.5 1.125 0.0206344
10.5 3.375 0.00248377
10.5 5.625 0.00286699
10.5 7.875 0.00647071
10.5 10.125 0.00350217
10.5 12.375 0.00245683
10.5 14.625 0.00241643
10.5 16.875 0.00233103
10.5 19.125 0.00233831
10.5 21.375 0.00240204
10.5 23.625 0.00257838
10.5 25.875 0.00297719
10.5 28.125 0.00219133
10.5 30.375 0.00235516
10.5 32.625 0.0022464
10.5 34.875 0.00269803
10.5 37.125 0.0143656
10.5 39.375 0.00244198
10.5 41.625 0.00273012
10.5 43.875 0.00312794
10.7 1.125 0.00600149
10.7 3.375 0.0030259
10.7 5.625 0.00253408
10.7 7.875 0.00281088
10.7 10.125 0.00325762
10.7 12.375 0.0246565
10.7 14.625 0.00324308
10.7 16.875 0.00238345
10.7 19.125 0.00252021
10.7 21.375 0.00239098
10.7 23.625 0.00256323
10.7 25.875 0.00237778
10.7 28.125 0.00290506
10.7 30.375 0.00267886
10.7 32.625 0.00232633
10.7 34.875 0.00205373
10.7 37.125 0.00209634
10.7 39.375 0.00501951
10.7 41.625 0.00314868
10.7 43.875 0.00320088
10.9 1.125 0.00217228
10.9 3.375 0.0020694
10.9 5.625 0.00212464
10.9 7.875 0.00204401
10.9 10.125 0.00238321
10.9 12.375 0.00422043
10.9 14.625 0.0278956
10.9 16.875 0.0222889
10.9 19.125 0.00269045
10.9 21.375 0.00271458
10.9 23.625 0.0399782
10.9 25.875 0.00245848
10.9 28.125 0.0022148
10.9 30.375 0.00678454
10.9 32.625 0.00225382
10.9 34.875 0.00284995
10.9 37.125 0.00261673
10.9 39.375 0.00290371
10.9 41.625 0.00256241
10.9 43.875 0.00257378
11.1 1.125 0.00216672
11.1 3.375 0.00201932
11.1 5.625 0.00228014
11.1 7.875 0.00218774
11.1 10.125 0.00265657
11.1 12.375 0.00641776
11.1 14.625 0.00222557
11.1 16.875 0.00294311
11.1 19.125 0.0229136
11.1 21.375 0.00217636
11.1 23.625 0.00224625
11.1 25.875 0.0024972
11.1 28.125 0.00219695
11.1 30.375 0.00237877
11.1 32.625 0.00263872
11.1 34.875 0.00272315
11.1 37.125 0.00243683
11.1 39.375 0.00218534
11.1 41.625 0.00232649
11.1 43.875 0.00257713
11.3 1.125 0.00268423
11.3 3.375 0.00224116
11.3 5.625 0.00253019
11.3 7.875 0.0021176
11.3 10.125 0.00327147
11.3 12.375 0.00198274
11.3 14.625 0.00229577
11.3 16.875 0.00232415
11.3 19.125 0.00238975
11.3 21.375 0.00291379
11.3 23.625 0.00239828
11.3 25.875 0.00273117
11.3 28.125 0.00238479
11.3 30.375 0.00357681
11.3 32.625 0.00258862
11.3 34.875 0.00238718
11.3 37.125 0.00263127
11.3 39.375 0.00255041
11.3 41.625 0.0021741
11.3 43.875 0.00202615
11.5 1.125 0.00268543
11.5 3.375 0.0025831
11.5 5.625 0.00220467
11.5 7.875 0.00307427
11.5 10.125 0.00241571
11.5 12.375 0.0024002
11.5 14.625 0.00234048
11.5 16.875 0.00226269
11.5 19.125 0.00211567
11.5 21.375 0.00232835
11.5 23.625 0.00349186
11.5 25.875 0.0020264
11.5 28.125 0.00192197
11.5 30.375 0.00252243
11.5 32.625 0.00254471
11.5 34.875 0.00268304
11.5 37.125 0.00287124
11.5 39.375 0.00760205
11.5 41.625 0.00235563
11.5 43.875 0.00245516
11.7 1.125 0.00447895
11.7 3.375 0.00819663
11.7 5.625 0.00214905
11.7 7.875 0.00226012
11.7 10.125 0.00218199
11.7 12.375 0.00204348
11.7 14.625 0.00205738
11.7 16.875 0.00256245
11.7 19.125 0.00227949
11.7 21.375 0.00210965
11.7 23.625 0.00317645
11.7 25.875 0.00262067
11.7 28.125 0.00225384
11.7 30.375 0.0020866
11.7 32.625 0.00285383
11.7 34.875 0.00220328
11.7 37.125 0.00239475
11.7 39.375 0.00225741
11.7 41.625 0.00205197
11.7 43.875 0.00309886
11.9 1.125 0.00191683
11.9 3.375 0.00214383
11.9 5.625 0.00262476
11.9 7.875 0.00285207
11.9 10.125 0.00511769
11.9 12.375 0.00230925
11.9 14.625 0.00666339
11.9 16.875 0.00213703
11.9 19.125 0.00219437
11.9 21.375 0.00377347
11.9 23.625 0.0025766
11.9 25.875 0.00227285
11.9 28.125 0.00333576
11.9 30.375 0.00245147
11.9 32.625 0.00211865
11.9 34.875 0.00407459
11.9 37.125 0.0376266
11.9 39.375 0.00229511
11.9 41.625 0.00237718
11.9 43.875 0.0017919
12.1 1.125 0.00310079
12.1 3.375 0.00225263
12.1 5.625 0.00228814
12.1 7.875 0.00225312
12.1 10.125 0.00244196
12.1 12.375 0.00217072
12.1 14.625 0.0050179
12.1 16.875 0.00219536
12.1 19.125 0.00213744
12.1 21.375 0.0323142
12.1 23.625 0.00233184
12.1 25.875 0.00196863
12.1 28.125 0.00188249
12.1 30.375 0.00393722
12.1 32.625 0.00237666
12.1 34.875 0.00208703
12.1 37.125 0.00262579
12.1 39.375 0.00225962
12.1 41.625 0.00756642
12.1 43.875 0.00194983
12.3 1.125 0.00224583
12.3 3.375 0.00272853
12.3 5.625 0.0022703
12.3 7.875 0.0026102
12.3 10.125 0.00268838
12.3 12.375 0.00287302
12.3 14.625 0.00217216
12.3 16.875 0.00479225
12.3 19.125 0.00255179
12.3 21.375 0.00253884
12.3 23.625 0.00195199
12.3 25.875 0.00267667
12.3 28.125 0.00201823
12.3 30.375 0.00212227
12.3 32.625 0.00265815
12.3 34.875 0.0189112
12.3 37.125 0.00221929
12.3 39.375 0.00221036
12.3 41.625 0.00563957
12.3 43.875 0.00451538
12.5 1.125 0.00242677
12.5 3.375 0.00249372
12.5 5.625 0.0162781
12.5 7.875 0.00214023
12.5 10.125 0.0063833
12.5 12.375 0.00228129
12.5 14.625 0.00225908
12.5 16.875 0.00240822
12.5 19.125 0.00249768
12.5 21.375 0.00242267
12.5 23.625 0.00237136
12.5 25.875 0.00262557
12.5 28.125 0.0022267
12.5 30.375 0.00190837
12.5 32.625 0.00266042
12.5 34.875 0.00281394
12.5 37.125 0.0030642
12.5 39.375 0.00358824
12.5 41.625 0.00706093
12.5 43.875 0.0033149
12.7 1.125 0.00269
12.7 3.375 0.00177271
12.7 5.625 0.00203465
12.7 7.875 0.00289189
12.7 10.125 0.00842433
12.7 12.375 0.00227495
12.7 14.625 0.00200564
12.7 16.875 0.00258722
12.7 19.125 0.00322096
12.7 21.375 0.00198448
12.7 23.625 0.00866735
12.7 25.875 0.00253563
12.7 28.125 0.00268624
12.7 30.375 0.00373445
12.7 32.625 0.00765033
12.7 34.875 0.021501
12.7 37.125 0.00201343
12.7 39.375 0.0521407
12.7 41.625 0.0034272
12.7 43.875 0.0264016
12.9 1.125 0.00325537
12.9 3.375 0.00222474
12.9 5.625 0.00258859
12.9 7.875 0.00375184
12.9 10.125 0.0028484
12.9 12.375 0.00255596
12.9 14.625 0.00218553
12.9 16.875 0.00230286
12.9 19.125 0.00435374
12.9 21.375 0.00204443
12.9 23.625 0.0507836
12.9 25.875 0.00246225
12.9 28.125 0.0022736
12.9 30.375 0.00251455
12.9 32.625 0.00253212
12.9 34.875 0.00182739
12.9 37.125 0.00204605
12.9 39.375 0.0028973
12.9 41.625 0.00228711
12.9 43.875 0.00289734
13.1 1.125 0.00527843
13.1 3.375 0.00299309
13.1 5.625 0.00196443
13.1 7.875 0.00234791
13.1 10.125 0.00223024
13.1 12.375 0.00395859
13.1 14.625 0.00238148
13.1 16.875 0.00207282
13.1 19.125 0.00186522
13.1 21.375 0.00235815
13.1 23.625 0.00248438
13.1 25.875 0.0427932
13.1 28.125 0.00259401
13.1 30.375 0.00393196
13.1 32.625 0.00236094
13.1 34.875 0.00269027
13.1 37.125 0.0028195
13.1 39.375 0.001876
13.1 41.625 0.00304794
13.1 43.875 0.0233814
13.3 1.125 0.0018725
13.3 3.375 0.0022046
13.3 5.625 0.00219733
13.3 7.875 0.00237337
13.3 10.125 0.00311454
13.3 12.375 0.0653689
13.3 14.625 0.00307426
13.3 16.875 0.00282476
13.3 19.125 0.0262146
13.3 21.375 0.00212455
13.3 23.625 0.0018685
13.3 25.875 0.00231329
13.3 28.125 0.00365856
13.3 30.375 0.00257008
13.3 32.625 0.00246291
13.3 34.875 0.00249625
13.3 37.125 0.00472836
13.3 39.375 0.00252049
13.3 41.625 0.00282238
13.3 43.875 0.03565
13.5 1.125 0.00258899
13.5 3.375 0.00207392
13.5 5.625 0.00283815
13.5 7.875 0.00192061
13.5 10.125 0.0641039
13.5 12.375 0.00248799
13.5 14.625 0.0020873
13.5 16.875 0.00199614
13.5 19.125 0.00274087
13.5 21.375 0.00189493
13.5 23.625 0.00194905
13.5 25.875 0.00373226
13.5 28.125 0.00289696
13.5 30.375 0.0026851
13.5 32.625 0.0132861
13.5 34.875 0.00278169
13.5 37.125 0.00260762
13.5 39.375 0.0433205
13.5 41.625 0.0023204
13.5 43.875 0.00644232
13.7 1.125 0.00213657
13.7 3.375 0.00209209
13.7 5.625 0.00291999
13.7 7.875 0.00250046
13.7 10.125 0.00353596
13.7 12.375 0.00239328
13.7 14.625 0.00221168
13.7 16.875 0.00214013
13.7 19.125 0.00346701
13.7 21.375 0.00341738
13.7 23.625 0.00252367
13.7 25.875 0.00224687
13.7 28.125 0.00507466
13.7 30.375 0.00286365
13.7 32.625 0.0023117
13.7 34.875 0.00231997
13.7 37.125 0.00210134
13.7 39.375 0.00246326
13.7 41.625 0.00228337
13.7 43.875 0.0121918
13.9 1.125 0.00242181
13.9 3.375 0.00243694
13.9 5.625 0.00227197
13.9 7.875 0.00194848
13.9 10.125 0.00261403
13.9 12.375 0.00196566
13.9 14.625 0.00260006
13.9 16.875 0.0019925
13.9 19.125 0.0139468
13.9 21.375 0.00231733
13.9 23.625 0.00312258
13.9 25.875 0.00211247
13.9 28.125 0.0673416
13.9 30.375 0.00231156
13.9 32.625 0.00291184
13.9 34.875 0.00402439
13.9 37.125 0.00317302
13.9 39.375 0.00175966
13.9 41.625 0.0888171
13.9 43.875 0.00859881
