0.1 1.125 0.167482
0.1 3.375 0.16728
0.1 5.625 0.168341
0.1 7.875 0.165538
0.1 10.125 0.16919
0.1 12.375 0.168502
0.1 14.625 0.169483
0.1 16.875 0.164684
0.1 19.125 0.170181
0.1 21.375 0.168385
0.1 23.625 0.159702
0.1 25.875 0.160733
0.1 28.125 0.16393
0.1 30.375 0.169944
0.1 32.625 0.16824
0.1 34.875 0.167321
0.1 37.125 0.169145
0.1 39.375 0.168007
0.1 41.625 0.167512
0.1 43.875 0.169506
0.3 1.125 0.159883
0.3 3.375 0.158468
0.3 5.625 0.160311
0.3 7.875 0.159444
0.3 10.125 0.160365
0.3 12.375 0.164913
0.3 14.625 0.15932
0.3 16.875 0.159748
0.3 19.125 0.159332
0.3 21.375 0.160936
0.3 23.625 0.158955
0.3 25.875 0.160031
0.3 28.125 0.161193
0.3 30.375 0.160429
0.3 32.625 0.161491
0.3 34.875 0.161219
0.3 37.125 0.161479
0.3 39.375 0.162007
0.3 41.625 0.160533
0.3 43.875 0.161198
0.5 1.125 0.144965
0.5 3.375 0.148516
0.5 5.625 0.150557
0.5 7.875 0.148184
0.5 10.125 0.149912
0.5 12.375 0.147458
0.5 14.625 0.15313
0.5 16.875 0.149906
0.5 19.125 0.145613
0.5 21.375 0.149193
0.5 23.625 0.148297
0.5 25.875 0.144365
0.5 28.125 0.148176
0.5 30.375 0.152184
0.5 32.625 0.139423
0.5 34.875 0.147907
0.5 37.125 0.146955
0.5 39.375 0.149406
0.5 41.625 0.147248
0.5 43.875 0.144707
0.7 1.125 0.140151
0.7 3.375 0.141351
0.7 5.625 0.137529
0.7 7.875 0.140958
0.7 10.125 0.137631
0.7 12.375 0.13474
0.7 14.625 0.136796
0.7 16.875 0.136459
0.7 19.125 0.139982
0.7 21.375 0.135393
0.7 23.625 0.131474
0.7 25.875 0.130253
0.7 28.125 0.136179
0.7 30.375 0.129831
0.7 32.625 0.124764
0.7 34.875 0.124888
0.7 37.125 0.134043
0.7 39.375 0.134745
0.7 41.625 0.141723
0.7 43.875 0.132701
0.9 1.125 0.121881
0.9 3.375 0.123
0.9 5.625 0.124392
0.9 7.875 0.125331
0.9 10.125 0.121551
0.9 12.375 0.12174
0.9 14.625 0.120855
0.9 16.875 0.1194
0.9 19.125 0.114894
0.9 21.375 0.119311
0.9 23.625 0.120029
0.9 25.875 0.119274
0.9 28.125 0.121505
0.9 30.375 0.116549
0.9 32.625 0.108566
0.9 34.875 0.117214
0.9 37.125 0.116106
0.9 39.375 0.0996617
0.9 41.625 0.11679
0.9 43.875 0.122066
1.1 1.125 0.103363
1.1 3.375 0.102314
1.1 5.625 0.100963
1.1 7.875 0.100462
1.1 10.125 0.103458
1.1 12.375 0.101107
1.1 14.625 0.0946001
1.1 16.875 0.0998835
1.1 19.125 0.0963829
1.1 21.375 0.0899636
1.1 23.625 0.09271
1.1 25.875 0.0916415
1.1 28.125 0.0990918
1.1 30.375 0.0972291
1.1 32.625 0.0957536
1.1 34.875 0.086935
1.1 37.125 0.0898237
1.1 39.375 0.091473
1.1 41.625 0.0926565
1.1 43.875 0.0915925
1.3 1.125 0.0759937
1.3 3.375 0.0756378
1.3 5.625 0.0759823
1.3 7.875 0.0786738
1.3 10.125 0.0756921
1.3 12.375 0.077496
1.3 14.625 0.0788025
1.3 16.875 0.0754953
1.3 19.125 0.0754175
1.3 21.375 0.0764818
1.3 23.625 0.0854322
1.3 25.875 0.0785696
1.3 28.125 0.0794933
1.3 30.375 0.0665274
1.3 32.625 0.0763815
1.3 34.875 0.0843751
1.3 37.125 0.0741179
1.3 39.375 0.0728905
1.3 41.625 0.079692
1.3 43.875 0.0818327
1.5 1.125 0.0546388
1.5 3.375 0.0533518
1.5 5.625 0.0548896
1.5 7.875 0.0541147
1.5 10.125 0.053001
1.5 12.375 0.0578746
1.5 14.625 0.0610403
1.5 16.875 0.0554157
1.5 19.125 0.0537906
1.5 21.375 0.0575874
1.5 23.625 0.0599852
1.5 25.875 0.0614624
1.5 28.125 0.0630498
1.5 30.375 0.059393
1.5 32.625 0.050933
1.5 34.875 0.0612013
1.5 37.125 0.0729293
1.5 39.375 0.0646748
1.5 41.625 0.0634876
1.5 43.875 0.0658146
1.7 1.125 0.0368246
1.7 3.375 0.0370176
1.7 5.625 0.0370493
1.7 7.875 0.0363101
1.7 10.125 0.0381497
1.7 12.375 0.0387847
1.7 14.625 0.0331337
1.7 16.875 0.041005
1.7 19.125 0.0461181
1.7 21.375 0.0481955
1.7 23.625 0.0483698
1.7 25.875 0.0488912
1.7 28.125 0.0445922
1.7 30.375 0.0463347
1.7 32.625 0.0505813
1.7 34.875 0.0402748
1.7 37.125 0.0443094
1.7 39.375 0.0409027
1.7 41.625 0.0471493
1.7 43.875 0.0474196
1.9 1.125 0.0250714
1.9 3.375 0.0237819
1.9 5.625 0.0248998
1.9 7.875 0.0244629
1.9 10.125 0.0255861
1.9 12.375 0.0269199
1.9 14.625 0.0262898
1.9 16.875 0.021802
1.9 19.125 0.0203158
1.9 21.375 0.0291849
1.9 23.625 0.0305124
1.9 25.875 0.0284189
1.9 28.125 0.0347879
1.9 30.375 0.0315586
1.9 32.625 0.0374706
1.9 34.875 0.0375469
1.9 37.125 0.0324388
1.9 39.375 0.033581
1.9 41.625 0.0365377
1.9 43.875 0.0432601
2.1 1.125 0.0152805
2.1 3.375 0.0143109
2.1 5.625 0.0132147
2.1 7.875 0.0148793
2.1 10.125 0.0162075
2.1 12.375 0.013827
2.1 14.625 0.0190567
2.1 16.875 0.0199923
2.1 19.125 0.0167869
2.1 21.375 0.0210981
2.1 23.625 0.0208736
2.1 25.875 0.0241458
2.1 28.125 0.0227848
2.1 30.375 0.0205517
2.1 32.625 0.0258241
2.1 34.875 0.0282014
2.1 37.125 0.0273575
2.1 39.375 0.0320022
2.1 41.625 0.0299206
2.1 43.875 0.0289961
2.3 1.125 0.00819526
2.3 3.375 0.00762763
2.3 5.625 0.00799859
2.3 7.875 0.00834128
2.3 10.125 0.00940654
2.3 12.375 0.0087383
2.3 14.625 0.0110904
2.3 16.875 0.0102543
2.3 19.125 0.0107475
2.3 21.375 0.0130553
2.3 23.625 0.0135444
2.3 25.875 0.0163286
2.3 28.125 0.0157579
2.3 30.375 0.0193762
2.3 32.625 0.0189535
2.3 34.875 0.0191742
2.3 37.125 0.0184506
2.3 39.375 0.0209169
2.3 41.625 0.0162851
2.3 43.875 0.0221007
2.5 1.125 0.00450615
2.5 3.375 0.00467802
2.5 5.625 0.00520412
2.5 7.875 0.00517312
2.5 10.125 0.00547043
2.5 12.375 0.00525281
2.5 14.625 0.00566235
2.5 16.875 0.0067885
2.5 19.125 0.00681909
2.5 21.375 0.00711356
2.5 23.625 0.00751565
2.5 25.875 0.00850436
2.5 28.125 0.0100962
2.5 30.375 0.0101864
2.5 32.625 0.0113274
2.5 34.875 0.0128627
2.5 37.125 0.0134765
2.5 39.375 0.0161567
2.5 41.625 0.0191633
2.5 43.875 0.0183975
2.7 1.125 0.00489892
2.7 3.375 0.00430576
2.7 5.625 0.00439673
2.7 7.875 0.00428009
2.7 10.125 0.00471421
2.7 12.375 0.00640357
2.7 14.625 0.00461852
2.7 16.875 0.00388127
2.7 19.125 0.00531544
2.7 21.375 0.00496619
2.7 23.625 0.005248
2.7 25.875 0.00600544
2.7 28.125 0.00529241
2.7 30.375 0.00781649
2.7 32.625 0.00713454
2.7 34.875 0.0104691
2.7 37.125 0.00839564
2.7 39.375 0.011622
2.7 41.625 0.0118995
2.7 43.875 0.0147249
2.9 1.125 0.00424409
2.9 3.375 0.00470565
2.9 5.625 0.0041031
2.9 7.875 0.00399597
2.9 10.125 0.00493254
2.9 12.375 0.00397428
2.9 14.625 0.00534902
2.9 16.875 0.00430268
2.9 19.125 0.0049782
2.9 21.375 0.003954
2.9 23.625 0.00505564
2.9 25.875 0.00534336
2.9 28.125 0.0045086
2.9 30.375 0.00419795
2.9 32.625 0.0049901
2.9 34.875 0.00547698
2.9 37.125 0.00780799
2.9 39.375 0.00815381
2.9 41.625 0.00696088
2.9 43.875 0.0107402
3.1 1.125 0.00375169
3.1 3.375 0.00537184
3.1 5.625 0.00294033
3.1 7.875 0.00479814
3.1 10.125 0.00474318
3.1 12.375 0.00365994
3.1 14.625 0.00401845
3.1 16.875 0.00368207
3.1 19.125 0.00367177
3.1 21.375 0.0035497
3.1 23.625 0.00426161
3.1 25.875 0.00306173
3.1 28.125 0.0042973
3.1 30.375 0.0043119
3.1 32.625 0.00414146
3.1 34.875 0.00368983
3.1 37.125 0.00485828
3.1 39.375 0.0055223
3.1 41.625 0.00584235
3.1 43.875 0.00747848
3.3 1.125 0.00433939
3.3 3.375 0.00501917
3.3 5.625 0.00609931
3.3 7.875 0.00377123
3.3 10.125 0.00349716
3.3 12.375 0.0085114
3.3 14.625 0.00392595
3.3 16.875 0.00341827
3.3 19.125 0.00622748
3.3 21.375 0.00388776
3.3 23.625 0.00476708
3.3 25.875 0.00331855
3.3 28.125 0.0038998
3.3 30.375 0.00550019
3.3 32.625 0.00506381
3.3 34.875 0.00328625
3.3 37.125 0.00367227
3.3 39.375 0.0044644
3.3 41.625 0.00388623
3.3 43.875 0.00470058
3.5 1.125 0.00484606
3.5 3.375 0.00415074
3.5 5.625 0.00370283
3.5 7.875 0.00318806
3.5 10.125 0.0111461
3.5 12.375 0.00376437
3.5 14.625 0.00318079
3.5 16.875 0.00327986
3.5 19.125 0.0115692
3.5 21.375 0.00773524
3.5 23.625 0.00463308
3.5 25.875 0.00304364
3.5 28.125 0.0035239
3.5 30.375 0.00399092
3.5 32.625 0.00394736
3.5 34.875 0.00398635
3.5 37.125 0.00467656
3.5 39.375 0.00402324
3.5 41.625 0.0032108
3.5 43.875 0.00316429
3.7 1.125 0.00407655
3.7 3.375 0.00342554
3.7 5.625 0.00315365
3.7 7.875 0.00355485
3.7 10.125 0.00457396
3.7 12.375 0.00385092
3.7 14.625 0.00387854
3.7 16.875 0.00390409
3.7 19.125 0.00381633
3.7 21.375 0.00364554
3.7 23.625 0.00358024
3.7 25.875 0.00468251
3.7 28.125 0.00681002
3.7 30.375 0.00479563
3.7 32.625 0.00335803
3.7 34.875 0.00429522
3.7 37.125 0.00380598
3.7 39.375 0.00374887
3.7 41.625 0.00294991
3.7 43.875 0.00263739
3.9 1.125 0.00323412
3.9 3.375 0.00341349
3.9 5.625 0.00556792
3.9 7.875 0.00548538
3.9 10.125 0.00339845
3.9 12.375 0.00379798
3.9 14.625 0.00314743
3.9 16.875 0.0101317
3.9 19.125 0.00451591
3.9 21.375 0.00420114
3.9 23.625 0.00354549
3.9 25.875 0.00517211
3.9 28.125 0.00509223
3.9 30.375 0.00471016
3.9 32.625 0.00532551
3.9 34.875 0.00325727
3.9 37.125 0.00341491
3.9 39.375 0.00286463
3.9 41.625 0.0026445
3.9 43.875 0.00368557
4.1 1.125 0.00371223
4.1 3.375 0.00347484
4.1 5.625 0.00367284
4.1 7.875 0.00289668
4.1 10.125 0.0089242
4.1 12.375 0.00354654
4.1 14.625 0.00338673
4.1 16.875 0.00523646
4.1 19.125 0.0055794
4.1 21.375 0.0138829
4.1 23.625 0.00410291
4.1 25.875 0.00484401
4.1 28.125 0.00629595
4.1 30.375 0.00322291
4.1 32.625 0.00346541
4.1 34.875 0.00321739
4.1 37.125 0.00298236
4.1 39.375 0.00225051
4.1 41.625 0.00233748
4.1 43.875 0.00284415
4.3 1.125 0.00333783
4.3 3.375 0.00365761
4.3 5.625 0.00341505
4.3 7.875 0.00557057
4.3 10.125 0.00406812
4.3 12.375 0.00334387
4.3 14.625 0.00848169
4.3 16.875 0.00357627
4.3 19.125 0.00300748
4.3 21.375 0.00454703
4.3 23.625 0.00464481
4.3 25.875 0.00465314
4.3 28.125 0.00828493
4.3 30.375 0.00383774
4.3 32.625 0.00414782
4.3 34.875 0.00280059
4.3 37.125 0.00249979
4.3 39.375 0.00282743
4.3 41.625 0.00224439
4.3 43.875 0.00243474
4.5 1.125 0.00379299
4.5 3.375 0.00330044
4.5 5.625 0.00456599
4.5 7.875 0.00356097
4.5 10.125 0.00381492
4.5 12.375 0.00461489
4.5 14.625 0.00319799
4.5 16.875 0.00835141
4.5 19.125 0.0069973
4.5 21.375 0.0044075
4.5 23.625 0.00482707
4.5 25.875 0.00618961
4.5 28.125 0.00420548
4.5 30.375 0.00326723
4.5 32.625 0.00494384
4.5 34.875 0.0021472
4.5 37.125 0.00366821
4.5 39.375 0.00272748
4.5 41.625 0.00268438
4.5 43.875 0.00477948
4.7 1.125 0.00298289
4.7 3.375 0.00360308
4.7 5.625 0.00377799
4.7 7.875 0.0046678
4.7 10.125 0.00415095
4.7 12.375 0.00289077
4.7 14.625 0.00266106
4.7 16.875 0.00343178
4.7 19.125 0.00361185
4.7 21.375 0.00249621
4.7 23.625 0.00333877
4.7 25.875 0.00374108
4.7 28.125 0.0035672
4.7 30.375 0.00301713
4.7 32.625 0.00243512
4.7 34.875 0.00356213
4.7 37.125 0.00282363
4.7 39.375 0.00232939
4.7 41.625 0.00881851
4.7 43.875 0.00235583
4.9 1.125 0.0026928
4.9 3.375 0.00251838
4.9 5.625 0.00239266
4.9 7.875 0.00208606
4.9 10.125 0.00335746
4.9 12.375 0.00258125
4.9 14.625 0.00359906
4.9 16.875 0.00399541
4.9 19.125 0.0040477
4.9 21.375 0.00302959
4.9 23.625 0.00397011
4.9 25.875 0.0039958
4.9 28.125 0.00303002
4.9 30.375 0.00240041
4.9 32.625 0.00247392
4.9 34.875 0.00280951
4.9 37.125 0.00258751
4.9 39.375 0.00319074
4.9 41.625 0.00309374
4.9 43.875 0.00287809
5.1 1.125 0.00298397
5.1 3.375 0.00206884
5.1 5.625 0.0022888
5.1 7.875 0.0026947
5.1 10.125 0.00397261
5.1 12.375 0.00255921
5.1 14.625 0.00202245
5.1 16.875 0.002674
5.1 19.125 0.00394625
5.1 21.375 0.00271925
5.1 23.625 0.00318702
5.1 25.875 0.00425861
5.1 28.125 0.00357373
5.1 30.375 0.00306555
5.1 32.625 0.00259629
5.1 34.875 0.00264181
5.1 37.125 0.00245958
5.1 39.375 0.00220864
5.1 41.625 0.00340743
5.1 43.875 0.0022133
5.3 1.125 0.00237155
5.3 3.375 0.00270966
5.3 5.625 0.00227834
5.3 7.875 0.00389268
5.3 10.125 0.0034109
5.3 12.375 0.00354841
5.3 14.625 0.00243004
5.3 16.875 0.00249764
5.3 19.125 0.00254761
5.3 21.375 0.00238
5.3 23.625 0.00264536
5.3 25.875 0.00289438
5.3 28.125 0.00268996
5.3 30.375 0.00325613
5.3 32.625 0.00348255
5.3 34.875 0.00291377
5.3 37.125 0.00296109
5.3 39.375 0.00336903
5.3 41.625 0.00294803
5.3 43.875 0.00196121
5.5 1.125 0.00277344
5.5 3.375 0.00503286
5.5 5.625 0.00664961
5.5 7.875 0.00885925
5.5 10.125 0.00341906
5.5 12.375 0.00232174
5.5 14.625 0.00222288
5.5 16.875 0.0026442
5.5 19.125 0.00269675
5.5 21.375 0.00308185
5.5 23.625 0.00257741
5.5 25.875 0.00280322
5.5 28.125 0.00243864
5.5 30.375 0.00259425
5.5 32.625 0.00270152
5.5 34.875 0.00242591
5.5 37.125 0.0030008
5.5 39.375 0.00219473
5.5 41.625 0.00437749
5.5 43.875 0.00258863
5.7 1.125 0.00279224
5.7 3.375 0.00196585
5.7 5.625 0.00257549
5.7 7.875 0.00336358
5.7 10.125 0.00176536
5.7 12.375 0.00289148
5.7 14.625 0.00957108
5.7 16.875 0.00344114
5.7 19.125 0.00207132
5.7 21.375 0.004856
5.7 23.625 0.00276378
5.7 25.875 0.00247357
5.7 28.125 0.00197364
5.7 30.375 0.00237668
5.7 32.625 0.00225133
5.7 34.875 0.00249955
5.7 37.125 0.00366283
5.7 39.375 0.00276993
5.7 41.625 0.00286202
5.7 43.875 0.00334608
5.9 1.125 0.00258683
5.9 3.375 0.00297788
5.9 5.625 0.00219748
5.9 7.875 0.00236486
5.9 10.125 0.00301663
5.9 12.375 0.00191402
5.9 14.625 0.00233137
5.9 16.875 0.00291174
5.9 19.125 0.00299928
5.9 21.375 0.00351576
5.9 23.625 0.00208558
5.9 25.875 0.0025858
5.9 28.125 0.00209798
5.9 30.375 0.00451288
5.9 32.625 0.00269774
5.9 34.875 0.00224766
5.9 37.125 0.00219953
5.9 39.375 0.00242329
5.9 41.625 0.00295893
5.9 43.875 0.00373587
6.1 1.125 0.0025387
6.1 3.375 0.00445601
6.1 5.625 0.00198446
6.1 7.875 0.00203072
6.1 10.125 0.0126225
6.1 12.375 0.00193408
6.1 14.625 0.00271678
6.1 16.875 0.00247426
6.1 19.125 0.00394004
6.1 21.375 0.00294647
6.1 23.625 0.00239983
6.1 25.875 0.00207429
6.1 28.125 0.00397979
6.1 30.375 0.00184223
6.1 32.625 0.00266822
6.1 34.875 0.00249329
6.1 37.125 0.00285082
6.1 39.375 0.00243623
6.1 41.625 0.00264233
6.1 43.875 0.00399092
6.3 1.125 0.00312143
6.3 3.375 0.00279714
6.3 5.625 0.00290543
6.3 7.875 0.00291719
6.3 10.125 0.0035982
6.3 12.375 0.00303547
6.3 14.625 0.00245909
6.3 16.875 0.00275328
6.3 19.125 0.002392
6.3 21.375 0.00271772
6.3 23.625 0.00185551
6.3 25.875 0.00172407
6.3 28.125 0.0017251
6.3 30.375 0.002346
6.3 32.625 0.0139897
6.3 34.875 0.00167128
6.3 37.125 0.0025102
6.3 39.375 0.00205611
6.3 41.625 0.00249427
6.3 43.875 0.00334541
6.5 1.125 0.00263502
6.5 3.375 0.00758071
6.5 5.625 0.00473373
6.5 7.875 0.00243851
6.5 10.125 0.00522654
6.5 12.375 0.00247396
6.5 14.625 0.00259775
6.5 16.875 0.00822965
6.5 19.125 0.00317944
6.5 21.375 0.00315799
6.5 23.625 0.00207835
6.5 25.875 0.00347077
6.5 28.125 0.00152889
6.5 30.375 0.00205386
6.5 32.625 0.0102171
6.5 34.875 0.00220873
6.5 37.125 0.00258597
6.5 39.375 0.00229707
6.5 41.625 0.00219275
6.5 43.875 0.00296947
6.7 1.125 0.00461054
6.7 3.375 0.00264454
6.7 5.625 0.00211585
6.7 7.875 0.00369522
6.7 10.125 0.00181299
6.7 12.375 0.00291509
6.7 14.625 0.00325038
6.7 16.875 0.00293413
6.7 19.125 0.00342517
6.7 21.375 0.0023999
6.7 23.625 0.00290716
6.7 25.875 0.00244767
6.7 28.125 0.00467877
6.7 30.375 0.00281174
6.7 32.625 0.00279604
6.7 34.875 0.0023424
6.7 37.125 0.00261808
6.7 39.375 0.00215275
6.7 41.625 0.00290149
6.7 43.875 0.00250097
6.9 1.125 0.00266454
6.9 3.375 0.00198748
6.9 5.625 0.0032041
6.9 7.875 0.00241299
6.9 10.125 0.00223957
6.9 12.375 0.00586365
6.9 14.625 0.00278018
6.9 16.875 0.00358274
6.9 19.125 0.00262643
6.9 21.375 0.00253783
6.9 23.625 0.00177555
6.9 25.875 0.00229885
6.9 28.125 0.0021579
6.9 30.375 0.004645
6.9 32.625 0.00412043
6.9 34.875 0.00292316
6.9 37.125 0.00161319
6.9 39.375 0.00275378
6.9 41.625 0.00284757
6.9 43.875 0.00216856
7.1 1.125 0.00269025
7.1 3.375 0.00216359
7.1 5.625 0.00746432
7.1 7.875 0.00784733
7.1 10.125 0.0023056
7.1 12.375 0.00287749
7.1 14.625 0.00252021
7.1 16.875 0.00180094
7.1 19.125 0.00294912
7.1 21.375 0.00231254
7.1 23.625 0.00263962
7.1 25.875 0.00253745
7.1 30.375 0.00536154
7.1 32.625 0.00189592
7.1 34.875 0.00277548
7.1 37.125 0.00232676
7.1 39.375 0.00309557
7.1 41.625 0.00221452
7.1 43.875 0.00222939
7.3 1.125 0.0019569
7.3 3.375 0.00210581
7.3 5.625 0.00208164
7.3 7.875 0.00183344
7.3 10.125 0.00241455
7.3 12.375 0.00218238
7.3 14.625 0.00290982
7.3 16.875 0.00269206
7.3 19.125 0.00307746
7.3 21.375 0.00206024
7.3 23.625 0.0029245
7.3 25.875 0.00281826
7.3 28.125 0.00359389
7.3 30.375 0.00207739
7.3 32.625 0.00210622
7.3 34.875 0.00229031
7.3 37.125 0.00174852
7.3 39.375 0.00298911
7.3 41.625 0.00229062
7.3 43.875 0.00169586
7.5 1.125 0.00186401
7.5 3.375 0.00163208
7.5 5.625 0.00245653
7.5 7.875 0.00219932
7.5 10.125 0.00267881
7.5 12.375 0.00223667
7.5 14.625 0.00160239
7.5 16.875 0.00250728
7.5 19.125 0.00253659
7.5 21.375 0.00257637
7.5 23.625 0.00312322
7.5 25.875 0.00261919
7.5 28.125 0.0026631
7.5 30.375 0.00277179
7.5 32.625 0.00229507
7.5 34.875 0.00286992
7.5 37.125 0.00245915
7.5 39.375 0.00202839
7.5 41.625 0.00253687
7.5 43.875 0.00228754
7.7 1.125 0.00448708
7.7 3.375 0.00243186
7.7 5.625 0.00258126
7.7 7.875 0.00146658
7.7 10.125 0.002534
7.7 12.375 0.00214273
7.7 14.625 0.00289201
7.7 16.875 0.00182634
7.7 19.125 0.00191394
7.7 21.375 0.00199875
7.7 23.625 0.0022912
7.7 25.875 0.0019732
7.7 28.125 0.00164345
7.7 30.375 0.00230184
7.7 32.625 0.002691
7.7 34.875 0.0022708
7.7 37.125 0.00210109
7.7 39.375 0.00211779
7.7 41.625 0.0015878
7.7 43.875 0.00167195
7.9 1.125 0.00195084
7.9 3.375 0.00194362
7.9 5.625 0.00245023
7.9 7.875 0.00173394
7.9 10.125 0.00253253
7.9 12.375 0.00862369
7.9 14.625 0.00221795
7.9 16.875 0.00277496
7.9 19.125 0.00241718
7.9 21.375 0.00191939
7.9 23.625 0.00309252
7.9 25.875 0.00194349
7.9 28.125 0.00170923
7.9 30.375 0.0025795
7.9 32.625 0.00226536
7.9 34.875 0.00281313
7.9 37.125 0.00242339
7.9 39.375 0.00216647
7.9 41.625 0.00225125
7.9 43.875 0.00263785
8.1 1.125 0.00720134
8.1 3.375 0.00158518
8.1 5.625 0.00249812
8.1 10.125 0.00299098
8.1 12.375 0.00333018
8.1 14.625 0.00198047
8.1 16.875 0.00243281
8.1 19.125 0.00158165
8.1 21.375 0.00222918
8.1 23.625 0.00188891
8.1 25.875 0.0022558
8.1 28.125 0.00240716
8.1 30.375 0.00257548
8.1 32.625 0.003
8.1 34.875 0.00266901
8.1 37.125 0.00228745
8.1 39.375 0.00192956
8.1 41.625 0.00166008
8.1 43.875 0.00206812
8.3 1.125 0.00232785
8.3 3.375 0.00272846
8.3 5.625 0.00210827
8.3 7.875 0.00211194
8.3 12.375 0.00222696
8.3 14.625 0.00259957
8.3 16.875 0.00283777
8.3 19.125 0.00189021
8.3 21.375 0.00175514
8.3 23.625 0.00192716
8.3 25.875 0.0024447
8.3 28.125 0.00170097
8.3 30.375 0.00200944
8.3 32.625 0.00243131
8.3 34.875 0.00212422
8.3 37.125 0.00191962
8.3 39.375 0.00155119
8.3 41.625 0.00245781
8.5 1.125 0.00232229
8.5 3.375 0.00231072
8.5 5.625 0.00469465
8.5 12.375 0.00202412
8.5 14.625 0.0026679
8.5 16.875 0.00204643
8.5 19.125 0.00203657
8.5 21.375 0.00142291
8.5 23.625 0.00306654
8.5 25.875 0.00216978
8.5 28.125 0.00187348
8.5 30.375 0.00185211
8.5 32.625 0.00198068
8.5 34.875 0.00202989
8.5 37.125 0.00262894
8.5 39.375 0.00293956
8.5 41.625 0.00160249
8.5 43.875 0.0018058
8.7 1.125 0.00176816
8.7 3.375 0.0183498
8.7 5.625 0.00227493
8.7 7.875 0.00374989
8.7 10.125 0.00242714
8.7 12.375 0.00272687
8.7 14.625 0.00226185
8.7 16.875 0.00167906
8.7 19.125 0.00158103
8.7 21.375 0.00208171
8.7 23.625 0.00185866
8.7 25.875 0.00173956
8.7 28.125 0.00190697
8.7 30.375 0.00222443
8.7 32.625 0.00181409
8.7 34.875 0.00219139
8.7 37.125 0.00274108
8.7 39.375 0.00272499
8.7 41.625 0.00383123
8.7 43.875 0.00209795
8.9 1.125 0.00300389
8.9 3.375 0.0022219
8.9 5.625 0.00283419
8.9 12.375 0.00232717
8.9 14.625 0.00321312
8.9 16.875 0.00190923
8.9 19.125 0.00208873
8.9 21.375 0.00211662
8.9 23.625 0.00274586
8.9 25.875 0.00153312
8.9 28.125 0.00322303
8.9 30.375 0.00223862
8.9 32.625 0.00289527
8.9 34.875 0.00280102
8.9 37.125 0.00194885
8.9 39.375 0.00310793
8.9 41.625 0.00229581
8.9 43.875 0.00192408
9.1 1.125 0.00207264
9.1 3.375 0.00664458
9.1 5.625 0.00302492
9.1 7.875 0.00130203
9.1 10.125 0.00220515
9.1 12.375 0.00206276
9.1 14.625 0.00267198
9.1 16.875 0.00199166
9.1 19.125 0.0014187
9.1 21.375 0.00170267
9.1 25.875 0.00188585
9.1 28.125 0.00288412
9.1 30.375 0.00246208
9.1 32.625 0.00214606
9.1 34.875 0.00198273
9.1 37.125 0.00336313
9.1 39.375 0.00219327
9.1 41.625 0.00341869
9.1 43.875 0.00518441
9.3 1.125 0.00278887
9.3 3.375 0.00309702
9.3 5.625 0.0038453
9.3 7.875 0.00323138
9.3 10.125 0.00268299
9.3 12.375 0.00249834
9.3 14.625 0.00303323
9.3 16.875 0.00278028
9.3 19.125 0.00206443
9.3 21.375 0.00194929
9.3 23.625 0.00182564
9.3 25.875 0.001948
9.3 28.125 0.003151
9.3 30.375 0.00192885
9.3 32.625 0.00183079
9.3 34.875 0.00158482
9.3 37.125 0.00215209
9.3 39.375 0.00129478
9.3 41.625 0.00284125
9.3 43.875 0.00241633
9.5 1.125 0.00209542
9.5 3.375 0.00274945
9.5 5.625 0.0116379
9.5 7.875 0.00235873
9.5 10.125 0.00286423
9.5 12.375 0.00262246
9.5 14.625 0.0021083
9.5 16.875 0.00247942
9.5 19.125 0.00265274
9.5 23.625 0.00157583
9.5 25.875 0.00180475
9.5 28.125 0.00281716
9.5 30.375 0.0013964
9.5 32.625 0.00128889
9.5 34.875 0.00146703
9.5 39.375 0.00201903
9.5 41.625 0.00188631
9.5 43.875 0.00307631
9.7 1.125 0.00234899
9.7 3.375 0.00297032
9.7 5.625 0.00197302
9.7 7.875 0.00199615
9.7 10.125 0.00490777
9.7 12.375 0.00232931
9.7 14.625 0.00219807
9.7 16.875 0.00216237
9.7 19.125 0.00286789
9.7 23.625 0.00246532
9.7 25.875 0.00185715
9.7 28.125 0.00228143
9.7 30.375 0.00212206
9.7 32.625 0.00325281
9.7 34.875 0.00115642
9.7 37.125 0.00463715
9.7 39.375 0.0019426
9.7 41.625 0.0024255
9.7 43.875 0.00384938
9.9 1.125 0.0017159
9.9 3.375 0.00149041
9.9 5.625 0.00247848
9.9 7.875 0.00188208
9.9 10.125 0.00146464
9.9 12.375 0.00198086
9.9 14.625 0.00191444
9.9 16.875 0.00279475
9.9 19.125 0.00302309
9.9 21.375 0.00207876
9.9 23.625 0.00243174
9.9 25.875 0.00188357
9.9 28.125 0.00226754
9.9 30.375 0.00169587
9.9 32.625 0.000913761
9.9 37.125 0.00169804
9.9 39.375 0.00181312
9.9 41.625 0.00181377
9.9 43.875 0.00240361
10.1 1.125 0.00412287
10.1 3.375 0.00228576
10.1 7.875 0.00206402
10.1 10.125 0.00251404
10.1 12.375 0.00281442
10.1 14.625 0.00212223
10.1 16.875 0.0025438
10.1 19.125 0.00156346
10.1 21.375 0.00199225
10.1 23.625 0.00209076
10.1 25.875 0.00486215
10.1 28.125 0.00260843
10.1 30.375 0.00223457
10.1 37.125 0.0121795
10.1 39.375 0.00240179
10.1 41.625 0.00210794
10.1 43.875 0.00213095
10.3 1.125 0.00197148
10.3 3.375 0.0023464
10.3 5.625 0.00273124
10.3 10.125 0.00223173
10.3 12.375 0.00186253
10.3 14.625 0.00207641
10.3 16.875 0.00194616
10.3 19.125 0.0013436
10.3 21.375 0.0023751
10.3 23.625 0.0018712
10.3 25.875 0.00232363
10.3 28.125 0.00209329
10.3 30.375 0.00217569
10.3 32.625 0.00259244
10.3 34.875 0.00317004
10.3 41.625 0.00165028
10.3 43.875 0.00191014
10.5 1.125 0.00330288
10.5 3.375 0.00165082
10.5 7.875 0.00168557
10.5 10.125 0.00224836
10.5 12.375 0.00187499
10.5 14.625 0.0012953
10.5 16.875 0.00244612
10.5 19.125 0.00361299
10.5 21.375 0.00209436
10.5 23.625 0.00336492
10.5 25.875 0.002252
10.5 28.125 0.00179525
10.5 30.375 0.00192284
10.5 39.375 0.00198642
10.5 41.625 0.00175912
10.5 43.875 0.00288643
10.7 1.125 0.00142036
10.7 12.375 0.00250195
10.7 14.625 0.00151952
10.7 16.875 0.00139958
10.7 19.125 0.0017536
10.7 21.375 0.00278969
10.7 23.625 0.00162437
10.7 25.875 0.00217533
10.7 28.125 0.00195608
10.7 30.375 0.00264061
10.7 37.125 0.00547001
10.7 41.625 0.00196729
10.7 43.875 0.00152455
10.9 1.125 0.00210633
10.9 12.375 0.0031518
10.9 14.625 0.00163258
10.9 23.625 0.00165047
10.9 25.875 0.00164521
10.9 28.125 0.0017704
10.9 30.375 0.00267365
10.9 32.625 0.00325224
10.9 37.125 0.00285287
10.9 39.375 0.00271223
10.9 41.625 0.00303968
10.9 43.875 0.00163406
11.1 1.125 0.00179557
11.1 10.125 0.00259316
11.1 12.375 0.00140847
11.1 14.625 0.00317357
11.1 21.375 0.00339726
11.1 23.625 0.0023245
11.1 25.875 0.00193369
11.1 28.125 0.0019555
11.1 30.375 0.00176697
11.1 32.625 0.00307297
11.1 34.875 0.00202827
11.1 37.125 0.00158656
11.1 39.375 0.00241059
11.1 41.625 0.0021238
11.3 1.125 0.00310074
11.3 3.375 0.00185086
11.3 10.125 0.00279977
11.3 12.375 0.00374704
11.3 14.625 0.00163739
11.3 21.375 0.00187
11.3 23.625 0.00231782
11.3 25.875 0.00178189
11.3 28.125 0.00232287
11.3 30.375 0.00151513
11.3 32.625 0.00347389
11.3 34.875 0.00340833
11.3 37.125 0.00175075
11.3 39.375 0.00165915
11.3 41.625 0.00233627
11.5 1.125 0.00157754
11.5 3.375 0.00202395
11.5 5.625 0.00172922
11.5 7.875 0.00270992
11.5 10.125 0.00525061
11.5 12.375 0.00241003
11.5 23.625 0.00224558
11.5 25.875 0.00121732
11.5 32.625 0.00269786
11.5 34.875 0.00203824
11.5 37.125 0.00376874
11.5 39.375 0.00213829
11.5 41.625 0.00184796
11.7 1.125 0.00229625
11.7 10.125 0.00284282
11.7 12.375 0.00263361
11.7 23.625 0.00217014
11.7 28.125 0.00223293
11.7 30.375 0.00170295
11.7 32.625 0.00188589
11.7 34.875 0.00154656
11.7 37.125 0.00262897
11.7 39.375 0.00311441
11.9 1.125 0.00159946
11.9 3.375 0.00124411
11.9 7.875 0.00317109
11.9 10.125 0.00230848
11.9 12.375 0.0024335
11.9 14.625 0.00210308
11.9 21.375 0.00293517
11.9 23.625 0.00247453
11.9 25.875 0.00166633
11.9 32.625 0.00224918
11.9 34.875 0.00329318
11.9 37.125 0.00179674
11.9 39.375 0.00285455
12.1 1.125 0.00169695
12.1 5.625 0.00131435
12.1 7.875 0.00401372
12.1 10.125 0.00247651
12.1 12.375 0.00414025
12.1 14.625 0.00212553
12.1 16.875 0.00223892
12.1 19.125 0.00165797
12.1 21.375 0.00558583
12.1 23.625 0.00457208
12.1 25.875 0.00127003
12.1 32.625 0.00309122
12.1 34.875 0.00156603
12.1 37.125 0.0027366
12.1 39.375 0.0021806
12.3 1.125 0.00154291
12.3 5.625 0.00616518
12.3 7.875 0.00218988
12.3 10.125 0.0016785
12.3 12.375 0.0035081
12.3 14.625 0.0012285
12.3 19.125 0.00139705
12.3 23.625 0.00188679
12.3 32.625 0.00491
12.3 34.875 0.00165689
12.3 37.125 0.00184717
12.3 39.375 0.00270367
12.5 1.125 0.00247989
12.5 5.625 0.0022017
12.5 10.125 0.00230903
12.5 12.375 0.00220185
12.5 14.625 0.00246232
12.5 19.125 0.00265379
12.5 21.375 0.00181109
12.5 23.625 0.00246535
12.5 25.875 0.00146136
12.5 34.875 0.00194987
12.5 37.125 0.00124645
12.5 39.375 0.000592761
12.7 7.875 0.00141618
12.7 10.125 0.00224709
12.7 12.375 0.00141962
12.7 23.625 0.00219587
12.7 32.625 0.00231633
12.7 34.875 0.00172601
12.7 41.625 0.00283641
12.7 43.875 0.00254325
12.9 7.875 0.00148499
12.9 19.125 0.00172608
12.9 21.375 0.00270965
12.9 23.625 0.0016107
12.9 32.625 0.00132319
12.9 37.125 0.00127821
12.9 41.625 0.00199108
13.1 1.125 0.00194653
13.1 10.125 0.00260213
13.1 12.375 0.00744359
13.1 19.125 0.00139489
13.1 21.375 0.00173369
13.1 23.625 0.0015376
13.1 32.625 0.00257978
13.1 43.875 0.00278383
13.3 1.125 0.000731047
13.3 12.375 0.00265861
13.3 16.875 0.00192918
13.3 19.125 0.0014702
13.3 21.375 0.00269476
13.3 23.625 0.00135332
13.3 28.125 0.00131929
13.3 41.625 0.00143203
13.3 43.875 0.00142559
13.5 5.625 0.00163266
13.5 21.375 0.00127666
13.5 30.375 0.00159703
13.5 32.625 0.00210712
13.5 43.875 0.00359422
13.7 1.125 0.00202912
13.7 21.375 0.00100288
13.7 28.125 0.00266452
13.7 30.375 0.00368936
13.7 32.625 0.00211266
13.7 43.875 0.00231698
13.9 1.125 0.00191756
13.9 12.375 0.00129793
13.9 21.375 0.00225113
13.9 28.125 0.00103272
13.9 30.375 0.00341652
13.9 43.875 0.00204933
