0.1 1.125 0.532695
0.1 3.375 0.588417
0.1 5.625 0.585577
0.1 7.875 0.592419
0.1 10.125 0.586482
0.1 12.375 0.599707
0.1 14.625 0.592584
0.1 16.875 0.564351
0.1 19.125 0.572371
0.1 21.375 0.595413
0.1 23.625 0.586546
0.1 25.875 0.534629
0.1 28.125 0.595637
0.1 30.375 0.542663
0.1 32.625 0.590791
0.1 34.875 0.563981
0.1 37.125 0.598936
0.1 39.375 0.594648
0.1 41.625 0.611381
0.1 43.875 0.591349
0.3 1.125 0.581088
0.3 3.375 0.567663
0.3 5.625 0.575567
0.3 7.875 0.568559
0.3 10.125 0.579848
0.3 12.375 0.576756
0.3 14.625 0.571458
0.3 16.875 0.58019
0.3 19.125 0.565019
0.3 21.375 0.575841
0.3 23.625 0.569831
0.3 25.875 0.565613
0.3 28.125 0.573699
0.3 30.375 0.566851
0.3 32.625 0.57776
0.3 34.875 0.573062
0.3 37.125 0.578669
0.3 39.375 0.569907
0.3 41.625 0.575084
0.3 43.875 0.578939
0.5 1.125 0.558634
0.5 3.375 0.563559
0.5 5.625 0.553887
0.5 7.875 0.561834
0.5 10.125 0.559409
0.5 12.375 0.561176
0.5 14.625 0.556934
0.5 16.875 0.56158
0.5 19.125 0.555505
0.5 21.375 0.55898
0.5 23.625 0.549518
0.5 25.875 0.556941
0.5 28.125 0.552693
0.5 30.375 0.554709
0.5 32.625 0.557108
0.5 34.875 0.557141
0.5 37.125 0.548347
0.5 39.375 0.550453
0.5 41.625 0.554368
0.5 43.875 0.557638
0.7 1.125 0.528978
0.7 3.375 0.529063
0.7 5.625 0.53764
0.7 7.875 0.533531
0.7 10.125 0.529375
0.7 12.375 0.523754
0.7 14.625 0.526816
0.7 16.875 0.522818
0.7 19.125 0.509831
0.7 21.375 0.518482
0.7 23.625 0.522404
0.7 25.875 0.501705
0.7 28.125 0.522361
0.7 30.375 0.514815
0.7 32.625 0.506526
0.7 34.875 0.526029
0.7 37.125 0.527298
0.7 39.375 0.515358
0.7 41.625 0.522094
0.7 43.875 0.519088
0.9 1.125 0.47499
0.9 3.375 0.480668
0.9 5.625 0.470394
0.9 7.875 0.461071
0.9 10.125 0.47637
0.9 12.375 0.470195
0.9 14.625 0.465132
0.9 16.875 0.460999
0.9 19.125 0.473537
0.9 21.375 0.459654
0.9 23.625 0.474315
0.9 25.875 0.473377
0.9 28.125 0.457883
0.9 30.375 0.484752
0.9 32.625 0.4822
0.9 34.875 0.478558
0.9 37.125 0.476703
0.9 39.375 0.473343
0.9 41.625 0.47785
0.9 43.875 0.481172
1.1 1.125 0.374228
1.1 3.375 0.377539
1.1 5.625 0.384385
1.1 7.875 0.367323
1.1 10.125 0.385673
1.1 12.375 0.370394
1.1 14.625 0.389696
1.1 16.875 0.384912
1.1 19.125 0.37552
1.1 21.375 0.389689
1.1 23.625 0.378859
1.1 25.875 0.399562
1.1 28.125 0.396556
1.1 30.375 0.388656
1.1 32.625 0.413442
1.1 34.875 0.398917
1.1 37.125 0.426522
1.1 39.375 0.427695
1.1 41.625 0.441132
1.1 43.875 0.426367
1.3 1.125 0.246443
1.3 3.375 0.242701
1.3 5.625 0.253516
1.3 7.875 0.255051
1.3 10.125 0.260632
1.3 12.375 0.280192
1.3 14.625 0.260723
1.3 16.875 0.268342
1.3 19.125 0.270613
1.3 21.375 0.293764
1.3 23.625 0.298228
1.3 25.875 0.297593
1.3 28.125 0.337962
1.3 30.375 0.304729
1.3 32.625 0.308883
1.3 34.875 0.346969
1.3 37.125 0.350744
1.3 39.375 0.379935
1.3 41.625 0.356657
1.3 43.875 0.372017
1.5 1.125 0.151253
1.5 3.375 0.144304
1.5 5.625 0.148698
1.5 7.875 0.151528
1.5 10.125 0.157392
1.5 12.375 0.167952
1.5 14.625 0.164544
1.5 16.875 0.170686
1.5 19.125 0.18554
1.5 21.375 0.177307
1.5 23.625 0.199713
1.5 25.875 0.194436
1.5 28.125 0.20585
1.5 30.375 0.207078
1.5 32.625 0.237912
1.5 34.875 0.236421
1.5 37.125 0.233797
1.5 39.375 0.269546
1.5 41.625 0.261682
1.5 43.875 0.282024
1.7 1.125 0.0827776
1.7 3.375 0.0833796
1.7 5.625 0.0880267
1.7 7.875 0.0892594
1.7 10.125 0.0968974
1.7 12.375 0.10267
1.7 14.625 0.102285
1.7 16.875 0.101237
1.7 19.125 0.106578
1.7 21.375 0.118315
1.7 23.625 0.112895
1.7 25.875 0.120474
1.7 28.125 0.116067
1.7 30.375 0.122067
1.7 32.625 0.146001
1.7 34.875 0.113613
1.7 37.125 0.139987
1.7 39.375 0.137609
1.7 41.625 0.167819
1.7 43.875 0.149061
1.9 1.125 0.0500183
1.9 3.375 0.0548409
1.9 5.625 0.0544087
1.9 7.875 0.0575244
1.9 10.125 0.0564499
1.9 12.375 0.060624
1.9 14.625 0.0662853
1.9 16.875 0.0680693
1.9 19.125 0.0692675
1.9 21.375 0.0671726
1.9 23.625 0.0701417
1.9 25.875 0.0693264
1.9 28.125 0.0632367
1.9 30.375 0.0781823
1.9 32.625 0.0730856
1.9 34.875 0.0858871
1.9 37.125 0.0926658
1.9 39.375 0.0873774
1.9 41.625 0.102536
1.9 43.875 0.100038
2.1 1.125 0.0340633
2.1 3.375 0.0333524
2.1 5.625 0.0361421
2.1 7.875 0.0348634
2.1 10.125 0.0368019
2.1 12.375 0.0386451
2.1 14.625 0.039859
2.1 16.875 0.043757
2.1 19.125 0.0428059
2.1 21.375 0.0441816
2.1 23.625 0.0434357
2.1 25.875 0.0483342
2.1 28.125 0.0554742
2.1 30.375 0.0527673
2.1 32.625 0.0547393
2.1 34.875 0.0590901
2.1 37.125 0.0563958
2.1 39.375 0.0635988
2.1 41.625 0.0679271
2.1 43.875 0.0644715
2.3 1.125 0.0188336
2.3 3.375 0.0210174
2.3 5.625 0.0200173
2.3 7.875 0.0227738
2.3 10.125 0.0215049
2.3 12.375 0.0231877
2.3 14.625 0.0253696
2.3 16.875 0.0265099
2.3 19.125 0.0276581
2.3 21.375 0.0285562
2.3 23.625 0.029591
2.3 25.875 0.031756
2.3 28.125 0.0364081
2.3 30.375 0.0355314
2.3 32.625 0.0371447
2.3 34.875 0.0395905
2.3 37.125 0.0402864
2.3 39.375 0.0417605
2.3 41.625 0.0439205
2.3 43.875 0.0449427
2.5 1.125 0.012459
2.5 3.375 0.0124817
2.5 5.625 0.0124842
2.5 7.875 0.0125877
2.5 10.125 0.0119321
2.5 12.375 0.0131485
2.5 14.625 0.0126564
2.5 16.875 0.0138845
2.5 19.125 0.0158153
2.5 21.375 0.0171376
2.5 23.625 0.017988
2.5 25.875 0.0201589
2.5 28.125 0.021354
2.5 30.375 0.024059
2.5 32.625 0.0253419
2.5 34.875 0.0258367
2.5 37.125 0.0274845
2.5 39.375 0.0267439
2.5 41.625 0.0268948
2.5 43.875 0.0284351
2.7 1.125 0.0107545
2.7 3.375 0.0105276
2.7 5.625 0.0107977
2.7 7.875 0.0100751
2.7 10.125 0.00961589
2.7 12.375 0.00944327
2.7 14.625 0.00991649
2.7 16.875 0.00990407
2.7 19.125 0.0100227
2.7 21.375 0.0106223
2.7 23.625 0.0110426
2.7 25.875 0.0124555
2.7 28.125 0.0148618
2.7 30.375 0.0151101
2.7 32.625 0.017005
2.7 34.875 0.017083
2.7 37.125 0.0180102
2.7 39.375 0.0180208
2.7 41.625 0.0178674
2.7 43.875 0.0179827
2.9 1.125 0.00951371
2.9 3.375 0.00877209
2.9 5.625 0.00798191
2.9 7.875 0.00840689
2.9 10.125 0.00815339
2.9 12.375 0.00872056
2.9 14.625 0.00806651
2.9 16.875 0.00797451
2.9 19.125 0.00898441
2.9 21.375 0.00904002
2.9 23.625 0.00984454
2.9 25.875 0.0102759
2.9 28.125 0.00920883
2.9 30.375 0.00997444
2.9 32.625 0.0103019
2.9 34.875 0.0117374
2.9 37.125 0.0126518
2.9 39.375 0.0123016
2.9 41.625 0.0128986
2.9 43.875 0.0131592
3.1 1.125 0.00775938
3.1 3.375 0.00749732
3.1 5.625 0.00689345
3.1 7.875 0.00668282
3.1 10.125 0.00724234
3.1 12.375 0.00743057
3.1 14.625 0.00654371
3.1 16.875 0.00730699
3.1 19.125 0.0067194
3.1 21.375 0.00781399
3.1 23.625 0.00751085
3.1 25.875 0.00829341
3.1 28.125 0.00832517
3.1 30.375 0.00802145
3.1 32.625 0.0087144
3.1 34.875 0.00835327
3.1 37.125 0.00802673
3.1 39.375 0.00881548
3.1 41.625 0.00934763
3.1 43.875 0.0100338
3.3 1.125 0.00660935
3.3 3.375 0.00699769
3.3 5.625 0.00661412
3.3 7.875 0.00653949
3.3 10.125 0.00586064
3.3 12.375 0.00615914
3.3 14.625 0.0056833
3.3 16.875 0.00607752
3.3 19.125 0.00548947
3.3 21.375 0.00610106
3.3 23.625 0.00571437
3.3 25.875 0.00768177
3.3 28.125 0.0070372
3.3 30.375 0.00760308
3.3 32.625 0.00730882
3.3 34.875 0.00766943
3.3 37.125 0.0071234
3.3 39.375 0.00706863
3.3 41.625 0.0071983
3.3 43.875 0.0088157
3.5 1.125 0.00617404
3.5 3.375 0.00594342
3.5 5.625 0.00592733
3.5 7.875 0.00591508
3.5 10.125 0.00548168
3.5 12.375 0.0055247
3.5 14.625 0.00615121
3.5 16.875 0.00413534
3.5 19.125 0.00576047
3.5 21.375 0.00631928
3.5 23.625 0.0062405
3.5 25.875 0.00605764
3.5 28.125 0.00669052
3.5 30.375 0.00660025
3.5 32.625 0.00684803
3.5 34.875 0.00633331
3.5 37.125 0.00671294
3.5 39.375 0.00682634
3.5 41.625 0.00628997
3.5 43.875 0.00587428
3.7 1.125 0.00600889
3.7 3.375 0.00556177
3.7 5.625 0.00540686
3.7 7.875 0.00539858
3.7 10.125 0.00558632
3.7 12.375 0.0051548
3.7 14.625 0.00586934
3.7 16.875 0.005249
3.7 19.125 0.00488118
3.7 21.375 0.00545869
3.7 23.625 0.00560731
3.7 25.875 0.00495243
3.7 28.125 0.00570436
3.7 30.375 0.00538221
3.7 32.625 0.00539228
3.7 34.875 0.00596939
3.7 37.125 0.00585317
3.7 39.375 0.00616733
3.7 41.625 0.00575457
3.7 43.875 0.00511681
3.9 1.125 0.00551747
3.9 3.375 0.00532042
3.9 5.625 0.00514535
3.9 7.875 0.00491731
3.9 10.125 0.00499766
3.9 12.375 0.00545701
3.9 14.625 0.00522979
3.9 16.875 0.00624015
3.9 19.125 0.00461158
3.9 21.375 0.00511657
3.9 23.625 0.00544481
3.9 25.875 0.00500047
3.9 28.125 0.00532167
3.9 30.375 0.00550396
3.9 32.625 0.00527115
3.9 34.875 0.00584265
3.9 37.125 0.00532772
3.9 39.375 0.00475836
3.9 41.625 0.0048929
3.9 43.875 0.00502561
4.1 1.125 0.0048996
4.1 3.375 0.00488664
4.1 5.625 0.00479349
4.1 7.875 0.00501035
4.1 10.125 0.00417419
4.1 12.375 0.00499738
4.1 14.625 0.00460904
4.1 16.875 0.00607944
4.1 19.125 0.00492512
4.1 21.375 0.00516259
4.1 23.625 0.00526231
4.1 25.875 0.00530914
4.1 28.125 0.00451543
4.1 30.375 0.00526357
4.1 32.625 0.00523981
4.1 34.875 0.00490666
4.1 37.125 0.00396313
4.1 39.375 0.00445032
4.1 41.625 0.00462103
4.1 43.875 0.00477609
4.3 1.125 0.00436987
4.3 3.375 0.00433049
4.3 5.625 0.00481379
4.3 7.875 0.00461766
4.3 10.125 0.00397624
4.3 12.375 0.0048183
4.3 14.625 0.00482682
4.3 16.875 0.00512706
4.3 19.125 0.00460755
4.3 21.375 0.00524725
4.3 23.625 0.00498809
4.3 25.875 0.00475411
4.3 28.125 0.00430385
4.3 30.375 0.00496538
4.3 32.625 0.00487355
4.3 34.875 0.00386469
4.3 37.125 0.00401208
4.3 39.375 0.00417394
4.3 41.625 0.00415261
4.3 43.875 0.00377789
4.5 1.125 0.00414575
4.5 3.375 0.00399593
4.5 5.625 0.00432154
4.5 7.875 0.00413771
4.5 10.125 0.00383205
4.5 12.375 0.0041684
4.5 14.625 0.0044749
4.5 16.875 0.00398334
4.5 19.125 0.00498755
4.5 21.375 0.00434512
4.5 23.625 0.00450079
4.5 25.875 0.00432555
4.5 28.125 0.00433137
4.5 30.375 0.00496964
4.5 32.625 0.0041687
4.5 34.875 0.00387282
4.5 37.125 0.00382148
4.5 39.375 0.00345806
4.5 41.625 0.00345966
4.5 43.875 0.00378155
4.7 1.125 0.00344043
4.7 3.375 0.00394151
4.7 5.625 0.00372594
4.7 7.875 0.00370336
4.7 10.125 0.00414369
4.7 12.375 0.0037193
4.7 14.625 0.00371474
4.7 16.875 0.00412921
4.7 19.125 0.00401111
4.7 21.375 0.00406439
4.7 23.625 0.00430716
4.7 25.875 0.00410219
4.7 28.125 0.00367808
4.7 30.375 0.00404295
4.7 32.625 0.00414324
4.7 34.875 0.00386929
4.7 37.125 0.00388265
4.7 39.375 0.00345691
4.7 41.625 0.00357692
4.7 43.875 0.0034883
4.9 1.125 0.00330531
4.9 3.375 0.0032782
4.9 5.625 0.00349887
4.9 7.875 0.00318626
4.9 10.125 0.00353831
4.9 12.375 0.00394152
4.9 14.625 0.00375093
4.9 16.875 0.00361732
4.9 19.125 0.00352623
4.9 21.375 0.0038497
4.9 23.625 0.0034765
4.9 25.875 0.00356906
4.9 28.125 0.00349873
4.9 30.375 0.00367461
4.9 32.625 0.00334316
4.9 34.875 0.00381964
4.9 37.125 0.00339782
4.9 39.375 0.00321029
4.9 41.625 0.00365634
4.9 43.875 0.00349308
5.1 1.125 0.0034033
5.1 3.375 0.00341631
5.1 5.625 0.00504841
5.1 7.875 0.00279995
5.1 10.125 0.00299028
5.1 12.375 0.00302985
5.1 14.625 0.00323748
5.1 16.875 0.0032399
5.1 19.125 0.00352694
5.1 21.375 0.00348572
5.1 23.625 0.0036443
5.1 25.875 0.00340849
5.1 28.125 0.00352146
5.1 30.375 0.00383258
5.1 32.625 0.00339711
5.1 34.875 0.00360779
5.1 37.125 0.00353761
5.1 39.375 0.00323371
5.1 41.625 0.00396016
5.1 43.875 0.00253338
5.3 1.125 0.00333794
5.3 3.375 0.00311054
5.3 5.625 0.00310387
5.3 7.875 0.00295522
5.3 10.125 0.00293544
5.3 12.375 0.00354196
5.3 14.625 0.00300527
5.3 16.875 0.00329099
5.3 19.125 0.00326156
5.3 21.375 0.00292764
5.3 23.625 0.00304985
5.3 25.875 0.00324794
5.3 28.125 0.00320333
5.3 30.375 0.00376305
5.3 32.625 0.00342707
5.3 34.875 0.003113
5.3 37.125 0.00297436
5.3 39.375 0.00352406
5.3 41.625 0.00330924
5.3 43.875 0.0029903
5.5 1.125 0.00309779
5.5 3.375 0.00315919
5.5 5.625 0.00291001
5.5 7.875 0.00248548
5.5 10.125 0.00261465
5.5 12.375 0.00296604
5.5 14.625 0.00304431
5.5 16.875 0.0033954
5.5 19.125 0.00330804
5.5 21.375 0.00326597
5.5 23.625 0.00318442
5.5 25.875 0.00307472
5.5 28.125 0.0030861
5.5 30.375 0.00290119
5.5 32.625 0.00301919
5.5 34.875 0.0033303
5.5 37.125 0.00323112
5.5 39.375 0.00270798
5.5 41.625 0.00358241
5.5 43.875 0.00348824
5.7 1.125 0.00270924
5.7 3.375 0.00291091
5.7 5.625 0.00271631
5.7 7.875 0.00279848
5.7 10.125 0.00306816
5.7 12.375 0.00239366
5.7 14.625 0.00312211
5.7 16.875 0.0034899
5.7 19.125 0.00282581
5.7 21.375 0.00281684
5.7 23.625 0.00438975
5.7 25.875 0.00286797
5.7 28.125 0.00289244
5.7 30.375 0.00297683
5.7 32.625 0.00316206
5.7 34.875 0.00330557
5.7 37.125 0.00296682
5.7 39.375 0.00273086
5.7 41.625 0.00310833
5.7 43.875 0.00314181
5.9 1.125 0.00319279
5.9 3.375 0.00277763
5.9 5.625 0.00253435
5.9 7.875 0.00256722
5.9 10.125 0.00310988
5.9 12.375 0.00256293
5.9 14.625 0.00307666
5.9 16.875 0.00313986
5.9 19.125 0.00278514
5.9 21.375 0.00270982
5.9 23.625 0.00292655
5.9 25.875 0.00266823
5.9 28.125 0.0027236
5.9 30.375 0.00265245
5.9 32.625 0.00282385
5.9 34.875 0.0030757
5.9 37.125 0.00285742
5.9 39.375 0.00322483
5.9 41.625 0.00275051
5.9 43.875 0.00323661
6.1 1.125 0.00269407
6.1 3.375 0.00255175
6.1 5.625 0.00263837
6.1 7.875 0.00255674
6.1 10.125 0.00237431
6.1 12.375 0.00379412
6.1 14.625 0.0028714
6.1 16.875 0.00295504
6.1 19.125 0.00295407
6.1 21.375 0.00308143
6.1 23.625 0.00296655
6.1 25.875 0.00248843
6.1 28.125 0.00307061
6.1 30.375 0.00270033
6.1 32.625 0.00267541
6.1 34.875 0.00284214
6.1 37.125 0.00264945
6.1 39.375 0.00298774
6.1 41.625 0.00299735
6.1 43.875 0.00296323
6.3 1.125 0.00268461
6.3 3.375 0.00293511
6.3 5.625 0.00264726
6.3 7.875 0.00270752
6.3 10.125 0.00252485
6.3 12.375 0.00319113
6.3 14.625 0.00260241
6.3 16.875 0.00268624
6.3 19.125 0.00251758
6.3 21.375 0.00280244
6.3 23.625 0.00252621
6.3 25.875 0.00274982
6.3 28.125 0.00270701
6.3 30.375 0.00264355
6.3 32.625 0.00259588
6.3 34.875 0.00271382
6.3 37.125 0.00260349
6.3 39.375 0.00269341
6.3 41.625 0.00311145
6.3 43.875 0.00269908
6.5 1.125 0.00267017
6.5 3.375 0.00278815
6.5 5.625 0.00276945
6.5 7.875 0.00267572
6.5 10.125 0.00271378
6.5 12.375 0.00315027
6.5 14.625 0.00263081
6.5 16.875 0.0027488
6.5 19.125 0.00248888
6.5 21.375 0.00271097
6.5 23.625 0.00280524
6.5 25.875 0.00266315
6.5 28.125 0.00252509
6.5 30.375 0.00279741
6.5 32.625 0.00255119
6.5 34.875 0.00288694
6.5 37.125 0.00287194
6.5 39.375 0.00256877
6.5 41.625 0.0026588
6.5 43.875 0.0032818
6.7 1.125 0.00280678
6.7 3.375 0.00246517
6.7 5.625 0.0030086
6.7 7.875 0.00227115
6.7 10.125 0.00669537
6.7 12.375 0.00596244
6.7 14.625 0.00250179
6.7 16.875 0.00221078
6.7 19.125 0.0024604
6.7 21.375 0.00282932
6.7 23.625 0.00228753
6.7 25.875 0.0026351
6.7 28.125 0.00255726
6.7 30.375 0.00189818
6.7 32.625 0.0023941
6.7 34.875 0.00238177
6.7 37.125 0.00267609
6.7 39.375 0.00336173
6.7 41.625 0.00260793
6.7 43.875 0.00255188
6.9 1.125 0.00226799
6.9 3.375 0.00262352
6.9 5.625 0.00222338
6.9 7.875 0.00257511
6.9 10.125 0.00213139
6.9 12.375 0.00241194
6.9 14.625 0.00260701
6.9 16.875 0.00246141
6.9 19.125 0.0030212
6.9 21.375 0.00238398
6.9 23.625 0.00222442
6.9 25.875 0.00260878
6.9 28.125 0.00280756
6.9 30.375 0.00258653
6.9 32.625 0.00317752
6.9 34.875 0.00288984
6.9 37.125 0.00238982
6.9 39.375 0.00240271
6.9 41.625 0.00292529
6.9 43.875 0.00265798
7.1 1.125 0.00246488
7.1 3.375 0.00264913
7.1 5.625 0.00271415
7.1 7.875 0.00248994
7.1 10.125 0.00260734
7.1 12.375 0.00231854
7.1 14.625 0.00262779
7.1 16.875 0.00225068
7.1 19.125 0.00273476
7.1 21.375 0.00293986
7.1 23.625 0.0024494
7.1 25.875 0.00283088
7.1 28.125 0.00229533
7.1 30.375 0.00221312
7.1 32.625 0.00400513
7.1 34.875 0.00233153
7.1 37.125 0.00260558
7.1 39.375 0.00261917
7.1 41.625 0.0026191
7.1 43.875 0.00248962
7.3 1.125 0.00590742
7.3 3.375 0.002539
7.3 5.625 0.00223054
7.3 7.875 0.00244329
7.3 10.125 0.00236053
7.3 12.375 0.00290347
7.3 14.625 0.0026298
7.3 16.875 0.00264159
7.3 19.125 0.00294611
7.3 21.375 0.00265327
7.3 23.625 0.00274511
7.3 25.875 0.00218259
7.3 28.125 0.00275678
7.3 30.375 0.00268017
7.3 32.625 0.00231295
7.3 34.875 0.00233671
7.3 37.125 0.0021064
7.3 39.375 0.00255405
7.3 41.625 0.00242593
7.3 43.875 0.0022178
7.5 1.125 0.00243892
7.5 3.375 0.00239933
7.5 5.625 0.00234397
7.5 7.875 0.002659
7.5 10.125 0.00242446
7.5 12.375 0.00252601
7.5 14.625 0.00228632
7.5 16.875 0.00243703
7.5 19.125 0.00271118
7.5 21.375 0.00270364
7.5 23.625 0.00256223
7.5 25.875 0.00260497
7.5 28.125 0.00219757
7.5 30.375 0.0111139
7.5 32.625 0.0025801
7.5 34.875 0.00234397
7.5 37.125 0.00200483
7.5 39.375 0.00245691
7.5 41.625 0.00257617
7.5 43.875 0.00231724
7.7 1.125 0.00263167
7.7 3.375 0.00221489
7.7 5.625 0.00240715
7.7 7.875 0.00252132
7.7 10.125 0.00282988
7.7 12.375 0.00234919
7.7 14.625 0.00225132
7.7 16.875 0.00239829
7.7 19.125 0.00262004
7.7 21.375 0.00235262
7.7 23.625 0.00222905
7.7 25.875 0.00238241
7.7 28.125 0.00250004
7.7 30.375 0.00281156
7.7 32.625 0.00255981
7.7 34.875 0.00251096
7.7 37.125 0.0023389
7.7 39.375 0.00209583
7.7 41.625 0.00234091
7.7 43.875 0.00221145
7.9 1.125 0.00245588
7.9 3.375 0.00223547
7.9 5.625 0.0025061
7.9 7.875 0.00257208
7.9 10.125 0.00217709
7.9 12.375 0.00283014
7.9 14.625 0.00358661
7.9 16.875 0.00236691
7.9 19.125 0.0023237
7.9 21.375 0.00219667
7.9 23.625 0.00676081
7.9 25.875 0.00254002
7.9 28.125 0.00252804
7.9 30.375 0.0026828
7.9 32.625 0.00244898
7.9 34.875 0.00263607
7.9 37.125 0.00236847
7.9 39.375 0.0021893
7.9 41.625 0.00211509
7.9 43.875 0.00213793
8.1 1.125 0.00236896
8.1 3.375 0.00248714
8.1 5.625 0.00224078
8.1 7.875 0.0020892
8.1 10.125 0.00244892
8.1 12.375 0.00269086
8.1 14.625 0.00251744
8.1 16.875 0.00245226
8.1 19.125 0.00277606
8.1 21.375 0.007254
8.1 23.625 0.00229668
8.1 25.875 0.00229319
8.1 28.125 0.00238051
8.1 30.375 0.00230539
8.1 32.625 0.00215923
8.1 34.875 0.00246963
8.1 37.125 0.00239321
8.1 39.375 0.00244837
8.1 41.625 0.00260362
8.1 43.875 0.00179271
8.3 1.125 0.00247738
8.3 3.375 0.00176658
8.3 5.625 0.0022665
8.3 7.875 0.00206189
8.3 10.125 0.00222894
8.3 12.375 0.00238238
8.3 14.625 0.00278011
8.3 16.875 0.00224182
8.3 19.125 0.00210509
8.3 21.375 0.0023347
8.3 23.625 0.00199154
8.3 25.875 0.00204189
8.3 28.125 0.00226214
8.3 30.375 0.00225735
8.3 32.625 0.00254517
8.3 34.875 0.00221851
8.3 37.125 0.00226426
8.3 39.375 0.00176378
8.3 41.625 0.00236593
8.3 43.875 0.00190979
8.5 1.125 0.00244817
8.5 3.375 0.00231138
8.5 5.625 0.00267437
8.5 7.875 0.00225765
8.5 10.125 0.00250014
8.5 12.375 0.00333122
8.5 14.625 0.00212102
8.5 16.875 0.00243324
8.5 19.125 0.00195501
8.5 21.375 0.00234501
8.5 23.625 0.00241384
8.5 25.875 0.00193686
8.5 28.125 0.0025494
8.5 30.375 0.00248104
8.5 32.625 0.00254543
8.5 34.875 0.0023874
8.5 37.125 0.00273706
8.5 39.375 0.00240538
8.5 41.625 0.00252824
8.5 43.875 0.00146849
8.7 1.125 0.00229584
8.7 3.375 0.00228979
8.7 5.625 0.00268005
8.7 7.875 0.0022487
8.7 10.125 0.00219422
8.7 12.375 0.00203457
8.7 14.625 0.0025927
8.7 16.875 0.00246762
8.7 19.125 0.00280872
8.7 21.375 0.00248977
8.7 23.625 0.00261755
8.7 25.875 0.0132712
8.7 28.125 0.00818838
8.7 30.375 0.00272279
8.7 32.625 0.00233188
8.7 34.875 0.00251808
8.7 37.125 0.00245067
8.7 39.375 0.00212805
8.7 41.625 0.00249131
8.7 43.875 0.00260766
8.9 1.125 0.00247981
8.9 3.375 0.0023198
8.9 5.625 0.00275575
8.9 7.875 0.00285172
8.9 10.125 0.0022118
8.9 12.375 0.00251152
8.9 14.625 0.00209667
8.9 16.875 0.00227558
8.9 19.125 0.00243786
8.9 21.375 0.00214113
8.9 23.625 0.00218086
8.9 25.875 0.00236141
8.9 28.125 0.00179169
8.9 30.375 0.00226014
8.9 32.625 0.00209784
8.9 34.875 0.00221298
8.9 37.125 0.0023409
8.9 39.375 0.00232516
8.9 41.625 0.00549847
8.9 43.875 0.00206253
9.1 1.125 0.00208196
9.1 3.375 0.0018118
9.1 5.625 0.00259587
9.1 7.875 0.00241836
9.1 10.125 0.00289691
9.1 12.375 0.00219963
9.1 14.625 0.00241603
9.1 16.875 0.00230541
9.1 19.125 0.00264084
9.1 21.375 0.00277617
9.1 23.625 0.0023717
9.1 25.875 0.00272761
9.1 28.125 0.0023334
9.1 30.375 0.00254034
9.1 32.625 0.00206163
9.1 34.875 0.00200259
9.1 37.125 0.00228411
9.1 39.375 0.00226366
9.1 41.625 0.0022834
9.1 43.875 0.00341263
9.3 1.125 0.00228828
9.3 3.375 0.00210274
9.3 5.625 0.00219239
9.3 7.875 0.00287257
9.3 10.125 0.00242308
9.3 12.375 0.00260584
9.3 14.625 0.00252054
9.3 16.875 0.00232109
9.3 19.125 0.00306024
9.3 21.375 0.00252407
9.3 23.625 0.00228875
9.3 25.875 0.0017229
9.3 28.125 0.00249236
9.3 30.375 0.00183833
9.3 32.625 0.00287546
9.3 34.875 0.00209804
9.3 37.125 0.00193683
9.3 39.375 0.00227154
9.3 41.625 0.00234499
9.3 43.875 0.00217305
9.5 1.125 0.00197915
9.5 3.375 0.00189513
9.5 5.625 0.00233399
9.5 7.875 0.00261631
9.5 10.125 0.00196018
9.5 12.375 0.00215406
9.5 14.625 0.00210902
9.5 16.875 0.00219872
9.5 19.125 0.00319076
9.5 21.375 0.00188762
9.5 23.625 0.00218674
9.5 25.875 0.0021435
9.5 28.125 0.00249884
9.5 30.375 0.00189986
9.5 32.625 0.00211948
9.5 34.875 0.00228984
9.5 37.125 0.00206914
9.5 39.375 0.00228871
9.5 41.625 0.00219616
9.5 43.875 0.00176961
9.7 1.125 0.00211364
9.7 3.375 0.00233961
9.7 5.625 0.00228641
9.7 7.875 0.00203116
9.7 10.125 0.00201127
9.7 12.375 0.0020657
9.7 14.625 0.00235333
9.7 16.875 0.00246753
9.7 19.125 0.00210078
9.7 21.375 0.00195848
9.7 23.625 0.00222537
9.7 25.875 0.00222724
9.7 28.125 0.00225288
9.7 30.375 0.00250116
9.7 32.625 0.00230912
9.7 34.875 0.00218494
9.7 37.125 0.00235971
9.7 39.375 0.0021369
9.7 41.625 0.0021942
9.7 43.875 0.00208898
9.9 1.125 0.0021994
9.9 3.375 0.00206189
9.9 5.625 0.00237522
9.9 7.875 0.00175402
9.9 10.125 0.00172537
9.9 12.375 0.0024184
9.9 14.625 0.0020439
9.9 16.875 0.00152086
9.9 19.125 0.0022993
9.9 21.375 0.00181156
9.9 23.625 0.00245695
9.9 25.875 0.00208146
9.9 28.125 0.00264499
9.9 30.375 0.00189552
9.9 32.625 0.0025039
9.9 34.875 0.00202716
9.9 37.125 0.00210424
9.9 39.375 0.00183711
9.9 41.625 0.00207765
9.9 43.875 0.00207005
10.1 1.125 0.00217564
10.1 3.375 0.00193546
10.1 5.625 0.00204031
10.1 7.875 0.00223285
10.1 10.125 0.0019239
10.1 12.375 0.00245386
10.1 14.625 0.00229221
10.1 16.875 0.00244955
10.1 19.125 0.00238017
10.1 21.375 0.0018731
10.1 23.625 0.00217308
10.1 25.875 0.00207717
10.1 28.125 0.00253693
10.1 30.375 0.00241748
10.1 32.625 0.00209562
10.1 34.875 0.00195006
10.1 37.125 0.0024407
10.1 39.375 0.00167878
10.1 41.625 0.00239799
10.1 43.875 0.00213383
10.3 1.125 0.00190885
10.3 3.375 0.00201713
10.3 5.625 0.00194708
10.3 7.875 0.00207232
10.3 10.125 0.00265707
10.3 12.375 0.00227957
10.3 14.625 0.00233395
10.3 16.875 0.00167775
10.3 19.125 0.00219233
10.3 21.375 0.00195902
10.3 23.625 0.00211184
10.3 25.875 0.00281609
10.3 28.125 0.00212026
10.3 30.375 0.00222581
10.3 32.625 0.00168351
10.3 34.875 0.00240743
10.3 37.125 0.00233748
10.3 39.375 0.00197237
10.3 41.625 0.00210211
10.3 43.875 0.00226538
10.5 1.125 0.0147314
10.5 3.375 0.00220183
10.5 5.625 0.00230513
10.5 7.875 0.0028051
10.5 10.125 0.00315599
10.5 12.375 0.00281845
10.5 14.625 0.00209078
10.5 16.875 0.00219352
10.5 19.125 0.00232229
10.5 21.375 0.00183777
10.5 23.625 0.00224255
10.5 25.875 0.00188037
10.5 28.125 0.00243483
10.5 30.375 0.00251803
10.5 32.625 0.00247996
10.5 34.875 0.00265602
10.5 37.125 0.00225083
10.5 39.375 0.00192148
10.5 41.625 0.0136533
10.5 43.875 0.00250117
10.7 1.125 0.00222821
10.7 3.375 0.001836
10.7 5.625 0.00224685
10.7 7.875 0.00281308
10.7 10.125 0.00362329
10.7 12.375 0.00196874
10.7 14.625 0.00251851
10.7 16.875 0.00191714
10.7 19.125 0.00154696
10.7 21.375 0.00176609
10.7 23.625 0.00187271
10.7 25.875 0.00252502
10.7 28.125 0.00218685
10.7 30.375 0.00176675
10.7 32.625 0.00177439
10.7 34.875 0.00223088
10.7 37.125 0.0323124
10.7 39.375 0.00208155
10.7 41.625 0.00195237
10.7 43.875 0.0022627
10.9 1.125 0.00178342
10.9 3.375 0.00220761
10.9 5.625 0.00236441
10.9 7.875 0.00167042
10.9 10.125 0.00178442
10.9 12.375 0.00216809
10.9 14.625 0.00258876
10.9 16.875 0.00194661
10.9 19.125 0.00221324
10.9 21.375 0.00192716
10.9 23.625 0.0019153
10.9 25.875 0.00256503
10.9 28.125 0.00197309
10.9 30.375 0.00200192
10.9 32.625 0.00222843
10.9 34.875 0.00242579
10.9 37.125 0.00244629
10.9 39.375 0.00229246
10.9 41.625 0.00184191
10.9 43.875 0.00144472
11.1 1.125 0.00166473
11.1 3.375 0.00215086
11.1 5.625 0.00123791
11.1 7.875 0.00181721
11.1 10.125 0.00189781
11.1 12.375 0.00264276
11.1 14.625 0.00214405
11.1 16.875 0.00218375
11.1 19.125 0.00180602
11.1 21.375 0.00210926
11.1 23.625 0.00362557
11.1 25.875 0.00224699
11.1 28.125 0.0023339
11.1 30.375 0.00221211
11.1 32.625 0.00216599
11.1 34.875 0.00228574
11.1 37.125 0.00231375
11.1 39.375 0.00161957
11.1 41.625 0.00213968
11.1 43.875 0.00175407
11.3 1.125 0.00217223
11.3 3.375 0.00236012
11.3 5.625 0.0027601
11.3 7.875 0.00195863
11.3 10.125 0.0019941
11.3 12.375 0.00208919
11.3 14.625 0.00279201
11.3 16.875 0.00257268
11.3 19.125 0.00198438
11.3 21.375 0.00171402
11.3 23.625 0.00190584
11.3 25.875 0.00197515
11.3 28.125 0.00190124
11.3 30.375 0.00192108
11.3 32.625 0.00257544
11.3 34.875 0.00194008
11.3 37.125 0.00226386
11.3 39.375 0.00165118
11.3 41.625 0.00194182
11.3 43.875 0.00209951
11.5 1.125 0.00239901
11.5 3.375 0.00392628
11.5 5.625 0.00189978
11.5 7.875 0.0436686
11.5 10.125 0.00193824
11.5 12.375 0.00251121
11.5 14.625 0.00173716
11.5 16.875 0.00238088
11.5 19.125 0.00164295
11.5 21.375 0.00237641
11.5 23.625 0.00195411
11.5 25.875 0.00201572
11.5 28.125 0.00263355
11.5 30.375 0.0023813
11.5 32.625 0.00207007
11.5 34.875 0.00180744
11.5 37.125 0.00180606
11.5 39.375 0.00192197
11.5 41.625 0.00169625
11.5 43.875 0.00207297
11.7 1.125 0.00187274
11.7 3.375 0.0015433
11.7 5.625 0.00201286
11.7 7.875 0.00278516
11.7 10.125 0.00205692
11.7 12.375 0.00189871
11.7 14.625 0.00222623
11.7 16.875 0.0119933
11.7 19.125 0.00287552
11.7 21.375 0.00253275
11.7 23.625 0.00177686
11.7 25.875 0.00189456
11.7 28.125 0.0022402
11.7 30.375 0.00232928
11.7 32.625 0.00231169
11.7 34.875 0.00269964
11.7 37.125 0.0023976
11.7 39.375 0.00181467
11.7 41.625 0.00232077
11.7 43.875 0.00205388
11.9 1.125 0.00184757
11.9 3.375 0.00135135
11.9 5.625 0.00147942
11.9 7.875 0.00252818
11.9 10.125 0.00180105
11.9 12.375 0.00253885
11.9 14.625 0.00213227
11.9 16.875 0.00244957
11.9 19.125 0.0144261
11.9 21.375 0.0026147
11.9 23.625 0.0016406
11.9 25.875 0.0027022
11.9 28.125 0.00242541
11.9 30.375 0.00205691
11.9 32.625 0.00247074
11.9 34.875 0.00270538
11.9 37.125 0.00152615
11.9 39.375 0.00144833
11.9 41.625 0.00187364
11.9 43.875 0.00251992
12.1 1.125 0.0027172
12.1 3.375 0.00317031
12.1 5.625 0.00261323
12.1 7.875 0.00237291
12.1 10.125 0.00170775
12.1 12.375 0.00201281
12.1 14.625 0.00269178
12.1 16.875 0.00162236
12.1 19.125 0.00363088
12.1 21.375 0.00305676
12.1 23.625 0.00178388
12.1 25.875 0.00251549
12.1 28.125 0.00220527
12.1 30.375 0.00186372
12.1 32.625 0.00242227
12.1 34.875 0.00284612
12.1 37.125 0.00195899
12.1 39.375 0.00173186
12.1 41.625 0.00361542
12.1 43.875 0.0030769
12.3 1.125 0.00206265
12.3 3.375 0.00171162
12.3 5.625 0.00271516
12.3 7.875 0.00209986
12.3 10.125 0.00155655
12.3 12.375 0.00229095
12.3 14.625 0.0021641
12.3 16.875 0.00141384
12.3 19.125 0.00216135
12.3 21.375 0.00189648
12.3 23.625 0.00158635
12.3 25.875 0.0013486
12.3 28.125 0.00293842
12.3 30.375 0.00133667
12.3 32.625 0.00163447
12.3 34.875 0.00154233
12.3 37.125 0.00212879
12.3 39.375 0.00242811
12.3 41.625 0.00154295
12.3 43.875 0.00144426
12.5 1.125 0.00171101
12.5 3.375 0.0017539
12.5 5.625 0.00163529
12.5 7.875 0.00287062
12.5 10.125 0.00136068
12.5 12.375 0.001666
12.5 14.625 0.0014431
12.5 16.875 0.00185195
12.5 19.125 0.00224755
12.5 21.375 0.00168971
12.5 23.625 0.00191564
12.5 25.875 0.00139092
12.5 28.125 0.00176265
12.5 30.375 0.00173933
12.5 32.625 0.00236072
12.5 34.875 0.00305955
12.5 37.125 0.00162345
12.5 39.375 0.00256558
12.5 41.625 0.00166458
12.5 43.875 0.00295038
12.7 1.125 0.02011
12.7 3.375 0.00225218
12.7 5.625 0.00188851
12.7 7.875 0.00283096
12.7 10.125 0.00173532
12.7 12.375 0.00264296
12.7 14.625 0.00214372
12.7 16.875 0.00215687
12.7 19.125 0.00252068
12.7 21.375 0.00253122
12.7 23.625 0.00200152
12.7 25.875 0.00174291
12.7 28.125 0.0411389
12.7 30.375 0.00166761
12.7 32.625 0.001659
12.7 34.875 0.00273279
12.7 37.125 0.0023509
12.7 39.375 0.00194598
12.7 41.625 0.00118023
12.7 43.875 0.00348156
12.9 1.125 0.00174374
12.9 3.375 0.00172572
12.9 5.625 0.00233035
12.9 7.875 0.00202346
12.9 10.125 0.00560336
12.9 12.375 0.0154853
12.9 14.625 0.00210882
12.9 16.875 0.00218087
12.9 19.125 0.00141959
12.9 21.375 0.00144948
12.9 23.625 0.00185067
12.9 25.875 0.00175687
12.9 28.125 0.00133843
12.9 30.375 0.00544114
12.9 32.625 0.00214365
12.9 34.875 0.00257212
12.9 37.125 0.00229304
12.9 39.375 0.00133934
12.9 41.625 0.00214566
12.9 43.875 0.0022918
13.1 1.125 0.00199009
13.1 3.375 0.00137518
13.1 5.625 0.0016612
13.1 7.875 0.00191533
13.1 10.125 0.00220069
13.1 12.375 0.00271042
13.1 14.625 0.0015511
13.1 16.875 0.00190045
13.1 19.125 0.00303739
13.1 21.375 0.00251662
13.1 23.625 0.00229503
13.1 25.875 0.00126788
13.1 28.125 0.00131708
13.1 30.375 0.00214644
13.1 32.625 0.00262786
13.1 34.875 0.00191923
13.1 37.125 0.00153201
13.1 39.375 0.002038
13.1 41.625 0.0018496
13.1 43.875 0.00207427
13.3 1.125 0.00159862
13.3 3.375 0.00223285
13.3 5.625 0.00286849
13.3 7.875 0.00198032
13.3 10.125 0.00236172
13.3 12.375 0.00152327
13.3 14.625 0.00369866
13.3 16.875 0.00175341
13.3 19.125 0.0016152
13.3 21.375 0.00335181
13.3 23.625 0.00156893
13.3 25.875 0.00191804
13.3 28.125 0.0016829
13.3 30.375 0.00181351
13.3 32.625 0.00150865
13.3 34.875 0.0016635
13.3 37.125 0.00315919
13.3 39.375 0.00164758
13.3 41.625 0.00214615
13.3 43.875 0.00162694
13.5 1.125 0.00234632
13.5 3.375 0.00128312
13.5 5.625 0.00227492
13.5 7.875 0.00249554
13.5 10.125 0.00195511
13.5 12.375 0.00188344
13.5 14.625 0.0013263
13.5 16.875 0.00180777
13.5 19.125 0.00200978
13.5 21.375 0.00186778
13.5 23.625 0.00169165
13.5 25.875 0.00166592
13.5 28.125 0.00149277
13.5 30.375 0.00159716
13.5 32.625 0.00220005
13.5 34.875 0.00167717
13.5 37.125 0.00196627
13.5 41.625 0.00272421
13.5 43.875 0.00160581
13.7 1.125 0.00189049
13.7 3.375 0.00162906
13.7 5.625 0.00259712
13.7 7.875 0.00320692
13.7 10.125 0.00154642
13.7 12.375 0.00244812
13.7 14.625 0.00225916
13.7 16.875 0.00135244
13.7 19.125 0.00174166
13.7 21.375 0.00237224
13.7 23.625 0.00207766
13.7 25.875 0.00234447
13.7 28.125 0.00217751
13.7 30.375 0.00129895
13.7 32.625 0.0019541
13.7 34.875 0.00171915
13.7 37.125 0.00210417
13.7 39.375 0.00152493
13.7 41.625 0.00180598
13.7 43.875 0.00224347
13.9 1.125 0.00260596
13.9 3.375 0.00303012
13.9 5.625 0.00638729
13.9 7.875 0.00194084
13.9 10.125 0.00153726
13.9 12.375 0.00215241
13.9 16.875 0.00270571
13.9 19.125 0.00230332
13.9 21.375 0.00227769
13.9 23.625 0.00236683
13.9 25.875 0.00178288
13.9 28.125 0.00281601
13.9 30.375 0.00238987
13.9 32.625 0.00189293
13.9 34.875 0.00265423
13.9 37.125 0.00229499
13.9 41.625 0.00256112
13.9 43.875 0.00137604
