0.963572
1.01736
0.97334
0.995173
0.89642
0.986157
0.969856
1.00145
0.86542
1.11712
0.987854
0.942148
0.981107
0.972249
0.963877
1.01831
0.984357
0.997749
1.09902
0.86617
0.971053
0.967262
0.939925
0.96523
1.0242
0.977921
1.08894
0.859331
0.980144
1.00984
1.00483
0.967649
1.21217
0.724649
0.999859
0.974734
0.968022
0.998262
1.03341
0.939984
0.932935
1.03798
0.990624
0.985052
1.01618
0.950341
1.01622
0.964611
0.951134
0.969538
1.00313
0.958584
1.039
0.941584
0.933487
1.02773
0.961415
1.02124
0.979181
0.953003
1.05749
0.948356
0.995796
0.996349
1.29976
0.675196
0.984248
1.01433
1.09013
0.865199
0.945318
1.03074
1.02659
0.946428
0.962386
1.00342
1.00987
1.00234
1.24532
0.700793
1.20105
0.764243
1.00014
0.954401
1.05267
0.917662
0.995949
0.963613
1.01235
0.918558
0.997412
0.933191
0.991853
0.935722
0.98705
0.969924
0.998268
0.9617
0.99758
0.96319
1.00794
0.966945
1.00103
0.97974
0.85414
1.06829
1.28003
0.698726
1.00794
0.981081
0.987248
0.961851
0.774279
1.1426
0.982651
0.98351
1.03117
0.953791
1.00543
0.932794
0.993355
0.998637
1.18331
0.816262
0.871336
1.05663
0.960189
0.926607
0.959175
1.0203
1.05568
0.858006
1.03217
0.939746
0.983365
0.993072
0.955468
0.943559
0.950996
0.990906
1.01189
0.986469
0.95077
1.01678
1.06985
0.90814
0.957142
0.961281
0.967987
1.00976
0.994615
0.988327
0.999025
0.956107
0.930934
1.02176
1.03194
0.940868
0.995245
0.990877
0.969775
0.997096
1.00208
0.963929
0.970079
1.00293
0.97585
0.963783
0.952627
1.02374
1.01958
0.935137
0.905109
1.05487
0.840962
1.11428
0.791317
1.15867
1.08075
0.924146
0.968635
0.98433
1.03205
0.92383
1.02126
0.961339
0.99971
0.969084
0.947262
1.03216
0.981589
0.97864
1.01733
0.986444
0.982123
0.981389
0.959573
1.01483
0.968028
0.985637
0.944593
1.0427
1.01312
0.954358
0.983978
0.992471
1.01406
0.891703
0.999487
0.982859
0.960995
0.963801
0.995184
0.978612
0.966446
0.990533
0.979701
1.00812
0.979617
0.987855
0.999065
0.979848
1.03538
0.961838
0.959978
1.02439
1.00802
0.962234
0.883647
1.01187
0.961029
0.979257
0.912157
1.06916
0.796097
1.17127
1.03706
0.950725
1.00942
0.937013
0.99173
0.985604
0.977936
0.956825
0.984554
0.961883
0.970003
0.990449
0.967854
1.02566
1.02399
0.944356
0.966606
1.02289
1.04374
0.962523
0.994677
0.961721
0.998993
0.9758
0.973713
0.98745
0.888069
1.08893
0.223852
1.73504
0.985356
0.979731
1.0691
0.840819
1.0329
0.914209
0.972397
0.985663
0.960147
0.999519
0.922948
1.04435
0.909585
1.0025
1.2463
0.721035
1.01073
0.962997
0.977646
0.991046
1.0851
0.873697
1.01074
0.961267
0.919717
0.984972
0.985492
0.985739
0.972609
0.968242
0.972306
1.00517
0.992432
0.969874
0.975097
0.999342
1.00627
0.954079
0.930049
0.988779
1.00472
0.994638
0.815951
1.13876
0.969304
0.995187
0.929165
0.982937
1.0101
0.962728
1.01383
0.91565
1.04621
0.928422
1.01965
0.920845
0.968405
0.981839
0.993599
0.982389
1.21154
0.722873
0.977564
0.975556
0.973993
1.01995
0.878975
1.08065
1.00507
0.969322
1.0174
0.923418
0.952408
1.0073
0.95186
0.97944
0.973443
0.962993
1.00051
0.962953
1.01873
0.972288
0.998033
0.954236
1.16473
0.765969
0.945588
0.984974
0.784665
1.15784
1.09136
0.873082
0.971256
0.969176
1.01474
0.920191
1.01179
0.994201
0.981775
0.982523
0.942279
1.02346
1.00593
0.956524
0.986865
0.957681
0.96564
0.985627
0.986676
0.958345
0.980002
0.85864
0.977233
0.989841
0.958342
0.965512
1.10715
0.865006
0.996244
1.01237
0.847077
1.14333
0.991472
0.976738
0.988015
0.987985
1.00479
0.982039
0.998729
0.963383
1.00433
0.811396
0.947511
1.00821
0.990092
0.964796
0.957749
1.00353
0.939245
1.0501
1.01866
0.974948
1.0354
0.96872
0.988108
0.951725
0.866094
1.04634
1.00851
0.978793
0.994959
0.984927
0.899644
1.05462
0.92789
1.04707
0.996878
0.983328
0.977639
0.976878
0.953796
1.04477
0.979224
0.979297
0.985743
1.00863
0.729166
1.21066
0.980759
1.00999
1.00465
0.968456
0.965567
0.980069
0.98024
0.977507
1.00598
1.0033
0.970773
1.00051
0.962216
0.982506
0.964618
1.00053
0.928356
1.00974
0.979568
1.00085
0.963446
0.974934
0.934388
1.04396
1.00627
0.970136
0.971511
0.984383
0.943072
0.984447
0.934883
1.0305
0.977797
0.996297
0.968997
1.03715
0.982235
0.999939
0.992765
0.971794
1.01715
0.987012
0.955341
1.02397
1.04894
0.901657
0.952568
1.03777
0.988152
1.01026
0.970234
0.974189
0.947492
0.998214
0.982779
0.963575
0.897184
1.05058
0.969301
0.970035
0.960702
0.975089
0.96892
1.01376
0.895072
1.08654
1.02355
0.950615
1.01511
0.971103
1.01744
0.962104
0.880714
1.08947
1.03665
0.933311
0.9936
0.976657
0.962911
0.993088
1.01215
0.960546
1.0211
0.920409
0.888827
1.0639
0.983662
1.01548
0.964442
0.970649
0.998245
0.937934
1.06491
0.929188
1.00626
0.968639
0.996269
0.990298
0.956178
0.985847
0.913903
1.00173
0.993187
0.964177
0.963281
0.989291
0.974562
0.998018
0.959036
1.0221
0.982037
0.990062
0.870257
1.06465
0.984473
0.974259
0.954
1.00773
0.991337
1.00413
0.993159
0.972893
0.977427
0.999387
1.03499
0.916809
0.999567
0.993254
0.963677
1.02022
1.01093
0.994978
0.981072
0.983632
0.988935
0.99522
1.00587
1.00365
1.01431
0.943829
0.982611
0.984443
1.21639
0.776389
0.992633
0.998931
1.02366
0.944468
1.00558
0.966459
1.0262
0.963991
0.908739
0.944581
0.986503
0.976222
1.04374
0.931376
0.989368
0.987673
0.958034
1.01926
0.930839
0.993104
0.987681
0.978015
0.971801
1.01498
0.940078
1.00094
0.973046
0.960054
0.962077
0.911003
0.985199
0.980522
0.96517
0.986477
1.00744
0.970818
1.08753
0.910993
0.839238
1.11726
1.01787
0.952158
0.980941
0.996369
0.996114
0.993262
0.96311
0.99829
0.997723
0.984311
1.29155
0.624606
1.02494
0.942371
1.04247
0.911791
0.898679
1.04074
0.95017
1.02925
0.974924
0.992627
0.967942
1.00649
1.06234
0.895594
1.0218
0.919308
0.890669
1.06757
1.00193
0.991326
0.951619
0.984328
0.934977
1.01436
1.30565
0.632429
1.01709
0.933093
0.989742
0.946634
0.997289
0.995176
0.959232
1.0029
0.988701
0.936523
1.01606
0.959038
0.955752
1.03112
0.989299
0.996472
0.606456
1.34726
1.03474
0.9183
0.986285
0.969116
0.92656
1.01488
0.979634
0.971653
0.993057
0.992429
1.02067
0.991237
0.989565
0.980994
1.00005
0.989053
0.873877
0.987578
1.00919
0.951756
0.999795
0.991906
0.950521
1.01546
0.982314
1.00054
1.42236
0.531084
1.05212
0.934522
1.00174
0.997108
1.0082
0.961133
0.5484
1.43098
1.14261
0.816075
1.00721
0.986866
0.997598
0.962258
0.836804
1.14594
0.994285
0.998551
1.18285
0.738416
0.988703
1.00823
0.984542
0.948535
0.991147
0.993021
1.08813
0.883181
0.986597
0.968341
0.986625
0.939707
0.940035
1.04483
0.991205
0.992409
0.97261
1.00913
0.993538
1.00321
0.993191
0.971674
1.0163
0.960996
1.01289
0.903906
0.976788
0.985513
0.988163
0.971651
0.962157
0.994665
0.968229
1.01879
1.01802
0.978293
1.00654
0.932219
1.01895
0.933675
0.980789
0.988996
0.971456
0.975887
0.979308
1.01455
0.985051
0.954694
0.969437
0.993321
1.01052
0.964871
0.962791
1.00144
0.980021
0.9671
0.98726
0.994397
0.938619
1.05413
1.01478
0.962407
1.03482
0.938078
0.983844
1.02552
1.00424
0.96551
0.969844
0.997764
0.99951
0.98417
0.961221
0.98065
0.939368
0.976643
1.05396
0.912406
0.939504
1.00734
0.978888
0.994469
0.991963
0.962845
1.03971
0.966429
0.831379
1.09341
0.976744
1.00268
0.9669
0.974128
1.01965
0.929473
0.821613
1.16249
0.981125
0.993882
1.0304
0.958794
0.936167
1.00081
0.989859
0.972733
0.995008
0.911705
0.967937
0.995524
1.00648
0.967724
0.86129
1.12548
0.954782
0.983729
1.01522
0.956232
0.962726
1.02358
1.02884
0.901635
0.933877
1.03138
0.966795
1.01403
0.969643
0.999694
0.991259
0.980151
0.980418
0.995434
0.894562
1.07589
1.00226
0.977425
0.965796
0.968439
0.946546
1.02369
0.983692
0.95717
0.95192
1.02717
0.964739
0.982745
0.935652
1.00656
1.00151
0.980921
0.953988
1.03764
0.951845
1.00794
0.964837
1.03183
0.978732
0.997308
1.01023
0.949134
0.979274
0.990202
1.0845
0.890421
0.910237
1.08127
0.978026
0.973143
0.92001
0.979699
0.988082
0.957357
0.963974
1.00687
1.02623
0.924695
0.910782
1.04073
0.964503
1.02635
0.931534
0.999292
0.897543
1.02552
1.00102
0.983837
0.955961
1.00685
0.639266
1.282
1.03146
0.956286
0.996772
0.964309
1.00064
0.977598
0.994988
0.98533
0.956431
1.03806
0.994132
0.992036
1.15565
0.806873
1.00083
0.991908
0.98621
0.999437
0.950673
1.02666
1.20159
0.770392
0.964616
0.99714
0.977336
0.981105
0.963171
0.992246
1.01322
0.972392
1.05247
0.932908
0.985697
0.975818
1.03834
0.937899
0.981258
0.986387
0.996618
0.983942
0.980532
1.00211
0.994952
0.987514
1.01049
0.993227
0.981564
0.99282
0.98032
0.976385
1.01202
0.930035
0.976909
0.999145
0.979
1.00005
0.964604
1.03736
0.997717
0.964048
0.973225
0.988236
0.973788
0.992668
0.801096
1.13193
1.00484
0.9801
0.993459
1.0069
0.948348
0.99936
0.761912
1.22119
1.00407
0.960439
0.827359
1.14058
0.889031
1.07684
1.00264
0.964654
1.03435
0.951932
0.995967
0.960047
0.998383
0.973521
1.03222
0.921972
0.933544
1.00912
0.961022
1.00453
1.09959
0.871735
0.952225
0.906975
0.994415
0.974892
0.994701
0.948018
0.954155
1.00428
0.962415
0.968095
0.994619
0.963982
1.00369
0.924205
1.13795
0.813277
0.985422
0.990672
1.11093
0.856289
0.983317
0.996156
0.916321
0.983874
1.01239
0.972371
0.988478
0.966152
1.02092
0.955365
0.873888
0.979045
0.846178
1.07212
0.958107
1.01925
1.00477
0.986455
0.870061
1.08575
1.04843
0.908595
0.977434
0.985614
1.00738
0.974121
1.00867
0.958396
0.981016
0.973432
1.02611
0.896081
1.02477
0.952273
1.04535
0.93941
0.973629
1.00047
0.941902
1.00029
0.957425
1.04293
1.04156
0.929776
0.345699
1.63918
0.9741
0.986148
0.95622
1.00608
0.974804
0.987309
0.993737
1.00132
1.0128
0.9432
0.999336
0.980231
0.940039
1.01362
0.987333
1.00265
0.454551
1.48
0.948046
1.02421
0.980144
1.00922
0.997673
0.962105
0.981353
1.00962
1.00137
0.942269
1.02752
0.923061
1.06395
0.895966
0.772265
1.18318
0.970402
0.996864
0.849789
1.10846
0.961137
0.999019
0.966093
0.995769
0.948771
1.00898
0.950517
1.01002
0.889131
1.02178
1.01897
0.976673
0.957242
1.04887
0.956476
1.00555
0.991887
1.00294
0.976383
0.956879
0.987934
0.969961
1.04989
0.91329
0.947309
1.03267
0.792947
1.13505
0.971597
0.976812
1.01153
0.955514
1.00761
0.957198
0.975188
0.970425
0.759502
1.16455
0.964319
0.983379
1.11412
0.785639
0.956307
0.993698
0.992174
0.990992
0.951359
0.991326
0.963146
0.963616
0.953408
1.01474
0.957851
0.976834
0.99528
0.989225
1.01522
0.983429
0.976772
0.993349
0.917371
1.05305
1.0022
0.946695
1.00473
1.00314
1.01229
0.977935
0.938134
0.966121
0.98718
0.992327
0.945639
0.98179
0.952194
1.01899
0.988668
0.977426
1.0288
0.986587
0.99243
0.991129
1.00714
0.935499
0.951873
1.05012
0.965421
0.984492
1.00156
0.972367
0.948545
0.965598
0.977623
0.961589
0.995721
0.968944
0.950519
0.992083
0.971395
0.993585
0.984996
0.981295
1.00119
0.957109
0.981
1.00494
0.988986
0.991845
1.14357
0.814611
0.92633
1.02667
1.00292
0.963641
1.0018
0.990732
1.0508
0.902531
0.701727
1.25593
0.995677
0.964656
0.985227
0.995946
1.00076
0.986571
0.985417
0.961794
0.948143
0.972318
0.892155
1.00014
1.14539
0.796289
1.05788
0.926535
0.948415
1.01302
0.968123
0.986633
1.01675
0.958904
1.01217
0.958705
1.04289
0.954461
0.991104
0.963897
0.989077
1.0114
0.994498
1.01974
0.989256
0.9713
0.963842
0.997415
1.12928
0.821661
0.989778
0.962259
0.968226
0.999438
0.968187
1.0167
0.927628
0.999816
1.00776
0.954311
0.932993
1.02401
0.943542
0.998266
0.937224
1.00418
0.981238
0.985715
0.988956
0.958292
1.00802
0.960718
0.9679
0.970562
1.29265
0.672744
1.07483
0.901417
1.06167
0.898377
1.11415
0.844153
0.98285
0.959363
0.964126
0.972572
0.953012
1.03852
0.981825
1.01413
0.972423
0.991337
0.977036
1.01052
0.987964
0.961138
0.959141
1.00813
0.995114
0.958652
0.972748
1.02209
1.00254
0.954326
1.02883
0.595152
1.00225
0.934195
0.982261
0.980482
1.02964
0.884691
1.26017
0.704637
1.00409
0.935268
0.969533
0.993057
1.03193
0.942858
1.01722
0.955426
0.986333
0.947133
0.988227
0.962946
0.976374
1.01408
0.971168
1.00457
1.02649
0.921929
0.962195
0.966202
1.02667
0.961458
1.01435
0.961747
0.916765
1.04702
0.879903
1.10546
0.997703
0.949514
0.960486
1.03306
0.931722
0.987488
0.973018
1.02467
0.996262
0.959222
0.999782
0.975735
1.0246
0.958311
0.86554
1.10738
0.979531
0.969906
0.979529
0.930422
0.92765
1.04994
0.926712
0.944093
1.33002
0.600799
1.01493
0.986465
0.976521
0.95837
1.02611
0.966156
0.8956
1.09891
0.97333
0.983736
1.01537
0.93805
0.952243
1.00916
1.00032
0.981656
0.872602
1.04898
0.935144
0.987294
0.961265
0.982873
0.994336
0.941551
0.988864
0.97701
0.981129
0.990173
0.995358
0.993962
0.974303
0.995965
1.02365
0.960513
0.978731
0.969302
0.974621
0.99331
0.99336
0.951178
0.988482
1.01344
0.988303
0.943639
1.05941
0.883571
0.985648
0.982735
1.01863
0.993815
0.918902
1.03721
0.92765
1.03666
1.14316
0.817541
0.984546
0.976819
0.960713
0.994534
1.08362
0.880455
0.984624
0.946456
0.916621
1.0093
0.940252
1.03598
1.30057
0.662104
0.968948
0.942619
0.991233
1.01136
0.996966
0.922024
0.955631
0.978292
0.981825
0.984658
0.925429
1.01301
1.02898
0.929934
0.987078
1.00802
0.982223
1.00678
0.949487
1.01474
1.04374
0.933761
0.965
1.0263
1.07116
0.911189
1.00642
0.981781
1.00893
0.974196
1.00187
1.01416
0.933522
1.03021
0.996724
0.956711
1.0136
0.938591
0.939353
1.02415
0.97804
0.953402
1.02211
0.94912
0.941488
1.00452
0.981877
0.996185
0.963148
0.983097
1.00655
0.966456
1.05933
0.917707
1.08042
0.879654
0.936409
1.02358
0.935128
1.05839
0.934034
1.03374
0.989332
0.994155
0.974562
0.979865
0.965404
0.964845
0.963523
0.999333
1.0026
0.931655
0.92849
1.07323
1.00232
0.963668
1.02701
0.935615
0.991722
0.989704
0.93176
1.03155
1.00474
0.973177
0.981482
0.97245
0.970012
1.01107
1.0151
0.951567
0.965456
0.986636
0.96821
0.99772
1.32961
0.629016
0.932928
1.02234
1.01876
0.901846
0.995301
1.00591
0.971883
0.949438
0.980526
0.905891
1.02638
0.973433
0.891454
1.07717
0.968537
0.964531
0.998729
0.979021
0.992639
0.976695
0.981119
0.943128
0.975456
1.01377
1.03332
0.942476
1.02238
0.902738
0.97277
0.971071
1.08142
0.867578
0.983042
1.00793
0.996902
0.942252
0.7248
1.26244
0.973229
0.992146
1.02649
0.934439
0.982375
0.937028
0.966368
0.917294
0.976586
0.987915
0.943436
1.01502
0.973702
1.00788
1.10093
0.807137
1.01902
0.908752
0.963527
0.986745
0.965498
1.00962
0.989723
1.01271
1.01624
0.958194
0.942123
1.03916
0.990808
0.994386
1.00734
0.959827
0.98576
0.996912
0.983776
0.997649
0.946294
1.01479
0.977774
0.995254
1.06343
0.920222
0.993034
0.969876
1.0025
0.94586
0.981905
0.996682
0.98628
0.950083
0.985451
0.989602
0.989171
0.969752
0.94863
0.972491
1.01909
0.941483
0.954202
1.0199
0.891162
1.05301
1.00789
0.986215
1.01334
0.967769
1.00648
0.97207
1.01861
0.979784
1.00101
0.944013
0.998842
0.959681
0.98557
0.984243
0.647533
1.32579
0.944921
1.00016
1.00551
0.957687
0.992263
0.998104
0.993119
1.01585
1.00244
0.963463
1.00315
0.948624
0.984095
0.974419
0.974265
0.964567
1.12741
0.849315
0.945107
1.01311
0.991558
0.928651
0.956534
0.91812
0.985037
0.990448
0.909463
1.0608
0.975418
1.01049
0.972039
0.959719
0.983098
0.996737
0.983623
1.00586
1.00218
0.991411
1.03595
0.915761
0.980816
0.970961
0.997077
0.98317
0.99672
0.939148
0.972426
0.960868
0.953471
0.99417
0.96199
1.03498
0.947255
0.975767
0.950689
1.02292
0.979228
0.986951
1.07876
0.901443
0.971791
1.00452
0.966035
0.958942
0.958419
1.0013
0.97356
0.987761
0.961797
0.977112
0.985665
0.975536
0.951956
1.03896
0.944957
0.999408
0.957505
0.995996
0.96376
1.00107
1.18541
0.797538
0.984083
0.953888
0.992164
0.962692
0.960331
0.991083
0.930744
1.01506
1.01749
0.975098
0.992804
0.974002
0.996064
0.985841
1.02329
0.984492
0.550039
1.42013
0.970529
1.00161
0.956653
1.02765
1.00033
0.963693
1.12567
0.800362
0.960554
0.988208
0.990731
1.00049
0.992017
0.984941
0.762686
1.1961
0.945556
1.031
0.986761
0.993387
0.975767
1.00324
0.974841
0.987511
0.991468
0.986003
0.988183
1.00089
0.958284
0.983014
0.985428
0.965819
1.03393
0.973261
1.04583
0.949228
0.979706
0.96573
0.793882
1.14076
0.958309
0.968653
0.757159
1.17501
0.984508
1.02299
1.01142
0.940248
0.989077
0.9683
0.979856
0.964301
0.982946
0.954202
1.04882
0.943983
0.980185
0.938226
0.987298
0.965449
0.97062
0.908777
0.962392
1.03546
0.987909
0.975873
0.961713
1.01255
0.942365
0.997487
0.973656
0.985936
1.02893
0.920713
0.97734
0.974767
0.973452
0.955378
0.98605
0.973905
1.00799
0.959406
0.988266
0.978004
0.977752
1.00295
0.995591
0.982072
1.02106
0.993744
0.99309
0.958229
1.00581
0.964819
1.02169
0.941957
1.01357
0.925298
0.966306
0.996546
0.960188
1.04204
0.931653
1.02799
0.9781
0.971587
1.05107
0.893608
0.984114
0.965633
0.971232
0.987208
0.98124
1.00198
1.00058
0.957922
0.979814
0.974773
0.988752
0.931823
1.01356
0.938111
0.955281
0.997698
0.925199
1.0151
0.954081
1.00663
1.01052
0.982427
0.993854
0.979074
1.19737
0.722694
0.970004
0.977994
0.950026
1.02678
0.986545
0.99643
0.955459
1.00895
0.869536
1.09806
0.926935
1.02121
0.995296
0.939061
0.981359
0.991187
0.985513
0.997405
1.0192
0.931589
0.98351
0.983738
1.06253
0.930632
0.953391
0.977663
0.983755
0.981169
1.10383
0.812642
1.01749
0.927734
1.00894
0.935586
0.909642
1.03775
1.02357
0.936786
1.00511
0.940968
0.546275
1.38728
0.903325
1.06027
0.775737
1.1907
0.982192
1.00238
0.969869
0.947
0.978631
0.995966
0.862374
1.09152
0.970061
0.990956
0.946508
1.0293
0.927304
1.0484
1.00225
0.932807
0.980432
0.940173
0.999416
0.954573
0.970329
1.00154
0.977916
0.985355
0.994109
0.97797
0.966693
0.979804
1.00049
0.975709
0.959724
1.00831
0.954199
0.997086
1.40823
0.56918
1.02743
0.958178
0.942025
0.977982
1.02471
0.949935
1.02654
0.946846
0.858632
1.10641
0.957197
0.985095
1.01506
0.945556
1.0104
0.978235
1.26452
0.66627
0.94392
1.01
0.965105
0.984728
0.99654
1.00366
0.964722
0.98697
0.843746
1.12392
0.982568
0.99854
0.98166
0.996076
0.965069
1.01052
1.01397
0.976527
0.953593
0.98176
0.666043
1.27296
1.02248
0.978234
1.01623
0.941687
0.957681
0.980158
0.962153
1.01309
1.2403
0.698599
1.00916
0.922934
1.03015
0.921258
0.99597
0.92822
0.973688
1.01809
1.01266
0.970333
0.95813
0.98047
0.921
1.04045
0.973581
0.969032
0.925972
1.02418
0.962817
0.971147
0.833187
1.09495
0.962786
0.984208
1.01446
0.942983
0.926161
0.997498
0.954628
0.996525
1.05143
0.921647
0.975526
1.01054
1.25707
0.736225
1.00148
0.951316
1.14765
0.782423
0.942118
1.03914
0.978509
1.03101
1.0036
0.95902
0.970222
0.987976
0.988823
0.954738
0.972863
0.995799
0.959929
1.00029
0.89704
1.03343
1.00465
0.963716
0.964905
0.961093
0.984162
0.967046
1.00914
0.97485
1.00112
0.995545
0.968149
0.981673
1.00071
0.979879
0.983191
0.960997
0.969823
1.02578
0.834769
1.11972
0.953
0.977078
1.02028
0.943796
1.01951
0.956001
0.929634
1.0311
0.983892
0.951494
0.789649
1.18801
1.01759
0.969537
0.965382
0.990246
0.966425
0.990826
0.97634
0.966148
0.967172
0.962843
0.924677
1.03779
0.99473
0.985206
0.974072
0.983056
1.00554
0.973583
0.926127
1.01545
0.963689
0.975597
0.985627
1.01181
1.01463
0.951629
0.902246
1.05311
1.22268
0.7063
0.952139
0.979899
0.949553
1.02174
0.981407
0.975804
1.03257
0.939465
0.9893
0.96076
0.951682
1.01477
0.976905
1.00298
1.02578
0.952269
0.995055
1.01515
0.807011
1.12987
0.961279
0.978534
0.992354
0.974371
0.994481
0.990415
0.916328
1.0541
0.988658
0.972313
1.06741
0.900223
0.99885
1.00451
0.966823
0.957688
0.695651
1.26981
1.07107
0.927997
1.34954
0.552288
0.957413
1.01428
0.984464
0.981681
1.00731
0.940822
0.99209
0.980087
1.00556
1.00439
1.0112
0.955382
0.97416
0.977983
1.0026
0.958431
0.98057
1.00445
0.946743
1.04774
0.906242
1.03894
0.942107
1.0313
0.993765
0.958804
0.941165
1.0251
0.988723
0.978672
0.895948
1.064
1.00165
0.977283
0.936491
1.02625
1.00568
0.960082
0.953557
1.02971
0.966736
0.993753
1.00021
0.972748
0.995576
0.979267
0.968239
0.855756
0.939077
0.956408
0.883384
1.08798
1.00199
0.996826
0.971989
1.00377
0.978952
1.00473
0.976155
0.976802
0.733422
1.19536
0.990406
0.990227
0.929481
0.977796
0.969701
0.994488
0.986389
0.971329
0.97989
1.00485
0.987071
1.01253
0.955478
0.978218
0.92936
1.03148
1.00076
0.953652
0.890181
1.05225
0.886298
1.08578
0.999751
0.982076
0.963251
1.01273
1.01086
0.9418
0.972844
0.998424
1.04297
0.91815
1.00782
0.969468
0.964866
0.988819
0.953354
0.995872
0.920901
1.02459
0.980702
1.0079
1.11886
0.854348
0.940794
1.00418
1.01139
0.970956
0.926995
1.00474
0.957237
0.993894
0.957609
1.00854
0.995405
0.99319
0.980131
0.973749
0.979499
0.945601
1.0285
0.951258
0.990197
0.949599
0.96132
0.999503
0.976085
0.987577
0.995331
1.00986
0.988567
1.00633
0.980815
0.99493
0.958683
1.01497
0.980265
0.984286
0.968363
0.998215
0.987486
1.00532
1.06802
0.917199
0.952242
0.991491
0.873602
1.07608
1.12816
0.82599
0.927537
1.04995
0.96608
1.00652
0.915576
1.03788
1.00847
0.965569
1.01736
0.982735
0.979585
0.988498
0.961561
0.96873
1.09235
0.853587
0.983788
0.971309
0.999045
0.911876
0.999532
0.970341
0.895023
1.09819
1.0021
0.964204
1.00568
0.942382
1.04213
0.897418
1.00578
0.960828
1.14032
0.854548
0.9725
1.0173
0.90703
1.07756
0.95554
1.03913
0.838613
1.1241
0.974408
0.941773
0.97294
0.989788
0.982774
0.959668
1.0425
0.867641
0.998234
0.970669
0.931044
0.986221
0.974809
0.983325
1.04417
0.939704
0.985093
0.966872
0.973164
0.984413
0.96313
0.997484
1.00557
0.962269
0.968394
0.993477
0.977008
1.00471
0.9951
0.94848
0.980783
1.00582
0.971916
1.00169
0.949814
1.00413
0.937326
1.01323
1.01817
0.976411
1.01805
0.937491
0.998656
0.969786
0.977185
1.01444
0.947226
1.0101
0.912182
1.02332
1.02247
0.950992
1.0089
0.963293
0.943318
1.00942
0.975867
1.00049
1.01815
0.928325
0.978205
0.993306
0.992871
0.981903
1.04643
0.931416
0.921579
1.01181
0.973263
1.00139
0.938913
1.00667
0.98003
1.01992
0.979004
0.979232
1.01629
0.971938
0.936285
1.00256
0.900099
1.07694
0.92782
1.04982
0.976447
0.969859
1.04972
0.906037
0.889502
1.08684
1.02254
0.963197
0.956951
0.986499
0.963109
0.992826
0.969273
1.00757
0.963614
0.979361
0.968675
1.00304
0.983246
0.988552
1.05772
0.94349
0.855502
1.09607
0.924174
1.03799
0.948917
1.00752
0.287796
1.639
0.962659
0.958826
0.955429
0.982184
0.953296
1.00455
0.964754
1.0198
0.989914
0.974234
0.976444
0.981197
1.05288
0.925024
0.907653
1.03567
0.969769
0.931288
0.941441
1.01865
0.947107
0.987795
0.997281
0.965672
0.992581
0.952548
0.946443
0.977614
1.00604
0.955913
0.986989
0.987455
0.95771
1.00407
1.01919
0.978991
1.07784
0.890623
1.23962
0.7719
0.940731
1.00183
1.01926
0.978875
1.15604
0.758665
0.985548
0.962474
1.04708
0.937145
1.00766
0.957924
0.97037
0.949025
0.892604
1.05336
0.974969
0.980428
0.966765
0.934045
0.912264
1.03845
0.976971
0.93653
1.00907
0.977803
0.975565
0.971319
0.981985
0.983277
1.00749
0.988531
0.919164
0.999758
0.97556
1.01068
0.97666
0.990903
0.922611
1.02498
0.956611
0.996765
0.933366
1.03616
0.945036
1.02172
0.964212
0.955297
0.590066
1.37821
0.962528
1.00037
0.922309
1.02851
1.04081
0.857478
1.00869
0.948207
1.02598
0.953019
0.971478
0.998502
0.960028
1.00369
1.0179
0.96973
1.00432
0.959439
0.97904
0.957479
0.980537
0.988857
1.01612
0.966876
0.987858
0.954794
1.003
0.977098
0.922598
1.02605
0.607416
1.33253
0.983462
0.941441
0.97171
0.938517
1.41168
0.568418
0.894457
1.05463
0.979634
0.980154
0.99168
0.93447
1.1306
0.811038
0.818322
1.15513
0.976639
0.965028
0.9056
1.05533
0.978514
0.943881
0.984981
0.950085
0.924159
1.0301
0.885453
1.09353
0.970948
0.998993
0.980467
0.988313
0.994076
0.983177
1.01844
0.968245
1.04812
0.942623
0.985953
0.99744
0.998039
0.984048
1.04225
0.942601
0.948943
1.00015
0.989221
0.996138
0.990188
0.953967
1.01013
0.943519
0.959861
0.975196
0.967937
1.00501
0.981131
0.945066
1.02884
0.938108
1.01333
0.973294
0.97493
0.906917
1.0282
0.93907
1.16633
0.823163
1.04149
0.909743
0.993279
0.937056
0.968207
1.01711
1.0011
0.983952
0.996912
0.978242
0.958534
1.01738
0.99039
0.987109
1.00083
0.950482
0.933588
1.0093
0.988796
0.977244
0.985288
0.999733
0.984739
0.997624
0.897539
1.07307
0.863503
1.11294
1.21649
0.743606
0.975569
0.978431
1.01229
0.971748
1.00062
1.01326
0.983272
0.987745
1.0171
0.962378
0.966767
0.986625
0.969263
1.01161
0.970447
0.957615
0.933117
1.01562
0.991626
1.01234
1.02961
0.940107
0.957783
1.02553
0.983698
0.993659
1.02079
0.943092
0.961127
0.964206
1.01325
0.971262
1.01542
0.976303
0.984987
1.00021
1.01517
0.932824
0.954029
1.03681
1.00237
0.952411
1.00433
0.947114
0.923638
1.03893
0.954216
0.992507
0.965091
0.986414
0.984607
1.00281
1.03832
0.920091
1.01432
0.968147
1.00135
0.937228
0.959439
0.999191
0.950267
1.0268
0.946419
0.983534
0.977171
0.996115
0.965869
0.984407
0.970017
0.995931
0.95073
1.02164
0.999587
0.970258
1.02247
0.949265
0.985905
0.912673
0.952704
1.00303
0.889245
1.05434
0.958481
0.999366
0.964132
0.984636
0.997543
0.985183
0.936198
1.02306
0.967688
0.981135
0.920547
0.938375
0.97454
0.975672
0.970717
0.978895
0.950231
1.00449
0.973645
0.99128
0.926728
1.06389
0.983486
1.00365
0.99357
0.969948
0.987052
0.936639
0.939053
1.03414
0.988594
0.95339
1.02304
0.978524
1.01965
0.982454
0.974458
0.942577
1.0332
0.911147
1.11324
0.8652
0.980503
1.00627
1.0031
0.992256
0.98726
0.943988
0.938238
1.006
0.987034
0.981008
0.994367
0.973484
0.977993
0.992981
0.892955
0.977865
0.959842
0.988921
0.949786
1.00023
0.971409
0.956514
0.890341
1.07359
0.986422
0.972939
0.966355
0.995133
1.02765
0.957623
0.997874
0.976185
0.992383
0.963272
1.01001
0.978766
0.972164
0.987403
0.996156
1.00575
1.04615
0.89523
1.1825
0.771021
0.983749
0.981354
0.965783
0.993202
1.13827
0.742778
0.98728
0.989388
0.988153
0.996822
0.97486
0.986661
0.974364
0.958747
1.13247
0.818972
0.959699
0.988789
1.0359
0.96996
0.980137
1.00137
0.986743
0.993181
0.996667
0.955322
0.982294
0.95464
0.947904
0.967331
1.00945
0.971231
0.936933
1.02886
0.914872
0.979064
1.01413
0.955516
1.04679
0.934747
0.701951
1.18529
0.998952
0.957788
1.00977
0.935797
0.952896
1.0054
0.98522
1.01262
1.00458
0.980997
0.975209
1.00371
0.887824
1.07962
0.99164
0.969108
1.01663
0.940853
0.979596
0.976521
0.984107
0.969402
0.944984
0.991861
0.917297
0.984537
0.978553
1.00428
0.959877
1.00953
0.840413
1.14114
0.934467
1.04245
0.972621
1.00511
0.979338
0.96391
0.972825
1.0131
0.823333
0.977081
1.01995
0.971362
0.9477
1.01462
0.988688
0.950557
0.974183
0.988031
0.962981
1.03305
0.979765
0.975848
0.958866
1.02667
0.99167
0.967928
0.998683
1.00462
1.02535
0.954501
1.07542
0.868372
0.812996
1.13022
0.956355
1.0097
1.17013
0.735407
0.980328
0.98579
0.975608
1.00045
0.96612
0.958305
0.994455
0.946249
0.990478
0.993823
0.986576
0.96363
0.979278
0.961029
0.960831
0.969722
1.01248
0.918119
0.963948
1.00426
0.972595
1.00631
0.983611
0.954683
1.01429
0.967097
0.796724
1.10757
0.973716
1.01456
0.984218
1.00127
0.977893
0.997103
0.993863
0.959624
0.931627
1.05084
1.29798
0.539942
1.04555
0.928633
0.92101
1.01678
0.974001
1.01372
0.997639
0.979819
1.00998
0.964724
0.951291
0.952246
0.955677
0.973181
0.927315
1.00946
0.976019
0.988939
0.969155
0.992475
0.991619
0.995933
0.963741
0.999924
1.08374
0.87116
0.981809
0.983192
1.13306
0.837531
0.983191
0.955412
0.659742
1.27248
0.939214
0.993709
0.938629
1.02551
1.05422
0.912522
0.999073
0.971032
0.954358
0.984438
0.985291
0.980675
0.984615
0.960421
1.06014
0.897557
1.00583
0.919838
0.97618
0.986559
0.982595
0.995149
0.979564
0.987362
0.988756
0.952146
0.955633
1.04587
0.974133
0.984296
0.936115
1.03004
