0.1 1.125 0.325585
0.1 3.375 0.316652
0.1 5.625 0.282223
0.1 7.875 0.315389
0.1 10.125 0.323933
0.1 12.375 0.328835
0.1 14.625 0.341488
0.1 16.875 0.337575
0.1 19.125 0.333632
0.1 21.375 0.337153
0.1 23.625 0.337638
0.1 25.875 0.328869
0.1 28.125 0.324416
0.1 30.375 0.334589
0.1 32.625 0.328764
0.1 34.875 0.328576
0.1 37.125 0.327747
0.1 39.375 0.339355
0.1 41.625 0.319022
0.1 43.875 0.337017
0.3 1.125 0.314577
0.3 3.375 0.306971
0.3 5.625 0.298941
0.3 7.875 0.306899
0.3 10.125 0.308148
0.3 12.375 0.299981
0.3 14.625 0.321051
0.3 16.875 0.301214
0.3 19.125 0.312481
0.3 21.375 0.315477
0.3 23.625 0.318558
0.3 25.875 0.308533
0.3 28.125 0.321799
0.3 30.375 0.305063
0.3 32.625 0.307508
0.3 34.875 0.307619
0.3 37.125 0.29518
0.3 39.375 0.298316
0.3 41.625 0.284722
0.3 43.875 0.315034
0.5 1.125 0.30062
0.5 3.375 0.288179
0.5 5.625 0.287522
0.5 7.875 0.262076
0.5 10.125 0.264788
0.5 12.375 0.291694
0.5 14.625 0.299231
0.5 16.875 0.291317
0.5 19.125 0.298117
0.5 21.375 0.295251
0.5 23.625 0.291682
0.5 25.875 0.290405
0.5 28.125 0.292088
0.5 30.375 0.289106
0.5 32.625 0.283954
0.5 34.875 0.282661
0.5 37.125 0.285012
0.5 39.375 0.279014
0.5 41.625 0.288689
0.5 43.875 0.287872
0.7 1.125 0.273065
0.7 3.375 0.287657
0.7 5.625 0.269507
0.7 7.875 0.277768
0.7 10.125 0.257162
0.7 12.375 0.270884
0.7 14.625 0.275409
0.7 16.875 0.261052
0.7 19.125 0.267958
0.7 21.375 0.270743
0.7 23.625 0.249367
0.7 25.875 0.248205
0.7 28.125 0.244338
0.7 30.375 0.259633
0.7 32.625 0.266965
0.7 34.875 0.256872
0.7 37.125 0.267031
0.7 39.375 0.25037
0.7 41.625 0.242687
0.7 43.875 0.270559
0.9 1.125 0.236112
0.9 3.375 0.230462
0.9 5.625 0.235901
0.9 7.875 0.230046
0.9 10.125 0.236858
0.9 12.375 0.236468
0.9 14.625 0.228428
0.9 16.875 0.229007
0.9 19.125 0.226509
0.9 21.375 0.236053
0.9 23.625 0.208767
0.9 25.875 0.220653
0.9 28.125 0.220963
0.9 30.375 0.215982
0.9 32.625 0.206707
0.9 34.875 0.22627
0.9 37.125 0.226372
0.9 39.375 0.212808
0.9 41.625 0.2392
0.9 43.875 0.226896
1.1 1.125 0.188557
1.1 3.375 0.177285
1.1 5.625 0.182533
1.1 7.875 0.173687
1.1 10.125 0.181015
1.1 12.375 0.172757
1.1 14.625 0.189274
1.1 16.875 0.173711
1.1 19.125 0.175819
1.1 21.375 0.180614
1.1 23.625 0.182185
1.1 25.875 0.169363
1.1 28.125 0.18238
1.1 30.375 0.169211
1.1 32.625 0.202167
1.1 34.875 0.180238
1.1 37.125 0.1537
1.1 39.375 0.166344
1.1 41.625 0.186914
1.1 43.875 0.194902
1.3 1.125 0.122002
1.3 3.375 0.116106
1.3 5.625 0.117948
1.3 7.875 0.109346
1.3 10.125 0.12179
1.3 12.375 0.11952
1.3 14.625 0.124013
1.3 16.875 0.129584
1.3 19.125 0.135982
1.3 21.375 0.138465
1.3 23.625 0.14257
1.3 25.875 0.128264
1.3 28.125 0.133705
1.3 30.375 0.133525
1.3 32.625 0.134798
1.3 34.875 0.14638
1.3 37.125 0.139256
1.3 39.375 0.158666
1.3 41.625 0.12863
1.3 43.875 0.140151
1.5 1.125 0.0721443
1.5 3.375 0.0859481
1.5 5.625 0.0725059
1.5 7.875 0.0809222
1.5 10.125 0.0760953
1.5 12.375 0.0800657
1.5 14.625 0.0897759
1.5 16.875 0.0821863
1.5 19.125 0.0879955
1.5 21.375 0.11365
1.5 23.625 0.101878
1.5 25.875 0.101654
1.5 28.125 0.0974317
1.5 30.375 0.0962252
1.5 32.625 0.107555
1.5 34.875 0.106609
1.5 37.125 0.112228
1.5 39.375 0.103044
1.5 41.625 0.105656
1.5 43.875 0.118175
1.7 1.125 0.0470673
1.7 3.375 0.0464505
1.7 5.625 0.0420725
1.7 7.875 0.0472662
1.7 10.125 0.0526876
1.7 12.375 0.0513923
1.7 14.625 0.0509057
1.7 16.875 0.0586752
1.7 19.125 0.0550606
1.7 21.375 0.0622979
1.7 23.625 0.0669238
1.7 25.875 0.0602448
1.7 28.125 0.0674071
1.7 30.375 0.0628752
1.7 32.625 0.0706909
1.7 34.875 0.0698728
1.7 37.125 0.0706971
1.7 39.375 0.0716123
1.7 41.625 0.0703274
1.7 43.875 0.0722519
1.9 1.125 0.0298626
1.9 3.375 0.0279967
1.9 5.625 0.029414
1.9 7.875 0.0298503
1.9 10.125 0.0344919
1.9 12.375 0.0329893
1.9 14.625 0.0327642
1.9 16.875 0.03233
1.9 19.125 0.042674
1.9 21.375 0.0395994
1.9 23.625 0.0338788
1.9 25.875 0.0413839
1.9 28.125 0.0414971
1.9 30.375 0.0495949
1.9 32.625 0.0503757
1.9 34.875 0.0537905
1.9 37.125 0.0512877
1.9 39.375 0.0496545
1.9 41.625 0.0515204
1.9 43.875 0.0420753
2.1 1.125 0.0142456
2.1 3.375 0.0173996
2.1 5.625 0.0185858
2.1 7.875 0.0199683
2.1 10.125 0.0187406
2.1 12.375 0.0195992
2.1 14.625 0.0223474
2.1 16.875 0.0180252
2.1 19.125 0.0283527
2.1 21.375 0.0206409
2.1 23.625 0.02453
2.1 25.875 0.0249442
2.1 28.125 0.0236545
2.1 30.375 0.0341495
2.1 32.625 0.0286877
2.1 34.875 0.0244044
2.1 37.125 0.0327258
2.1 39.375 0.031163
2.1 41.625 0.0318357
2.1 43.875 0.031563
2.3 1.125 0.0100003
2.3 3.375 0.010403
2.3 5.625 0.0105556
2.3 7.875 0.0088368
2.3 10.125 0.0107837
2.3 12.375 0.0143513
2.3 14.625 0.014281
2.3 16.875 0.0105804
2.3 19.125 0.0144875
2.3 21.375 0.0153188
2.3 23.625 0.0138774
2.3 25.875 0.015715
2.3 28.125 0.016957
2.3 30.375 0.0203185
2.3 32.625 0.0186548
2.3 34.875 0.0200217
2.3 37.125 0.0194293
2.3 39.375 0.0224733
2.3 41.625 0.019844
2.3 43.875 0.0206703
2.5 1.125 0.0108101
2.5 3.375 0.00628493
2.5 5.625 0.00832844
2.5 7.875 0.00735297
2.5 10.125 0.0112647
2.5 12.375 0.00704075
2.5 14.625 0.00784402
2.5 16.875 0.010056
2.5 19.125 0.0125834
2.5 21.375 0.0084254
2.5 23.625 0.0104872
2.5 25.875 0.0108477
2.5 28.125 0.0134875
2.5 30.375 0.0114577
2.5 32.625 0.0131696
2.5 34.875 0.0157227
2.5 37.125 0.0154054
2.5 39.375 0.0143981
2.5 41.625 0.0140484
2.5 43.875 0.0161363
2.7 1.125 0.0115304
2.7 3.375 0.00645542
2.7 5.625 0.0099261
2.7 7.875 0.00933411
2.7 10.125 0.00771557
2.7 12.375 0.0113711
2.7 14.625 0.00932968
2.7 16.875 0.010917
2.7 19.125 0.00818546
2.7 21.375 0.00651914
2.7 23.625 0.0075266
2.7 25.875 0.00677285
2.7 28.125 0.00892222
2.7 30.375 0.0113527
2.7 32.625 0.0104277
2.7 34.875 0.00945714
2.7 37.125 0.0094891
2.7 39.375 0.0109547
2.7 41.625 0.00987903
2.7 43.875 0.010658
2.9 1.125 0.00646774
2.9 3.375 0.00910357
2.9 5.625 0.00848827
2.9 7.875 0.00796214
2.9 10.125 0.0174494
2.9 12.375 0.00819949
2.9 14.625 0.00478393
2.9 16.875 0.00672762
2.9 19.125 0.0088666
2.9 21.375 0.00962244
2.9 23.625 0.00801622
2.9 25.875 0.0080063
2.9 28.125 0.00697268
2.9 30.375 0.00690393
2.9 32.625 0.00641852
2.9 34.875 0.00942976
2.9 37.125 0.0064885
2.9 39.375 0.00837861
2.9 41.625 0.0077122
2.9 43.875 0.00816094
3.1 1.125 0.00705505
3.1 3.375 0.00520862
3.1 5.625 0.00501738
3.1 7.875 0.00636543
3.1 10.125 0.00846972
3.1 12.375 0.0105855
3.1 14.625 0.00909379
3.1 16.875 0.0108683
3.1 19.125 0.00868198
3.1 21.375 0.00955427
3.1 23.625 0.00791795
3.1 25.875 0.00566354
3.1 28.125 0.0061007
3.1 30.375 0.0056765
3.1 32.625 0.00640748
3.1 34.875 0.00563552
3.1 37.125 0.0061466
3.1 39.375 0.0048544
3.1 41.625 0.0060205
3.1 43.875 0.00624952
3.3 1.125 0.00752
3.3 3.375 0.0126796
3.3 5.625 0.00449198
3.3 7.875 0.010679
3.3 10.125 0.00453593
3.3 12.375 0.0114525
3.3 14.625 0.00444551
3.3 16.875 0.00722413
3.3 19.125 0.00552332
3.3 21.375 0.00548684
3.3 23.625 0.00699323
3.3 25.875 0.00848297
3.3 28.125 0.005147
3.3 30.375 0.00742359
3.3 32.625 0.00585767
3.3 34.875 0.00524671
3.3 37.125 0.00727898
3.3 39.375 0.00630196
3.3 41.625 0.00521283
3.3 43.875 0.00446076
3.5 1.125 0.0042788
3.5 3.375 0.00857344
3.5 5.625 0.00752459
3.5 7.875 0.00432659
3.5 10.125 0.00737714
3.5 12.375 0.0102395
3.5 14.625 0.00884256
3.5 16.875 0.0102647
3.5 19.125 0.00755264
3.5 21.375 0.0055555
3.5 23.625 0.00517781
3.5 25.875 0.00636018
3.5 28.125 0.00534534
3.5 30.375 0.00529604
3.5 32.625 0.0076155
3.5 34.875 0.00481006
3.5 37.125 0.00464151
3.5 39.375 0.00457417
3.5 41.625 0.00496462
3.5 43.875 0.00375269
3.7 1.125 0.00524767
3.7 3.375 0.00654405
3.7 5.625 0.00400289
3.7 7.875 0.00449582
3.7 10.125 0.006003
3.7 12.375 0.00789941
3.7 14.625 0.0105974
3.7 16.875 0.00675348
3.7 19.125 0.0047511
3.7 21.375 0.00543746
3.7 23.625 0.00822679
3.7 25.875 0.00533171
3.7 28.125 0.00437441
3.7 30.375 0.00393826
3.7 32.625 0.00570077
3.7 34.875 0.0045767
3.7 37.125 0.00486972
3.7 39.375 0.00398371
3.7 41.625 0.00382708
3.7 43.875 0.00367062
3.9 1.125 0.00392802
3.9 3.375 0.00721149
3.9 5.625 0.00373077
3.9 7.875 0.00863788
3.9 10.125 0.00399597
3.9 12.375 0.00631059
3.9 14.625 0.00470229
3.9 16.875 0.00572293
3.9 19.125 0.00539994
3.9 21.375 0.00504731
3.9 23.625 0.00654428
3.9 25.875 0.00454322
3.9 28.125 0.00464655
3.9 30.375 0.00373927
3.9 32.625 0.00564193
3.9 34.875 0.00464339
3.9 37.125 0.00435132
3.9 39.375 0.00379986
3.9 41.625 0.00527946
3.9 43.875 0.00414868
4.1 1.125 0.00399926
4.1 3.375 0.00404062
4.1 5.625 0.00390748
4.1 7.875 0.00861173
4.1 10.125 0.00892831
4.1 12.375 0.00524433
4.1 14.625 0.00400237
4.1 16.875 0.00581737
4.1 19.125 0.0069561
4.1 21.375 0.0043647
4.1 23.625 0.00469145
4.1 25.875 0.00407652
4.1 28.125 0.00364379
4.1 30.375 0.00405411
4.1 32.625 0.00390147
4.1 34.875 0.00336341
4.1 37.125 0.00332074
4.1 39.375 0.00376008
4.1 41.625 0.00383731
4.1 43.875 0.00344867
4.3 1.125 0.00401645
4.3 3.375 0.003294
4.3 5.625 0.0033712
4.3 7.875 0.00335483
4.3 10.125 0.00679318
4.3 12.375 0.00373681
4.3 14.625 0.00584672
4.3 16.875 0.00622344
4.3 19.125 0.00734727
4.3 21.375 0.00582629
4.3 23.625 0.00397993
4.3 25.875 0.00392202
4.3 28.125 0.00377841
4.3 30.375 0.00354726
4.3 32.625 0.00335701
4.3 34.875 0.00446456
4.3 37.125 0.0036725
4.3 39.375 0.00353766
4.3 41.625 0.0062023
4.3 43.875 0.00476662
4.5 1.125 0.00572971
4.5 3.375 0.00332894
4.5 5.625 0.00512869
4.5 7.875 0.00487015
4.5 10.125 0.00317798
4.5 12.375 0.00405
4.5 14.625 0.00321185
4.5 16.875 0.00348913
4.5 19.125 0.00338366
4.5 21.375 0.00369133
4.5 23.625 0.00421664
4.5 25.875 0.00664881
4.5 28.125 0.00379745
4.5 30.375 0.00343651
4.5 32.625 0.00476274
4.5 34.875 0.00348653
4.5 37.125 0.00400782
4.5 39.375 0.0030888
4.5 41.625 0.00660277
4.5 43.875 0.00383315
4.7 1.125 0.00261131
4.7 3.375 0.00281339
4.7 5.625 0.00282697
4.7 7.875 0.00303053
4.7 10.125 0.00288903
4.7 12.375 0.00254647
4.7 14.625 0.00355197
4.7 16.875 0.0040323
4.7 19.125 0.00348341
4.7 21.375 0.00464676
4.7 23.625 0.00454979
4.7 25.875 0.00349482
4.7 28.125 0.00339355
4.7 30.375 0.00417222
4.7 32.625 0.00529161
4.7 34.875 0.00544042
4.7 37.125 0.00346631
4.7 39.375 0.00362287
4.7 41.625 0.00296699
4.7 43.875 0.00383607
4.9 1.125 0.0046189
4.9 3.375 0.0051859
4.9 5.625 0.00468762
4.9 7.875 0.00699515
4.9 10.125 0.00301372
4.9 12.375 0.00576268
4.9 14.625 0.00379778
4.9 16.875 0.00318356
4.9 19.125 0.00284935
4.9 21.375 0.00272841
4.9 23.625 0.00307611
4.9 25.875 0.00325436
4.9 28.125 0.0028846
4.9 30.375 0.00286313
4.9 32.625 0.00311366
4.9 34.875 0.00347037
4.9 37.125 0.00276683
4.9 39.375 0.00308535
4.9 41.625 0.00892429
4.9 43.875 0.00344524
5.1 1.125 0.00301913
5.1 3.375 0.00326272
5.1 5.625 0.00553675
5.1 7.875 0.00532939
5.1 10.125 0.00287838
5.1 12.375 0.00297149
5.1 14.625 0.00624089
5.1 16.875 0.00295919
5.1 19.125 0.00313468
5.1 21.375 0.00285868
5.1 23.625 0.00312483
5.1 25.875 0.00322172
5.1 28.125 0.002884
5.1 30.375 0.00338519
5.1 32.625 0.00305656
5.1 34.875 0.00402613
5.1 37.125 0.0030435
5.1 39.375 0.00289124
5.1 41.625 0.00318588
5.1 43.875 0.0038516
5.3 1.125 0.00601357
5.3 3.375 0.00249762
5.3 5.625 0.00254967
5.3 7.875 0.00296879
5.3 10.125 0.00229405
5.3 12.375 0.00381076
5.3 14.625 0.00570551
5.3 16.875 0.00375874
5.3 19.125 0.0026586
5.3 21.375 0.00313605
5.3 23.625 0.00273979
5.3 25.875 0.00284438
5.3 28.125 0.0027458
5.3 30.375 0.00340277
5.3 32.625 0.00301477
5.3 34.875 0.00283084
5.3 37.125 0.00313788
5.3 39.375 0.00330691
5.3 41.625 0.00309141
5.3 43.875 0.00243815
5.5 1.125 0.00484377
5.5 3.375 0.00776768
5.5 5.625 0.00246346
5.5 7.875 0.00434596
5.5 10.125 0.00293846
5.5 12.375 0.00284011
5.5 14.625 0.00261145
5.5 16.875 0.00254909
5.5 19.125 0.0032746
5.5 21.375 0.0030889
5.5 23.625 0.00495604
5.5 25.875 0.00246973
5.5 28.125 0.00298595
5.5 30.375 0.00225981
5.5 32.625 0.00482515
5.5 34.875 0.00277486
5.5 37.125 0.00298177
5.5 39.375 0.00286219
5.5 41.625 0.00275795
5.5 43.875 0.00329902
5.7 1.125 0.00242588
5.7 3.375 0.00350172
5.7 5.625 0.00626024
5.7 7.875 0.0034496
5.7 10.125 0.00371948
5.7 12.375 0.00306643
5.7 14.625 0.00325364
5.7 16.875 0.00291504
5.7 19.125 0.00345509
5.7 21.375 0.00279388
5.7 23.625 0.00542505
5.7 25.875 0.00232493
5.7 28.125 0.00255581
5.7 30.375 0.00261096
5.7 32.625 0.00244584
5.7 34.875 0.00270856
5.7 37.125 0.00253747
5.7 39.375 0.00286203
5.7 41.625 0.00293718
5.7 43.875 0.00378552
5.9 1.125 0.00371132
5.9 3.375 0.00765515
5.9 5.625 0.00253432
5.9 7.875 0.00355222
5.9 10.125 0.002536
5.9 12.375 0.00224475
5.9 14.625 0.00362366
5.9 16.875 0.00346797
5.9 19.125 0.00236147
5.9 21.375 0.00351656
5.9 23.625 0.00313319
5.9 25.875 0.0024703
5.9 28.125 0.00232637
5.9 30.375 0.00245244
5.9 32.625 0.00414978
5.9 34.875 0.00234197
5.9 37.125 0.00295228
5.9 39.375 0.00508439
5.9 41.625 0.00278805
5.9 43.875 0.00317943
6.1 1.125 0.00288229
6.1 3.375 0.0021899
6.1 5.625 0.00333456
6.1 7.875 0.00326615
6.1 10.125 0.00292047
6.1 12.375 0.00285547
6.1 14.625 0.00255436
6.1 16.875 0.00225968
6.1 19.125 0.00281632
6.1 21.375 0.00604332
6.1 23.625 0.00304422
6.1 25.875 0.00278616
6.1 28.125 0.00247563
6.1 30.375 0.00818345
6.1 32.625 0.00363488
6.1 34.875 0.00280135
6.1 37.125 0.00321848
6.1 39.375 0.00251461
6.1 41.625 0.00300841
6.1 43.875 0.0027068
6.3 1.125 0.00567206
6.3 3.375 0.00264516
6.3 5.625 0.00254511
6.3 7.875 0.00758279
6.3 10.125 0.00245254
6.3 12.375 0.00321802
6.3 14.625 0.010377
6.3 16.875 0.00288114
6.3 19.125 0.00297308
6.3 21.375 0.00255743
6.3 23.625 0.00776414
6.3 25.875 0.00302981
6.3 28.125 0.00616464
6.3 30.375 0.00200365
6.3 32.625 0.00356541
6.3 34.875 0.00321573
6.3 37.125 0.00301019
6.3 39.375 0.00284935
6.3 41.625 0.00270718
6.3 43.875 0.00624545
6.5 1.125 0.00239399
6.5 3.375 0.00348227
6.5 5.625 0.00323767
6.5 7.875 0.00238358
6.5 10.125 0.00325722
6.5 12.375 0.00279624
6.5 14.625 0.00327149
6.5 16.875 0.00554359
6.5 19.125 0.00515711
6.5 21.375 0.0026915
6.5 23.625 0.00291828
6.5 25.875 0.00227673
6.5 28.125 0.00411746
6.5 30.375 0.00239468
6.5 32.625 0.00258436
6.5 34.875 0.00230112
6.5 37.125 0.00238195
6.5 39.375 0.00241296
6.5 41.625 0.00346302
6.5 43.875 0.00228131
6.7 1.125 0.0026081
6.7 3.375 0.00220156
6.7 5.625 0.00224238
6.7 7.875 0.00259444
6.7 10.125 0.00280488
6.7 12.375 0.0028995
6.7 14.625 0.00272691
6.7 16.875 0.00330524
6.7 19.125 0.00660547
6.7 21.375 0.00269065
6.7 23.625 0.00325892
6.7 25.875 0.0024725
6.7 28.125 0.0033852
6.7 30.375 0.00389706
6.7 32.625 0.00256545
6.7 34.875 0.0026949
6.7 37.125 0.00242757
6.7 39.375 0.00237364
6.7 41.625 0.0027967
6.7 43.875 0.00228866
6.9 1.125 0.00281646
6.9 3.375 0.0121733
6.9 5.625 0.00274205
6.9 7.875 0.00320988
6.9 10.125 0.00250105
6.9 12.375 0.00275208
6.9 14.625 0.00235949
6.9 16.875 0.00319262
6.9 19.125 0.00273825
6.9 21.375 0.00235368
6.9 23.625 0.00249117
6.9 25.875 0.00409391
6.9 28.125 0.002386
6.9 30.375 0.00269888
6.9 32.625 0.00314484
6.9 34.875 0.0026516
6.9 37.125 0.00332233
6.9 39.375 0.00270515
6.9 41.625 0.00202143
6.9 43.875 0.00448095
7.1 1.125 0.00239369
7.1 3.375 0.00242566
7.1 5.625 0.00246734
7.1 7.875 0.00633976
7.1 10.125 0.0031819
7.1 12.375 0.00256402
7.1 14.625 0.00252099
7.1 16.875 0.00264809
7.1 19.125 0.00457538
7.1 21.375 0.00255433
7.1 23.625 0.0024156
7.1 25.875 0.00184342
7.1 28.125 0.00547408
7.1 30.375 0.00625519
7.1 32.625 0.0023585
7.1 34.875 0.00291648
7.1 37.125 0.00197866
7.1 39.375 0.00278413
7.1 41.625 0.00223673
7.1 43.875 0.0026665
7.3 1.125 0.00258067
7.3 3.375 0.00516211
7.3 5.625 0.00277307
7.3 7.875 0.00316609
7.3 10.125 0.0031074
7.3 12.375 0.00217242
7.3 14.625 0.00286635
7.3 16.875 0.00318252
7.3 19.125 0.00634559
7.3 21.375 0.00747309
7.3 23.625 0.00266495
7.3 25.875 0.00276963
7.3 28.125 0.00253936
7.3 30.375 0.00267646
7.3 32.625 0.0030523
7.3 34.875 0.00304709
7.3 37.125 0.0024361
7.3 39.375 0.00288517
7.3 41.625 0.00383621
7.3 43.875 0.00256864
7.5 1.125 0.00300285
7.5 3.375 0.00242509
7.5 5.625 0.00891786
7.5 7.875 0.00304938
7.5 10.125 0.00311318
7.5 12.375 0.00389682
7.5 14.625 0.00252187
7.5 16.875 0.00259289
7.5 19.125 0.00231704
7.5 21.375 0.00273013
7.5 23.625 0.00298103
7.5 25.875 0.00442585
7.5 28.125 0.00180964
7.5 30.375 0.00233941
7.5 32.625 0.0106742
7.5 34.875 0.00270053
7.5 37.125 0.00228209
7.5 39.375 0.00240849
7.5 41.625 0.00223468
7.5 43.875 0.00215955
7.7 1.125 0.00262371
7.7 3.375 0.00289499
7.7 5.625 0.00244289
7.7 7.875 0.00238453
7.7 10.125 0.00200703
7.7 12.375 0.00631945
7.7 14.625 0.0022002
7.7 16.875 0.00259885
7.7 19.125 0.00270037
7.7 21.375 0.00246873
7.7 23.625 0.00270701
7.7 25.875 0.00478553
7.7 28.125 0.00275693
7.7 30.375 0.0024874
7.7 32.625 0.00372425
7.7 34.875 0.0031386
7.7 37.125 0.00202334
7.7 39.375 0.00259861
7.7 41.625 0.00247141
7.7 43.875 0.00220629
7.9 1.125 0.00463119
7.9 3.375 0.00223755
7.9 5.625 0.00296431
7.9 7.875 0.00378636
7.9 10.125 0.00259117
7.9 12.375 0.00328531
7.9 14.625 0.0029058
7.9 16.875 0.00639647
7.9 19.125 0.00277232
7.9 21.375 0.00257762
7.9 23.625 0.00813893
7.9 25.875 0.0020821
7.9 28.125 0.00222756
7.9 30.375 0.00241455
7.9 32.625 0.00367048
7.9 34.875 0.00213174
7.9 37.125 0.00211696
7.9 39.375 0.00260618
7.9 41.625 0.0024851
7.9 43.875 0.00214839
8.1 1.125 0.00310436
8.1 3.375 0.00192994
8.1 5.625 0.00187715
8.1 7.875 0.00502951
8.1 10.125 0.00179801
8.1 12.375 0.0022857
8.1 14.625 0.00238065
8.1 16.875 0.00471002
8.1 19.125 0.00224826
8.1 21.375 0.00292562
8.1 23.625 0.00172938
8.1 25.875 0.00274411
8.1 28.125 0.00227073
8.1 30.375 0.00263146
8.1 32.625 0.00254501
8.1 34.875 0.00207149
8.1 37.125 0.00291592
8.1 39.375 0.00355121
8.1 41.625 0.00174863
8.1 43.875 0.00223568
8.3 1.125 0.00171862
8.3 3.375 0.00412259
8.3 5.625 0.00189596
8.3 7.875 0.00277321
8.3 10.125 0.00315786
8.3 12.375 0.0160296
8.3 14.625 0.00352239
8.3 16.875 0.00947289
8.3 19.125 0.00226584
8.3 21.375 0.00185032
8.3 23.625 0.00198289
8.3 25.875 0.00275468
8.3 28.125 0.00249585
8.3 30.375 0.00190532
8.3 32.625 0.00175357
8.3 34.875 0.00195581
8.3 37.125 0.00766491
8.3 39.375 0.00256343
8.3 41.625 0.00214857
8.3 43.875 0.0126838
8.5 1.125 0.0040084
8.5 3.375 0.00633082
8.5 5.625 0.00367775
8.5 7.875 0.00197116
8.5 10.125 0.00234843
8.5 12.375 0.00187242
8.5 14.625 0.00292126
8.5 16.875 0.00314182
8.5 19.125 0.0026695
8.5 21.375 0.00269613
8.5 23.625 0.00117371
8.5 25.875 0.00236807
8.5 28.125 0.0165313
8.5 30.375 0.00195162
8.5 32.625 0.00302556
8.5 34.875 0.00178983
8.5 37.125 0.00301553
8.5 39.375 0.0041505
8.5 41.625 0.00242488
8.5 43.875 0.0115049
8.7 1.125 0.00305928
8.7 3.375 0.0029067
8.7 5.625 0.00398171
8.7 7.875 0.00199485
8.7 10.125 0.00267079
8.7 12.375 0.00283255
8.7 14.625 0.00279227
8.7 16.875 0.00294782
8.7 19.125 0.00309427
8.7 21.375 0.00265874
8.7 23.625 0.00352946
8.7 25.875 0.00330257
8.7 28.125 0.0022877
8.7 30.375 0.0020119
8.7 32.625 0.00194594
8.7 34.875 0.0028993
8.7 37.125 0.00166799
8.7 39.375 0.0019851
8.7 41.625 0.00287516
8.7 43.875 0.00207907
8.9 1.125 0.00366243
8.9 3.375 0.00314621
8.9 5.625 0.00210776
8.9 7.875 0.00237241
8.9 10.125 0.00314712
8.9 12.375 0.00232807
8.9 14.625 0.00196527
8.9 16.875 0.00189381
8.9 19.125 0.00309987
8.9 21.375 0.00172005
8.9 23.625 0.003004
8.9 25.875 0.00227222
8.9 28.125 0.00421337
8.9 30.375 0.00514739
8.9 32.625 0.00293148
8.9 34.875 0.00236295
8.9 37.125 0.00284754
8.9 39.375 0.00383759
8.9 41.625 0.00279838
8.9 43.875 0.00240166
9.1 1.125 0.00291333
9.1 3.375 0.00252449
9.1 5.625 0.00218455
9.1 7.875 0.00306856
9.1 10.125 0.00306039
9.1 12.375 0.00372055
9.1 14.625 0.0100079
9.1 16.875 0.00367307
9.1 19.125 0.00286504
9.1 21.375 0.00178567
9.1 23.625 0.00255837
9.1 25.875 0.00305043
9.1 28.125 0.00149244
9.1 30.375 0.00247342
9.1 32.625 0.00234745
9.1 34.875 0.00270028
9.1 37.125 0.00508432
9.1 39.375 0.00138847
9.1 41.625 0.00208987
9.1 43.875 0.0083767
9.3 1.125 0.00274746
9.3 3.375 0.00204923
9.3 5.625 0.00219692
9.3 7.875 0.0026282
9.3 10.125 0.00603739
9.3 12.375 0.0108778
9.3 14.625 0.00223067
9.3 16.875 0.00399564
9.3 19.125 0.00261489
9.3 21.375 0.00252804
9.3 23.625 0.00303505
9.3 25.875 0.00258645
9.3 28.125 0.0427638
9.3 30.375 0.00256195
9.3 32.625 0.00463337
9.3 34.875 0.00329492
9.3 37.125 0.00176392
9.3 39.375 0.00500057
9.3 41.625 0.0221612
9.3 43.875 0.00230878
9.5 1.125 0.00244114
9.5 3.375 0.00276345
9.5 5.625 0.00219166
9.5 7.875 0.00603204
9.5 10.125 0.00267794
9.5 12.375 0.00270371
9.5 14.625 0.0030987
9.5 16.875 0.0041737
9.5 19.125 0.00382621
9.5 21.375 0.00228339
9.5 23.625 0.00174723
9.5 25.875 0.00530835
9.5 28.125 0.00142133
9.5 30.375 0.0021894
9.5 32.625 0.00635453
9.5 34.875 0.00400743
9.5 37.125 0.00349877
9.5 39.375 0.0027893
9.5 41.625 0.00508716
9.5 43.875 0.00157999
9.7 1.125 0.00220408
9.7 3.375 0.00270883
9.7 5.625 0.00219394
9.7 7.875 0.0169195
9.7 10.125 0.00651878
9.7 12.375 0.00230678
9.7 14.625 0.00185252
9.7 16.875 0.00321725
9.7 19.125 0.00204967
9.7 21.375 0.0028647
9.7 23.625 0.00292872
9.7 25.875 0.0029552
9.7 28.125 0.00145298
9.7 30.375 0.00212998
9.7 32.625 0.00264127
9.7 34.875 0.00203835
9.7 37.125 0.00766075
9.7 39.375 0.00169656
9.7 41.625 0.00702712
9.7 43.875 0.0021643
9.9 1.125 0.0138555
9.9 3.375 0.00474977
9.9 5.625 0.00643674
9.9 7.875 0.00271324
9.9 10.125 0.0127125
9.9 12.375 0.00189471
9.9 14.625 0.00195393
9.9 16.875 0.0023635
9.9 19.125 0.00169959
9.9 21.375 0.00619465
9.9 23.625 0.00255785
9.9 25.875 0.00219384
9.9 28.125 0.00299718
9.9 30.375 0.00170278
9.9 32.625 0.0136517
9.9 34.875 0.00192374
9.9 37.125 0.00381572
9.9 39.375 0.00171829
9.9 41.625 0.0016166
9.9 43.875 0.0019511
10.1 1.125 0.0022592
10.1 3.375 0.00219167
10.1 5.625 0.00219956
10.1 7.875 0.00984708
10.1 10.125 0.00264117
10.1 12.375 0.00324876
10.1 14.625 0.00664822
10.1 16.875 0.00333476
10.1 19.125 0.00254876
10.1 21.375 0.00265689
10.1 23.625 0.00182709
10.1 25.875 0.00217138
10.1 28.125 0.00364551
10.1 30.375 0.00216594
10.1 34.875 0.0315123
10.1 37.125 0.00181057
10.1 41.625 0.00564417
10.1 43.875 0.00693616
10.3 1.125 0.00213471
10.3 3.375 0.00241014
10.3 5.625 0.00274782
10.3 7.875 0.00298904
10.3 10.125 0.00383452
10.3 12.375 0.00369438
10.3 14.625 0.00381041
10.3 16.875 0.00475965
10.3 19.125 0.00219728
10.3 21.375 0.00201813
10.3 23.625 0.00145776
10.3 25.875 0.00579217
10.3 28.125 0.00249367
10.3 30.375 0.0252775
10.3 32.625 0.00209541
10.3 34.875 0.00206887
10.3 37.125 0.00304842
10.3 39.375 0.00297262
10.3 41.625 0.00185057
10.3 43.875 0.00316945
10.5 1.125 0.00198756
10.5 3.375 0.00223511
10.5 5.625 0.00211326
10.5 7.875 0.0052801
10.5 10.125 0.00284341
10.5 12.375 0.00371871
10.5 14.625 0.00154554
10.5 16.875 0.00327598
10.5 19.125 0.00204996
10.5 21.375 0.00291055
10.5 23.625 0.00441972
10.5 25.875 0.00432023
10.5 28.125 0.00400931
10.5 30.375 0.00359319
10.5 32.625 0.0164931
10.5 34.875 0.00238917
10.5 39.375 0.00208679
10.5 41.625 0.00154374
10.5 43.875 0.00140696
10.7 1.125 0.00190763
10.7 3.375 0.00187788
10.7 5.625 0.0110579
10.7 7.875 0.00169589
10.7 10.125 0.0173722
10.7 12.375 0.00175527
10.7 14.625 0.00151094
10.7 16.875 0.0137596
10.7 19.125 0.00300141
10.7 21.375 0.00397779
10.7 23.625 0.00612726
10.7 25.875 0.00991531
10.7 28.125 0.00330567
10.7 30.375 0.00304849
10.7 32.625 0.00267323
10.7 34.875 0.00266317
10.7 37.125 0.00261739
10.7 39.375 0.00366155
10.7 41.625 0.00205531
10.7 43.875 0.00742596
10.9 1.125 0.00361746
10.9 3.375 0.00291404
10.9 5.625 0.00234425
10.9 7.875 0.00347878
10.9 10.125 0.0415035
10.9 12.375 0.00172004
10.9 14.625 0.0020524
10.9 16.875 0.00300591
10.9 19.125 0.00339005
10.9 21.375 0.00340246
10.9 23.625 0.00328028
10.9 25.875 0.00474542
10.9 28.125 0.00169052
10.9 30.375 0.00192271
10.9 32.625 0.0254405
10.9 34.875 0.00685897
10.9 37.125 0.0025105
10.9 43.875 0.0226131
11.1 1.125 0.00233214
11.1 3.375 0.00284497
11.1 5.625 0.0018529
11.1 7.875 0.00327546
11.1 10.125 0.00300275
11.1 12.375 0.00604673
11.1 14.625 0.0110994
11.1 16.875 0.00256736
11.1 19.125 0.00390689
11.1 23.625 0.00283289
11.1 25.875 0.0140394
11.1 28.125 0.00183133
11.1 30.375 0.00200244
11.1 32.625 0.00278318
11.1 34.875 0.00316066
11.1 39.375 0.00702596
11.1 41.625 0.00221214
11.1 43.875 0.00138436
11.3 1.125 0.0030269
11.3 3.375 0.00347226
11.3 5.625 0.00231653
11.3 10.125 0.00184951
11.3 12.375 0.0219852
11.3 16.875 0.00458332
11.3 19.125 0.00183822
11.3 23.625 0.00190247
11.3 25.875 0.00480451
11.3 30.375 0.00215793
11.3 32.625 0.00218436
11.3 34.875 0.00241937
11.3 39.375 0.00184515
11.3 41.625 0.00177928
11.3 43.875 0.0016233
11.5 1.125 0.00204645
11.5 3.375 0.00203011
11.5 5.625 0.00278112
11.5 7.875 0.00213961
11.5 10.125 0.00237188
11.5 12.375 0.00306846
11.5 14.625 0.00191959
11.5 16.875 0.00553679
11.5 19.125 0.00245303
11.5 21.375 0.00437926
11.5 23.625 0.00399309
11.5 25.875 0.00371837
11.5 30.375 0.00251673
11.5 32.625 0.00257382
11.5 37.125 0.0042525
11.5 41.625 0.00231634
11.5 43.875 0.00246621
11.7 1.125 0.00348053
11.7 3.375 0.0020291
11.7 5.625 0.00163275
11.7 7.875 0.00221843
11.7 10.125 0.00147067
11.7 12.375 0.00225761
11.7 14.625 0.00295188
11.7 19.125 0.00433618
11.7 21.375 0.00174676
11.7 23.625 0.0366906
11.7 25.875 0.00305679
11.7 30.375 0.00381829
11.7 34.875 0.00226742
11.7 37.125 0.0145985
11.7 41.625 0.00255512
11.9 1.125 0.00342477
11.9 3.375 0.00438238
11.9 5.625 0.00393934
11.9 7.875 0.00134355
11.9 10.125 0.00169787
11.9 12.375 0.0022962
11.9 14.625 0.00220548
11.9 16.875 0.00434458
11.9 19.125 0.00181684
11.9 21.375 0.00168795
11.9 23.625 0.00354979
11.9 25.875 0.00322314
11.9 28.125 0.00282026
11.9 34.875 0.00502235
11.9 43.875 0.0023125
12.1 1.125 0.00249608
12.1 3.375 0.0026742
12.1 7.875 0.00222195
12.1 10.125 0.0162103
12.1 12.375 0.00213453
12.1 14.625 0.00234324
12.1 16.875 0.00625202
12.1 19.125 0.00273895
12.1 21.375 0.0101921
12.1 23.625 0.00639193
12.1 25.875 0.00205338
12.1 32.625 0.00628973
12.1 34.875 0.00294024
12.1 37.125 0.00317656
12.1 39.375 0.00198399
12.3 1.125 0.00210395
12.3 3.375 0.0133003
12.3 5.625 0.00210595
12.3 7.875 0.00309513
12.3 10.125 0.00166423
12.3 12.375 0.00217436
12.3 14.625 0.00264795
12.3 16.875 0.00174386
12.3 19.125 0.00188263
12.3 21.375 0.00175616
12.3 23.625 0.00315553
12.3 25.875 0.00451815
12.3 30.375 0.000916031
12.3 32.625 0.00167307
12.3 37.125 0.00263883
12.3 39.375 0.00181832
12.3 41.625 0.00242343
12.3 43.875 0.00306308
12.5 1.125 0.00249927
12.5 3.375 0.00176027
12.5 7.875 0.0032451
12.5 10.125 0.00260687
12.5 12.375 0.00401169
12.5 14.625 0.00501711
12.5 16.875 0.00172892
12.5 19.125 0.00356414
12.5 23.625 0.00407905
12.5 25.875 0.00345461
12.5 37.125 0.00203196
12.5 41.625 0.00360277
12.7 1.125 0.00162952
12.7 3.375 0.00490021
12.7 7.875 0.00346754
12.7 12.375 0.00160156
12.7 14.625 0.00339597
12.7 19.125 0.00392988
12.7 23.625 0.00286107
12.7 25.875 0.00205785
12.7 30.375 0.00116718
12.7 32.625 0.00154717
12.7 34.875 0.0020681
12.9 1.125 0.00390667
12.9 3.375 0.00370903
12.9 7.875 0.00361199
12.9 10.125 0.00197646
12.9 12.375 0.0143853
12.9 14.625 0.0022203
12.9 19.125 0.00169227
12.9 21.375 0.00328157
12.9 23.625 0.0134157
12.9 25.875 0.00168653
13.1 1.125 0.00235786
13.1 3.375 0.00246199
13.1 5.625 0.0021437
13.1 7.875 0.0072134
13.1 10.125 0.00162225
13.1 12.375 0.00594118
13.1 14.625 0.00179228
13.1 16.875 0.0025138
13.1 19.125 0.00631212
13.1 21.375 0.00127039
13.1 28.125 0.00290141
13.1 32.625 0.00102052
13.1 37.125 0.00142392
13.1 39.375 0.00522183
13.1 43.875 0.00390316
13.3 1.125 0.0167426
13.3 3.375 0.00241473
13.3 5.625 0.00252077
13.3 7.875 0.00166225
13.3 16.875 0.00438843
13.3 19.125 0.0433708
13.3 25.875 0.007188
13.3 30.375 0.0198634
13.3 32.625 0.00246561
13.3 37.125 0.00174031
13.3 43.875 0.00204364
13.5 1.125 0.00287658
13.5 3.375 0.0112805
13.5 7.875 0.00419521
13.5 14.625 0.00157815
13.5 28.125 0.00391072
13.5 30.375 0.00203052
13.7 5.625 0.00179397
13.7 7.875 0.00413524
13.7 10.125 0.0460075
13.7 12.375 0.001353
13.7 14.625 0.00248057
13.7 16.875 0.00275438
13.7 32.625 0.00437711
13.7 34.875 0.00278542
13.7 37.125 0.00382244
13.7 39.375 0.00233156
13.9 1.125 0.00214212
13.9 3.375 0.0027797
13.9 5.625 0.00144774
13.9 7.875 0.00250105
13.9 10.125 0.00222679
13.9 19.125 0.00312048
13.9 25.875 0.00367973
13.9 43.875 0.00249361
