0.1 3.375 2.09654
0.1 5.625 3.28933
0.1 7.875 1.05009
0.1 10.125 1.63858
0.1 12.375 1.41157
0.1 14.625 2.31709
0.1 16.875 1.40171
0.1 19.125 2.36042
0.1 21.375 1.63693
0.1 23.625 2.2343
0.1 25.875 1.11078
0.1 28.125 2.89551
0.1 30.375 3.33656
0.1 32.625 2.89665
0.1 34.875 4.11279
0.1 37.125 4.13219
0.1 39.375 4.09859
0.1 43.875 4.11866
0.3 1.125 3.40565
0.3 3.375 3.29788
0.3 5.625 3.33868
0.3 7.875 3.3628
0.3 10.125 3.72888
0.3 12.375 4.07897
0.3 14.625 4.1324
0.3 16.875 3.91038
0.3 19.125 4.1263
0.3 21.375 4.11078
0.3 23.625 3.98036
0.3 25.875 3.91607
0.3 28.125 4.13338
0.3 30.375 4.12065
0.3 32.625 4.11505
0.3 34.875 4.03642
0.3 37.125 4.09422
0.3 39.375 3.94385
0.3 41.625 4.1233
0.3 43.875 4.1169
0.5 1.125 3.51326
0.5 3.375 3.17684
0.5 5.625 3.67255
0.5 7.875 3.92058
0.5 10.125 4.04213
0.5 12.375 3.77296
0.5 14.625 3.99564
0.5 16.875 3.93
0.5 19.125 3.96223
0.5 21.375 4.03599
0.5 23.625 4.00267
0.5 25.875 3.93524
0.5 28.125 4.01189
0.5 30.375 3.95036
0.5 32.625 3.89934
0.5 34.875 3.95251
0.5 37.125 3.88234
0.5 39.375 3.70834
0.5 41.625 3.63698
0.5 43.875 3.71375
0.7 1.125 3.54339
0.7 3.375 3.44
0.7 5.625 3.78536
0.7 7.875 3.83713
0.7 10.125 3.73625
0.7 12.375 3.82461
0.7 14.625 3.75779
0.7 16.875 3.76757
0.7 19.125 3.75592
0.7 21.375 3.87022
0.7 23.625 3.72317
0.7 25.875 3.81863
0.7 28.125 3.78989
0.7 30.375 3.85093
0.7 32.625 3.67903
0.7 34.875 3.81204
0.7 37.125 3.8072
0.7 39.375 3.80988
0.7 41.625 3.75013
0.7 43.875 3.51426
0.9 1.125 3.12114
0.9 3.375 3.33461
0.9 5.625 3.3903
0.9 7.875 3.37598
0.9 10.125 3.44701
0.9 12.375 3.45392
0.9 14.625 3.387
0.9 16.875 3.47204
0.9 19.125 3.50016
0.9 21.375 3.54067
0.9 23.625 3.38979
0.9 25.875 3.51878
0.9 28.125 3.57563
0.9 30.375 3.63515
0.9 32.625 3.6356
0.9 34.875 3.68214
0.9 37.125 3.62741
0.9 39.375 3.64598
0.9 41.625 3.58595
0.9 43.875 3.5743
1.1 1.125 2.43373
1.1 3.375 2.70129
1.1 5.625 2.66855
1.1 7.875 2.66116
1.1 10.125 2.76835
1.1 12.375 2.65061
1.1 14.625 2.73379
1.1 16.875 2.87457
1.1 19.125 2.68119
1.1 21.375 2.90862
1.1 23.625 2.97589
1.1 25.875 3.03212
1.1 28.125 3.14443
1.1 30.375 3.07377
1.1 32.625 3.25772
1.1 34.875 3.21341
1.1 37.125 3.32416
1.1 39.375 3.40599
1.1 41.625 3.42161
1.1 43.875 3.29804
1.3 1.125 1.66777
1.3 3.375 1.66305
1.3 5.625 1.70065
1.3 7.875 1.74362
1.3 10.125 1.75557
1.3 12.375 1.77147
1.3 14.625 1.83749
1.3 16.875 1.96301
1.3 19.125 1.9795
1.3 21.375 2.04325
1.3 23.625 2.10138
1.3 25.875 2.25278
1.3 28.125 2.42284
1.3 30.375 2.44455
1.3 32.625 2.47721
1.3 34.875 2.59198
1.3 37.125 2.66826
1.3 39.375 2.74646
1.3 41.625 2.74884
1.3 43.875 2.76618
1.5 1.125 0.844274
1.5 3.375 0.870707
1.5 5.625 0.865043
1.5 7.875 0.963862
1.5 10.125 0.974032
1.5 12.375 0.977922
1.5 14.625 1.03663
1.5 16.875 1.03398
1.5 19.125 1.11404
1.5 21.375 1.14251
1.5 23.625 1.1956
1.5 25.875 1.25847
1.5 28.125 1.41183
1.5 30.375 1.47915
1.5 32.625 1.63682
1.5 34.875 1.70431
1.5 37.125 1.7741
1.5 39.375 1.80962
1.5 41.625 1.95641
1.5 43.875 1.94522
1.7 1.125 0.447149
1.7 3.375 0.488688
1.7 5.625 0.511811
1.7 7.875 0.513906
1.7 10.125 0.519928
1.7 12.375 0.551389
1.7 14.625 0.532687
1.7 16.875 0.578445
1.7 19.125 0.60086
1.7 21.375 0.591447
1.7 23.625 0.622316
1.7 25.875 0.710418
1.7 28.125 0.685264
1.7 30.375 0.792769
1.7 32.625 0.913776
1.7 34.875 0.980389
1.7 37.125 0.967277
1.7 39.375 1.09017
1.7 41.625 1.19725
1.7 43.875 1.11782
1.9 1.125 0.261595
1.9 3.375 0.292295
1.9 5.625 0.309533
1.9 7.875 0.315741
1.9 10.125 0.327848
1.9 12.375 0.331771
1.9 14.625 0.340434
1.9 16.875 0.342291
1.9 19.125 0.333357
1.9 21.375 0.356746
1.9 23.625 0.35918
1.9 25.875 0.392297
1.9 28.125 0.391865
1.9 30.375 0.450623
1.9 32.625 0.523311
1.9 34.875 0.534265
1.9 37.125 0.553816
1.9 39.375 0.630483
1.9 41.625 0.605906
1.9 43.875 0.647961
2.1 1.125 0.173762
2.1 3.375 0.193236
2.1 5.625 0.219509
2.1 7.875 0.204767
2.1 10.125 0.205064
2.1 12.375 0.208029
2.1 14.625 0.212091
2.1 16.875 0.219556
2.1 19.125 0.23061
2.1 21.375 0.23008
2.1 23.625 0.234382
2.1 25.875 0.232611
2.1 28.125 0.257917
2.1 30.375 0.264404
2.1 32.625 0.291834
2.1 34.875 0.321135
2.1 37.125 0.347441
2.1 39.375 0.35093
2.1 41.625 0.384385
2.1 43.875 0.365527
2.3 1.125 0.118518
2.3 3.375 0.138414
2.3 5.625 0.136942
2.3 7.875 0.140189
2.3 10.125 0.148017
2.3 12.375 0.145908
2.3 14.625 0.15032
2.3 16.875 0.15307
2.3 19.125 0.154624
2.3 21.375 0.15716
2.3 23.625 0.156514
2.3 25.875 0.166418
2.3 28.125 0.171097
2.3 30.375 0.190449
2.3 32.625 0.199465
2.3 34.875 0.209345
2.3 37.125 0.219564
2.3 39.375 0.227963
2.3 41.625 0.221915
2.3 43.875 0.233839
2.5 1.125 0.0826317
2.5 3.375 0.104106
2.5 5.625 0.107314
2.5 7.875 0.110801
2.5 10.125 0.116579
2.5 12.375 0.100679
2.5 14.625 0.102428
2.5 16.875 0.106092
2.5 19.125 0.106484
2.5 21.375 0.10579
2.5 23.625 0.115298
2.5 25.875 0.137846
2.5 28.125 0.126745
2.5 30.375 0.133161
2.5 32.625 0.138379
2.5 34.875 0.145005
2.5 37.125 0.151182
2.5 39.375 0.149726
2.5 41.625 0.153576
2.5 43.875 0.146528
2.7 1.125 0.0765026
2.7 3.375 0.0789068
2.7 5.625 0.0823489
2.7 7.875 0.0812725
2.7 10.125 0.0785655
2.7 12.375 0.0780856
2.7 14.625 0.076905
2.7 16.875 0.0770185
2.7 19.125 0.0771002
2.7 21.375 0.0837071
2.7 23.625 0.0853635
2.7 25.875 0.0887996
2.7 28.125 0.0945014
2.7 30.375 0.0992052
2.7 32.625 0.100299
2.7 34.875 0.1033
2.7 37.125 0.115912
2.7 39.375 0.101946
2.7 41.625 0.101436
2.7 43.875 0.101327
2.9 1.125 0.0605837
2.9 3.375 0.0652631
2.9 5.625 0.0612516
2.9 7.875 0.05979
2.9 10.125 0.062618
2.9 12.375 0.062211
2.9 14.625 0.0643234
2.9 16.875 0.0625248
2.9 19.125 0.0640593
2.9 21.375 0.0624368
2.9 23.625 0.0677404
2.9 25.875 0.0684681
2.9 28.125 0.0737095
2.9 30.375 0.0760447
2.9 32.625 0.0720414
2.9 34.875 0.0757359
2.9 37.125 0.0726319
2.9 39.375 0.0709747
2.9 41.625 0.07587
2.9 43.875 0.0725413
3.1 1.125 0.0491185
3.1 3.375 0.0514316
3.1 5.625 0.048766
3.1 7.875 0.0502363
3.1 10.125 0.0523947
3.1 12.375 0.0504489
3.1 14.625 0.050178
3.1 16.875 0.0500556
3.1 19.125 0.0500244
3.1 21.375 0.0541262
3.1 23.625 0.0563694
3.1 25.875 0.0570235
3.1 28.125 0.0597046
3.1 30.375 0.0607099
3.1 32.625 0.0562944
3.1 34.875 0.0580235
3.1 37.125 0.0561583
3.1 39.375 0.0566996
3.1 41.625 0.056927
3.1 43.875 0.0538765
3.3 1.125 0.0397094
3.3 3.375 0.0408205
3.3 5.625 0.0414123
3.3 7.875 0.0415565
3.3 10.125 0.0406843
3.3 12.375 0.0387073
3.3 14.625 0.0396914
3.3 16.875 0.0401558
3.3 19.125 0.0412388
3.3 21.375 0.0437116
3.3 23.625 0.0440296
3.3 25.875 0.0450423
3.3 28.125 0.0477956
3.3 30.375 0.048258
3.3 32.625 0.0471508
3.3 34.875 0.0478308
3.3 37.125 0.0465617
3.3 39.375 0.0464553
3.3 41.625 0.0448964
3.3 43.875 0.0451868
3.5 1.125 0.0351056
3.5 3.375 0.0362953
3.5 5.625 0.0328045
3.5 7.875 0.0313887
3.5 10.125 0.0350997
3.5 12.375 0.0315382
3.5 14.625 0.0302954
3.5 16.875 0.0340749
3.5 19.125 0.033416
3.5 21.375 0.0339438
3.5 23.625 0.0374428
3.5 25.875 0.036935
3.5 28.125 0.0380917
3.5 30.375 0.0379773
3.5 32.625 0.0380913
3.5 34.875 0.0387639
3.5 37.125 0.0379235
3.5 39.375 0.0383217
3.5 41.625 0.04047
3.5 43.875 0.0357932
3.7 1.125 0.030885
3.7 3.375 0.0298379
3.7 5.625 0.0293687
3.7 7.875 0.0284256
3.7 10.125 0.0286472
3.7 12.375 0.0267467
3.7 14.625 0.0278103
3.7 16.875 0.0295153
3.7 19.125 0.028374
3.7 21.375 0.0296055
3.7 23.625 0.0309186
3.7 25.875 0.0311487
3.7 28.125 0.0301344
3.7 30.375 0.031846
3.7 32.625 0.0303698
3.7 34.875 0.0324349
3.7 37.125 0.0316628
3.7 39.375 0.031959
3.7 41.625 0.0328793
3.7 43.875 0.0312839
3.9 1.125 0.0335215
3.9 3.375 0.0255397
3.9 5.625 0.0269351
3.9 7.875 0.0241325
3.9 10.125 0.0251678
3.9 12.375 0.024488
3.9 14.625 0.0258384
3.9 16.875 0.0253417
3.9 19.125 0.0255346
3.9 21.375 0.0282488
3.9 23.625 0.0261734
3.9 25.875 0.0252431
3.9 28.125 0.0262589
3.9 30.375 0.0258186
3.9 32.625 0.0260995
3.9 34.875 0.0276825
3.9 37.125 0.0260031
3.9 39.375 0.0257921
3.9 41.625 0.02589
3.9 43.875 0.0254001
4.1 1.125 0.0206725
4.1 3.375 0.0280985
4.1 5.625 0.0202062
4.1 7.875 0.0209934
4.1 10.125 0.021985
4.1 12.375 0.0206233
4.1 14.625 0.0211192
4.1 16.875 0.022643
4.1 19.125 0.0231831
4.1 21.375 0.025063
4.1 23.625 0.0229857
4.1 25.875 0.0221161
4.1 28.125 0.0226723
4.1 30.375 0.0220964
4.1 32.625 0.0300471
4.1 34.875 0.0208605
4.1 37.125 0.0207142
4.1 39.375 0.0215514
4.1 41.625 0.0205874
4.1 43.875 0.0220617
4.3 1.125 0.0173338
4.3 3.375 0.0187366
4.3 5.625 0.0181139
4.3 7.875 0.0184761
4.3 10.125 0.0176872
4.3 12.375 0.0185653
4.3 14.625 0.0212487
4.3 16.875 0.0199505
4.3 19.125 0.0206184
4.3 21.375 0.0217198
4.3 23.625 0.0203111
4.3 25.875 0.0207156
4.3 28.125 0.0200034
4.3 30.375 0.0196833
4.3 32.625 0.0209736
4.3 34.875 0.0185199
4.3 37.125 0.0181763
4.3 39.375 0.0175307
4.3 41.625 0.0188896
4.3 43.875 0.0176401
4.5 1.125 0.0150344
4.5 3.375 0.0158164
4.5 5.625 0.0147439
4.5 7.875 0.0170673
4.5 10.125 0.0161599
4.5 12.375 0.0150343
4.5 14.625 0.0158427
4.5 16.875 0.017438
4.5 19.125 0.0174724
4.5 21.375 0.0175554
4.5 23.625 0.0164465
4.5 25.875 0.017701
4.5 28.125 0.0172891
4.5 30.375 0.0160753
4.5 32.625 0.0168674
4.5 34.875 0.0168992
4.5 37.125 0.0160538
4.5 39.375 0.0147642
4.5 41.625 0.0143518
4.5 43.875 0.0150072
4.7 1.125 0.0125335
4.7 3.375 0.0126853
4.7 5.625 0.0124762
4.7 7.875 0.0126847
4.7 10.125 0.0129053
4.7 12.375 0.0142951
4.7 14.625 0.0142042
4.7 16.875 0.0141915
4.7 19.125 0.0230255
4.7 21.375 0.0143766
4.7 23.625 0.0146133
4.7 25.875 0.014222
4.7 28.125 0.017739
4.7 30.375 0.0138499
4.7 32.625 0.0145972
4.7 34.875 0.0147144
4.7 37.125 0.0138546
4.7 39.375 0.0137549
4.7 41.625 0.0125161
4.7 43.875 0.011399
4.9 1.125 0.0109644
4.9 3.375 0.0113146
4.9 5.625 0.011224
4.9 7.875 0.0132183
4.9 10.125 0.0113462
4.9 12.375 0.0121748
4.9 14.625 0.0119517
4.9 16.875 0.0125095
4.9 19.125 0.0120904
4.9 21.375 0.0123086
4.9 23.625 0.0120943
4.9 25.875 0.0126513
4.9 28.125 0.0121568
4.9 30.375 0.011693
4.9 32.625 0.0119766
4.9 34.875 0.0124122
4.9 37.125 0.0119125
4.9 39.375 0.0113449
4.9 41.625 0.0114204
4.9 43.875 0.0108824
5.1 1.125 0.00977391
5.1 3.375 0.00980166
5.1 5.625 0.00946618
5.1 7.875 0.0100441
5.1 10.125 0.00898631
5.1 12.375 0.0105055
5.1 14.625 0.00998738
5.1 16.875 0.0105582
5.1 19.125 0.0161448
5.1 21.375 0.0108252
5.1 23.625 0.0108095
5.1 25.875 0.0104721
5.1 28.125 0.0096869
5.1 30.375 0.0114796
5.1 32.625 0.0102638
5.1 34.875 0.0107568
5.1 37.125 0.0106661
5.1 39.375 0.00970803
5.1 41.625 0.0100814
5.1 43.875 0.00962669
5.3 1.125 0.0128672
5.3 3.375 0.00834515
5.3 5.625 0.0134657
5.3 7.875 0.00908672
5.3 10.125 0.00875458
5.3 12.375 0.0088078
5.3 14.625 0.0091894
5.3 16.875 0.00962313
5.3 19.125 0.00937417
5.3 21.375 0.00949227
5.3 23.625 0.00969886
5.3 25.875 0.00861571
5.3 28.125 0.00918484
5.3 30.375 0.00966806
5.3 32.625 0.0087424
5.3 34.875 0.0142132
5.3 37.125 0.0092949
5.3 39.375 0.00859624
5.3 41.625 0.00858892
5.3 43.875 0.00936648
5.5 1.125 0.0073738
5.5 3.375 0.00725145
5.5 5.625 0.0127773
5.5 7.875 0.00733121
5.5 10.125 0.00733
5.5 12.375 0.00749546
5.5 14.625 0.00925449
5.5 16.875 0.00787686
5.5 19.125 0.00851058
5.5 21.375 0.00852454
5.5 23.625 0.00840547
5.5 25.875 0.00885136
5.5 28.125 0.00865809
5.5 30.375 0.00800949
5.5 32.625 0.00784555
5.5 34.875 0.00772676
5.5 37.125 0.00782961
5.5 39.375 0.00802158
5.5 41.625 0.00819599
5.5 43.875 0.00844795
5.7 1.125 0.00713033
5.7 3.375 0.00675115
5.7 5.625 0.00693223
5.7 7.875 0.0066196
5.7 10.125 0.00646966
5.7 12.375 0.0139609
5.7 14.625 0.00799143
5.7 16.875 0.0075742
5.7 19.125 0.00826615
5.7 21.375 0.00771155
5.7 23.625 0.00759328
5.7 25.875 0.0137862
5.7 28.125 0.00804029
5.7 30.375 0.00720297
5.7 32.625 0.0114146
5.7 34.875 0.00766261
5.7 37.125 0.00865219
5.7 39.375 0.00749126
5.7 41.625 0.00787404
5.7 43.875 0.00774954
5.9 1.125 0.012224
5.9 3.375 0.00554186
5.9 5.625 0.00638306
5.9 7.875 0.00584711
5.9 10.125 0.00594924
5.9 12.375 0.00605936
5.9 14.625 0.00651376
5.9 16.875 0.00668648
5.9 19.125 0.00845855
5.9 21.375 0.00699138
5.9 23.625 0.00647467
5.9 25.875 0.00951542
5.9 28.125 0.00662031
5.9 30.375 0.00665658
5.9 32.625 0.00595289
5.9 34.875 0.0106414
5.9 37.125 0.0099759
5.9 39.375 0.00666739
5.9 41.625 0.00683335
5.9 43.875 0.00659212
6.1 1.125 0.0125672
6.1 3.375 0.00574635
6.1 5.625 0.0145547
6.1 7.875 0.00549385
6.1 10.125 0.00538847
6.1 12.375 0.00511754
6.1 14.625 0.00606493
6.1 16.875 0.00564121
6.1 19.125 0.00606933
6.1 21.375 0.00613962
6.1 23.625 0.0063657
6.1 25.875 0.00555508
6.1 28.125 0.0063914
6.1 30.375 0.00543107
6.1 32.625 0.00554808
6.1 34.875 0.0062303
6.1 37.125 0.0126798
6.1 39.375 0.00583888
6.1 41.625 0.00583946
6.1 43.875 0.0114115
6.3 1.125 0.00638749
6.3 3.375 0.00545542
6.3 5.625 0.00493535
6.3 7.875 0.0124512
6.3 10.125 0.00527217
6.3 12.375 0.0108128
6.3 14.625 0.0062847
6.3 16.875 0.00567357
6.3 19.125 0.00551337
6.3 21.375 0.0148039
6.3 23.625 0.00554401
6.3 25.875 0.00545901
6.3 28.125 0.00790879
6.3 30.375 0.00486549
6.3 32.625 0.004865
6.3 34.875 0.00491134
6.3 37.125 0.00554459
6.3 39.375 0.00536125
6.3 41.625 0.00541791
6.3 43.875 0.00526509
6.5 1.125 0.0047474
6.5 3.375 0.00516292
6.5 5.625 0.00506966
6.5 7.875 0.00492733
6.5 10.125 0.00531295
6.5 12.375 0.00558898
6.5 14.625 0.00539028
6.5 16.875 0.00521972
6.5 19.125 0.0063127
6.5 21.375 0.00538022
6.5 23.625 0.005273
6.5 25.875 0.0057419
6.5 28.125 0.00450713
6.5 30.375 0.00451876
6.5 32.625 0.00465065
6.5 34.875 0.0096756
6.5 37.125 0.00503985
6.5 39.375 0.00509043
6.5 41.625 0.0106233
6.5 43.875 0.00495277
6.7 1.125 0.00571546
6.7 3.375 0.00446714
6.7 5.625 0.00831577
6.7 7.875 0.00465906
6.7 10.125 0.0127128
6.7 12.375 0.00519894
6.7 14.625 0.0048164
6.7 16.875 0.00499176
6.7 19.125 0.00895713
6.7 21.375 0.00578307
6.7 23.625 0.00459644
6.7 25.875 0.0042225
6.7 28.125 0.00410885
6.7 30.375 0.00446337
6.7 32.625 0.00474733
6.7 34.875 0.00480279
6.7 37.125 0.00886926
6.7 39.375 0.00474579
6.7 41.625 0.00464878
6.7 43.875 0.0049181
6.9 1.125 0.00439987
6.9 3.375 0.00438972
6.9 5.625 0.00487638
6.9 7.875 0.00462739
6.9 10.125 0.00434457
6.9 12.375 0.00500787
6.9 14.625 0.0042697
6.9 16.875 0.00479522
6.9 19.125 0.00477582
6.9 21.375 0.00437801
6.9 23.625 0.00411511
6.9 25.875 0.00442953
6.9 28.125 0.00457467
6.9 30.375 0.00384091
6.9 32.625 0.00406587
6.9 34.875 0.00433778
6.9 37.125 0.00532302
6.9 39.375 0.00431427
6.9 41.625 0.00464831
6.9 43.875 0.00515057
7.1 1.125 0.00404559
7.1 3.375 0.0038428
7.1 5.625 0.00400202
7.1 7.875 0.0045666
7.1 10.125 0.00407581
7.1 12.375 0.00420187
7.1 14.625 0.00438775
7.1 16.875 0.00453544
7.1 19.125 0.00505519
7.1 21.375 0.0111357
7.1 23.625 0.00392404
7.1 25.875 0.0041392
7.1 28.125 0.00381508
7.1 30.375 0.00372962
7.1 32.625 0.0164792
7.1 34.875 0.00388446
7.1 37.125 0.00381966
7.1 39.375 0.00542107
7.1 41.625 0.00412092
7.1 43.875 0.016556
7.3 1.125 0.00406195
7.3 3.375 0.0105824
7.3 5.625 0.00409076
7.3 7.875 0.00373825
7.3 10.125 0.00396474
7.3 12.375 0.00419733
7.3 14.625 0.0038738
7.3 16.875 0.0038574
7.3 19.125 0.00381986
7.3 21.375 0.0111876
7.3 23.625 0.00794128
7.3 25.875 0.00428898
7.3 28.125 0.00376177
7.3 30.375 0.00352402
7.3 32.625 0.00390481
7.3 34.875 0.00366531
7.3 37.125 0.00405087
7.3 39.375 0.00380438
7.3 41.625 0.00404202
7.3 43.875 0.00417034
7.5 1.125 0.00365105
7.5 3.375 0.00322379
7.5 5.625 0.00344073
7.5 7.875 0.0036552
7.5 10.125 0.00330627
7.5 12.375 0.00445558
7.5 14.625 0.00553515
7.5 16.875 0.00362215
7.5 19.125 0.00369324
7.5 21.375 0.00370791
7.5 23.625 0.00471377
7.5 25.875 0.0037222
7.5 28.125 0.00452425
7.5 30.375 0.00395591
7.5 32.625 0.00350139
7.5 34.875 0.00356442
7.5 37.125 0.00437062
7.5 39.375 0.00565147
7.5 41.625 0.00405802
7.5 43.875 0.00361255
7.7 1.125 0.00408262
7.7 3.375 0.00321326
7.7 5.625 0.00349708
7.7 7.875 0.00347876
7.7 10.125 0.00356443
7.7 12.375 0.0117029
7.7 14.625 0.00331096
7.7 16.875 0.00374611
7.7 19.125 0.00371278
7.7 21.375 0.00342856
7.7 23.625 0.00336754
7.7 25.875 0.00376209
7.7 28.125 0.00321647
7.7 30.375 0.00341966
7.7 32.625 0.00332824
7.7 34.875 0.00358656
7.7 37.125 0.00981718
7.7 39.375 0.00436299
7.7 41.625 0.00312956
7.7 43.875 0.00361409
7.9 1.125 0.0029286
7.9 3.375 0.0173573
7.9 5.625 0.00392442
7.9 7.875 0.0031552
7.9 10.125 0.00391979
7.9 12.375 0.00367922
7.9 14.625 0.00339576
7.9 16.875 0.00733127
7.9 19.125 0.00345366
7.9 21.375 0.00315901
7.9 23.625 0.0077675
7.9 25.875 0.00320188
7.9 28.125 0.0033916
7.9 30.375 0.00327339
7.9 32.625 0.00328745
7.9 34.875 0.00336586
7.9 37.125 0.00833986
7.9 39.375 0.00384205
7.9 41.625 0.00326161
7.9 43.875 0.00363178
8.1 1.125 0.00310946
8.1 3.375 0.00579236
8.1 5.625 0.00291064
8.1 7.875 0.00307765
8.1 10.125 0.00465063
8.1 12.375 0.0118698
8.1 14.625 0.00478789
8.1 16.875 0.00306512
8.1 19.125 0.00429168
8.1 21.375 0.00341043
8.1 23.625 0.00298084
8.1 25.875 0.00307224
8.1 28.125 0.00316326
8.1 30.375 0.00310177
8.1 32.625 0.00558008
8.1 34.875 0.0031845
8.1 37.125 0.00339986
8.1 39.375 0.00294997
8.1 41.625 0.00317464
8.1 43.875 0.00324111
8.3 1.125 0.00507721
8.3 3.375 0.00280234
8.3 5.625 0.0028496
8.3 7.875 0.00312594
8.3 10.125 0.00297415
8.3 12.375 0.00334159
8.3 14.625 0.00602747
8.3 16.875 0.00289996
8.3 19.125 0.00407365
8.3 21.375 0.00307167
8.3 23.625 0.00318808
8.3 25.875 0.0032869
8.3 28.125 0.00308724
8.3 30.375 0.00294225
8.3 32.625 0.0032762
8.3 34.875 0.00325204
8.3 37.125 0.00340725
8.3 39.375 0.0032468
8.3 41.625 0.00343679
8.3 43.875 0.00312186
8.5 1.125 0.0034624
8.5 3.375 0.0157468
8.5 5.625 0.00321482
8.5 7.875 0.0033484
8.5 10.125 0.00284785
8.5 12.375 0.00293
8.5 14.625 0.00301455
8.5 16.875 0.00419308
8.5 19.125 0.00469312
8.5 21.375 0.00784761
8.5 23.625 0.00301365
8.5 25.875 0.00744664
8.5 28.125 0.00307535
8.5 30.375 0.0056777
8.5 32.625 0.00290815
8.5 34.875 0.00299472
8.5 37.125 0.00300947
8.5 39.375 0.00677587
8.5 41.625 0.0138185
8.5 43.875 0.00311673
8.7 1.125 0.00314151
8.7 3.375 0.00308932
8.7 5.625 0.00437092
8.7 7.875 0.00276593
8.7 10.125 0.00325195
8.7 12.375 0.00303357
8.7 14.625 0.00320433
8.7 16.875 0.00297454
8.7 19.125 0.0110552
8.7 21.375 0.00278447
8.7 23.625 0.00285677
8.7 25.875 0.00283157
8.7 28.125 0.00727666
8.7 30.375 0.00293694
8.7 32.625 0.00320044
8.7 34.875 0.0136751
8.7 37.125 0.00273544
8.7 39.375 0.00336737
8.7 41.625 0.00272763
8.7 43.875 0.00269923
8.9 1.125 0.00320561
8.9 3.375 0.00281584
8.9 5.625 0.00281964
8.9 7.875 0.00371059
8.9 10.125 0.00295947
8.9 12.375 0.00273877
8.9 14.625 0.00421661
8.9 16.875 0.0151108
8.9 19.125 0.00352779
8.9 21.375 0.00268423
8.9 23.625 0.00377423
8.9 25.875 0.00299752
8.9 28.125 0.00264878
8.9 30.375 0.00262561
8.9 32.625 0.0082455
8.9 34.875 0.00419221
8.9 37.125 0.00272143
8.9 39.375 0.00267911
8.9 41.625 0.00244271
8.9 43.875 0.00260275
9.1 1.125 0.00306855
9.1 3.375 0.00285496
9.1 5.625 0.00289811
9.1 7.875 0.00315673
9.1 10.125 0.00289876
9.1 12.375 0.00282225
9.1 14.625 0.00250252
9.1 16.875 0.00254564
9.1 19.125 0.00271094
9.1 21.375 0.0026116
9.1 23.625 0.00279069
9.1 25.875 0.00266893
9.1 28.125 0.00788497
9.1 30.375 0.0038535
9.1 32.625 0.0044507
9.1 34.875 0.00320696
9.1 37.125 0.00315317
9.1 39.375 0.00310108
9.1 41.625 0.00289071
9.1 43.875 0.00260464
9.3 1.125 0.0027611
9.3 3.375 0.00279798
9.3 5.625 0.00244467
9.3 7.875 0.00255669
9.3 10.125 0.00288961
9.3 12.375 0.00296814
9.3 14.625 0.00272799
9.3 16.875 0.00269566
9.3 19.125 0.00259435
9.3 21.375 0.0026087
9.3 23.625 0.00272448
9.3 25.875 0.00284219
9.3 28.125 0.00270497
9.3 30.375 0.00260025
9.3 32.625 0.00270609
9.3 34.875 0.00258227
9.3 37.125 0.00292034
9.3 39.375 0.0028454
9.3 41.625 0.00292613
9.3 43.875 0.00279283
9.5 1.125 0.00263507
9.5 3.375 0.00265191
9.5 5.625 0.0191923
9.5 7.875 0.0033099
9.5 10.125 0.00256035
9.5 12.375 0.0026387
9.5 14.625 0.0143408
9.5 16.875 0.00270922
9.5 19.125 0.00276791
9.5 21.375 0.0028355
9.5 23.625 0.00285045
9.5 25.875 0.00255841
9.5 28.125 0.00260684
9.5 30.375 0.0033026
9.5 32.625 0.0033046
9.5 34.875 0.00240778
9.5 37.125 0.00296336
9.5 39.375 0.00269266
9.5 41.625 0.00276542
9.5 43.875 0.00272758
9.7 1.125 0.00236764
9.7 3.375 0.00285153
9.7 5.625 0.00323409
9.7 7.875 0.00246791
9.7 10.125 0.00264629
9.7 12.375 0.00243358
9.7 14.625 0.00924629
9.7 16.875 0.00253007
9.7 19.125 0.00302149
9.7 21.375 0.00328921
9.7 23.625 0.00229839
9.7 25.875 0.00244685
9.7 28.125 0.00278777
9.7 30.375 0.00238028
9.7 32.625 0.00289598
9.7 34.875 0.0098065
9.7 37.125 0.00228049
9.7 39.375 0.00249819
9.7 41.625 0.00261573
9.7 43.875 0.00297819
9.9 1.125 0.0184665
9.9 3.375 0.0178076
9.9 5.625 0.00285145
9.9 7.875 0.00401322
9.9 10.125 0.00255053
9.9 12.375 0.00272159
9.9 14.625 0.0025985
9.9 16.875 0.00230951
9.9 19.125 0.00262162
9.9 21.375 0.00247717
9.9 23.625 0.00288026
9.9 25.875 0.00272264
9.9 28.125 0.00416079
9.9 30.375 0.00441346
9.9 32.625 0.0024536
9.9 34.875 0.00301412
9.9 37.125 0.00223118
9.9 39.375 0.00316251
9.9 41.625 0.00953166
9.9 43.875 0.00290334
10.1 1.125 0.00282846
10.1 3.375 0.00248517
10.1 5.625 0.00296574
10.1 7.875 0.020252
10.1 10.125 0.00281673
10.1 12.375 0.00233161
10.1 14.625 0.00691987
10.1 16.875 0.0032695
10.1 19.125 0.00281195
10.1 21.375 0.00375804
10.1 23.625 0.00262239
10.1 25.875 0.00258775
10.1 28.125 0.00254612
10.1 30.375 0.00289528
10.1 32.625 0.00299841
10.1 34.875 0.00248729
10.1 37.125 0.00288568
10.1 39.375 0.00283176
10.1 41.625 0.00938153
10.1 43.875 0.00280715
10.3 1.125 0.00248963
10.3 3.375 0.00368442
10.3 5.625 0.00211128
10.3 7.875 0.00255794
10.3 10.125 0.00282077
10.3 12.375 0.00272651
10.3 14.625 0.00277443
10.3 16.875 0.0025984
10.3 19.125 0.00239432
10.3 21.375 0.00260934
10.3 23.625 0.00239182
10.3 25.875 0.00342987
10.3 28.125 0.00354457
10.3 30.375 0.00587505
10.3 32.625 0.0171511
10.3 34.875 0.00264829
10.3 37.125 0.0229264
10.3 39.375 0.0022582
10.3 41.625 0.00253066
10.3 43.875 0.0322501
10.5 1.125 0.00354722
10.5 3.375 0.00293513
10.5 5.625 0.00233241
10.5 7.875 0.00239036
10.5 10.125 0.0030942
10.5 12.375 0.0138185
10.5 14.625 0.00258099
10.5 16.875 0.00465115
10.5 19.125 0.00253979
10.5 21.375 0.00272165
10.5 23.625 0.00234968
10.5 25.875 0.00249422
10.5 28.125 0.0033115
10.5 30.375 0.00255105
10.5 32.625 0.00295776
10.5 34.875 0.00224954
10.5 37.125 0.00544401
10.5 39.375 0.00244875
10.5 41.625 0.0185254
10.5 43.875 0.0232473
10.7 1.125 0.00270049
10.7 3.375 0.00248599
10.7 5.625 0.00260078
10.7 7.875 0.00247321
10.7 10.125 0.00303184
10.7 12.375 0.00294715
10.7 14.625 0.00971664
10.7 16.875 0.00234983
10.7 19.125 0.00222845
10.7 21.375 0.00266221
10.7 23.625 0.00249614
10.7 25.875 0.00263219
10.7 28.125 0.00309716
10.7 30.375 0.0213037
10.7 32.625 0.0027901
10.7 34.875 0.00329961
10.7 37.125 0.00259126
10.7 39.375 0.00242273
10.7 41.625 0.00217197
10.7 43.875 0.00237572
10.9 1.125 0.0050174
10.9 3.375 0.00238857
10.9 5.625 0.00249132
10.9 7.875 0.00347586
10.9 10.125 0.00245241
10.9 12.375 0.00262401
10.9 14.625 0.00254593
10.9 16.875 0.0038239
10.9 19.125 0.00240514
10.9 21.375 0.0025381
10.9 23.625 0.00235816
10.9 25.875 0.00576336
10.9 28.125 0.0200893
10.9 30.375 0.00423177
10.9 32.625 0.00263646
10.9 34.875 0.00249696
10.9 37.125 0.00214011
10.9 39.375 0.00284506
10.9 41.625 0.0104326
10.9 43.875 0.0153879
11.1 1.125 0.00265762
11.1 3.375 0.0146048
11.1 5.625 0.00234021
11.1 7.875 0.00262972
11.1 10.125 0.00250904
11.1 12.375 0.002642
11.1 14.625 0.00231982
11.1 16.875 0.0043422
11.1 19.125 0.00222579
11.1 21.375 0.00249276
11.1 23.625 0.00219615
11.1 25.875 0.00299333
11.1 28.125 0.00300226
11.1 30.375 0.0027207
11.1 32.625 0.00222503
11.1 34.875 0.00218952
11.1 37.125 0.00248249
11.1 39.375 0.0022952
11.1 41.625 0.00232532
11.1 43.875 0.00222923
11.3 1.125 0.00247106
11.3 3.375 0.0023772
11.3 5.625 0.00249769
11.3 7.875 0.00605972
11.3 10.125 0.00189168
11.3 12.375 0.00276281
11.3 14.625 0.0240227
11.3 16.875 0.00272715
11.3 19.125 0.0104159
11.3 21.375 0.00223906
11.3 23.625 0.00267363
11.3 25.875 0.0289643
11.3 28.125 0.0232057
11.3 30.375 0.00232372
11.3 32.625 0.0303571
11.3 34.875 0.00229168
11.3 37.125 0.00246963
11.3 39.375 0.00254355
11.3 41.625 0.00263124
11.3 43.875 0.00249562
11.5 1.125 0.00294124
11.5 3.375 0.00773431
11.5 5.625 0.0021271
11.5 7.875 0.00353345
11.5 10.125 0.00343961
11.5 12.375 0.00368485
11.5 14.625 0.00847004
11.5 16.875 0.00218955
11.5 19.125 0.0545079
11.5 21.375 0.00242543
11.5 23.625 0.0026088
11.5 25.875 0.0249877
11.5 28.125 0.00228056
11.5 30.375 0.00205919
11.5 32.625 0.00237586
11.5 34.875 0.00239801
11.5 37.125 0.0479877
11.5 39.375 0.00322584
11.5 41.625 0.0420777
11.5 43.875 0.00215651
11.7 1.125 0.00247604
11.7 3.375 0.00245121
11.7 5.625 0.0338026
11.7 7.875 0.00214847
11.7 10.125 0.00275233
11.7 12.375 0.00276815
11.7 14.625 0.00212025
11.7 16.875 0.00218416
11.7 19.125 0.0017528
11.7 21.375 0.00237843
11.7 23.625 0.00262459
11.7 25.875 0.00276915
11.7 28.125 0.00451753
11.7 30.375 0.00229849
11.7 32.625 0.00231983
11.7 34.875 0.00241778
11.7 37.125 0.00221858
11.7 39.375 0.00456565
11.7 41.625 0.00235248
11.7 43.875 0.00219939
11.9 1.125 0.00204072
11.9 3.375 0.00226378
11.9 5.625 0.00984627
11.9 7.875 0.0024092
11.9 10.125 0.00203158
11.9 12.375 0.00360999
11.9 14.625 0.00667964
11.9 16.875 0.0391548
11.9 19.125 0.00301378
11.9 21.375 0.00250674
11.9 23.625 0.00287953
11.9 25.875 0.00225287
11.9 28.125 0.00377278
11.9 30.375 0.00254971
11.9 32.625 0.00246092
11.9 34.875 0.012858
11.9 37.125 0.00225538
11.9 39.375 0.00451246
11.9 41.625 0.00217668
11.9 43.875 0.00358764
12.1 1.125 0.00258614
12.1 3.375 0.00232788
12.1 5.625 0.0338635
12.1 7.875 0.00214386
12.1 10.125 0.00265313
12.1 12.375 0.00184485
12.1 14.625 0.0029797
12.1 16.875 0.00257826
12.1 19.125 0.00263568
12.1 21.375 0.0329826
12.1 23.625 0.00319177
12.1 25.875 0.00364856
12.1 28.125 0.00270703
12.1 30.375 0.00390996
12.1 32.625 0.00260089
12.1 34.875 0.00262577
12.1 37.125 0.0181656
12.1 39.375 0.00234884
12.1 41.625 0.00318227
12.1 43.875 0.00232178
12.3 1.125 0.0100836
12.3 3.375 0.00274817
12.3 5.625 0.00256781
12.3 7.875 0.0109276
12.3 10.125 0.00314983
12.3 12.375 0.00328326
12.3 14.625 0.00243492
12.3 16.875 0.0391055
12.3 19.125 0.00244103
12.3 21.375 0.00263202
12.3 23.625 0.00366195
12.3 25.875 0.00268394
12.3 28.125 0.0820698
12.3 30.375 0.0675823
12.3 32.625 0.0025453
12.3 34.875 0.002534
12.3 37.125 0.0161606
12.3 39.375 0.00382633
12.3 41.625 0.00677484
12.3 43.875 0.00303811
12.5 1.125 0.00207345
12.5 3.375 0.00225018
12.5 5.625 0.00298987
12.5 7.875 0.00228898
12.5 10.125 0.0379703
12.5 12.375 0.0060377
12.5 14.625 0.00240844
12.5 16.875 0.00305171
12.5 19.125 0.00234692
12.5 21.375 0.00223219
12.5 23.625 0.00340694
12.5 25.875 0.003152
12.5 28.125 0.00280232
12.5 30.375 0.00179063
12.5 32.625 0.00288259
12.5 34.875 0.00716234
12.5 37.125 0.0305119
12.5 39.375 0.00219006
12.5 41.625 0.00263054
12.5 43.875 0.00218359
12.7 1.125 0.00620745
12.7 3.375 0.00212667
12.7 5.625 0.00213994
12.7 7.875 0.0023955
12.7 10.125 0.00301268
12.7 12.375 0.0023446
12.7 14.625 0.00270154
12.7 16.875 0.00254599
12.7 19.125 0.00212257
12.7 21.375 0.00249449
12.7 23.625 0.00208718
12.7 25.875 0.00396368
12.7 28.125 0.0027821
12.7 30.375 0.00297613
12.7 32.625 0.0255361
12.7 34.875 0.0229851
12.7 37.125 0.00214812
12.7 39.375 0.00274439
12.7 41.625 0.00255213
12.7 43.875 0.00289301
12.9 1.125 0.0149717
12.9 3.375 0.00180856
12.9 5.625 0.00240524
12.9 7.875 0.00233735
12.9 10.125 0.0121806
12.9 12.375 0.00278878
12.9 14.625 0.00198058
12.9 16.875 0.00297439
12.9 19.125 0.00312992
12.9 21.375 0.00242887
12.9 23.625 0.00240612
12.9 25.875 0.00619929
12.9 28.125 0.00237152
12.9 30.375 0.00213412
12.9 32.625 0.00232816
12.9 34.875 0.00273572
12.9 37.125 0.00518792
12.9 39.375 0.00199565
12.9 41.625 0.00220728
12.9 43.875 0.00217713
13.1 1.125 0.00203966
13.1 3.375 0.00341268
13.1 5.625 0.00354273
13.1 7.875 0.00237316
13.1 10.125 0.0052718
13.1 12.375 0.0385459
13.1 14.625 0.00291179
13.1 16.875 0.00342421
13.1 19.125 0.00272029
13.1 21.375 0.00522626
13.1 23.625 0.00771203
13.1 25.875 0.002221
13.1 28.125 0.00310104
13.1 30.375 0.00333814
13.1 32.625 0.00216125
13.1 34.875 0.00412156
13.1 37.125 0.0138907
13.1 39.375 0.00274752
13.1 41.625 0.0250649
13.1 43.875 0.00311065
13.3 1.125 0.00364598
13.3 3.375 0.00222721
13.3 5.625 0.00359993
13.3 7.875 0.00250601
13.3 10.125 0.00257106
13.3 12.375 0.00250675
13.3 14.625 0.00239513
13.3 16.875 0.00254623
13.3 19.125 0.00238781
13.3 21.375 0.00331057
13.3 23.625 0.00411005
13.3 25.875 0.00236715
13.3 28.125 0.00304897
13.3 30.375 0.00287785
13.3 32.625 0.0017482
13.3 34.875 0.00227815
13.3 37.125 0.00200664
13.3 39.375 0.00241599
13.3 41.625 0.009048
13.3 43.875 0.0101724
13.5 1.125 0.00363628
13.5 3.375 0.0165156
13.5 5.625 0.00376774
13.5 7.875 0.0371241
13.5 10.125 0.00311688
13.5 12.375 0.00261251
13.5 14.625 0.00238249
13.5 16.875 0.00418472
13.5 19.125 0.00217958
13.5 21.375 0.00358819
13.5 23.625 0.00264741
13.5 25.875 0.00287638
13.5 28.125 0.0024304
13.5 30.375 0.00247663
13.5 32.625 0.00330187
13.5 34.875 0.00417307
13.5 37.125 0.0110091
13.5 39.375 0.00438812
13.5 41.625 0.0255983
13.5 43.875 0.00236402
13.7 1.125 0.00233804
13.7 3.375 0.00214183
13.7 5.625 0.00192273
13.7 7.875 0.00190243
13.7 10.125 0.047842
13.7 12.375 0.031098
13.7 14.625 0.00471609
13.7 16.875 0.00707353
13.7 19.125 0.00394386
13.7 21.375 0.0484499
13.7 23.625 0.00314967
13.7 25.875 0.0045042
13.7 28.125 0.00252797
13.7 30.375 0.00244061
13.7 32.625 0.0123625
13.7 34.875 0.00253203
13.7 37.125 0.00600949
13.7 39.375 0.00245933
13.7 41.625 0.00233477
13.7 43.875 0.00312151
13.9 1.125 0.00239856
13.9 3.375 0.0609759
13.9 5.625 0.0855762
13.9 7.875 0.00382939
13.9 10.125 0.0417803
13.9 12.375 0.0523229
13.9 14.625 0.00301732
13.9 16.875 0.00231411
13.9 19.125 0.0488516
13.9 21.375 0.01408
13.9 23.625 0.00303875
13.9 25.875 0.00203135
13.9 28.125 0.00286376
13.9 30.375 0.00226242
13.9 32.625 0.00187962
13.9 34.875 0.00250454
13.9 37.125 0.00283398
13.9 39.375 0.0023974
13.9 41.625 0.00451496
13.9 43.875 0.025342
