0.1 1.125 1.24242
0.1 5.625 1.24988
0.1 7.875 1.21308
0.1 12.375 1.2488
0.1 23.625 1.26181
0.1 25.875 1.21961
0.1 39.375 1.2523
0.1 43.875 1.23346
0.3 1.125 1.26843
0.3 3.375 1.25361
0.3 5.625 1.24842
0.3 7.875 1.23923
0.3 10.125 1.23575
0.3 12.375 1.23049
0.3 14.625 1.21342
0.3 16.875 1.23074
0.3 19.125 1.22178
0.3 21.375 1.24197
0.3 23.625 1.2429
0.3 25.875 1.20977
0.3 28.125 1.23939
0.3 30.375 1.23058
0.3 32.625 1.22569
0.3 34.875 1.23112
0.3 37.125 1.23011
0.3 39.375 1.23822
0.3 41.625 1.24126
0.3 43.875 1.22826
0.5 1.125 1.20517
0.5 3.375 1.21183
0.5 5.625 1.23109
0.5 7.875 1.2099
0.5 10.125 1.21051
0.5 12.375 1.21618
0.5 14.625 1.22876
0.5 16.875 1.18668
0.5 19.125 1.19652
0.5 21.375 1.21167
0.5 23.625 1.17917
0.5 25.875 1.19438
0.5 28.125 1.18377
0.5 30.375 1.1885
0.5 32.625 1.20173
0.5 34.875 1.19376
0.5 37.125 1.18129
0.5 39.375 1.18617
0.5 41.625 1.19301
0.5 43.875 1.18747
0.7 1.125 1.14011
0.7 3.375 1.1552
0.7 5.625 1.15374
0.7 7.875 1.14503
0.7 10.125 1.15479
0.7 12.375 1.15528
0.7 14.625 1.13788
0.7 16.875 1.15072
0.7 19.125 1.14412
0.7 21.375 1.12405
0.7 23.625 1.13549
0.7 25.875 1.13555
0.7 28.125 1.12323
0.7 30.375 1.13707
0.7 32.625 1.14776
0.7 34.875 1.13327
0.7 37.125 1.14551
0.7 39.375 1.1562
0.7 41.625 1.11674
0.7 43.875 1.11825
0.9 1.125 1.03775
0.9 3.375 0.994186
0.9 5.625 1.03813
0.9 7.875 0.995204
0.9 10.125 1.0094
0.9 12.375 1.03311
0.9 14.625 1.01581
0.9 16.875 1.04084
0.9 19.125 1.00788
0.9 21.375 1.0212
0.9 23.625 1.03526
0.9 25.875 1.04498
0.9 28.125 1.01574
0.9 30.375 1.04585
0.9 32.625 1.05244
0.9 34.875 1.07405
0.9 37.125 1.0674
0.9 39.375 1.07708
0.9 41.625 1.05935
0.9 43.875 1.06993
1.1 1.125 0.833744
1.1 3.375 0.801133
1.1 5.625 0.777477
1.1 7.875 0.808278
1.1 10.125 0.781069
1.1 12.375 0.827252
1.1 14.625 0.804081
1.1 16.875 0.761305
1.1 19.125 0.735058
1.1 21.375 0.869841
1.1 23.625 0.845421
1.1 25.875 0.850035
1.1 28.125 0.910127
1.1 30.375 0.917331
1.1 32.625 0.913511
1.1 34.875 0.944085
1.1 37.125 0.930948
1.1 39.375 0.939825
1.1 41.625 0.962521
1.1 43.875 0.992647
1.3 1.125 0.415614
1.3 3.375 0.435279
1.3 5.625 0.501042
1.3 7.875 0.48373
1.3 10.125 0.50639
1.3 12.375 0.489398
1.3 14.625 0.548748
1.3 16.875 0.595672
1.3 19.125 0.567182
1.3 21.375 0.597683
1.3 23.625 0.583481
1.3 25.875 0.623335
1.3 28.125 0.621395
1.3 30.375 0.662138
1.3 32.625 0.746224
1.3 34.875 0.700214
1.3 37.125 0.800313
1.3 39.375 0.795467
1.3 41.625 0.780203
1.3 43.875 0.820185
1.5 1.125 0.247048
1.5 3.375 0.256211
1.5 5.625 0.261694
1.5 7.875 0.234948
1.5 10.125 0.287869
1.5 12.375 0.289584
1.5 14.625 0.305336
1.5 16.875 0.321568
1.5 19.125 0.345061
1.5 21.375 0.301904
1.5 23.625 0.323062
1.5 25.875 0.369704
1.5 28.125 0.381275
1.5 30.375 0.345649
1.5 32.625 0.481777
1.5 34.875 0.480404
1.5 37.125 0.505617
1.5 39.375 0.489074
1.5 41.625 0.497678
1.5 43.875 0.540487
1.7 1.125 0.14435
1.7 3.375 0.147557
1.7 5.625 0.157035
1.7 7.875 0.150904
1.7 10.125 0.160823
1.7 12.375 0.179046
1.7 14.625 0.165199
1.7 16.875 0.16643
1.7 19.125 0.17339
1.7 21.375 0.191568
1.7 23.625 0.194318
1.7 25.875 0.194393
1.7 28.125 0.195986
1.7 30.375 0.228154
1.7 32.625 0.213525
1.7 34.875 0.260463
1.7 37.125 0.24069
1.7 39.375 0.330072
1.7 41.625 0.316547
1.7 43.875 0.286431
1.9 1.125 0.0820733
1.9 3.375 0.0893128
1.9 5.625 0.0929586
1.9 7.875 0.0943049
1.9 10.125 0.0960837
1.9 12.375 0.102181
1.9 14.625 0.0995406
1.9 16.875 0.109506
1.9 19.125 0.108192
1.9 21.375 0.107577
1.9 23.625 0.118751
1.9 25.875 0.116231
1.9 28.125 0.118067
1.9 30.375 0.124425
1.9 32.625 0.138859
1.9 34.875 0.14209
1.9 37.125 0.144759
1.9 39.375 0.15647
1.9 41.625 0.164731
1.9 43.875 0.154412
2.1 1.125 0.0560508
2.1 3.375 0.0590377
2.1 5.625 0.0601774
2.1 7.875 0.0609507
2.1 10.125 0.0678312
2.1 12.375 0.0657595
2.1 14.625 0.0682485
2.1 16.875 0.0744748
2.1 19.125 0.0673414
2.1 21.375 0.0688286
2.1 23.625 0.0738638
2.1 25.875 0.0748839
2.1 28.125 0.0819186
2.1 30.375 0.0833816
2.1 32.625 0.0942633
2.1 34.875 0.0957726
2.1 37.125 0.0963538
2.1 39.375 0.0993303
2.1 41.625 0.10747
2.1 43.875 0.10822
2.3 1.125 0.0407722
2.3 3.375 0.0389824
2.3 5.625 0.0422961
2.3 7.875 0.0387454
2.3 10.125 0.0382035
2.3 12.375 0.0458834
2.3 14.625 0.0401757
2.3 16.875 0.0436796
2.3 19.125 0.0468516
2.3 21.375 0.047641
2.3 23.625 0.0501507
2.3 25.875 0.0523253
2.3 28.125 0.050196
2.3 30.375 0.0509426
2.3 32.625 0.062196
2.3 34.875 0.0587716
2.3 37.125 0.0594019
2.3 39.375 0.0720512
2.3 41.625 0.0663059
2.3 43.875 0.0660193
2.5 1.125 0.0326779
2.5 3.375 0.0274462
2.5 5.625 0.0280623
2.5 7.875 0.0271327
2.5 10.125 0.0273337
2.5 12.375 0.0267975
2.5 14.625 0.0264497
2.5 16.875 0.0283714
2.5 19.125 0.0307541
2.5 21.375 0.0305942
2.5 23.625 0.0336305
2.5 25.875 0.0350767
2.5 28.125 0.0353947
2.5 30.375 0.0392197
2.5 32.625 0.043333
2.5 34.875 0.0436516
2.5 37.125 0.0421922
2.5 39.375 0.0421181
2.5 41.625 0.0439278
2.5 43.875 0.0445682
2.7 1.125 0.0223586
2.7 3.375 0.0233213
2.7 5.625 0.0239078
2.7 7.875 0.0236666
2.7 10.125 0.0230907
2.7 12.375 0.0214375
2.7 14.625 0.0218781
2.7 16.875 0.0222701
2.7 19.125 0.0227607
2.7 21.375 0.0232956
2.7 23.625 0.0238645
2.7 25.875 0.0264838
2.7 28.125 0.030193
2.7 30.375 0.0271681
2.7 32.625 0.0288489
2.7 34.875 0.0288318
2.7 37.125 0.0292053
2.7 39.375 0.0293158
2.7 41.625 0.0276607
2.7 43.875 0.0287457
2.9 1.125 0.0180286
2.9 3.375 0.0196426
2.9 5.625 0.0180283
2.9 7.875 0.0178256
2.9 10.125 0.0173811
2.9 12.375 0.0181173
2.9 14.625 0.0200125
2.9 16.875 0.0181455
2.9 19.125 0.0201395
2.9 21.375 0.0194773
2.9 23.625 0.019507
2.9 25.875 0.0217808
2.9 28.125 0.0199398
2.9 30.375 0.0202154
2.9 32.625 0.0205924
2.9 34.875 0.0210726
2.9 37.125 0.0215208
2.9 39.375 0.0220444
2.9 41.625 0.0227874
2.9 43.875 0.019411
3.1 1.125 0.0164808
3.1 3.375 0.0147869
3.1 5.625 0.0162114
3.1 7.875 0.0152475
3.1 10.125 0.0150078
3.1 12.375 0.0163305
3.1 14.625 0.0157309
3.1 16.875 0.015789
3.1 19.125 0.0160101
3.1 21.375 0.0166167
3.1 23.625 0.0156137
3.1 25.875 0.0171014
3.1 28.125 0.0175614
3.1 30.375 0.0206388
3.1 32.625 0.0177578
3.1 34.875 0.0180059
3.1 37.125 0.0165704
3.1 39.375 0.0171005
3.1 41.625 0.0179335
3.1 43.875 0.0172858
3.3 1.125 0.0131938
3.3 3.375 0.0120711
3.3 5.625 0.0118104
3.3 7.875 0.0129511
3.3 10.125 0.0139546
3.3 12.375 0.012881
3.3 14.625 0.0126186
3.3 16.875 0.0121284
3.3 19.125 0.0125166
3.3 21.375 0.0143983
3.3 23.625 0.0140925
3.3 25.875 0.0150843
3.3 28.125 0.0136211
3.3 30.375 0.0145171
3.3 32.625 0.0138096
3.3 34.875 0.0144732
3.3 37.125 0.015478
3.3 39.375 0.0160206
3.3 41.625 0.0136879
3.3 43.875 0.0162789
3.5 1.125 0.010273
3.5 3.375 0.0120749
3.5 5.625 0.0114328
3.5 7.875 0.0120435
3.5 10.125 0.0101761
3.5 12.375 0.0122747
3.5 14.625 0.011819
3.5 16.875 0.0127159
3.5 19.125 0.0127549
3.5 21.375 0.0128504
3.5 23.625 0.0121632
3.5 25.875 0.0118923
3.5 28.125 0.0105627
3.5 30.375 0.0129307
3.5 32.625 0.014055
3.5 34.875 0.0144833
3.5 37.125 0.0133913
3.5 39.375 0.0125771
3.5 41.625 0.014555
3.5 43.875 0.0124497
3.7 1.125 0.0110165
3.7 3.375 0.01097
3.7 5.625 0.0106544
3.7 7.875 0.0096223
3.7 10.125 0.0108309
3.7 12.375 0.00965888
3.7 14.625 0.00999843
3.7 16.875 0.00997076
3.7 19.125 0.0101363
3.7 21.375 0.0113875
3.7 23.625 0.014016
3.7 25.875 0.0124465
3.7 28.125 0.0109744
3.7 30.375 0.0106818
3.7 32.625 0.0105453
3.7 34.875 0.010287
3.7 37.125 0.0123513
3.7 39.375 0.011945
3.7 41.625 0.0122377
3.7 43.875 0.0118158
3.9 1.125 0.0108162
3.9 3.375 0.00936432
3.9 5.625 0.00959843
3.9 7.875 0.00932196
3.9 10.125 0.00904222
3.9 12.375 0.0105646
3.9 14.625 0.00909948
3.9 16.875 0.00884716
3.9 19.125 0.00971401
3.9 21.375 0.0113619
3.9 23.625 0.00979492
3.9 25.875 0.00901356
3.9 28.125 0.0110303
3.9 30.375 0.0104176
3.9 32.625 0.0109921
3.9 34.875 0.0099476
3.9 37.125 0.0103323
3.9 39.375 0.0101571
3.9 41.625 0.00996516
3.9 43.875 0.0102689
4.1 1.125 0.0086994
4.1 3.375 0.00961068
4.1 5.625 0.00911886
4.1 7.875 0.00981396
4.1 10.125 0.00958259
4.1 12.375 0.00970828
4.1 14.625 0.00963596
4.1 16.875 0.0099675
4.1 19.125 0.0103258
4.1 21.375 0.00931
4.1 23.625 0.00964089
4.1 25.875 0.00972355
4.1 28.125 0.00988411
4.1 30.375 0.00863437
4.1 32.625 0.00825813
4.1 34.875 0.00949422
4.1 37.125 0.0103569
4.1 39.375 0.00968684
4.1 41.625 0.0096304
4.1 43.875 0.00883796
4.3 1.125 0.00856346
4.3 3.375 0.00817013
4.3 5.625 0.00852234
4.3 7.875 0.00806355
4.3 10.125 0.00824033
4.3 12.375 0.00912077
4.3 14.625 0.00970466
4.3 16.875 0.00989284
4.3 19.125 0.0075649
4.3 21.375 0.00954315
4.3 23.625 0.0085505
4.3 25.875 0.00981713
4.3 28.125 0.00976368
4.3 30.375 0.00847887
4.3 32.625 0.00841143
4.3 34.875 0.00941951
4.3 37.125 0.00884277
4.3 39.375 0.00856809
4.3 41.625 0.00920777
4.3 43.875 0.00868346
4.5 1.125 0.00824315
4.5 3.375 0.00729166
4.5 5.625 0.00817339
4.5 7.875 0.00769576
4.5 10.125 0.00780741
4.5 12.375 0.00784745
4.5 14.625 0.00843377
4.5 16.875 0.00856313
4.5 19.125 0.00822973
4.5 21.375 0.00942801
4.5 23.625 0.00837582
4.5 25.875 0.00834977
4.5 28.125 0.00878405
4.5 30.375 0.00896701
4.5 32.625 0.00831367
4.5 34.875 0.0085756
4.5 37.125 0.00853525
4.5 39.375 0.00811834
4.5 41.625 0.00790909
4.5 43.875 0.00766654
4.7 1.125 0.00749622
4.7 3.375 0.00678628
4.7 5.625 0.00732606
4.7 7.875 0.00681091
4.7 10.125 0.00789853
4.7 12.375 0.00837099
4.7 14.625 0.00869741
4.7 16.875 0.00784605
4.7 19.125 0.00743413
4.7 21.375 0.00719676
4.7 23.625 0.00822395
4.7 25.875 0.0079503
4.7 28.125 0.00709025
4.7 30.375 0.00856447
4.7 32.625 0.00807455
4.7 34.875 0.00772136
4.7 37.125 0.0079429
4.7 39.375 0.00836478
4.7 41.625 0.00725365
4.7 43.875 0.00695967
4.9 1.125 0.00668604
4.9 3.375 0.00758012
4.9 5.625 0.00674006
4.9 7.875 0.00636435
4.9 10.125 0.00730831
4.9 12.375 0.00689716
4.9 14.625 0.00784817
4.9 16.875 0.00720364
4.9 19.125 0.0070904
4.9 21.375 0.00849499
4.9 23.625 0.00684822
4.9 25.875 0.00718928
4.9 28.125 0.00765489
4.9 30.375 0.00717332
4.9 32.625 0.00773736
4.9 34.875 0.00769215
4.9 37.125 0.00799515
4.9 39.375 0.00748227
4.9 41.625 0.00674089
4.9 43.875 0.00806172
5.1 1.125 0.0068446
5.1 3.375 0.00727009
5.1 5.625 0.00731155
5.1 7.875 0.00710572
5.1 10.125 0.00581795
5.1 12.375 0.00761383
5.1 14.625 0.00655392
5.1 16.875 0.00800554
5.1 19.125 0.00757387
5.1 21.375 0.0077279
5.1 23.625 0.00672873
5.1 25.875 0.00740841
5.1 28.125 0.00657492
5.1 30.375 0.00683058
5.1 32.625 0.00800201
5.1 34.875 0.00700416
5.1 37.125 0.00691002
5.1 39.375 0.00793613
5.1 41.625 0.00680688
5.1 43.875 0.00811019
5.3 1.125 0.00623674
5.3 3.375 0.00729415
5.3 5.625 0.00764484
5.3 7.875 0.00650816
5.3 10.125 0.00642736
5.3 12.375 0.00654661
5.3 14.625 0.00686064
5.3 16.875 0.00649121
5.3 19.125 0.00605232
5.3 21.375 0.00654485
5.3 23.625 0.0072688
5.3 25.875 0.00680965
5.3 28.125 0.0068985
5.3 30.375 0.00705397
5.3 32.625 0.00786365
5.3 34.875 0.0068841
5.3 37.125 0.00820873
5.3 39.375 0.00697019
5.3 41.625 0.00607507
5.3 43.875 0.00598977
5.5 1.125 0.00694384
5.5 3.375 0.00607198
5.5 5.625 0.00633374
5.5 7.875 0.00594071
5.5 10.125 0.00669377
5.5 12.375 0.00731488
5.5 14.625 0.00665081
5.5 16.875 0.00674568
5.5 19.125 0.00690153
5.5 21.375 0.00596245
5.5 23.625 0.00655919
5.5 25.875 0.00583071
5.5 28.125 0.00772708
5.5 30.375 0.00719993
5.5 32.625 0.0066011
5.5 34.875 0.00697416
5.5 37.125 0.00628771
5.5 39.375 0.00716051
5.5 41.625 0.00694782
5.5 43.875 0.00663133
5.7 1.125 0.00620229
5.7 3.375 0.00573981
5.7 5.625 0.00730591
5.7 7.875 0.00549474
5.7 10.125 0.00575914
5.7 12.375 0.00671572
5.7 14.625 0.00560473
5.7 16.875 0.00546122
5.7 19.125 0.00635942
5.7 21.375 0.00590251
5.7 23.625 0.00586661
5.7 25.875 0.00640193
5.7 28.125 0.00663718
5.7 30.375 0.0056217
5.7 32.625 0.0069022
5.7 34.875 0.00644722
5.7 37.125 0.00639529
5.7 39.375 0.00656406
5.7 41.625 0.0066095
5.7 43.875 0.0061094
5.9 1.125 0.00659219
5.9 3.375 0.00587227
5.9 5.625 0.00585923
5.9 7.875 0.00600391
5.9 10.125 0.00594574
5.9 12.375 0.00484288
5.9 14.625 0.0136664
5.9 16.875 0.00692079
5.9 19.125 0.0066507
5.9 21.375 0.0060141
5.9 23.625 0.00592115
5.9 25.875 0.0067826
5.9 28.125 0.00852514
5.9 30.375 0.00578142
5.9 32.625 0.0069064
5.9 34.875 0.0062984
5.9 37.125 0.00587765
5.9 39.375 0.00556242
5.9 41.625 0.00585494
5.9 43.875 0.00705393
6.1 1.125 0.00648957
6.1 3.375 0.00491488
6.1 5.625 0.00580074
6.1 7.875 0.00631782
6.1 10.125 0.0060837
6.1 12.375 0.00819543
6.1 14.625 0.00478376
6.1 16.875 0.00693188
6.1 19.125 0.00540826
6.1 21.375 0.0057742
6.1 23.625 0.00553858
6.1 25.875 0.00569364
6.1 28.125 0.00605273
6.1 30.375 0.00601327
6.1 32.625 0.00589483
6.1 34.875 0.00508984
6.1 37.125 0.00577464
6.1 39.375 0.00616634
6.1 41.625 0.0053013
6.1 43.875 0.00611931
6.3 1.125 0.00519757
6.3 3.375 0.00592975
6.3 5.625 0.00604714
6.3 7.875 0.00496428
6.3 10.125 0.00718924
6.3 12.375 0.00732526
6.3 14.625 0.00629163
6.3 16.875 0.00714681
6.3 19.125 0.00535795
6.3 21.375 0.00660622
6.3 23.625 0.00588343
6.3 25.875 0.00518862
6.3 28.125 0.00666533
6.3 30.375 0.00713703
6.3 32.625 0.00649901
6.3 34.875 0.00663387
6.3 37.125 0.00571577
6.3 39.375 0.00513055
6.3 41.625 0.0058698
6.3 43.875 0.00579996
6.5 1.125 0.00515879
6.5 3.375 0.00567371
6.5 5.625 0.00514567
6.5 7.875 0.00816949
6.5 10.125 0.00621793
6.5 12.375 0.00512374
6.5 14.625 0.00599819
6.5 16.875 0.00526529
6.5 19.125 0.00562136
6.5 21.375 0.00623657
6.5 23.625 0.00540065
6.5 25.875 0.00529998
6.5 28.125 0.00627521
6.5 30.375 0.00594809
6.5 32.625 0.00408642
6.5 34.875 0.00615897
6.5 37.125 0.00589185
6.5 39.375 0.0060606
6.5 41.625 0.00489886
6.5 43.875 0.00568238
6.7 1.125 0.00479729
6.7 3.375 0.00593119
6.7 5.625 0.00500395
6.7 7.875 0.00515386
6.7 10.125 0.00526038
6.7 12.375 0.00536466
6.7 14.625 0.00475352
6.7 16.875 0.00574522
6.7 19.125 0.00686365
6.7 21.375 0.00618841
6.7 23.625 0.00627618
6.7 25.875 0.00614424
6.7 28.125 0.0058415
6.7 30.375 0.00698073
6.7 32.625 0.00540429
6.7 34.875 0.00549845
6.7 37.125 0.00633053
6.7 39.375 0.00507568
6.7 41.625 0.00587955
6.7 43.875 0.0051368
6.9 1.125 0.00540788
6.9 3.375 0.0051808
6.9 5.625 0.00556047
6.9 7.875 0.00562604
6.9 10.125 0.00525528
6.9 12.375 0.0069884
6.9 14.625 0.00431291
6.9 16.875 0.00604372
6.9 19.125 0.00565446
6.9 21.375 0.00517824
6.9 23.625 0.00535389
6.9 25.875 0.00595877
6.9 28.125 0.00489591
6.9 30.375 0.00536558
6.9 32.625 0.00523095
6.9 34.875 0.00539654
6.9 37.125 0.00535647
6.9 39.375 0.00580205
6.9 41.625 0.00631393
6.9 43.875 0.00610391
7.1 1.125 0.00566292
7.1 3.375 0.00489456
7.1 5.625 0.00595821
7.1 7.875 0.00549316
7.1 10.125 0.00488003
7.1 12.375 0.00559745
7.1 14.625 0.00552094
7.1 16.875 0.00448785
7.1 19.125 0.00637111
7.1 21.375 0.00584831
7.1 23.625 0.00543973
7.1 25.875 0.00612124
7.1 28.125 0.00584179
7.1 30.375 0.00438547
7.1 32.625 0.0048077
7.1 34.875 0.00463818
7.1 37.125 0.00675683
7.1 39.375 0.00549292
7.1 41.625 0.00460983
7.1 43.875 0.00511506
7.3 1.125 0.0061153
7.3 3.375 0.00503717
7.3 5.625 0.00556995
7.3 7.875 0.00522997
7.3 10.125 0.00430239
7.3 12.375 0.00503755
7.3 14.625 0.00461503
7.3 16.875 0.00525713
7.3 19.125 0.00464602
7.3 21.375 0.0100774
7.3 23.625 0.0053476
7.3 25.875 0.00562714
7.3 28.125 0.00502247
7.3 30.375 0.00668868
7.3 32.625 0.00461576
7.3 34.875 0.00628551
7.3 37.125 0.00509029
7.3 39.375 0.00521422
7.3 41.625 0.00586368
7.3 43.875 0.00516169
7.5 1.125 0.00490986
7.5 3.375 0.00499098
7.5 5.625 0.00449611
7.5 7.875 0.00628805
7.5 10.125 0.00472661
7.5 12.375 0.00489762
7.5 14.625 0.00435254
7.5 16.875 0.00522808
7.5 19.125 0.00613187
7.5 21.375 0.00537742
7.5 23.625 0.00468017
7.5 25.875 0.00497305
7.5 28.125 0.00767771
7.5 30.375 0.00535673
7.5 32.625 0.00430209
7.5 34.875 0.00681933
7.5 37.125 0.00490264
7.5 39.375 0.00566715
7.5 41.625 0.00498783
7.5 43.875 0.00475156
7.7 1.125 0.0049591
7.7 3.375 0.00533976
7.7 5.625 0.00483315
7.7 7.875 0.00432165
7.7 10.125 0.00633828
7.7 12.375 0.00593612
7.7 14.625 0.00543352
7.7 16.875 0.00614839
7.7 19.125 0.00430658
7.7 21.375 0.00505755
7.7 23.625 0.00625681
7.7 25.875 0.00554205
7.7 28.125 0.00419651
7.7 30.375 0.00544515
7.7 32.625 0.00579099
7.7 34.875 0.00521537
7.7 37.125 0.00462235
7.7 39.375 0.00522061
7.7 41.625 0.0052796
7.7 43.875 0.00479393
7.9 1.125 0.00514331
7.9 3.375 0.00656001
7.9 5.625 0.00528154
7.9 7.875 0.0051339
7.9 10.125 0.00547615
7.9 12.375 0.00604386
7.9 14.625 0.00574205
7.9 16.875 0.00448887
7.9 19.125 0.00509558
7.9 21.375 0.0050437
7.9 23.625 0.00454596
7.9 25.875 0.00565274
7.9 28.125 0.00433052
7.9 30.375 0.0071662
7.9 32.625 0.00509912
7.9 34.875 0.00739514
7.9 37.125 0.00438096
7.9 39.375 0.00458198
7.9 41.625 0.00406714
7.9 43.875 0.0047379
8.1 1.125 0.00462872
8.1 3.375 0.00709912
8.1 5.625 0.00390972
8.1 7.875 0.00531085
8.1 10.125 0.00325011
8.1 12.375 0.00751346
8.1 14.625 0.00482608
8.1 16.875 0.00714597
8.1 19.125 0.00538094
8.1 21.375 0.00478444
8.1 23.625 0.00447064
8.1 25.875 0.0059908
8.1 28.125 0.00456142
8.1 30.375 0.00521606
8.1 32.625 0.00520886
8.1 34.875 0.00461287
8.1 37.125 0.00526595
8.1 39.375 0.00602506
8.1 43.875 0.00521351
8.3 1.125 0.00651768
8.3 3.375 0.00508167
8.3 5.625 0.00639678
8.3 7.875 0.00475098
8.3 10.125 0.00447097
8.3 12.375 0.00607298
8.3 14.625 0.00455594
8.3 16.875 0.00467949
8.3 19.125 0.00530978
8.3 21.375 0.00560109
8.3 23.625 0.0042435
8.3 25.875 0.0047111
8.3 28.125 0.00600028
8.3 30.375 0.0054455
8.3 32.625 0.00458732
8.3 34.875 0.00460244
8.3 37.125 0.00585865
8.3 39.375 0.00513458
8.3 41.625 0.00495429
8.3 43.875 0.00535376
8.5 3.375 0.00497128
8.5 5.625 0.00501697
8.5 10.125 0.00705986
8.5 12.375 0.00593826
8.5 16.875 0.0056673
8.5 19.125 0.00574598
8.5 21.375 0.0068724
8.5 23.625 0.00496102
8.5 25.875 0.00474181
8.5 28.125 0.00542809
8.5 30.375 0.00501995
8.5 32.625 0.00566345
8.5 34.875 0.00496873
8.5 37.125 0.00636839
8.5 39.375 0.00445041
8.5 41.625 0.00481778
8.5 43.875 0.0064408
8.7 1.125 0.00451224
8.7 3.375 0.0129621
8.7 5.625 0.00460341
8.7 10.125 0.00529319
8.7 12.375 0.00361056
8.7 14.625 0.00424881
8.7 16.875 0.00516152
8.7 19.125 0.00390256
8.7 21.375 0.00377368
8.7 23.625 0.00535065
8.7 25.875 0.00459622
8.7 28.125 0.00457361
8.7 30.375 0.00462546
8.7 32.625 0.00552163
8.7 34.875 0.00519229
8.7 37.125 0.00413116
8.7 39.375 0.00455499
8.7 41.625 0.00334455
8.7 43.875 0.00510871
8.9 1.125 0.00533982
8.9 3.375 0.00455251
8.9 5.625 0.00436171
8.9 7.875 0.00553676
8.9 10.125 0.00464222
8.9 12.375 0.00491005
8.9 14.625 0.00580147
8.9 16.875 0.00470209
8.9 19.125 0.00424019
8.9 21.375 0.00378838
8.9 23.625 0.00529975
8.9 25.875 0.00561156
8.9 28.125 0.00696021
8.9 30.375 0.00783231
8.9 32.625 0.00481453
8.9 34.875 0.0037523
8.9 37.125 0.00517918
8.9 39.375 0.00654642
8.9 41.625 0.00588985
9.1 1.125 0.00575522
9.1 5.625 0.00552039
9.1 7.875 0.00554583
9.1 10.125 0.00463379
9.1 12.375 0.00426232
9.1 14.625 0.00493747
9.1 16.875 0.00377385
9.1 19.125 0.00695145
9.1 23.625 0.00811393
9.1 25.875 0.00565423
9.1 28.125 0.00450139
9.1 30.375 0.00535298
9.1 32.625 0.00467226
9.1 34.875 0.00472361
9.1 37.125 0.00521136
9.1 39.375 0.00497815
9.1 41.625 0.00431939
9.1 43.875 0.00451901
9.3 1.125 0.00443519
9.3 3.375 0.00387234
9.3 5.625 0.00422818
9.3 7.875 0.00456328
9.3 12.375 0.00799167
9.3 14.625 0.00511316
9.3 16.875 0.00439584
9.3 19.125 0.00445053
9.3 21.375 0.00559927
9.3 23.625 0.00373448
9.3 25.875 0.00380156
9.3 30.375 0.00487035
9.3 32.625 0.00460284
9.3 34.875 0.00579628
9.3 37.125 0.00460335
9.3 39.375 0.0058701
9.3 41.625 0.00352212
9.3 43.875 0.00702795
9.5 1.125 0.0036995
9.5 3.375 0.0037536
9.5 5.625 0.00510973
9.5 10.125 0.00384419
9.5 12.375 0.00568333
9.5 14.625 0.00434965
9.5 16.875 0.00444653
9.5 19.125 0.00756812
9.5 25.875 0.00574666
9.5 28.125 0.00506637
9.5 30.375 0.00434941
9.5 32.625 0.00554325
9.5 34.875 0.00555414
9.5 37.125 0.0041739
9.5 39.375 0.00376674
9.5 41.625 0.00491426
9.5 43.875 0.00506359
9.7 1.125 0.0037638
9.7 7.875 0.00445187
9.7 10.125 0.00545474
9.7 12.375 0.00489216
9.7 16.875 0.00672627
9.7 19.125 0.00446508
9.7 21.375 0.00388681
9.7 23.625 0.00581707
9.7 25.875 0.00753546
9.7 28.125 0.00434181
9.7 30.375 0.00400447
9.7 37.125 0.00537587
9.7 39.375 0.00357637
9.7 41.625 0.00411225
9.7 43.875 0.0050409
9.9 1.125 0.00578394
9.9 5.625 0.00435665
9.9 10.125 0.00475553
9.9 12.375 0.00527031
9.9 14.625 0.00477001
9.9 21.375 0.00522785
9.9 23.625 0.00585904
9.9 28.125 0.0045398
9.9 32.625 0.00481136
9.9 34.875 0.00349854
9.9 37.125 0.0068179
9.9 39.375 0.00446469
9.9 43.875 0.00597811
10.1 7.875 0.00581418
10.1 10.125 0.00392113
10.1 12.375 0.00758111
10.1 14.625 0.00638291
10.1 16.875 0.00449228
10.1 19.125 0.00588526
10.1 21.375 0.00581962
10.1 23.625 0.00401733
10.1 25.875 0.0062351
10.1 30.375 0.00426105
10.1 32.625 0.00681736
10.1 37.125 0.0056644
10.1 41.625 0.00439841
10.3 3.375 0.00420608
10.3 10.125 0.00455019
10.3 14.625 0.00549545
10.3 19.125 0.00462588
10.3 25.875 0.00358663
10.3 28.125 0.00404333
10.3 30.375 0.00583107
10.3 34.875 0.00409219
10.3 43.875 0.00479371
10.5 12.375 0.0058198
10.5 19.125 0.00524143
10.5 21.375 0.00466048
10.5 23.625 0.0046777
10.5 25.875 0.00436568
10.5 43.875 0.0051966
10.7 1.125 0.00559587
10.7 16.875 0.00354972
10.7 19.125 0.00335661
10.7 25.875 0.00444637
10.7 32.625 0.00333905
10.7 34.875 0.00626484
10.7 41.625 0.00380688
10.7 43.875 0.00410055
10.9 3.375 0.00436642
10.9 23.625 0.00524724
10.9 39.375 0.00377209
10.9 41.625 0.00394122
11.1 16.875 0.00606054
11.1 41.625 0.00562002
11.3 10.125 0.00390038
11.3 19.125 0.00396057
11.3 41.625 0.0062724
11.5 28.125 0.00425193
11.5 34.875 0.00427275
11.5 41.625 0.00603705
11.7 7.875 0.0048374
11.7 23.625 0.00410614
11.7 32.625 0.00458898
11.9 10.125 0.00381127
12.1 39.375 0.00594967
12.3 7.875 0.00839294
12.5 10.125 0.0049554
12.5 23.625 0.00436592
12.9 7.875 0.00536223
