0.1 1.125 1.6382
0.1 3.375 1.61829
0.1 5.625 1.66811
0.1 7.875 1.66152
0.1 10.125 1.67207
0.1 12.375 1.34878
0.1 14.625 1.676
0.1 16.875 1.1679
0.1 19.125 1.62945
0.1 21.375 0.901493
0.1 23.625 0.889482
0.1 25.875 0.96732
0.1 28.125 1.42205
0.1 30.375 1.23156
0.1 32.625 1.42604
0.1 34.875 1.65697
0.1 37.125 1.60878
0.1 41.625 1.64532
0.1 43.875 1.67122
0.3 1.125 1.65401
0.3 3.375 1.52912
0.3 5.625 1.62971
0.3 7.875 1.61497
0.3 10.125 1.63678
0.3 12.375 1.63654
0.3 14.625 1.64527
0.3 16.875 1.64542
0.3 19.125 1.6265
0.3 21.375 1.64627
0.3 23.625 1.57688
0.3 25.875 1.61615
0.3 28.125 1.5509
0.3 30.375 1.58217
0.3 32.625 1.63785
0.3 34.875 1.6461
0.3 37.125 1.5554
0.3 39.375 1.65073
0.3 41.625 1.63432
0.3 43.875 1.64115
0.5 1.125 1.57141
0.5 3.375 1.54968
0.5 5.625 1.52083
0.5 7.875 1.60132
0.5 10.125 1.61354
0.5 12.375 1.57683
0.5 14.625 1.62758
0.5 16.875 1.61534
0.5 19.125 1.58215
0.5 21.375 1.58229
0.5 23.625 1.60921
0.5 25.875 1.61202
0.5 28.125 1.60868
0.5 30.375 1.60862
0.5 32.625 1.60641
0.5 34.875 1.61565
0.5 37.125 1.57524
0.5 39.375 1.60179
0.5 41.625 1.60475
0.5 43.875 1.57556
0.7 1.125 1.51216
0.7 3.375 1.4943
0.7 5.625 1.54202
0.7 7.875 1.53531
0.7 10.125 1.5423
0.7 12.375 1.50384
0.7 14.625 1.54821
0.7 16.875 1.51637
0.7 19.125 1.53533
0.7 21.375 1.5335
0.7 23.625 1.5266
0.7 25.875 1.53649
0.7 28.125 1.53471
0.7 30.375 1.54896
0.7 32.625 1.52142
0.7 34.875 1.54411
0.7 37.125 1.53595
0.7 39.375 1.5304
0.7 41.625 1.53429
0.7 43.875 1.54417
0.9 1.125 1.40838
0.9 3.375 1.37822
0.9 5.625 1.41134
0.9 7.875 1.41965
0.9 10.125 1.38765
0.9 12.375 1.41149
0.9 14.625 1.37271
0.9 16.875 1.39188
0.9 19.125 1.40041
0.9 21.375 1.40347
0.9 23.625 1.41519
0.9 25.875 1.40889
0.9 28.125 1.43447
0.9 30.375 1.41129
0.9 32.625 1.4298
0.9 34.875 1.44299
0.9 37.125 1.4511
0.9 39.375 1.452
0.9 41.625 1.45304
0.9 43.875 1.4779
1.1 1.125 1.05218
1.1 3.375 1.08543
1.1 5.625 1.08152
1.1 7.875 1.08381
1.1 10.125 1.11747
1.1 12.375 1.09495
1.1 14.625 1.12892
1.1 16.875 1.14352
1.1 19.125 1.15462
1.1 21.375 1.16429
1.1 23.625 1.17235
1.1 25.875 1.21576
1.1 28.125 1.25329
1.1 30.375 1.27058
1.1 32.625 1.29285
1.1 34.875 1.29977
1.1 37.125 1.31088
1.1 39.375 1.32305
1.1 41.625 1.33493
1.1 43.875 1.30316
1.3 1.125 0.696355
1.3 3.375 0.682483
1.3 5.625 0.686466
1.3 7.875 0.727859
1.3 10.125 0.715746
1.3 12.375 0.716961
1.3 14.625 0.720607
1.3 16.875 0.766466
1.3 19.125 0.806714
1.3 21.375 0.809002
1.3 23.625 0.857525
1.3 25.875 0.929118
1.3 28.125 0.916095
1.3 30.375 0.968749
1.3 32.625 0.997922
1.3 34.875 1.0374
1.3 37.125 1.05597
1.3 39.375 1.08132
1.3 41.625 1.13218
1.3 43.875 1.10901
1.5 1.125 0.360419
1.5 3.375 0.3441
1.5 5.625 0.371731
1.5 7.875 0.376933
1.5 10.125 0.393116
1.5 12.375 0.4038
1.5 14.625 0.440142
1.5 16.875 0.473916
1.5 19.125 0.458929
1.5 21.375 0.500704
1.5 23.625 0.487737
1.5 25.875 0.546341
1.5 28.125 0.55982
1.5 30.375 0.612575
1.5 32.625 0.699729
1.5 34.875 0.63967
1.5 37.125 0.68817
1.5 39.375 0.728839
1.5 41.625 0.768786
1.5 43.875 0.775109
1.7 1.125 0.190812
1.7 3.375 0.197746
1.7 5.625 0.215976
1.7 7.875 0.220184
1.7 10.125 0.228072
1.7 12.375 0.229012
1.7 14.625 0.244318
1.7 16.875 0.251966
1.7 19.125 0.234588
1.7 21.375 0.271283
1.7 23.625 0.298189
1.7 25.875 0.30145
1.7 28.125 0.291913
1.7 30.375 0.316421
1.7 32.625 0.356918
1.7 34.875 0.368712
1.7 37.125 0.418001
1.7 39.375 0.433448
1.7 41.625 0.45581
1.7 43.875 0.472623
1.9 1.125 0.122373
1.9 3.375 0.123125
1.9 5.625 0.123791
1.9 7.875 0.141886
1.9 10.125 0.138865
1.9 12.375 0.139147
1.9 14.625 0.146746
1.9 16.875 0.149309
1.9 19.125 0.146853
1.9 21.375 0.158324
1.9 23.625 0.1543
1.9 25.875 0.167647
1.9 28.125 0.170724
1.9 30.375 0.176447
1.9 32.625 0.194997
1.9 34.875 0.222548
1.9 37.125 0.23791
1.9 39.375 0.258819
1.9 41.625 0.266581
1.9 43.875 0.269026
2.1 1.125 0.0825163
2.1 3.375 0.0786185
2.1 5.625 0.0844358
2.1 7.875 0.0866819
2.1 10.125 0.0892906
2.1 12.375 0.093009
2.1 14.625 0.093319
2.1 16.875 0.0988462
2.1 19.125 0.0986057
2.1 21.375 0.103053
2.1 23.625 0.100606
2.1 25.875 0.102066
2.1 28.125 0.108366
2.1 30.375 0.118605
2.1 32.625 0.122076
2.1 34.875 0.140468
2.1 37.125 0.145071
2.1 39.375 0.151707
2.1 41.625 0.158743
2.1 43.875 0.156878
2.3 1.125 0.0553319
2.3 3.375 0.0592942
2.3 5.625 0.0604947
2.3 7.875 0.059122
2.3 10.125 0.0588775
2.3 12.375 0.0636283
2.3 14.625 0.0603549
2.3 16.875 0.0649708
2.3 19.125 0.0672531
2.3 21.375 0.0694548
2.3 23.625 0.0696928
2.3 25.875 0.0717763
2.3 28.125 0.0747328
2.3 30.375 0.0834357
2.3 32.625 0.0859371
2.3 34.875 0.0890789
2.3 37.125 0.093402
2.3 39.375 0.0916176
2.3 41.625 0.0982721
2.3 43.875 0.0979538
2.5 1.125 0.0404954
2.5 3.375 0.0457138
2.5 5.625 0.0397277
2.5 7.875 0.0437998
2.5 10.125 0.0385005
2.5 12.375 0.0390507
2.5 14.625 0.0398269
2.5 16.875 0.0418663
2.5 19.125 0.0407753
2.5 21.375 0.0426183
2.5 23.625 0.0472007
2.5 25.875 0.0496109
2.5 28.125 0.0530558
2.5 30.375 0.0596501
2.5 32.625 0.058428
2.5 34.875 0.0602813
2.5 37.125 0.0648576
2.5 39.375 0.0611516
2.5 41.625 0.0634154
2.5 43.875 0.0643474
2.7 1.125 0.0318853
2.7 3.375 0.0327818
2.7 5.625 0.0308378
2.7 7.875 0.0308786
2.7 10.125 0.030578
2.7 12.375 0.0300605
2.7 14.625 0.0298114
2.7 16.875 0.0314568
2.7 19.125 0.0290753
2.7 21.375 0.0316625
2.7 23.625 0.0325331
2.7 25.875 0.035867
2.7 28.125 0.0400338
2.7 30.375 0.0427693
2.7 32.625 0.0441642
2.7 34.875 0.0436679
2.7 37.125 0.0403168
2.7 39.375 0.0418255
2.7 41.625 0.0396579
2.7 43.875 0.0413348
2.9 1.125 0.0251737
2.9 3.375 0.0242109
2.9 5.625 0.0241543
2.9 7.875 0.0233756
2.9 10.125 0.0241218
2.9 12.375 0.0236027
2.9 14.625 0.0237876
2.9 16.875 0.0245546
2.9 19.125 0.0249109
2.9 21.375 0.0248997
2.9 23.625 0.0278608
2.9 25.875 0.0274157
2.9 28.125 0.0272419
2.9 30.375 0.0295289
2.9 32.625 0.0289302
2.9 34.875 0.0301899
2.9 37.125 0.0289111
2.9 39.375 0.0284046
2.9 41.625 0.0288234
2.9 43.875 0.0288915
3.1 1.125 0.0189734
3.1 3.375 0.0198673
3.1 5.625 0.0188263
3.1 7.875 0.0188501
3.1 10.125 0.0184723
3.1 12.375 0.0191223
3.1 14.625 0.0185096
3.1 16.875 0.0200252
3.1 19.125 0.0192262
3.1 21.375 0.0212104
3.1 23.625 0.0199263
3.1 25.875 0.0211474
3.1 28.125 0.0233123
3.1 30.375 0.0234751
3.1 32.625 0.0238848
3.1 34.875 0.0228536
3.1 37.125 0.022261
3.1 39.375 0.0238917
3.1 41.625 0.0238816
3.1 43.875 0.022688
3.3 1.125 0.0163657
3.3 3.375 0.0176468
3.3 5.625 0.016772
3.3 7.875 0.0157141
3.3 10.125 0.0155783
3.3 12.375 0.0148554
3.3 14.625 0.0155985
3.3 16.875 0.0164307
3.3 19.125 0.0169012
3.3 21.375 0.0172644
3.3 23.625 0.0179014
3.3 25.875 0.0182494
3.3 28.125 0.0183909
3.3 30.375 0.0188428
3.3 32.625 0.019866
3.3 34.875 0.0195134
3.3 37.125 0.0200764
3.3 39.375 0.0189968
3.3 41.625 0.0185003
3.3 43.875 0.0194445
3.5 1.125 0.0130236
3.5 3.375 0.013623
3.5 5.625 0.0134682
3.5 7.875 0.0133836
3.5 10.125 0.0132198
3.5 12.375 0.0127907
3.5 14.625 0.0129825
3.5 16.875 0.0137442
3.5 19.125 0.0148572
3.5 21.375 0.0142543
3.5 23.625 0.0138824
3.5 25.875 0.0153237
3.5 28.125 0.0148987
3.5 30.375 0.0158356
3.5 32.625 0.0163067
3.5 34.875 0.0158028
3.5 37.125 0.0157622
3.5 39.375 0.0154201
3.5 41.625 0.0164911
3.5 43.875 0.0152461
3.7 1.125 0.0128466
3.7 3.375 0.0116825
3.7 5.625 0.0119728
3.7 7.875 0.012019
3.7 10.125 0.0122196
3.7 12.375 0.0119612
3.7 14.625 0.0120966
3.7 16.875 0.0117308
3.7 19.125 0.0112449
3.7 21.375 0.0130875
3.7 23.625 0.0127034
3.7 25.875 0.0132621
3.7 28.125 0.0122487
3.7 30.375 0.012788
3.7 32.625 0.0132659
3.7 34.875 0.0133682
3.7 37.125 0.0140539
3.7 39.375 0.0130261
3.7 41.625 0.0133076
3.7 43.875 0.0122666
3.9 1.125 0.0108787
3.9 3.375 0.010415
3.9 5.625 0.00957336
3.9 7.875 0.010738
3.9 10.125 0.0110944
3.9 12.375 0.0107057
3.9 14.625 0.0109175
3.9 16.875 0.0102538
3.9 19.125 0.0110995
3.9 21.375 0.0111844
3.9 23.625 0.0104844
3.9 25.875 0.0106284
3.9 28.125 0.0110654
3.9 30.375 0.0103118
3.9 32.625 0.0114332
3.9 34.875 0.0107161
3.9 37.125 0.0113043
3.9 39.375 0.0107262
3.9 41.625 0.0109056
3.9 43.875 0.0106076
4.1 1.125 0.00924827
4.1 3.375 0.00921758
4.1 5.625 0.00895167
4.1 7.875 0.009336
4.1 10.125 0.00885295
4.1 12.375 0.00893795
4.1 14.625 0.0107533
4.1 16.875 0.011373
4.1 19.125 0.0107716
4.1 21.375 0.0105093
4.1 23.625 0.0101083
4.1 25.875 0.00952272
4.1 28.125 0.00938454
4.1 30.375 0.00923033
4.1 32.625 0.00883826
4.1 34.875 0.00918186
4.1 37.125 0.00920569
4.1 39.375 0.00922944
4.1 41.625 0.00912857
4.1 43.875 0.00897159
4.3 1.125 0.00781962
4.3 3.375 0.00777319
4.3 5.625 0.00779314
4.3 7.875 0.00749172
4.3 10.125 0.00825614
4.3 12.375 0.00772781
4.3 14.625 0.0119514
4.3 16.875 0.00884791
4.3 19.125 0.00981088
4.3 21.375 0.00921944
4.3 23.625 0.00849407
4.3 25.875 0.00887984
4.3 28.125 0.00943011
4.3 30.375 0.00870203
4.3 32.625 0.00894335
4.3 34.875 0.00799466
4.3 37.125 0.00745196
4.3 39.375 0.0079323
4.3 41.625 0.00752758
4.3 43.875 0.0076642
4.5 1.125 0.00727561
4.5 3.375 0.00728629
4.5 5.625 0.00700811
4.5 7.875 0.00778554
4.5 10.125 0.0064221
4.5 12.375 0.0106717
4.5 14.625 0.00702802
4.5 16.875 0.00764718
4.5 19.125 0.008044
4.5 21.375 0.00750925
4.5 23.625 0.00715811
4.5 25.875 0.00773239
4.5 28.125 0.0071558
4.5 30.375 0.0078234
4.5 32.625 0.00811303
4.5 34.875 0.00738454
4.5 37.125 0.00714473
4.5 39.375 0.00716392
4.5 41.625 0.00675684
4.5 43.875 0.00682234
4.7 1.125 0.00579943
4.7 3.375 0.00945598
4.7 5.625 0.00585251
4.7 7.875 0.00647324
4.7 10.125 0.00644893
4.7 12.375 0.00623328
4.7 14.625 0.00601828
4.7 16.875 0.00650828
4.7 19.125 0.00716682
4.7 21.375 0.00671064
4.7 23.625 0.00654041
4.7 25.875 0.00663172
4.7 28.125 0.0066586
4.7 30.375 0.00678137
4.7 32.625 0.00677623
4.7 34.875 0.00643747
4.7 37.125 0.00630067
4.7 39.375 0.00590609
4.7 41.625 0.00586049
4.7 43.875 0.0061969
4.9 1.125 0.00715838
4.9 3.375 0.00571413
4.9 5.625 0.0059216
4.9 7.875 0.00521811
4.9 10.125 0.00538497
4.9 12.375 0.0054142
4.9 14.625 0.00551677
4.9 16.875 0.00627742
4.9 19.125 0.00557962
4.9 21.375 0.00587925
4.9 23.625 0.005563
4.9 25.875 0.00592755
4.9 28.125 0.00614988
4.9 30.375 0.00595696
4.9 32.625 0.00543526
4.9 34.875 0.00569479
4.9 37.125 0.00547594
4.9 39.375 0.00551826
4.9 41.625 0.0054976
4.9 43.875 0.00522198
5.1 1.125 0.00474376
5.1 3.375 0.0051604
5.1 5.625 0.00511961
5.1 7.875 0.00473236
5.1 10.125 0.0045877
5.1 12.375 0.00494676
5.1 14.625 0.00523085
5.1 16.875 0.00513035
5.1 19.125 0.0054316
5.1 21.375 0.00549655
5.1 23.625 0.00541017
5.1 25.875 0.00546953
5.1 28.125 0.00528968
5.1 30.375 0.0048024
5.1 32.625 0.00555788
5.1 34.875 0.00537204
5.1 37.125 0.00538943
5.1 39.375 0.00501613
5.1 41.625 0.00547811
5.1 43.875 0.00490661
5.3 1.125 0.00432153
5.3 3.375 0.00470793
5.3 5.625 0.00446161
5.3 7.875 0.00468208
5.3 10.125 0.00450463
5.3 12.375 0.00487365
5.3 14.625 0.00473925
5.3 16.875 0.00503915
5.3 19.125 0.00492178
5.3 21.375 0.00464974
5.3 23.625 0.0050418
5.3 25.875 0.00775452
5.3 28.125 0.00459665
5.3 30.375 0.00518466
5.3 32.625 0.00471827
5.3 34.875 0.00516562
5.3 37.125 0.00517527
5.3 39.375 0.00472777
5.3 41.625 0.00506177
5.3 43.875 0.0044272
5.5 1.125 0.00402993
5.5 3.375 0.0043564
5.5 5.625 0.00393613
5.5 7.875 0.00398616
5.5 10.125 0.00431999
5.5 12.375 0.00445756
5.5 14.625 0.00435526
5.5 16.875 0.00423111
5.5 19.125 0.00426237
5.5 21.375 0.00455372
5.5 23.625 0.00462035
5.5 25.875 0.00467198
5.5 28.125 0.00410269
5.5 30.375 0.00419765
5.5 32.625 0.00454919
5.5 34.875 0.00454133
5.5 37.125 0.00442795
5.5 39.375 0.00554013
5.5 41.625 0.00416136
5.5 43.875 0.00478414
5.7 1.125 0.00380967
5.7 3.375 0.00414449
5.7 5.625 0.00397226
5.7 7.875 0.00393344
5.7 10.125 0.00411822
5.7 12.375 0.00397548
5.7 14.625 0.00427195
5.7 16.875 0.00424403
5.7 19.125 0.00412855
5.7 21.375 0.00423891
5.7 23.625 0.0042846
5.7 25.875 0.0042007
5.7 28.125 0.00441035
5.7 30.375 0.00429021
5.7 32.625 0.00431095
5.7 34.875 0.00399948
5.7 37.125 0.00386149
5.7 39.375 0.00401435
5.7 41.625 0.00444923
5.7 43.875 0.00414198
5.9 1.125 0.00378009
5.9 3.375 0.00396502
5.9 5.625 0.00369149
5.9 7.875 0.00412156
5.9 10.125 0.00625465
5.9 12.375 0.00527152
5.9 14.625 0.00389246
5.9 16.875 0.00365978
5.9 19.125 0.00365478
5.9 21.375 0.00377162
5.9 23.625 0.0039698
5.9 25.875 0.00401496
5.9 28.125 0.00416574
5.9 30.375 0.00364401
5.9 32.625 0.00387057
5.9 34.875 0.00392322
5.9 37.125 0.00374699
5.9 39.375 0.00375717
5.9 41.625 0.00400249
5.9 43.875 0.0037943
6.1 1.125 0.00336846
6.1 3.375 0.00347877
6.1 5.625 0.0037251
6.1 7.875 0.00337459
6.1 10.125 0.0036623
6.1 12.375 0.00313204
6.1 14.625 0.00775066
6.1 16.875 0.0036574
6.1 19.125 0.00390427
6.1 21.375 0.00351258
6.1 23.625 0.00354204
6.1 25.875 0.00692965
6.1 28.125 0.00426236
6.1 30.375 0.00366567
6.1 32.625 0.0035718
6.1 34.875 0.00353423
6.1 37.125 0.00359322
6.1 39.375 0.00339628
6.1 41.625 0.00388519
6.1 43.875 0.003829
6.3 1.125 0.00362742
6.3 3.375 0.00356642
6.3 5.625 0.00325505
6.3 7.875 0.00346333
6.3 10.125 0.00362677
6.3 12.375 0.00389283
6.3 14.625 0.00371893
6.3 16.875 0.00332334
6.3 19.125 0.0032799
6.3 21.375 0.00356574
6.3 23.625 0.00334437
6.3 25.875 0.00360082
6.3 28.125 0.00333164
6.3 30.375 0.00328464
6.3 32.625 0.00330709
6.3 34.875 0.00355931
6.3 37.125 0.00320185
6.3 39.375 0.00341017
6.3 41.625 0.00342996
6.3 43.875 0.00366522
6.5 1.125 0.00301852
6.5 3.375 0.00311306
6.5 5.625 0.00338077
6.5 7.875 0.00344257
6.5 10.125 0.00332845
6.5 12.375 0.00349205
6.5 14.625 0.00324706
6.5 16.875 0.00324082
6.5 19.125 0.00340748
6.5 21.375 0.00337399
6.5 23.625 0.00309914
6.5 25.875 0.00356492
6.5 28.125 0.00343565
6.5 30.375 0.00310612
6.5 32.625 0.00331472
6.5 34.875 0.00388663
6.5 37.125 0.00339202
6.5 39.375 0.0035952
6.5 41.625 0.00328618
6.5 43.875 0.00336054
6.7 1.125 0.00297729
6.7 3.375 0.00305236
6.7 5.625 0.00316237
6.7 7.875 0.00343183
6.7 10.125 0.00286886
6.7 12.375 0.00344024
6.7 14.625 0.00359208
6.7 16.875 0.00324829
6.7 19.125 0.00317188
6.7 21.375 0.00312819
6.7 23.625 0.00340958
6.7 25.875 0.00311295
6.7 28.125 0.00324571
6.7 30.375 0.00316105
6.7 32.625 0.0029937
6.7 34.875 0.00315311
6.7 37.125 0.00334842
6.7 39.375 0.00316165
6.7 41.625 0.00305417
6.7 43.875 0.00352884
6.9 1.125 0.00294454
6.9 3.375 0.0030418
6.9 5.625 0.0050617
6.9 7.875 0.00336277
6.9 10.125 0.00322508
6.9 12.375 0.00346653
6.9 14.625 0.0032024
6.9 16.875 0.00292505
6.9 19.125 0.00330862
6.9 21.375 0.00310008
6.9 23.625 0.00277898
6.9 25.875 0.00291597
6.9 28.125 0.00310491
6.9 30.375 0.0030416
6.9 32.625 0.00278026
6.9 34.875 0.00313588
6.9 37.125 0.00278146
6.9 39.375 0.003138
6.9 41.625 0.00314226
6.9 43.875 0.00346923
7.1 1.125 0.00308612
7.1 3.375 0.00266823
7.1 5.625 0.00285188
7.1 7.875 0.00297234
7.1 10.125 0.00305606
7.1 12.375 0.00315508
7.1 14.625 0.00325269
7.1 16.875 0.0075016
7.1 19.125 0.00308077
7.1 21.375 0.00659799
7.1 23.625 0.00280486
7.1 25.875 0.00273611
7.1 28.125 0.0029916
7.1 30.375 0.00305343
7.1 32.625 0.00284921
7.1 34.875 0.0029354
7.1 37.125 0.00298017
7.1 39.375 0.00323923
7.1 41.625 0.0029787
7.1 43.875 0.00298943
7.3 1.125 0.00298154
7.3 3.375 0.00305052
7.3 5.625 0.00278365
7.3 7.875 0.00295797
7.3 10.125 0.00281253
7.3 12.375 0.00294247
7.3 14.625 0.00296508
7.3 16.875 0.00286595
7.3 19.125 0.00314021
7.3 21.375 0.00315345
7.3 23.625 0.00294758
7.3 25.875 0.00291127
7.3 28.125 0.00303297
7.3 30.375 0.00271875
7.3 32.625 0.00281618
7.3 34.875 0.00372793
7.3 37.125 0.00309214
7.3 39.375 0.00272939
7.3 41.625 0.00300752
7.3 43.875 0.00277975
7.5 1.125 0.00235347
7.5 3.375 0.00249569
7.5 5.625 0.00241783
7.5 7.875 0.0026216
7.5 10.125 0.00260912
7.5 12.375 0.00269167
7.5 14.625 0.0025626
7.5 16.875 0.00278078
7.5 19.125 0.00298771
7.5 21.375 0.00298293
7.5 23.625 0.00265813
7.5 25.875 0.00284519
7.5 28.125 0.00287031
7.5 30.375 0.00254455
7.5 32.625 0.00279367
7.5 34.875 0.00257635
7.5 37.125 0.00260905
7.5 39.375 0.00259817
7.5 41.625 0.0027047
7.5 43.875 0.00272154
7.7 1.125 0.00256832
7.7 3.375 0.00276039
7.7 5.625 0.00235654
7.7 7.875 0.00268713
7.7 10.125 0.00292169
7.7 12.375 0.00321164
7.7 14.625 0.00273062
7.7 16.875 0.00300174
7.7 19.125 0.00309148
7.7 21.375 0.00242955
7.7 23.625 0.00275622
7.7 25.875 0.00290675
7.7 28.125 0.002565
7.7 30.375 0.00263896
7.7 32.625 0.00273882
7.7 34.875 0.00276357
7.7 37.125 0.00277529
7.7 39.375 0.00285231
7.7 41.625 0.00297119
7.7 43.875 0.00363369
7.9 1.125 0.0026051
7.9 3.375 0.00273
7.9 5.625 0.00251651
7.9 7.875 0.00256915
7.9 10.125 0.00270384
7.9 12.375 0.00259498
7.9 14.625 0.00284797
7.9 16.875 0.00268657
7.9 19.125 0.00232074
7.9 21.375 0.0026036
7.9 23.625 0.00309269
7.9 25.875 0.00250027
7.9 28.125 0.00281658
7.9 30.375 0.00239315
7.9 32.625 0.00270854
7.9 34.875 0.00252664
7.9 37.125 0.00264327
7.9 39.375 0.00970043
7.9 41.625 0.0025413
7.9 43.875 0.00590493
8.1 1.125 0.00542112
8.1 3.375 0.00243644
8.1 5.625 0.00272295
8.1 7.875 0.00251286
8.1 10.125 0.00285235
8.1 12.375 0.00294004
8.1 14.625 0.002566
8.1 16.875 0.0024722
8.1 19.125 0.00243196
8.1 21.375 0.00251771
8.1 23.625 0.00263066
8.1 25.875 0.00235655
8.1 28.125 0.0025749
8.1 30.375 0.0027328
8.1 32.625 0.00354057
8.1 34.875 0.00269653
8.1 37.125 0.00253359
8.1 39.375 0.00254404
8.1 41.625 0.00254923
8.1 43.875 0.00225078
8.3 1.125 0.00244634
8.3 3.375 0.00252342
8.3 5.625 0.00265659
8.3 7.875 0.00288937
8.3 10.125 0.00246003
8.3 12.375 0.00255111
8.3 14.625 0.00217644
8.3 16.875 0.00232268
8.3 19.125 0.00295916
8.3 21.375 0.009336
8.3 23.625 0.00241527
8.3 25.875 0.00321031
8.3 28.125 0.00281368
8.3 30.375 0.00268962
8.3 32.625 0.0093277
8.3 34.875 0.00320752
8.3 37.125 0.00367667
8.3 39.375 0.00266001
8.3 41.625 0.00218251
8.3 43.875 0.0024741
8.5 1.125 0.00264557
8.5 3.375 0.00241984
8.5 5.625 0.00242278
8.5 7.875 0.0119862
8.5 10.125 0.00468507
8.5 12.375 0.00249616
8.5 14.625 0.00291727
8.5 16.875 0.00255812
8.5 19.125 0.00359593
8.5 21.375 0.00325562
8.5 23.625 0.00229601
8.5 25.875 0.00247129
8.5 28.125 0.00244018
8.5 30.375 0.00237328
8.5 32.625 0.00252499
8.5 34.875 0.00247928
8.5 37.125 0.00260711
8.5 39.375 0.00232752
8.5 41.625 0.00275936
8.5 43.875 0.00227402
8.7 1.125 0.00217938
8.7 3.375 0.00217164
8.7 5.625 0.00213129
8.7 7.875 0.00309689
8.7 10.125 0.00205962
8.7 12.375 0.0027495
8.7 14.625 0.00260989
8.7 16.875 0.00236842
8.7 19.125 0.00307802
8.7 21.375 0.00227982
8.7 23.625 0.00254308
8.7 25.875 0.00232172
8.7 28.125 0.00224926
8.7 30.375 0.00247325
8.7 32.625 0.00247419
8.7 34.875 0.00266483
8.7 37.125 0.00264142
8.7 39.375 0.00235218
8.7 41.625 0.00274046
8.7 43.875 0.00250634
8.9 1.125 0.00283512
8.9 3.375 0.00216171
8.9 5.625 0.00268723
8.9 7.875 0.00266692
8.9 10.125 0.00257601
8.9 12.375 0.00236988
8.9 14.625 0.0023094
8.9 16.875 0.00258268
8.9 19.125 0.00232439
8.9 21.375 0.00210537
8.9 23.625 0.00259441
8.9 25.875 0.002311
8.9 28.125 0.00211048
8.9 30.375 0.00253379
8.9 32.625 0.0023831
8.9 34.875 0.00298556
8.9 37.125 0.0107571
8.9 39.375 0.00265417
8.9 41.625 0.00240079
8.9 43.875 0.002122
9.1 1.125 0.00243805
9.1 3.375 0.00225114
9.1 5.625 0.00236781
9.1 7.875 0.00220782
9.1 10.125 0.0024453
9.1 12.375 0.00228968
9.1 14.625 0.00220684
9.1 16.875 0.00227149
9.1 19.125 0.00237545
9.1 21.375 0.00259467
9.1 23.625 0.00269395
9.1 25.875 0.0023234
9.1 28.125 0.00235121
9.1 30.375 0.00236746
9.1 32.625 0.00272585
9.1 34.875 0.00247234
9.1 37.125 0.00237196
9.1 39.375 0.00282254
9.1 41.625 0.002175
9.1 43.875 0.0020497
9.3 1.125 0.00238181
9.3 3.375 0.00305299
9.3 5.625 0.00239234
9.3 7.875 0.0121422
9.3 10.125 0.00254495
9.3 12.375 0.0118797
9.3 14.625 0.00242426
9.3 16.875 0.00244945
9.3 19.125 0.00222516
9.3 21.375 0.00242153
9.3 23.625 0.00301684
9.3 25.875 0.00312299
9.3 28.125 0.00231562
9.3 30.375 0.00227021
9.3 32.625 0.00219811
9.3 34.875 0.00229578
9.3 37.125 0.00251146
9.3 39.375 0.00225939
9.3 41.625 0.00235906
9.3 43.875 0.00246916
9.5 1.125 0.00255117
9.5 3.375 0.00198218
9.5 5.625 0.00548537
9.5 7.875 0.00265773
9.5 10.125 0.00256659
9.5 12.375 0.00217885
9.5 14.625 0.00230189
9.5 16.875 0.00246722
9.5 19.125 0.0023156
9.5 21.375 0.00265276
9.5 23.625 0.00232982
9.5 25.875 0.00285412
9.5 28.125 0.0024851
9.5 30.375 0.0025332
9.5 32.625 0.00234237
9.5 34.875 0.00355491
9.5 37.125 0.002319
9.5 39.375 0.00258277
9.5 41.625 0.00293418
9.5 43.875 0.013082
9.7 1.125 0.00221532
9.7 3.375 0.00221478
9.7 5.625 0.00220534
9.7 7.875 0.00238003
9.7 10.125 0.00239529
9.7 12.375 0.00240134
9.7 14.625 0.00239526
9.7 16.875 0.00249955
9.7 19.125 0.00229166
9.7 21.375 0.00272581
9.7 23.625 0.00227663
9.7 25.875 0.00215078
9.7 28.125 0.00270226
9.7 30.375 0.00210882
9.7 32.625 0.00210026
9.7 34.875 0.00431215
9.7 37.125 0.0025145
9.7 39.375 0.00267427
9.7 41.625 0.00258976
9.7 43.875 0.00257686
9.9 1.125 0.00225138
9.9 3.375 0.00226858
9.9 5.625 0.00189004
9.9 7.875 0.00174832
9.9 10.125 0.00256494
9.9 12.375 0.00263171
9.9 14.625 0.00247724
9.9 16.875 0.0024634
9.9 19.125 0.00227184
9.9 21.375 0.00225013
9.9 23.625 0.00260741
9.9 25.875 0.00230153
9.9 28.125 0.00213673
9.9 30.375 0.00334704
9.9 32.625 0.00247886
9.9 34.875 0.00569873
9.9 37.125 0.0025405
9.9 39.375 0.00220327
9.9 41.625 0.00219258
9.9 43.875 0.00351768
10.1 1.125 0.00231073
10.1 3.375 0.00205999
10.1 5.625 0.00253382
10.1 7.875 0.00234945
10.1 10.125 0.00207363
10.1 12.375 0.00221613
10.1 14.625 0.002545
10.1 16.875 0.00207034
10.1 19.125 0.0122822
10.1 21.375 0.00242765
10.1 23.625 0.00228518
10.1 25.875 0.00264646
10.1 28.125 0.0024005
10.1 30.375 0.00221428
10.1 32.625 0.00243126
10.1 34.875 0.00245051
10.1 37.125 0.00743522
10.1 39.375 0.0021484
10.1 41.625 0.00238017
10.1 43.875 0.00235151
10.3 1.125 0.00213492
10.3 3.375 0.00220086
10.3 5.625 0.00199738
10.3 7.875 0.00222771
10.3 10.125 0.00228305
10.3 12.375 0.00213432
10.3 14.625 0.00217856
10.3 16.875 0.00234325
10.3 19.125 0.00219606
10.3 21.375 0.00237089
10.3 23.625 0.00230697
10.3 25.875 0.00222612
10.3 28.125 0.00216925
10.3 30.375 0.00226574
10.3 32.625 0.00202334
10.3 34.875 0.00260111
10.3 37.125 0.0023786
10.3 39.375 0.00220531
10.3 41.625 0.0019751
10.3 43.875 0.00223137
10.5 1.125 0.00252262
10.5 3.375 0.00185873
10.5 5.625 0.00470581
10.5 7.875 0.00210905
10.5 10.125 0.00213129
10.5 12.375 0.0021253
10.5 14.625 0.00304621
10.5 16.875 0.00232134
10.5 19.125 0.00232693
10.5 21.375 0.00233339
10.5 23.625 0.00282127
10.5 25.875 0.0028286
10.5 28.125 0.00208447
10.5 30.375 0.00205713
10.5 32.625 0.00198581
10.5 34.875 0.00196415
10.5 37.125 0.00184094
10.5 39.375 0.00219316
10.5 41.625 0.00226265
10.5 43.875 0.00293421
10.7 1.125 0.00319202
10.7 3.375 0.00245254
10.7 5.625 0.00222928
10.7 7.875 0.00350853
10.7 10.125 0.00280342
10.7 12.375 0.00257606
10.7 14.625 0.00217643
10.7 16.875 0.0132854
10.7 19.125 0.00231165
10.7 21.375 0.00238998
10.7 23.625 0.00219117
10.7 25.875 0.00229143
10.7 28.125 0.00220404
10.7 30.375 0.00274906
10.7 32.625 0.00187553
10.7 34.875 0.00215188
10.7 37.125 0.00259316
10.7 39.375 0.00239876
10.7 41.625 0.002118
10.7 43.875 0.00220145
10.9 1.125 0.00225669
10.9 3.375 0.00211338
10.9 5.625 0.00285263
10.9 7.875 0.00225496
10.9 10.125 0.00252695
10.9 12.375 0.0022858
10.9 14.625 0.00230149
10.9 16.875 0.00239721
10.9 19.125 0.00244857
10.9 21.375 0.00226325
10.9 23.625 0.00215629
10.9 25.875 0.0172215
10.9 28.125 0.00564358
10.9 30.375 0.00213406
10.9 32.625 0.002188
10.9 34.875 0.00192192
10.9 37.125 0.00208519
10.9 39.375 0.00204248
10.9 41.625 0.00204512
10.9 43.875 0.00242968
11.1 1.125 0.00242482
11.1 3.375 0.00248499
11.1 5.625 0.00232324
11.1 7.875 0.00273384
11.1 10.125 0.00206358
11.1 12.375 0.00222528
11.1 14.625 0.014914
11.1 16.875 0.0018876
11.1 19.125 0.00227022
11.1 21.375 0.00215506
11.1 23.625 0.00210179
11.1 25.875 0.0024146
11.1 28.125 0.00205987
11.1 30.375 0.00243758
11.1 32.625 0.00194468
11.1 34.875 0.00207722
11.1 37.125 0.00235603
11.1 39.375 0.00192658
11.1 41.625 0.00183427
11.1 43.875 0.00226335
11.3 1.125 0.0257627
11.3 3.375 0.00226322
11.3 5.625 0.00185205
11.3 7.875 0.00203161
11.3 10.125 0.00222013
11.3 12.375 0.00226398
11.3 14.625 0.00233403
11.3 16.875 0.00217017
11.3 19.125 0.0024789
11.3 21.375 0.00252237
11.3 23.625 0.00250733
11.3 25.875 0.00230968
11.3 28.125 0.00211397
11.3 30.375 0.00241202
11.3 32.625 0.00202137
11.3 34.875 0.00259264
11.3 37.125 0.001823
11.3 39.375 0.00232447
11.3 41.625 0.00208254
11.3 43.875 0.00206918
11.5 1.125 0.00223811
11.5 3.375 0.00203802
11.5 5.625 0.00268699
11.5 7.875 0.00222375
11.5 10.125 0.00262198
11.5 12.375 0.00269039
11.5 14.625 0.00237973
11.5 16.875 0.00212327
11.5 19.125 0.00178475
11.5 21.375 0.0020569
11.5 23.625 0.00193902
11.5 25.875 0.00223604
11.5 28.125 0.00169975
11.5 30.375 0.0025794
11.5 32.625 0.00228744
11.5 34.875 0.00250615
11.5 37.125 0.00238008
11.5 39.375 0.00207084
11.5 41.625 0.00213686
11.5 43.875 0.00196712
11.7 1.125 0.00214951
11.7 3.375 0.00202805
11.7 5.625 0.00497891
11.7 7.875 0.0028977
11.7 10.125 0.00239077
11.7 12.375 0.00200525
11.7 14.625 0.00229663
11.7 16.875 0.00215512
11.7 19.125 0.00190087
11.7 21.375 0.00244289
11.7 23.625 0.00238087
11.7 25.875 0.00225264
11.7 28.125 0.0109299
11.7 30.375 0.00212967
11.7 32.625 0.00221387
11.7 34.875 0.00237195
11.7 37.125 0.00281645
11.7 39.375 0.00206764
11.7 41.625 0.00216137
11.7 43.875 0.0370605
11.9 1.125 0.003168
11.9 3.375 0.00257503
11.9 5.625 0.00910814
11.9 7.875 0.00692701
11.9 10.125 0.00421548
11.9 12.375 0.00222651
11.9 14.625 0.00229949
11.9 16.875 0.00266634
11.9 19.125 0.00195376
11.9 21.375 0.00174841
11.9 23.625 0.00181688
11.9 25.875 0.00390385
11.9 28.125 0.00182776
11.9 30.375 0.00175441
11.9 32.625 0.00217879
11.9 34.875 0.00221487
11.9 37.125 0.00221286
11.9 39.375 0.00228155
11.9 41.625 0.00211961
11.9 43.875 0.00282167
12.1 1.125 0.00181515
12.1 3.375 0.00197333
12.1 5.625 0.00155489
12.1 7.875 0.00224127
12.1 10.125 0.00189375
12.1 12.375 0.00237393
12.1 14.625 0.00184933
12.1 16.875 0.00208185
12.1 19.125 0.00237264
12.1 21.375 0.00174136
12.1 23.625 0.00239474
12.1 25.875 0.00226111
12.1 28.125 0.00274761
12.1 30.375 0.00226838
12.1 32.625 0.00182679
12.1 34.875 0.00186785
12.1 37.125 0.00238079
12.1 39.375 0.00215439
12.1 41.625 0.00256277
12.1 43.875 0.00262891
12.3 1.125 0.00261704
12.3 3.375 0.00218214
12.3 5.625 0.00237468
12.3 7.875 0.00229717
12.3 10.125 0.00167029
12.3 12.375 0.00280425
12.3 14.625 0.0027783
12.3 16.875 0.00605374
12.3 19.125 0.00233585
12.3 21.375 0.00201818
12.3 23.625 0.0027703
12.3 25.875 0.00200114
12.3 28.125 0.00213781
12.3 30.375 0.00223367
12.3 32.625 0.00225725
12.3 34.875 0.00247498
12.3 37.125 0.00776121
12.3 39.375 0.00252302
12.3 41.625 0.00202641
12.3 43.875 0.00159952
12.5 1.125 0.00293385
12.5 3.375 0.00232846
12.5 5.625 0.0027651
12.5 7.875 0.00199404
12.5 10.125 0.00722263
12.5 12.375 0.00199495
12.5 14.625 0.00187922
12.5 16.875 0.00558911
12.5 19.125 0.00310971
12.5 21.375 0.00216021
12.5 23.625 0.00262742
12.5 25.875 0.00225737
12.5 28.125 0.00232802
12.5 30.375 0.0019659
12.5 32.625 0.00219643
12.5 34.875 0.00215697
12.5 37.125 0.00189592
12.5 39.375 0.00196895
12.5 41.625 0.00247455
12.5 43.875 0.00197098
12.7 1.125 0.00551509
12.7 3.375 0.00192321
12.7 5.625 0.00190357
12.7 7.875 0.00219511
12.7 10.125 0.00222511
12.7 12.375 0.00216724
12.7 14.625 0.00228203
12.7 16.875 0.00221057
12.7 19.125 0.0021252
12.7 21.375 0.00289892
12.7 23.625 0.00197927
12.7 25.875 0.00249785
12.7 28.125 0.00185235
12.7 30.375 0.00207955
12.7 32.625 0.00220875
12.7 34.875 0.00198435
12.7 37.125 0.00158289
12.7 39.375 0.00180542
12.7 41.625 0.00240927
12.7 43.875 0.00219508
12.9 1.125 0.00213281
12.9 3.375 0.00317171
12.9 5.625 0.0021282
12.9 7.875 0.00408376
12.9 10.125 0.00788271
12.9 12.375 0.0518225
12.9 14.625 0.00216335
12.9 16.875 0.00295734
12.9 19.125 0.0023582
12.9 21.375 0.00189783
12.9 23.625 0.0022644
12.9 25.875 0.0022546
12.9 28.125 0.00262755
12.9 30.375 0.00200254
12.9 32.625 0.00198799
12.9 34.875 0.00226028
12.9 37.125 0.00265718
12.9 39.375 0.00237873
12.9 41.625 0.00207983
12.9 43.875 0.00228857
13.1 1.125 0.0499068
13.1 3.375 0.0019162
13.1 5.625 0.00204633
13.1 7.875 0.00182253
13.1 10.125 0.00214295
13.1 12.375 0.00201027
13.1 14.625 0.0021126
13.1 16.875 0.00227223
13.1 19.125 0.00218887
13.1 21.375 0.00202971
13.1 23.625 0.00266066
13.1 25.875 0.00174433
13.1 28.125 0.00280325
13.1 30.375 0.0021716
13.1 32.625 0.00193726
13.1 34.875 0.00179117
13.1 37.125 0.00247689
13.1 39.375 0.00261945
13.1 41.625 0.00256141
13.1 43.875 0.00255527
13.3 1.125 0.00246832
13.3 3.375 0.00243517
13.3 5.625 0.00185669
13.3 7.875 0.00227918
13.3 10.125 0.0121052
13.3 12.375 0.00214761
13.3 14.625 0.00378862
13.3 16.875 0.00183973
13.3 19.125 0.00198809
13.3 21.375 0.00583682
13.3 23.625 0.00200771
13.3 25.875 0.00202075
13.3 28.125 0.00250084
13.3 30.375 0.00255828
13.3 32.625 0.00220729
13.3 34.875 0.00192992
13.3 37.125 0.00181224
13.3 39.375 0.00165398
13.3 41.625 0.00245273
13.3 43.875 0.00209818
13.5 1.125 0.00214847
13.5 3.375 0.00208685
13.5 5.625 0.0018859
13.5 7.875 0.00210725
13.5 10.125 0.00223322
13.5 12.375 0.00227823
13.5 14.625 0.00196916
13.5 16.875 0.00205657
13.5 19.125 0.00256766
13.5 21.375 0.00312753
13.5 23.625 0.00246043
13.5 25.875 0.00228923
13.5 28.125 0.00230429
13.5 30.375 0.00268173
13.5 32.625 0.00243344
13.5 34.875 0.00244458
13.5 37.125 0.00191206
13.5 39.375 0.00275358
13.5 41.625 0.00219723
13.5 43.875 0.00191242
13.7 1.125 0.00370497
13.7 3.375 0.00178684
13.7 5.625 0.00195013
13.7 7.875 0.00232942
13.7 10.125 0.00196208
13.7 12.375 0.00232694
13.7 14.625 0.00191176
13.7 16.875 0.00169767
13.7 19.125 0.00259239
13.7 21.375 0.00229107
13.7 23.625 0.00169916
13.7 25.875 0.00228185
13.7 28.125 0.0210475
13.7 30.375 0.00196526
13.7 32.625 0.00202804
13.7 34.875 0.00312581
13.7 37.125 0.0020718
13.7 39.375 0.001626
13.7 41.625 0.00303111
13.7 43.875 0.00247667
13.9 1.125 0.0037559
13.9 3.375 0.0119166
13.9 5.625 0.004922
13.9 7.875 0.00187723
13.9 10.125 0.00249969
13.9 12.375 0.00249058
13.9 14.625 0.00203053
13.9 16.875 0.00229228
13.9 19.125 0.00253777
13.9 21.375 0.00190204
13.9 23.625 0.00232218
13.9 25.875 0.00225741
13.9 28.125 0.00162934
13.9 30.375 0.00166746
13.9 32.625 0.00206253
13.9 34.875 0.00184189
13.9 37.125 0.00176228
13.9 39.375 0.00182581
13.9 41.625 0.00286916
13.9 43.875 0.047249
