0.1 1.125 0.499465
0.1 3.375 0.50789
0.1 5.625 0.501737
0.1 7.875 0.509199
0.1 10.125 0.499178
0.1 12.375 0.497315
0.1 14.625 0.496282
0.1 16.875 0.49543
0.1 19.125 0.464857
0.1 21.375 0.49311
0.1 23.625 0.510563
0.1 25.875 0.485904
0.1 28.125 0.493804
0.1 30.375 0.462846
0.1 32.625 0.510531
0.1 34.875 0.512153
0.1 37.125 0.509549
0.1 39.375 0.494851
0.1 41.625 0.504305
0.1 43.875 0.502619
0.3 1.125 0.497373
0.3 3.375 0.492618
0.3 5.625 0.489887
0.3 7.875 0.478539
0.3 10.125 0.491234
0.3 12.375 0.494248
0.3 14.625 0.49457
0.3 16.875 0.492678
0.3 19.125 0.475538
0.3 21.375 0.499049
0.3 23.625 0.490329
0.3 25.875 0.49313
0.3 28.125 0.49417
0.3 30.375 0.490034
0.3 32.625 0.486318
0.3 34.875 0.492458
0.3 37.125 0.492677
0.3 39.375 0.481801
0.3 41.625 0.492142
0.3 43.875 0.49104
0.5 1.125 0.476477
0.5 3.375 0.475071
0.5 5.625 0.478142
0.5 7.875 0.47635
0.5 10.125 0.472206
0.5 12.375 0.479883
0.5 14.625 0.476084
0.5 16.875 0.479865
0.5 19.125 0.481094
0.5 21.375 0.471095
0.5 23.625 0.469633
0.5 25.875 0.46727
0.5 28.125 0.476492
0.5 30.375 0.466262
0.5 32.625 0.462984
0.5 34.875 0.472607
0.5 37.125 0.466016
0.5 39.375 0.464224
0.5 41.625 0.471484
0.5 43.875 0.461896
0.7 1.125 0.452479
0.7 3.375 0.457496
0.7 5.625 0.451894
0.7 7.875 0.452255
0.7 10.125 0.442913
0.7 12.375 0.447898
0.7 14.625 0.453325
0.7 16.875 0.447716
0.7 19.125 0.447109
0.7 21.375 0.445016
0.7 23.625 0.436978
0.7 25.875 0.442933
0.7 28.125 0.43412
0.7 30.375 0.450017
0.7 32.625 0.437218
0.7 34.875 0.444417
0.7 37.125 0.440947
0.7 39.375 0.442279
0.7 41.625 0.434264
0.7 43.875 0.442042
0.9 1.125 0.404591
0.9 3.375 0.400696
0.9 5.625 0.407126
0.9 7.875 0.399929
0.9 10.125 0.395311
0.9 12.375 0.400618
0.9 14.625 0.396924
0.9 16.875 0.391781
0.9 19.125 0.399565
0.9 21.375 0.403693
0.9 23.625 0.398521
0.9 25.875 0.388525
0.9 28.125 0.38523
0.9 30.375 0.40789
0.9 32.625 0.40316
0.9 34.875 0.400156
0.9 37.125 0.394218
0.9 39.375 0.400167
0.9 41.625 0.406244
0.9 43.875 0.400251
1.1 1.125 0.322936
1.1 3.375 0.319265
1.1 5.625 0.326028
1.1 7.875 0.322939
1.1 10.125 0.306098
1.1 12.375 0.329473
1.1 14.625 0.323263
1.1 16.875 0.326005
1.1 19.125 0.335516
1.1 21.375 0.316604
1.1 23.625 0.316339
1.1 25.875 0.321013
1.1 28.125 0.345229
1.1 30.375 0.359057
1.1 32.625 0.340229
1.1 34.875 0.34688
1.1 37.125 0.341883
1.1 39.375 0.360676
1.1 41.625 0.368476
1.1 43.875 0.367733
1.3 1.125 0.211126
1.3 3.375 0.2159
1.3 5.625 0.220419
1.3 7.875 0.220715
1.3 10.125 0.222105
1.3 12.375 0.214917
1.3 14.625 0.233639
1.3 16.875 0.225198
1.3 19.125 0.23206
1.3 21.375 0.240839
1.3 23.625 0.249686
1.3 25.875 0.269636
1.3 28.125 0.243957
1.3 30.375 0.263764
1.3 32.625 0.26634
1.3 34.875 0.290082
1.3 37.125 0.277854
1.3 39.375 0.293519
1.3 41.625 0.309466
1.3 43.875 0.293726
1.5 1.125 0.1253
1.5 3.375 0.124866
1.5 5.625 0.135295
1.5 7.875 0.137737
1.5 10.125 0.145537
1.5 12.375 0.137728
1.5 14.625 0.151879
1.5 16.875 0.152703
1.5 19.125 0.173698
1.5 21.375 0.14906
1.5 23.625 0.182113
1.5 25.875 0.178833
1.5 28.125 0.183747
1.5 30.375 0.178792
1.5 32.625 0.192299
1.5 34.875 0.193874
1.5 37.125 0.219712
1.5 39.375 0.202889
1.5 41.625 0.222837
1.5 43.875 0.26512
1.7 1.125 0.0732883
1.7 3.375 0.0790156
1.7 5.625 0.0749068
1.7 7.875 0.0812138
1.7 10.125 0.0785629
1.7 12.375 0.0843751
1.7 14.625 0.0939886
1.7 16.875 0.0949239
1.7 19.125 0.0979332
1.7 21.375 0.1051
1.7 23.625 0.10706
1.7 25.875 0.0977488
1.7 28.125 0.109903
1.7 30.375 0.106866
1.7 32.625 0.113526
1.7 34.875 0.127715
1.7 37.125 0.0984452
1.7 39.375 0.104821
1.7 41.625 0.12225
1.7 43.875 0.169178
1.9 1.125 0.0471763
1.9 3.375 0.0486216
1.9 5.625 0.049194
1.9 7.875 0.0546261
1.9 10.125 0.0550756
1.9 12.375 0.0537776
1.9 14.625 0.0563771
1.9 16.875 0.0602449
1.9 19.125 0.06534
1.9 21.375 0.0621691
1.9 23.625 0.0624958
1.9 25.875 0.0648681
1.9 28.125 0.0673678
1.9 30.375 0.0644661
1.9 32.625 0.0760583
1.9 34.875 0.0762809
1.9 37.125 0.0820439
1.9 39.375 0.0830288
1.9 41.625 0.0926198
1.9 43.875 0.0958131
2.1 1.125 0.03069
2.1 3.375 0.030831
2.1 5.625 0.0312094
2.1 7.875 0.0308815
2.1 10.125 0.0314564
2.1 12.375 0.0336289
2.1 14.625 0.0372838
2.1 16.875 0.0368542
2.1 19.125 0.0362273
2.1 21.375 0.041379
2.1 23.625 0.0415765
2.1 25.875 0.0436932
2.1 28.125 0.0466297
2.1 30.375 0.0500728
2.1 32.625 0.0499067
2.1 34.875 0.0482874
2.1 37.125 0.0537955
2.1 39.375 0.0539222
2.1 41.625 0.0634812
2.1 43.875 0.0535595
2.3 1.125 0.0170629
2.3 3.375 0.0175517
2.3 5.625 0.0173289
2.3 7.875 0.0176359
2.3 10.125 0.0186056
2.3 12.375 0.0196943
2.3 14.625 0.0206232
2.3 16.875 0.0223177
2.3 19.125 0.0244968
2.3 21.375 0.0249897
2.3 23.625 0.0281993
2.3 25.875 0.0255578
2.3 28.125 0.0327053
2.3 30.375 0.0278471
2.3 32.625 0.0352835
2.3 34.875 0.0335062
2.3 37.125 0.0375878
2.3 39.375 0.0369414
2.3 41.625 0.0378931
2.3 43.875 0.0389109
2.5 1.125 0.0103142
2.5 3.375 0.0104498
2.5 5.625 0.0103948
2.5 7.875 0.0106497
2.5 10.125 0.0104443
2.5 12.375 0.0110366
2.5 14.625 0.0113464
2.5 16.875 0.0117238
2.5 19.125 0.0126272
2.5 21.375 0.0129836
2.5 23.625 0.0147012
2.5 25.875 0.0171748
2.5 28.125 0.0188091
2.5 30.375 0.0211618
2.5 32.625 0.0242272
2.5 34.875 0.0248223
2.5 37.125 0.0249044
2.5 39.375 0.0232415
2.5 41.625 0.0247454
2.5 43.875 0.0252777
2.7 1.125 0.00945674
2.7 3.375 0.00919316
2.7 5.625 0.0096236
2.7 7.875 0.00846008
2.7 10.125 0.00869052
2.7 12.375 0.00915448
2.7 14.625 0.00722203
2.7 16.875 0.00863704
2.7 19.125 0.00836857
2.7 21.375 0.00873331
2.7 23.625 0.00902775
2.7 25.875 0.00928355
2.7 28.125 0.0119219
2.7 30.375 0.0126452
2.7 32.625 0.015168
2.7 34.875 0.0163061
2.7 37.125 0.0166579
2.7 39.375 0.0170573
2.7 41.625 0.016437
2.7 43.875 0.0168008
2.9 1.125 0.00863612
2.9 3.375 0.00780151
2.9 5.625 0.00872721
2.9 7.875 0.00746365
2.9 10.125 0.00766608
2.9 12.375 0.00727637
2.9 14.625 0.00689279
2.9 16.875 0.00768154
2.9 19.125 0.00707531
2.9 21.375 0.00784206
2.9 23.625 0.0088323
2.9 25.875 0.00780101
2.9 28.125 0.0078625
2.9 30.375 0.00855373
2.9 32.625 0.0086116
2.9 34.875 0.00945968
2.9 37.125 0.0101741
2.9 39.375 0.011066
2.9 41.625 0.0110749
2.9 43.875 0.0124647
3.1 1.125 0.00671868
3.1 3.375 0.00644113
3.1 5.625 0.0069252
3.1 7.875 0.00645463
3.1 10.125 0.00577962
3.1 12.375 0.00570317
3.1 14.625 0.00585841
3.1 16.875 0.00625966
3.1 19.125 0.00768689
3.1 21.375 0.00594426
3.1 23.625 0.0069179
3.1 25.875 0.00712874
3.1 28.125 0.00642206
3.1 30.375 0.00808965
3.1 32.625 0.0076933
3.1 34.875 0.00764904
3.1 37.125 0.00724547
3.1 39.375 0.00811829
3.1 41.625 0.00903906
3.1 43.875 0.00905573
3.3 1.125 0.00578989
3.3 3.375 0.00606751
3.3 5.625 0.00574824
3.3 7.875 0.00600679
3.3 10.125 0.0055595
3.3 12.375 0.00513147
3.3 14.625 0.00491924
3.3 16.875 0.00609236
3.3 19.125 0.00656023
3.3 21.375 0.00526529
3.3 23.625 0.00547878
3.3 25.875 0.00549634
3.3 28.125 0.00610844
3.3 30.375 0.00632292
3.3 32.625 0.00655402
3.3 34.875 0.00689389
3.3 37.125 0.00626371
3.3 39.375 0.00634398
3.3 41.625 0.00689244
3.3 43.875 0.0068639
3.5 1.125 0.00546596
3.5 3.375 0.00608451
3.5 5.625 0.00472294
3.5 7.875 0.00559164
3.5 10.125 0.00544015
3.5 12.375 0.00544182
3.5 14.625 0.00862124
3.5 16.875 0.00579224
3.5 19.125 0.00553208
3.5 21.375 0.00459458
3.5 23.625 0.00567712
3.5 25.875 0.00571754
3.5 28.125 0.00507094
3.5 30.375 0.00543922
3.5 32.625 0.00540079
3.5 34.875 0.00550354
3.5 37.125 0.00614084
3.5 39.375 0.0061177
3.5 41.625 0.0055081
3.5 43.875 0.00511324
3.7 1.125 0.00580038
3.7 3.375 0.00480686
3.7 5.625 0.0047675
3.7 7.875 0.00515213
3.7 10.125 0.00604012
3.7 12.375 0.0051465
3.7 14.625 0.00471194
3.7 16.875 0.00410854
3.7 19.125 0.00498796
3.7 21.375 0.00384177
3.7 23.625 0.00518633
3.7 25.875 0.00489552
3.7 28.125 0.00572053
3.7 30.375 0.00474464
3.7 32.625 0.00547098
3.7 34.875 0.00517226
3.7 37.125 0.00526934
3.7 39.375 0.00520188
3.7 41.625 0.00452956
3.7 43.875 0.00440915
3.9 1.125 0.00531054
3.9 3.375 0.00478838
3.9 5.625 0.00502822
3.9 7.875 0.00434122
3.9 10.125 0.00480384
3.9 12.375 0.00412242
3.9 14.625 0.00410492
3.9 16.875 0.00540968
3.9 19.125 0.00607241
3.9 21.375 0.00550915
3.9 23.625 0.00461946
3.9 25.875 0.00484798
3.9 28.125 0.00463207
3.9 30.375 0.00569375
3.9 32.625 0.00506162
3.9 34.875 0.00496285
3.9 37.125 0.00482029
3.9 39.375 0.00436785
3.9 41.625 0.00412926
3.9 43.875 0.00474911
4.1 1.125 0.00432239
4.1 3.375 0.0043999
4.1 5.625 0.00436972
4.1 7.875 0.00485011
4.1 10.125 0.00401573
4.1 12.375 0.00480604
4.1 14.625 0.00485547
4.1 16.875 0.00460712
4.1 19.125 0.00505971
4.1 21.375 0.00494683
4.1 23.625 0.00471432
4.1 25.875 0.00548107
4.1 28.125 0.00642716
4.1 30.375 0.00453736
4.1 32.625 0.00480669
4.1 34.875 0.00398491
4.1 37.125 0.00401377
4.1 39.375 0.00418836
4.1 41.625 0.00391246
4.1 43.875 0.0040162
4.3 1.125 0.00435524
4.3 3.375 0.00432345
4.3 5.625 0.00446356
4.3 7.875 0.00396003
4.3 10.125 0.00417058
4.3 12.375 0.0052979
4.3 14.625 0.00431439
4.3 16.875 0.00361948
4.3 19.125 0.00490844
4.3 21.375 0.00503786
4.3 23.625 0.0056981
4.3 25.875 0.0048139
4.3 28.125 0.00407726
4.3 30.375 0.0049477
4.3 32.625 0.00416664
4.3 34.875 0.00380293
4.3 37.125 0.00352597
4.3 39.375 0.00348502
4.3 41.625 0.00388751
4.3 43.875 0.00394337
4.5 1.125 0.00399275
4.5 3.375 0.00378927
4.5 5.625 0.0036551
4.5 7.875 0.00338308
4.5 10.125 0.00453854
4.5 12.375 0.0038818
4.5 14.625 0.00445386
4.5 16.875 0.00418708
4.5 19.125 0.00435676
4.5 21.375 0.00485626
4.5 23.625 0.00432645
4.5 25.875 0.00419023
4.5 28.125 0.00434921
4.5 30.375 0.00440353
4.5 32.625 0.00386702
4.5 34.875 0.00381749
4.5 37.125 0.00351641
4.5 39.375 0.00323256
4.5 41.625 0.00366059
4.5 43.875 0.0034806
4.7 1.125 0.00339844
4.7 3.375 0.00314259
4.7 5.625 0.00359945
4.7 7.875 0.00333488
4.7 10.125 0.00356001
4.7 12.375 0.00377012
4.7 14.625 0.003959
4.7 16.875 0.00409528
4.7 19.125 0.00378319
4.7 21.375 0.00355828
4.7 23.625 0.00398402
4.7 25.875 0.0034435
4.7 28.125 0.00423493
4.7 30.375 0.00353698
4.7 32.625 0.00357034
4.7 34.875 0.00325628
4.7 37.125 0.00340032
4.7 39.375 0.00329106
4.7 41.625 0.00336573
4.7 43.875 0.00289237
4.9 1.125 0.00330227
4.9 3.375 0.0030913
4.9 5.625 0.00313242
4.9 7.875 0.0033511
4.9 10.125 0.00436471
4.9 12.375 0.00275061
4.9 14.625 0.0031723
4.9 16.875 0.00359942
4.9 19.125 0.00349129
4.9 21.375 0.00382903
4.9 23.625 0.00374152
4.9 25.875 0.00376623
4.9 28.125 0.00371961
4.9 30.375 0.00326105
4.9 32.625 0.00370107
4.9 34.875 0.00408364
4.9 37.125 0.00298352
4.9 39.375 0.00299989
4.9 41.625 0.00302084
4.9 43.875 0.00332956
5.1 1.125 0.00307074
5.1 3.375 0.00285548
5.1 5.625 0.00278979
5.1 7.875 0.00283486
5.1 10.125 0.00279263
5.1 12.375 0.00279563
5.1 14.625 0.00330659
5.1 16.875 0.00313837
5.1 19.125 0.00297282
5.1 21.375 0.00303647
5.1 23.625 0.00382798
5.1 25.875 0.0034392
5.1 28.125 0.00335915
5.1 30.375 0.00332511
5.1 32.625 0.00306682
5.1 34.875 0.00295569
5.1 37.125 0.0036271
5.1 39.375 0.00326831
5.1 41.625 0.00382798
5.1 43.875 0.00403466
5.3 1.125 0.00303437
5.3 3.375 0.00264227
5.3 5.625 0.00292498
5.3 7.875 0.00309135
5.3 10.125 0.00263674
5.3 12.375 0.00312536
5.3 14.625 0.00330718
5.3 16.875 0.00294384
5.3 19.125 0.00285892
5.3 21.375 0.00293553
5.3 23.625 0.00317015
5.3 25.875 0.00329836
5.3 28.125 0.00323942
5.3 30.375 0.00345602
5.3 32.625 0.00305667
5.3 34.875 0.003002
5.3 37.125 0.00307844
5.3 39.375 0.00331999
5.3 41.625 0.00388136
5.3 43.875 0.00366488
5.5 1.125 0.00288729
5.5 3.375 0.0029013
5.5 5.625 0.00238374
5.5 7.875 0.00305865
5.5 10.125 0.00739703
5.5 12.375 0.00248657
5.5 14.625 0.0028301
5.5 16.875 0.00309992
5.5 19.125 0.00272221
5.5 21.375 0.00280817
5.5 23.625 0.0026727
5.5 25.875 0.00340075
5.5 28.125 0.00424952
5.5 30.375 0.00301108
5.5 32.625 0.00316306
5.5 34.875 0.00292838
5.5 37.125 0.00335415
5.5 39.375 0.00272114
5.5 41.625 0.00304949
5.5 43.875 0.00396057
5.7 1.125 0.00253914
5.7 3.375 0.00278605
5.7 5.625 0.00278027
5.7 7.875 0.00269836
5.7 10.125 0.00295671
5.7 12.375 0.0029974
5.7 14.625 0.00265577
5.7 16.875 0.00284374
5.7 19.125 0.00280064
5.7 21.375 0.00302481
5.7 23.625 0.00270125
5.7 25.875 0.00267943
5.7 28.125 0.00292877
5.7 30.375 0.00286289
5.7 32.625 0.00277764
5.7 34.875 0.00304977
5.7 37.125 0.00287327
5.7 39.375 0.0028364
5.7 41.625 0.00273894
5.7 43.875 0.00297795
5.9 1.125 0.00276845
5.9 3.375 0.00290707
5.9 5.625 0.00309847
5.9 7.875 0.00308654
5.9 10.125 0.00268616
5.9 12.375 0.00216008
5.9 14.625 0.00262173
5.9 16.875 0.0029486
5.9 19.125 0.0030005
5.9 21.375 0.00301658
5.9 23.625 0.00296478
5.9 25.875 0.00241912
5.9 28.125 0.00273287
5.9 30.375 0.00244796
5.9 32.625 0.00312684
5.9 34.875 0.00295046
5.9 37.125 0.00282442
5.9 39.375 0.00271622
5.9 41.625 0.00325577
5.9 43.875 0.00267657
6.1 1.125 0.0027797
6.1 3.375 0.0026665
6.1 5.625 0.00269724
6.1 7.875 0.00270654
6.1 10.125 0.00283371
6.1 12.375 0.00214024
6.1 14.625 0.00285128
6.1 16.875 0.00263737
6.1 19.125 0.00294645
6.1 21.375 0.00276145
6.1 23.625 0.00273555
6.1 25.875 0.00280582
6.1 28.125 0.00251353
6.1 30.375 0.00255131
6.1 32.625 0.00294094
6.1 34.875 0.00257066
6.1 37.125 0.00240829
6.1 39.375 0.00301385
6.1 41.625 0.00230234
6.1 43.875 0.00283378
6.3 1.125 0.00256524
6.3 3.375 0.00248973
6.3 5.625 0.00257873
6.3 7.875 0.0024412
6.3 10.125 0.00269718
6.3 12.375 0.00289946
6.3 14.625 0.00219736
6.3 16.875 0.00268601
6.3 19.125 0.00237665
6.3 21.375 0.00327653
6.3 23.625 0.00239529
6.3 25.875 0.00241856
6.3 28.125 0.00262482
6.3 30.375 0.00243965
6.3 32.625 0.0031061
6.3 34.875 0.00214048
6.3 37.125 0.00279935
6.3 39.375 0.00274705
6.3 41.625 0.00282387
6.3 43.875 0.00319126
6.5 1.125 0.00256087
6.5 3.375 0.00243933
6.5 5.625 0.00244898
6.5 7.875 0.00283707
6.5 10.125 0.00324056
6.5 12.375 0.0027061
6.5 14.625 0.00289543
6.5 16.875 0.00337915
6.5 19.125 0.00281841
6.5 21.375 0.00286505
6.5 23.625 0.00270138
6.5 25.875 0.00275298
6.5 28.125 0.0025244
6.5 30.375 0.00309713
6.5 32.625 0.00231447
6.5 34.875 0.00245464
6.5 37.125 0.00241261
6.5 39.375 0.00239095
6.5 41.625 0.00231616
6.5 43.875 0.00259023
6.7 1.125 0.00271943
6.7 3.375 0.00278681
6.7 5.625 0.00277013
6.7 7.875 0.00247178
6.7 10.125 0.00242945
6.7 12.375 0.00261918
6.7 14.625 0.00247708
6.7 16.875 0.00274901
6.7 19.125 0.00244158
6.7 21.375 0.00243984
6.7 23.625 0.00327755
6.7 25.875 0.0027038
6.7 28.125 0.00225961
6.7 30.375 0.00247427
6.7 32.625 0.00282459
6.7 34.875 0.00273757
6.7 37.125 0.00241991
6.7 39.375 0.00251128
6.7 41.625 0.00263141
6.7 43.875 0.00259217
6.9 1.125 0.0023397
6.9 3.375 0.0028123
6.9 5.625 0.00276643
6.9 7.875 0.00203369
6.9 10.125 0.00281786
6.9 12.375 0.00226058
6.9 14.625 0.00256255
6.9 16.875 0.00237558
6.9 19.125 0.00241846
6.9 21.375 0.00357473
6.9 23.625 0.00272512
6.9 25.875 0.0027258
6.9 28.125 0.00222244
6.9 30.375 0.00258803
6.9 32.625 0.00218888
6.9 34.875 0.00245441
6.9 37.125 0.00265625
6.9 39.375 0.0024576
6.9 41.625 0.00533589
6.9 43.875 0.00240411
7.1 1.125 0.00245689
7.1 3.375 0.00266333
7.1 5.625 0.00253225
7.1 7.875 0.00239762
7.1 10.125 0.00304287
7.1 12.375 0.00237796
7.1 14.625 0.00274859
7.1 16.875 0.00295471
7.1 19.125 0.00277756
7.1 21.375 0.00276054
7.1 23.625 0.00260904
7.1 25.875 0.002157
7.1 28.125 0.00244586
7.1 30.375 0.00324284
7.1 32.625 0.00268956
7.1 34.875 0.00232915
7.1 37.125 0.00221986
7.1 39.375 0.00227113
7.1 41.625 0.00259314
7.1 43.875 0.00530606
7.3 1.125 0.00268812
7.3 3.375 0.00199666
7.3 5.625 0.00249791
7.3 7.875 0.00734651
7.3 10.125 0.00316656
7.3 12.375 0.00248521
7.3 14.625 0.0023475
7.3 16.875 0.002463
7.3 19.125 0.00260226
7.3 21.375 0.00240831
7.3 23.625 0.00257236
7.3 25.875 0.00243285
7.3 28.125 0.00173987
7.3 30.375 0.00230759
7.3 32.625 0.00219196
7.3 34.875 0.00176175
7.3 37.125 0.00267998
7.3 39.375 0.00244604
7.3 41.625 0.00228852
7.3 43.875 0.00225743
7.5 1.125 0.00260849
7.5 3.375 0.00276637
7.5 5.625 0.00239828
7.5 7.875 0.00225834
7.5 10.125 0.00185612
7.5 12.375 0.00234324
7.5 14.625 0.00241185
7.5 16.875 0.00249861
7.5 19.125 0.00223629
7.5 21.375 0.0027888
7.5 23.625 0.00247997
7.5 25.875 0.00247573
7.5 28.125 0.00200861
7.5 30.375 0.00255833
7.5 32.625 0.00210501
7.5 34.875 0.00239709
7.5 37.125 0.00270488
7.5 39.375 0.00256103
7.5 41.625 0.00254555
7.5 43.875 0.00270817
7.7 1.125 0.00247924
7.7 3.375 0.0023588
7.7 5.625 0.00241437
7.7 7.875 0.00238969
7.7 10.125 0.0025246
7.7 12.375 0.00209103
7.7 14.625 0.00288947
7.7 16.875 0.00576385
7.7 19.125 0.00341972
7.7 21.375 0.00209941
7.7 23.625 0.00278617
7.7 25.875 0.00238751
7.7 28.125 0.00211219
7.7 30.375 0.00220827
7.7 32.625 0.00351677
7.7 34.875 0.0026628
7.7 37.125 0.00325245
7.7 39.375 0.00276634
7.7 41.625 0.00243021
7.7 43.875 0.00232345
7.9 1.125 0.00211337
7.9 3.375 0.00238082
7.9 5.625 0.00250716
7.9 7.875 0.00227165
7.9 10.125 0.0023607
7.9 12.375 0.00224287
7.9 14.625 0.00683893
7.9 16.875 0.00219652
7.9 19.125 0.00224793
7.9 21.375 0.0022999
7.9 23.625 0.00257026
7.9 25.875 0.00273819
7.9 28.125 0.00232364
7.9 30.375 0.0021256
7.9 32.625 0.00234348
7.9 34.875 0.0024296
7.9 37.125 0.00246533
7.9 39.375 0.00238932
7.9 41.625 0.00253524
7.9 43.875 0.0022734
8.1 1.125 0.00217469
8.1 3.375 0.0020926
8.1 5.625 0.00158786
8.1 7.875 0.00202588
8.1 10.125 0.0023716
8.1 12.375 0.00178343
8.1 14.625 0.00254367
8.1 16.875 0.0025558
8.1 19.125 0.00208722
8.1 21.375 0.00184627
8.1 23.625 0.00231195
8.1 25.875 0.00214807
8.1 28.125 0.00214436
8.1 30.375 0.00253889
8.1 32.625 0.00197946
8.1 34.875 0.00279938
8.1 37.125 0.00224879
8.1 39.375 0.00179024
8.1 41.625 0.00247011
8.1 43.875 0.00224264
8.3 1.125 0.00217201
8.3 3.375 0.00239691
8.3 5.625 0.00233642
8.3 7.875 0.0018337
8.3 10.125 0.00195133
8.3 12.375 0.00266514
8.3 14.625 0.00203146
8.3 16.875 0.00254616
8.3 19.125 0.00259469
8.3 21.375 0.0023808
8.3 23.625 0.00195858
8.3 25.875 0.00181872
8.3 28.125 0.00198541
8.3 30.375 0.00233684
8.3 32.625 0.00252698
8.3 34.875 0.00198651
8.3 37.125 0.00276773
8.3 39.375 0.0023861
8.3 41.625 0.00257607
8.3 43.875 0.00247767
8.5 1.125 0.00227415
8.5 3.375 0.00173994
8.5 5.625 0.00181082
8.5 7.875 0.00212354
8.5 10.125 0.00246386
8.5 12.375 0.00190045
8.5 14.625 0.00233665
8.5 16.875 0.00238631
8.5 19.125 0.0024427
8.5 21.375 0.00223252
8.5 23.625 0.0024379
8.5 25.875 0.00238013
8.5 28.125 0.00226947
8.5 30.375 0.00218455
8.5 32.625 0.00240611
8.5 34.875 0.00252981
8.5 37.125 0.00230195
8.5 39.375 0.00227838
8.5 41.625 0.00195498
8.5 43.875 0.00223526
8.7 1.125 0.00251174
8.7 3.375 0.00254962
8.7 5.625 0.00273695
8.7 7.875 0.00227329
8.7 10.125 0.00268972
8.7 12.375 0.00203148
8.7 14.625 0.00232326
8.7 16.875 0.0025339
8.7 19.125 0.0023195
8.7 21.375 0.00217573
8.7 23.625 0.00251182
8.7 25.875 0.00230567
8.7 28.125 0.00185608
8.7 30.375 0.00229076
8.7 32.625 0.00239736
8.7 34.875 0.00250886
8.7 37.125 0.00298765
8.7 39.375 0.0021769
8.7 41.625 0.00237022
8.7 43.875 0.00186724
8.9 1.125 0.00276437
8.9 3.375 0.00247824
8.9 5.625 0.00208929
8.9 7.875 0.00274226
8.9 10.125 0.00248287
8.9 12.375 0.00227106
8.9 14.625 0.00295163
8.9 16.875 0.00270527
8.9 19.125 0.00180855
8.9 21.375 0.00223929
8.9 23.625 0.0025018
8.9 25.875 0.00212418
8.9 28.125 0.00204272
8.9 30.375 0.00299883
8.9 32.625 0.00237181
8.9 34.875 0.00213463
8.9 37.125 0.00221798
8.9 39.375 0.00268324
8.9 41.625 0.00187629
8.9 43.875 0.00204129
9.1 1.125 0.00215404
9.1 3.375 0.0138847
9.1 5.625 0.00143281
9.1 7.875 0.00260796
9.1 10.125 0.00263365
9.1 12.375 0.0022391
9.1 14.625 0.00249478
9.1 16.875 0.00627596
9.1 19.125 0.00191666
9.1 21.375 0.001722
9.1 23.625 0.00211295
9.1 25.875 0.00189144
9.1 28.125 0.00204767
9.1 30.375 0.00192587
9.1 32.625 0.00183178
9.1 34.875 0.00194752
9.1 37.125 0.00195962
9.1 39.375 0.00254128
9.1 41.625 0.00211677
9.1 43.875 0.00244071
9.3 1.125 0.00191613
9.3 3.375 0.00194385
9.3 5.625 0.00214315
9.3 7.875 0.00204546
9.3 10.125 0.0023233
9.3 12.375 0.00279486
9.3 14.625 0.00233274
9.3 16.875 0.00266923
9.3 19.125 0.00200031
9.3 21.375 0.00237862
9.3 23.625 0.00218284
9.3 25.875 0.00183469
9.3 28.125 0.00302246
9.3 30.375 0.0017612
9.3 32.625 0.00223532
9.3 34.875 0.00227598
9.3 37.125 0.00178031
9.3 39.375 0.00210951
9.3 41.625 0.00209389
9.3 43.875 0.0017079
9.5 1.125 0.00211957
9.5 3.375 0.00221987
9.5 5.625 0.00302526
9.5 7.875 0.00231038
9.5 10.125 0.00202797
9.5 12.375 0.00294772
9.5 14.625 0.00213595
9.5 16.875 0.00300118
9.5 19.125 0.00202944
9.5 21.375 0.00284837
9.5 23.625 0.00188255
9.5 25.875 0.0027757
9.5 28.125 0.00177857
9.5 30.375 0.00222189
9.5 32.625 0.00195988
9.5 34.875 0.0024504
9.5 37.125 0.00243005
9.5 39.375 0.00198714
9.5 41.625 0.00210838
9.5 43.875 0.0138797
9.7 1.125 0.00223779
9.7 3.375 0.00199199
9.7 5.625 0.00273845
9.7 7.875 0.00207412
9.7 10.125 0.00192267
9.7 12.375 0.00220149
9.7 14.625 0.00174198
9.7 16.875 0.00234497
9.7 19.125 0.00244188
9.7 21.375 0.00167191
9.7 23.625 0.00235623
9.7 25.875 0.00188459
9.7 28.125 0.00232495
9.7 30.375 0.0016975
9.7 32.625 0.00182665
9.7 34.875 0.00278359
9.7 37.125 0.00244617
9.7 39.375 0.0017954
9.7 41.625 0.00184455
9.7 43.875 0.00265391
9.9 1.125 0.00198819
9.9 3.375 0.00240918
9.9 5.625 0.00266801
9.9 7.875 0.00167434
9.9 10.125 0.00280316
9.9 12.375 0.00221808
9.9 14.625 0.00231688
9.9 16.875 0.00226311
9.9 19.125 0.00218806
9.9 21.375 0.00212582
9.9 23.625 0.00308709
9.9 25.875 0.00300278
9.9 28.125 0.00258243
9.9 30.375 0.00200042
9.9 32.625 0.0205501
9.9 34.875 0.00193167
9.9 37.125 0.00189635
9.9 39.375 0.00180663
9.9 41.625 0.00231598
9.9 43.875 0.00237662
10.1 1.125 0.00220018
10.1 3.375 0.00206263
10.1 5.625 0.00224592
10.1 7.875 0.00202702
10.1 10.125 0.00227312
10.1 12.375 0.00240083
10.1 14.625 0.00212681
10.1 16.875 0.0022628
10.1 19.125 0.00196918
10.1 21.375 0.00211734
10.1 23.625 0.00235831
10.1 25.875 0.00236258
10.1 28.125 0.00189968
10.1 30.375 0.00181387
10.1 32.625 0.00263988
10.1 34.875 0.00234156
10.1 37.125 0.00347256
10.1 39.375 0.00268539
10.1 41.625 0.00243116
10.1 43.875 0.00218479
10.3 1.125 0.00216926
10.3 3.375 0.00191639
10.3 5.625 0.00194455
10.3 7.875 0.00181794
10.3 10.125 0.00246975
10.3 12.375 0.00387816
10.3 14.625 0.00228833
10.3 16.875 0.00219311
10.3 19.125 0.00217371
10.3 21.375 0.00186787
10.3 23.625 0.00249704
10.3 25.875 0.00252088
10.3 28.125 0.00225896
10.3 30.375 0.00311302
10.3 32.625 0.00241915
10.3 34.875 0.00389163
10.3 37.125 0.00226461
10.3 39.375 0.00213324
10.3 41.625 0.00203266
10.3 43.875 0.00189571
10.5 1.125 0.00205071
10.5 3.375 0.0020846
10.5 5.625 0.00203161
10.5 7.875 0.00185359
10.5 10.125 0.00185573
10.5 12.375 0.00177728
10.5 14.625 0.00240768
10.5 16.875 0.00204643
10.5 19.125 0.00176621
10.5 21.375 0.00159033
10.5 23.625 0.00180846
10.5 25.875 0.00220886
10.5 28.125 0.00220121
10.5 30.375 0.00185674
10.5 32.625 0.00192563
10.5 37.125 0.00145847
10.5 39.375 0.00144441
10.5 41.625 0.00191935
10.5 43.875 0.0021149
10.7 1.125 0.00164691
10.7 3.375 0.00234443
10.7 5.625 0.0015616
10.7 7.875 0.00253732
10.7 10.125 0.00185907
10.7 12.375 0.00205572
10.7 14.625 0.00183121
10.7 16.875 0.00196392
10.7 19.125 0.00273248
10.7 21.375 0.00218687
10.7 23.625 0.00237377
10.7 25.875 0.00217836
10.7 28.125 0.00274512
10.7 30.375 0.00194332
10.7 32.625 0.00229404
10.7 34.875 0.00292243
10.7 37.125 0.00182382
10.7 39.375 0.0022772
10.7 41.625 0.0018674
10.7 43.875 0.00245814
10.9 1.125 0.00206713
10.9 3.375 0.00171228
10.9 5.625 0.00157755
10.9 7.875 0.000963583
10.9 10.125 0.00212533
10.9 12.375 0.00222273
10.9 14.625 0.00192498
10.9 16.875 0.00158046
10.9 19.125 0.00160934
10.9 21.375 0.00215332
10.9 23.625 0.00243713
10.9 25.875 0.0018909
10.9 28.125 0.00243563
10.9 30.375 0.00360759
10.9 32.625 0.00358171
10.9 34.875 0.00325501
10.9 37.125 0.00158088
10.9 39.375 0.00301324
10.9 41.625 0.00226345
10.9 43.875 0.00220685
11.1 1.125 0.00211852
11.1 3.375 0.00246765
11.1 5.625 0.0014926
11.1 7.875 0.0045508
11.1 10.125 0.00170616
11.1 12.375 0.0024024
11.1 14.625 0.00241464
11.1 16.875 0.00175458
11.1 19.125 0.001588
11.1 21.375 0.00285078
11.1 23.625 0.00184446
11.1 25.875 0.00276481
11.1 28.125 0.00173717
11.1 30.375 0.00190265
11.1 32.625 0.0017677
11.1 34.875 0.00284163
11.1 37.125 0.00212495
11.1 39.375 0.00288075
11.1 41.625 0.00198838
11.1 43.875 0.00198092
11.3 1.125 0.00258198
11.3 3.375 0.00166513
11.3 5.625 0.00156143
11.3 7.875 0.00184729
11.3 10.125 0.00181757
11.3 12.375 0.00215236
11.3 14.625 0.00159089
11.3 16.875 0.00160384
11.3 21.375 0.00288908
11.3 23.625 0.00214831
11.3 25.875 0.00202003
11.3 28.125 0.00176293
11.3 30.375 0.00224044
11.3 32.625 0.00209909
11.3 34.875 0.00212072
11.3 37.125 0.00238108
11.3 39.375 0.00167167
11.3 41.625 0.00314056
11.3 43.875 0.00140162
11.5 1.125 0.00184355
11.5 3.375 0.00184982
11.5 5.625 0.00310266
11.5 7.875 0.00195934
11.5 10.125 0.00251911
11.5 12.375 0.00177286
11.5 14.625 0.00174763
11.5 16.875 0.00159448
11.5 21.375 0.00244796
11.5 23.625 0.00177255
11.5 25.875 0.00200468
11.5 28.125 0.00199265
11.5 30.375 0.0017095
11.5 32.625 0.00205482
11.5 34.875 0.00225828
11.5 37.125 0.00211471
11.5 39.375 0.00164408
11.5 41.625 0.00271233
11.5 43.875 0.00154317
11.7 1.125 0.00234762
11.7 3.375 0.00144089
11.7 5.625 0.0014257
11.7 7.875 0.00221597
11.7 10.125 0.00164892
11.7 12.375 0.00207259
11.7 19.125 0.0283803
11.7 21.375 0.00182338
11.7 23.625 0.00203681
11.7 25.875 0.00202321
11.7 28.125 0.00203642
11.7 30.375 0.00203211
11.7 32.625 0.00201511
11.7 34.875 0.00265579
11.7 37.125 0.00213585
11.7 39.375 0.00239401
11.7 41.625 0.00172351
11.7 43.875 0.00282661
11.9 1.125 0.00268337
11.9 3.375 0.00216853
11.9 5.625 0.00186533
11.9 7.875 0.0024241
11.9 10.125 0.00236493
11.9 12.375 0.00252355
11.9 14.625 0.00205155
11.9 16.875 0.00304467
11.9 19.125 0.00266133
11.9 21.375 0.00172928
11.9 23.625 0.00345675
11.9 25.875 0.00207638
11.9 28.125 0.00203662
11.9 30.375 0.00200536
11.9 32.625 0.0020619
11.9 34.875 0.0015195
11.9 37.125 0.00218974
11.9 39.375 0.00197686
11.9 41.625 0.00254493
11.9 43.875 0.000991476
12.1 1.125 0.00212843
12.1 3.375 0.00169218
12.1 5.625 0.00232277
12.1 7.875 0.00221054
12.1 10.125 0.00243912
12.1 12.375 0.00224557
12.1 14.625 0.00176847
12.1 16.875 0.00273465
12.1 19.125 0.00219144
12.1 21.375 0.00174293
12.1 23.625 0.00252195
12.1 25.875 0.00186057
12.1 28.125 0.00274124
12.1 30.375 0.00198212
12.1 32.625 0.00132983
12.1 34.875 0.00186571
12.1 37.125 0.00204088
12.1 39.375 0.00197696
12.1 41.625 0.00396399
12.1 43.875 0.00355743
12.3 1.125 0.00193434
12.3 3.375 0.00158103
12.3 5.625 0.0028526
12.3 7.875 0.00192921
12.3 10.125 0.00272967
12.3 12.375 0.00220885
12.3 14.625 0.00297221
12.3 16.875 0.00248042
12.3 19.125 0.00167789
12.3 21.375 0.00228795
12.3 23.625 0.00212944
12.3 25.875 0.00218815
12.3 28.125 0.00158812
12.3 30.375 0.00113359
12.3 32.625 0.00283734
12.3 34.875 0.00241526
12.3 37.125 0.00205958
12.3 39.375 0.00177531
12.3 41.625 0.00172975
12.5 1.125 0.00178786
12.5 3.375 0.00280405
12.5 5.625 0.00190942
12.5 7.875 0.00171979
12.5 10.125 0.00328795
12.5 12.375 0.00237065
12.5 14.625 0.00183921
12.5 16.875 0.00238147
12.5 19.125 0.00164133
12.5 21.375 0.00308671
12.5 23.625 0.00157395
12.5 25.875 0.0020747
12.5 28.125 0.00119212
12.5 30.375 0.00160616
12.5 32.625 0.00251868
12.5 34.875 0.00225378
12.5 37.125 0.0018525
12.5 39.375 0.0016873
12.5 41.625 0.00163557
12.5 43.875 0.0012357
12.7 1.125 0.00249663
12.7 3.375 0.00136352
12.7 5.625 0.00238659
12.7 7.875 0.00161595
12.7 10.125 0.00166051
12.7 12.375 0.00155743
12.7 14.625 0.00214391
12.7 16.875 0.00157662
12.7 19.125 0.00203221
12.7 21.375 0.00227577
12.7 23.625 0.00247522
12.7 25.875 0.00263381
12.7 28.125 0.00154628
12.7 30.375 0.00442108
12.7 32.625 0.00152869
12.7 34.875 0.00171604
12.7 37.125 0.00257635
12.7 39.375 0.00190709
12.7 41.625 0.0015529
12.7 43.875 0.00234174
12.9 1.125 0.00200214
12.9 3.375 0.00139495
12.9 5.625 0.00180935
12.9 7.875 0.00193484
12.9 10.125 0.00201911
12.9 12.375 0.00205557
12.9 14.625 0.00214376
12.9 16.875 0.00284025
12.9 19.125 0.0015632
12.9 21.375 0.00191634
12.9 23.625 0.00221228
12.9 25.875 0.00254546
12.9 30.375 0.00200185
12.9 32.625 0.00185522
12.9 34.875 0.00184489
12.9 37.125 0.00155822
12.9 39.375 0.00246952
12.9 41.625 0.00233903
12.9 43.875 0.00138434
13.1 1.125 0.0021254
13.1 7.875 0.00198008
13.1 10.125 0.00228014
13.1 12.375 0.00191362
13.1 14.625 0.00150929
13.1 16.875 0.0015257
13.1 19.125 0.0023709
13.1 21.375 0.00165877
13.1 23.625 0.00208432
13.1 25.875 0.00267614
13.1 28.125 0.00109649
13.1 30.375 0.00157234
13.1 32.625 0.00192054
13.1 37.125 0.00175749
13.1 39.375 0.00232188
13.1 41.625 0.00193984
13.1 43.875 0.0156874
13.3 1.125 0.00221103
13.3 7.875 0.00245789
13.3 10.125 0.00298947
13.3 12.375 0.00224617
13.3 16.875 0.00123636
13.3 19.125 0.00149264
13.3 21.375 0.0013315
13.3 23.625 0.00164542
13.3 25.875 0.00212079
13.3 28.125 0.00118822
13.3 30.375 0.00174278
13.3 32.625 0.00264815
13.3 34.875 0.00269454
13.3 37.125 0.00830084
13.3 39.375 0.00303118
13.3 41.625 0.00192101
13.3 43.875 0.00251662
13.5 1.125 0.00235197
13.5 7.875 0.0018736
13.5 10.125 0.00169177
13.5 12.375 0.00252972
13.5 19.125 0.00193431
13.5 21.375 0.0285251
13.5 23.625 0.00238455
13.5 25.875 0.00226012
13.5 28.125 0.000961154
13.5 30.375 0.00153871
13.5 32.625 0.00192585
13.5 34.875 0.00180597
13.5 41.625 0.00245946
13.5 43.875 0.00339664
13.7 1.125 0.00190685
13.7 5.625 0.00240867
13.7 10.125 0.0015635
13.7 12.375 0.00170458
13.7 16.875 0.00209335
13.7 19.125 0.00334943
13.7 21.375 0.00168883
13.7 23.625 0.00204567
13.7 25.875 0.00163826
13.7 28.125 0.00206914
13.7 30.375 0.00243188
13.7 32.625 0.0019091
13.7 34.875 0.00220516
13.7 37.125 0.00228861
13.7 43.875 0.00214017
13.9 1.125 0.00328082
13.9 3.375 0.00154663
13.9 5.625 0.00161896
13.9 7.875 0.00282993
13.9 10.125 0.00194435
13.9 12.375 0.00273851
13.9 19.125 0.00209321
13.9 21.375 0.00145425
13.9 23.625 0.00185181
13.9 25.875 0.00388999
13.9 28.125 0.00278246
13.9 30.375 0.00233403
13.9 32.625 0.00156012
13.9 41.625 0.00173385
13.9 43.875 0.00203783
