0.1 1.125 4.32513
0.1 3.375 4.0107
0.1 5.625 3.48037
0.1 7.875 2.86717
0.1 10.125 1.77663
0.1 12.375 2.76458
0.1 14.625 3.07139
0.1 16.875 4.21501
0.1 19.125 3.66191
0.1 21.375 3.94361
0.1 23.625 3.99488
0.1 25.875 4.30584
0.1 28.125 4.84298
0.1 32.625 3.87808
0.1 34.875 4.3935
0.1 37.125 4.91643
0.1 39.375 4.90182
0.1 41.625 4.85667
0.1 43.875 4.79426
0.3 1.125 4.4043
0.3 3.375 4.56772
0.3 5.625 4.7655
0.3 7.875 4.43987
0.3 10.125 4.85613
0.3 12.375 4.77382
0.3 14.625 4.71521
0.3 16.875 4.8702
0.3 19.125 4.72003
0.3 21.375 4.88414
0.3 23.625 4.91225
0.3 25.875 4.73424
0.3 28.125 4.70036
0.3 30.375 4.54376
0.3 32.625 4.71979
0.3 34.875 4.69883
0.3 37.125 4.62377
0.3 39.375 4.30198
0.3 41.625 4.76291
0.3 43.875 4.65891
0.5 1.125 3.98395
0.5 3.375 4.67696
0.5 5.625 4.65598
0.5 7.875 4.51578
0.5 10.125 4.79953
0.5 12.375 4.51297
0.5 14.625 4.73791
0.5 16.875 4.74063
0.5 19.125 4.76657
0.5 21.375 4.6073
0.5 23.625 4.77243
0.5 25.875 4.67105
0.5 28.125 4.7863
0.5 30.375 4.6782
0.5 32.625 4.53675
0.5 34.875 4.73784
0.5 37.125 4.59227
0.5 39.375 4.78284
0.5 41.625 4.51824
0.5 43.875 4.49859
0.7 1.125 4.02405
0.7 3.375 4.46764
0.7 5.625 4.44581
0.7 7.875 4.35999
0.7 10.125 4.51491
0.7 12.375 4.50082
0.7 14.625 4.53759
0.7 16.875 4.4006
0.7 19.125 4.53005
0.7 21.375 4.34194
0.7 23.625 4.56206
0.7 25.875 4.49376
0.7 28.125 4.44376
0.7 30.375 4.49627
0.7 32.625 4.50459
0.7 34.875 4.56417
0.7 37.125 4.61439
0.7 39.375 4.25098
0.7 41.625 4.57638
0.7 43.875 4.51715
0.9 1.125 3.71285
0.9 3.375 3.77146
0.9 5.625 3.92226
0.9 7.875 4.034
0.9 10.125 3.95957
0.9 12.375 3.96586
0.9 14.625 3.6675
0.9 16.875 4.02505
0.9 19.125 4.07493
0.9 21.375 4.15309
0.9 23.625 4.11255
0.9 25.875 4.10898
0.9 28.125 4.07018
0.9 30.375 4.21941
0.9 32.625 4.27509
0.9 34.875 4.20932
0.9 37.125 4.24684
0.9 39.375 4.13625
0.9 41.625 4.25859
0.9 43.875 4.24065
1.1 1.125 2.73701
1.1 3.375 3.00187
1.1 5.625 2.90504
1.1 7.875 3.02676
1.1 10.125 2.98636
1.1 12.375 2.96298
1.1 14.625 2.87877
1.1 16.875 3.06531
1.1 19.125 3.3039
1.1 21.375 3.33662
1.1 23.625 3.40985
1.1 25.875 3.39962
1.1 28.125 3.50823
1.1 30.375 3.67218
1.1 32.625 3.6405
1.1 34.875 3.77575
1.1 37.125 3.74157
1.1 39.375 3.82007
1.1 41.625 3.81715
1.1 43.875 3.83085
1.3 1.125 1.56219
1.3 3.375 1.74407
1.3 5.625 1.58916
1.3 7.875 1.68873
1.3 10.125 1.6723
1.3 12.375 1.83939
1.3 14.625 1.84806
1.3 16.875 1.89797
1.3 19.125 1.9531
1.3 21.375 2.07065
1.3 23.625 2.20234
1.3 25.875 2.09115
1.3 28.125 2.40525
1.3 30.375 2.54237
1.3 32.625 2.67868
1.3 34.875 2.78514
1.3 37.125 2.97962
1.3 39.375 3.13406
1.3 41.625 3.17813
1.3 43.875 3.02781
1.5 1.125 0.848644
1.5 3.375 0.867225
1.5 5.625 0.880256
1.5 7.875 0.865597
1.5 10.125 0.945788
1.5 12.375 0.909032
1.5 14.625 0.938675
1.5 16.875 0.94313
1.5 19.125 1.02511
1.5 21.375 1.05839
1.5 23.625 1.11478
1.5 25.875 1.19069
1.5 28.125 1.33188
1.5 30.375 1.36924
1.5 32.625 1.52438
1.5 34.875 1.6273
1.5 37.125 1.88919
1.5 39.375 1.6601
1.5 41.625 2.1277
1.5 43.875 2.0379
1.7 1.125 0.462395
1.7 3.375 0.496829
1.7 5.625 0.494229
1.7 7.875 0.503046
1.7 10.125 0.509595
1.7 12.375 0.527326
1.7 14.625 0.536534
1.7 16.875 0.554597
1.7 19.125 0.582069
1.7 21.375 0.577298
1.7 23.625 0.599812
1.7 25.875 0.64021
1.7 28.125 0.633523
1.7 30.375 0.679235
1.7 32.625 0.753999
1.7 34.875 0.813182
1.7 37.125 0.867023
1.7 39.375 0.981616
1.7 41.625 1.11814
1.7 43.875 1.1262
1.9 1.125 0.29265
1.9 3.375 0.300145
1.9 5.625 0.310807
1.9 7.875 0.31599
1.9 10.125 0.319501
1.9 12.375 0.320764
1.9 14.625 0.320315
1.9 16.875 0.327219
1.9 19.125 0.356039
1.9 21.375 0.365542
1.9 23.625 0.375835
1.9 25.875 0.374326
1.9 28.125 0.38865
1.9 30.375 0.405187
1.9 32.625 0.465397
1.9 34.875 0.49422
1.9 37.125 0.495489
1.9 39.375 0.526045
1.9 41.625 0.546331
1.9 43.875 0.607533
2.1 1.125 0.187282
2.1 3.375 0.208626
2.1 5.625 0.211157
2.1 7.875 0.215366
2.1 10.125 0.217355
2.1 12.375 0.223403
2.1 14.625 0.217734
2.1 16.875 0.219997
2.1 19.125 0.251429
2.1 21.375 0.232395
2.1 23.625 0.240998
2.1 25.875 0.244443
2.1 28.125 0.256352
2.1 30.375 0.273769
2.1 32.625 0.301521
2.1 34.875 0.302762
2.1 37.125 0.324841
2.1 39.375 0.334578
2.1 41.625 0.340818
2.1 43.875 0.327272
2.3 1.125 0.141822
2.3 3.375 0.148418
2.3 5.625 0.146927
2.3 7.875 0.147652
2.3 10.125 0.158044
2.3 12.375 0.155631
2.3 14.625 0.154985
2.3 16.875 0.159674
2.3 19.125 0.157094
2.3 21.375 0.163982
2.3 23.625 0.175902
2.3 25.875 0.166312
2.3 28.125 0.17547
2.3 30.375 0.187424
2.3 32.625 0.193877
2.3 34.875 0.204301
2.3 37.125 0.213544
2.3 39.375 0.207274
2.3 41.625 0.211222
2.3 43.875 0.215847
2.5 1.125 0.113595
2.5 3.375 0.110263
2.5 5.625 0.11569
2.5 7.875 0.109831
2.5 10.125 0.112427
2.5 12.375 0.108837
2.5 14.625 0.114868
2.5 16.875 0.116475
2.5 19.125 0.113664
2.5 21.375 0.119369
2.5 23.625 0.124269
2.5 25.875 0.13272
2.5 28.125 0.131259
2.5 30.375 0.143138
2.5 32.625 0.145862
2.5 34.875 0.145391
2.5 37.125 0.142362
2.5 39.375 0.150242
2.5 41.625 0.148378
2.5 43.875 0.144424
2.7 1.125 0.0873668
2.7 3.375 0.0880315
2.7 5.625 0.0935207
2.7 7.875 0.0871081
2.7 10.125 0.0881107
2.7 12.375 0.0927023
2.7 14.625 0.0914401
2.7 16.875 0.09252
2.7 19.125 0.0891714
2.7 21.375 0.0920428
2.7 23.625 0.0962392
2.7 25.875 0.0995208
2.7 28.125 0.0993526
2.7 30.375 0.0996208
2.7 32.625 0.103674
2.7 34.875 0.100928
2.7 37.125 0.103123
2.7 39.375 0.0986729
2.7 41.625 0.0993944
2.7 43.875 0.110308
2.9 1.125 0.0728777
2.9 3.375 0.070779
2.9 5.625 0.0730654
2.9 7.875 0.0720085
2.9 10.125 0.0745095
2.9 12.375 0.0708689
2.9 14.625 0.0728016
2.9 16.875 0.0748521
2.9 19.125 0.0774618
2.9 21.375 0.082817
2.9 23.625 0.0824703
2.9 25.875 0.0853006
2.9 28.125 0.0770619
2.9 30.375 0.0799015
2.9 32.625 0.0807937
2.9 34.875 0.0806288
2.9 37.125 0.0762048
2.9 39.375 0.0881846
2.9 41.625 0.0749701
2.9 43.875 0.0774463
3.1 1.125 0.0612827
3.1 3.375 0.0606122
3.1 5.625 0.0607998
3.1 7.875 0.0600613
3.1 10.125 0.0627555
3.1 12.375 0.0615464
3.1 14.625 0.061318
3.1 16.875 0.0601042
3.1 19.125 0.0636429
3.1 21.375 0.0637594
3.1 23.625 0.0611974
3.1 25.875 0.067697
3.1 28.125 0.06679
3.1 30.375 0.0671488
3.1 32.625 0.0674594
3.1 34.875 0.065406
3.1 37.125 0.0616496
3.1 39.375 0.0593561
3.1 41.625 0.0616256
3.1 43.875 0.0596772
3.3 1.125 0.0505079
3.3 3.375 0.0483384
3.3 5.625 0.0486848
3.3 7.875 0.0488358
3.3 10.125 0.0481146
3.3 12.375 0.0499752
3.3 14.625 0.0503382
3.3 16.875 0.0514757
3.3 19.125 0.0501391
3.3 21.375 0.0514993
3.3 23.625 0.0546652
3.3 25.875 0.0565041
3.3 28.125 0.0546493
3.3 30.375 0.052482
3.3 32.625 0.0550869
3.3 34.875 0.0542352
3.3 37.125 0.0538213
3.3 39.375 0.051407
3.3 41.625 0.0489728
3.3 43.875 0.050114
3.5 1.125 0.0395481
3.5 3.375 0.0381995
3.5 5.625 0.0421168
3.5 7.875 0.0395627
3.5 10.125 0.0405364
3.5 12.375 0.0417543
3.5 14.625 0.040444
3.5 16.875 0.0402757
3.5 19.125 0.0421503
3.5 21.375 0.0441683
3.5 23.625 0.0431276
3.5 25.875 0.0454336
3.5 28.125 0.0443885
3.5 30.375 0.0446231
3.5 32.625 0.0455385
3.5 34.875 0.0431259
3.5 37.125 0.0443288
3.5 39.375 0.0441424
3.5 41.625 0.0428639
3.5 43.875 0.041136
3.7 1.125 0.0444247
3.7 3.375 0.0326219
3.7 5.625 0.0315257
3.7 7.875 0.0339773
3.7 10.125 0.0330966
3.7 12.375 0.0331423
3.7 14.625 0.0308911
3.7 16.875 0.033429
3.7 19.125 0.0344297
3.7 21.375 0.0357577
3.7 23.625 0.035656
3.7 25.875 0.0377464
3.7 28.125 0.0374474
3.7 30.375 0.0365346
3.7 32.625 0.0383608
3.7 34.875 0.0373732
3.7 37.125 0.0363281
3.7 39.375 0.0362115
3.7 41.625 0.0364155
3.7 43.875 0.0366841
3.9 1.125 0.0268208
3.9 3.375 0.0263102
3.9 5.625 0.0273406
3.9 7.875 0.028207
3.9 10.125 0.0261391
3.9 12.375 0.0265836
3.9 14.625 0.0278399
3.9 16.875 0.0273273
3.9 19.125 0.0280963
3.9 21.375 0.0288255
3.9 23.625 0.0304614
3.9 25.875 0.0325748
3.9 28.125 0.0309433
3.9 30.375 0.0298829
3.9 32.625 0.0308259
3.9 34.875 0.0309717
3.9 37.125 0.0315599
3.9 39.375 0.0297654
3.9 41.625 0.0322159
3.9 43.875 0.0304627
4.1 1.125 0.0223078
4.1 3.375 0.0229269
4.1 5.625 0.0256501
4.1 7.875 0.022281
4.1 10.125 0.0224206
4.1 12.375 0.0233226
4.1 14.625 0.0232154
4.1 16.875 0.0224438
4.1 19.125 0.0246121
4.1 21.375 0.0242463
4.1 23.625 0.0256381
4.1 25.875 0.0269219
4.1 28.125 0.0255214
4.1 30.375 0.0264613
4.1 32.625 0.0262323
4.1 34.875 0.0268106
4.1 37.125 0.0256955
4.1 39.375 0.0259088
4.1 41.625 0.0260211
4.1 43.875 0.0264965
4.3 1.125 0.0196829
4.3 3.375 0.0198432
4.3 5.625 0.0214571
4.3 7.875 0.0204542
4.3 10.125 0.0190474
4.3 12.375 0.0185014
4.3 14.625 0.0202905
4.3 16.875 0.0217839
4.3 19.125 0.0210066
4.3 21.375 0.0211915
4.3 23.625 0.0211113
4.3 25.875 0.0214322
4.3 28.125 0.0204331
4.3 30.375 0.0214986
4.3 32.625 0.0227416
4.3 34.875 0.0210918
4.3 37.125 0.0217591
4.3 39.375 0.0208825
4.3 41.625 0.0232971
4.3 43.875 0.0226595
4.5 1.125 0.0164306
4.5 3.375 0.0166053
4.5 5.625 0.0167735
4.5 7.875 0.0206901
4.5 10.125 0.0173615
4.5 12.375 0.0170163
4.5 14.625 0.0171766
4.5 16.875 0.0183058
4.5 19.125 0.0176261
4.5 21.375 0.0185628
4.5 23.625 0.0180297
4.5 25.875 0.0177983
4.5 28.125 0.0173007
4.5 30.375 0.017847
4.5 32.625 0.017866
4.5 34.875 0.0176425
4.5 37.125 0.0272751
4.5 39.375 0.0208931
4.5 41.625 0.019042
4.5 43.875 0.0200778
4.7 1.125 0.0263808
4.7 3.375 0.0139894
4.7 5.625 0.0134562
4.7 7.875 0.014327
4.7 10.125 0.0148333
4.7 12.375 0.0148375
4.7 14.625 0.0150249
4.7 16.875 0.0159143
4.7 19.125 0.0157823
4.7 21.375 0.0168235
4.7 23.625 0.0158345
4.7 25.875 0.0162261
4.7 28.125 0.0151079
4.7 30.375 0.0148904
4.7 32.625 0.015299
4.7 34.875 0.0161778
4.7 37.125 0.0160878
4.7 39.375 0.015884
4.7 41.625 0.0161062
4.7 43.875 0.0162782
4.9 1.125 0.0117962
4.9 3.375 0.0119931
4.9 5.625 0.0120328
4.9 7.875 0.0124058
4.9 10.125 0.0127421
4.9 12.375 0.0123771
4.9 14.625 0.0217255
4.9 16.875 0.0131201
4.9 19.125 0.0136612
4.9 21.375 0.0133351
4.9 23.625 0.0137053
4.9 25.875 0.0127078
4.9 28.125 0.0137172
4.9 30.375 0.01405
4.9 32.625 0.0136144
4.9 34.875 0.0140011
4.9 37.125 0.0140434
4.9 39.375 0.0144721
4.9 41.625 0.013413
4.9 43.875 0.014191
5.1 1.125 0.0106734
5.1 3.375 0.0111321
5.1 5.625 0.0107744
5.1 7.875 0.0104385
5.1 10.125 0.0109082
5.1 12.375 0.0106801
5.1 14.625 0.0118973
5.1 16.875 0.011577
5.1 19.125 0.0129743
5.1 21.375 0.0113251
5.1 23.625 0.0114411
5.1 25.875 0.0112034
5.1 28.125 0.0122769
5.1 30.375 0.0118943
5.1 32.625 0.0118658
5.1 34.875 0.0120217
5.1 37.125 0.0114465
5.1 39.375 0.011915
5.1 41.625 0.0118815
5.1 43.875 0.0122153
5.3 1.125 0.00927517
5.3 3.375 0.00969603
5.3 5.625 0.00952241
5.3 7.875 0.00959313
5.3 10.125 0.00992583
5.3 12.375 0.0102165
5.3 14.625 0.0135354
5.3 16.875 0.0106097
5.3 19.125 0.0107092
5.3 21.375 0.0104629
5.3 23.625 0.00998393
5.3 25.875 0.0110158
5.3 28.125 0.0105772
5.3 30.375 0.0109677
5.3 32.625 0.0109114
5.3 34.875 0.0107685
5.3 37.125 0.00966857
5.3 39.375 0.0110791
5.3 41.625 0.0101053
5.3 43.875 0.0101936
5.5 1.125 0.00829163
5.5 3.375 0.00844164
5.5 5.625 0.00820791
5.5 7.875 0.00872977
5.5 10.125 0.0099555
5.5 12.375 0.00921432
5.5 14.625 0.0086709
5.5 16.875 0.00884515
5.5 19.125 0.00936313
5.5 21.375 0.00853833
5.5 23.625 0.00888568
5.5 25.875 0.00853548
5.5 28.125 0.00920224
5.5 30.375 0.00880517
5.5 32.625 0.00896122
5.5 34.875 0.0092316
5.5 37.125 0.00924393
5.5 39.375 0.00943988
5.5 41.625 0.00921469
5.5 43.875 0.00872172
5.7 1.125 0.00701262
5.7 3.375 0.00727678
5.7 5.625 0.00709381
5.7 7.875 0.00740376
5.7 10.125 0.00747525
5.7 12.375 0.00787392
5.7 14.625 0.00789504
5.7 16.875 0.00782335
5.7 19.125 0.00804836
5.7 21.375 0.007796
5.7 23.625 0.00796166
5.7 25.875 0.00823851
5.7 28.125 0.00859412
5.7 30.375 0.00785879
5.7 32.625 0.00811445
5.7 34.875 0.00842949
5.7 37.125 0.00803222
5.7 39.375 0.00850253
5.7 41.625 0.00810991
5.7 43.875 0.00759133
5.9 1.125 0.00646238
5.9 3.375 0.00661019
5.9 5.625 0.0066545
5.9 7.875 0.0064044
5.9 10.125 0.00672168
5.9 12.375 0.00637555
5.9 14.625 0.0145261
5.9 16.875 0.00639907
5.9 19.125 0.00710601
5.9 21.375 0.00715061
5.9 23.625 0.00738321
5.9 25.875 0.00711309
5.9 28.125 0.00717398
5.9 30.375 0.00710498
5.9 32.625 0.00724625
5.9 34.875 0.0073676
5.9 37.125 0.00696714
5.9 39.375 0.00748512
5.9 41.625 0.00725882
5.9 43.875 0.00754651
6.1 1.125 0.005941
6.1 3.375 0.00574117
6.1 5.625 0.00572446
6.1 7.875 0.0117608
6.1 10.125 0.00593658
6.1 12.375 0.00587857
6.1 14.625 0.00582753
6.1 16.875 0.006661
6.1 19.125 0.00629859
6.1 21.375 0.00648822
6.1 23.625 0.0062217
6.1 25.875 0.00651511
6.1 28.125 0.00638513
6.1 30.375 0.00660317
6.1 32.625 0.00634685
6.1 34.875 0.00678765
6.1 37.125 0.00666478
6.1 39.375 0.00666291
6.1 41.625 0.00658513
6.1 43.875 0.00641274
6.3 1.125 0.00571204
6.3 3.375 0.00718006
6.3 5.625 0.00544292
6.3 7.875 0.00528581
6.3 10.125 0.0144476
6.3 12.375 0.00537579
6.3 14.625 0.0057355
6.3 16.875 0.00573441
6.3 19.125 0.00552725
6.3 21.375 0.00533742
6.3 23.625 0.00567057
6.3 25.875 0.00603308
6.3 28.125 0.00606259
6.3 30.375 0.0063414
6.3 32.625 0.00625353
6.3 34.875 0.0259678
6.3 37.125 0.00612899
6.3 39.375 0.0146792
6.3 41.625 0.00608906
6.3 43.875 0.00601977
6.5 1.125 0.00466993
6.5 3.375 0.00601373
6.5 5.625 0.0052268
6.5 7.875 0.00515808
6.5 10.125 0.00512139
6.5 12.375 0.0135078
6.5 14.625 0.0052372
6.5 16.875 0.00511828
6.5 19.125 0.00535423
6.5 21.375 0.00529207
6.5 23.625 0.00531311
6.5 25.875 0.0055506
6.5 28.125 0.00556381
6.5 30.375 0.00518063
6.5 32.625 0.00573149
6.5 34.875 0.00524449
6.5 37.125 0.00565025
6.5 39.375 0.00526846
6.5 41.625 0.00520119
6.5 43.875 0.00503684
6.7 1.125 0.0046847
6.7 3.375 0.012238
6.7 5.625 0.010708
6.7 7.875 0.00439347
6.7 10.125 0.0144781
6.7 12.375 0.00507174
6.7 14.625 0.00450783
6.7 16.875 0.0047457
6.7 19.125 0.00502457
6.7 21.375 0.00521882
6.7 23.625 0.00492261
6.7 25.875 0.00457215
6.7 28.125 0.00659445
6.7 30.375 0.00486804
6.7 32.625 0.00496234
6.7 34.875 0.00488783
6.7 37.125 0.00506613
6.7 39.375 0.0044839
6.7 41.625 0.00488872
6.7 43.875 0.00526191
6.9 1.125 0.00985973
6.9 3.375 0.00440884
6.9 5.625 0.00428384
6.9 7.875 0.00440472
6.9 10.125 0.0046718
6.9 12.375 0.00453
6.9 14.625 0.00435688
6.9 16.875 0.00624134
6.9 19.125 0.00439706
6.9 21.375 0.0046363
6.9 23.625 0.0117468
6.9 25.875 0.00449566
6.9 28.125 0.00475818
6.9 30.375 0.0046573
6.9 32.625 0.00446652
6.9 34.875 0.00449896
6.9 37.125 0.00452137
6.9 39.375 0.00479569
6.9 41.625 0.00461385
6.9 43.875 0.00450894
7.1 1.125 0.0104044
7.1 3.375 0.0078238
7.1 5.625 0.00409136
7.1 7.875 0.0107958
7.1 10.125 0.0068723
7.1 12.375 0.0043911
7.1 14.625 0.0122141
7.1 16.875 0.00413446
7.1 19.125 0.00453237
7.1 21.375 0.0133833
7.1 23.625 0.004014
7.1 25.875 0.00518567
7.1 28.125 0.00871501
7.1 30.375 0.00432991
7.1 32.625 0.00387339
7.1 34.875 0.00419751
7.1 37.125 0.00417956
7.1 39.375 0.00420002
7.1 41.625 0.00406479
7.1 43.875 0.00416843
7.3 1.125 0.00365203
7.3 3.375 0.00404852
7.3 5.625 0.00387244
7.3 7.875 0.00397665
7.3 10.125 0.0038259
7.3 12.375 0.00411
7.3 14.625 0.00436277
7.3 16.875 0.00409417
7.3 19.125 0.00461816
7.3 21.375 0.00405024
7.3 23.625 0.00430455
7.3 25.875 0.0041175
7.3 28.125 0.00411213
7.3 30.375 0.00394384
7.3 32.625 0.00396651
7.3 34.875 0.00402577
7.3 37.125 0.00401611
7.3 39.375 0.00376002
7.3 41.625 0.00410805
7.3 43.875 0.00388996
7.5 1.125 0.00332221
7.5 3.375 0.00368824
7.5 5.625 0.0035807
7.5 7.875 0.00354051
7.5 10.125 0.00365885
7.5 12.375 0.00367206
7.5 14.625 0.00362527
7.5 16.875 0.00700355
7.5 19.125 0.0100132
7.5 21.375 0.00372469
7.5 23.625 0.00375223
7.5 25.875 0.00374052
7.5 28.125 0.00406178
7.5 30.375 0.00380611
7.5 32.625 0.00359351
7.5 34.875 0.00346885
7.5 37.125 0.00387906
7.5 39.375 0.003947
7.5 41.625 0.00374131
7.5 43.875 0.0045084
7.7 1.125 0.00357923
7.7 3.375 0.00356385
7.7 5.625 0.00337429
7.7 7.875 0.00346467
7.7 10.125 0.00473933
7.7 12.375 0.00343701
7.7 14.625 0.00361678
7.7 16.875 0.00365471
7.7 19.125 0.00335977
7.7 21.375 0.00345392
7.7 23.625 0.00364566
7.7 25.875 0.00372356
7.7 28.125 0.00536918
7.7 30.375 0.00342713
7.7 32.625 0.0034779
7.7 34.875 0.00368648
7.7 37.125 0.00371296
7.7 39.375 0.00345079
7.7 41.625 0.00380687
7.7 43.875 0.00379306
7.9 1.125 0.00342712
7.9 3.375 0.00372449
7.9 5.625 0.00361426
7.9 7.875 0.00334374
7.9 10.125 0.00349341
7.9 12.375 0.0036986
7.9 14.625 0.0034778
7.9 16.875 0.00350879
7.9 19.125 0.00351592
7.9 21.375 0.00390953
7.9 23.625 0.00315718
7.9 25.875 0.00349345
7.9 28.125 0.00346244
7.9 30.375 0.00316231
7.9 32.625 0.00355737
7.9 34.875 0.00924922
7.9 37.125 0.0034346
7.9 39.375 0.00342198
7.9 41.625 0.00360233
7.9 43.875 0.00343131
8.1 1.125 0.00388749
8.1 3.375 0.0030623
8.1 5.625 0.00317046
8.1 7.875 0.00332506
8.1 10.125 0.00319673
8.1 12.375 0.00858155
8.1 14.625 0.00314873
8.1 16.875 0.00365435
8.1 19.125 0.00326193
8.1 21.375 0.00333746
8.1 23.625 0.00421659
8.1 25.875 0.00337366
8.1 28.125 0.00318337
8.1 30.375 0.00354976
8.1 32.625 0.00393925
8.1 34.875 0.00337608
8.1 37.125 0.00295978
8.1 39.375 0.00328374
8.1 41.625 0.00310043
8.1 43.875 0.00334563
8.3 1.125 0.00302183
8.3 3.375 0.00309623
8.3 5.625 0.00277416
8.3 7.875 0.00302767
8.3 10.125 0.00314087
8.3 12.375 0.00296315
8.3 14.625 0.00292016
8.3 16.875 0.0140282
8.3 19.125 0.00330216
8.3 21.375 0.00317197
8.3 23.625 0.00319905
8.3 25.875 0.0031281
8.3 28.125 0.00312881
8.3 30.375 0.00319887
8.3 32.625 0.00315617
8.3 34.875 0.0064927
8.3 37.125 0.0033094
8.3 39.375 0.00333623
8.3 41.625 0.00374457
8.3 43.875 0.00324164
8.5 1.125 0.003069
8.5 3.375 0.00313941
8.5 5.625 0.00313446
8.5 7.875 0.00336
8.5 10.125 0.00310245
8.5 12.375 0.00322165
8.5 14.625 0.00295211
8.5 16.875 0.00305565
8.5 19.125 0.0030372
8.5 21.375 0.00299547
8.5 23.625 0.00327629
8.5 25.875 0.00447208
8.5 28.125 0.00326286
8.5 30.375 0.00277791
8.5 32.625 0.00295089
8.5 34.875 0.00273379
8.5 37.125 0.00321754
8.5 39.375 0.00303993
8.5 41.625 0.00311017
8.5 43.875 0.00382017
8.7 1.125 0.00278477
8.7 3.375 0.00292516
8.7 5.625 0.00256904
8.7 7.875 0.0054411
8.7 10.125 0.00292489
8.7 12.375 0.00305634
8.7 14.625 0.00312373
8.7 16.875 0.00294471
8.7 19.125 0.00305104
8.7 21.375 0.00290369
8.7 23.625 0.00313986
8.7 25.875 0.00335529
8.7 28.125 0.00342682
8.7 30.375 0.00305642
8.7 32.625 0.00309073
8.7 34.875 0.0029025
8.7 37.125 0.00323109
8.7 39.375 0.00290278
8.7 41.625 0.00310406
8.7 43.875 0.00287691
8.9 1.125 0.00286533
8.9 3.375 0.002561
8.9 5.625 0.0030501
8.9 7.875 0.00322835
8.9 10.125 0.00281605
8.9 12.375 0.00267512
8.9 14.625 0.00335991
8.9 16.875 0.00267327
8.9 19.125 0.00258156
8.9 21.375 0.00285669
8.9 23.625 0.00259041
8.9 25.875 0.00287175
8.9 28.125 0.00272318
8.9 30.375 0.0029783
8.9 32.625 0.00308038
8.9 34.875 0.00282698
8.9 37.125 0.00289481
8.9 39.375 0.00270934
8.9 41.625 0.00267088
8.9 43.875 0.00265401
9.1 1.125 0.00857071
9.1 3.375 0.00310813
9.1 5.625 0.00349255
9.1 7.875 0.00327403
9.1 10.125 0.00272379
9.1 12.375 0.00273911
9.1 14.625 0.00254851
9.1 16.875 0.00277577
9.1 19.125 0.00284743
9.1 21.375 0.0031239
9.1 23.625 0.00270297
9.1 25.875 0.00264125
9.1 28.125 0.00277575
9.1 30.375 0.00367743
9.1 32.625 0.002584
9.1 34.875 0.00282118
9.1 37.125 0.00719243
9.1 39.375 0.00276979
9.1 41.625 0.00299083
9.1 43.875 0.00297501
9.3 1.125 0.0174551
9.3 3.375 0.00252408
9.3 5.625 0.00277265
9.3 7.875 0.00265794
9.3 10.125 0.0026084
9.3 12.375 0.00345398
9.3 14.625 0.014297
9.3 16.875 0.00271923
9.3 19.125 0.00283608
9.3 21.375 0.00298217
9.3 23.625 0.0115524
9.3 25.875 0.00277474
9.3 28.125 0.00258526
9.3 30.375 0.00288786
9.3 32.625 0.00261673
9.3 34.875 0.014949
9.3 37.125 0.0033228
9.3 39.375 0.00271586
9.3 41.625 0.00276868
9.3 43.875 0.00278741
9.5 1.125 0.00328154
9.5 3.375 0.00296677
9.5 5.625 0.0030668
9.5 7.875 0.00350425
9.5 10.125 0.00268728
9.5 12.375 0.00334902
9.5 14.625 0.00288818
9.5 16.875 0.00305525
9.5 19.125 0.00271892
9.5 21.375 0.0179421
9.5 23.625 0.00294242
9.5 25.875 0.00280441
9.5 28.125 0.00267218
9.5 30.375 0.00255213
9.5 32.625 0.00267865
9.5 34.875 0.00266107
9.5 37.125 0.00265596
9.5 39.375 0.00231629
9.5 41.625 0.00361026
9.5 43.875 0.00327816
9.7 1.125 0.00293505
9.7 3.375 0.00275592
9.7 5.625 0.00260413
9.7 7.875 0.00265311
9.7 10.125 0.00280592
9.7 12.375 0.00468083
9.7 14.625 0.00300909
9.7 16.875 0.00250569
9.7 19.125 0.00245966
9.7 21.375 0.0025828
9.7 23.625 0.00248368
9.7 25.875 0.00260011
9.7 28.125 0.00247245
9.7 30.375 0.00256016
9.7 32.625 0.00315223
9.7 34.875 0.0026112
9.7 37.125 0.00253381
9.7 39.375 0.00309161
9.7 41.625 0.00238391
9.7 43.875 0.0025477
9.9 1.125 0.00244315
9.9 3.375 0.00305016
9.9 5.625 0.00383421
9.9 7.875 0.00386194
9.9 10.125 0.00260854
9.9 12.375 0.003317
9.9 14.625 0.00274588
9.9 16.875 0.00332784
9.9 19.125 0.00273387
9.9 21.375 0.003011
9.9 23.625 0.00241907
9.9 25.875 0.00251313
9.9 28.125 0.00241289
9.9 30.375 0.00266104
9.9 32.625 0.00286755
9.9 34.875 0.00281338
9.9 37.125 0.00296795
9.9 39.375 0.0156767
9.9 41.625 0.00259776
9.9 43.875 0.0033855
10.1 1.125 0.00234214
10.1 3.375 0.00784352
10.1 5.625 0.00260184
10.1 7.875 0.00239863
10.1 10.125 0.0194657
10.1 12.375 0.00227171
10.1 14.625 0.00287044
10.1 16.875 0.00246687
10.1 19.125 0.0225047
10.1 21.375 0.00260385
10.1 23.625 0.00257297
10.1 25.875 0.0243138
10.1 28.125 0.00252539
10.1 30.375 0.00265487
10.1 32.625 0.00289994
10.1 34.875 0.00255084
10.1 37.125 0.00272883
10.1 39.375 0.00831191
10.1 41.625 0.00262031
10.1 43.875 0.00271035
10.3 1.125 0.00239007
10.3 3.375 0.00341167
10.3 5.625 0.00240237
10.3 7.875 0.0111815
10.3 10.125 0.00235976
10.3 12.375 0.00250265
10.3 14.625 0.00254126
10.3 16.875 0.00313102
10.3 19.125 0.00282629
10.3 21.375 0.00339246
10.3 23.625 0.00252556
10.3 25.875 0.00267987
10.3 28.125 0.00247872
10.3 30.375 0.00231007
10.3 32.625 0.00268093
10.3 34.875 0.00260223
10.3 37.125 0.00241132
10.3 39.375 0.00238705
10.3 41.625 0.00214867
10.3 43.875 0.00272432
10.5 1.125 0.00225183
10.5 3.375 0.00457044
10.5 5.625 0.00243368
10.5 7.875 0.00245333
10.5 10.125 0.00256706
10.5 12.375 0.00270154
10.5 14.625 0.00231947
10.5 16.875 0.00272754
10.5 19.125 0.0401974
10.5 21.375 0.00295252
10.5 23.625 0.00251693
10.5 25.875 0.0034814
10.5 28.125 0.0141426
10.5 30.375 0.0028536
10.5 32.625 0.00236283
10.5 34.875 0.00425644
10.5 37.125 0.00266665
10.5 39.375 0.00260201
10.5 41.625 0.00274402
10.5 43.875 0.00341503
10.7 1.125 0.00270047
10.7 3.375 0.00267807
10.7 5.625 0.00253657
10.7 7.875 0.00239463
10.7 10.125 0.00310192
10.7 12.375 0.00250527
10.7 14.625 0.00244247
10.7 16.875 0.00206644
10.7 19.125 0.00262378
10.7 21.375 0.00299129
10.7 23.625 0.0028502
10.7 25.875 0.00528206
10.7 28.125 0.0233946
10.7 30.375 0.00239023
10.7 32.625 0.00244102
10.7 34.875 0.00250966
10.7 37.125 0.00255073
10.7 39.375 0.00244289
10.7 41.625 0.00234181
10.7 43.875 0.0024649
10.9 1.125 0.00253617
10.9 3.375 0.00427091
10.9 5.625 0.00238253
10.9 7.875 0.0023304
10.9 10.125 0.00250559
10.9 12.375 0.00292304
10.9 14.625 0.0031851
10.9 16.875 0.00253921
10.9 19.125 0.00278581
10.9 21.375 0.0024478
10.9 23.625 0.00245721
10.9 25.875 0.00242718
10.9 28.125 0.00297587
10.9 30.375 0.00244788
10.9 32.625 0.00245893
10.9 34.875 0.00248494
10.9 37.125 0.00232851
10.9 39.375 0.00239172
10.9 41.625 0.00234187
10.9 43.875 0.00320263
11.1 1.125 0.00237067
11.1 3.375 0.00262824
11.1 5.625 0.00628258
11.1 7.875 0.00232496
11.1 10.125 0.00259232
11.1 12.375 0.00264959
11.1 14.625 0.0021951
11.1 16.875 0.00223426
11.1 19.125 0.00242142
11.1 21.375 0.00263486
11.1 23.625 0.00273345
11.1 25.875 0.003324
11.1 28.125 0.00242978
11.1 30.375 0.00247127
11.1 32.625 0.00245446
11.1 34.875 0.00987862
11.1 37.125 0.00266521
11.1 39.375 0.00318189
11.1 41.625 0.00236237
11.1 43.875 0.00254435
11.3 1.125 0.00232249
11.3 3.375 0.0033415
11.3 5.625 0.00318495
11.3 7.875 0.00225145
11.3 10.125 0.0021001
11.3 12.375 0.00236792
11.3 14.625 0.0310788
11.3 16.875 0.00256968
11.3 19.125 0.00247754
11.3 21.375 0.00246309
11.3 23.625 0.00235428
11.3 25.875 0.0027317
11.3 28.125 0.00271249
11.3 30.375 0.0025765
11.3 32.625 0.0043994
11.3 34.875 0.0023741
11.3 37.125 0.0027211
11.3 39.375 0.00247413
11.3 41.625 0.00205927
11.3 43.875 0.00203145
11.5 1.125 0.00246505
11.5 3.375 0.00226668
11.5 5.625 0.00375893
11.5 7.875 0.00270403
11.5 10.125 0.00222428
11.5 12.375 0.00263176
11.5 14.625 0.00235101
11.5 16.875 0.00306756
11.5 19.125 0.00267912
11.5 21.375 0.00196566
11.5 23.625 0.00235758
11.5 25.875 0.00233837
11.5 28.125 0.0029021
11.5 30.375 0.00689565
11.5 32.625 0.00334807
11.5 34.875 0.00238577
11.5 37.125 0.00226464
11.5 39.375 0.00226323
11.5 41.625 0.0227593
11.5 43.875 0.00914335
11.7 1.125 0.00339442
11.7 3.375 0.00237321
11.7 5.625 0.00245397
11.7 7.875 0.00241182
11.7 10.125 0.00265335
11.7 12.375 0.00235859
11.7 14.625 0.00365217
11.7 16.875 0.0025764
11.7 19.125 0.00248576
11.7 21.375 0.00401279
11.7 23.625 0.0391513
11.7 25.875 0.00238626
11.7 28.125 0.00221614
11.7 30.375 0.00245824
11.7 32.625 0.00239168
11.7 34.875 0.0048447
11.7 37.125 0.00206246
11.7 39.375 0.00533249
11.7 41.625 0.0131747
11.7 43.875 0.00232993
11.9 1.125 0.0026134
11.9 3.375 0.00245001
11.9 5.625 0.00264147
11.9 7.875 0.00287397
11.9 10.125 0.00268954
11.9 12.375 0.00196694
11.9 14.625 0.00222619
11.9 16.875 0.00349517
11.9 19.125 0.00231858
11.9 21.375 0.00234114
11.9 23.625 0.00202
11.9 25.875 0.0038572
11.9 28.125 0.00252833
11.9 30.375 0.00660752
11.9 32.625 0.00284729
11.9 34.875 0.00311302
11.9 37.125 0.0058544
11.9 39.375 0.00188682
11.9 41.625 0.00239514
11.9 43.875 0.00255408
12.1 1.125 0.00258644
12.1 3.375 0.0508612
12.1 5.625 0.00243976
12.1 7.875 0.00236533
12.1 10.125 0.00257599
12.1 12.375 0.0430905
12.1 14.625 0.00282863
12.1 16.875 0.00227451
12.1 19.125 0.00243738
12.1 21.375 0.00190879
12.1 23.625 0.00318869
12.1 25.875 0.00231505
12.1 28.125 0.00251057
12.1 30.375 0.00360464
12.1 32.625 0.00271631
12.1 34.875 0.00229193
12.1 37.125 0.00291996
12.1 39.375 0.00365774
12.1 41.625 0.0026987
12.1 43.875 0.00258869
12.3 1.125 0.00333635
12.3 3.375 0.00492453
12.3 5.625 0.0024806
12.3 7.875 0.00514589
12.3 10.125 0.00249104
12.3 12.375 0.0025332
12.3 14.625 0.00231501
12.3 16.875 0.00228515
12.3 19.125 0.0289547
12.3 21.375 0.00214286
12.3 23.625 0.00196604
12.3 25.875 0.00213616
12.3 28.125 0.00215349
12.3 30.375 0.00208605
12.3 32.625 0.00749359
12.3 34.875 0.00218929
12.3 37.125 0.00205592
12.3 39.375 0.00310581
12.3 41.625 0.0019433
12.3 43.875 0.00251982
12.5 1.125 0.00219708
12.5 3.375 0.00215437
12.5 5.625 0.00244553
12.5 7.875 0.00230178
12.5 10.125 0.0132419
12.5 12.375 0.00687894
12.5 14.625 0.00299421
12.5 16.875 0.00234322
12.5 19.125 0.00225811
12.5 21.375 0.00261398
12.5 23.625 0.00241761
12.5 25.875 0.00239434
12.5 28.125 0.00213145
12.5 30.375 0.00218745
12.5 32.625 0.00242242
12.5 34.875 0.00381159
12.5 37.125 0.003221
12.5 39.375 0.0026577
12.5 41.625 0.0029387
12.5 43.875 0.00255691
12.7 1.125 0.0281177
12.7 3.375 0.00287664
12.7 5.625 0.00278992
12.7 7.875 0.00225379
12.7 10.125 0.0028999
12.7 12.375 0.00431542
12.7 14.625 0.0021251
12.7 16.875 0.0193675
12.7 19.125 0.00636277
12.7 21.375 0.00247406
12.7 23.625 0.00424338
12.7 25.875 0.00282605
12.7 28.125 0.00189395
12.7 30.375 0.00244366
12.7 32.625 0.00215983
12.7 34.875 0.00212748
12.7 37.125 0.00270262
12.7 39.375 0.00259141
12.7 41.625 0.00219101
12.7 43.875 0.00405231
12.9 1.125 0.0137093
12.9 3.375 0.0527891
12.9 5.625 0.0047696
12.9 7.875 0.00285047
12.9 10.125 0.0028134
12.9 12.375 0.00230483
12.9 14.625 0.00224935
12.9 16.875 0.00312203
12.9 19.125 0.00228675
12.9 21.375 0.00235214
12.9 23.625 0.0425644
12.9 25.875 0.0427352
12.9 28.125 0.00207832
12.9 30.375 0.00261403
12.9 32.625 0.0488757
12.9 34.875 0.00919724
12.9 37.125 0.00333059
12.9 39.375 0.00440473
12.9 41.625 0.00250757
12.9 43.875 0.00260404
13.1 1.125 0.00193356
13.1 3.375 0.00225052
13.1 5.625 0.0029677
13.1 7.875 0.0020732
13.1 10.125 0.0488749
13.1 12.375 0.00396541
13.1 14.625 0.0023202
13.1 16.875 0.00339065
13.1 19.125 0.0533985
13.1 21.375 0.00308182
13.1 23.625 0.00303888
13.1 25.875 0.00297808
13.1 28.125 0.0032877
13.1 30.375 0.00240108
13.1 32.625 0.0024583
13.1 34.875 0.00186729
13.1 37.125 0.00309609
13.1 39.375 0.00302849
13.1 41.625 0.00760251
13.1 43.875 0.00253127
13.3 1.125 0.00646828
13.3 3.375 0.0033467
13.3 5.625 0.0602237
13.3 7.875 0.00193755
13.3 10.125 0.00200328
13.3 12.375 0.0022363
13.3 14.625 0.00269605
13.3 16.875 0.00256518
13.3 19.125 0.0034511
13.3 21.375 0.00251882
13.3 23.625 0.00197925
13.3 25.875 0.00251774
13.3 28.125 0.0198869
13.3 30.375 0.00297293
13.3 32.625 0.00200269
13.3 34.875 0.0671006
13.3 37.125 0.0036474
13.3 39.375 0.0667322
13.3 41.625 0.00362749
13.3 43.875 0.00229281
13.5 1.125 0.00243311
13.5 3.375 0.002504
13.5 5.625 0.00453705
13.5 7.875 0.00720357
13.5 10.125 0.00236202
13.5 12.375 0.00213457
13.5 14.625 0.00267921
13.5 16.875 0.00197159
13.5 19.125 0.00406739
13.5 21.375 0.0920227
13.5 23.625 0.00323201
13.5 25.875 0.00203623
13.5 28.125 0.00227004
13.5 30.375 0.00241929
13.5 32.625 0.00219567
13.5 34.875 0.00277489
13.5 37.125 0.00231841
13.5 39.375 0.0554814
13.5 41.625 0.0027808
13.5 43.875 0.00263679
13.7 1.125 0.00184827
13.7 3.375 0.0111604
13.7 5.625 0.00289899
13.7 7.875 0.00300832
13.7 10.125 0.00256811
13.7 12.375 0.0229537
13.7 14.625 0.0041352
13.7 16.875 0.00234491
13.7 19.125 0.00226496
13.7 21.375 0.00309731
13.7 23.625 0.00235848
13.7 25.875 0.0550651
13.7 28.125 0.00899046
13.7 30.375 0.0025352
13.7 32.625 0.00173035
13.7 34.875 0.00241326
13.7 37.125 0.00356868
13.7 39.375 0.00366652
13.7 41.625 0.0217677
13.7 43.875 0.00443105
13.9 1.125 0.0021017
13.9 3.375 0.00216565
13.9 5.625 0.00256429
13.9 7.875 0.00247757
13.9 10.125 0.00253248
13.9 12.375 0.0026529
13.9 14.625 0.00226429
13.9 16.875 0.00187628
13.9 19.125 0.00268288
13.9 21.375 0.00373271
13.9 23.625 0.00661323
13.9 25.875 0.00246538
13.9 28.125 0.00480381
13.9 30.375 0.00158412
13.9 32.625 0.0381176
13.9 34.875 0.00316348
13.9 37.125 0.00213932
13.9 39.375 0.00450891
13.9 41.625 0.00226841
13.9 43.875 0.00265861
