0.1 32.625 3.27767
0.1 39.375 4.98415
0.1 43.875 4.89326
0.3 1.125 4.92051
0.3 3.375 4.99465
0.3 5.625 4.87975
0.3 7.875 4.91029
0.3 10.125 4.886
0.3 12.375 4.94695
0.3 14.625 4.84856
0.3 16.875 4.85991
0.3 19.125 4.92987
0.3 21.375 4.90254
0.3 23.625 4.90144
0.3 25.875 4.93855
0.3 28.125 4.92862
0.3 30.375 4.95384
0.3 32.625 4.87334
0.3 34.875 4.89514
0.3 37.125 4.87947
0.3 39.375 4.94933
0.3 41.625 4.94433
0.3 43.875 4.92544
0.5 1.125 4.53758
0.5 3.375 4.83598
0.5 5.625 4.84217
0.5 7.875 4.81521
0.5 10.125 4.83201
0.5 12.375 4.82083
0.5 14.625 4.85303
0.5 16.875 4.78315
0.5 19.125 4.81784
0.5 21.375 4.78585
0.5 23.625 4.83215
0.5 25.875 4.86029
0.5 28.125 4.866
0.5 30.375 4.80793
0.5 32.625 4.82238
0.5 34.875 4.82123
0.5 37.125 4.82748
0.5 39.375 4.88404
0.5 41.625 4.85596
0.5 43.875 4.83415
0.7 1.125 4.46957
0.7 3.375 4.65128
0.7 5.625 4.58711
0.7 7.875 4.62595
0.7 10.125 4.60496
0.7 12.375 4.62341
0.7 14.625 4.46321
0.7 16.875 4.58938
0.7 19.125 4.60453
0.7 21.375 4.53072
0.7 23.625 4.62357
0.7 25.875 4.65547
0.7 28.125 4.64924
0.7 30.375 4.50565
0.7 32.625 4.45253
0.7 34.875 4.65092
0.7 37.125 4.67532
0.7 39.375 4.65575
0.7 41.625 4.64533
0.7 43.875 4.44086
0.9 1.125 4.16281
0.9 3.375 4.09706
0.9 5.625 4.20045
0.9 7.875 4.23315
0.9 10.125 4.1502
0.9 12.375 4.15879
0.9 14.625 4.20818
0.9 16.875 4.11898
0.9 19.125 4.26282
0.9 21.375 4.23434
0.9 23.625 4.21376
0.9 25.875 4.33494
0.9 28.125 4.38434
0.9 30.375 4.33138
0.9 32.625 4.1315
0.9 34.875 4.4161
0.9 37.125 4.44955
0.9 39.375 4.37509
0.9 41.625 4.417
0.9 43.875 4.41334
1.1 1.125 3.04933
1.1 3.375 3.23511
1.1 5.625 3.38646
1.1 7.875 3.26902
1.1 10.125 3.52919
1.1 12.375 3.33477
1.1 14.625 3.19174
1.1 16.875 3.45879
1.1 19.125 3.41924
1.1 21.375 3.61056
1.1 23.625 3.80281
1.1 25.875 3.86165
1.1 28.125 3.89384
1.1 30.375 3.92044
1.1 32.625 3.93693
1.1 34.875 3.98445
1.1 37.125 4.01774
1.1 39.375 4.09265
1.1 41.625 4.05395
1.1 43.875 4.12623
1.3 1.125 2.00805
1.3 3.375 1.99933
1.3 5.625 2.00911
1.3 7.875 2.02516
1.3 10.125 2.10411
1.3 12.375 2.20616
1.3 14.625 2.22323
1.3 16.875 2.26588
1.3 19.125 2.37391
1.3 21.375 2.53983
1.3 23.625 2.55412
1.3 25.875 2.74175
1.3 28.125 2.87562
1.3 30.375 3.03567
1.3 32.625 3.15861
1.3 34.875 3.31147
1.3 37.125 3.31336
1.3 39.375 3.28134
1.3 41.625 3.40048
1.3 43.875 3.56936
1.5 1.125 1.04101
1.5 3.375 1.01036
1.5 5.625 1.18227
1.5 7.875 1.13293
1.5 10.125 1.22135
1.5 12.375 1.16763
1.5 14.625 1.13206
1.5 16.875 1.21593
1.5 19.125 1.35263
1.5 21.375 1.34413
1.5 23.625 1.59665
1.5 25.875 1.51916
1.5 28.125 1.63211
1.5 30.375 1.81719
1.5 32.625 2.02454
1.5 34.875 2.05311
1.5 37.125 2.13064
1.5 39.375 2.44287
1.5 41.625 2.26273
1.5 43.875 2.49601
1.7 1.125 0.579384
1.7 3.375 0.607949
1.7 5.625 0.608305
1.7 7.875 0.659097
1.7 10.125 0.66451
1.7 12.375 0.68507
1.7 14.625 0.669711
1.7 16.875 0.714128
1.7 19.125 0.721718
1.7 21.375 0.816183
1.7 23.625 0.794975
1.7 25.875 0.86007
1.7 28.125 0.830092
1.7 30.375 0.951274
1.7 32.625 1.13434
1.7 34.875 1.14296
1.7 37.125 1.27576
1.7 39.375 1.31328
1.7 41.625 1.54035
1.7 43.875 1.35249
1.9 1.125 0.355196
1.9 3.375 0.368851
1.9 5.625 0.371837
1.9 7.875 0.386165
1.9 10.125 0.402625
1.9 12.375 0.39481
1.9 14.625 0.412851
1.9 16.875 0.412829
1.9 19.125 0.42761
1.9 21.375 0.42895
1.9 23.625 0.463244
1.9 25.875 0.464412
1.9 28.125 0.507096
1.9 30.375 0.550222
1.9 32.625 0.593785
1.9 34.875 0.661358
1.9 37.125 0.668019
1.9 39.375 0.735559
1.9 41.625 0.77464
1.9 43.875 0.734405
2.1 1.125 0.228729
2.1 3.375 0.226968
2.1 5.625 0.235812
2.1 7.875 0.241364
2.1 10.125 0.248589
2.1 12.375 0.260114
2.1 14.625 0.26616
2.1 16.875 0.281714
2.1 19.125 0.27086
2.1 21.375 0.281119
2.1 23.625 0.281325
2.1 25.875 0.292818
2.1 28.125 0.315756
2.1 30.375 0.314196
2.1 32.625 0.361157
2.1 34.875 0.401478
2.1 37.125 0.398073
2.1 39.375 0.440061
2.1 41.625 0.422438
2.1 43.875 0.449033
2.3 1.125 0.161129
2.3 3.375 0.180184
2.3 5.625 0.173466
2.3 7.875 0.176955
2.3 10.125 0.17448
2.3 12.375 0.184657
2.3 14.625 0.174554
2.3 16.875 0.181977
2.3 19.125 0.206357
2.3 21.375 0.197089
2.3 23.625 0.200915
2.3 25.875 0.195698
2.3 28.125 0.215219
2.3 30.375 0.22495
2.3 32.625 0.229057
2.3 34.875 0.257463
2.3 37.125 0.273148
2.3 39.375 0.268298
2.3 41.625 0.263742
2.3 43.875 0.282976
2.5 1.125 0.126653
2.5 3.375 0.134393
2.5 5.625 0.136731
2.5 7.875 0.124777
2.5 10.125 0.125215
2.5 12.375 0.125746
2.5 14.625 0.125769
2.5 16.875 0.120777
2.5 19.125 0.125768
2.5 21.375 0.133375
2.5 23.625 0.138735
2.5 25.875 0.145643
2.5 28.125 0.142188
2.5 30.375 0.165951
2.5 32.625 0.172625
2.5 34.875 0.180885
2.5 37.125 0.18001
2.5 39.375 0.172821
2.5 41.625 0.180651
2.5 43.875 0.18057
2.7 1.125 0.0962252
2.7 3.375 0.0968225
2.7 5.625 0.0964489
2.7 7.875 0.0962743
2.7 10.125 0.0984718
2.7 12.375 0.0999396
2.7 14.625 0.0995835
2.7 16.875 0.0969359
2.7 19.125 0.0989408
2.7 21.375 0.0915722
2.7 23.625 0.0972412
2.7 25.875 0.106604
2.7 28.125 0.117551
2.7 30.375 0.117975
2.7 32.625 0.12502
2.7 34.875 0.122033
2.7 37.125 0.127095
2.7 39.375 0.128773
2.7 41.625 0.124416
2.7 43.875 0.11999
2.9 1.125 0.0740652
2.9 3.375 0.0747071
2.9 5.625 0.0734984
2.9 7.875 0.0744898
2.9 10.125 0.0716014
2.9 12.375 0.0754473
2.9 14.625 0.0769939
2.9 16.875 0.0760382
2.9 19.125 0.0750333
2.9 21.375 0.0785457
2.9 23.625 0.0774387
2.9 25.875 0.0892447
2.9 28.125 0.0874341
2.9 30.375 0.0911627
2.9 32.625 0.0882782
2.9 34.875 0.0909491
2.9 37.125 0.0871099
2.9 39.375 0.0892184
2.9 41.625 0.0851991
2.9 43.875 0.0866393
3.1 1.125 0.0605228
3.1 3.375 0.0596348
3.1 5.625 0.0572154
3.1 7.875 0.0576744
3.1 10.125 0.0595328
3.1 12.375 0.0578101
3.1 14.625 0.0630354
3.1 16.875 0.0643211
3.1 19.125 0.0575227
3.1 21.375 0.0596855
3.1 23.625 0.0637494
3.1 25.875 0.0716795
3.1 28.125 0.0712261
3.1 30.375 0.0730851
3.1 32.625 0.0745546
3.1 34.875 0.071498
3.1 37.125 0.0708512
3.1 39.375 0.0694955
3.1 41.625 0.0697991
3.1 43.875 0.0680801
3.3 1.125 0.0484867
3.3 3.375 0.045317
3.3 5.625 0.0481966
3.3 7.875 0.0461502
3.3 10.125 0.0507776
3.3 12.375 0.0487638
3.3 14.625 0.0483671
3.3 16.875 0.0479542
3.3 19.125 0.0498271
3.3 21.375 0.050684
3.3 23.625 0.0554336
3.3 25.875 0.0596093
3.3 28.125 0.0582515
3.3 30.375 0.0580812
3.3 32.625 0.0571045
3.3 34.875 0.0566746
3.3 37.125 0.0558792
3.3 39.375 0.0553813
3.3 41.625 0.0563294
3.3 43.875 0.059312
3.5 1.125 0.0389893
3.5 3.375 0.0373626
3.5 5.625 0.0401489
3.5 7.875 0.0386284
3.5 10.125 0.0403812
3.5 12.375 0.038097
3.5 14.625 0.0386403
3.5 16.875 0.0369572
3.5 19.125 0.0426133
3.5 21.375 0.0441703
3.5 23.625 0.0439819
3.5 25.875 0.048133
3.5 28.125 0.0485221
3.5 30.375 0.0480629
3.5 32.625 0.0484365
3.5 34.875 0.0457793
3.5 37.125 0.042765
3.5 39.375 0.0487123
3.5 41.625 0.0452672
3.5 43.875 0.047802
3.7 1.125 0.0357755
3.7 3.375 0.0324018
3.7 5.625 0.0350084
3.7 7.875 0.0328269
3.7 10.125 0.0299209
3.7 12.375 0.0322139
3.7 14.625 0.0318224
3.7 16.875 0.0327457
3.7 19.125 0.0338332
3.7 21.375 0.0381091
3.7 23.625 0.0359564
3.7 25.875 0.0402792
3.7 28.125 0.0371122
3.7 30.375 0.0375106
3.7 32.625 0.0373043
3.7 34.875 0.0366207
3.7 37.125 0.0383423
3.7 39.375 0.0403007
3.7 41.625 0.0393882
3.7 43.875 0.0415036
3.9 1.125 0.0299705
3.9 3.375 0.0286838
3.9 5.625 0.028957
3.9 7.875 0.0294963
3.9 10.125 0.028377
3.9 12.375 0.0282486
3.9 14.625 0.0266169
3.9 16.875 0.0270973
3.9 19.125 0.0298821
3.9 21.375 0.0310671
3.9 23.625 0.0340554
3.9 25.875 0.0323623
3.9 28.125 0.0321305
3.9 30.375 0.0307101
3.9 32.625 0.0349597
3.9 34.875 0.0308133
3.9 37.125 0.0313569
3.9 39.375 0.0305458
3.9 41.625 0.0343281
3.9 43.875 0.0314417
4.1 1.125 0.02819
4.1 3.375 0.0247575
4.1 5.625 0.0264974
4.1 7.875 0.0250169
4.1 10.125 0.0245678
4.1 12.375 0.024445
4.1 14.625 0.0275572
4.1 16.875 0.0260582
4.1 19.125 0.0273049
4.1 21.375 0.0263038
4.1 23.625 0.0273845
4.1 25.875 0.0281257
4.1 28.125 0.027601
4.1 30.375 0.0251899
4.1 32.625 0.0259251
4.1 34.875 0.0241293
4.1 37.125 0.0261057
4.1 39.375 0.0264034
4.1 41.625 0.0281013
4.1 43.875 0.0265426
4.3 1.125 0.0209529
4.3 3.375 0.0208411
4.3 5.625 0.0200873
4.3 7.875 0.0218778
4.3 10.125 0.0222558
4.3 12.375 0.0213093
4.3 14.625 0.0233195
4.3 16.875 0.0248073
4.3 19.125 0.0233342
4.3 21.375 0.0250632
4.3 23.625 0.0227341
4.3 25.875 0.0235088
4.3 28.125 0.022938
4.3 30.375 0.0236901
4.3 32.625 0.0235562
4.3 34.875 0.0222796
4.3 37.125 0.0204614
4.3 39.375 0.0204514
4.3 41.625 0.0226393
4.3 43.875 0.022858
4.5 1.125 0.017208
4.5 3.375 0.017737
4.5 5.625 0.0171236
4.5 7.875 0.018346
4.5 10.125 0.0179347
4.5 12.375 0.0191388
4.5 14.625 0.01955
4.5 16.875 0.0203833
4.5 19.125 0.0186366
4.5 21.375 0.0196306
4.5 23.625 0.019368
4.5 25.875 0.0219612
4.5 28.125 0.021879
4.5 30.375 0.0198137
4.5 32.625 0.0214168
4.5 34.875 0.0174877
4.5 37.125 0.0186546
4.5 39.375 0.0180535
4.5 41.625 0.0201786
4.5 43.875 0.0190911
4.7 1.125 0.0165277
4.7 3.375 0.0159322
4.7 5.625 0.0152976
4.7 7.875 0.0157748
4.7 10.125 0.0159696
4.7 12.375 0.0164871
4.7 14.625 0.0174882
4.7 16.875 0.0172988
4.7 19.125 0.0184119
4.7 21.375 0.0182383
4.7 23.625 0.0196585
4.7 25.875 0.0173135
4.7 28.125 0.018925
4.7 30.375 0.016941
4.7 32.625 0.0175141
4.7 34.875 0.0179233
4.7 37.125 0.0169773
4.7 39.375 0.0156
4.7 41.625 0.0175817
4.7 43.875 0.0164772
4.9 1.125 0.0136569
4.9 3.375 0.0144299
4.9 5.625 0.0137101
4.9 7.875 0.014325
4.9 10.125 0.0140627
4.9 12.375 0.0141383
4.9 14.625 0.0146186
4.9 16.875 0.0163176
4.9 19.125 0.0162312
4.9 21.375 0.014637
4.9 23.625 0.0143855
4.9 25.875 0.0156867
4.9 28.125 0.0162388
4.9 30.375 0.0166677
4.9 32.625 0.0153886
4.9 34.875 0.0159094
4.9 37.125 0.0149021
4.9 39.375 0.0146779
4.9 41.625 0.0135103
4.9 43.875 0.0125887
5.1 1.125 0.0120155
5.1 3.375 0.0125746
5.1 5.625 0.013551
5.1 7.875 0.0130723
5.1 10.125 0.0124614
5.1 12.375 0.0126317
5.1 14.625 0.0124151
5.1 16.875 0.0140584
5.1 19.125 0.0129846
5.1 21.375 0.013571
5.1 23.625 0.0140375
5.1 25.875 0.0136785
5.1 28.125 0.0136493
5.1 30.375 0.0148382
5.1 32.625 0.0141602
5.1 34.875 0.0141088
5.1 37.125 0.0137428
5.1 39.375 0.0128317
5.1 41.625 0.013085
5.1 43.875 0.0126085
5.3 1.125 0.0103341
5.3 3.375 0.011936
5.3 5.625 0.0110285
5.3 7.875 0.0107931
5.3 10.125 0.0126955
5.3 12.375 0.0117704
5.3 14.625 0.013204
5.3 16.875 0.0121056
5.3 19.125 0.0126975
5.3 21.375 0.0119628
5.3 23.625 0.0117093
5.3 25.875 0.0120328
5.3 28.125 0.011993
5.3 30.375 0.0120277
5.3 32.625 0.0121757
5.3 34.875 0.0130127
5.3 37.125 0.0123371
5.3 39.375 0.0117728
5.3 41.625 0.0113156
5.3 43.875 0.0112318
5.5 1.125 0.0110603
5.5 3.375 0.0101636
5.5 5.625 0.00941352
5.5 7.875 0.0106345
5.5 10.125 0.011234
5.5 12.375 0.00989528
5.5 14.625 0.00986577
5.5 16.875 0.0105316
5.5 19.125 0.0112082
5.5 21.375 0.0113368
5.5 23.625 0.010157
5.5 25.875 0.0117097
5.5 28.125 0.0112201
5.5 30.375 0.0112165
5.5 32.625 0.0107698
5.5 34.875 0.0113517
5.5 37.125 0.0115633
5.5 39.375 0.00913296
5.5 41.625 0.0118582
5.5 43.875 0.0112083
5.7 1.125 0.00912642
5.7 3.375 0.00927639
5.7 5.625 0.00952929
5.7 7.875 0.00923073
5.7 10.125 0.00962668
5.7 12.375 0.0104669
5.7 14.625 0.0107417
5.7 16.875 0.0106778
5.7 19.125 0.0103314
5.7 21.375 0.0103214
5.7 23.625 0.011033
5.7 25.875 0.0101472
5.7 28.125 0.0106622
5.7 30.375 0.00949345
5.7 32.625 0.0104949
5.7 34.875 0.00947811
5.7 37.125 0.0100963
5.7 39.375 0.0105949
5.7 41.625 0.00988687
5.7 43.875 0.0102388
5.9 1.125 0.00798309
5.9 3.375 0.00885051
5.9 5.625 0.00854631
5.9 7.875 0.00875009
5.9 10.125 0.00920227
5.9 12.375 0.00874449
5.9 14.625 0.00964182
5.9 16.875 0.00945056
5.9 19.125 0.00923525
5.9 21.375 0.00983767
5.9 23.625 0.00874268
5.9 25.875 0.00861123
5.9 28.125 0.00927593
5.9 30.375 0.00954012
5.9 32.625 0.00878993
5.9 34.875 0.00888856
5.9 37.125 0.00943697
5.9 39.375 0.00898396
5.9 41.625 0.00986968
5.9 43.875 0.0102864
6.1 1.125 0.00867767
6.1 3.375 0.00777196
6.1 5.625 0.00859702
6.1 7.875 0.00734311
6.1 10.125 0.0086155
6.1 12.375 0.00922391
6.1 14.625 0.00897612
6.1 16.875 0.00937486
6.1 19.125 0.00937103
6.1 21.375 0.00821091
6.1 23.625 0.00860056
6.1 25.875 0.00917539
6.1 28.125 0.00850628
6.1 30.375 0.00892927
6.1 32.625 0.00873418
6.1 34.875 0.00795342
6.1 37.125 0.00822543
6.1 39.375 0.00889238
6.1 41.625 0.00962932
6.1 43.875 0.0078747
6.3 1.125 0.00743377
6.3 3.375 0.00846486
6.3 5.625 0.00772286
6.3 7.875 0.00757339
6.3 10.125 0.00834989
6.3 12.375 0.00802653
6.3 14.625 0.00785089
6.3 16.875 0.00796285
6.3 19.125 0.00855986
6.3 21.375 0.00766146
6.3 23.625 0.00803741
6.3 25.875 0.00809306
6.3 28.125 0.00772181
6.3 30.375 0.00813268
6.3 32.625 0.0069343
6.3 34.875 0.00849883
6.3 37.125 0.00862019
6.3 39.375 0.00886632
6.3 41.625 0.00744481
6.3 43.875 0.00851727
6.5 1.125 0.00742351
6.5 3.375 0.00735832
6.5 5.625 0.00739191
6.5 7.875 0.0072393
6.5 10.125 0.00758991
6.5 12.375 0.00819937
6.5 14.625 0.00832776
6.5 16.875 0.00724885
6.5 19.125 0.00810969
6.5 21.375 0.00835837
6.5 23.625 0.00715792
6.5 25.875 0.00734869
6.5 28.125 0.00784068
6.5 30.375 0.00725739
6.5 32.625 0.00713519
6.5 34.875 0.00716122
6.5 37.125 0.00720884
6.5 39.375 0.00761355
6.5 41.625 0.00761824
6.5 43.875 0.00753105
6.7 1.125 0.00714339
6.7 3.375 0.00692592
6.7 5.625 0.00667422
6.7 7.875 0.00810574
6.7 10.125 0.00721735
6.7 12.375 0.00684673
6.7 14.625 0.00778459
6.7 16.875 0.00813092
6.7 19.125 0.00723812
6.7 21.375 0.00689203
6.7 23.625 0.00638736
6.7 25.875 0.0071183
6.7 28.125 0.00687538
6.7 30.375 0.00734186
6.7 32.625 0.00720408
6.7 34.875 0.00757954
6.7 37.125 0.00734752
6.7 39.375 0.0075601
6.7 41.625 0.0069564
6.7 43.875 0.00806596
6.9 1.125 0.00689257
6.9 3.375 0.00733536
6.9 5.625 0.00734236
6.9 7.875 0.00727349
6.9 10.125 0.0071595
6.9 12.375 0.00710233
6.9 14.625 0.00700539
6.9 16.875 0.00651281
6.9 19.125 0.0105681
6.9 21.375 0.0071794
6.9 23.625 0.00730218
6.9 25.875 0.00713272
6.9 28.125 0.00782417
6.9 30.375 0.00672068
6.9 32.625 0.00717343
6.9 34.875 0.006976
6.9 37.125 0.00727514
6.9 39.375 0.0073703
6.9 41.625 0.00726034
6.9 43.875 0.0074936
7.1 1.125 0.00676107
7.1 3.375 0.0063256
7.1 5.625 0.00635092
7.1 7.875 0.00711778
7.1 10.125 0.00647857
7.1 12.375 0.00660536
7.1 14.625 0.00677218
7.1 16.875 0.00656289
7.1 19.125 0.0066387
7.1 21.375 0.00730159
7.1 23.625 0.0064048
7.1 25.875 0.00648581
7.1 28.125 0.00690801
7.1 30.375 0.00636065
7.1 32.625 0.00734879
7.1 34.875 0.00650009
7.1 37.125 0.00697315
7.1 39.375 0.00632195
7.1 41.625 0.00633785
7.1 43.875 0.0076846
7.3 1.125 0.00638325
7.3 3.375 0.00592482
7.3 5.625 0.00731606
7.3 7.875 0.00640993
7.3 10.125 0.00720605
7.3 12.375 0.00626588
7.3 14.625 0.00626494
7.3 16.875 0.00640729
7.3 19.125 0.00621125
7.3 21.375 0.00625745
7.3 23.625 0.00589521
7.3 25.875 0.00672722
7.3 28.125 0.00635297
7.3 30.375 0.00649841
7.3 32.625 0.00618254
7.3 34.875 0.00653052
7.3 37.125 0.00719389
7.3 39.375 0.00642817
7.3 41.625 0.00641345
7.3 43.875 0.0058017
7.5 1.125 0.00610741
7.5 3.375 0.00559378
7.5 5.625 0.00623943
7.5 7.875 0.00504522
7.5 10.125 0.00697682
7.5 12.375 0.00655553
7.5 14.625 0.00667455
7.5 16.875 0.00604326
7.5 19.125 0.00683868
7.5 21.375 0.00620711
7.5 23.625 0.00636492
7.5 25.875 0.00579911
7.5 28.125 0.00650731
7.5 30.375 0.00567457
7.5 32.625 0.00669969
7.5 34.875 0.0063282
7.5 37.125 0.00667569
7.5 39.375 0.00633762
7.5 41.625 0.00656982
7.5 43.875 0.00639484
7.7 1.125 0.00559186
7.7 3.375 0.00618337
7.7 5.625 0.00603979
7.7 7.875 0.00601638
7.7 10.125 0.00695807
7.7 12.375 0.00629257
7.7 14.625 0.00663227
7.7 16.875 0.0064059
7.7 19.125 0.00641605
7.7 21.375 0.00606752
7.7 23.625 0.00673224
7.7 25.875 0.00633929
7.7 28.125 0.00589801
7.7 30.375 0.00676529
7.7 32.625 0.00680298
7.7 34.875 0.00650951
7.7 37.125 0.0058529
7.7 39.375 0.00542237
7.7 41.625 0.00933255
7.7 43.875 0.00705142
7.9 1.125 0.0063538
7.9 3.375 0.00511868
7.9 5.625 0.00629651
7.9 7.875 0.00584456
7.9 10.125 0.00571048
7.9 12.375 0.00591718
7.9 14.625 0.00635203
7.9 16.875 0.00690673
7.9 19.125 0.00614198
7.9 21.375 0.00540666
7.9 23.625 0.00559895
7.9 25.875 0.00633716
7.9 28.125 0.00659096
7.9 30.375 0.00592987
7.9 32.625 0.00646578
7.9 34.875 0.00613138
7.9 37.125 0.00565918
7.9 39.375 0.00553031
7.9 41.625 0.00573007
7.9 43.875 0.00617742
8.1 1.125 0.00477339
8.1 3.375 0.00585562
8.1 5.625 0.00550161
8.1 7.875 0.00548979
8.1 10.125 0.006098
8.1 12.375 0.00580226
8.1 14.625 0.00532482
8.1 16.875 0.00524197
8.1 19.125 0.0056275
8.1 21.375 0.0068643
8.1 23.625 0.00545132
8.1 25.875 0.00527413
8.1 28.125 0.00520287
8.1 30.375 0.00629555
8.1 32.625 0.0068387
8.1 34.875 0.00583626
8.1 37.125 0.010064
8.1 39.375 0.00579953
8.1 41.625 0.00565655
8.1 43.875 0.00559484
8.3 1.125 0.00575463
8.3 3.375 0.00548486
8.3 5.625 0.00484443
8.3 7.875 0.00558926
8.3 10.125 0.0057743
8.3 12.375 0.00561623
8.3 14.625 0.00567645
8.3 16.875 0.00538853
8.3 19.125 0.00634193
8.3 21.375 0.00586346
8.3 23.625 0.00505582
8.3 25.875 0.00574294
8.3 28.125 0.00605903
8.3 30.375 0.0061551
8.3 32.625 0.00574371
8.3 34.875 0.00635264
8.3 37.125 0.00544675
8.3 39.375 0.00548403
8.3 41.625 0.00595956
8.3 43.875 0.0068703
8.5 1.125 0.00541537
8.5 3.375 0.00576372
8.5 5.625 0.00576476
8.5 7.875 0.00588911
8.5 10.125 0.00607596
8.5 12.375 0.00575569
8.5 14.625 0.00628269
8.5 16.875 0.00535565
8.5 19.125 0.0059973
8.5 21.375 0.00572513
8.5 23.625 0.00624784
8.5 25.875 0.00701126
8.5 28.125 0.00578156
8.5 30.375 0.00582678
8.5 32.625 0.00540321
8.5 34.875 0.00560623
8.5 37.125 0.0058442
8.5 39.375 0.00582805
8.5 41.625 0.00558759
8.5 43.875 0.00511729
8.7 1.125 0.00559722
8.7 3.375 0.00594588
8.7 5.625 0.00484093
8.7 7.875 0.00579604
8.7 10.125 0.0063562
8.7 12.375 0.00572845
8.7 14.625 0.00615756
8.7 16.875 0.00656396
8.7 19.125 0.00550552
8.7 21.375 0.0055503
8.7 23.625 0.00548964
8.7 25.875 0.00626082
8.7 28.125 0.00564117
8.7 30.375 0.00643616
8.7 32.625 0.00588495
8.7 34.875 0.00535281
8.7 37.125 0.00569275
8.7 39.375 0.00526145
8.7 41.625 0.00558773
8.7 43.875 0.00479903
8.9 1.125 0.0078006
8.9 3.375 0.00499238
8.9 5.625 0.00527398
8.9 7.875 0.00527252
8.9 10.125 0.00547787
8.9 12.375 0.00564814
8.9 14.625 0.00598997
8.9 16.875 0.00575978
8.9 19.125 0.00522974
8.9 21.375 0.00559488
8.9 23.625 0.00498847
8.9 25.875 0.00411777
8.9 28.125 0.00524151
8.9 30.375 0.00559079
8.9 32.625 0.00506977
8.9 34.875 0.00615356
8.9 37.125 0.0057111
8.9 39.375 0.00577791
8.9 41.625 0.00560455
8.9 43.875 0.00551282
9.1 1.125 0.00557893
9.1 3.375 0.00483171
9.1 5.625 0.0055728
9.1 7.875 0.00554215
9.1 10.125 0.00562036
9.1 12.375 0.00415862
9.1 14.625 0.115361
9.1 16.875 0.0059354
9.1 19.125 0.00640364
9.1 21.375 0.00482608
9.1 23.625 0.00536331
9.1 25.875 0.0046537
9.1 28.125 0.00493658
9.1 30.375 0.00461888
9.1 32.625 0.00585671
9.1 34.875 0.00562752
9.1 37.125 0.00492466
9.1 39.375 0.00580545
9.1 41.625 0.00497315
9.1 43.875 0.00537656
9.3 1.125 0.00484053
9.3 3.375 0.00490965
9.3 5.625 0.00572191
9.3 7.875 0.00613912
9.3 10.125 0.0056878
9.3 12.375 0.00454997
9.3 14.625 0.00556483
9.3 16.875 0.00536269
9.3 19.125 0.00464677
9.3 21.375 0.00660455
9.3 23.625 0.00582646
9.3 25.875 0.00451327
9.3 28.125 0.00620003
9.3 30.375 0.00541027
9.3 32.625 0.00487026
9.3 34.875 0.00553123
9.3 37.125 0.00545646
9.3 39.375 0.00562074
9.3 41.625 0.00497139
9.3 43.875 0.0063757
9.5 1.125 0.00527887
9.5 3.375 0.00610175
9.5 5.625 0.00502862
9.5 7.875 0.00565629
9.5 10.125 0.00514669
9.5 12.375 0.00578559
9.5 14.625 0.00517217
9.5 16.875 0.00466043
9.5 19.125 0.00496089
9.5 21.375 0.00578315
9.5 23.625 0.00425329
9.5 25.875 0.00578904
9.5 28.125 0.00541779
9.5 30.375 0.00493674
9.5 32.625 0.00486634
9.5 34.875 0.00537649
9.5 37.125 0.00489842
9.5 39.375 0.00583795
9.5 41.625 0.00632361
9.5 43.875 0.00459812
9.7 1.125 0.00493657
9.7 3.375 0.00553149
9.7 5.625 0.00547876
9.7 7.875 0.00518105
9.7 10.125 0.00576406
9.7 12.375 0.00546758
9.7 14.625 0.00458454
9.7 16.875 0.00567872
9.7 19.125 0.00565857
9.7 21.375 0.00509775
9.7 23.625 0.00474293
9.7 25.875 0.00488615
9.7 28.125 0.00491422
9.7 30.375 0.00498259
9.7 32.625 0.00454276
9.7 34.875 0.00559219
9.7 37.125 0.00595854
9.7 39.375 0.00512834
9.7 41.625 0.00623259
9.7 43.875 0.00605914
9.9 1.125 0.00491985
9.9 3.375 0.00471381
9.9 5.625 0.00443922
9.9 7.875 0.00637042
9.9 10.125 0.0052966
9.9 12.375 0.00547998
9.9 14.625 0.00575222
9.9 16.875 0.00441729
9.9 19.125 0.00513187
9.9 21.375 0.00553606
9.9 23.625 0.00521334
9.9 25.875 0.00654478
9.9 28.125 0.00480472
9.9 30.375 0.00505018
9.9 32.625 0.00533311
9.9 34.875 0.00503318
9.9 37.125 0.00475754
9.9 39.375 0.00499556
9.9 41.625 0.00521336
9.9 43.875 0.00499716
10.1 1.125 0.00462343
10.1 3.375 0.00595861
10.1 5.625 0.0050518
10.1 7.875 0.00521479
10.1 10.125 0.00668604
10.1 12.375 0.00505007
10.1 14.625 0.00485759
10.1 16.875 0.0043444
10.1 19.125 0.0045416
10.1 21.375 0.00531848
10.1 23.625 0.00504268
10.1 25.875 0.00473403
10.1 28.125 0.0157694
10.1 30.375 0.00505524
10.1 32.625 0.00508266
10.1 34.875 0.00474578
10.1 37.125 0.00553774
10.1 39.375 0.00548643
10.1 41.625 0.00547866
10.1 43.875 0.00505668
10.3 1.125 0.00531173
10.3 3.375 0.00498638
10.3 5.625 0.00518949
10.3 7.875 0.00586786
10.3 10.125 0.00494973
10.3 12.375 0.00657514
10.3 14.625 0.00503815
10.3 16.875 0.00450201
10.3 19.125 0.00457638
10.3 21.375 0.00489973
10.3 23.625 0.00569974
10.3 25.875 0.00442991
10.3 28.125 0.125579
10.3 30.375 0.0040331
10.3 32.625 0.00479947
10.3 34.875 0.00635055
10.3 37.125 0.00468146
10.3 39.375 0.00545523
10.3 41.625 0.010012
10.3 43.875 0.00526259
10.5 1.125 0.00584739
10.5 3.375 0.00725443
10.5 5.625 0.00596402
10.5 7.875 0.0058967
10.5 10.125 0.00524317
10.5 12.375 0.00598217
10.5 14.625 0.00491253
10.5 16.875 0.00609454
10.5 19.125 0.0049366
10.5 21.375 0.00562587
10.5 23.625 0.00560769
10.5 25.875 0.00486242
10.5 28.125 0.00373686
10.5 30.375 0.00544724
10.5 32.625 0.00621264
10.5 34.875 0.00623695
10.5 37.125 0.00499225
10.5 39.375 0.00468196
10.5 41.625 0.00596086
10.5 43.875 0.0050583
10.7 1.125 0.00452304
10.7 3.375 0.005571
10.7 5.625 0.00574801
10.7 7.875 0.00616678
10.7 10.125 0.00573348
10.7 12.375 0.0056803
10.7 14.625 0.00614005
10.7 16.875 0.00530882
10.7 19.125 0.00659941
10.7 21.375 0.00354991
10.7 23.625 0.00657593
10.7 25.875 0.00535267
10.7 28.125 0.00474473
10.7 30.375 0.00775562
10.7 32.625 0.00457967
10.7 34.875 0.00713802
10.7 37.125 0.00560776
10.7 39.375 0.00519933
10.7 41.625 0.00507176
10.7 43.875 0.00476643
10.9 1.125 0.00555243
10.9 3.375 0.00502815
10.9 5.625 0.00535204
10.9 7.875 0.00492048
10.9 10.125 0.00429712
10.9 12.375 0.00585406
10.9 14.625 0.00453711
10.9 16.875 0.00517963
10.9 19.125 0.00527954
10.9 21.375 0.00488572
10.9 23.625 0.00425705
10.9 25.875 0.00445593
10.9 28.125 0.00529724
10.9 30.375 0.00467666
10.9 32.625 0.0046782
10.9 34.875 0.00544596
10.9 37.125 0.00485092
10.9 39.375 0.00745712
10.9 41.625 0.00507137
10.9 43.875 0.00448746
11.1 1.125 0.0070148
11.1 3.375 0.00401841
11.1 5.625 0.00618182
11.1 7.875 0.00434155
11.1 10.125 0.00530579
11.1 12.375 0.00422912
11.1 14.625 0.00627595
11.1 16.875 0.00691459
11.1 19.125 0.00664143
11.1 21.375 0.0099867
11.1 23.625 0.00669326
11.1 25.875 0.0057316
11.1 28.125 0.00459024
11.1 30.375 0.0056352
11.1 32.625 0.00592185
11.1 34.875 0.00469949
11.1 37.125 0.00562372
11.1 39.375 0.005637
11.1 41.625 0.00438497
11.1 43.875 0.00470909
11.3 1.125 0.00564669
11.3 3.375 0.00454836
11.3 5.625 0.00487103
11.3 7.875 0.00683875
11.3 10.125 0.00473862
11.3 12.375 0.0058462
11.3 14.625 0.00432665
11.3 16.875 0.00831183
11.3 19.125 0.00401608
11.3 21.375 0.00631821
11.3 23.625 0.00440836
11.3 25.875 0.00542474
11.3 28.125 0.00397528
11.3 30.375 0.00586501
11.3 32.625 0.00474255
11.3 34.875 0.00478714
11.3 37.125 0.00461245
11.3 39.375 0.00667453
11.3 41.625 0.00685979
11.3 43.875 0.00394101
11.5 1.125 0.00545885
11.5 3.375 0.00648437
11.5 5.625 0.00487241
11.5 7.875 0.00854511
11.5 10.125 0.0051078
11.5 12.375 0.00624258
11.5 14.625 0.00603668
11.5 16.875 0.00644865
11.5 19.125 0.00968335
11.5 21.375 0.00453171
11.5 23.625 0.00518868
11.5 25.875 0.00453713
11.5 28.125 0.00428548
11.5 30.375 0.00468517
11.5 32.625 0.00611564
11.5 34.875 0.0058596
11.5 37.125 0.00817954
11.5 39.375 0.0722521
11.5 41.625 0.00490844
11.7 1.125 0.00462002
11.7 3.375 0.00444063
11.7 5.625 0.00653878
11.7 7.875 0.00411317
11.7 10.125 0.00619476
11.7 12.375 0.00729579
11.7 14.625 0.0049145
11.7 16.875 0.00614763
11.7 19.125 0.00452786
11.7 21.375 0.0216393
11.7 23.625 0.0040432
11.7 25.875 0.00399496
11.7 28.125 0.00455288
11.7 30.375 0.00505508
11.7 32.625 0.00421901
11.7 34.875 0.00583814
11.7 37.125 0.00578471
11.7 39.375 0.00481591
11.7 41.625 0.00449606
11.7 43.875 0.00330473
11.9 1.125 0.00572859
11.9 3.375 0.00668699
11.9 5.625 0.00580141
11.9 7.875 0.00504098
11.9 10.125 0.0056323
11.9 12.375 0.00554732
11.9 14.625 0.00549167
11.9 16.875 0.00455354
11.9 19.125 0.00450458
11.9 21.375 0.00777151
11.9 23.625 0.00936956
11.9 25.875 0.00468441
11.9 28.125 0.00475479
11.9 30.375 0.00503891
11.9 32.625 0.00553358
11.9 34.875 0.00452351
11.9 37.125 0.00555102
11.9 39.375 0.160829
11.9 41.625 0.00509482
11.9 43.875 0.00441897
12.1 1.125 0.00354709
12.1 3.375 0.00798182
12.1 5.625 0.00329063
12.1 7.875 0.00471718
12.1 10.125 0.00518182
12.1 12.375 0.00555735
12.1 14.625 0.00488026
12.1 16.875 0.00636971
12.1 19.125 0.00451211
12.1 23.625 0.0117099
12.1 25.875 0.00686624
12.1 28.125 0.00377674
12.1 30.375 0.00401508
12.1 32.625 0.00598904
12.1 34.875 0.0141516
12.1 37.125 0.00807534
12.1 39.375 0.00533809
12.1 41.625 0.0058733
12.1 43.875 0.00600008
12.3 1.125 0.00633636
12.3 3.375 0.00517725
12.3 5.625 0.00445457
12.3 7.875 0.00514928
12.3 10.125 0.00626425
12.3 12.375 0.00628051
12.3 14.625 0.0060682
12.3 16.875 0.00616094
12.3 19.125 0.00484404
12.3 21.375 0.00479544
12.3 23.625 0.00675765
12.3 25.875 0.00552489
12.3 28.125 0.00487765
12.3 30.375 0.0059962
12.3 32.625 0.00599171
12.3 34.875 0.00572898
12.3 37.125 0.00797099
12.3 39.375 0.00592778
12.3 41.625 0.00625304
12.3 43.875 0.00483821
12.5 1.125 0.00735067
12.5 3.375 0.00370242
12.5 5.625 0.00602985
12.5 7.875 0.00543358
12.5 10.125 0.00613744
12.5 12.375 0.00484238
12.5 14.625 0.00369421
12.5 16.875 0.00578719
12.5 19.125 0.00606813
12.5 21.375 0.0323718
12.5 23.625 0.00442349
12.5 25.875 0.0044261
12.5 28.125 0.00569288
12.5 30.375 0.00523654
12.5 32.625 0.0061549
12.5 34.875 0.00448704
12.5 37.125 0.00511917
12.5 39.375 0.00598878
12.5 41.625 0.00610086
12.7 1.125 0.00915743
12.7 3.375 0.0034193
12.7 5.625 0.00453741
12.7 7.875 0.00433743
12.7 10.125 0.00373273
12.7 12.375 0.0039697
12.7 14.625 0.00431683
12.7 16.875 0.00616107
12.7 19.125 0.00502617
12.7 21.375 0.0169038
12.7 23.625 0.00648875
12.7 25.875 0.00433577
12.7 28.125 0.00347683
12.7 34.875 0.00649506
12.7 37.125 0.00359027
12.7 39.375 0.00726145
12.7 41.625 0.00870628
12.7 43.875 0.0053623
12.9 1.125 0.00483155
12.9 3.375 0.00589802
12.9 5.625 0.00504999
12.9 7.875 0.00449804
12.9 10.125 0.0285125
12.9 12.375 0.00472615
12.9 14.625 0.00916681
12.9 19.125 0.00557484
12.9 21.375 0.00366975
12.9 23.625 0.00541489
12.9 25.875 0.0045764
12.9 28.125 0.00535119
12.9 32.625 0.277932
12.9 34.875 0.00355979
12.9 39.375 0.00650819
12.9 41.625 0.00319519
12.9 43.875 0.00515657
13.1 1.125 0.00629194
13.1 7.875 0.00482756
13.1 10.125 0.00554902
13.1 12.375 0.00681881
13.1 14.625 0.00733469
13.1 16.875 0.00448347
13.1 19.125 0.00590327
13.1 21.375 0.00351804
13.1 23.625 0.00636801
13.1 25.875 0.00750691
13.1 28.125 0.00455036
13.1 30.375 0.00375693
13.1 32.625 0.00598024
13.1 34.875 0.0186661
13.1 37.125 0.00675335
13.1 39.375 0.00552364
13.1 41.625 0.00598218
13.1 43.875 0.0106813
13.3 1.125 0.00558858
13.3 7.875 0.00470509
13.3 10.125 0.00369175
13.3 12.375 0.0037151
13.3 14.625 0.00667523
13.3 16.875 0.00556294
13.3 21.375 0.00386201
13.3 23.625 0.00396163
13.3 32.625 0.00622137
13.3 34.875 0.0117801
13.3 37.125 0.00467636
13.3 41.625 0.00444706
13.3 43.875 0.00703157
13.5 3.375 0.00448483
13.5 5.625 0.00409877
13.5 7.875 0.00444154
13.5 12.375 0.00461087
13.5 14.625 0.00381646
13.5 16.875 0.00797459
13.5 21.375 0.0683165
13.5 25.875 0.00405746
13.5 28.125 0.00766136
13.5 30.375 0.399027
13.5 34.875 0.00717323
13.5 41.625 0.189099
13.5 43.875 0.0049601
13.7 1.125 0.00567074
13.7 5.625 0.00310536
13.7 7.875 0.00852568
13.7 10.125 0.0133949
13.7 12.375 0.00342831
13.7 16.875 0.00658777
13.7 21.375 0.00630818
13.7 25.875 0.00471821
13.7 28.125 0.00590945
13.7 41.625 0.00382337
13.7 43.875 0.00856742
13.9 3.375 0.00959016
13.9 5.625 0.00696159
13.9 7.875 0.00362301
13.9 10.125 0.00455392
13.9 14.625 0.00642082
13.9 16.875 0.0110811
13.9 25.875 0.00786441
13.9 28.125 0.00618119
13.9 30.375 0.00551103
13.9 32.625 0.0077861
13.9 34.875 0.00566061
13.9 37.125 0.00546567
13.9 39.375 0.00378236
