0.1 1.125 3.25594
0.1 3.375 2.89596
0.1 5.625 2.23825
0.1 7.875 3.31427
0.1 10.125 2.72113
0.1 12.375 2.89752
0.1 14.625 2.74343
0.1 16.875 3.22903
0.1 19.125 3.25681
0.1 21.375 2.99198
0.1 23.625 3.27182
0.1 25.875 3.246
0.1 28.125 2.87478
0.1 30.375 2.82952
0.1 32.625 3.0593
0.1 34.875 3.32089
0.1 37.125 3.24999
0.1 39.375 3.19391
0.1 41.625 3.25989
0.1 43.875 3.28005
0.3 1.125 3.25493
0.3 3.375 2.9576
0.3 5.625 3.24077
0.3 7.875 2.75444
0.3 10.125 3.17688
0.3 12.375 2.98973
0.3 14.625 3.1389
0.3 16.875 3.24579
0.3 19.125 3.13807
0.3 21.375 3.2601
0.3 23.625 3.24606
0.3 25.875 2.99446
0.3 28.125 3.12351
0.3 30.375 3.0221
0.3 32.625 3.05952
0.3 34.875 3.01712
0.3 37.125 3.16933
0.3 39.375 3.23991
0.3 41.625 3.0994
0.3 43.875 3.15461
0.5 1.125 2.94563
0.5 3.375 3.10831
0.5 5.625 3.07417
0.5 7.875 2.79418
0.5 10.125 2.98404
0.5 12.375 3.12712
0.5 14.625 3.16642
0.5 16.875 3.18215
0.5 19.125 3.16341
0.5 21.375 3.18484
0.5 23.625 3.1829
0.5 25.875 3.08958
0.5 28.125 3.13493
0.5 30.375 2.97381
0.5 32.625 3.16913
0.5 34.875 3.10413
0.5 37.125 3.14251
0.5 39.375 3.10225
0.5 41.625 3.19508
0.5 43.875 3.03981
0.7 1.125 2.98175
0.7 3.375 2.9701
0.7 5.625 3.0289
0.7 7.875 2.86703
0.7 10.125 2.84198
0.7 12.375 3.0112
0.7 14.625 3.02355
0.7 16.875 2.94339
0.7 19.125 2.95403
0.7 21.375 2.97162
0.7 23.625 3.02455
0.7 25.875 3.02338
0.7 28.125 3.0116
0.7 30.375 2.90496
0.7 32.625 3.04744
0.7 34.875 3.01344
0.7 37.125 3.03671
0.7 39.375 3.02795
0.7 41.625 3.0141
0.7 43.875 3.01835
0.9 1.125 2.5942
0.9 3.375 2.55541
0.9 5.625 2.69194
0.9 7.875 2.69844
0.9 10.125 2.6257
0.9 12.375 2.59799
0.9 14.625 2.59393
0.9 16.875 2.67592
0.9 19.125 2.66688
0.9 21.375 2.62838
0.9 23.625 2.71516
0.9 25.875 2.74322
0.9 28.125 2.82018
0.9 30.375 2.86215
0.9 32.625 2.8474
0.9 34.875 2.80862
0.9 37.125 2.85771
0.9 39.375 2.87061
0.9 41.625 2.8727
0.9 43.875 2.86899
1.1 1.125 1.90362
1.1 3.375 1.8961
1.1 5.625 1.91851
1.1 7.875 1.88115
1.1 10.125 2.02275
1.1 12.375 2.01539
1.1 14.625 2.00958
1.1 16.875 2.00348
1.1 19.125 2.0575
1.1 21.375 2.13327
1.1 23.625 2.24561
1.1 25.875 2.29379
1.1 28.125 2.25193
1.1 30.375 2.35573
1.1 32.625 2.45971
1.1 34.875 2.41477
1.1 37.125 2.55127
1.1 39.375 2.51363
1.1 41.625 2.5696
1.1 43.875 2.57971
1.3 1.125 1.07072
1.3 3.375 1.10845
1.3 5.625 1.04385
1.3 7.875 1.07293
1.3 10.125 1.18267
1.3 12.375 1.2014
1.3 14.625 1.2345
1.3 16.875 1.229
1.3 19.125 1.33597
1.3 21.375 1.33421
1.3 23.625 1.45818
1.3 25.875 1.50423
1.3 28.125 1.61603
1.3 30.375 1.58929
1.3 32.625 1.75747
1.3 34.875 1.87261
1.3 37.125 2.03067
1.3 39.375 1.95892
1.3 41.625 2.08452
1.3 43.875 2.02461
1.5 1.125 0.579103
1.5 3.375 0.566118
1.5 5.625 0.525733
1.5 7.875 0.574052
1.5 10.125 0.603172
1.5 12.375 0.599244
1.5 14.625 0.629345
1.5 16.875 0.609777
1.5 19.125 0.626988
1.5 21.375 0.71372
1.5 23.625 0.70716
1.5 25.875 0.759113
1.5 28.125 0.880173
1.5 30.375 0.958605
1.5 32.625 0.957691
1.5 34.875 1.09694
1.5 37.125 1.1518
1.5 39.375 1.23525
1.5 41.625 1.2425
1.5 43.875 1.38998
1.7 1.125 0.326363
1.7 3.375 0.308591
1.7 5.625 0.312999
1.7 7.875 0.312933
1.7 10.125 0.332279
1.7 12.375 0.35083
1.7 14.625 0.341574
1.7 16.875 0.378388
1.7 19.125 0.374428
1.7 21.375 0.354999
1.7 23.625 0.402244
1.7 25.875 0.434096
1.7 28.125 0.430147
1.7 30.375 0.447926
1.7 32.625 0.512156
1.7 34.875 0.523834
1.7 37.125 0.561839
1.7 39.375 0.62584
1.7 41.625 0.648854
1.7 43.875 0.700377
1.9 1.125 0.195509
1.9 3.375 0.195465
1.9 5.625 0.197807
1.9 7.875 0.205151
1.9 10.125 0.209881
1.9 12.375 0.215646
1.9 14.625 0.22186
1.9 16.875 0.219229
1.9 19.125 0.235303
1.9 21.375 0.231555
1.9 23.625 0.239116
1.9 25.875 0.24899
1.9 28.125 0.260337
1.9 30.375 0.277959
1.9 32.625 0.277179
1.9 34.875 0.29154
1.9 37.125 0.324125
1.9 39.375 0.322827
1.9 41.625 0.343896
1.9 43.875 0.367256
2.1 1.125 0.133973
2.1 3.375 0.129975
2.1 5.625 0.132767
2.1 7.875 0.140861
2.1 10.125 0.150993
2.1 12.375 0.143192
2.1 14.625 0.145476
2.1 16.875 0.148324
2.1 19.125 0.15073
2.1 21.375 0.15631
2.1 23.625 0.154648
2.1 25.875 0.16016
2.1 28.125 0.167914
2.1 30.375 0.17343
2.1 32.625 0.184464
2.1 34.875 0.190739
2.1 37.125 0.200155
2.1 39.375 0.197815
2.1 41.625 0.203515
2.1 43.875 0.211012
2.3 1.125 0.0983163
2.3 3.375 0.0939752
2.3 5.625 0.0982858
2.3 7.875 0.093967
2.3 10.125 0.0950736
2.3 12.375 0.10384
2.3 14.625 0.0991428
2.3 16.875 0.10376
2.3 19.125 0.103032
2.3 21.375 0.103801
2.3 23.625 0.107826
2.3 25.875 0.110092
2.3 28.125 0.116727
2.3 30.375 0.123551
2.3 32.625 0.129487
2.3 34.875 0.128789
2.3 37.125 0.144565
2.3 39.375 0.131919
2.3 41.625 0.133096
2.3 43.875 0.133635
2.5 1.125 0.0701155
2.5 3.375 0.0727111
2.5 5.625 0.0704487
2.5 7.875 0.0764811
2.5 10.125 0.0739906
2.5 12.375 0.0736076
2.5 14.625 0.0719877
2.5 16.875 0.0731961
2.5 19.125 0.0782645
2.5 21.375 0.0770462
2.5 23.625 0.0793697
2.5 25.875 0.0842895
2.5 28.125 0.0862901
2.5 30.375 0.0859391
2.5 32.625 0.0895041
2.5 34.875 0.0894702
2.5 37.125 0.0958677
2.5 39.375 0.0949656
2.5 41.625 0.0918776
2.5 43.875 0.0938812
2.7 1.125 0.0518165
2.7 3.375 0.0558912
2.7 5.625 0.0541887
2.7 7.875 0.0555809
2.7 10.125 0.0543519
2.7 12.375 0.054823
2.7 14.625 0.0542992
2.7 16.875 0.058151
2.7 19.125 0.0574211
2.7 21.375 0.0590726
2.7 23.625 0.0643938
2.7 25.875 0.0638113
2.7 28.125 0.0652048
2.7 30.375 0.0671479
2.7 32.625 0.0653511
2.7 34.875 0.0649133
2.7 37.125 0.0641119
2.7 39.375 0.0637493
2.7 41.625 0.0629425
2.7 43.875 0.0603829
2.9 1.125 0.0430928
2.9 3.375 0.0436729
2.9 5.625 0.0423742
2.9 7.875 0.0439862
2.9 10.125 0.0452621
2.9 12.375 0.0443694
2.9 14.625 0.0467711
2.9 16.875 0.0456715
2.9 19.125 0.0464565
2.9 21.375 0.0483641
2.9 23.625 0.0475549
2.9 25.875 0.0514537
2.9 28.125 0.0509196
2.9 30.375 0.0491198
2.9 32.625 0.050328
2.9 34.875 0.0502462
2.9 37.125 0.0495553
2.9 39.375 0.0493997
2.9 41.625 0.0459951
2.9 43.875 0.0503472
3.1 1.125 0.0345593
3.1 3.375 0.0348979
3.1 5.625 0.034913
3.1 7.875 0.0374021
3.1 10.125 0.0360788
3.1 12.375 0.0356256
3.1 14.625 0.0372254
3.1 16.875 0.0375735
3.1 19.125 0.0385961
3.1 21.375 0.0371562
3.1 23.625 0.04312
3.1 25.875 0.0411773
3.1 28.125 0.0414603
3.1 30.375 0.0408464
3.1 32.625 0.0409396
3.1 34.875 0.0413735
3.1 37.125 0.0392107
3.1 39.375 0.0408915
3.1 41.625 0.0395362
3.1 43.875 0.0388274
3.3 1.125 0.0285493
3.3 3.375 0.028353
3.3 5.625 0.0271848
3.3 7.875 0.0288435
3.3 10.125 0.02953
3.3 12.375 0.0282265
3.3 14.625 0.0293934
3.3 16.875 0.0297227
3.3 19.125 0.0312902
3.3 21.375 0.0306726
3.3 23.625 0.0321545
3.3 25.875 0.0321193
3.3 28.125 0.0323145
3.3 30.375 0.0333613
3.3 32.625 0.0339566
3.3 34.875 0.0336462
3.3 37.125 0.0329994
3.3 39.375 0.03258
3.3 41.625 0.0326229
3.3 43.875 0.0329469
3.5 1.125 0.0234729
3.5 3.375 0.0233599
3.5 5.625 0.0240926
3.5 7.875 0.023583
3.5 10.125 0.02339
3.5 12.375 0.0241166
3.5 14.625 0.0240462
3.5 16.875 0.0253902
3.5 19.125 0.0274425
3.5 21.375 0.0268761
3.5 23.625 0.0255301
3.5 25.875 0.0273862
3.5 28.125 0.0264685
3.5 30.375 0.0277245
3.5 32.625 0.0262108
3.5 34.875 0.0259128
3.5 37.125 0.0272058
3.5 39.375 0.0273587
3.5 41.625 0.026243
3.5 43.875 0.0263469
3.7 1.125 0.0200725
3.7 3.375 0.0199014
3.7 5.625 0.0188238
3.7 7.875 0.0197089
3.7 10.125 0.0193988
3.7 12.375 0.0194682
3.7 14.625 0.0205214
3.7 16.875 0.0188864
3.7 19.125 0.0202286
3.7 21.375 0.021753
3.7 23.625 0.0216782
3.7 25.875 0.0213617
3.7 28.125 0.0214524
3.7 30.375 0.0218575
3.7 32.625 0.0270533
3.7 34.875 0.0213256
3.7 37.125 0.0223535
3.7 39.375 0.0233632
3.7 41.625 0.0233427
3.7 43.875 0.0224825
3.9 1.125 0.016692
3.9 3.375 0.0166542
3.9 5.625 0.0155628
3.9 7.875 0.016611
3.9 10.125 0.0173437
3.9 12.375 0.0172445
3.9 14.625 0.0167207
3.9 16.875 0.0160694
3.9 19.125 0.0179409
3.9 21.375 0.0178744
3.9 23.625 0.0173474
3.9 25.875 0.0174266
3.9 28.125 0.018349
3.9 30.375 0.0172785
3.9 32.625 0.0183687
3.9 34.875 0.0178087
3.9 37.125 0.0175997
3.9 39.375 0.0186744
3.9 41.625 0.0174511
3.9 43.875 0.0184703
4.1 1.125 0.014486
4.1 3.375 0.0146831
4.1 5.625 0.0146288
4.1 7.875 0.0146146
4.1 10.125 0.0142269
4.1 12.375 0.0142441
4.1 14.625 0.0146098
4.1 16.875 0.0159787
4.1 19.125 0.0143896
4.1 21.375 0.0152163
4.1 23.625 0.0158325
4.1 25.875 0.0144991
4.1 28.125 0.0159669
4.1 30.375 0.014932
4.1 32.625 0.013848
4.1 34.875 0.0150331
4.1 37.125 0.0146884
4.1 39.375 0.0153049
4.1 41.625 0.015042
4.1 43.875 0.0162091
4.3 1.125 0.0121152
4.3 3.375 0.0120871
4.3 5.625 0.0122131
4.3 7.875 0.0117526
4.3 10.125 0.0119123
4.3 12.375 0.0118792
4.3 14.625 0.0126534
4.3 16.875 0.0126753
4.3 19.125 0.0135335
4.3 21.375 0.0128039
4.3 23.625 0.0131788
4.3 25.875 0.0167413
4.3 28.125 0.0125797
4.3 30.375 0.011806
4.3 32.625 0.0128259
4.3 34.875 0.0126251
4.3 37.125 0.0138333
4.3 39.375 0.0125518
4.3 41.625 0.0138609
4.3 43.875 0.0130705
4.5 1.125 0.0106505
4.5 3.375 0.015544
4.5 5.625 0.011135
4.5 7.875 0.0108218
4.5 10.125 0.0107516
4.5 12.375 0.0110066
4.5 14.625 0.0114354
4.5 16.875 0.0115655
4.5 19.125 0.0115782
4.5 21.375 0.0162939
4.5 23.625 0.0109389
4.5 25.875 0.0113485
4.5 28.125 0.0106206
4.5 30.375 0.011532
4.5 32.625 0.0102688
4.5 34.875 0.010661
4.5 37.125 0.0111952
4.5 39.375 0.0104238
4.5 41.625 0.0102991
4.5 43.875 0.0105598
4.7 1.125 0.00871494
4.7 3.375 0.00911963
4.7 5.625 0.00867614
4.7 7.875 0.00948015
4.7 10.125 0.00940764
4.7 12.375 0.0089243
4.7 14.625 0.0099943
4.7 16.875 0.0102217
4.7 19.125 0.00983613
4.7 21.375 0.0101029
4.7 23.625 0.00956659
4.7 25.875 0.00944867
4.7 28.125 0.00889707
4.7 30.375 0.00969578
4.7 32.625 0.00933408
4.7 34.875 0.00908422
4.7 37.125 0.013728
4.7 39.375 0.00906121
4.7 41.625 0.00946297
4.7 43.875 0.00977566
4.9 1.125 0.0096062
4.9 3.375 0.00805645
4.9 5.625 0.00775786
4.9 7.875 0.00838197
4.9 10.125 0.00779064
4.9 12.375 0.00790394
4.9 14.625 0.00864162
4.9 16.875 0.00810022
4.9 19.125 0.00859082
4.9 21.375 0.0086317
4.9 23.625 0.00809971
4.9 25.875 0.00815203
4.9 28.125 0.00850191
4.9 30.375 0.00827713
4.9 32.625 0.00813527
4.9 34.875 0.00815425
4.9 37.125 0.00778575
4.9 39.375 0.00800296
4.9 41.625 0.00817692
4.9 43.875 0.00741705
5.1 1.125 0.00667436
5.1 3.375 0.00728315
5.1 5.625 0.00710346
5.1 7.875 0.00761081
5.1 10.125 0.00716654
5.1 12.375 0.00704455
5.1 14.625 0.00738485
5.1 16.875 0.00798529
5.1 19.125 0.00785764
5.1 21.375 0.00720888
5.1 23.625 0.00740494
5.1 25.875 0.00757857
5.1 28.125 0.0068266
5.1 30.375 0.00715599
5.1 32.625 0.00777458
5.1 34.875 0.00728421
5.1 37.125 0.00735467
5.1 39.375 0.00679873
5.1 41.625 0.00680474
5.1 43.875 0.00670565
5.3 1.125 0.00670054
5.3 3.375 0.00623295
5.3 5.625 0.0111121
5.3 7.875 0.00661161
5.3 10.125 0.00890948
5.3 12.375 0.00631344
5.3 14.625 0.00714148
5.3 16.875 0.00641718
5.3 19.125 0.00641766
5.3 21.375 0.00656597
5.3 23.625 0.00690419
5.3 25.875 0.0067907
5.3 28.125 0.0065897
5.3 30.375 0.00653251
5.3 32.625 0.0067294
5.3 34.875 0.00814551
5.3 37.125 0.00664672
5.3 39.375 0.0062359
5.3 41.625 0.00621109
5.3 43.875 0.00647809
5.5 1.125 0.00562327
5.5 3.375 0.00550523
5.5 5.625 0.00621222
5.5 7.875 0.00585249
5.5 10.125 0.00594219
5.5 12.375 0.00606274
5.5 14.625 0.00620173
5.5 16.875 0.00589855
5.5 19.125 0.00615097
5.5 21.375 0.00584237
5.5 23.625 0.00617035
5.5 25.875 0.00563388
5.5 28.125 0.00591954
5.5 30.375 0.00583576
5.5 32.625 0.0115439
5.5 34.875 0.00585542
5.5 37.125 0.00555769
5.5 39.375 0.00576477
5.5 41.625 0.00617146
5.5 43.875 0.00580032
5.7 1.125 0.00509675
5.7 3.375 0.00476108
5.7 5.625 0.00505138
5.7 7.875 0.00544352
5.7 10.125 0.00506381
5.7 12.375 0.00535031
5.7 14.625 0.00526376
5.7 16.875 0.00627594
5.7 19.125 0.00566937
5.7 21.375 0.00572848
5.7 23.625 0.00558298
5.7 25.875 0.00544721
5.7 28.125 0.0054249
5.7 30.375 0.00544942
5.7 32.625 0.00515855
5.7 34.875 0.00516797
5.7 37.125 0.0054591
5.7 39.375 0.00554081
5.7 41.625 0.0052301
5.7 43.875 0.00529754
5.9 1.125 0.00429256
5.9 3.375 0.00490234
5.9 5.625 0.00823549
5.9 7.875 0.00454167
5.9 10.125 0.00456213
5.9 12.375 0.0045305
5.9 14.625 0.00454663
5.9 16.875 0.00508371
5.9 19.125 0.00510674
5.9 21.375 0.00510172
5.9 23.625 0.0051631
5.9 25.875 0.00490636
5.9 28.125 0.00517385
5.9 30.375 0.00550813
5.9 32.625 0.00470968
5.9 34.875 0.00494621
5.9 37.125 0.00437231
5.9 39.375 0.00480904
5.9 41.625 0.00469862
5.9 43.875 0.00461997
6.1 1.125 0.00418664
6.1 3.375 0.00444522
6.1 5.625 0.00469912
6.1 7.875 0.00445392
6.1 10.125 0.00533031
6.1 12.375 0.00442974
6.1 14.625 0.0047901
6.1 16.875 0.00484085
6.1 19.125 0.00459564
6.1 21.375 0.00447405
6.1 23.625 0.00436492
6.1 25.875 0.00458028
6.1 28.125 0.00437233
6.1 30.375 0.0058356
6.1 32.625 0.00468608
6.1 34.875 0.00471877
6.1 37.125 0.00432955
6.1 39.375 0.00482105
6.1 41.625 0.00410926
6.1 43.875 0.00427329
6.3 1.125 0.00393375
6.3 3.375 0.0038528
6.3 5.625 0.00405397
6.3 7.875 0.00414781
6.3 10.125 0.00419614
6.3 12.375 0.00413477
6.3 14.625 0.00415878
6.3 16.875 0.00416824
6.3 19.125 0.00406157
6.3 21.375 0.00405764
6.3 23.625 0.00409939
6.3 25.875 0.0043989
6.3 28.125 0.00443159
6.3 30.375 0.0042102
6.3 32.625 0.00437907
6.3 34.875 0.00448572
6.3 37.125 0.00418842
6.3 39.375 0.00395119
6.3 41.625 0.00383252
6.3 43.875 0.00389918
6.5 1.125 0.00403546
6.5 3.375 0.00415948
6.5 5.625 0.00416115
6.5 7.875 0.00373478
6.5 10.125 0.00381605
6.5 12.375 0.00389965
6.5 14.625 0.00426043
6.5 16.875 0.00416803
6.5 19.125 0.00374987
6.5 21.375 0.00403535
6.5 23.625 0.00412138
6.5 25.875 0.00389368
6.5 28.125 0.00392978
6.5 30.375 0.00376017
6.5 32.625 0.00386048
6.5 34.875 0.00370052
6.5 37.125 0.00382563
6.5 39.375 0.00365885
6.5 41.625 0.00396374
6.5 43.875 0.00365062
6.7 1.125 0.00389959
6.7 3.375 0.00364119
6.7 5.625 0.00344482
6.7 7.875 0.00386648
6.7 10.125 0.0038769
6.7 12.375 0.00368943
6.7 14.625 0.00521687
6.7 16.875 0.00397148
6.7 19.125 0.00340375
6.7 21.375 0.00361909
6.7 23.625 0.00365926
6.7 25.875 0.00625214
6.7 28.125 0.00350815
6.7 30.375 0.00339438
6.7 32.625 0.00346098
6.7 34.875 0.00400362
6.7 37.125 0.00385095
6.7 39.375 0.00359807
6.7 41.625 0.0037301
6.7 43.875 0.00350444
6.9 1.125 0.00361636
6.9 3.375 0.00325736
6.9 5.625 0.00352918
6.9 7.875 0.00375491
6.9 10.125 0.0039547
6.9 12.375 0.00364263
6.9 14.625 0.00362413
6.9 16.875 0.00348508
6.9 19.125 0.00312633
6.9 21.375 0.00366939
6.9 23.625 0.00349131
6.9 25.875 0.00353819
6.9 28.125 0.00341309
6.9 30.375 0.00357468
6.9 32.625 0.00358273
6.9 34.875 0.00355856
6.9 37.125 0.00348283
6.9 39.375 0.0034097
6.9 41.625 0.00352278
6.9 43.875 0.00336076
7.1 1.125 0.00328639
7.1 3.375 0.00345147
7.1 5.625 0.00315184
7.1 7.875 0.00314043
7.1 10.125 0.00320897
7.1 12.375 0.00338432
7.1 14.625 0.00367605
7.1 16.875 0.00322981
7.1 19.125 0.00305277
7.1 21.375 0.00369915
7.1 23.625 0.00301724
7.1 25.875 0.00331802
7.1 28.125 0.00340109
7.1 30.375 0.0036595
7.1 32.625 0.00359853
7.1 34.875 0.00349905
7.1 37.125 0.00327084
7.1 39.375 0.00353457
7.1 41.625 0.00373828
7.1 43.875 0.00329
7.3 1.125 0.00315942
7.3 3.375 0.00350116
7.3 5.625 0.0031731
7.3 7.875 0.00327102
7.3 10.125 0.00348678
7.3 12.375 0.00329633
7.3 14.625 0.00481834
7.3 16.875 0.00326592
7.3 19.125 0.00318495
7.3 21.375 0.00305912
7.3 23.625 0.00301082
7.3 25.875 0.0032514
7.3 28.125 0.00343986
7.3 30.375 0.003082
7.3 32.625 0.00311579
7.3 34.875 0.00312881
7.3 37.125 0.00307716
7.3 39.375 0.00311728
7.3 41.625 0.0032731
7.3 43.875 0.00358411
7.5 1.125 0.00318213
7.5 3.375 0.00326631
7.5 5.625 0.00349344
7.5 7.875 0.00313782
7.5 10.125 0.0032351
7.5 12.375 0.00306161
7.5 14.625 0.00340697
7.5 16.875 0.00322271
7.5 19.125 0.00320747
7.5 21.375 0.00292929
7.5 23.625 0.00334741
7.5 25.875 0.00305226
7.5 28.125 0.0031146
7.5 30.375 0.00324559
7.5 32.625 0.00296535
7.5 34.875 0.00287476
7.5 37.125 0.00314008
7.5 39.375 0.00337791
7.5 41.625 0.00329111
7.5 43.875 0.00305833
7.7 1.125 0.00291655
7.7 3.375 0.0040278
7.7 5.625 0.00339272
7.7 7.875 0.00306436
7.7 10.125 0.00315788
7.7 12.375 0.00278412
7.7 14.625 0.00328002
7.7 16.875 0.00298043
7.7 19.125 0.00293394
7.7 21.375 0.00283659
7.7 23.625 0.00366405
7.7 25.875 0.00276732
7.7 28.125 0.00316735
7.7 30.375 0.00325364
7.7 32.625 0.00274234
7.7 34.875 0.00300369
7.7 37.125 0.00496548
7.7 39.375 0.00308672
7.7 41.625 0.00309744
7.7 43.875 0.00303918
7.9 1.125 0.0025737
7.9 3.375 0.00286057
7.9 5.625 0.00296713
7.9 7.875 0.00322645
7.9 10.125 0.00278101
7.9 12.375 0.00331522
7.9 14.625 0.00281116
7.9 16.875 0.00290573
7.9 19.125 0.0105474
7.9 21.375 0.0029688
7.9 23.625 0.00293812
7.9 25.875 0.00300493
7.9 28.125 0.00281909
7.9 30.375 0.00256436
7.9 32.625 0.00265363
7.9 34.875 0.00278019
7.9 37.125 0.00420373
7.9 39.375 0.00278693
7.9 41.625 0.00324339
7.9 43.875 0.00294561
8.1 1.125 0.00286911
8.1 3.375 0.00245144
8.1 5.625 0.00261239
8.1 7.875 0.00280631
8.1 10.125 0.00330596
8.1 12.375 0.00330501
8.1 14.625 0.00275938
8.1 16.875 0.00272174
8.1 19.125 0.0030655
8.1 21.375 0.0101942
8.1 23.625 0.00281038
8.1 25.875 0.00256677
8.1 28.125 0.00313906
8.1 30.375 0.00293904
8.1 32.625 0.00268584
8.1 34.875 0.0028234
8.1 37.125 0.00296352
8.1 39.375 0.00280791
8.1 41.625 0.00273858
8.1 43.875 0.00264078
8.3 1.125 0.00296477
8.3 3.375 0.00323612
8.3 5.625 0.00284102
8.3 7.875 0.00253204
8.3 10.125 0.00277702
8.3 12.375 0.00288601
8.3 14.625 0.00266307
8.3 16.875 0.00271442
8.3 19.125 0.00288482
8.3 21.375 0.0122054
8.3 23.625 0.00304708
8.3 25.875 0.00267591
8.3 28.125 0.00279951
8.3 30.375 0.00711214
8.3 32.625 0.00264638
8.3 34.875 0.00297094
8.3 37.125 0.00267562
8.3 39.375 0.00277541
8.3 41.625 0.00727743
8.3 43.875 0.00270853
8.5 1.125 0.00263172
8.5 3.375 0.0024626
8.5 5.625 0.00287363
8.5 7.875 0.00288117
8.5 10.125 0.00274239
8.5 12.375 0.00308157
8.5 14.625 0.0174286
8.5 16.875 0.00297388
8.5 19.125 0.00259306
8.5 21.375 0.00265028
8.5 23.625 0.00260543
8.5 25.875 0.00279296
8.5 28.125 0.00276801
8.5 30.375 0.00285418
8.5 32.625 0.00240699
8.5 34.875 0.00299177
8.5 37.125 0.00303745
8.5 39.375 0.00297273
8.5 41.625 0.00270141
8.5 43.875 0.00275683
8.7 1.125 0.00263168
8.7 3.375 0.00287617
8.7 5.625 0.00277727
8.7 7.875 0.0179791
8.7 10.125 0.00233734
8.7 12.375 0.00244815
8.7 14.625 0.00269949
8.7 16.875 0.00258028
8.7 19.125 0.00257882
8.7 21.375 0.00214842
8.7 23.625 0.00276478
8.7 25.875 0.00281275
8.7 28.125 0.00268584
8.7 30.375 0.00302061
8.7 32.625 0.00269884
8.7 34.875 0.00307445
8.7 37.125 0.00249224
8.7 39.375 0.00266847
8.7 41.625 0.00262342
8.7 43.875 0.0027894
8.9 1.125 0.00307122
8.9 3.375 0.00266562
8.9 5.625 0.00247658
8.9 7.875 0.00258595
8.9 10.125 0.00274347
8.9 12.375 0.00269982
8.9 14.625 0.00283167
8.9 16.875 0.00302888
8.9 19.125 0.00311439
8.9 21.375 0.00372427
8.9 23.625 0.00250076
8.9 25.875 0.00239398
8.9 28.125 0.00240423
8.9 30.375 0.00262628
8.9 32.625 0.00252385
8.9 34.875 0.00296871
8.9 37.125 0.0025397
8.9 39.375 0.00275106
8.9 41.625 0.00255428
8.9 43.875 0.00248697
9.1 1.125 0.00237746
9.1 3.375 0.00257749
9.1 5.625 0.00243494
9.1 7.875 0.00277539
9.1 10.125 0.00239828
9.1 12.375 0.00228558
9.1 14.625 0.00258556
9.1 16.875 0.00272668
9.1 19.125 0.00213539
9.1 21.375 0.00238166
9.1 23.625 0.00285222
9.1 25.875 0.00239997
9.1 28.125 0.00235102
9.1 30.375 0.00239804
9.1 32.625 0.00277749
9.1 34.875 0.00252512
9.1 37.125 0.0124718
9.1 39.375 0.00262462
9.1 41.625 0.00255979
9.1 43.875 0.00270196
9.3 1.125 0.00279718
9.3 3.375 0.00245382
9.3 5.625 0.00216983
9.3 7.875 0.00252272
9.3 10.125 0.00255354
9.3 12.375 0.00232962
9.3 14.625 0.00270613
9.3 16.875 0.00220928
9.3 19.125 0.00238857
9.3 21.375 0.0023095
9.3 23.625 0.00228085
9.3 25.875 0.00358087
9.3 28.125 0.00212976
9.3 30.375 0.00244375
9.3 32.625 0.00252497
9.3 34.875 0.00284674
9.3 37.125 0.00258401
9.3 39.375 0.00258489
9.3 41.625 0.00562739
9.3 43.875 0.00256962
9.5 1.125 0.00224934
9.5 3.375 0.00301236
9.5 5.625 0.00312936
9.5 7.875 0.00328033
9.5 10.125 0.00218728
9.5 12.375 0.00236901
9.5 14.625 0.00277339
9.5 16.875 0.00240394
9.5 19.125 0.00272251
9.5 21.375 0.0025472
9.5 23.625 0.00281498
9.5 25.875 0.00247942
9.5 28.125 0.00237891
9.5 30.375 0.0118143
9.5 32.625 0.00217587
9.5 34.875 0.002794
9.5 37.125 0.00489239
9.5 39.375 0.00287702
9.5 41.625 0.0127649
9.5 43.875 0.00246879
9.7 1.125 0.00265667
9.7 3.375 0.00243058
9.7 5.625 0.00234971
9.7 7.875 0.00233682
9.7 10.125 0.0205318
9.7 12.375 0.00251815
9.7 14.625 0.00573515
9.7 16.875 0.00235312
9.7 19.125 0.00253973
9.7 21.375 0.00247103
9.7 23.625 0.00237875
9.7 25.875 0.00224181
9.7 28.125 0.01283
9.7 30.375 0.0026114
9.7 32.625 0.00250929
9.7 34.875 0.00250716
9.7 37.125 0.00310964
9.7 39.375 0.00257488
9.7 41.625 0.00232163
9.7 43.875 0.00249815
9.9 1.125 0.012023
9.9 3.375 0.00266528
9.9 5.625 0.00380053
9.9 7.875 0.00271245
9.9 10.125 0.00252125
9.9 12.375 0.00304567
9.9 14.625 0.00253715
9.9 16.875 0.00278203
9.9 19.125 0.0023662
9.9 21.375 0.00264098
9.9 23.625 0.00275099
9.9 25.875 0.00223683
9.9 28.125 0.00247384
9.9 30.375 0.00243909
9.9 32.625 0.0256777
9.9 34.875 0.00231767
9.9 37.125 0.00271689
9.9 39.375 0.00264357
9.9 41.625 0.00242528
9.9 43.875 0.0181851
10.1 1.125 0.00237486
10.1 3.375 0.00202967
10.1 5.625 0.00219032
10.1 7.875 0.0222813
10.1 10.125 0.00244957
10.1 12.375 0.0122293
10.1 14.625 0.00227924
10.1 16.875 0.00231828
10.1 19.125 0.0022599
10.1 21.375 0.00317111
10.1 23.625 0.00240416
10.1 25.875 0.00232772
10.1 28.125 0.00288933
10.1 30.375 0.00230593
10.1 32.625 0.00300025
10.1 34.875 0.00350333
10.1 37.125 0.00284073
10.1 39.375 0.0163427
10.1 41.625 0.0026622
10.1 43.875 0.00429633
10.3 1.125 0.00220398
10.3 3.375 0.00235697
10.3 5.625 0.00226487
10.3 7.875 0.0022575
10.3 10.125 0.00241321
10.3 12.375 0.00230187
10.3 14.625 0.00266164
10.3 16.875 0.00224724
10.3 19.125 0.00882767
10.3 21.375 0.0032856
10.3 23.625 0.00295866
10.3 25.875 0.00210387
10.3 28.125 0.00295805
10.3 30.375 0.00237104
10.3 32.625 0.00262366
10.3 34.875 0.00238967
10.3 37.125 0.00252951
10.3 39.375 0.00214737
10.3 41.625 0.00324688
10.3 43.875 0.00261206
10.5 1.125 0.00234219
10.5 3.375 0.00237159
10.5 5.625 0.0023158
10.5 7.875 0.00270353
10.5 10.125 0.00257942
10.5 12.375 0.00211262
10.5 14.625 0.00217115
10.5 16.875 0.0026107
10.5 19.125 0.00216509
10.5 21.375 0.00286694
10.5 23.625 0.00428916
10.5 25.875 0.00228141
10.5 28.125 0.00262237
10.5 30.375 0.00502441
10.5 32.625 0.00238739
10.5 34.875 0.00350426
10.5 37.125 0.0023662
10.5 39.375 0.0140796
10.5 41.625 0.00461367
10.5 43.875 0.00247379
10.7 1.125 0.00268752
10.7 3.375 0.00258372
10.7 5.625 0.00243881
10.7 7.875 0.00414005
10.7 10.125 0.00371969
10.7 12.375 0.00244401
10.7 14.625 0.00242565
10.7 16.875 0.00304362
10.7 19.125 0.00217117
10.7 21.375 0.00222261
10.7 23.625 0.00272275
10.7 25.875 0.00354939
10.7 28.125 0.00345025
10.7 30.375 0.00266659
10.7 32.625 0.00246462
10.7 34.875 0.00232531
10.7 37.125 0.00223888
10.7 39.375 0.00273358
10.7 41.625 0.00233784
10.7 43.875 0.00278887
10.9 1.125 0.00221157
10.9 3.375 0.00228724
10.9 5.625 0.00193958
10.9 7.875 0.00178604
10.9 10.125 0.00225109
10.9 12.375 0.00239756
10.9 14.625 0.00233159
10.9 16.875 0.00217345
10.9 19.125 0.00209599
10.9 21.375 0.00258539
10.9 23.625 0.0223151
10.9 25.875 0.00289847
10.9 28.125 0.00254541
10.9 30.375 0.00211425
10.9 32.625 0.0135583
10.9 34.875 0.00272505
10.9 37.125 0.0023305
10.9 39.375 0.00216679
10.9 41.625 0.00287253
10.9 43.875 0.00244212
11.1 1.125 0.00295127
11.1 3.375 0.00204782
11.1 5.625 0.00245166
11.1 7.875 0.00261394
11.1 10.125 0.00249809
11.1 12.375 0.00222059
11.1 14.625 0.00264709
11.1 16.875 0.00215369
11.1 19.125 0.00204845
11.1 21.375 0.0022356
11.1 23.625 0.00220913
11.1 25.875 0.00238573
11.1 28.125 0.0030995
11.1 30.375 0.00283784
11.1 32.625 0.00231739
11.1 34.875 0.00237421
11.1 37.125 0.00256462
11.1 39.375 0.0297208
11.1 41.625 0.00217263
11.1 43.875 0.00194395
11.3 1.125 0.00231579
11.3 3.375 0.00220264
11.3 5.625 0.00244386
11.3 7.875 0.00228869
11.3 10.125 0.00183343
11.3 12.375 0.00264881
11.3 14.625 0.00231275
11.3 16.875 0.00238459
11.3 19.125 0.00481123
11.3 21.375 0.00227272
11.3 23.625 0.00248281
11.3 25.875 0.00210495
11.3 28.125 0.00244608
11.3 30.375 0.00256597
11.3 32.625 0.00218485
11.3 34.875 0.00311737
11.3 37.125 0.0020646
11.3 39.375 0.0025708
11.3 41.625 0.00244213
11.3 43.875 0.00194997
11.5 1.125 0.00206168
11.5 3.375 0.00268227
11.5 5.625 0.0110152
11.5 7.875 0.00256971
11.5 10.125 0.00286855
11.5 12.375 0.00276467
11.5 14.625 0.00209262
11.5 16.875 0.00373971
11.5 19.125 0.00235542
11.5 21.375 0.00404804
11.5 23.625 0.00199119
11.5 25.875 0.00256761
11.5 28.125 0.00462797
11.5 30.375 0.00259793
11.5 32.625 0.00224309
11.5 34.875 0.00224468
11.5 37.125 0.0041219
11.5 39.375 0.00262386
11.5 41.625 0.00838918
11.5 43.875 0.00273114
11.7 1.125 0.00387638
11.7 3.375 0.00288891
11.7 5.625 0.00204996
11.7 7.875 0.00226281
11.7 10.125 0.00265086
11.7 12.375 0.00226465
11.7 14.625 0.00219958
11.7 16.875 0.00225671
11.7 19.125 0.00202072
11.7 21.375 0.00366422
11.7 23.625 0.00346242
11.7 25.875 0.00219999
11.7 28.125 0.00230896
11.7 30.375 0.00236632
11.7 32.625 0.00291256
11.7 34.875 0.0362104
11.7 37.125 0.0021105
11.7 39.375 0.00229378
11.7 41.625 0.00241802
11.7 43.875 0.0471619
11.9 1.125 0.00275302
11.9 3.375 0.0198065
11.9 5.625 0.00216799
11.9 7.875 0.00275478
11.9 10.125 0.0027277
11.9 12.375 0.039878
11.9 14.625 0.00231337
11.9 16.875 0.00372313
11.9 19.125 0.00230101
11.9 21.375 0.00234797
11.9 23.625 0.00298885
11.9 25.875 0.00233952
11.9 28.125 0.00246369
11.9 30.375 0.00196312
11.9 32.625 0.00414298
11.9 34.875 0.00258354
11.9 37.125 0.00313355
11.9 39.375 0.00281713
11.9 41.625 0.00232333
11.9 43.875 0.087068
12.1 1.125 0.0029776
12.1 3.375 0.00246258
12.1 5.625 0.0223625
12.1 7.875 0.00229598
12.1 10.125 0.00221246
12.1 12.375 0.00325559
12.1 14.625 0.00270174
12.1 16.875 0.00252963
12.1 19.125 0.00224003
12.1 21.375 0.00243937
12.1 23.625 0.00303818
12.1 25.875 0.00280934
12.1 28.125 0.00304135
12.1 30.375 0.00271163
12.1 32.625 0.00227966
12.1 34.875 0.0528829
12.1 37.125 0.00324935
12.1 39.375 0.06153
12.1 41.625 0.00692197
12.1 43.875 0.00217804
12.3 1.125 0.00415894
12.3 3.375 0.00223495
12.3 5.625 0.00216065
12.3 7.875 0.00702666
12.3 10.125 0.00301031
12.3 12.375 0.0196436
12.3 14.625 0.00236161
12.3 16.875 0.00224882
12.3 19.125 0.00226819
12.3 21.375 0.00193936
12.3 23.625 0.00248187
12.3 25.875 0.00170935
12.3 28.125 0.00446297
12.3 30.375 0.00399067
12.3 32.625 0.00334648
12.3 34.875 0.0117811
12.3 37.125 0.00251923
12.3 39.375 0.00328637
12.3 41.625 0.00616519
12.3 43.875 0.00243793
12.5 1.125 0.00357728
12.5 3.375 0.00249508
12.5 5.625 0.00219535
12.5 7.875 0.00197459
12.5 10.125 0.0028223
12.5 12.375 0.0116664
12.5 14.625 0.00260921
12.5 16.875 0.00235322
12.5 19.125 0.0023001
12.5 21.375 0.0042139
12.5 23.625 0.00194642
12.5 25.875 0.00211396
12.5 28.125 0.0130866
12.5 30.375 0.00185802
12.5 32.625 0.00277576
12.5 34.875 0.00821251
12.5 37.125 0.0020221
12.5 39.375 0.00303752
12.5 41.625 0.00211864
12.5 43.875 0.00226111
12.7 1.125 0.00443328
12.7 3.375 0.00246542
12.7 5.625 0.0020896
12.7 7.875 0.00235329
12.7 10.125 0.00787044
12.7 12.375 0.00613177
12.7 14.625 0.00226051
12.7 16.875 0.00245299
12.7 19.125 0.00291272
12.7 21.375 0.00197801
12.7 23.625 0.0031294
12.7 25.875 0.00253242
12.7 28.125 0.00216915
12.7 30.375 0.00252192
12.7 32.625 0.00233718
12.7 34.875 0.00240329
12.7 37.125 0.00194705
12.7 39.375 0.00220211
12.7 41.625 0.003095
12.7 43.875 0.00203345
12.9 1.125 0.00253417
12.9 3.375 0.00213777
12.9 5.625 0.00338495
12.9 7.875 0.00212594
12.9 10.125 0.00225132
12.9 12.375 0.00251686
12.9 14.625 0.00282905
12.9 16.875 0.00265001
12.9 19.125 0.00280577
12.9 21.375 0.0418869
12.9 23.625 0.0231692
12.9 25.875 0.0025567
12.9 28.125 0.0477495
12.9 30.375 0.00202503
12.9 32.625 0.0022323
12.9 34.875 0.00415253
12.9 37.125 0.00214539
12.9 39.375 0.00300379
12.9 41.625 0.00361804
12.9 43.875 0.0813915
13.1 1.125 0.00174349
13.1 3.375 0.00234784
13.1 5.625 0.00224811
13.1 7.875 0.00251452
13.1 10.125 0.00555809
13.1 12.375 0.0020941
13.1 14.625 0.00254805
13.1 16.875 0.00204767
13.1 19.125 0.00240649
13.1 21.375 0.0030562
13.1 23.625 0.00452586
13.1 25.875 0.00228206
13.1 28.125 0.00239542
13.1 30.375 0.00204556
13.1 32.625 0.00399838
13.1 34.875 0.0024491
13.1 37.125 0.00254611
13.1 39.375 0.00228067
13.1 41.625 0.0029386
13.1 43.875 0.00509146
13.3 1.125 0.00355341
13.3 3.375 0.00193818
13.3 5.625 0.00267222
13.3 7.875 0.00292437
13.3 10.125 0.00248975
13.3 12.375 0.00250977
13.3 14.625 0.00243668
13.3 16.875 0.0033415
13.3 19.125 0.00803664
13.3 21.375 0.00620755
13.3 23.625 0.00221952
13.3 25.875 0.00309841
13.3 28.125 0.00400109
13.3 30.375 0.0032285
13.3 32.625 0.00189592
13.3 34.875 0.00265537
13.3 37.125 0.00242469
13.3 39.375 0.0026102
13.3 41.625 0.00363881
13.3 43.875 0.00214245
13.5 1.125 0.00215328
13.5 3.375 0.00210948
13.5 5.625 0.00247853
13.5 7.875 0.00247278
13.5 10.125 0.00250672
13.5 12.375 0.00299943
13.5 14.625 0.00221839
13.5 16.875 0.00238022
13.5 19.125 0.00239405
13.5 21.375 0.00237969
13.5 23.625 0.00243213
13.5 25.875 0.00544336
13.5 28.125 0.00227691
13.5 30.375 0.00333325
13.5 32.625 0.00221557
13.5 34.875 0.0377326
13.5 37.125 0.00490915
13.5 39.375 0.0315011
13.5 41.625 0.0016951
13.5 43.875 0.0156676
13.7 1.125 0.00233078
13.7 3.375 0.00238715
13.7 5.625 0.00224336
13.7 7.875 0.00373737
13.7 10.125 0.00567894
13.7 12.375 0.00232105
13.7 14.625 0.00212266
13.7 16.875 0.00494217
13.7 19.125 0.071786
13.7 21.375 0.00278133
13.7 23.625 0.00181059
13.7 25.875 0.00243218
13.7 28.125 0.00697725
13.7 30.375 0.107415
13.7 32.625 0.00237507
13.7 34.875 0.00284198
13.7 37.125 0.00325903
13.7 39.375 0.00232625
13.7 41.625 0.0023652
13.7 43.875 0.0936103
13.9 1.125 0.0047013
13.9 3.375 0.00370974
13.9 5.625 0.0021099
13.9 7.875 0.00297535
13.9 10.125 0.00293771
13.9 12.375 0.00246818
13.9 14.625 0.00266604
13.9 16.875 0.00222284
13.9 19.125 0.00263955
13.9 21.375 0.00910372
13.9 23.625 0.00307936
13.9 25.875 0.0102306
13.9 28.125 0.00222786
13.9 30.375 0.0388556
13.9 32.625 0.00265038
13.9 34.875 0.0139406
13.9 37.125 0.00231391
13.9 39.375 0.00941882
13.9 41.625 0.00207687
13.9 43.875 0.00308014
