0.1 1.125 0.678747
0.1 3.375 0.666767
0.1 5.625 0.682614
0.1 7.875 0.671679
0.1 10.125 0.675013
0.1 12.375 0.66358
0.1 14.625 0.638216
0.1 16.875 0.665447
0.1 19.125 0.674677
0.1 21.375 0.594926
0.1 23.625 0.680682
0.1 25.875 0.640222
0.1 28.125 0.671569
0.1 30.375 0.672831
0.1 32.625 0.647578
0.1 34.875 0.654058
0.1 37.125 0.665013
0.1 39.375 0.645893
0.1 41.625 0.664045
0.1 43.875 0.609874
0.3 1.125 0.657666
0.3 3.375 0.667883
0.3 5.625 0.661331
0.3 7.875 0.661249
0.3 10.125 0.662624
0.3 12.375 0.655162
0.3 14.625 0.663233
0.3 16.875 0.662797
0.3 19.125 0.656788
0.3 21.375 0.664134
0.3 23.625 0.656566
0.3 25.875 0.648385
0.3 28.125 0.651491
0.3 30.375 0.65635
0.3 32.625 0.651926
0.3 34.875 0.658567
0.3 37.125 0.660028
0.3 39.375 0.646695
0.3 41.625 0.663373
0.3 43.875 0.650307
0.5 1.125 0.637879
0.5 3.375 0.628327
0.5 5.625 0.63019
0.5 7.875 0.639152
0.5 10.125 0.643148
0.5 12.375 0.645829
0.5 14.625 0.638474
0.5 16.875 0.643115
0.5 19.125 0.638093
0.5 21.375 0.62865
0.5 23.625 0.622486
0.5 25.875 0.633983
0.5 28.125 0.625169
0.5 30.375 0.618898
0.5 32.625 0.637221
0.5 34.875 0.636792
0.5 37.125 0.630382
0.5 39.375 0.637664
0.5 41.625 0.63149
0.5 43.875 0.635369
0.7 1.125 0.611112
0.7 3.375 0.60653
0.7 5.625 0.609658
0.7 7.875 0.618339
0.7 10.125 0.604198
0.7 12.375 0.612189
0.7 14.625 0.602134
0.7 16.875 0.606105
0.7 19.125 0.604959
0.7 21.375 0.605534
0.7 23.625 0.595292
0.7 25.875 0.598327
0.7 28.125 0.591625
0.7 30.375 0.60127
0.7 32.625 0.598844
0.7 34.875 0.593618
0.7 37.125 0.595643
0.7 39.375 0.593974
0.7 41.625 0.599897
0.7 43.875 0.583537
0.9 1.125 0.546662
0.9 3.375 0.547053
0.9 5.625 0.537632
0.9 7.875 0.539553
0.9 10.125 0.530141
0.9 12.375 0.536521
0.9 14.625 0.532643
0.9 16.875 0.543706
0.9 19.125 0.546823
0.9 21.375 0.541084
0.9 23.625 0.528437
0.9 25.875 0.549151
0.9 28.125 0.54159
0.9 30.375 0.549082
0.9 32.625 0.55246
0.9 34.875 0.540608
0.9 37.125 0.543478
0.9 39.375 0.556245
0.9 41.625 0.551328
0.9 43.875 0.560618
1.1 1.125 0.422015
1.1 3.375 0.436033
1.1 5.625 0.430018
1.1 7.875 0.441304
1.1 10.125 0.4406
1.1 12.375 0.439887
1.1 14.625 0.44382
1.1 16.875 0.438317
1.1 19.125 0.435251
1.1 21.375 0.470619
1.1 23.625 0.446072
1.1 25.875 0.459709
1.1 28.125 0.461384
1.1 30.375 0.446258
1.1 32.625 0.468163
1.1 34.875 0.486103
1.1 37.125 0.495371
1.1 39.375 0.50409
1.1 41.625 0.504169
1.1 43.875 0.493156
1.3 1.125 0.291247
1.3 3.375 0.278821
1.3 5.625 0.304057
1.3 7.875 0.285038
1.3 10.125 0.287661
1.3 12.375 0.297599
1.3 14.625 0.297626
1.3 16.875 0.316519
1.3 19.125 0.312803
1.3 21.375 0.331906
1.3 23.625 0.339105
1.3 25.875 0.324469
1.3 28.125 0.386129
1.3 30.375 0.37446
1.3 32.625 0.389954
1.3 34.875 0.382555
1.3 37.125 0.386401
1.3 39.375 0.418694
1.3 41.625 0.416829
1.3 43.875 0.430596
1.5 1.125 0.158535
1.5 3.375 0.165932
1.5 5.625 0.167326
1.5 7.875 0.16832
1.5 10.125 0.182405
1.5 12.375 0.18992
1.5 14.625 0.174681
1.5 16.875 0.198779
1.5 19.125 0.202819
1.5 21.375 0.211367
1.5 23.625 0.21651
1.5 25.875 0.218432
1.5 28.125 0.223687
1.5 30.375 0.242464
1.5 32.625 0.280857
1.5 34.875 0.264267
1.5 37.125 0.294558
1.5 39.375 0.311013
1.5 41.625 0.328124
1.5 43.875 0.30056
1.7 1.125 0.0943031
1.7 3.375 0.0928155
1.7 5.625 0.102078
1.7 7.875 0.092891
1.7 10.125 0.110407
1.7 12.375 0.106687
1.7 14.625 0.110236
1.7 16.875 0.121796
1.7 19.125 0.122116
1.7 21.375 0.120301
1.7 23.625 0.122372
1.7 25.875 0.125767
1.7 28.125 0.141035
1.7 30.375 0.144926
1.7 32.625 0.1513
1.7 34.875 0.148547
1.7 37.125 0.169409
1.7 39.375 0.167186
1.7 41.625 0.195222
1.7 43.875 0.1991
1.9 1.125 0.0584171
1.9 3.375 0.057517
1.9 5.625 0.0585186
1.9 7.875 0.0619976
1.9 10.125 0.0669689
1.9 12.375 0.0676243
1.9 14.625 0.0696259
1.9 16.875 0.078175
1.9 19.125 0.0731268
1.9 21.375 0.0755102
1.9 23.625 0.0779699
1.9 25.875 0.0815337
1.9 28.125 0.0781202
1.9 30.375 0.0753096
1.9 32.625 0.0922037
1.9 34.875 0.0910619
1.9 37.125 0.0978672
1.9 39.375 0.104746
1.9 41.625 0.11009
1.9 43.875 0.115626
2.1 1.125 0.0358687
2.1 3.375 0.0376224
2.1 5.625 0.0365308
2.1 7.875 0.0370754
2.1 10.125 0.0391497
2.1 12.375 0.0430873
2.1 14.625 0.0486584
2.1 16.875 0.0472884
2.1 19.125 0.0498675
2.1 21.375 0.0502075
2.1 23.625 0.0524296
2.1 25.875 0.0541948
2.1 28.125 0.0584672
2.1 30.375 0.0573667
2.1 32.625 0.0568806
2.1 34.875 0.0628267
2.1 37.125 0.0689554
2.1 39.375 0.0692193
2.1 41.625 0.0779064
2.1 43.875 0.0776521
2.3 1.125 0.022573
2.3 3.375 0.0234101
2.3 5.625 0.0223309
2.3 7.875 0.0242995
2.3 10.125 0.0241218
2.3 12.375 0.0272238
2.3 14.625 0.0263959
2.3 16.875 0.028277
2.3 19.125 0.0288924
2.3 21.375 0.0308711
2.3 23.625 0.0338533
2.3 25.875 0.0327459
2.3 28.125 0.0343411
2.3 30.375 0.0404409
2.3 32.625 0.0390889
2.3 34.875 0.0435258
2.3 37.125 0.0462587
2.3 39.375 0.0451001
2.3 41.625 0.0467764
2.3 43.875 0.04917
2.5 1.125 0.0147312
2.5 3.375 0.0148161
2.5 5.625 0.0138821
2.5 7.875 0.0143901
2.5 10.125 0.0138398
2.5 12.375 0.0150664
2.5 14.625 0.0151526
2.5 16.875 0.0160513
2.5 19.125 0.0163303
2.5 21.375 0.0180854
2.5 23.625 0.0197189
2.5 25.875 0.0211307
2.5 28.125 0.0236203
2.5 30.375 0.026407
2.5 32.625 0.0303893
2.5 34.875 0.0293594
2.5 37.125 0.030771
2.5 39.375 0.0298209
2.5 41.625 0.0306133
2.5 43.875 0.0327495
2.7 1.125 0.0117249
2.7 3.375 0.0135567
2.7 5.625 0.0126798
2.7 7.875 0.0119711
2.7 10.125 0.010887
2.7 12.375 0.011486
2.7 14.625 0.0104429
2.7 16.875 0.0109244
2.7 19.125 0.0116488
2.7 21.375 0.0121014
2.7 23.625 0.0137154
2.7 25.875 0.0135061
2.7 28.125 0.015425
2.7 30.375 0.0163978
2.7 32.625 0.0192631
2.7 34.875 0.0194495
2.7 37.125 0.0185266
2.7 39.375 0.0201411
2.7 41.625 0.0191837
2.7 43.875 0.0179416
2.9 1.125 0.01038
2.9 3.375 0.00971466
2.9 5.625 0.00931214
2.9 7.875 0.00964932
2.9 10.125 0.0103772
2.9 12.375 0.0104697
2.9 14.625 0.00916106
2.9 16.875 0.00946932
2.9 19.125 0.00951117
2.9 21.375 0.00944033
2.9 23.625 0.00985868
2.9 25.875 0.0103452
2.9 28.125 0.0114045
2.9 30.375 0.0113212
2.9 32.625 0.0116333
2.9 34.875 0.0123781
2.9 37.125 0.0133012
2.9 39.375 0.0131818
2.9 41.625 0.0126929
2.9 43.875 0.0142511
3.1 1.125 0.00863133
3.1 3.375 0.00809549
3.1 5.625 0.00759626
3.1 7.875 0.00794387
3.1 10.125 0.00766997
3.1 12.375 0.0069824
3.1 14.625 0.00731316
3.1 16.875 0.00798693
3.1 19.125 0.008459
3.1 21.375 0.00810227
3.1 23.625 0.00857963
3.1 25.875 0.00922815
3.1 28.125 0.00927649
3.1 30.375 0.0104222
3.1 32.625 0.0092785
3.1 34.875 0.0093227
3.1 37.125 0.00884546
3.1 39.375 0.0101006
3.1 41.625 0.0107907
3.1 43.875 0.0118755
3.3 1.125 0.00701519
3.3 3.375 0.00710716
3.3 5.625 0.00713161
3.3 7.875 0.00735986
3.3 10.125 0.00657484
3.3 12.375 0.00675956
3.3 14.625 0.00744827
3.3 16.875 0.00648145
3.3 19.125 0.00733526
3.3 21.375 0.00756461
3.3 23.625 0.00775074
3.3 25.875 0.00792496
3.3 28.125 0.00814611
3.3 30.375 0.00798208
3.3 32.625 0.00859699
3.3 34.875 0.00804133
3.3 37.125 0.0077686
3.3 39.375 0.00789096
3.3 41.625 0.00820107
3.3 43.875 0.00842332
3.5 1.125 0.00635454
3.5 3.375 0.00731249
3.5 5.625 0.00661019
3.5 7.875 0.00655801
3.5 10.125 0.00618161
3.5 12.375 0.0064286
3.5 14.625 0.00539542
3.5 16.875 0.00566248
3.5 19.125 0.00619421
3.5 21.375 0.00678808
3.5 23.625 0.00653406
3.5 25.875 0.00667095
3.5 28.125 0.00604547
3.5 30.375 0.00746535
3.5 32.625 0.00737273
3.5 34.875 0.00686839
3.5 37.125 0.00795733
3.5 39.375 0.00711021
3.5 41.625 0.00682597
3.5 43.875 0.00666997
3.7 1.125 0.0062959
3.7 3.375 0.00630839
3.7 5.625 0.0058079
3.7 7.875 0.00593887
3.7 10.125 0.00597309
3.7 12.375 0.00641657
3.7 14.625 0.00532743
3.7 16.875 0.00571303
3.7 19.125 0.00583638
3.7 21.375 0.00682087
3.7 23.625 0.00528334
3.7 25.875 0.00579819
3.7 28.125 0.00694192
3.7 30.375 0.00644381
3.7 32.625 0.00637484
3.7 34.875 0.00645856
3.7 37.125 0.00627597
3.7 39.375 0.00611655
3.7 41.625 0.0059973
3.7 43.875 0.0055212
3.9 1.125 0.00593135
3.9 3.375 0.00545099
3.9 5.625 0.00606844
3.9 7.875 0.00568428
3.9 10.125 0.00560461
3.9 12.375 0.00544489
3.9 14.625 0.00610698
3.9 16.875 0.00601276
3.9 19.125 0.00570939
3.9 21.375 0.00616243
3.9 23.625 0.00572866
3.9 25.875 0.00542368
3.9 28.125 0.0056559
3.9 30.375 0.00520109
3.9 32.625 0.00558578
3.9 34.875 0.00530314
3.9 37.125 0.00531571
3.9 39.375 0.0051947
3.9 41.625 0.00540027
3.9 43.875 0.0052054
4.1 1.125 0.00474266
4.1 3.375 0.00500708
4.1 5.625 0.00512622
4.1 7.875 0.00466903
4.1 10.125 0.00511498
4.1 12.375 0.00539553
4.1 14.625 0.00506662
4.1 16.875 0.0057311
4.1 19.125 0.00519608
4.1 21.375 0.00568743
4.1 23.625 0.00565181
4.1 25.875 0.00521755
4.1 28.125 0.00538045
4.1 30.375 0.00540555
4.1 32.625 0.00527912
4.1 34.875 0.00477734
4.1 37.125 0.00490113
4.1 39.375 0.00444763
4.1 41.625 0.00449165
4.1 43.875 0.00469587
4.3 1.125 0.00461092
4.3 3.375 0.00486223
4.3 5.625 0.00480116
4.3 7.875 0.00475685
4.3 10.125 0.00461089
4.3 12.375 0.00447567
4.3 14.625 0.00465341
4.3 16.875 0.00520022
4.3 19.125 0.00533122
4.3 21.375 0.00461572
4.3 23.625 0.00443533
4.3 25.875 0.00529209
4.3 28.125 0.00486489
4.3 30.375 0.00502012
4.3 32.625 0.00506266
4.3 34.875 0.00452218
4.3 37.125 0.00412729
4.3 39.375 0.00420129
4.3 41.625 0.0041233
4.3 43.875 0.00430263
4.5 1.125 0.00397658
4.5 3.375 0.00398135
4.5 5.625 0.00393082
4.5 7.875 0.00410195
4.5 10.125 0.00440143
4.5 12.375 0.00470749
4.5 14.625 0.00427522
4.5 16.875 0.00423893
4.5 19.125 0.00483107
4.5 21.375 0.00464455
4.5 23.625 0.00493687
4.5 25.875 0.0047759
4.5 28.125 0.00421368
4.5 30.375 0.00440239
4.5 32.625 0.00433498
4.5 34.875 0.00395824
4.5 37.125 0.00408146
4.5 39.375 0.0043889
4.5 41.625 0.00409391
4.5 43.875 0.00420075
4.7 1.125 0.00368931
4.7 3.375 0.00387256
4.7 5.625 0.00362385
4.7 7.875 0.003647
4.7 10.125 0.00395083
4.7 12.375 0.00396499
4.7 14.625 0.00422557
4.7 16.875 0.00458281
4.7 19.125 0.00397846
4.7 21.375 0.00416794
4.7 23.625 0.00448169
4.7 25.875 0.0049256
4.7 28.125 0.00458187
4.7 30.375 0.00398034
4.7 32.625 0.00403807
4.7 34.875 0.00404746
4.7 37.125 0.00364555
4.7 39.375 0.00434197
4.7 41.625 0.00373981
4.7 43.875 0.00392185
4.9 1.125 0.00387952
4.9 3.375 0.00357355
4.9 5.625 0.00304593
4.9 7.875 0.00368107
4.9 10.125 0.00319933
4.9 12.375 0.0033668
4.9 14.625 0.0039417
4.9 16.875 0.00366287
4.9 19.125 0.00418852
4.9 21.375 0.00543971
4.9 23.625 0.00386734
4.9 25.875 0.00380993
4.9 28.125 0.00395149
4.9 30.375 0.00383841
4.9 32.625 0.00361347
4.9 34.875 0.00428543
4.9 37.125 0.00380095
4.9 39.375 0.00356534
4.9 41.625 0.0040298
4.9 43.875 0.00309046
5.1 1.125 0.00310838
5.1 3.375 0.00322866
5.1 5.625 0.00305034
5.1 7.875 0.00554284
5.1 10.125 0.00494851
5.1 12.375 0.00530702
5.1 14.625 0.00405473
5.1 16.875 0.00359742
5.1 19.125 0.00339273
5.1 21.375 0.00366698
5.1 23.625 0.00353267
5.1 25.875 0.00370892
5.1 28.125 0.00365005
5.1 30.375 0.0036071
5.1 32.625 0.00330153
5.1 34.875 0.00306723
5.1 37.125 0.00364904
5.1 39.375 0.00347797
5.1 41.625 0.00318569
5.1 43.875 0.0035417
5.3 1.125 0.00314272
5.3 3.375 0.00287219
5.3 5.625 0.0031594
5.3 7.875 0.00337049
5.3 10.125 0.0032758
5.3 12.375 0.00320634
5.3 14.625 0.00322105
5.3 16.875 0.00396463
5.3 19.125 0.00290439
5.3 21.375 0.00322114
5.3 23.625 0.00319904
5.3 25.875 0.00337195
5.3 28.125 0.00341543
5.3 30.375 0.0035889
5.3 32.625 0.00371659
5.3 34.875 0.00286208
5.3 37.125 0.00334214
5.3 39.375 0.00304138
5.3 41.625 0.00302652
5.3 43.875 0.00253248
5.5 1.125 0.00300557
5.5 3.375 0.00280814
5.5 5.625 0.00270783
5.5 7.875 0.00300898
5.5 10.125 0.00258622
5.5 12.375 0.00319834
5.5 14.625 0.00305223
5.5 16.875 0.00339445
5.5 19.125 0.00318537
5.5 21.375 0.00333873
5.5 23.625 0.00284803
5.5 25.875 0.0032098
5.5 28.125 0.00315465
5.5 30.375 0.00332328
5.5 32.625 0.0030874
5.5 34.875 0.00313416
5.5 37.125 0.00373478
5.5 39.375 0.00320021
5.5 41.625 0.00305355
5.5 43.875 0.0030156
5.7 1.125 0.0027035
5.7 3.375 0.00296377
5.7 5.625 0.00289616
5.7 7.875 0.00351981
5.7 10.125 0.00274555
5.7 12.375 0.00300672
5.7 14.625 0.00304062
5.7 16.875 0.00272086
5.7 19.125 0.00288466
5.7 21.375 0.00300362
5.7 23.625 0.00300817
5.7 25.875 0.00318303
5.7 28.125 0.00310362
5.7 30.375 0.003169
5.7 32.625 0.00313154
5.7 34.875 0.00316601
5.7 37.125 0.00314863
5.7 39.375 0.00290771
5.7 41.625 0.00324051
5.7 43.875 0.00339569
5.9 1.125 0.0026225
5.9 3.375 0.00271175
5.9 5.625 0.00276887
5.9 7.875 0.00315428
5.9 10.125 0.00257563
5.9 12.375 0.00296458
5.9 14.625 0.00302968
5.9 16.875 0.0027463
5.9 19.125 0.00256849
5.9 21.375 0.00305558
5.9 23.625 0.00294866
5.9 25.875 0.00265243
5.9 28.125 0.00317567
5.9 30.375 0.00308842
5.9 32.625 0.00263314
5.9 34.875 0.00275439
5.9 37.125 0.0031504
5.9 39.375 0.0027761
5.9 41.625 0.00351662
5.9 43.875 0.0027139
6.1 1.125 0.00278902
6.1 3.375 0.00259232
6.1 5.625 0.00260095
6.1 7.875 0.00291298
6.1 10.125 0.00271497
6.1 12.375 0.00256926
6.1 14.625 0.00287319
6.1 16.875 0.00304057
6.1 19.125 0.00314169
6.1 21.375 0.00310309
6.1 23.625 0.00281641
6.1 25.875 0.00302859
6.1 28.125 0.00291757
6.1 30.375 0.00267085
6.1 32.625 0.00257375
6.1 34.875 0.00290571
6.1 37.125 0.00287048
6.1 39.375 0.00275528
6.1 41.625 0.0033432
6.1 43.875 0.00267864
6.3 1.125 0.00279755
6.3 3.375 0.00253848
6.3 5.625 0.00259389
6.3 7.875 0.00237585
6.3 10.125 0.00330157
6.3 12.375 0.00265046
6.3 14.625 0.00314185
6.3 16.875 0.00297535
6.3 19.125 0.00268481
6.3 21.375 0.00276644
6.3 23.625 0.00250778
6.3 25.875 0.00270145
6.3 28.125 0.00252627
6.3 30.375 0.00269238
6.3 32.625 0.00253122
6.3 34.875 0.00299524
6.3 37.125 0.00251077
6.3 39.375 0.00290386
6.3 41.625 0.0029737
6.3 43.875 0.00327308
6.5 1.125 0.00267255
6.5 3.375 0.0023848
6.5 5.625 0.00306301
6.5 7.875 0.00260682
6.5 10.125 0.00212497
6.5 12.375 0.00320191
6.5 14.625 0.00272161
6.5 16.875 0.00268016
6.5 19.125 0.00240341
6.5 21.375 0.00285782
6.5 23.625 0.00283678
6.5 25.875 0.00259598
6.5 28.125 0.00264832
6.5 30.375 0.00266997
6.5 32.625 0.00256506
6.5 34.875 0.00259074
6.5 37.125 0.00264377
6.5 39.375 0.00253792
6.5 41.625 0.00276324
6.5 43.875 0.00261795
6.7 1.125 0.00240703
6.7 3.375 0.00298877
6.7 5.625 0.0023095
6.7 7.875 0.00290855
6.7 10.125 0.00259079
6.7 12.375 0.00287407
6.7 14.625 0.00279114
6.7 16.875 0.00275409
6.7 19.125 0.00263416
6.7 21.375 0.00251218
6.7 23.625 0.00307574
6.7 25.875 0.00279566
6.7 28.125 0.00236611
6.7 30.375 0.00269913
6.7 32.625 0.00259554
6.7 34.875 0.0027554
6.7 37.125 0.00264221
6.7 39.375 0.00283144
6.7 41.625 0.00241865
6.7 43.875 0.00277859
6.9 1.125 0.00262463
6.9 3.375 0.00252765
6.9 5.625 0.00295221
6.9 7.875 0.00271982
6.9 10.125 0.00241295
6.9 12.375 0.00288858
6.9 14.625 0.00282431
6.9 16.875 0.00267185
6.9 19.125 0.00277492
6.9 21.375 0.00282998
6.9 23.625 0.00266621
6.9 25.875 0.00255917
6.9 28.125 0.00243446
6.9 30.375 0.00252294
6.9 32.625 0.00242702
6.9 34.875 0.00220379
6.9 37.125 0.00241055
6.9 39.375 0.00297272
6.9 41.625 0.00271326
6.9 43.875 0.0028127
7.1 1.125 0.00268369
7.1 3.375 0.00268606
7.1 5.625 0.00276891
7.1 7.875 0.0023521
7.1 10.125 0.00264228
7.1 12.375 0.00309668
7.1 14.625 0.00261718
7.1 16.875 0.00271771
7.1 19.125 0.00266585
7.1 21.375 0.00248983
7.1 23.625 0.00260734
7.1 25.875 0.00256882
7.1 28.125 0.00242976
7.1 30.375 0.00209307
7.1 32.625 0.00252996
7.1 34.875 0.00289495
7.1 37.125 0.0030086
7.1 39.375 0.00271571
7.1 41.625 0.00253691
7.1 43.875 0.00256569
7.3 1.125 0.00523495
7.3 3.375 0.00260706
7.3 5.625 0.00246443
7.3 7.875 0.00220115
7.3 10.125 0.00274953
7.3 12.375 0.00254046
7.3 14.625 0.00255386
7.3 16.875 0.00237232
7.3 19.125 0.00256591
7.3 21.375 0.00227489
7.3 23.625 0.00248411
7.3 25.875 0.00270125
7.3 28.125 0.00197002
7.3 30.375 0.00280196
7.3 32.625 0.00264538
7.3 34.875 0.00250701
7.3 37.125 0.00227934
7.3 39.375 0.00339173
7.3 41.625 0.00248351
7.3 43.875 0.00232459
7.5 1.125 0.002473
7.5 3.375 0.00254702
7.5 5.625 0.00255831
7.5 7.875 0.00260562
7.5 10.125 0.0057806
7.5 12.375 0.00243851
7.5 14.625 0.00248585
7.5 16.875 0.00245696
7.5 19.125 0.0025946
7.5 21.375 0.00234008
7.5 23.625 0.00242501
7.5 25.875 0.00301451
7.5 28.125 0.00300994
7.5 30.375 0.00231551
7.5 32.625 0.00260206
7.5 34.875 0.00253844
7.5 37.125 0.00232497
7.5 39.375 0.00254809
7.5 41.625 0.00213408
7.5 43.875 0.00229692
7.7 1.125 0.00222462
7.7 3.375 0.0020856
7.7 5.625 0.00234605
7.7 7.875 0.00223039
7.7 10.125 0.00251964
7.7 12.375 0.00255352
7.7 14.625 0.00219622
7.7 16.875 0.00263484
7.7 19.125 0.0023987
7.7 21.375 0.00249931
7.7 23.625 0.0022268
7.7 25.875 0.00224953
7.7 28.125 0.00243669
7.7 30.375 0.00243605
7.7 32.625 0.00226563
7.7 34.875 0.00228442
7.7 37.125 0.00281394
7.7 39.375 0.00254094
7.7 41.625 0.00218204
7.7 43.875 0.0022886
7.9 1.125 0.00190808
7.9 3.375 0.00226022
7.9 5.625 0.00221427
7.9 7.875 0.002529
7.9 10.125 0.00184824
7.9 12.375 0.00218119
7.9 14.625 0.00251041
7.9 16.875 0.00242364
7.9 19.125 0.002811
7.9 21.375 0.00658881
7.9 23.625 0.0026574
7.9 25.875 0.00248151
7.9 28.125 0.00247476
7.9 30.375 0.0020659
7.9 32.625 0.00223199
7.9 34.875 0.00255585
7.9 37.125 0.0021885
7.9 39.375 0.00254868
7.9 41.625 0.00237162
7.9 43.875 0.00229557
8.1 1.125 0.00256469
8.1 3.375 0.00248051
8.1 5.625 0.0133917
8.1 7.875 0.0025508
8.1 10.125 0.00238737
8.1 12.375 0.00225461
8.1 14.625 0.00231911
8.1 16.875 0.00236499
8.1 19.125 0.00203134
8.1 21.375 0.00237545
8.1 23.625 0.00272711
8.1 25.875 0.00256549
8.1 28.125 0.00221461
8.1 30.375 0.00225946
8.1 32.625 0.00283699
8.1 34.875 0.00213669
8.1 37.125 0.00234456
8.1 39.375 0.00255779
8.1 41.625 0.00242227
8.1 43.875 0.00281938
8.3 1.125 0.00264269
8.3 3.375 0.00256171
8.3 5.625 0.00214846
8.3 7.875 0.0025677
8.3 10.125 0.00204134
8.3 12.375 0.00259432
8.3 14.625 0.0025665
8.3 16.875 0.00522743
8.3 19.125 0.00244041
8.3 21.375 0.00232997
8.3 23.625 0.00285216
8.3 25.875 0.00277874
8.3 28.125 0.00265444
8.3 30.375 0.00224681
8.3 32.625 0.00217954
8.3 34.875 0.00247342
8.3 37.125 0.00196961
8.3 39.375 0.00206349
8.3 41.625 0.0026976
8.3 43.875 0.00216423
8.5 1.125 0.00262812
8.5 3.375 0.0023815
8.5 5.625 0.00178296
8.5 7.875 0.00185812
8.5 10.125 0.00205372
8.5 12.375 0.00237507
8.5 14.625 0.0026262
8.5 16.875 0.00270465
8.5 19.125 0.00242378
8.5 21.375 0.00249164
8.5 23.625 0.00312006
8.5 25.875 0.00269082
8.5 28.125 0.00216067
8.5 30.375 0.00210415
8.5 32.625 0.0026758
8.5 34.875 0.00230659
8.5 37.125 0.00270494
8.5 39.375 0.00251929
8.5 41.625 0.00285303
8.5 43.875 0.00244251
8.7 1.125 0.00241824
8.7 3.375 0.00261319
8.7 5.625 0.00252881
8.7 7.875 0.00263948
8.7 10.125 0.00238426
8.7 12.375 0.00284814
8.7 14.625 0.00260221
8.7 16.875 0.00231013
8.7 19.125 0.00255576
8.7 21.375 0.00267368
8.7 23.625 0.00299771
8.7 25.875 0.00207245
8.7 28.125 0.00198654
8.7 30.375 0.0020941
8.7 32.625 0.0022382
8.7 34.875 0.00271497
8.7 37.125 0.00209478
8.7 39.375 0.00219446
8.7 41.625 0.00212387
8.7 43.875 0.00236095
8.9 1.125 0.00193079
8.9 3.375 0.00219982
8.9 5.625 0.00244816
8.9 7.875 0.00266462
8.9 10.125 0.00239703
8.9 12.375 0.00235236
8.9 14.625 0.00226763
8.9 16.875 0.00186144
8.9 19.125 0.00207265
8.9 21.375 0.00220702
8.9 23.625 0.00328285
8.9 25.875 0.00206042
8.9 28.125 0.00259274
8.9 30.375 0.00220951
8.9 32.625 0.00298681
8.9 34.875 0.00209881
8.9 37.125 0.00247196
8.9 39.375 0.00242206
8.9 41.625 0.00186606
8.9 43.875 0.00245232
9.1 1.125 0.00222875
9.1 3.375 0.00236384
9.1 5.625 0.00189314
9.1 7.875 0.00208147
9.1 10.125 0.00239447
9.1 12.375 0.00208321
9.1 14.625 0.00233678
9.1 16.875 0.00252774
9.1 19.125 0.00167818
9.1 21.375 0.00187783
9.1 23.625 0.00224449
9.1 25.875 0.00230005
9.1 28.125 0.00191405
9.1 30.375 0.00299041
9.1 32.625 0.00253146
9.1 34.875 0.00205638
9.1 37.125 0.00218089
9.1 39.375 0.00240494
9.1 41.625 0.00200929
9.1 43.875 0.00226314
9.3 1.125 0.0022988
9.3 3.375 0.00204498
9.3 5.625 0.00226637
9.3 7.875 0.00189849
9.3 10.125 0.0027346
9.3 12.375 0.00259459
9.3 14.625 0.00225908
9.3 16.875 0.0023174
9.3 19.125 0.00204414
9.3 21.375 0.00173748
9.3 23.625 0.00325344
9.3 25.875 0.0027925
9.3 28.125 0.00218799
9.3 30.375 0.00481169
9.3 32.625 0.00222075
9.3 34.875 0.00202416
9.3 37.125 0.00224222
9.3 39.375 0.00286786
9.3 41.625 0.00226957
9.3 43.875 0.00233975
9.5 1.125 0.00221811
9.5 3.375 0.00202153
9.5 5.625 0.00180802
9.5 7.875 0.00232922
9.5 10.125 0.0024284
9.5 12.375 0.00272054
9.5 14.625 0.00219448
9.5 16.875 0.00239335
9.5 19.125 0.00194411
9.5 21.375 0.00237901
9.5 23.625 0.00158329
9.5 25.875 0.00220496
9.5 28.125 0.00213016
9.5 30.375 0.00226213
9.5 32.625 0.00186996
9.5 34.875 0.00205651
9.5 37.125 0.00206028
9.5 39.375 0.00255358
9.5 41.625 0.00229668
9.5 43.875 0.00228306
9.7 1.125 0.00251842
9.7 3.375 0.00227999
9.7 5.625 0.00195699
9.7 7.875 0.00220124
9.7 10.125 0.00224525
9.7 12.375 0.00192535
9.7 14.625 0.0020579
9.7 16.875 0.0022388
9.7 19.125 0.0023022
9.7 21.375 0.00217206
9.7 23.625 0.00228771
9.7 25.875 0.00209194
9.7 28.125 0.00226948
9.7 30.375 0.00213364
9.7 32.625 0.00243299
9.7 34.875 0.00199017
9.7 37.125 0.00207342
9.7 39.375 0.00204809
9.7 41.625 0.0021665
9.7 43.875 0.00249868
9.9 1.125 0.00174322
9.9 3.375 0.00197769
9.9 5.625 0.00251419
9.9 7.875 0.00257092
9.9 10.125 0.00261271
9.9 12.375 0.00237858
9.9 14.625 0.00272703
9.9 16.875 0.00242401
9.9 19.125 0.00177779
9.9 21.375 0.0019374
9.9 23.625 0.00252481
9.9 25.875 0.00255558
9.9 28.125 0.00276756
9.9 30.375 0.00228383
9.9 32.625 0.00240861
9.9 34.875 0.00248318
9.9 37.125 0.00189973
9.9 39.375 0.00208776
9.9 41.625 0.00195685
9.9 43.875 0.00242484
10.1 1.125 0.00232822
10.1 3.375 0.00203334
10.1 5.625 0.00168831
10.1 7.875 0.00213726
10.1 10.125 0.00183815
10.1 12.375 0.00232861
10.1 14.625 0.0024254
10.1 16.875 0.00274331
10.1 19.125 0.00221405
10.1 21.375 0.00215931
10.1 23.625 0.00180814
10.1 25.875 0.00258587
10.1 28.125 0.00206351
10.1 30.375 0.00233133
10.1 32.625 0.0021141
10.1 34.875 0.00210507
10.1 37.125 0.00215126
10.1 39.375 0.00214424
10.1 41.625 0.00250503
10.1 43.875 0.00202809
10.3 1.125 0.00245746
10.3 3.375 0.0018969
10.3 5.625 0.00222598
10.3 7.875 0.00203327
10.3 10.125 0.00246549
10.3 12.375 0.00213751
10.3 14.625 0.0021684
10.3 16.875 0.00249064
10.3 19.125 0.00224716
10.3 21.375 0.00204343
10.3 23.625 0.00236766
10.3 25.875 0.00194328
10.3 28.125 0.00208584
10.3 30.375 0.00238005
10.3 32.625 0.00279031
10.3 34.875 0.00208603
10.3 37.125 0.00201653
10.3 39.375 0.00175074
10.3 41.625 0.00242765
10.3 43.875 0.00194303
10.5 1.125 0.00254927
10.5 3.375 0.00146313
10.5 5.625 0.0048624
10.5 7.875 0.0017283
10.5 10.125 0.00175577
10.5 12.375 0.00179334
10.5 14.625 0.00218662
10.5 16.875 0.00174976
10.5 19.125 0.00193375
10.5 21.375 0.00199569
10.5 23.625 0.00224921
10.5 25.875 0.00196262
10.5 28.125 0.00245111
10.5 30.375 0.00264186
10.5 32.625 0.002156
10.5 34.875 0.00183843
10.5 37.125 0.0023947
10.5 39.375 0.00266227
10.5 41.625 0.00226684
10.5 43.875 0.0020179
10.7 1.125 0.00233273
10.7 3.375 0.00190831
10.7 5.625 0.00140708
10.7 7.875 0.00212396
10.7 10.125 0.0018958
10.7 12.375 0.0117046
10.7 14.625 0.00210022
10.7 16.875 0.00220918
10.7 19.125 0.00227827
10.7 21.375 0.00282616
10.7 23.625 0.00238391
10.7 25.875 0.00226643
10.7 28.125 0.00209612
10.7 30.375 0.0019188
10.7 32.625 0.0028442
10.7 34.875 0.00169553
10.7 37.125 0.00201215
10.7 39.375 0.00224734
10.7 41.625 0.00207108
10.7 43.875 0.00201727
10.9 1.125 0.00190635
10.9 3.375 0.00245088
10.9 5.625 0.00182809
10.9 7.875 0.00176991
10.9 10.125 0.00199361
10.9 12.375 0.00199894
10.9 14.625 0.00209028
10.9 16.875 0.00265146
10.9 19.125 0.00225243
10.9 21.375 0.0018734
10.9 23.625 0.00177594
10.9 25.875 0.00202527
10.9 28.125 0.00268464
10.9 30.375 0.00197532
10.9 32.625 0.00217309
10.9 34.875 0.00266724
10.9 37.125 0.00245557
10.9 39.375 0.00300535
10.9 41.625 0.00219544
10.9 43.875 0.00170668
11.1 1.125 0.0020776
11.1 3.375 0.00220169
11.1 7.875 0.00217691
11.1 10.125 0.00201558
11.1 12.375 0.00266997
11.1 14.625 0.00266591
11.1 16.875 0.00362412
11.1 19.125 0.00260262
11.1 21.375 0.00280378
11.1 23.625 0.00192956
11.1 25.875 0.00235929
11.1 28.125 0.00221448
11.1 30.375 0.00191173
11.1 32.625 0.00221014
11.1 34.875 0.0024081
11.1 37.125 0.00224983
11.1 39.375 0.00170713
11.1 41.625 0.00254061
11.1 43.875 0.00236105
11.3 1.125 0.00243235
11.3 3.375 0.00192602
11.3 5.625 0.00139674
11.3 7.875 0.00230006
11.3 10.125 0.00204954
11.3 12.375 0.00193742
11.3 14.625 0.00231409
11.3 16.875 0.00216758
11.3 19.125 0.00432016
11.3 21.375 0.0026025
11.3 23.625 0.003948
11.3 25.875 0.00187431
11.3 28.125 0.00207136
11.3 30.375 0.0030206
11.3 32.625 0.00220943
11.3 34.875 0.0025991
11.3 37.125 0.00216287
11.3 39.375 0.00183942
11.3 41.625 0.00256927
11.3 43.875 0.00309105
11.5 1.125 0.00202385
11.5 3.375 0.00245032
11.5 5.625 0.00173369
11.5 7.875 0.00214635
11.5 10.125 0.00175392
11.5 12.375 0.0021688
11.5 14.625 0.00269608
11.5 16.875 0.00196496
11.5 19.125 0.00372712
11.5 21.375 0.00188031
11.5 23.625 0.00235134
11.5 25.875 0.00210294
11.5 28.125 0.00218901
11.5 30.375 0.00205939
11.5 32.625 0.00225456
11.5 34.875 0.00214121
11.5 37.125 0.00235466
11.5 39.375 0.00231863
11.5 41.625 0.00172416
11.5 43.875 0.00160697
11.7 1.125 0.00161941
11.7 3.375 0.00206978
11.7 5.625 0.00255684
11.7 7.875 0.00214588
11.7 10.125 0.00171764
11.7 12.375 0.00198373
11.7 14.625 0.00216684
11.7 16.875 0.00290521
11.7 19.125 0.00307332
11.7 21.375 0.00187862
11.7 23.625 0.00242898
11.7 25.875 0.00195103
11.7 28.125 0.00266909
11.7 30.375 0.00198008
11.7 32.625 0.00191914
11.7 34.875 0.00185509
11.7 37.125 0.00243175
11.7 39.375 0.00269464
11.7 41.625 0.00226877
11.7 43.875 0.002211
11.9 1.125 0.00185765
11.9 3.375 0.00148733
11.9 5.625 0.00245493
11.9 7.875 0.00205927
11.9 10.125 0.00207239
11.9 12.375 0.00199212
11.9 14.625 0.00187191
11.9 16.875 0.00259915
11.9 19.125 0.0028719
11.9 21.375 0.00272064
11.9 23.625 0.00188986
11.9 25.875 0.00195755
11.9 28.125 0.00194153
11.9 30.375 0.00225988
11.9 32.625 0.0022219
11.9 34.875 0.00251395
11.9 37.125 0.00187675
11.9 39.375 0.00252728
11.9 41.625 0.00194652
11.9 43.875 0.00356521
12.1 1.125 0.00223981
12.1 3.375 0.00153731
12.1 5.625 0.00147978
12.1 7.875 0.00222347
12.1 10.125 0.00192833
12.1 12.375 0.00231635
12.1 14.625 0.00253375
12.1 16.875 0.00159753
12.1 19.125 0.00249866
12.1 21.375 0.00242893
12.1 23.625 0.00241306
12.1 25.875 0.00210674
12.1 28.125 0.00290463
12.1 30.375 0.00365022
12.1 32.625 0.00195729
12.1 34.875 0.00301342
12.1 37.125 0.00217592
12.1 39.375 0.00216439
12.1 41.625 0.00191634
12.1 43.875 0.00194697
12.3 1.125 0.00143065
12.3 3.375 0.00194546
12.3 5.625 0.00206156
12.3 7.875 0.00810649
12.3 10.125 0.00185892
12.3 12.375 0.00200428
12.3 14.625 0.00197184
12.3 16.875 0.00161286
12.3 19.125 0.00125841
12.3 21.375 0.00209207
12.3 23.625 0.00270187
12.3 25.875 0.00134477
12.3 28.125 0.00164616
12.3 30.375 0.00275226
12.3 32.625 0.00141462
12.3 34.875 0.00263986
12.3 37.125 0.00268779
12.3 39.375 0.00165129
12.3 41.625 0.00233453
12.3 43.875 0.00207658
12.5 1.125 0.00213495
12.5 3.375 0.00173386
12.5 5.625 0.00154041
12.5 7.875 0.00148888
12.5 10.125 0.0024995
12.5 12.375 0.00259761
12.5 14.625 0.00265766
12.5 16.875 0.00239935
12.5 19.125 0.00181324
12.5 21.375 0.00292431
12.5 23.625 0.00129898
12.5 25.875 0.00312205
12.5 28.125 0.00109479
12.5 30.375 0.00205958
12.5 32.625 0.00210655
12.5 34.875 0.00229047
12.5 37.125 0.00338025
12.5 39.375 0.00219796
12.5 41.625 0.00285084
12.5 43.875 0.00223573
12.7 1.125 0.00255493
12.7 3.375 0.00301679
12.7 5.625 0.002217
12.7 7.875 0.00160411
12.7 10.125 0.00216197
12.7 12.375 0.00322178
12.7 14.625 0.00156398
12.7 16.875 0.00180658
12.7 19.125 0.00194325
12.7 21.375 0.00202649
12.7 23.625 0.00281394
12.7 25.875 0.00243002
12.7 28.125 0.00263016
12.7 30.375 0.0016743
12.7 32.625 0.00227537
12.7 34.875 0.00212047
12.7 37.125 0.00222163
12.7 39.375 0.00210305
12.7 41.625 0.00138058
12.7 43.875 0.00226899
12.9 1.125 0.00160707
12.9 3.375 0.00131244
12.9 5.625 0.0022717
12.9 7.875 0.00471025
12.9 10.125 0.00263185
12.9 12.375 0.0094935
12.9 14.625 0.00188925
12.9 16.875 0.00167695
12.9 19.125 0.00340367
12.9 21.375 0.00186299
12.9 23.625 0.00362894
12.9 25.875 0.00223404
12.9 28.125 0.00218394
12.9 30.375 0.00222388
12.9 32.625 0.0026047
12.9 34.875 0.00172104
12.9 37.125 0.00220384
12.9 39.375 0.00199074
12.9 41.625 0.00218826
12.9 43.875 0.00201871
13.1 1.125 0.00256662
13.1 3.375 0.00296698
13.1 5.625 0.00168989
13.1 7.875 0.00227471
13.1 10.125 0.00384493
13.1 12.375 0.00298748
13.1 14.625 0.00245159
13.1 16.875 0.00179601
13.1 19.125 0.00252006
13.1 21.375 0.00222448
13.1 23.625 0.00262575
13.1 25.875 0.00195856
13.1 28.125 0.00234715
13.1 30.375 0.00210074
13.1 32.625 0.00250368
13.1 34.875 0.00255133
13.1 37.125 0.00227578
13.1 39.375 0.00213688
13.1 41.625 0.0014032
13.1 43.875 0.00251187
13.3 1.125 0.00154683
13.3 3.375 0.0020714
13.3 5.625 0.00173226
13.3 7.875 0.00155968
13.3 10.125 0.00335314
13.3 12.375 0.00186236
13.3 14.625 0.0027185
13.3 16.875 0.00184915
13.3 19.125 0.00146544
13.3 21.375 0.00207816
13.3 23.625 0.00272625
13.3 25.875 0.0358755
13.3 28.125 0.00235503
13.3 30.375 0.00158388
13.3 32.625 0.001852
13.3 34.875 0.00230615
13.3 37.125 0.00175741
13.3 39.375 0.00242403
13.3 41.625 0.00235613
13.3 43.875 0.00223383
13.5 1.125 0.0019042
13.5 3.375 0.00162295
13.5 7.875 0.00249936
13.5 10.125 0.00254487
13.5 12.375 0.00198506
13.5 14.625 0.00366481
13.5 16.875 0.00457617
13.5 19.125 0.00231258
13.5 21.375 0.00200294
13.5 23.625 0.00204599
13.5 25.875 0.00182539
13.5 28.125 0.00192214
13.5 30.375 0.00208637
13.5 32.625 0.00191704
13.5 34.875 0.00173153
13.5 37.125 0.0021407
13.5 39.375 0.0024098
13.5 41.625 0.00223328
13.5 43.875 0.00233405
13.7 1.125 0.00188595
13.7 3.375 0.00180398
13.7 5.625 0.00173267
13.7 7.875 0.00299161
13.7 10.125 0.00172544
13.7 12.375 0.00268419
13.7 14.625 0.00101432
13.7 19.125 0.00227692
13.7 21.375 0.0246141
13.7 23.625 0.0022009
13.7 25.875 0.00200527
13.7 28.125 0.00260558
13.7 30.375 0.00153457
13.7 32.625 0.00290446
13.7 34.875 0.00265226
13.7 41.625 0.00171864
13.7 43.875 0.00256765
13.9 1.125 0.00188145
13.9 3.375 0.0016916
13.9 5.625 0.00151717
13.9 7.875 0.00170608
13.9 10.125 0.00207036
13.9 12.375 0.00242404
13.9 19.125 0.00358702
13.9 21.375 0.00200532
13.9 23.625 0.0026261
13.9 25.875 0.00238694
13.9 28.125 0.00250891
13.9 30.375 0.00235408
13.9 32.625 0.0013537
13.9 34.875 0.00155586
13.9 41.625 0.00260427
13.9 43.875 0.00229081
