0.1 1.125 2.25706
0.1 3.375 2.28585
0.1 5.625 2.906
0.1 7.875 1.83276
0.1 10.125 2.48126
0.1 12.375 2.56464
0.1 14.625 2.26945
0.1 16.875 2.25457
0.1 19.125 2.18379
0.1 21.375 1.46069
0.1 23.625 2.48222
0.1 25.875 1.89434
0.1 28.125 1.91189
0.1 30.375 1.28556
0.1 32.625 1.93046
0.1 34.875 2.43144
0.1 37.125 2.01822
0.1 39.375 1.72967
0.1 41.625 2.64928
0.1 43.875 2.58587
0.3 1.125 2.86235
0.3 3.375 2.64611
0.3 5.625 2.69666
0.3 7.875 2.6331
0.3 10.125 2.72245
0.3 12.375 2.84117
0.3 14.625 2.86709
0.3 16.875 2.88498
0.3 19.125 2.87181
0.3 21.375 2.86988
0.3 23.625 2.79909
0.3 25.875 2.87669
0.3 28.125 2.85744
0.3 30.375 2.84788
0.3 32.625 2.5831
0.3 34.875 2.66088
0.3 37.125 2.86662
0.3 39.375 2.83559
0.3 41.625 2.8537
0.3 43.875 2.86927
0.5 1.125 2.65218
0.5 3.375 2.30662
0.5 5.625 2.66004
0.5 7.875 2.83109
0.5 10.125 2.77543
0.5 12.375 2.74035
0.5 14.625 2.80983
0.5 16.875 2.75281
0.5 19.125 2.78032
0.5 21.375 2.79927
0.5 23.625 2.81167
0.5 25.875 2.79054
0.5 28.125 2.76192
0.5 30.375 2.73846
0.5 32.625 2.72334
0.5 34.875 2.76285
0.5 37.125 2.77196
0.5 39.375 2.81514
0.5 41.625 2.77169
0.5 43.875 2.79331
0.7 1.125 2.58929
0.7 3.375 2.65283
0.7 5.625 2.6475
0.7 7.875 2.668
0.7 10.125 2.68567
0.7 12.375 2.66124
0.7 14.625 2.65345
0.7 16.875 2.68303
0.7 19.125 2.66813
0.7 21.375 2.63675
0.7 23.625 2.66445
0.7 25.875 2.70585
0.7 28.125 2.67305
0.7 30.375 2.68921
0.7 32.625 2.69389
0.7 34.875 2.59532
0.7 37.125 2.62337
0.7 39.375 2.72268
0.7 41.625 2.64609
0.7 43.875 2.65344
0.9 1.125 2.34493
0.9 3.375 2.37044
0.9 5.625 2.42655
0.9 7.875 2.35312
0.9 10.125 2.35565
0.9 12.375 2.36005
0.9 14.625 2.39813
0.9 16.875 2.44484
0.9 19.125 2.40698
0.9 21.375 2.48423
0.9 23.625 2.4155
0.9 25.875 2.38449
0.9 28.125 2.46258
0.9 30.375 2.4868
0.9 32.625 2.52566
0.9 34.875 2.55783
0.9 37.125 2.55729
0.9 39.375 2.50355
0.9 41.625 2.53314
0.9 43.875 2.43586
1.1 1.125 1.79776
1.1 3.375 1.76843
1.1 5.625 1.81139
1.1 7.875 1.8569
1.1 10.125 1.85373
1.1 12.375 1.81925
1.1 14.625 1.81275
1.1 16.875 1.92191
1.1 19.125 2.02991
1.1 21.375 2.03961
1.1 23.625 2.04558
1.1 25.875 2.08372
1.1 28.125 2.14882
1.1 30.375 2.20795
1.1 32.625 2.27452
1.1 34.875 2.29197
1.1 37.125 2.26579
1.1 39.375 2.29389
1.1 41.625 2.31948
1.1 43.875 2.29697
1.3 1.125 1.06384
1.3 3.375 1.13694
1.3 5.625 1.10231
1.3 7.875 1.19606
1.3 10.125 1.11564
1.3 12.375 1.221
1.3 14.625 1.20451
1.3 16.875 1.22295
1.3 19.125 1.20637
1.3 21.375 1.39837
1.3 23.625 1.37944
1.3 25.875 1.49423
1.3 28.125 1.62546
1.3 30.375 1.57988
1.3 32.625 1.66183
1.3 34.875 1.75759
1.3 37.125 1.82169
1.3 39.375 1.88916
1.3 41.625 1.86252
1.3 43.875 1.95561
1.5 1.125 0.562525
1.5 3.375 0.594194
1.5 5.625 0.5815
1.5 7.875 0.622045
1.5 10.125 0.634988
1.5 12.375 0.629286
1.5 14.625 0.660454
1.5 16.875 0.655818
1.5 19.125 0.708463
1.5 21.375 0.749919
1.5 23.625 0.791397
1.5 25.875 0.831514
1.5 28.125 0.949165
1.5 30.375 0.97721
1.5 32.625 1.09187
1.5 34.875 1.14684
1.5 37.125 1.16902
1.5 39.375 1.22999
1.5 41.625 1.25464
1.5 43.875 1.29048
1.7 1.125 0.301659
1.7 3.375 0.325965
1.7 5.625 0.33142
1.7 7.875 0.343175
1.7 10.125 0.347845
1.7 12.375 0.364866
1.7 14.625 0.364165
1.7 16.875 0.367816
1.7 19.125 0.392875
1.7 21.375 0.404229
1.7 23.625 0.402718
1.7 25.875 0.452341
1.7 28.125 0.496232
1.7 30.375 0.483492
1.7 32.625 0.518342
1.7 34.875 0.655381
1.7 37.125 0.659114
1.7 39.375 0.717668
1.7 41.625 0.79328
1.7 43.875 0.752867
1.9 1.125 0.190485
1.9 3.375 0.193495
1.9 5.625 0.205524
1.9 7.875 0.197469
1.9 10.125 0.218341
1.9 12.375 0.226749
1.9 14.625 0.218049
1.9 16.875 0.233456
1.9 19.125 0.225614
1.9 21.375 0.245583
1.9 23.625 0.258365
1.9 25.875 0.253786
1.9 28.125 0.264032
1.9 30.375 0.284174
1.9 32.625 0.291854
1.9 34.875 0.334033
1.9 37.125 0.367435
1.9 39.375 0.376975
1.9 41.625 0.40467
1.9 43.875 0.419405
2.1 1.125 0.125969
2.1 3.375 0.131655
2.1 5.625 0.132201
2.1 7.875 0.141827
2.1 10.125 0.134549
2.1 12.375 0.145571
2.1 14.625 0.145189
2.1 16.875 0.147777
2.1 19.125 0.150096
2.1 21.375 0.150512
2.1 23.625 0.163258
2.1 25.875 0.164987
2.1 28.125 0.165963
2.1 30.375 0.181834
2.1 32.625 0.200983
2.1 34.875 0.206495
2.1 37.125 0.220902
2.1 39.375 0.233652
2.1 41.625 0.235713
2.1 43.875 0.244061
2.3 1.125 0.0915405
2.3 3.375 0.0962581
2.3 5.625 0.0999402
2.3 7.875 0.0982773
2.3 10.125 0.10064
2.3 12.375 0.0997332
2.3 14.625 0.0974602
2.3 16.875 0.103633
2.3 19.125 0.104455
2.3 21.375 0.107438
2.3 23.625 0.109614
2.3 25.875 0.110277
2.3 28.125 0.118521
2.3 30.375 0.13032
2.3 32.625 0.138755
2.3 34.875 0.144973
2.3 37.125 0.144967
2.3 39.375 0.146832
2.3 41.625 0.148316
2.3 43.875 0.144319
2.5 1.125 0.0628468
2.5 3.375 0.0849686
2.5 5.625 0.0736431
2.5 7.875 0.0733488
2.5 10.125 0.0729774
2.5 12.375 0.0715606
2.5 14.625 0.0696179
2.5 16.875 0.0719337
2.5 19.125 0.0728412
2.5 21.375 0.0768158
2.5 23.625 0.0792696
2.5 25.875 0.0836121
2.5 28.125 0.0837062
2.5 30.375 0.0857774
2.5 32.625 0.0936068
2.5 34.875 0.096157
2.5 37.125 0.101304
2.5 39.375 0.0986083
2.5 41.625 0.0966626
2.5 43.875 0.0980098
2.7 1.125 0.0561605
2.7 3.375 0.0565038
2.7 5.625 0.057295
2.7 7.875 0.0554839
2.7 10.125 0.0561314
2.7 12.375 0.0527688
2.7 14.625 0.0551626
2.7 16.875 0.0561778
2.7 19.125 0.0582511
2.7 21.375 0.0618405
2.7 23.625 0.0584618
2.7 25.875 0.060531
2.7 28.125 0.0628251
2.7 30.375 0.0680297
2.7 32.625 0.0693447
2.7 34.875 0.0683927
2.7 37.125 0.0646661
2.7 39.375 0.0656427
2.7 41.625 0.0690107
2.7 43.875 0.0650567
2.9 1.125 0.0426292
2.9 3.375 0.0432551
2.9 5.625 0.046161
2.9 7.875 0.0438382
2.9 10.125 0.041294
2.9 12.375 0.0444346
2.9 14.625 0.0433883
2.9 16.875 0.0434706
2.9 19.125 0.0462204
2.9 21.375 0.0464669
2.9 23.625 0.0490553
2.9 25.875 0.0483678
2.9 28.125 0.0482554
2.9 30.375 0.0507005
2.9 32.625 0.0522629
2.9 34.875 0.0492307
2.9 37.125 0.0506205
2.9 39.375 0.0468826
2.9 41.625 0.0481658
2.9 43.875 0.0474485
3.1 1.125 0.0358851
3.1 3.375 0.0361461
3.1 5.625 0.0373389
3.1 7.875 0.0349656
3.1 10.125 0.0338739
3.1 12.375 0.0358518
3.1 14.625 0.0367485
3.1 16.875 0.0382988
3.1 19.125 0.0358416
3.1 21.375 0.0389382
3.1 23.625 0.0380409
3.1 25.875 0.0425995
3.1 28.125 0.0446845
3.1 30.375 0.0417062
3.1 32.625 0.0404325
3.1 34.875 0.0397992
3.1 37.125 0.0386373
3.1 39.375 0.0401759
3.1 41.625 0.0377827
3.1 43.875 0.0384431
3.3 1.125 0.0282124
3.3 3.375 0.0290928
3.3 5.625 0.029145
3.3 7.875 0.0298365
3.3 10.125 0.0285598
3.3 12.375 0.0294316
3.3 14.625 0.0297659
3.3 16.875 0.0293588
3.3 19.125 0.0305216
3.3 21.375 0.0317784
3.3 23.625 0.0343494
3.3 25.875 0.0336946
3.3 28.125 0.0339424
3.3 30.375 0.0346899
3.3 32.625 0.0348818
3.3 34.875 0.033035
3.3 37.125 0.0322334
3.3 39.375 0.0326307
3.3 41.625 0.0327572
3.3 43.875 0.031399
3.5 1.125 0.0244111
3.5 3.375 0.0238677
3.5 5.625 0.0250017
3.5 7.875 0.023484
3.5 10.125 0.0235143
3.5 12.375 0.0235448
3.5 14.625 0.0250927
3.5 16.875 0.0252263
3.5 19.125 0.0260413
3.5 21.375 0.0253194
3.5 23.625 0.0271225
3.5 25.875 0.0271005
3.5 28.125 0.0293251
3.5 30.375 0.0265908
3.5 32.625 0.0279595
3.5 34.875 0.0281552
3.5 37.125 0.026974
3.5 39.375 0.0272098
3.5 41.625 0.030358
3.5 43.875 0.0261319
3.7 1.125 0.0201142
3.7 3.375 0.0199237
3.7 5.625 0.0198168
3.7 7.875 0.0199271
3.7 10.125 0.0203583
3.7 12.375 0.0205584
3.7 14.625 0.0192936
3.7 16.875 0.021222
3.7 19.125 0.0220453
3.7 21.375 0.0227289
3.7 23.625 0.0221102
3.7 25.875 0.0218928
3.7 28.125 0.0243643
3.7 30.375 0.022162
3.7 32.625 0.0221771
3.7 34.875 0.0226504
3.7 37.125 0.0235032
3.7 39.375 0.0232983
3.7 41.625 0.0224793
3.7 43.875 0.0225707
3.9 1.125 0.0177916
3.9 3.375 0.0182034
3.9 5.625 0.0204759
3.9 7.875 0.0170763
3.9 10.125 0.0170629
3.9 12.375 0.0169232
3.9 14.625 0.0170082
3.9 16.875 0.0189835
3.9 19.125 0.0181868
3.9 21.375 0.018499
3.9 23.625 0.0192959
3.9 25.875 0.0190559
3.9 28.125 0.0185633
3.9 30.375 0.0191532
3.9 32.625 0.019379
3.9 34.875 0.0192712
3.9 37.125 0.0184402
3.9 39.375 0.0188521
3.9 41.625 0.0206791
3.9 43.875 0.0197807
4.1 1.125 0.0149739
4.1 3.375 0.0147658
4.1 5.625 0.0205185
4.1 7.875 0.0151034
4.1 10.125 0.0142013
4.1 12.375 0.0143134
4.1 14.625 0.0150773
4.1 16.875 0.0147847
4.1 19.125 0.0159635
4.1 21.375 0.0165246
4.1 23.625 0.0171249
4.1 25.875 0.0154509
4.1 28.125 0.0152636
4.1 30.375 0.0157509
4.1 32.625 0.0156064
4.1 34.875 0.0160182
4.1 37.125 0.0159017
4.1 39.375 0.0165253
4.1 41.625 0.0165968
4.1 43.875 0.0167456
4.3 1.125 0.0122356
4.3 3.375 0.0126227
4.3 5.625 0.0124026
4.3 7.875 0.0127676
4.3 10.125 0.0128444
4.3 12.375 0.0131259
4.3 14.625 0.0124233
4.3 16.875 0.0134306
4.3 19.125 0.0142634
4.3 21.375 0.014388
4.3 23.625 0.0137714
4.3 25.875 0.0147501
4.3 28.125 0.0141636
4.3 30.375 0.0145717
4.3 32.625 0.0134989
4.3 34.875 0.0138248
4.3 37.125 0.0136719
4.3 39.375 0.0137838
4.3 41.625 0.0139201
4.3 43.875 0.0132488
4.5 1.125 0.0111412
4.5 3.375 0.01075
4.5 5.625 0.0111437
4.5 7.875 0.0112369
4.5 10.125 0.0109098
4.5 12.375 0.0113451
4.5 14.625 0.011307
4.5 16.875 0.0120447
4.5 19.125 0.0122134
4.5 21.375 0.0124108
4.5 23.625 0.0121868
4.5 25.875 0.0169231
4.5 28.125 0.0122005
4.5 30.375 0.0123241
4.5 32.625 0.0124836
4.5 34.875 0.0131471
4.5 37.125 0.0121328
4.5 39.375 0.0121959
4.5 41.625 0.0114485
4.5 43.875 0.0143755
4.7 1.125 0.00962845
4.7 3.375 0.00955799
4.7 5.625 0.0140627
4.7 7.875 0.0103241
4.7 10.125 0.00997774
4.7 12.375 0.00997046
4.7 14.625 0.0103029
4.7 16.875 0.0111593
4.7 19.125 0.0104745
4.7 21.375 0.00989715
4.7 23.625 0.010184
4.7 25.875 0.0101778
4.7 28.125 0.0103305
4.7 30.375 0.0101463
4.7 32.625 0.010107
4.7 34.875 0.0103066
4.7 37.125 0.0101267
4.7 39.375 0.0106246
4.7 41.625 0.0103319
4.7 43.875 0.0102246
4.9 1.125 0.0160071
4.9 3.375 0.00855047
4.9 5.625 0.00772032
4.9 7.875 0.00807369
4.9 10.125 0.00951556
4.9 12.375 0.00855181
4.9 14.625 0.00881573
4.9 16.875 0.0105827
4.9 19.125 0.00902788
4.9 21.375 0.0120116
4.9 23.625 0.00867736
4.9 25.875 0.00829538
4.9 28.125 0.00894537
4.9 30.375 0.00941211
4.9 32.625 0.00858021
4.9 34.875 0.0109466
4.9 37.125 0.00944001
4.9 39.375 0.00940519
4.9 41.625 0.00870292
4.9 43.875 0.00866666
5.1 1.125 0.0133207
5.1 3.375 0.0148983
5.1 5.625 0.00685588
5.1 7.875 0.00724834
5.1 10.125 0.00734724
5.1 12.375 0.00739985
5.1 14.625 0.00831854
5.1 16.875 0.0122809
5.1 19.125 0.00785886
5.1 21.375 0.00838336
5.1 23.625 0.00802178
5.1 25.875 0.00806275
5.1 28.125 0.00816559
5.1 30.375 0.00861148
5.1 32.625 0.00833949
5.1 34.875 0.00884927
5.1 37.125 0.00811686
5.1 39.375 0.00770474
5.1 41.625 0.00775879
5.1 43.875 0.00767854
5.3 1.125 0.00665934
5.3 3.375 0.00700218
5.3 5.625 0.00659343
5.3 7.875 0.00646208
5.3 10.125 0.00649836
5.3 12.375 0.00633852
5.3 14.625 0.00654919
5.3 16.875 0.00694859
5.3 19.125 0.00660503
5.3 21.375 0.00711872
5.3 23.625 0.00694893
5.3 25.875 0.00709278
5.3 28.125 0.0135519
5.3 30.375 0.00717983
5.3 32.625 0.00738842
5.3 34.875 0.0123257
5.3 37.125 0.00742992
5.3 39.375 0.00688071
5.3 41.625 0.00704808
5.3 43.875 0.00711982
5.5 1.125 0.0057687
5.5 3.375 0.00535625
5.5 5.625 0.00546105
5.5 7.875 0.00592524
5.5 10.125 0.0055684
5.5 12.375 0.00604127
5.5 14.625 0.00642344
5.5 16.875 0.00630749
5.5 19.125 0.00652871
5.5 21.375 0.00618902
5.5 23.625 0.00650071
5.5 25.875 0.00590336
5.5 28.125 0.00650886
5.5 30.375 0.00677967
5.5 32.625 0.0062996
5.5 34.875 0.00636889
5.5 37.125 0.00639145
5.5 39.375 0.00656948
5.5 41.625 0.00646512
5.5 43.875 0.00604593
5.7 1.125 0.00510338
5.7 3.375 0.0053548
5.7 5.625 0.00535818
5.7 7.875 0.00744678
5.7 10.125 0.00539119
5.7 12.375 0.00551931
5.7 14.625 0.00549662
5.7 16.875 0.00601624
5.7 19.125 0.00592929
5.7 21.375 0.00586956
5.7 23.625 0.00623431
5.7 25.875 0.00558752
5.7 28.125 0.00664501
5.7 30.375 0.00707679
5.7 32.625 0.00601005
5.7 34.875 0.00937405
5.7 37.125 0.00543018
5.7 39.375 0.00557253
5.7 41.625 0.00562754
5.7 43.875 0.00628719
5.9 1.125 0.00494687
5.9 3.375 0.00510741
5.9 5.625 0.00488821
5.9 7.875 0.00470725
5.9 10.125 0.00472258
5.9 12.375 0.0054456
5.9 14.625 0.00489951
5.9 16.875 0.00502269
5.9 19.125 0.00508676
5.9 21.375 0.00556809
5.9 23.625 0.00534951
5.9 25.875 0.00524112
5.9 28.125 0.00511938
5.9 30.375 0.00560451
5.9 32.625 0.00521595
5.9 34.875 0.00531591
5.9 37.125 0.0057893
5.9 39.375 0.0104137
5.9 41.625 0.00545073
5.9 43.875 0.00523711
6.1 1.125 0.00419065
6.1 3.375 0.00462131
6.1 5.625 0.004465
6.1 7.875 0.00459184
6.1 10.125 0.00467514
6.1 12.375 0.00438353
6.1 14.625 0.00465303
6.1 16.875 0.00490724
6.1 19.125 0.00500321
6.1 21.375 0.00455144
6.1 23.625 0.00439852
6.1 25.875 0.00482665
6.1 28.125 0.00483367
6.1 30.375 0.00463283
6.1 32.625 0.00500052
6.1 34.875 0.00475553
6.1 37.125 0.00524168
6.1 39.375 0.00534
6.1 41.625 0.00519594
6.1 43.875 0.00490431
6.3 1.125 0.0043402
6.3 3.375 0.00998537
6.3 5.625 0.00378103
6.3 7.875 0.00458672
6.3 10.125 0.00445418
6.3 12.375 0.00386495
6.3 14.625 0.00420472
6.3 16.875 0.0045096
6.3 19.125 0.00440675
6.3 21.375 0.00435743
6.3 23.625 0.00446074
6.3 25.875 0.00447988
6.3 28.125 0.00454577
6.3 30.375 0.00406123
6.3 32.625 0.00445536
6.3 34.875 0.00424742
6.3 37.125 0.00843521
6.3 39.375 0.005295
6.3 41.625 0.00465204
6.3 43.875 0.00428867
6.5 1.125 0.00379849
6.5 3.375 0.00495292
6.5 5.625 0.00394791
6.5 7.875 0.00401112
6.5 10.125 0.00403176
6.5 12.375 0.00381126
6.5 14.625 0.00405763
6.5 16.875 0.00414484
6.5 19.125 0.00420349
6.5 21.375 0.00460638
6.5 23.625 0.00460237
6.5 25.875 0.00520839
6.5 28.125 0.00758213
6.5 30.375 0.004386
6.5 32.625 0.00428618
6.5 34.875 0.00426907
6.5 37.125 0.0041793
6.5 39.375 0.0041236
6.5 41.625 0.00409198
6.5 43.875 0.0041443
6.7 1.125 0.0036551
6.7 3.375 0.00954334
6.7 5.625 0.00442756
6.7 7.875 0.00365339
6.7 10.125 0.00394364
6.7 12.375 0.00392943
6.7 14.625 0.0040242
6.7 16.875 0.00413355
6.7 19.125 0.00396571
6.7 21.375 0.00384021
6.7 23.625 0.00406704
6.7 25.875 0.00392327
6.7 28.125 0.00363775
6.7 30.375 0.00350664
6.7 32.625 0.00378497
6.7 34.875 0.0041255
6.7 37.125 0.00371699
6.7 39.375 0.00402452
6.7 41.625 0.00905019
6.7 43.875 0.0100766
6.9 1.125 0.00354011
6.9 3.375 0.00357287
6.9 5.625 0.00325533
6.9 7.875 0.00358127
6.9 10.125 0.00378687
6.9 12.375 0.00367197
6.9 14.625 0.00914969
6.9 16.875 0.00972437
6.9 19.125 0.00380424
6.9 21.375 0.00343868
6.9 23.625 0.00379089
6.9 25.875 0.00543128
6.9 28.125 0.00387922
6.9 30.375 0.00371188
6.9 32.625 0.00378836
6.9 34.875 0.00372491
6.9 37.125 0.00385665
6.9 39.375 0.00377887
6.9 41.625 0.00369948
6.9 43.875 0.00390626
7.1 1.125 0.00357875
7.1 3.375 0.00371552
7.1 5.625 0.00973272
7.1 7.875 0.00332553
7.1 10.125 0.00349701
7.1 12.375 0.00350517
7.1 14.625 0.00375084
7.1 16.875 0.00358919
7.1 19.125 0.00361378
7.1 21.375 0.00723977
7.1 23.625 0.0107732
7.1 25.875 0.00344692
7.1 28.125 0.00339702
7.1 30.375 0.00331667
7.1 32.625 0.00365757
7.1 34.875 0.00362529
7.1 37.125 0.00416976
7.1 39.375 0.00353718
7.1 41.625 0.00342724
7.1 43.875 0.0109236
7.3 1.125 0.00833166
7.3 3.375 0.00310709
7.3 5.625 0.00393912
7.3 7.875 0.00311528
7.3 10.125 0.00326369
7.3 12.375 0.0033696
7.3 14.625 0.00335489
7.3 16.875 0.0032947
7.3 19.125 0.00309859
7.3 21.375 0.00361898
7.3 23.625 0.00310732
7.3 25.875 0.00363505
7.3 28.125 0.00328523
7.3 30.375 0.0032182
7.3 32.625 0.00336502
7.3 34.875 0.0032158
7.3 37.125 0.00325328
7.3 39.375 0.00329298
7.3 41.625 0.00320237
7.3 43.875 0.00594944
7.5 1.125 0.00689091
7.5 3.375 0.00326705
7.5 5.625 0.00307042
7.5 7.875 0.00316558
7.5 10.125 0.00320079
7.5 12.375 0.00636191
7.5 14.625 0.00300454
7.5 16.875 0.00339665
7.5 19.125 0.00311443
7.5 21.375 0.00322378
7.5 23.625 0.00320773
7.5 25.875 0.00365908
7.5 28.125 0.00331311
7.5 30.375 0.00322398
7.5 32.625 0.00296489
7.5 34.875 0.00308687
7.5 37.125 0.00319142
7.5 39.375 0.00333446
7.5 41.625 0.00780145
7.5 43.875 0.0030052
7.7 1.125 0.00369534
7.7 3.375 0.00303715
7.7 5.625 0.00431931
7.7 7.875 0.00323394
7.7 10.125 0.00969437
7.7 12.375 0.00317449
7.7 14.625 0.00301888
7.7 16.875 0.00360213
7.7 19.125 0.00406237
7.7 21.375 0.00356828
7.7 23.625 0.00363275
7.7 25.875 0.00323702
7.7 28.125 0.0031681
7.7 30.375 0.00303406
7.7 32.625 0.00318937
7.7 34.875 0.00301952
7.7 37.125 0.00402334
7.7 39.375 0.00392711
7.7 41.625 0.00314838
7.7 43.875 0.00307856
7.9 1.125 0.00275403
7.9 3.375 0.00278277
7.9 5.625 0.00277623
7.9 7.875 0.0030365
7.9 10.125 0.00285063
7.9 12.375 0.00287675
7.9 14.625 0.00311957
7.9 16.875 0.00319182
7.9 19.125 0.00517992
7.9 21.375 0.00328344
7.9 23.625 0.00290152
7.9 25.875 0.00333762
7.9 28.125 0.00307085
7.9 30.375 0.00382912
7.9 32.625 0.00327657
7.9 34.875 0.00328117
7.9 37.125 0.00305712
7.9 39.375 0.00423894
7.9 41.625 0.00328465
7.9 43.875 0.00307328
8.1 1.125 0.00304072
8.1 3.375 0.00253947
8.1 5.625 0.00297775
8.1 7.875 0.00298152
8.1 10.125 0.0027855
8.1 12.375 0.00281335
8.1 14.625 0.00287051
8.1 16.875 0.00286275
8.1 19.125 0.00308271
8.1 21.375 0.00318916
8.1 23.625 0.00284614
8.1 25.875 0.00850889
8.1 28.125 0.00314124
8.1 30.375 0.00291907
8.1 32.625 0.00276167
8.1 34.875 0.00261793
8.1 37.125 0.00282689
8.1 39.375 0.00320407
8.1 41.625 0.00305876
8.1 43.875 0.00264977
8.3 1.125 0.00252937
8.3 3.375 0.00277572
8.3 5.625 0.00311605
8.3 7.875 0.00282739
8.3 10.125 0.00282765
8.3 12.375 0.00290148
8.3 14.625 0.00340846
8.3 16.875 0.00303646
8.3 19.125 0.00291328
8.3 21.375 0.00319394
8.3 23.625 0.00279112
8.3 25.875 0.00285502
8.3 28.125 0.00335226
8.3 30.375 0.00270188
8.3 32.625 0.00297445
8.3 34.875 0.0028586
8.3 37.125 0.00780666
8.3 39.375 0.0029746
8.3 41.625 0.0112616
8.3 43.875 0.00269834
8.5 1.125 0.00279989
8.5 3.375 0.0131148
8.5 5.625 0.00253165
8.5 7.875 0.00261575
8.5 10.125 0.0103566
8.5 12.375 0.00265789
8.5 14.625 0.00287716
8.5 16.875 0.00278886
8.5 19.125 0.00296913
8.5 21.375 0.00264963
8.5 23.625 0.00268836
8.5 25.875 0.00250852
8.5 28.125 0.00956589
8.5 30.375 0.00278136
8.5 32.625 0.00285663
8.5 34.875 0.00359017
8.5 37.125 0.00300393
8.5 39.375 0.00291254
8.5 41.625 0.00267535
8.5 43.875 0.00263388
8.7 1.125 0.00269487
8.7 3.375 0.00948827
8.7 5.625 0.00244546
8.7 7.875 0.00267246
8.7 10.125 0.00265779
8.7 12.375 0.00262965
8.7 14.625 0.00291735
8.7 16.875 0.00255168
8.7 19.125 0.00263654
8.7 21.375 0.00268965
8.7 23.625 0.00272456
8.7 25.875 0.00258757
8.7 28.125 0.00280523
8.7 30.375 0.00267918
8.7 32.625 0.00299038
8.7 34.875 0.00233463
8.7 37.125 0.00342266
8.7 39.375 0.00264256
8.7 41.625 0.00241516
8.7 43.875 0.00267338
8.9 1.125 0.00267682
8.9 3.375 0.00261787
8.9 5.625 0.00273786
8.9 7.875 0.00258274
8.9 10.125 0.00255349
8.9 12.375 0.00281337
8.9 14.625 0.00265744
8.9 16.875 0.00263167
8.9 19.125 0.0025022
8.9 21.375 0.0104627
8.9 23.625 0.00226714
8.9 25.875 0.00251512
8.9 28.125 0.00287167
8.9 30.375 0.00281286
8.9 32.625 0.00347849
8.9 34.875 0.00271219
8.9 37.125 0.00350703
8.9 39.375 0.00284405
8.9 41.625 0.00245198
8.9 43.875 0.00257931
9.1 1.125 0.00262822
9.1 3.375 0.0112062
9.1 5.625 0.00260322
9.1 7.875 0.00240619
9.1 10.125 0.00312141
9.1 12.375 0.00247212
9.1 14.625 0.00289945
9.1 16.875 0.0027276
9.1 19.125 0.0125707
9.1 21.375 0.00266918
9.1 23.625 0.00257446
9.1 25.875 0.00266855
9.1 28.125 0.00267885
9.1 30.375 0.00262655
9.1 32.625 0.0117487
9.1 34.875 0.00408171
9.1 37.125 0.00257638
9.1 39.375 0.00262454
9.1 41.625 0.0025738
9.1 43.875 0.00266823
9.3 1.125 0.00226984
9.3 3.375 0.0027585
9.3 5.625 0.00244246
9.3 7.875 0.00235886
9.3 10.125 0.00255745
9.3 12.375 0.00295049
9.3 14.625 0.00243262
9.3 16.875 0.0026353
9.3 19.125 0.00276428
9.3 21.375 0.00348716
9.3 23.625 0.0036859
9.3 25.875 0.00244489
9.3 28.125 0.00343396
9.3 30.375 0.0023742
9.3 32.625 0.00246381
9.3 34.875 0.00269661
9.3 37.125 0.00256312
9.3 39.375 0.00262773
9.3 41.625 0.00229677
9.3 43.875 0.00249131
9.5 1.125 0.00242276
9.5 3.375 0.00236812
9.5 5.625 0.00248078
9.5 7.875 0.00223192
9.5 10.125 0.00243483
9.5 12.375 0.00288533
9.5 14.625 0.00251089
9.5 16.875 0.00288582
9.5 19.125 0.00316376
9.5 21.375 0.00254136
9.5 23.625 0.00246924
9.5 25.875 0.00258117
9.5 28.125 0.00268271
9.5 30.375 0.00274748
9.5 32.625 0.00240122
9.5 34.875 0.00253957
9.5 37.125 0.00258677
9.5 39.375 0.0105715
9.5 41.625 0.00273776
9.5 43.875 0.0026088
9.7 1.125 0.0165502
9.7 3.375 0.00236993
9.7 5.625 0.0024986
9.7 7.875 0.00258587
9.7 10.125 0.00242607
9.7 12.375 0.00239162
9.7 14.625 0.00275365
9.7 16.875 0.00246256
9.7 19.125 0.0028792
9.7 21.375 0.00386105
9.7 23.625 0.00214305
9.7 25.875 0.00287462
9.7 28.125 0.0090339
9.7 30.375 0.00236623
9.7 32.625 0.00223362
9.7 34.875 0.00258882
9.7 37.125 0.00239177
9.7 39.375 0.00256566
9.7 41.625 0.0150709
9.7 43.875 0.00281095
9.9 1.125 0.00276561
9.9 3.375 0.01705
9.9 5.625 0.00227775
9.9 7.875 0.00224958
9.9 10.125 0.00240225
9.9 12.375 0.012302
9.9 14.625 0.00230753
9.9 16.875 0.00254525
9.9 19.125 0.00255812
9.9 21.375 0.00256011
9.9 23.625 0.00247283
9.9 25.875 0.00245057
9.9 28.125 0.00247555
9.9 30.375 0.00392566
9.9 32.625 0.00226049
9.9 34.875 0.00432715
9.9 37.125 0.0022739
9.9 39.375 0.00511181
9.9 41.625 0.00256655
9.9 43.875 0.00228118
10.1 1.125 0.0106199
10.1 3.375 0.00235786
10.1 5.625 0.00221489
10.1 7.875 0.00273103
10.1 10.125 0.00349837
10.1 12.375 0.0028504
10.1 14.625 0.00287193
10.1 16.875 0.00236579
10.1 19.125 0.00251701
10.1 21.375 0.00230784
10.1 23.625 0.00274977
10.1 25.875 0.00235044
10.1 28.125 0.00243961
10.1 30.375 0.00223198
10.1 32.625 0.0022791
10.1 34.875 0.00218339
10.1 37.125 0.00239795
10.1 39.375 0.00233151
10.1 41.625 0.00260962
10.1 43.875 0.00226943
10.3 1.125 0.00511077
10.3 3.375 0.00197229
10.3 5.625 0.0025271
10.3 7.875 0.00219753
10.3 10.125 0.00270407
10.3 12.375 0.00255372
10.3 14.625 0.00275698
10.3 16.875 0.00264162
10.3 19.125 0.00269108
10.3 21.375 0.00245077
10.3 23.625 0.00258211
10.3 25.875 0.00278146
10.3 28.125 0.00250283
10.3 30.375 0.00266835
10.3 32.625 0.00328126
10.3 34.875 0.00245049
10.3 37.125 0.00257486
10.3 39.375 0.00274623
10.3 41.625 0.00246113
10.3 43.875 0.00262475
10.5 1.125 0.00231973
10.5 3.375 0.00232765
10.5 5.625 0.00202619
10.5 7.875 0.00257702
10.5 10.125 0.00238385
10.5 12.375 0.00349401
10.5 14.625 0.00240536
10.5 16.875 0.00251213
10.5 19.125 0.00232786
10.5 21.375 0.00249477
10.5 23.625 0.0026053
10.5 25.875 0.00211975
10.5 28.125 0.00225286
10.5 30.375 0.00246128
10.5 32.625 0.00268861
10.5 34.875 0.00259371
10.5 37.125 0.00246358
10.5 39.375 0.00219634
10.5 41.625 0.0028243
10.5 43.875 0.00395239
10.7 1.125 0.00217429
10.7 3.375 0.00285474
10.7 5.625 0.00229006
10.7 7.875 0.00237874
10.7 10.125 0.00267563
10.7 12.375 0.0190762
10.7 14.625 0.00247956
10.7 16.875 0.0205923
10.7 19.125 0.00224055
10.7 21.375 0.00245706
10.7 23.625 0.00231749
10.7 25.875 0.00246601
10.7 28.125 0.00224379
10.7 30.375 0.0204181
10.7 32.625 0.00234441
10.7 34.875 0.00234086
10.7 37.125 0.00255116
10.7 39.375 0.00274149
10.7 41.625 0.00210553
10.7 43.875 0.025022
10.9 1.125 0.00213568
10.9 3.375 0.00245188
10.9 5.625 0.00203526
10.9 7.875 0.00394352
10.9 10.125 0.00227334
10.9 12.375 0.00225111
10.9 14.625 0.00248339
10.9 16.875 0.00250722
10.9 19.125 0.00214484
10.9 21.375 0.0021276
10.9 23.625 0.00435613
10.9 25.875 0.0022175
10.9 28.125 0.00217854
10.9 30.375 0.00262483
10.9 32.625 0.00212555
10.9 34.875 0.0212651
10.9 37.125 0.00223543
10.9 39.375 0.00286887
10.9 41.625 0.00205441
10.9 43.875 0.00219824
11.1 1.125 0.0451089
11.1 3.375 0.0024907
11.1 5.625 0.00264256
11.1 7.875 0.00249334
11.1 10.125 0.0026092
11.1 12.375 0.00337921
11.1 14.625 0.0022942
11.1 16.875 0.00226593
11.1 19.125 0.00211397
11.1 21.375 0.0020345
11.1 23.625 0.00245591
11.1 25.875 0.00263185
11.1 28.125 0.00211248
11.1 30.375 0.00250384
11.1 32.625 0.00310025
11.1 34.875 0.00202807
11.1 37.125 0.00228698
11.1 39.375 0.00233649
11.1 41.625 0.00227762
11.1 43.875 0.00237373
11.3 1.125 0.00188056
11.3 3.375 0.00233594
11.3 5.625 0.00203495
11.3 7.875 0.00215108
11.3 10.125 0.00234663
11.3 12.375 0.0174369
11.3 14.625 0.00323276
11.3 16.875 0.00288314
11.3 19.125 0.00239521
11.3 21.375 0.0020774
11.3 23.625 0.00371129
11.3 25.875 0.00263729
11.3 28.125 0.0143757
11.3 30.375 0.00532879
11.3 32.625 0.00190164
11.3 34.875 0.0023587
11.3 37.125 0.00237297
11.3 39.375 0.00243612
11.3 41.625 0.00805641
11.3 43.875 0.0272145
11.5 1.125 0.00203951
11.5 3.375 0.00238309
11.5 5.625 0.00210007
11.5 7.875 0.00232177
11.5 10.125 0.00214849
11.5 12.375 0.00215285
11.5 14.625 0.00267786
11.5 16.875 0.00255965
11.5 19.125 0.0031208
11.5 21.375 0.00222661
11.5 23.625 0.00621596
11.5 25.875 0.00217713
11.5 28.125 0.00233693
11.5 30.375 0.00225211
11.5 32.625 0.00258039
11.5 34.875 0.00706152
11.5 37.125 0.00294005
11.5 39.375 0.00259943
11.5 41.625 0.00189573
11.5 43.875 0.00205951
11.7 1.125 0.0138734
11.7 3.375 0.00221361
11.7 5.625 0.00250708
11.7 7.875 0.00203543
11.7 10.125 0.00292093
11.7 12.375 0.00214219
11.7 14.625 0.00254776
11.7 16.875 0.00222574
11.7 19.125 0.00691597
11.7 21.375 0.00216413
11.7 23.625 0.00223286
11.7 25.875 0.00221667
11.7 28.125 0.00361296
11.7 30.375 0.00246823
11.7 32.625 0.0028455
11.7 34.875 0.00213616
11.7 37.125 0.00204177
11.7 39.375 0.00262457
11.7 41.625 0.00257452
11.7 43.875 0.00217103
11.9 1.125 0.0018661
11.9 3.375 0.0023969
11.9 5.625 0.0200708
11.9 7.875 0.00261841
11.9 10.125 0.00253563
11.9 12.375 0.00188301
11.9 14.625 0.00249812
11.9 16.875 0.00236593
11.9 19.125 0.00228611
11.9 21.375 0.00239894
11.9 23.625 0.0169966
11.9 25.875 0.00222491
11.9 28.125 0.00309689
11.9 30.375 0.00216607
11.9 32.625 0.0046958
11.9 34.875 0.00220983
11.9 37.125 0.00276021
11.9 39.375 0.00237076
11.9 41.625 0.0056011
11.9 43.875 0.00191107
12.1 1.125 0.00682326
12.1 3.375 0.00304965
12.1 5.625 0.00277337
12.1 7.875 0.00205936
12.1 10.125 0.00219543
12.1 12.375 0.00229907
12.1 14.625 0.00181346
12.1 16.875 0.00462526
12.1 19.125 0.00231814
12.1 21.375 0.00230605
12.1 23.625 0.0022547
12.1 25.875 0.0274705
12.1 28.125 0.00218338
12.1 30.375 0.00234226
12.1 32.625 0.00220183
12.1 34.875 0.0019622
12.1 37.125 0.00217097
12.1 39.375 0.00190048
12.1 41.625 0.00262704
12.1 43.875 0.00230113
12.3 1.125 0.00257974
12.3 3.375 0.0173633
12.3 5.625 0.00227257
12.3 7.875 0.0243791
12.3 10.125 0.00881716
12.3 12.375 0.00219239
12.3 14.625 0.00219403
12.3 16.875 0.00197672
12.3 19.125 0.00235831
12.3 21.375 0.002255
12.3 23.625 0.00298156
12.3 25.875 0.00214055
12.3 28.125 0.00229635
12.3 30.375 0.00362328
12.3 32.625 0.00229836
12.3 34.875 0.00299613
12.3 37.125 0.00302637
12.3 39.375 0.00217115
12.3 41.625 0.00747913
12.3 43.875 0.00236407
12.5 1.125 0.0412446
12.5 3.375 0.00208328
12.5 5.625 0.00262992
12.5 7.875 0.00262927
12.5 10.125 0.00199604
12.5 12.375 0.00245256
12.5 14.625 0.00666572
12.5 16.875 0.00281355
12.5 19.125 0.00194864
12.5 21.375 0.040398
12.5 23.625 0.00212335
12.5 25.875 0.00177065
12.5 28.125 0.00277776
12.5 30.375 0.00192448
12.5 32.625 0.00387306
12.5 34.875 0.00217702
12.5 37.125 0.00235964
12.5 39.375 0.00212983
12.5 41.625 0.00204653
12.5 43.875 0.00379353
12.7 1.125 0.00758434
12.7 3.375 0.00205597
12.7 5.625 0.00227076
12.7 7.875 0.00491264
12.7 10.125 0.00502473
12.7 12.375 0.0299189
12.7 14.625 0.0142854
12.7 16.875 0.00191611
12.7 19.125 0.00186672
12.7 21.375 0.00261231
12.7 23.625 0.00201845
12.7 25.875 0.00399088
12.7 28.125 0.0121308
12.7 30.375 0.00202086
12.7 32.625 0.00232026
12.7 34.875 0.00351178
12.7 37.125 0.00787142
12.7 39.375 0.00222167
12.7 41.625 0.00212247
12.7 43.875 0.00251143
12.9 1.125 0.00459358
12.9 3.375 0.00217697
12.9 5.625 0.00232212
12.9 7.875 0.00232137
12.9 10.125 0.00216688
12.9 12.375 0.00256872
12.9 14.625 0.00240923
12.9 16.875 0.00531942
12.9 19.125 0.00198353
12.9 21.375 0.00210494
12.9 23.625 0.00210329
12.9 25.875 0.0022536
12.9 28.125 0.00216005
12.9 30.375 0.00226596
12.9 32.625 0.00231519
12.9 34.875 0.00417476
12.9 37.125 0.00330725
12.9 39.375 0.0022358
12.9 41.625 0.00187229
12.9 43.875 0.00290263
13.1 1.125 0.00206436
13.1 3.375 0.00224981
13.1 5.625 0.0020026
13.1 7.875 0.00171998
13.1 10.125 0.00429863
13.1 12.375 0.00268699
13.1 14.625 0.0029079
13.1 16.875 0.00282437
13.1 19.125 0.0026236
13.1 21.375 0.00236846
13.1 23.625 0.00223658
13.1 25.875 0.00189979
13.1 28.125 0.00708219
13.1 30.375 0.00523827
13.1 32.625 0.00257297
13.1 34.875 0.00538437
13.1 37.125 0.00214457
13.1 39.375 0.00229527
13.1 41.625 0.00356237
13.1 43.875 0.00242246
13.3 1.125 0.00700865
13.3 3.375 0.00237451
13.3 5.625 0.00211895
13.3 7.875 0.00269269
13.3 10.125 0.00230307
13.3 12.375 0.00181813
13.3 14.625 0.00315371
13.3 16.875 0.00267634
13.3 19.125 0.00231652
13.3 21.375 0.0265908
13.3 23.625 0.00262762
13.3 25.875 0.00250061
13.3 28.125 0.00191011
13.3 30.375 0.00268195
13.3 32.625 0.00226548
13.3 34.875 0.00327509
13.3 37.125 0.00283816
13.3 39.375 0.00272963
13.3 41.625 0.0022585
13.3 43.875 0.00216752
13.5 1.125 0.00357362
13.5 3.375 0.00547699
13.5 5.625 0.00183495
13.5 7.875 0.00192563
13.5 10.125 0.00374367
13.5 12.375 0.00199022
13.5 14.625 0.00266309
13.5 16.875 0.00228469
13.5 19.125 0.00222704
13.5 21.375 0.00265284
13.5 23.625 0.00297279
13.5 25.875 0.0534629
13.5 28.125 0.00246826
13.5 30.375 0.00770449
13.5 32.625 0.0027591
13.5 34.875 0.00215642
13.5 37.125 0.00234624
13.5 39.375 0.00348762
13.5 41.625 0.00181104
13.5 43.875 0.00273566
13.7 1.125 0.00770607
13.7 3.375 0.00249233
13.7 5.625 0.00191737
13.7 7.875 0.00197762
13.7 10.125 0.00745107
13.7 12.375 0.00170741
13.7 14.625 0.00248128
13.7 16.875 0.00225757
13.7 19.125 0.00238297
13.7 21.375 0.00314509
13.7 23.625 0.00199265
13.7 25.875 0.00287307
13.7 28.125 0.00263141
13.7 30.375 0.00228787
13.7 32.625 0.00257062
13.7 34.875 0.00354717
13.7 37.125 0.00258512
13.7 39.375 0.0026943
13.7 41.625 0.00189528
13.7 43.875 0.00459024
13.9 1.125 0.00190803
13.9 3.375 0.00187
13.9 5.625 0.00183667
13.9 7.875 0.00234695
13.9 10.125 0.00203426
13.9 12.375 0.00179081
13.9 14.625 0.00241468
13.9 16.875 0.00332255
13.9 19.125 0.00215869
13.9 21.375 0.00223649
13.9 23.625 0.00700481
13.9 25.875 0.00320387
13.9 28.125 0.0505015
13.9 30.375 0.00253036
13.9 32.625 0.0018306
13.9 34.875 0.0564794
13.9 37.125 0.00270152
13.9 39.375 0.00265302
13.9 41.625 0.00265459
13.9 43.875 0.00282686
