0.1 5.625 3.20026
0.1 10.125 2.61449
0.1 12.375 3.21635
0.1 28.125 3.34711
0.1 32.625 3.29798
0.3 1.125 3.08646
0.3 3.375 3.25561
0.3 5.625 3.24453
0.3 7.875 3.22159
0.3 10.125 3.30413
0.3 12.375 3.252
0.3 14.625 3.28381
0.3 16.875 3.18816
0.3 19.125 3.27786
0.3 21.375 3.2255
0.3 23.625 3.24728
0.3 25.875 3.29782
0.3 28.125 3.27789
0.3 30.375 3.2526
0.3 32.625 3.22741
0.3 34.875 3.30204
0.3 37.125 3.25137
0.3 39.375 3.24733
0.3 41.625 3.23317
0.3 43.875 3.2406
0.5 1.125 3.18679
0.5 3.375 3.12925
0.5 5.625 3.21982
0.5 7.875 3.18418
0.5 10.125 3.18242
0.5 12.375 3.17894
0.5 14.625 3.22012
0.5 16.875 3.19536
0.5 19.125 3.20358
0.5 21.375 3.18033
0.5 23.625 3.19876
0.5 25.875 3.1495
0.5 28.125 3.2133
0.5 30.375 3.19494
0.5 32.625 3.14895
0.5 34.875 3.18712
0.5 37.125 3.15603
0.5 39.375 3.159
0.5 41.625 3.20385
0.5 43.875 3.16551
0.7 1.125 3.03644
0.7 3.375 3.0498
0.7 5.625 2.98095
0.7 7.875 3.01253
0.7 10.125 3.02961
0.7 12.375 2.9979
0.7 14.625 2.9558
0.7 16.875 3.00139
0.7 19.125 3.04918
0.7 21.375 2.99259
0.7 23.625 3.06042
0.7 25.875 3.05445
0.7 28.125 3.09617
0.7 30.375 3.07747
0.7 32.625 3.04116
0.7 34.875 3.05679
0.7 37.125 3.07802
0.7 39.375 3.07016
0.7 41.625 3.03766
0.7 43.875 3.07681
0.9 1.125 2.69167
0.9 3.375 2.65093
0.9 5.625 2.67131
0.9 7.875 2.66228
0.9 10.125 2.65592
0.9 12.375 2.69396
0.9 14.625 2.76042
0.9 16.875 2.71751
0.9 19.125 2.592
0.9 21.375 2.74335
0.9 23.625 2.7775
0.9 25.875 2.67359
0.9 28.125 2.80691
0.9 30.375 2.83636
0.9 32.625 2.86817
0.9 34.875 2.85499
0.9 37.125 2.88734
0.9 39.375 2.89987
0.9 41.625 2.89033
0.9 43.875 2.93597
1.1 1.125 2.01302
1.1 3.375 2.09976
1.1 5.625 2.01677
1.1 7.875 2.06206
1.1 10.125 2.02311
1.1 12.375 2.28926
1.1 14.625 2.08152
1.1 16.875 2.03873
1.1 19.125 2.08496
1.1 21.375 2.17979
1.1 23.625 2.23891
1.1 25.875 2.38446
1.1 28.125 2.39551
1.1 30.375 2.51469
1.1 32.625 2.52081
1.1 34.875 2.63887
1.1 37.125 2.52385
1.1 39.375 2.59081
1.1 41.625 2.65272
1.1 43.875 2.61358
1.3 1.125 1.12561
1.3 3.375 1.09379
1.3 5.625 1.13806
1.3 7.875 1.12261
1.3 10.125 1.14004
1.3 12.375 1.12916
1.3 14.625 1.3775
1.3 16.875 1.31324
1.3 19.125 1.46316
1.3 21.375 1.46678
1.3 23.625 1.49951
1.3 25.875 1.52856
1.3 28.125 1.73218
1.3 30.375 1.66866
1.3 32.625 1.83638
1.3 34.875 1.83414
1.3 37.125 1.90278
1.3 39.375 1.9821
1.3 41.625 2.02304
1.3 43.875 2.22721
1.5 1.125 0.578541
1.5 3.375 0.553011
1.5 5.625 0.612267
1.5 7.875 0.561251
1.5 10.125 0.610349
1.5 12.375 0.700559
1.5 14.625 0.702041
1.5 16.875 0.645537
1.5 19.125 0.659239
1.5 21.375 0.73209
1.5 23.625 0.766963
1.5 25.875 0.82732
1.5 28.125 0.85343
1.5 30.375 0.94056
1.5 32.625 1.13329
1.5 34.875 1.16674
1.5 37.125 1.14827
1.5 39.375 1.20946
1.5 41.625 1.4801
1.5 43.875 1.25454
1.7 1.125 0.310682
1.7 3.375 0.333633
1.7 5.625 0.345861
1.7 7.875 0.349504
1.7 10.125 0.353567
1.7 12.375 0.362441
1.7 14.625 0.36552
1.7 16.875 0.407725
1.7 19.125 0.3832
1.7 21.375 0.411063
1.7 23.625 0.427736
1.7 25.875 0.446085
1.7 28.125 0.437388
1.7 30.375 0.512806
1.7 32.625 0.469251
1.7 34.875 0.613568
1.7 37.125 0.612427
1.7 39.375 0.719679
1.7 41.625 0.700955
1.7 43.875 0.776824
1.9 1.125 0.205625
1.9 3.375 0.199966
1.9 5.625 0.212361
1.9 7.875 0.211677
1.9 10.125 0.222203
1.9 12.375 0.231772
1.9 14.625 0.225185
1.9 16.875 0.223966
1.9 19.125 0.227703
1.9 21.375 0.250125
1.9 23.625 0.248168
1.9 25.875 0.258498
1.9 28.125 0.272129
1.9 30.375 0.26174
1.9 32.625 0.298667
1.9 34.875 0.31555
1.9 37.125 0.376849
1.9 39.375 0.378066
1.9 41.625 0.396126
1.9 43.875 0.41479
2.1 1.125 0.143492
2.1 3.375 0.129654
2.1 5.625 0.140079
2.1 7.875 0.144904
2.1 10.125 0.141985
2.1 12.375 0.138117
2.1 14.625 0.145019
2.1 16.875 0.149257
2.1 19.125 0.152801
2.1 21.375 0.155072
2.1 23.625 0.16395
2.1 25.875 0.1688
2.1 28.125 0.17263
2.1 30.375 0.188317
2.1 32.625 0.202018
2.1 34.875 0.205156
2.1 37.125 0.214102
2.1 39.375 0.225982
2.1 41.625 0.233829
2.1 43.875 0.228547
2.3 1.125 0.103545
2.3 3.375 0.0979271
2.3 5.625 0.0988352
2.3 7.875 0.0957641
2.3 10.125 0.103042
2.3 12.375 0.108929
2.3 14.625 0.102147
2.3 16.875 0.101253
2.3 19.125 0.104926
2.3 21.375 0.110681
2.3 23.625 0.108859
2.3 25.875 0.117275
2.3 28.125 0.125325
2.3 30.375 0.137624
2.3 32.625 0.137179
2.3 34.875 0.132983
2.3 37.125 0.144722
2.3 39.375 0.147727
2.3 41.625 0.152819
2.3 43.875 0.147049
2.5 1.125 0.0726826
2.5 3.375 0.0682576
2.5 5.625 0.0757415
2.5 7.875 0.0747223
2.5 10.125 0.069728
2.5 12.375 0.0735291
2.5 14.625 0.0737675
2.5 16.875 0.0787635
2.5 19.125 0.0753248
2.5 21.375 0.0760242
2.5 23.625 0.0757346
2.5 25.875 0.0820955
2.5 28.125 0.0907686
2.5 30.375 0.099953
2.5 32.625 0.0975707
2.5 34.875 0.0959267
2.5 37.125 0.101122
2.5 39.375 0.103329
2.5 41.625 0.0936066
2.5 43.875 0.100976
2.7 1.125 0.0563807
2.7 3.375 0.0595244
2.7 5.625 0.0564972
2.7 7.875 0.0567999
2.7 10.125 0.0530251
2.7 12.375 0.055572
2.7 14.625 0.0582982
2.7 16.875 0.0571472
2.7 19.125 0.0600006
2.7 21.375 0.060266
2.7 23.625 0.0632171
2.7 25.875 0.0621751
2.7 28.125 0.0688682
2.7 30.375 0.0725519
2.7 32.625 0.0704472
2.7 34.875 0.073735
2.7 37.125 0.0720936
2.7 39.375 0.0653821
2.7 41.625 0.0656363
2.7 43.875 0.068426
2.9 1.125 0.0474917
2.9 3.375 0.0460208
2.9 5.625 0.0445593
2.9 7.875 0.0462173
2.9 10.125 0.0449946
2.9 12.375 0.0472067
2.9 14.625 0.0485534
2.9 16.875 0.046168
2.9 19.125 0.0480165
2.9 21.375 0.0531835
2.9 23.625 0.0510452
2.9 25.875 0.0538694
2.9 28.125 0.0551423
2.9 30.375 0.049726
2.9 32.625 0.0514928
2.9 34.875 0.0539668
2.9 37.125 0.0551528
2.9 39.375 0.05181
2.9 41.625 0.0522165
2.9 43.875 0.0497412
3.1 1.125 0.0391083
3.1 3.375 0.036898
3.1 5.625 0.0383778
3.1 7.875 0.0373671
3.1 10.125 0.0365181
3.1 12.375 0.0346663
3.1 14.625 0.0390598
3.1 16.875 0.0408572
3.1 19.125 0.0383816
3.1 21.375 0.0432267
3.1 23.625 0.041388
3.1 25.875 0.0419356
3.1 28.125 0.0446062
3.1 30.375 0.0414986
3.1 32.625 0.0440246
3.1 34.875 0.0422426
3.1 37.125 0.0402883
3.1 39.375 0.0447521
3.1 41.625 0.040934
3.1 43.875 0.0403619
3.3 1.125 0.0312547
3.3 3.375 0.0298188
3.3 5.625 0.0292692
3.3 7.875 0.0301057
3.3 10.125 0.0309966
3.3 12.375 0.0306207
3.3 14.625 0.0310788
3.3 16.875 0.0320724
3.3 19.125 0.0303017
3.3 21.375 0.0334652
3.3 23.625 0.035495
3.3 25.875 0.0358794
3.3 28.125 0.0350746
3.3 30.375 0.0333939
3.3 32.625 0.034879
3.3 34.875 0.0363368
3.3 37.125 0.0331911
3.3 39.375 0.0356086
3.3 41.625 0.0324541
3.3 43.875 0.0336597
3.5 1.125 0.0249103
3.5 3.375 0.0230999
3.5 5.625 0.0244953
3.5 7.875 0.0273728
3.5 10.125 0.0240266
3.5 12.375 0.0262981
3.5 14.625 0.0254878
3.5 16.875 0.0280905
3.5 19.125 0.0262464
3.5 21.375 0.0278636
3.5 23.625 0.0285299
3.5 25.875 0.0286831
3.5 28.125 0.0299632
3.5 30.375 0.0270745
3.5 32.625 0.0280272
3.5 34.875 0.0271224
3.5 37.125 0.0277655
3.5 39.375 0.0264135
3.5 41.625 0.0287107
3.5 43.875 0.0285645
3.7 1.125 0.0202892
3.7 3.375 0.0210068
3.7 5.625 0.0188634
3.7 7.875 0.0200981
3.7 10.125 0.0218
3.7 12.375 0.0212663
3.7 14.625 0.0207615
3.7 16.875 0.0225405
3.7 19.125 0.0229879
3.7 21.375 0.0260612
3.7 23.625 0.0243408
3.7 25.875 0.0237694
3.7 28.125 0.0220677
3.7 30.375 0.0252611
3.7 32.625 0.0243418
3.7 34.875 0.0216243
3.7 37.125 0.024577
3.7 39.375 0.024008
3.7 41.625 0.0235499
3.7 43.875 0.0245393
3.9 1.125 0.0186888
3.9 3.375 0.0186036
3.9 5.625 0.0177394
3.9 7.875 0.0183546
3.9 10.125 0.0169644
3.9 12.375 0.0184829
3.9 14.625 0.019765
3.9 16.875 0.0184724
3.9 19.125 0.0212426
3.9 21.375 0.0204247
3.9 23.625 0.0204218
3.9 25.875 0.019259
3.9 28.125 0.0209418
3.9 30.375 0.0195749
3.9 32.625 0.0212938
3.9 34.875 0.0206178
3.9 37.125 0.0189399
3.9 39.375 0.0198333
3.9 41.625 0.0193707
3.9 43.875 0.0203876
4.1 1.125 0.0163826
4.1 3.375 0.0151459
4.1 5.625 0.0153504
4.1 7.875 0.0149622
4.1 10.125 0.0163843
4.1 12.375 0.0160943
4.1 14.625 0.0182621
4.1 16.875 0.017918
4.1 19.125 0.0171719
4.1 21.375 0.0182129
4.1 23.625 0.0171408
4.1 25.875 0.0171667
4.1 28.125 0.0172963
4.1 30.375 0.0174915
4.1 32.625 0.0175719
4.1 34.875 0.0162641
4.1 37.125 0.0171774
4.1 39.375 0.0167938
4.1 41.625 0.0150429
4.1 43.875 0.0179403
4.3 1.125 0.0153985
4.3 3.375 0.0143549
4.3 5.625 0.0144232
4.3 7.875 0.0129657
4.3 10.125 0.012071
4.3 12.375 0.0143309
4.3 14.625 0.0144249
4.3 16.875 0.0148051
4.3 19.125 0.0157528
4.3 21.375 0.0155349
4.3 23.625 0.0148275
4.3 25.875 0.0152391
4.3 28.125 0.0143377
4.3 30.375 0.0153329
4.3 32.625 0.0153607
4.3 34.875 0.0139424
4.3 37.125 0.013999
4.3 39.375 0.0143274
4.3 41.625 0.0142469
4.3 43.875 0.0144378
4.5 1.125 0.0110397
4.5 3.375 0.0119324
4.5 5.625 0.0132264
4.5 7.875 0.0125308
4.5 10.125 0.012203
4.5 12.375 0.0134296
4.5 14.625 0.0130599
4.5 16.875 0.0142265
4.5 19.125 0.0131144
4.5 21.375 0.0135782
4.5 23.625 0.0127756
4.5 25.875 0.0135164
4.5 28.125 0.0126395
4.5 30.375 0.0137964
4.5 32.625 0.0129291
4.5 34.875 0.0123017
4.5 37.125 0.0133066
4.5 39.375 0.0143003
4.5 41.625 0.0135096
4.5 43.875 0.0120241
4.7 1.125 0.0106886
4.7 3.375 0.0110687
4.7 5.625 0.0111682
4.7 7.875 0.0101592
4.7 10.125 0.0120952
4.7 12.375 0.0114855
4.7 14.625 0.0106704
4.7 16.875 0.0116196
4.7 19.125 0.0120683
4.7 21.375 0.0123721
4.7 23.625 0.0112064
4.7 25.875 0.0116916
4.7 28.125 0.0120651
4.7 30.375 0.0114554
4.7 32.625 0.0118934
4.7 34.875 0.0117957
4.7 37.125 0.011246
4.7 39.375 0.0111145
4.7 41.625 0.0115218
4.7 43.875 0.0115362
4.9 1.125 0.00992974
4.9 3.375 0.0102185
4.9 5.625 0.00952087
4.9 7.875 0.0103368
4.9 10.125 0.0107348
4.9 12.375 0.0104917
4.9 14.625 0.0105576
4.9 16.875 0.00948152
4.9 19.125 0.0107291
4.9 21.375 0.0105706
4.9 23.625 0.0105602
4.9 25.875 0.00993336
4.9 28.125 0.0104103
4.9 30.375 0.0118716
4.9 32.625 0.010831
4.9 34.875 0.00957713
4.9 37.125 0.0104182
4.9 39.375 0.0107079
4.9 41.625 0.00994778
4.9 43.875 0.0112294
5.1 1.125 0.00930037
5.1 3.375 0.00882944
5.1 5.625 0.0092731
5.1 7.875 0.00945884
5.1 10.125 0.00916503
5.1 12.375 0.00990098
5.1 14.625 0.00995507
5.1 16.875 0.0104484
5.1 19.125 0.0102792
5.1 21.375 0.00962306
5.1 23.625 0.0100134
5.1 25.875 0.00935708
5.1 28.125 0.00996904
5.1 30.375 0.0104068
5.1 32.625 0.00965539
5.1 34.875 0.00995295
5.1 37.125 0.00958807
5.1 39.375 0.00970992
5.1 41.625 0.0107642
5.1 43.875 0.00966705
5.3 1.125 0.00958443
5.3 3.375 0.00893673
5.3 5.625 0.00800367
5.3 7.875 0.00878006
5.3 10.125 0.00855077
5.3 12.375 0.00926579
5.3 14.625 0.00855966
5.3 16.875 0.00992834
5.3 19.125 0.0091967
5.3 21.375 0.00819228
5.3 23.625 0.00836451
5.3 25.875 0.00876163
5.3 28.125 0.00843825
5.3 30.375 0.00909665
5.3 32.625 0.00935058
5.3 34.875 0.00875014
5.3 37.125 0.00882145
5.3 39.375 0.00930117
5.3 41.625 0.00740661
5.3 43.875 0.00840775
5.5 1.125 0.00789284
5.5 3.375 0.00793631
5.5 5.625 0.00796827
5.5 7.875 0.00814519
5.5 10.125 0.00988203
5.5 12.375 0.00892884
5.5 14.625 0.00827282
5.5 16.875 0.00916078
5.5 19.125 0.00903486
5.5 21.375 0.00839899
5.5 23.625 0.0078221
5.5 25.875 0.00908492
5.5 28.125 0.00803845
5.5 30.375 0.00813773
5.5 32.625 0.00816896
5.5 34.875 0.00750117
5.5 37.125 0.00909724
5.5 39.375 0.00784797
5.5 41.625 0.00756139
5.5 43.875 0.00816989
5.7 1.125 0.00673019
5.7 3.375 0.0084474
5.7 5.625 0.00772949
5.7 7.875 0.00690853
5.7 10.125 0.00697957
5.7 12.375 0.00907566
5.7 14.625 0.00766386
5.7 16.875 0.00776557
5.7 19.125 0.00763361
5.7 21.375 0.00841171
5.7 23.625 0.00806862
5.7 25.875 0.00715654
5.7 28.125 0.00795516
5.7 30.375 0.00884721
5.7 32.625 0.0075572
5.7 34.875 0.00749915
5.7 37.125 0.00954096
5.7 39.375 0.0077101
5.7 41.625 0.00819473
5.7 43.875 0.00807592
5.9 1.125 0.00785453
5.9 3.375 0.00669126
5.9 5.625 0.00705143
5.9 7.875 0.00732799
5.9 10.125 0.0068894
5.9 12.375 0.00669026
5.9 14.625 0.00831527
5.9 16.875 0.00790475
5.9 19.125 0.00759483
5.9 21.375 0.00750466
5.9 23.625 0.00789687
5.9 25.875 0.00772051
5.9 28.125 0.00648598
5.9 30.375 0.00775637
5.9 32.625 0.00687144
5.9 34.875 0.00828826
5.9 37.125 0.0066173
5.9 39.375 0.00733094
5.9 41.625 0.00701728
5.9 43.875 0.00731287
6.1 1.125 0.00611882
6.1 3.375 0.00683443
6.1 5.625 0.00712469
6.1 7.875 0.00671018
6.1 10.125 0.0070729
6.1 12.375 0.00742885
6.1 14.625 0.00746456
6.1 16.875 0.0081571
6.1 19.125 0.00794203
6.1 21.375 0.00735773
6.1 23.625 0.00694083
6.1 25.875 0.00678992
6.1 28.125 0.00686471
6.1 30.375 0.00702866
6.1 32.625 0.00726252
6.1 34.875 0.00789128
6.1 37.125 0.00653589
6.1 39.375 0.00698871
6.1 41.625 0.00669239
6.1 43.875 0.00703616
6.3 1.125 0.00679245
6.3 3.375 0.00664971
6.3 5.625 0.00702544
6.3 7.875 0.00687116
6.3 10.125 0.00694524
6.3 12.375 0.00610568
6.3 14.625 0.00793289
6.3 16.875 0.00690864
6.3 19.125 0.00706962
6.3 21.375 0.00717993
6.3 23.625 0.0075287
6.3 25.875 0.00667783
6.3 28.125 0.00607071
6.3 30.375 0.00622879
6.3 32.625 0.0071786
6.3 34.875 0.00793176
6.3 37.125 0.00688483
6.3 39.375 0.00683006
6.3 41.625 0.00674685
6.3 43.875 0.00655759
6.5 1.125 0.00788993
6.5 3.375 0.00701259
6.5 5.625 0.00573685
6.5 7.875 0.00635756
6.5 10.125 0.00661557
6.5 12.375 0.00752372
6.5 14.625 0.0064192
6.5 16.875 0.00719383
6.5 19.125 0.00720214
6.5 21.375 0.00665214
6.5 23.625 0.00724359
6.5 25.875 0.00699294
6.5 28.125 0.00664877
6.5 30.375 0.00712916
6.5 32.625 0.00598928
6.5 34.875 0.00639949
6.5 37.125 0.00659127
6.5 39.375 0.00647437
6.5 41.625 0.00678311
6.5 43.875 0.00600695
6.7 1.125 0.00617253
6.7 3.375 0.00615592
6.7 5.625 0.00622867
6.7 7.875 0.00655555
6.7 10.125 0.00675043
6.7 12.375 0.00566047
6.7 14.625 0.00674419
6.7 16.875 0.00629925
6.7 19.125 0.00701731
6.7 21.375 0.00695536
6.7 23.625 0.00658221
6.7 25.875 0.00559844
6.7 28.125 0.00559246
6.7 30.375 0.00627031
6.7 32.625 0.00595592
6.7 34.875 0.00667537
6.7 37.125 0.00703146
6.7 39.375 0.0056295
6.7 41.625 0.00697755
6.7 43.875 0.00613797
6.9 1.125 0.00604213
6.9 3.375 0.00669578
6.9 5.625 0.00598272
6.9 7.875 0.00672658
6.9 10.125 0.00637045
6.9 12.375 0.00604651
6.9 14.625 0.00662412
6.9 16.875 0.00666556
6.9 19.125 0.00568757
6.9 21.375 0.0558294
6.9 23.625 0.00645776
6.9 25.875 0.00609298
6.9 28.125 0.00693541
6.9 30.375 0.00672026
6.9 32.625 0.00608704
6.9 34.875 0.00597473
6.9 37.125 0.00602466
6.9 39.375 0.00564542
6.9 41.625 0.00642061
6.9 43.875 0.00672146
7.1 1.125 0.00545798
7.1 3.375 0.00630345
7.1 5.625 0.00499854
7.1 7.875 0.00614764
7.1 10.125 0.00549226
7.1 12.375 0.00643578
7.1 14.625 0.00670824
7.1 16.875 0.0061619
7.1 19.125 0.00710595
7.1 21.375 0.00559184
7.1 23.625 0.00525947
7.1 25.875 0.0059632
7.1 28.125 0.00653886
7.1 30.375 0.00573841
7.1 32.625 0.00577995
7.1 34.875 0.00678203
7.1 37.125 0.00541247
7.1 39.375 0.00604992
7.1 41.625 0.0071447
7.1 43.875 0.00589125
7.3 1.125 0.0053059
7.3 3.375 0.00573479
7.3 5.625 0.00620002
7.3 7.875 0.0056117
7.3 10.125 0.00568668
7.3 12.375 0.00619649
7.3 14.625 0.00591096
7.3 16.875 0.00537201
7.3 19.125 0.00640055
7.3 21.375 0.00524246
7.3 23.625 0.00638961
7.3 25.875 0.00567825
7.3 28.125 0.00567554
7.3 30.375 0.00552999
7.3 32.625 0.0450865
7.3 34.875 0.00620746
7.3 37.125 0.00501151
7.3 39.375 0.00574418
7.3 41.625 0.00557263
7.3 43.875 0.00597682
7.5 1.125 0.00548953
7.5 3.375 0.00515242
7.5 5.625 0.00616315
7.5 7.875 0.00662562
7.5 10.125 0.00565761
7.5 12.375 0.00645815
7.5 14.625 0.0053357
7.5 16.875 0.00569076
7.5 19.125 0.00588057
7.5 21.375 0.00528415
7.5 23.625 0.00590773
7.5 25.875 0.00590192
7.5 28.125 0.00583363
7.5 30.375 0.00597012
7.5 32.625 0.00719422
7.5 34.875 0.00618913
7.5 37.125 0.00554138
7.5 39.375 0.00529153
7.5 41.625 0.0057474
7.5 43.875 0.00610702
7.7 1.125 0.00530981
7.7 3.375 0.00513558
7.7 5.625 0.00522474
7.7 7.875 0.0057142
7.7 10.125 0.00548972
7.7 12.375 0.00580589
7.7 14.625 0.00566495
7.7 16.875 0.00533142
7.7 19.125 0.00499153
7.7 21.375 0.00564351
7.7 23.625 0.00549303
7.7 25.875 0.00577126
7.7 28.125 0.00581505
7.7 30.375 0.00483093
7.7 32.625 0.00499266
7.7 34.875 0.00572209
7.7 37.125 0.00491499
7.7 39.375 0.00516107
7.7 41.625 0.00577453
7.7 43.875 0.00592158
7.9 1.125 0.00502266
7.9 3.375 0.0051959
7.9 5.625 0.00748466
7.9 7.875 0.00473924
7.9 10.125 0.00499235
7.9 12.375 0.00577493
7.9 14.625 0.00614051
7.9 16.875 0.00532798
7.9 19.125 0.00568956
7.9 21.375 0.00484661
7.9 23.625 0.00572146
7.9 25.875 0.00686171
7.9 28.125 0.00521761
7.9 30.375 0.00562266
7.9 32.625 0.00525937
7.9 34.875 0.00537617
7.9 37.125 0.00897368
7.9 39.375 0.00527197
7.9 41.625 0.00569823
7.9 43.875 0.00625307
8.1 1.125 0.00623551
8.1 3.375 0.00479066
8.1 5.625 0.00499618
8.1 7.875 0.00579326
8.1 10.125 0.00540122
8.1 12.375 0.0054952
8.1 14.625 0.00585756
8.1 16.875 0.00567596
8.1 19.125 0.00562084
8.1 21.375 0.00506103
8.1 23.625 0.00578342
8.1 25.875 0.00498838
8.1 28.125 0.00539662
8.1 30.375 0.00571235
8.1 32.625 0.00504522
8.1 34.875 0.00491783
8.1 37.125 0.00578389
8.1 39.375 0.0051285
8.1 41.625 0.00617936
8.1 43.875 0.00578792
8.3 1.125 0.0058379
8.3 3.375 0.00587066
8.3 5.625 0.00594461
8.3 7.875 0.00590413
8.3 10.125 0.00928283
8.3 12.375 0.0115773
8.3 14.625 0.00608821
8.3 16.875 0.00607944
8.3 19.125 0.00526777
8.3 21.375 0.00564383
8.3 23.625 0.00473099
8.3 25.875 0.00510966
8.3 28.125 0.00553657
8.3 30.375 0.00672834
8.3 32.625 0.00465926
8.3 34.875 0.00500452
8.3 37.125 0.00498083
8.3 39.375 0.0063674
8.3 41.625 0.00656478
8.3 43.875 0.00511185
8.5 1.125 0.00524671
8.5 3.375 0.00547324
8.5 5.625 0.00558641
8.5 7.875 0.00472512
8.5 10.125 0.00575548
8.5 12.375 0.0052086
8.5 14.625 0.00542062
8.5 16.875 0.00566594
8.5 19.125 0.00585841
8.5 21.375 0.0049452
8.5 23.625 0.00576906
8.5 25.875 0.00602551
8.5 28.125 0.00434338
8.5 30.375 0.00504099
8.5 32.625 0.00556984
8.5 34.875 0.00461965
8.5 37.125 0.00527033
8.5 39.375 0.00535783
8.5 41.625 0.00458789
8.5 43.875 0.00481821
8.7 1.125 0.00733977
8.7 3.375 0.00488987
8.7 5.625 0.00503558
8.7 7.875 0.00687953
8.7 10.125 0.00477055
8.7 12.375 0.00467158
8.7 14.625 0.00444455
8.7 16.875 0.00473832
8.7 19.125 0.00619498
8.7 21.375 0.00525571
8.7 23.625 0.00622678
8.7 25.875 0.00596061
8.7 28.125 0.00562857
8.7 30.375 0.00494698
8.7 32.625 0.00525575
8.7 34.875 0.00504866
8.7 37.125 0.00506457
8.7 39.375 0.00573069
8.7 41.625 0.00499901
8.7 43.875 0.00709028
8.9 1.125 0.00550403
8.9 3.375 0.00462896
8.9 5.625 0.00517857
8.9 7.875 0.00683491
8.9 10.125 0.0051356
8.9 12.375 0.00486473
8.9 14.625 0.0284269
8.9 16.875 0.00602907
8.9 19.125 0.00516374
8.9 21.375 0.00511538
8.9 23.625 0.0052065
8.9 25.875 0.0047284
8.9 28.125 0.00648489
8.9 30.375 0.00498604
8.9 32.625 0.00516537
8.9 34.875 0.00617631
8.9 37.125 0.00545591
8.9 39.375 0.00666528
8.9 41.625 0.00412292
8.9 43.875 0.00785985
9.1 1.125 0.00562961
9.1 3.375 0.00451335
9.1 5.625 0.00582307
9.1 7.875 0.00522599
9.1 10.125 0.00446201
9.1 12.375 0.00471698
9.1 14.625 0.00466093
9.1 16.875 0.00515232
9.1 19.125 0.00459473
9.1 21.375 0.00606998
9.1 23.625 0.00451718
9.1 25.875 0.00613009
9.1 28.125 0.00453767
9.1 30.375 0.00479328
9.1 32.625 0.00520332
9.1 34.875 0.00548855
9.1 37.125 0.00564342
9.1 39.375 0.006572
9.1 41.625 0.00656981
9.1 43.875 0.00564793
9.3 1.125 0.00531691
9.3 3.375 0.00418122
9.3 5.625 0.00523866
9.3 7.875 0.00571742
9.3 10.125 0.00406477
9.3 12.375 0.00515917
9.3 14.625 0.00509318
9.3 16.875 0.00453737
9.3 19.125 0.00372813
9.3 21.375 0.00496513
9.3 23.625 0.00683641
9.3 25.875 0.135746
9.3 28.125 0.00453561
9.3 30.375 0.00479028
9.3 32.625 0.00455905
9.3 34.875 0.00393281
9.3 37.125 0.00463768
9.3 39.375 0.00519561
9.3 41.625 0.0049046
9.3 43.875 0.00538896
9.5 1.125 0.0042501
9.5 3.375 0.00500422
9.5 5.625 0.00464494
9.5 7.875 0.00458676
9.5 10.125 0.0049199
9.5 12.375 0.00650429
9.5 14.625 0.00449045
9.5 16.875 0.00424651
9.5 19.125 0.00553267
9.5 21.375 0.00480107
9.5 23.625 0.00513454
9.5 25.875 0.00859816
9.5 28.125 0.00550203
9.5 30.375 0.011186
9.5 32.625 0.00562956
9.5 34.875 0.00514582
9.5 37.125 0.00412338
9.5 39.375 0.00503416
9.5 41.625 0.00497193
9.5 43.875 0.00549801
9.7 1.125 0.00518557
9.7 3.375 0.0044524
9.7 5.625 0.00428238
9.7 7.875 0.00594013
9.7 10.125 0.0053867
9.7 12.375 0.00515577
9.7 14.625 0.00442935
9.7 16.875 0.00439596
9.7 19.125 0.00450644
9.7 21.375 0.00613668
9.7 23.625 0.00435571
9.7 25.875 0.00601132
9.7 28.125 0.00455459
9.7 30.375 0.00534276
9.7 32.625 0.00439666
9.7 34.875 0.00461113
9.7 37.125 0.00555641
9.7 39.375 0.00409669
9.7 41.625 0.0051251
9.7 43.875 0.00419625
9.9 1.125 0.00538478
9.9 3.375 0.00450207
9.9 5.625 0.00636798
9.9 7.875 0.00451457
9.9 10.125 0.00437
9.9 12.375 0.00543644
9.9 14.625 0.005231
9.9 16.875 0.00566973
9.9 19.125 0.00479139
9.9 21.375 0.00467072
9.9 23.625 0.00551454
9.9 25.875 0.00560137
9.9 28.125 0.00598534
9.9 30.375 0.00490728
9.9 32.625 0.00451078
9.9 34.875 0.00521089
9.9 37.125 0.00787536
9.9 39.375 0.00451598
9.9 41.625 0.00588326
9.9 43.875 0.00533267
10.1 1.125 0.00536463
10.1 3.375 0.00454806
10.1 5.625 0.00516968
10.1 7.875 0.0054193
10.1 10.125 0.00409486
10.1 12.375 0.0058382
10.1 14.625 0.00413906
10.1 16.875 0.00508814
10.1 19.125 0.00524151
10.1 21.375 0.0040667
10.1 23.625 0.00616682
10.1 25.875 0.00430145
10.1 28.125 0.00540779
10.1 30.375 0.00534755
10.1 32.625 0.00563315
10.1 34.875 0.00509867
10.1 37.125 0.00474088
10.1 39.375 0.0045402
10.1 41.625 0.00540215
10.1 43.875 0.00343004
10.3 1.125 0.00415028
10.3 3.375 0.00590389
10.3 5.625 0.0041011
10.3 7.875 0.00491466
10.3 10.125 0.00826511
10.3 12.375 0.00663029
10.3 14.625 0.0043261
10.3 16.875 0.00450906
10.3 19.125 0.00522587
10.3 21.375 0.00371787
10.3 23.625 0.00523401
10.3 25.875 0.00459525
10.3 28.125 0.00593773
10.3 30.375 0.00540304
10.3 32.625 0.00604877
10.3 34.875 0.00575965
10.3 37.125 0.00578747
10.3 39.375 0.00391238
10.3 41.625 0.00427377
10.3 43.875 0.00468824
10.5 1.125 0.00392879
10.5 3.375 0.0042415
10.5 5.625 0.00394936
10.5 7.875 0.0047271
10.5 12.375 0.0032283
10.5 14.625 0.0045267
10.5 16.875 0.0070059
10.5 19.125 0.00461572
10.5 21.375 0.00549404
10.5 23.625 0.00754634
10.5 25.875 0.00624856
10.5 28.125 0.00897053
10.5 30.375 0.00424751
10.5 32.625 0.00654491
10.5 34.875 0.00507345
10.5 37.125 0.0162571
10.5 39.375 0.00669329
10.5 41.625 0.0040386
10.5 43.875 0.0046798
10.7 1.125 0.00594545
10.7 3.375 0.00354104
10.7 5.625 0.00594642
10.7 7.875 0.00553022
10.7 10.125 0.00423409
10.7 12.375 0.00931698
10.7 14.625 0.00430996
10.7 16.875 0.00630913
10.7 19.125 0.00496363
10.7 21.375 0.00625104
10.7 23.625 0.00476631
10.7 25.875 0.00485624
10.7 30.375 0.00560374
10.7 32.625 0.00425328
10.7 34.875 0.00530745
10.7 39.375 0.00547472
10.7 41.625 0.00523177
10.7 43.875 0.00645779
10.9 3.375 0.0057799
10.9 5.625 0.00431737
10.9 12.375 0.00455659
10.9 14.625 0.00428944
10.9 16.875 0.00849084
10.9 19.125 0.00384134
10.9 21.375 0.00578462
10.9 23.625 0.00519747
10.9 25.875 0.00392356
10.9 28.125 0.00519904
10.9 32.625 0.00426912
10.9 34.875 0.00434858
10.9 37.125 0.00538241
10.9 39.375 0.00637322
10.9 41.625 0.00474041
10.9 43.875 0.005235
11.1 1.125 0.00571928
11.1 3.375 0.00485257
11.1 5.625 0.00541185
11.1 7.875 0.00693783
11.1 10.125 0.0048051
11.1 12.375 0.00556693
11.1 14.625 0.00526814
11.1 16.875 0.00631646
11.1 19.125 0.00479699
11.1 21.375 0.00833251
11.1 23.625 0.00381964
11.1 25.875 0.00413643
11.1 28.125 0.00391814
11.1 30.375 0.00559835
11.1 32.625 0.00505393
11.1 34.875 0.00576223
11.1 37.125 0.00461724
11.1 39.375 0.0050224
11.1 41.625 0.00743447
11.1 43.875 0.00743877
11.3 1.125 0.00600112
11.3 7.875 0.00442924
11.3 10.125 0.00388354
11.3 14.625 0.0047049
11.3 19.125 0.00787616
11.3 21.375 0.00532924
11.3 23.625 0.00490524
11.3 25.875 0.00724902
11.3 28.125 0.00463567
11.3 30.375 0.00921404
11.3 32.625 0.00944795
11.3 34.875 0.00968383
11.3 37.125 0.00335846
11.3 41.625 0.0067733
11.3 43.875 0.00429496
11.5 5.625 0.00395668
11.5 7.875 0.00620935
11.5 12.375 0.0051409
11.5 14.625 0.00412531
11.5 16.875 0.00593814
11.5 21.375 0.00455525
11.5 23.625 0.00407764
11.5 28.125 0.00380338
11.5 34.875 0.00677945
11.5 43.875 0.00651463
11.7 1.125 0.00319456
11.7 7.875 0.00319699
11.7 10.125 0.00545951
11.7 12.375 0.00603199
11.7 14.625 0.00545885
11.7 16.875 0.0037416
11.7 19.125 0.0086459
11.7 23.625 0.0047106
11.7 25.875 0.00564284
11.7 28.125 0.00546883
11.7 30.375 0.00513828
11.7 32.625 0.00452092
11.7 39.375 0.00416512
11.7 41.625 0.00711699
11.9 1.125 0.00503371
11.9 3.375 0.0069971
11.9 5.625 0.00441994
11.9 12.375 0.00330087
11.9 16.875 0.00441761
11.9 19.125 0.00585555
11.9 21.375 0.00522258
11.9 28.125 0.00456268
11.9 30.375 0.00716818
11.9 32.625 0.00681215
11.9 34.875 0.00469716
11.9 37.125 0.00592646
11.9 41.625 0.00833828
12.1 1.125 0.00617166
12.1 5.625 0.00549171
12.1 10.125 0.0126162
12.1 16.875 0.00426426
12.1 19.125 0.00701181
12.1 21.375 0.00413918
12.1 23.625 0.00405161
12.1 28.125 0.0052769
12.1 32.625 0.00615507
12.1 41.625 0.00905305
12.1 43.875 0.00423675
12.3 3.375 0.00602596
12.3 5.625 0.00483499
12.3 12.375 0.0061352
12.3 16.875 0.00427998
12.3 23.625 0.0040656
12.3 43.875 0.0037277
12.5 3.375 0.00552822
12.5 7.875 0.00501412
12.5 12.375 0.00428403
12.5 16.875 0.00891283
12.5 19.125 0.00488132
12.5 30.375 0.00607231
12.5 32.625 0.00547041
12.5 34.875 0.0035399
12.7 1.125 0.0055625
12.7 10.125 0.0052421
12.7 12.375 0.00448568
12.7 19.125 0.0353986
12.7 23.625 0.00740472
12.7 25.875 0.00500815
12.7 37.125 0.00801287
12.7 39.375 0.00493611
13.1 21.375 0.00429102
13.1 25.875 0.00902572
13.1 30.375 0.00933386
13.5 39.375 0.0059353
13.7 39.375 0.0104231
13.9 14.625 0.00682504
13.9 32.625 0.00552749
13.9 39.375 0.00612489
