0.1 1.125 3.60265
0.1 3.375 4.57232
0.1 5.625 3.40455
0.1 7.875 1.34505
0.1 10.125 2.57661
0.1 12.375 2.82975
0.1 14.625 2.03395
0.1 16.875 1.69937
0.1 19.125 0.933661
0.1 21.375 1.7974
0.1 23.625 1.94313
0.1 25.875 2.2864
0.1 28.125 3.15442
0.1 30.375 3.19146
0.1 32.625 1.86235
0.1 37.125 4.52002
0.1 39.375 3.67431
0.1 41.625 3.89615
0.1 43.875 4.50391
0.3 1.125 3.60822
0.3 3.375 3.19747
0.3 5.625 3.57519
0.3 7.875 3.7342
0.3 10.125 3.81139
0.3 12.375 4.22275
0.3 14.625 4.50783
0.3 16.875 4.2906
0.3 19.125 4.49205
0.3 21.375 4.46747
0.3 23.625 4.50948
0.3 25.875 4.52702
0.3 28.125 4.50743
0.3 30.375 4.27325
0.3 32.625 4.48752
0.3 34.875 4.55485
0.3 37.125 4.34013
0.3 39.375 4.05233
0.3 41.625 4.05365
0.3 43.875 4.54356
0.5 1.125 3.66749
0.5 3.375 3.55397
0.5 5.625 3.89199
0.5 7.875 4.26794
0.5 10.125 4.2831
0.5 12.375 4.33676
0.5 14.625 4.25287
0.5 16.875 4.43324
0.5 19.125 4.08387
0.5 21.375 4.23897
0.5 23.625 4.17748
0.5 25.875 4.2221
0.5 28.125 4.37721
0.5 30.375 4.43155
0.5 32.625 4.23424
0.5 34.875 4.3588
0.5 37.125 4.28636
0.5 39.375 4.16642
0.5 41.625 4.21937
0.5 43.875 4.25532
0.7 1.125 3.97459
0.7 3.375 3.67258
0.7 5.625 4.1436
0.7 7.875 4.12955
0.7 10.125 4.2433
0.7 12.375 4.09394
0.7 14.625 4.23897
0.7 16.875 4.23901
0.7 19.125 4.1299
0.7 21.375 4.20078
0.7 23.625 4.18543
0.7 25.875 4.14962
0.7 28.125 4.11601
0.7 30.375 4.15785
0.7 32.625 4.27831
0.7 34.875 4.08591
0.7 37.125 4.22551
0.7 39.375 4.25216
0.7 41.625 4.23947
0.7 43.875 4.28941
0.9 1.125 3.40523
0.9 3.375 3.40071
0.9 5.625 3.70588
0.9 7.875 3.80215
0.9 10.125 3.72536
0.9 12.375 3.81975
0.9 14.625 3.74727
0.9 16.875 3.76449
0.9 19.125 3.68382
0.9 21.375 3.59746
0.9 23.625 3.8933
0.9 25.875 3.93253
0.9 28.125 3.83771
0.9 30.375 3.92671
0.9 32.625 3.84783
0.9 34.875 4.00639
0.9 37.125 3.93033
0.9 39.375 3.87785
0.9 41.625 4.00309
0.9 43.875 3.9776
1.1 1.125 2.5644
1.1 3.375 2.82875
1.1 5.625 2.94034
1.1 7.875 2.97657
1.1 10.125 2.87093
1.1 12.375 2.94888
1.1 14.625 3.081
1.1 16.875 3.20737
1.1 19.125 3.08979
1.1 21.375 3.24744
1.1 23.625 3.3516
1.1 25.875 3.37116
1.1 28.125 3.35788
1.1 30.375 3.32997
1.1 32.625 3.52434
1.1 34.875 3.60748
1.1 37.125 3.61166
1.1 39.375 3.6075
1.1 41.625 3.66647
1.1 43.875 3.58625
1.3 1.125 1.76918
1.3 3.375 1.93829
1.3 5.625 1.83861
1.3 7.875 1.90217
1.3 10.125 1.8822
1.3 12.375 2.02965
1.3 14.625 1.95983
1.3 16.875 2.12904
1.3 19.125 2.06627
1.3 21.375 2.29146
1.3 23.625 2.30537
1.3 25.875 2.36151
1.3 28.125 2.52772
1.3 30.375 2.53584
1.3 32.625 2.73683
1.3 34.875 2.79223
1.3 37.125 2.8811
1.3 39.375 3.00387
1.3 41.625 3.12452
1.3 43.875 2.8723
1.5 1.125 0.877399
1.5 3.375 0.992295
1.5 5.625 0.974363
1.5 7.875 1.07162
1.5 10.125 1.03368
1.5 12.375 1.02132
1.5 14.625 1.14736
1.5 16.875 1.14422
1.5 19.125 1.18578
1.5 21.375 1.28723
1.5 23.625 1.36609
1.5 25.875 1.40986
1.5 28.125 1.50289
1.5 30.375 1.70491
1.5 32.625 1.73534
1.5 34.875 1.85131
1.5 37.125 1.98879
1.5 39.375 2.15986
1.5 41.625 2.1458
1.5 43.875 2.12021
1.7 1.125 0.52066
1.7 3.375 0.529774
1.7 5.625 0.57309
1.7 7.875 0.574951
1.7 10.125 0.590089
1.7 12.375 0.561507
1.7 14.625 0.619344
1.7 16.875 0.618402
1.7 19.125 0.664531
1.7 21.375 0.657688
1.7 23.625 0.666159
1.7 25.875 0.738
1.7 28.125 0.766572
1.7 30.375 0.900871
1.7 32.625 0.983955
1.7 34.875 1.01412
1.7 37.125 1.10547
1.7 39.375 1.10944
1.7 41.625 1.27886
1.7 43.875 1.21957
1.9 1.125 0.289472
1.9 3.375 0.318742
1.9 5.625 0.324995
1.9 7.875 0.339788
1.9 10.125 0.352862
1.9 12.375 0.366146
1.9 14.625 0.374308
1.9 16.875 0.370498
1.9 19.125 0.3839
1.9 21.375 0.379846
1.9 23.625 0.404737
1.9 25.875 0.413657
1.9 28.125 0.46098
1.9 30.375 0.457633
1.9 32.625 0.508333
1.9 34.875 0.570662
1.9 37.125 0.629737
1.9 39.375 0.639566
1.9 41.625 0.725241
1.9 43.875 0.730587
2.1 1.125 0.191619
2.1 3.375 0.215634
2.1 5.625 0.217948
2.1 7.875 0.221603
2.1 10.125 0.231325
2.1 12.375 0.232306
2.1 14.625 0.240099
2.1 16.875 0.255785
2.1 19.125 0.256865
2.1 21.375 0.243508
2.1 23.625 0.263959
2.1 25.875 0.272776
2.1 28.125 0.289787
2.1 30.375 0.310198
2.1 32.625 0.344369
2.1 34.875 0.348479
2.1 37.125 0.354955
2.1 39.375 0.362703
2.1 41.625 0.40993
2.1 43.875 0.405916
2.3 1.125 0.140481
2.3 3.375 0.157635
2.3 5.625 0.154363
2.3 7.875 0.161272
2.3 10.125 0.160424
2.3 12.375 0.161185
2.3 14.625 0.15605
2.3 16.875 0.168217
2.3 19.125 0.167992
2.3 21.375 0.175155
2.3 23.625 0.174031
2.3 25.875 0.181783
2.3 28.125 0.196504
2.3 30.375 0.20338
2.3 32.625 0.215519
2.3 34.875 0.230213
2.3 37.125 0.228134
2.3 39.375 0.242351
2.3 41.625 0.250352
2.3 43.875 0.244275
2.5 1.125 0.0901598
2.5 3.375 0.131082
2.5 5.625 0.113772
2.5 7.875 0.136433
2.5 10.125 0.116683
2.5 12.375 0.117918
2.5 14.625 0.118426
2.5 16.875 0.116141
2.5 19.125 0.111233
2.5 21.375 0.145991
2.5 23.625 0.12723
2.5 25.875 0.132144
2.5 28.125 0.148703
2.5 30.375 0.146861
2.5 32.625 0.159312
2.5 34.875 0.156934
2.5 37.125 0.16037
2.5 39.375 0.166284
2.5 41.625 0.167569
2.5 43.875 0.158262
2.7 1.125 0.0918923
2.7 3.375 0.0953132
2.7 5.625 0.0901405
2.7 7.875 0.091411
2.7 10.125 0.089406
2.7 12.375 0.0882063
2.7 14.625 0.0904296
2.7 16.875 0.0849607
2.7 19.125 0.0906431
2.7 21.375 0.0910499
2.7 23.625 0.0999535
2.7 25.875 0.0993755
2.7 28.125 0.104337
2.7 30.375 0.112625
2.7 32.625 0.113098
2.7 34.875 0.113126
2.7 37.125 0.109832
2.7 39.375 0.11058
2.7 41.625 0.107414
2.7 43.875 0.111069
2.9 1.125 0.0697541
2.9 3.375 0.0729371
2.9 5.625 0.0736536
2.9 7.875 0.0692802
2.9 10.125 0.0715765
2.9 12.375 0.0708301
2.9 14.625 0.0712046
2.9 16.875 0.0821692
2.9 19.125 0.0700135
2.9 21.375 0.0781065
2.9 23.625 0.0764971
2.9 25.875 0.0830044
2.9 28.125 0.0826697
2.9 30.375 0.082436
2.9 32.625 0.0799908
2.9 34.875 0.0805306
2.9 37.125 0.0823622
2.9 39.375 0.0805786
2.9 41.625 0.0795619
2.9 43.875 0.0787855
3.1 1.125 0.0543142
3.1 3.375 0.057867
3.1 5.625 0.0554627
3.1 7.875 0.0565961
3.1 10.125 0.055612
3.1 12.375 0.0577043
3.1 14.625 0.0562295
3.1 16.875 0.0594175
3.1 19.125 0.0603486
3.1 21.375 0.0611772
3.1 23.625 0.0659741
3.1 25.875 0.066639
3.1 28.125 0.0675274
3.1 30.375 0.0669051
3.1 32.625 0.0663296
3.1 34.875 0.0647547
3.1 37.125 0.0653607
3.1 39.375 0.0615881
3.1 41.625 0.0629475
3.1 43.875 0.0629619
3.3 1.125 0.0459095
3.3 3.375 0.0480163
3.3 5.625 0.0448762
3.3 7.875 0.0482349
3.3 10.125 0.0454269
3.3 12.375 0.0468556
3.3 14.625 0.0467461
3.3 16.875 0.0450323
3.3 19.125 0.0495778
3.3 21.375 0.0470031
3.3 23.625 0.050098
3.3 25.875 0.0531886
3.3 28.125 0.0570077
3.3 30.375 0.0549121
3.3 32.625 0.0519408
3.3 34.875 0.0532028
3.3 37.125 0.0538625
3.3 39.375 0.0518289
3.3 41.625 0.0516482
3.3 43.875 0.0568039
3.5 1.125 0.0369007
3.5 3.375 0.0383305
3.5 5.625 0.0370292
3.5 7.875 0.0380661
3.5 10.125 0.0360042
3.5 12.375 0.0377278
3.5 14.625 0.0371884
3.5 16.875 0.0356177
3.5 19.125 0.0396072
3.5 21.375 0.04029
3.5 23.625 0.0414938
3.5 25.875 0.0425867
3.5 28.125 0.0424381
3.5 30.375 0.045506
3.5 32.625 0.044694
3.5 34.875 0.0438373
3.5 37.125 0.0434097
3.5 39.375 0.0441348
3.5 41.625 0.0465402
3.5 43.875 0.042632
3.7 1.125 0.0330347
3.7 3.375 0.0311084
3.7 5.625 0.032097
3.7 7.875 0.0319044
3.7 10.125 0.0295635
3.7 12.375 0.0316314
3.7 14.625 0.0305573
3.7 16.875 0.0311192
3.7 19.125 0.033541
3.7 21.375 0.0301321
3.7 23.625 0.0338892
3.7 25.875 0.0350218
3.7 28.125 0.035678
3.7 30.375 0.0378161
3.7 32.625 0.0358125
3.7 34.875 0.036227
3.7 37.125 0.0359866
3.7 39.375 0.0364212
3.7 41.625 0.035945
3.7 43.875 0.039305
3.9 1.125 0.0281769
3.9 3.375 0.0283033
3.9 5.625 0.0284844
3.9 7.875 0.0287529
3.9 10.125 0.0289455
3.9 12.375 0.0279483
3.9 14.625 0.0277478
3.9 16.875 0.0280644
3.9 19.125 0.0281247
3.9 21.375 0.0298487
3.9 23.625 0.0306039
3.9 25.875 0.0294699
3.9 28.125 0.0305828
3.9 30.375 0.031378
3.9 32.625 0.0282234
3.9 34.875 0.0310306
3.9 37.125 0.0297159
3.9 39.375 0.029834
3.9 41.625 0.0297855
3.9 43.875 0.0320598
4.1 1.125 0.0229621
4.1 3.375 0.0325761
4.1 5.625 0.0238397
4.1 7.875 0.0237778
4.1 10.125 0.0236699
4.1 12.375 0.0237999
4.1 14.625 0.0237641
4.1 16.875 0.0237086
4.1 19.125 0.0267257
4.1 21.375 0.0270911
4.1 23.625 0.0254739
4.1 25.875 0.024841
4.1 28.125 0.0251017
4.1 30.375 0.0256982
4.1 32.625 0.02398
4.1 34.875 0.024413
4.1 37.125 0.0239957
4.1 39.375 0.0247014
4.1 41.625 0.0241811
4.1 43.875 0.026027
4.3 1.125 0.0215208
4.3 3.375 0.019032
4.3 5.625 0.0202702
4.3 7.875 0.0199652
4.3 10.125 0.0190301
4.3 12.375 0.020051
4.3 14.625 0.020683
4.3 16.875 0.0218661
4.3 19.125 0.0223367
4.3 21.375 0.0210051
4.3 23.625 0.0221761
4.3 25.875 0.0217041
4.3 28.125 0.0225158
4.3 30.375 0.0206358
4.3 32.625 0.0206453
4.3 34.875 0.020775
4.3 37.125 0.0208228
4.3 39.375 0.0220773
4.3 41.625 0.0229018
4.3 43.875 0.0223941
4.5 1.125 0.0167747
4.5 3.375 0.017063
4.5 5.625 0.0156425
4.5 7.875 0.0170554
4.5 10.125 0.01711
4.5 12.375 0.0171126
4.5 14.625 0.0181887
4.5 16.875 0.0188804
4.5 19.125 0.0193122
4.5 21.375 0.0185004
4.5 23.625 0.0182851
4.5 25.875 0.0193258
4.5 28.125 0.0191605
4.5 30.375 0.0194298
4.5 32.625 0.0177278
4.5 34.875 0.0184979
4.5 37.125 0.0179318
4.5 39.375 0.0191107
4.5 41.625 0.0174586
4.5 43.875 0.017688
4.7 1.125 0.0211125
4.7 3.375 0.0136762
4.7 5.625 0.0137453
4.7 7.875 0.0143244
4.7 10.125 0.0145861
4.7 12.375 0.0150205
4.7 14.625 0.0147318
4.7 16.875 0.0169728
4.7 19.125 0.0166115
4.7 21.375 0.0172744
4.7 23.625 0.015548
4.7 25.875 0.016164
4.7 28.125 0.0157552
4.7 30.375 0.0151283
4.7 32.625 0.0161203
4.7 34.875 0.0169098
4.7 37.125 0.0159104
4.7 39.375 0.0148573
4.7 41.625 0.01463
4.7 43.875 0.01535
4.9 1.125 0.0129412
4.9 3.375 0.0118351
4.9 5.625 0.0145647
4.9 7.875 0.0117521
4.9 10.125 0.0128267
4.9 12.375 0.016087
4.9 14.625 0.0178149
4.9 16.875 0.0135257
4.9 19.125 0.0139382
4.9 21.375 0.0133822
4.9 23.625 0.0131585
4.9 25.875 0.0137448
4.9 28.125 0.014789
4.9 30.375 0.0128951
4.9 32.625 0.0155588
4.9 34.875 0.0144113
4.9 37.125 0.0139736
4.9 39.375 0.021172
4.9 41.625 0.0129874
4.9 43.875 0.0169673
5.1 1.125 0.0110454
5.1 3.375 0.0110609
5.1 5.625 0.0109971
5.1 7.875 0.0106201
5.1 10.125 0.0101902
5.1 12.375 0.0115366
5.1 14.625 0.0112312
5.1 16.875 0.0114616
5.1 19.125 0.0116719
5.1 21.375 0.0110655
5.1 23.625 0.0121087
5.1 25.875 0.0201531
5.1 28.125 0.0114861
5.1 30.375 0.0151101
5.1 32.625 0.0122505
5.1 34.875 0.0121882
5.1 37.125 0.0124946
5.1 39.375 0.0110745
5.1 41.625 0.0108731
5.1 43.875 0.0107275
5.3 1.125 0.00887708
5.3 3.375 0.00945761
5.3 5.625 0.00945621
5.3 7.875 0.00973038
5.3 10.125 0.0180275
5.3 12.375 0.014828
5.3 14.625 0.0131972
5.3 16.875 0.0105331
5.3 19.125 0.0105017
5.3 21.375 0.00984819
5.3 23.625 0.0118611
5.3 25.875 0.0105977
5.3 28.125 0.0127299
5.3 30.375 0.0106485
5.3 32.625 0.0108736
5.3 34.875 0.0103182
5.3 37.125 0.0102759
5.3 39.375 0.00997509
5.3 41.625 0.00991372
5.3 43.875 0.00976983
5.5 1.125 0.00852724
5.5 3.375 0.00834143
5.5 5.625 0.00744651
5.5 7.875 0.00848392
5.5 10.125 0.00855854
5.5 12.375 0.0087026
5.5 14.625 0.0100616
5.5 16.875 0.00938446
5.5 19.125 0.00959942
5.5 21.375 0.00904334
5.5 23.625 0.00980437
5.5 25.875 0.00943247
5.5 28.125 0.00951928
5.5 30.375 0.00933648
5.5 32.625 0.00928354
5.5 34.875 0.00913289
5.5 37.125 0.0189591
5.5 39.375 0.00895413
5.5 41.625 0.00933733
5.5 43.875 0.00922968
5.7 1.125 0.00749069
5.7 3.375 0.0077674
5.7 5.625 0.007198
5.7 7.875 0.00750313
5.7 10.125 0.00703772
5.7 12.375 0.015064
5.7 14.625 0.0149094
5.7 16.875 0.0078369
5.7 19.125 0.00822516
5.7 21.375 0.00800552
5.7 23.625 0.00816216
5.7 25.875 0.00807526
5.7 28.125 0.00864649
5.7 30.375 0.00859169
5.7 32.625 0.00773101
5.7 34.875 0.00810123
5.7 37.125 0.0075778
5.7 39.375 0.0079686
5.7 41.625 0.00846292
5.7 43.875 0.00864232
5.9 1.125 0.00645387
5.9 3.375 0.00638411
5.9 5.625 0.00609005
5.9 7.875 0.0064646
5.9 10.125 0.00642178
5.9 12.375 0.00678575
5.9 14.625 0.00697802
5.9 16.875 0.00723465
5.9 19.125 0.00714193
5.9 21.375 0.00686662
5.9 23.625 0.00702556
5.9 25.875 0.00722121
5.9 28.125 0.00728707
5.9 30.375 0.00890991
5.9 32.625 0.0070356
5.9 34.875 0.00749006
5.9 37.125 0.00671561
5.9 39.375 0.00779156
5.9 41.625 0.00711065
5.9 43.875 0.00748927
6.1 1.125 0.00649088
6.1 3.375 0.0058542
6.1 5.625 0.00630796
6.1 7.875 0.00620327
6.1 10.125 0.0066729
6.1 12.375 0.00665522
6.1 14.625 0.00617364
6.1 16.875 0.00644757
6.1 19.125 0.00618208
6.1 21.375 0.00666761
6.1 23.625 0.00603233
6.1 25.875 0.00657793
6.1 28.125 0.00653585
6.1 30.375 0.0067573
6.1 32.625 0.00628654
6.1 34.875 0.00639945
6.1 37.125 0.00663022
6.1 39.375 0.00644377
6.1 41.625 0.00668236
6.1 43.875 0.00663269
6.3 1.125 0.00600761
6.3 3.375 0.00522198
6.3 5.625 0.00518912
6.3 7.875 0.0135714
6.3 10.125 0.0125208
6.3 12.375 0.00760559
6.3 14.625 0.0090557
6.3 16.875 0.00596405
6.3 19.125 0.00620061
6.3 21.375 0.00603528
6.3 23.625 0.00564072
6.3 25.875 0.00617983
6.3 28.125 0.00608102
6.3 30.375 0.00617843
6.3 32.625 0.00625666
6.3 34.875 0.00578953
6.3 37.125 0.00585794
6.3 39.375 0.00617338
6.3 41.625 0.00595892
6.3 43.875 0.00600467
6.5 1.125 0.00551774
6.5 3.375 0.00565909
6.5 5.625 0.00508512
6.5 7.875 0.00515526
6.5 10.125 0.00490022
6.5 12.375 0.00569545
6.5 14.625 0.00536912
6.5 16.875 0.00588944
6.5 19.125 0.00534355
6.5 21.375 0.00546225
6.5 23.625 0.00513591
6.5 25.875 0.0057113
6.5 28.125 0.00537571
6.5 30.375 0.00555122
6.5 32.625 0.00545498
6.5 34.875 0.00541683
6.5 37.125 0.00520696
6.5 39.375 0.00570817
6.5 41.625 0.0126391
6.5 43.875 0.0108821
6.7 1.125 0.0189072
6.7 3.375 0.00480459
6.7 5.625 0.00471202
6.7 7.875 0.00552664
6.7 10.125 0.00478653
6.7 12.375 0.0145568
6.7 14.625 0.00478094
6.7 16.875 0.00566858
6.7 19.125 0.00520193
6.7 21.375 0.00560374
6.7 23.625 0.00500406
6.7 25.875 0.00482707
6.7 28.125 0.00488026
6.7 30.375 0.00480802
6.7 32.625 0.00485308
6.7 34.875 0.00570462
6.7 37.125 0.00507987
6.7 39.375 0.00528307
6.7 41.625 0.00540394
6.7 43.875 0.00502356
6.9 1.125 0.00454487
6.9 3.375 0.00425378
6.9 5.625 0.0114765
6.9 7.875 0.00552775
6.9 10.125 0.00498592
6.9 12.375 0.00465156
6.9 14.625 0.00468517
6.9 16.875 0.00460831
6.9 19.125 0.00460345
6.9 21.375 0.00512834
6.9 23.625 0.00482318
6.9 25.875 0.0071306
6.9 28.125 0.00422163
6.9 30.375 0.0106913
6.9 32.625 0.00453255
6.9 34.875 0.00486898
6.9 37.125 0.00492617
6.9 39.375 0.00484542
6.9 41.625 0.00444172
6.9 43.875 0.00478363
7.1 1.125 0.00407163
7.1 3.375 0.00388481
7.1 5.625 0.00403707
7.1 7.875 0.00424203
7.1 10.125 0.00436951
7.1 12.375 0.00463473
7.1 14.625 0.00442026
7.1 16.875 0.00432928
7.1 19.125 0.00598888
7.1 21.375 0.0109592
7.1 23.625 0.00500097
7.1 25.875 0.00440471
7.1 28.125 0.00402424
7.1 30.375 0.00459315
7.1 32.625 0.00412779
7.1 34.875 0.00423913
7.1 37.125 0.00449688
7.1 39.375 0.00418515
7.1 41.625 0.00452322
7.1 43.875 0.0151097
7.3 1.125 0.00399869
7.3 3.375 0.00555342
7.3 5.625 0.00420888
7.3 7.875 0.00427139
7.3 10.125 0.00510876
7.3 12.375 0.00372896
7.3 14.625 0.00410089
7.3 16.875 0.00442982
7.3 19.125 0.00437735
7.3 21.375 0.00429424
7.3 23.625 0.00407737
7.3 25.875 0.00439676
7.3 28.125 0.00377061
7.3 30.375 0.00431829
7.3 32.625 0.00406275
7.3 34.875 0.00425215
7.3 37.125 0.00410116
7.3 39.375 0.00404917
7.3 41.625 0.00435508
7.3 43.875 0.00402456
7.5 1.125 0.00401863
7.5 3.375 0.00420321
7.5 5.625 0.00344712
7.5 7.875 0.00334067
7.5 10.125 0.00412582
7.5 12.375 0.00379919
7.5 14.625 0.00920452
7.5 16.875 0.00387634
7.5 19.125 0.00366726
7.5 21.375 0.00385901
7.5 23.625 0.00460472
7.5 25.875 0.00463364
7.5 28.125 0.00375326
7.5 30.375 0.00400165
7.5 32.625 0.00477992
7.5 34.875 0.00387835
7.5 37.125 0.00358846
7.5 39.375 0.0037955
7.5 41.625 0.00375999
7.5 43.875 0.00384011
7.7 1.125 0.00343086
7.7 3.375 0.00356823
7.7 5.625 0.0033282
7.7 7.875 0.0046233
7.7 10.125 0.0122895
7.7 12.375 0.00358618
7.7 14.625 0.00387562
7.7 16.875 0.00400243
7.7 19.125 0.00359044
7.7 21.375 0.00440265
7.7 23.625 0.00377141
7.7 25.875 0.00352532
7.7 28.125 0.00381464
7.7 30.375 0.00400005
7.7 32.625 0.00400255
7.7 34.875 0.00380281
7.7 37.125 0.00398731
7.7 39.375 0.00381128
7.7 41.625 0.00354073
7.7 43.875 0.00350078
7.9 1.125 0.00322021
7.9 3.375 0.00298429
7.9 5.625 0.00389854
7.9 7.875 0.00344373
7.9 10.125 0.00330053
7.9 12.375 0.00366578
7.9 14.625 0.0110945
7.9 16.875 0.00361578
7.9 19.125 0.00359185
7.9 21.375 0.0137648
7.9 23.625 0.00354308
7.9 25.875 0.00362396
7.9 28.125 0.0117086
7.9 30.375 0.00349239
7.9 32.625 0.00371456
7.9 34.875 0.00363255
7.9 37.125 0.00393978
7.9 39.375 0.0136172
7.9 41.625 0.00325603
7.9 43.875 0.00349758
8.1 1.125 0.0030099
8.1 3.375 0.00313834
8.1 5.625 0.00326141
8.1 7.875 0.0129106
8.1 10.125 0.0173703
8.1 12.375 0.00335612
8.1 14.625 0.00342177
8.1 16.875 0.0135068
8.1 19.125 0.00347271
8.1 21.375 0.0111003
8.1 23.625 0.00338803
8.1 25.875 0.00348528
8.1 28.125 0.00364949
8.1 30.375 0.00328552
8.1 32.625 0.00328227
8.1 34.875 0.00338666
8.1 37.125 0.00330524
8.1 39.375 0.00311961
8.1 41.625 0.00334425
8.1 43.875 0.00353564
8.3 1.125 0.00296865
8.3 3.375 0.00311379
8.3 5.625 0.00285727
8.3 7.875 0.00317282
8.3 10.125 0.00294088
8.3 12.375 0.00316877
8.3 14.625 0.00334494
8.3 16.875 0.00311347
8.3 19.125 0.00332071
8.3 21.375 0.00331172
8.3 23.625 0.00341763
8.3 25.875 0.00300778
8.3 28.125 0.00309712
8.3 30.375 0.00361818
8.3 32.625 0.00370981
8.3 34.875 0.00694627
8.3 37.125 0.00459736
8.3 39.375 0.00322541
8.3 41.625 0.00341763
8.3 43.875 0.00293669
8.5 1.125 0.00281313
8.5 3.375 0.00314481
8.5 5.625 0.00306521
8.5 7.875 0.00340376
8.5 10.125 0.0155881
8.5 12.375 0.0030832
8.5 14.625 0.00306693
8.5 16.875 0.00355977
8.5 19.125 0.00294953
8.5 21.375 0.00479463
8.5 23.625 0.00318494
8.5 25.875 0.00327839
8.5 28.125 0.00304763
8.5 30.375 0.00315563
8.5 32.625 0.00343782
8.5 34.875 0.00328306
8.5 37.125 0.00648302
8.5 39.375 0.00297592
8.5 41.625 0.00296745
8.5 43.875 0.00301825
8.7 1.125 0.00311264
8.7 3.375 0.00291294
8.7 5.625 0.0033615
8.7 7.875 0.00625345
8.7 10.125 0.00711767
8.7 12.375 0.00293555
8.7 14.625 0.00304002
8.7 16.875 0.00301226
8.7 19.125 0.00294876
8.7 21.375 0.00317832
8.7 23.625 0.00333019
8.7 25.875 0.00628801
8.7 28.125 0.00288846
8.7 30.375 0.014601
8.7 32.625 0.00307767
8.7 34.875 0.00330696
8.7 37.125 0.00277955
8.7 39.375 0.00323135
8.7 41.625 0.00267345
8.7 43.875 0.00335131
8.9 1.125 0.00312293
8.9 3.375 0.00787325
8.9 5.625 0.00276649
8.9 7.875 0.00300649
8.9 10.125 0.00427252
8.9 12.375 0.00289102
8.9 14.625 0.00305036
8.9 16.875 0.00325811
8.9 19.125 0.00297264
8.9 21.375 0.00293889
8.9 23.625 0.00292447
8.9 25.875 0.00622773
8.9 28.125 0.0028275
8.9 30.375 0.00267658
8.9 32.625 0.00435386
8.9 34.875 0.00554434
8.9 37.125 0.0138731
8.9 39.375 0.00307293
8.9 41.625 0.00290727
8.9 43.875 0.00310275
9.1 1.125 0.0100928
9.1 3.375 0.00290609
9.1 5.625 0.00359362
9.1 7.875 0.00311406
9.1 10.125 0.00376125
9.1 12.375 0.00278501
9.1 14.625 0.00363989
9.1 16.875 0.00319374
9.1 19.125 0.00294931
9.1 21.375 0.00299573
9.1 23.625 0.00276366
9.1 25.875 0.00293165
9.1 28.125 0.00272227
9.1 30.375 0.00320297
9.1 32.625 0.00569226
9.1 34.875 0.00305608
9.1 37.125 0.0039008
9.1 39.375 0.00300277
9.1 41.625 0.00292076
9.1 43.875 0.00289087
9.3 1.125 0.00270314
9.3 3.375 0.00309184
9.3 5.625 0.00275494
9.3 7.875 0.00363834
9.3 10.125 0.00288175
9.3 12.375 0.0225518
9.3 14.625 0.00346338
9.3 16.875 0.00290707
9.3 19.125 0.0107509
9.3 21.375 0.00304502
9.3 23.625 0.00305911
9.3 25.875 0.00342798
9.3 28.125 0.00260189
9.3 30.375 0.00304932
9.3 32.625 0.00307244
9.3 34.875 0.00288709
9.3 37.125 0.00300487
9.3 39.375 0.00295489
9.3 41.625 0.0027983
9.3 43.875 0.0028408
9.5 1.125 0.00268262
9.5 3.375 0.00359555
9.5 5.625 0.00333421
9.5 7.875 0.00281283
9.5 10.125 0.0028022
9.5 12.375 0.00293306
9.5 14.625 0.00867422
9.5 16.875 0.00296177
9.5 19.125 0.00260626
9.5 21.375 0.00275567
9.5 23.625 0.00332596
9.5 25.875 0.00317288
9.5 28.125 0.0026989
9.5 30.375 0.00367262
9.5 32.625 0.00357704
9.5 34.875 0.00242677
9.5 37.125 0.00273248
9.5 39.375 0.00256776
9.5 41.625 0.00311759
9.5 43.875 0.00305607
9.7 1.125 0.0026869
9.7 3.375 0.00290763
9.7 5.625 0.00269331
9.7 7.875 0.0110681
9.7 10.125 0.00258485
9.7 12.375 0.0027462
9.7 14.625 0.00267706
9.7 16.875 0.00268006
9.7 19.125 0.0175084
9.7 21.375 0.00280852
9.7 23.625 0.0181535
9.7 25.875 0.0100936
9.7 28.125 0.0027127
9.7 30.375 0.00291697
9.7 32.625 0.00259276
9.7 34.875 0.0108172
9.7 37.125 0.0200031
9.7 39.375 0.0177551
9.7 41.625 0.00246083
9.7 43.875 0.00286497
9.9 1.125 0.0152956
9.9 3.375 0.00283384
9.9 5.625 0.00267407
9.9 7.875 0.00240084
9.9 10.125 0.00272414
9.9 12.375 0.00289615
9.9 14.625 0.00294801
9.9 16.875 0.00265603
9.9 19.125 0.00268969
9.9 21.375 0.00433699
9.9 23.625 0.00311366
9.9 25.875 0.00389867
9.9 28.125 0.0201981
9.9 30.375 0.0035354
9.9 32.625 0.00264768
9.9 34.875 0.00913432
9.9 37.125 0.00812422
9.9 39.375 0.00314431
9.9 41.625 0.00274158
9.9 43.875 0.00327304
10.1 1.125 0.00338485
10.1 3.375 0.00231606
10.1 5.625 0.00256958
10.1 7.875 0.00252586
10.1 10.125 0.00352134
10.1 12.375 0.00244231
10.1 14.625 0.00600107
10.1 16.875 0.00295078
10.1 19.125 0.00349644
10.1 21.375 0.00274319
10.1 23.625 0.00241578
10.1 25.875 0.00327898
10.1 28.125 0.0174012
10.1 30.375 0.00254839
10.1 32.625 0.00337341
10.1 34.875 0.00244007
10.1 37.125 0.00296369
10.1 39.375 0.00279036
10.1 41.625 0.00248725
10.1 43.875 0.00920259
10.3 1.125 0.00259407
10.3 3.375 0.0152363
10.3 5.625 0.00442278
10.3 7.875 0.0025366
10.3 10.125 0.00625542
10.3 12.375 0.00250543
10.3 14.625 0.00392993
10.3 16.875 0.029034
10.3 19.125 0.00235453
10.3 21.375 0.00272263
10.3 23.625 0.00277276
10.3 25.875 0.00240249
10.3 28.125 0.0156797
10.3 30.375 0.00240931
10.3 32.625 0.00255129
10.3 34.875 0.00278243
10.3 37.125 0.00220261
10.3 39.375 0.00296055
10.3 41.625 0.00227126
10.3 43.875 0.00266428
10.5 1.125 0.00316613
10.5 3.375 0.00284256
10.5 5.625 0.00346347
10.5 7.875 0.00337869
10.5 10.125 0.0337252
10.5 12.375 0.0041798
10.5 14.625 0.00254289
10.5 16.875 0.0157651
10.5 19.125 0.00251274
10.5 21.375 0.0026811
10.5 23.625 0.00246995
10.5 25.875 0.00242707
10.5 28.125 0.00274691
10.5 30.375 0.002588
10.5 32.625 0.00238095
10.5 34.875 0.00276669
10.5 37.125 0.0026131
10.5 39.375 0.00212824
10.5 41.625 0.0202579
10.5 43.875 0.0227417
10.7 1.125 0.00240573
10.7 3.375 0.00317115
10.7 5.625 0.00279117
10.7 7.875 0.00262595
10.7 10.125 0.00317913
10.7 12.375 0.00252446
10.7 14.625 0.00256156
10.7 16.875 0.00243743
10.7 19.125 0.00383134
10.7 21.375 0.00361238
10.7 23.625 0.00265978
10.7 25.875 0.00269304
10.7 28.125 0.00226414
10.7 30.375 0.00233446
10.7 32.625 0.00257257
10.7 34.875 0.00261227
10.7 37.125 0.00293515
10.7 39.375 0.00295611
10.7 41.625 0.00248984
10.7 43.875 0.0203228
10.9 1.125 0.00272419
10.9 3.375 0.00238645
10.9 5.625 0.0024941
10.9 7.875 0.00400183
10.9 10.125 0.00247944
10.9 12.375 0.00263951
10.9 14.625 0.00285544
10.9 16.875 0.00256227
10.9 19.125 0.00245849
10.9 21.375 0.00233639
10.9 23.625 0.0036617
10.9 25.875 0.00291544
10.9 28.125 0.0037955
10.9 30.375 0.0024687
10.9 32.625 0.00255186
10.9 34.875 0.00456417
10.9 37.125 0.00260667
10.9 39.375 0.00233234
10.9 41.625 0.00676391
10.9 43.875 0.00341316
11.1 1.125 0.00216506
11.1 3.375 0.00308226
11.1 5.625 0.00743387
11.1 7.875 0.0372458
11.1 10.125 0.0187974
11.1 12.375 0.00286515
11.1 14.625 0.0083829
11.1 16.875 0.00288268
11.1 19.125 0.00259342
11.1 21.375 0.00385006
11.1 23.625 0.0200823
11.1 25.875 0.00268729
11.1 28.125 0.00432349
11.1 30.375 0.00621685
11.1 32.625 0.0028086
11.1 34.875 0.00621161
11.1 37.125 0.0203733
11.1 39.375 0.00294529
11.1 41.625 0.00273346
11.1 43.875 0.0172213
11.3 1.125 0.00923745
11.3 3.375 0.00270218
11.3 5.625 0.0144014
11.3 7.875 0.00223798
11.3 10.125 0.0025576
11.3 12.375 0.00246031
11.3 14.625 0.00462322
11.3 16.875 0.00242849
11.3 19.125 0.00477656
11.3 21.375 0.0276109
11.3 23.625 0.00283813
11.3 25.875 0.022923
11.3 28.125 0.00323141
11.3 30.375 0.0035243
11.3 32.625 0.00262522
11.3 34.875 0.00260844
11.3 37.125 0.00273193
11.3 39.375 0.00296069
11.3 41.625 0.00358917
11.3 43.875 0.0025965
11.5 1.125 0.00264902
11.5 3.375 0.00211564
11.5 5.625 0.00233254
11.5 7.875 0.00994034
11.5 10.125 0.00899145
11.5 12.375 0.0542203
11.5 14.625 0.00347583
11.5 16.875 0.00299452
11.5 19.125 0.0102778
11.5 21.375 0.0341132
11.5 23.625 0.00262619
11.5 25.875 0.00506726
11.5 28.125 0.00300446
11.5 30.375 0.00373147
11.5 32.625 0.00294572
11.5 34.875 0.00289221
11.5 37.125 0.00235325
11.5 39.375 0.00463341
11.5 41.625 0.00290851
11.5 43.875 0.00375196
11.7 1.125 0.00441513
11.7 3.375 0.00460845
11.7 5.625 0.00882541
11.7 7.875 0.0178153
11.7 10.125 0.00578933
11.7 12.375 0.0029567
11.7 14.625 0.00233402
11.7 16.875 0.00248826
11.7 19.125 0.00823364
11.7 21.375 0.00243459
11.7 23.625 0.00257694
11.7 25.875 0.0026263
11.7 28.125 0.00194161
11.7 30.375 0.00934446
11.7 32.625 0.0220681
11.7 34.875 0.00226617
11.7 37.125 0.00249702
11.7 39.375 0.00220292
11.7 41.625 0.00245146
11.7 43.875 0.0028059
11.9 1.125 0.00223745
11.9 3.375 0.00275861
11.9 5.625 0.00243648
11.9 7.875 0.00248155
11.9 10.125 0.00257919
11.9 12.375 0.00867732
11.9 14.625 0.00253395
11.9 16.875 0.00307496
11.9 19.125 0.021361
11.9 21.375 0.00362002
11.9 23.625 0.0277701
11.9 25.875 0.00251422
11.9 28.125 0.0237522
11.9 30.375 0.00235266
11.9 32.625 0.0361412
11.9 34.875 0.0440526
11.9 37.125 0.00264596
11.9 39.375 0.00248901
11.9 41.625 0.00205555
11.9 43.875 0.00212334
12.1 1.125 0.0382859
12.1 3.375 0.0145283
12.1 5.625 0.0596539
12.1 7.875 0.0022109
12.1 10.125 0.00209514
12.1 12.375 0.0211941
12.1 14.625 0.00220957
12.1 16.875 0.0311307
12.1 19.125 0.0152584
12.1 21.375 0.00659882
12.1 23.625 0.00222621
12.1 25.875 0.00823444
12.1 28.125 0.00304455
12.1 30.375 0.0029517
12.1 32.625 0.00402523
12.1 34.875 0.00265179
12.1 37.125 0.00316222
12.1 39.375 0.00267642
12.1 41.625 0.00212515
12.1 43.875 0.00237107
12.3 1.125 0.101302
12.3 3.375 0.00360627
12.3 5.625 0.0328306
12.3 7.875 0.00213624
12.3 10.125 0.00304882
12.3 12.375 0.0046167
12.3 14.625 0.034052
12.3 16.875 0.00226052
12.3 19.125 0.00214431
12.3 21.375 0.00290354
12.3 23.625 0.0152924
12.3 25.875 0.0448042
12.3 28.125 0.0373168
12.3 30.375 0.00293957
12.3 32.625 0.00233936
12.3 34.875 0.00238194
12.3 37.125 0.0035334
12.3 39.375 0.0117593
12.3 41.625 0.00348875
12.3 43.875 0.00340561
12.5 1.125 0.00285815
12.5 3.375 0.00210626
12.5 5.625 0.00273095
12.5 7.875 0.055151
12.5 10.125 0.00422186
12.5 12.375 0.0524487
12.5 14.625 0.0032941
12.5 16.875 0.0290446
12.5 19.125 0.0180477
12.5 21.375 0.00536387
12.5 23.625 0.00235165
12.5 25.875 0.0022829
12.5 28.125 0.00338081
12.5 30.375 0.00376968
12.5 32.625 0.00272326
12.5 34.875 0.0450159
12.5 37.125 0.0405362
12.5 39.375 0.00269288
12.5 41.625 0.00270599
12.5 43.875 0.0139028
12.7 1.125 0.0294952
12.7 3.375 0.00737899
12.7 5.625 0.00218148
12.7 7.875 0.00784741
12.7 10.125 0.00615881
12.7 12.375 0.0240678
12.7 14.625 0.0179348
12.7 16.875 0.00461124
12.7 19.125 0.00240153
12.7 21.375 0.0129116
12.7 23.625 0.00304113
12.7 25.875 0.00247772
12.7 28.125 0.00425489
12.7 30.375 0.002976
12.7 32.625 0.00273574
12.7 34.875 0.0785187
12.7 37.125 0.0117757
12.7 39.375 0.00380141
12.7 41.625 0.00382219
12.7 43.875 0.00302344
12.9 1.125 0.043794
12.9 3.375 0.00328106
12.9 5.625 0.00295101
12.9 7.875 0.00430588
12.9 10.125 0.00688747
12.9 12.375 0.00288398
12.9 14.625 0.0107418
12.9 16.875 0.0391688
12.9 19.125 0.00229703
12.9 21.375 0.00404878
12.9 23.625 0.00217456
12.9 25.875 0.00253343
12.9 28.125 0.0368964
12.9 30.375 0.0503101
12.9 32.625 0.00263266
12.9 34.875 0.0430886
12.9 37.125 0.00224569
12.9 39.375 0.00290427
12.9 41.625 0.0407118
12.9 43.875 0.00218133
13.1 1.125 0.00329078
13.1 3.375 0.00252074
13.1 5.625 0.00256374
13.1 7.875 0.00264446
13.1 10.125 0.00457709
13.1 12.375 0.00210826
13.1 14.625 0.00295488
13.1 16.875 0.00235556
13.1 19.125 0.00262148
13.1 21.375 0.00241296
13.1 23.625 0.00225091
13.1 25.875 0.00756219
13.1 28.125 0.00287924
13.1 30.375 0.0523553
13.1 32.625 0.00259694
13.1 34.875 0.0028306
13.1 37.125 0.0024012
13.1 39.375 0.0036299
13.1 41.625 0.0178149
13.1 43.875 0.00251481
13.3 1.125 0.00208362
13.3 3.375 0.0443791
13.3 5.625 0.00234384
13.3 7.875 0.00232034
13.3 10.125 0.00220267
13.3 12.375 0.00410919
13.3 14.625 0.00244639
13.3 16.875 0.0507588
13.3 19.125 0.00245785
13.3 21.375 0.0456158
13.3 23.625 0.00360032
13.3 25.875 0.041071
13.3 28.125 0.00225167
13.3 30.375 0.00266332
13.3 32.625 0.00331528
13.3 34.875 0.0418218
13.3 37.125 0.00428228
13.3 39.375 0.00248941
13.3 41.625 0.00865396
13.3 43.875 0.0375477
13.5 1.125 0.00252784
13.5 3.375 0.018713
13.5 5.625 0.0986997
13.5 7.875 0.013704
13.5 10.125 0.00255382
13.5 12.375 0.00231163
13.5 14.625 0.0369894
13.5 16.875 0.00200123
13.5 19.125 0.0561795
13.5 21.375 0.0138746
13.5 23.625 0.00343036
13.5 25.875 0.0039486
13.5 28.125 0.0502545
13.5 30.375 0.00314497
13.5 32.625 0.00364068
13.5 34.875 0.0636661
13.5 37.125 0.00435863
13.5 39.375 0.00223287
13.5 41.625 0.0569779
13.5 43.875 0.00328164
13.7 1.125 0.00337115
13.7 3.375 0.00256723
13.7 5.625 0.00735468
13.7 7.875 0.0491259
13.7 10.125 0.00190524
13.7 12.375 0.0039645
13.7 14.625 0.00421584
13.7 16.875 0.0026567
13.7 19.125 0.0029171
13.7 21.375 0.00260941
13.7 23.625 0.00370077
13.7 25.875 0.0478307
13.7 28.125 0.00233849
13.7 30.375 0.00662356
13.7 32.625 0.00182884
13.7 34.875 0.00424138
13.7 37.125 0.00201987
13.7 39.375 0.00214884
13.7 41.625 0.0024283
13.7 43.875 0.00631183
13.9 1.125 0.00230882
13.9 3.375 0.00270404
13.9 5.625 0.0317218
13.9 7.875 0.00211301
13.9 10.125 0.00646036
13.9 12.375 0.00279571
13.9 14.625 0.00576448
13.9 16.875 0.032863
13.9 19.125 0.00223892
13.9 21.375 0.00326473
13.9 23.625 0.0025043
13.9 25.875 0.0375666
13.9 28.125 0.00614953
13.9 30.375 0.00258218
13.9 32.625 0.00424027
13.9 34.875 0.00264698
13.9 37.125 0.0230478
13.9 39.375 0.00251439
13.9 41.625 0.00204914
13.9 43.875 0.0023082
