0.1 5.625 2.87304
0.1 25.875 2.88059
0.1 39.375 2.31848
0.1 43.875 2.8874
0.3 1.125 2.9157
0.3 3.375 2.82137
0.3 5.625 2.72176
0.3 7.875 2.85534
0.3 10.125 2.80187
0.3 12.375 2.88115
0.3 14.625 2.89692
0.3 16.875 2.84795
0.3 19.125 2.91676
0.3 21.375 2.8419
0.3 23.625 2.76623
0.3 25.875 2.84367
0.3 28.125 2.84578
0.3 30.375 2.82751
0.3 32.625 2.84587
0.3 34.875 2.87279
0.3 37.125 2.86193
0.3 39.375 2.82075
0.3 41.625 2.85933
0.3 43.875 2.88269
0.5 1.125 2.81036
0.5 3.375 2.80373
0.5 5.625 2.71922
0.5 7.875 2.77313
0.5 10.125 2.78253
0.5 12.375 2.78978
0.5 14.625 2.78713
0.5 16.875 2.79955
0.5 19.125 2.77226
0.5 21.375 2.80606
0.5 23.625 2.76731
0.5 25.875 2.80206
0.5 28.125 2.78362
0.5 30.375 2.76695
0.5 32.625 2.80928
0.5 34.875 2.77281
0.5 37.125 2.78324
0.5 39.375 2.78597
0.5 41.625 2.7939
0.5 43.875 2.79472
0.7 1.125 2.63484
0.7 3.375 2.67656
0.7 5.625 2.62638
0.7 7.875 2.60973
0.7 10.125 2.67015
0.7 12.375 2.6416
0.7 14.625 2.64079
0.7 16.875 2.62706
0.7 19.125 2.64629
0.7 21.375 2.63311
0.7 23.625 2.65828
0.7 25.875 2.56104
0.7 28.125 2.65596
0.7 30.375 2.68259
0.7 32.625 2.53692
0.7 34.875 2.60933
0.7 37.125 2.69751
0.7 39.375 2.69238
0.7 41.625 2.58281
0.7 43.875 2.597
0.9 1.125 2.30506
0.9 3.375 2.40268
0.9 5.625 2.33627
0.9 7.875 2.27809
0.9 10.125 2.33856
0.9 12.375 2.2858
0.9 14.625 2.38934
0.9 16.875 2.37928
0.9 19.125 2.42009
0.9 21.375 2.41455
0.9 23.625 2.41511
0.9 25.875 2.39918
0.9 28.125 2.34049
0.9 30.375 2.42043
0.9 32.625 2.52327
0.9 34.875 2.51375
0.9 37.125 2.51134
0.9 39.375 2.50054
0.9 41.625 2.57575
0.9 43.875 2.55136
1.1 1.125 1.68221
1.1 3.375 1.58604
1.1 5.625 1.81361
1.1 7.875 1.72821
1.1 10.125 1.79788
1.1 12.375 1.76487
1.1 14.625 1.82548
1.1 16.875 1.93358
1.1 19.125 1.93874
1.1 21.375 2.01115
1.1 23.625 2.02036
1.1 25.875 1.97787
1.1 28.125 2.16033
1.1 30.375 2.06858
1.1 32.625 2.27325
1.1 34.875 2.21968
1.1 37.125 2.28715
1.1 39.375 2.24188
1.1 41.625 2.23972
1.1 43.875 2.30123
1.3 1.125 0.870902
1.3 3.375 0.913642
1.3 5.625 0.954871
1.3 7.875 1.12939
1.3 10.125 0.90669
1.3 12.375 0.991944
1.3 14.625 1.10987
1.3 16.875 1.12995
1.3 19.125 1.13861
1.3 21.375 1.15641
1.3 23.625 1.22072
1.3 25.875 1.31034
1.3 28.125 1.44032
1.3 30.375 1.45569
1.3 32.625 1.52287
1.3 34.875 1.74611
1.3 37.125 1.73616
1.3 39.375 1.81263
1.3 41.625 1.89416
1.3 43.875 1.86916
1.5 1.125 0.517657
1.5 3.375 0.577096
1.5 5.625 0.567476
1.5 7.875 0.540759
1.5 10.125 0.596911
1.5 12.375 0.550138
1.5 14.625 0.602399
1.5 16.875 0.606801
1.5 19.125 0.634117
1.5 21.375 0.599922
1.5 23.625 0.64573
1.5 25.875 0.717543
1.5 28.125 0.758059
1.5 30.375 0.766598
1.5 32.625 0.898476
1.5 34.875 0.852816
1.5 37.125 1.08555
1.5 39.375 0.98715
1.5 41.625 1.15891
1.5 43.875 1.20475
1.7 1.125 0.292726
1.7 3.375 0.289476
1.7 5.625 0.305449
1.7 7.875 0.321274
1.7 10.125 0.318711
1.7 12.375 0.337418
1.7 14.625 0.369747
1.7 16.875 0.333791
1.7 19.125 0.320227
1.7 21.375 0.317174
1.7 23.625 0.368407
1.7 25.875 0.347029
1.7 28.125 0.392231
1.7 30.375 0.409849
1.7 32.625 0.441937
1.7 34.875 0.502956
1.7 37.125 0.507676
1.7 39.375 0.611046
1.7 41.625 0.585616
1.7 43.875 0.580946
1.9 1.125 0.183619
1.9 3.375 0.183259
1.9 5.625 0.179209
1.9 7.875 0.186656
1.9 10.125 0.189471
1.9 12.375 0.188724
1.9 14.625 0.201514
1.9 16.875 0.203959
1.9 19.125 0.204715
1.9 21.375 0.194132
1.9 23.625 0.212491
1.9 25.875 0.225317
1.9 28.125 0.215256
1.9 30.375 0.24084
1.9 32.625 0.259863
1.9 34.875 0.272257
1.9 37.125 0.312133
1.9 39.375 0.286005
1.9 41.625 0.337619
1.9 43.875 0.342941
2.1 1.125 0.120022
2.1 3.375 0.127453
2.1 5.625 0.124788
2.1 7.875 0.127421
2.1 10.125 0.131342
2.1 12.375 0.126254
2.1 14.625 0.135836
2.1 16.875 0.134502
2.1 19.125 0.138157
2.1 21.375 0.135847
2.1 23.625 0.142387
2.1 25.875 0.145558
2.1 28.125 0.152977
2.1 30.375 0.159826
2.1 32.625 0.167655
2.1 34.875 0.180494
2.1 37.125 0.191899
2.1 39.375 0.196497
2.1 41.625 0.196182
2.1 43.875 0.206573
2.3 1.125 0.0894458
2.3 3.375 0.0953598
2.3 5.625 0.0873637
2.3 7.875 0.0856382
2.3 10.125 0.0896762
2.3 12.375 0.0910491
2.3 14.625 0.101077
2.3 16.875 0.0854012
2.3 19.125 0.0924436
2.3 21.375 0.094823
2.3 23.625 0.0968642
2.3 25.875 0.098961
2.3 28.125 0.10173
2.3 30.375 0.110292
2.3 32.625 0.114673
2.3 34.875 0.121909
2.3 37.125 0.125532
2.3 39.375 0.129355
2.3 41.625 0.137321
2.3 43.875 0.131744
2.5 1.125 0.0684544
2.5 3.375 0.0585784
2.5 5.625 0.0675528
2.5 7.875 0.0646129
2.5 10.125 0.0620563
2.5 12.375 0.0653041
2.5 14.625 0.0648081
2.5 16.875 0.0643057
2.5 19.125 0.0629536
2.5 21.375 0.0635869
2.5 23.625 0.0692459
2.5 25.875 0.0720596
2.5 28.125 0.0748597
2.5 30.375 0.0793632
2.5 32.625 0.0822576
2.5 34.875 0.0887076
2.5 37.125 0.0846177
2.5 39.375 0.085387
2.5 41.625 0.0845526
2.5 43.875 0.088392
2.7 1.125 0.0508573
2.7 3.375 0.0482686
2.7 5.625 0.0503534
2.7 7.875 0.0499316
2.7 10.125 0.0468641
2.7 12.375 0.0484863
2.7 14.625 0.0495284
2.7 16.875 0.04722
2.7 19.125 0.0521521
2.7 21.375 0.0479349
2.7 23.625 0.0471762
2.7 25.875 0.0563716
2.7 28.125 0.0512576
2.7 30.375 0.0568069
2.7 32.625 0.0602419
2.7 34.875 0.0621967
2.7 37.125 0.0604729
2.7 39.375 0.0608929
2.7 41.625 0.0591184
2.7 43.875 0.0560418
2.9 1.125 0.038489
2.9 3.375 0.0398792
2.9 5.625 0.0392421
2.9 7.875 0.0380255
2.9 10.125 0.0388785
2.9 12.375 0.0411693
2.9 14.625 0.0415093
2.9 16.875 0.0354397
2.9 19.125 0.0391002
2.9 21.375 0.0413447
2.9 23.625 0.0391229
2.9 25.875 0.0408938
2.9 28.125 0.0425659
2.9 30.375 0.042827
2.9 32.625 0.0443749
2.9 34.875 0.0458674
2.9 37.125 0.0436488
2.9 39.375 0.0456791
2.9 41.625 0.0433778
2.9 43.875 0.0431457
3.1 1.125 0.029002
3.1 3.375 0.0315047
3.1 5.625 0.0302309
3.1 7.875 0.0273005
3.1 10.125 0.0319515
3.1 12.375 0.0307306
3.1 14.625 0.0328624
3.1 16.875 0.0326032
3.1 19.125 0.0327125
3.1 21.375 0.0295431
3.1 23.625 0.0358004
3.1 25.875 0.0357993
3.1 28.125 0.034483
3.1 30.375 0.0358919
3.1 32.625 0.0376437
3.1 34.875 0.03488
3.1 37.125 0.0348524
3.1 39.375 0.0353162
3.1 41.625 0.0371201
3.1 43.875 0.0392103
3.3 1.125 0.0270245
3.3 3.375 0.0272825
3.3 5.625 0.0246177
3.3 7.875 0.0244722
3.3 10.125 0.0257091
3.3 12.375 0.0249839
3.3 14.625 0.0258705
3.3 16.875 0.0279931
3.3 19.125 0.0259062
3.3 21.375 0.0273367
3.3 23.625 0.0283128
3.3 25.875 0.0274201
3.3 28.125 0.029409
3.3 30.375 0.0303884
3.3 32.625 0.0288483
3.3 34.875 0.0297786
3.3 37.125 0.0300294
3.3 39.375 0.0284839
3.3 41.625 0.0311902
3.3 43.875 0.0314042
3.5 1.125 0.0205338
3.5 3.375 0.0210569
3.5 5.625 0.0243682
3.5 7.875 0.0217366
3.5 10.125 0.0196842
3.5 12.375 0.0227801
3.5 14.625 0.0179627
3.5 16.875 0.0203502
3.5 19.125 0.0200609
3.5 21.375 0.023648
3.5 23.625 0.0257993
3.5 25.875 0.0235043
3.5 28.125 0.0238816
3.5 30.375 0.0231105
3.5 32.625 0.0255003
3.5 34.875 0.0254961
3.5 37.125 0.0256551
3.5 39.375 0.0247981
3.5 41.625 0.0232587
3.5 43.875 0.0243608
3.7 1.125 0.0194687
3.7 3.375 0.019724
3.7 5.625 0.0179902
3.7 7.875 0.0175623
3.7 10.125 0.0197419
3.7 12.375 0.0184134
3.7 14.625 0.0183515
3.7 16.875 0.0181044
3.7 19.125 0.0195552
3.7 21.375 0.0180133
3.7 23.625 0.0185918
3.7 25.875 0.0199443
3.7 28.125 0.0194138
3.7 30.375 0.0198761
3.7 32.625 0.0212282
3.7 34.875 0.0203038
3.7 37.125 0.0224973
3.7 39.375 0.0212817
3.7 41.625 0.0210872
3.7 43.875 0.0203695
3.9 1.125 0.0163406
3.9 3.375 0.016994
3.9 5.625 0.0175069
3.9 7.875 0.0155136
3.9 10.125 0.0168629
3.9 12.375 0.0168962
3.9 14.625 0.0158837
3.9 16.875 0.0157832
3.9 19.125 0.0158667
3.9 21.375 0.019674
3.9 23.625 0.0181278
3.9 25.875 0.0167569
3.9 28.125 0.0171584
3.9 30.375 0.0181624
3.9 32.625 0.015872
3.9 34.875 0.0174926
3.9 37.125 0.0173679
3.9 39.375 0.0174502
3.9 41.625 0.0189497
3.9 43.875 0.0181143
4.1 1.125 0.0157043
4.1 3.375 0.0139871
4.1 5.625 0.0149916
4.1 7.875 0.0152169
4.1 10.125 0.0157565
4.1 12.375 0.0136198
4.1 14.625 0.0150012
4.1 16.875 0.0142432
4.1 19.125 0.0160163
4.1 21.375 0.0164778
4.1 23.625 0.0172039
4.1 25.875 0.0158483
4.1 28.125 0.0156486
4.1 30.375 0.0162207
4.1 32.625 0.015825
4.1 34.875 0.0144731
4.1 37.125 0.013848
4.1 39.375 0.0145596
4.1 41.625 0.0160866
4.1 43.875 0.0169662
4.3 1.125 0.0132746
4.3 3.375 0.0135794
4.3 5.625 0.0124516
4.3 7.875 0.0126312
4.3 10.125 0.0125155
4.3 12.375 0.0129258
4.3 14.625 0.0125633
4.3 16.875 0.0122367
4.3 19.125 0.0137665
4.3 21.375 0.0144571
4.3 23.625 0.0154905
4.3 25.875 0.0146654
4.3 28.125 0.0139538
4.3 30.375 0.0126902
4.3 32.625 0.0126319
4.3 34.875 0.0125561
4.3 37.125 0.0119928
4.3 39.375 0.0124495
4.3 41.625 0.0138453
4.3 43.875 0.0132335
4.5 1.125 0.011206
4.5 3.375 0.0112731
4.5 5.625 0.0106836
4.5 7.875 0.0122881
4.5 10.125 0.0112113
4.5 12.375 0.0118399
4.5 14.625 0.0115769
4.5 16.875 0.0122335
4.5 19.125 0.0111636
4.5 21.375 0.0120801
4.5 23.625 0.0118267
4.5 25.875 0.0118511
4.5 28.125 0.0122038
4.5 30.375 0.0114818
4.5 32.625 0.0111427
4.5 34.875 0.0111865
4.5 37.125 0.0117893
4.5 39.375 0.0124309
4.5 41.625 0.0101914
4.5 43.875 0.0104849
4.7 1.125 0.0108651
4.7 3.375 0.0111966
4.7 5.625 0.0102741
4.7 7.875 0.010004
4.7 10.125 0.00979559
4.7 12.375 0.0105279
4.7 14.625 0.0100454
4.7 16.875 0.0105026
4.7 19.125 0.0118373
4.7 21.375 0.0105946
4.7 23.625 0.0101677
4.7 25.875 0.0113899
4.7 28.125 0.0119961
4.7 30.375 0.0104454
4.7 32.625 0.0109195
4.7 34.875 0.0107847
4.7 37.125 0.0101469
4.7 39.375 0.0107774
4.7 41.625 0.0104617
4.7 43.875 0.00911844
4.9 1.125 0.0110227
4.9 3.375 0.00863799
4.9 5.625 0.00972221
4.9 7.875 0.00881571
4.9 10.125 0.00885187
4.9 12.375 0.00901801
4.9 14.625 0.0108046
4.9 16.875 0.00993677
4.9 19.125 0.00909334
4.9 21.375 0.0101987
4.9 23.625 0.00954123
4.9 25.875 0.00918576
4.9 28.125 0.0101342
4.9 30.375 0.00942566
4.9 32.625 0.00961488
4.9 34.875 0.0106433
4.9 37.125 0.00919649
4.9 39.375 0.00944916
4.9 41.625 0.00991897
4.9 43.875 0.00809896
5.1 1.125 0.00836792
5.1 3.375 0.00861826
5.1 5.625 0.0099206
5.1 7.875 0.00853461
5.1 10.125 0.00998898
5.1 12.375 0.00987662
5.1 14.625 0.00947078
5.1 16.875 0.00987401
5.1 19.125 0.00964966
5.1 21.375 0.00932762
5.1 23.625 0.00896041
5.1 25.875 0.0105459
5.1 28.125 0.00876748
5.1 30.375 0.00953632
5.1 32.625 0.00801835
5.1 34.875 0.00988517
5.1 37.125 0.00940981
5.1 39.375 0.00918842
5.1 41.625 0.00776951
5.1 43.875 0.00776009
5.3 1.125 0.00773646
5.3 3.375 0.00988704
5.3 5.625 0.00877805
5.3 7.875 0.00794266
5.3 10.125 0.00827893
5.3 12.375 0.00860109
5.3 14.625 0.00836422
5.3 16.875 0.00871666
5.3 19.125 0.00908782
5.3 21.375 0.00818446
5.3 23.625 0.00898456
5.3 25.875 0.00873538
5.3 28.125 0.00924959
5.3 30.375 0.00790995
5.3 32.625 0.00811702
5.3 34.875 0.00837552
5.3 37.125 0.00693906
5.3 39.375 0.00710051
5.3 41.625 0.00763581
5.3 43.875 0.00814811
5.5 1.125 0.00720812
5.5 3.375 0.00733724
5.5 5.625 0.00762332
5.5 7.875 0.00770174
5.5 10.125 0.00802206
5.5 12.375 0.00756161
5.5 14.625 0.00820236
5.5 16.875 0.00878462
5.5 19.125 0.00842847
5.5 21.375 0.00774013
5.5 23.625 0.00792793
5.5 25.875 0.00745575
5.5 28.125 0.00783989
5.5 30.375 0.00869892
5.5 32.625 0.00803502
5.5 34.875 0.00803249
5.5 37.125 0.00624206
5.5 39.375 0.00829528
5.5 41.625 0.0074821
5.5 43.875 0.00844172
5.7 1.125 0.00762404
5.7 3.375 0.00653205
5.7 5.625 0.00680715
5.7 7.875 0.00634914
5.7 10.125 0.00792343
5.7 12.375 0.00801413
5.7 14.625 0.00770305
5.7 16.875 0.00817214
5.7 19.125 0.00859639
5.7 21.375 0.00793989
5.7 23.625 0.00739371
5.7 25.875 0.00803898
5.7 28.125 0.00821196
5.7 30.375 0.0074685
5.7 32.625 0.00671418
5.7 34.875 0.00821085
5.7 37.125 0.00795951
5.7 39.375 0.00680777
5.7 41.625 0.00670696
5.7 43.875 0.00870408
5.9 1.125 0.00592236
5.9 3.375 0.00705895
5.9 5.625 0.00663598
5.9 7.875 0.00682324
5.9 10.125 0.00812879
5.9 12.375 0.00684004
5.9 14.625 0.00758746
5.9 16.875 0.00687344
5.9 19.125 0.00825765
5.9 21.375 0.00761146
5.9 23.625 0.00826908
5.9 25.875 0.00769364
5.9 28.125 0.00818133
5.9 30.375 0.00757222
5.9 32.625 0.00701568
5.9 34.875 0.00693604
5.9 37.125 0.00556663
5.9 39.375 0.00742798
5.9 41.625 0.00762334
5.9 43.875 0.00716557
6.1 1.125 0.00722659
6.1 3.375 0.00621866
6.1 5.625 0.00715707
6.1 7.875 0.00667168
6.1 10.125 0.00634609
6.1 12.375 0.00575186
6.1 14.625 0.00603678
6.1 16.875 0.00657881
6.1 19.125 0.00704672
6.1 21.375 0.00612594
6.1 23.625 0.0072678
6.1 25.875 0.0075103
6.1 28.125 0.00652196
6.1 30.375 0.00612646
6.1 32.625 0.00681068
6.1 34.875 0.00720784
6.1 37.125 0.00560884
6.1 39.375 0.00649011
6.1 41.625 0.00701571
6.1 43.875 0.00715285
6.3 1.125 0.00576723
6.3 3.375 0.00593006
6.3 5.625 0.00614173
6.3 7.875 0.00654134
6.3 10.125 0.00672742
6.3 12.375 0.0056465
6.3 14.625 0.00603425
6.3 16.875 0.00629256
6.3 19.125 0.00812495
6.3 21.375 0.00693346
6.3 23.625 0.00618043
6.3 25.875 0.00744454
6.3 28.125 0.00713266
6.3 30.375 0.00660185
6.3 32.625 0.00608182
6.3 34.875 0.00744363
6.3 37.125 0.00665118
6.3 39.375 0.00607408
6.3 41.625 0.00594292
6.3 43.875 0.00618041
6.5 1.125 0.00687877
6.5 3.375 0.00654801
6.5 5.625 0.00636877
6.5 7.875 0.00581636
6.5 10.125 0.00523001
6.5 12.375 0.00785148
6.5 14.625 0.00715306
6.5 16.875 0.00728333
6.5 19.125 0.0062336
6.5 21.375 0.00691497
6.5 23.625 0.00674126
6.5 25.875 0.00836665
6.5 28.125 0.00643192
6.5 30.375 0.00697222
6.5 32.625 0.00683115
6.5 34.875 0.00626022
6.5 37.125 0.00640662
6.5 39.375 0.00509098
6.5 41.625 0.00539586
6.5 43.875 0.00597318
6.7 1.125 0.00664454
6.7 3.375 0.00695761
6.7 5.625 0.00653258
6.7 7.875 0.00609613
6.7 10.125 0.0048905
6.7 12.375 0.00622568
6.7 14.625 0.00588798
6.7 16.875 0.00644582
6.7 19.125 0.00720268
6.7 21.375 0.00560067
6.7 23.625 0.00523034
6.7 25.875 0.00671992
6.7 28.125 0.00544758
6.7 30.375 0.00678351
6.7 32.625 0.00637681
6.7 34.875 0.00663087
6.7 37.125 0.0054817
6.7 39.375 0.00605092
6.7 41.625 0.00746739
6.7 43.875 0.0059572
6.9 1.125 0.00596239
6.9 3.375 0.00720481
6.9 5.625 0.00590659
6.9 7.875 0.00601083
6.9 10.125 0.00588155
6.9 12.375 0.00622756
6.9 14.625 0.0069219
6.9 16.875 0.00665064
6.9 19.125 0.00643678
6.9 21.375 0.0065936
6.9 23.625 0.0064977
6.9 25.875 0.00641845
6.9 28.125 0.00698203
6.9 30.375 0.00653089
6.9 32.625 0.0055698
6.9 34.875 0.00584441
6.9 37.125 0.00833918
6.9 39.375 0.0059867
6.9 41.625 0.00588765
6.9 43.875 0.00527046
7.1 1.125 0.00607544
7.1 3.375 0.00610312
7.1 5.625 0.00703478
7.1 7.875 0.00578667
7.1 10.125 0.00532584
7.1 12.375 0.00569848
7.1 14.625 0.00673681
7.1 16.875 0.00627207
7.1 19.125 0.00605963
7.1 21.375 0.0055974
7.1 23.625 0.00520385
7.1 25.875 0.00568976
7.1 28.125 0.00570893
7.1 30.375 0.00488091
7.1 32.625 0.00573407
7.1 34.875 0.00498236
7.1 37.125 0.00608039
7.1 39.375 0.00621913
7.1 41.625 0.00725553
7.1 43.875 0.00624614
7.3 1.125 0.00588405
7.3 3.375 0.0061788
7.3 5.625 0.00575135
7.3 7.875 0.00671463
7.3 10.125 0.00461911
7.3 12.375 0.00548004
7.3 14.625 0.00583924
7.3 16.875 0.00549374
7.3 19.125 0.00540026
7.3 21.375 0.0069579
7.3 23.625 0.00490542
7.3 25.875 0.00575727
7.3 28.125 0.00566227
7.3 30.375 0.0057787
7.3 32.625 0.00689214
7.3 34.875 0.00544887
7.3 37.125 0.00590389
7.3 39.375 0.00522004
7.3 41.625 0.00811578
7.3 43.875 0.00556093
7.5 1.125 0.00455154
7.5 3.375 0.00483655
7.5 5.625 0.00596201
7.5 7.875 0.00486853
7.5 10.125 0.00530394
7.5 12.375 0.00543687
7.5 14.625 0.0056168
7.5 16.875 0.00597794
7.5 19.125 0.00577821
7.5 21.375 0.00542277
7.5 23.625 0.00447811
7.5 25.875 0.00532283
7.5 28.125 0.00605791
7.5 30.375 0.00534817
7.5 32.625 0.00572003
7.5 34.875 0.00527021
7.5 37.125 0.00507966
7.5 39.375 0.00562265
7.5 41.625 0.00704306
7.5 43.875 0.0071285
7.7 1.125 0.00566517
7.7 3.375 0.00534598
7.7 5.625 0.00522604
7.7 7.875 0.00481935
7.7 10.125 0.00498007
7.7 12.375 0.00536324
7.7 14.625 0.00534031
7.7 16.875 0.00555087
7.7 19.125 0.00581922
7.7 21.375 0.00651412
7.7 23.625 0.00610819
7.7 25.875 0.00543933
7.7 28.125 0.00541646
7.7 30.375 0.00535784
7.7 32.625 0.00658116
7.7 34.875 0.00531606
7.7 37.125 0.00560157
7.7 39.375 0.00957212
7.7 41.625 0.00556003
7.7 43.875 0.00744588
7.9 1.125 0.00623209
7.9 3.375 0.00553436
7.9 5.625 0.00515061
7.9 7.875 0.00612258
7.9 10.125 0.00451262
7.9 12.375 0.00532828
7.9 14.625 0.00527388
7.9 16.875 0.00689715
7.9 19.125 0.00564385
7.9 21.375 0.00558183
7.9 23.625 0.00517782
7.9 25.875 0.00502034
7.9 28.125 0.00556666
7.9 30.375 0.00579431
7.9 32.625 0.00556209
7.9 34.875 0.00575953
7.9 37.125 0.00674939
7.9 39.375 0.00487047
7.9 41.625 0.00638264
7.9 43.875 0.00688551
8.1 1.125 0.0061426
8.1 3.375 0.00523839
8.1 5.625 0.00543087
8.1 7.875 0.00574241
8.1 10.125 0.00553158
8.1 12.375 0.00585675
8.1 14.625 0.00526731
8.1 16.875 0.00545296
8.1 19.125 0.00411878
8.1 21.375 0.00637774
8.1 23.625 0.00504552
8.1 25.875 0.00470923
8.1 28.125 0.00589287
8.1 30.375 0.00604205
8.1 32.625 0.00482742
8.1 34.875 0.00467626
8.1 37.125 0.00455309
8.1 39.375 0.00563205
8.1 41.625 0.00614307
8.1 43.875 0.00725957
8.3 1.125 0.00589182
8.3 3.375 0.00458145
8.3 5.625 0.00567755
8.3 7.875 0.00577572
8.3 10.125 0.00677629
8.3 12.375 0.00478014
8.3 14.625 0.00555217
8.3 16.875 0.00526622
8.3 19.125 0.00443233
8.3 21.375 0.00483638
8.3 23.625 0.00485797
8.3 25.875 0.00490072
8.3 28.125 0.0051145
8.3 30.375 0.0100755
8.3 32.625 0.00491254
8.3 34.875 0.00416975
8.3 37.125 0.00739739
8.3 39.375 0.00513999
8.3 41.625 0.00607499
8.3 43.875 0.00484507
8.5 1.125 0.00507942
8.5 3.375 0.00608099
8.5 5.625 0.00542589
8.5 7.875 0.00604955
8.5 10.125 0.00643446
8.5 12.375 0.00570609
8.5 14.625 0.00481306
8.5 16.875 0.00425264
8.5 19.125 0.00478861
8.5 21.375 0.00516504
8.5 23.625 0.00537871
8.5 25.875 0.00489834
8.5 28.125 0.00649559
8.5 30.375 0.00494452
8.5 32.625 0.00540987
8.5 34.875 0.00414822
8.5 37.125 0.00479326
8.5 39.375 0.00424184
8.5 41.625 0.00431221
8.5 43.875 0.00659998
8.7 1.125 0.00730439
8.7 3.375 0.00483488
8.7 5.625 0.00685173
8.7 7.875 0.00703145
8.7 10.125 0.00591167
8.7 12.375 0.00563103
8.7 14.625 0.00489718
8.7 16.875 0.0063235
8.7 19.125 0.00476412
8.7 21.375 0.00611532
8.7 23.625 0.00629808
8.7 25.875 0.00573249
8.7 28.125 0.00505971
8.7 30.375 0.00480975
8.7 32.625 0.00589169
8.7 34.875 0.00445843
8.7 37.125 0.00414345
8.7 39.375 0.00480504
8.7 41.625 0.00570968
8.7 43.875 0.00482534
8.9 1.125 0.00570797
8.9 3.375 0.00559118
8.9 5.625 0.00530955
8.9 7.875 0.00444176
8.9 12.375 0.0048704
8.9 14.625 0.00390152
8.9 16.875 0.00566062
8.9 19.125 0.00618682
8.9 21.375 0.0044822
8.9 23.625 0.00410522
8.9 25.875 0.00618453
8.9 28.125 0.00709236
8.9 30.375 0.00470383
8.9 32.625 0.00689793
8.9 34.875 0.00594971
8.9 37.125 0.00557452
8.9 39.375 0.00558911
8.9 41.625 0.00523768
8.9 43.875 0.0056674
9.1 1.125 0.00519943
9.1 3.375 0.00556658
9.1 5.625 0.00464731
9.1 7.875 0.00433455
9.1 10.125 0.00569853
9.1 12.375 0.00481565
9.1 14.625 0.00497057
9.1 16.875 0.00531773
9.1 19.125 0.00459138
9.1 21.375 0.00497226
9.1 23.625 0.00423926
9.1 25.875 0.00459084
9.1 28.125 0.00453733
9.1 30.375 0.0054606
9.1 32.625 0.00420318
9.1 34.875 0.00417759
9.1 37.125 0.00411032
9.1 39.375 0.00417046
9.1 43.875 0.00683892
9.3 1.125 0.00471227
9.3 3.375 0.00691015
9.3 5.625 0.00640206
9.3 7.875 0.00546838
9.3 10.125 0.006259
9.3 12.375 0.00562048
9.3 14.625 0.00647947
9.3 16.875 0.00516041
9.3 19.125 0.00481383
9.3 21.375 0.00542882
9.3 23.625 0.00538281
9.3 25.875 0.0047708
9.3 28.125 0.0046706
9.3 30.375 0.00361872
9.3 32.625 0.00494084
9.3 34.875 0.00348894
9.3 37.125 0.00582334
9.3 39.375 0.00457843
9.3 41.625 0.00570915
9.3 43.875 0.00505828
9.5 1.125 0.00425038
9.5 3.375 0.00581825
9.5 5.625 0.00558016
9.5 7.875 0.00615724
9.5 10.125 0.0045707
9.5 12.375 0.00458345
9.5 14.625 0.00547803
9.5 16.875 0.00581373
9.5 19.125 0.00612539
9.5 21.375 0.00627084
9.5 23.625 0.00494486
9.5 25.875 0.00426046
9.5 28.125 0.00403268
9.5 30.375 0.00346078
9.5 32.625 0.00513802
9.5 34.875 0.00371973
9.5 37.125 0.00458417
9.5 39.375 0.00517193
9.5 41.625 0.00575701
9.5 43.875 0.00329512
9.7 1.125 0.00433481
9.7 3.375 0.00481808
9.7 5.625 0.00523193
9.7 7.875 0.00521623
9.7 10.125 0.0056275
9.7 12.375 0.00483611
9.7 14.625 0.00673806
9.7 16.875 0.00542405
9.7 19.125 0.00466917
9.7 21.375 0.0052973
9.7 23.625 0.00397936
9.7 25.875 0.0071309
9.7 28.125 0.00446353
9.7 32.625 0.0039714
9.7 34.875 0.0051529
9.7 37.125 0.00565743
9.7 39.375 0.0174364
9.7 43.875 0.00409235
9.9 1.125 0.00418643
9.9 3.375 0.00468073
9.9 5.625 0.00408619
9.9 7.875 0.0042934
9.9 10.125 0.0059562
9.9 12.375 0.00464431
9.9 14.625 0.00484179
9.9 16.875 0.00690346
9.9 21.375 0.003807
9.9 23.625 0.00388314
9.9 25.875 0.00431258
9.9 28.125 0.00451489
9.9 30.375 0.00491074
9.9 34.875 0.00450776
9.9 37.125 0.00351902
9.9 39.375 0.00423269
9.9 41.625 0.00540553
9.9 43.875 0.00367755
10.1 1.125 0.00609543
10.1 3.375 0.00428588
10.1 5.625 0.00437918
10.1 7.875 0.00365436
10.1 10.125 0.0033298
10.1 12.375 0.00536563
10.1 14.625 0.00517581
10.1 16.875 0.00406421
10.1 19.125 0.00453064
10.1 21.375 0.00576722
10.1 23.625 0.00380819
10.1 25.875 0.00589251
10.1 28.125 0.00535221
10.1 32.625 0.00516485
10.1 34.875 0.00536253
10.1 39.375 0.00432384
10.1 41.625 0.00507485
10.1 43.875 0.0044543
10.3 1.125 0.00451844
10.3 3.375 0.00551206
10.3 5.625 0.00521667
10.3 7.875 0.00404824
10.3 10.125 0.00391529
10.3 12.375 0.00485497
10.3 14.625 0.00428189
10.3 16.875 0.00518344
10.3 19.125 0.00369729
10.3 21.375 0.00764618
10.3 28.125 0.00571589
10.3 30.375 0.00520562
10.3 39.375 0.00355098
10.5 1.125 0.00591422
10.5 3.375 0.00546754
10.5 5.625 0.0050058
10.5 7.875 0.00549381
10.5 10.125 0.00549232
10.5 12.375 0.00560148
10.5 14.625 0.00669788
10.5 19.125 0.00521106
10.5 28.125 0.00458744
10.5 43.875 0.00721542
10.7 3.375 0.00408652
10.7 7.875 0.00466213
10.7 10.125 0.00567891
10.7 12.375 0.0037209
10.7 14.625 0.00413562
10.7 16.875 0.00651136
10.7 19.125 0.00359592
10.7 21.375 0.00395072
10.7 25.875 0.00303955
10.7 28.125 0.00411415
10.7 37.125 0.00475614
10.7 41.625 0.00440856
10.9 1.125 0.00445733
10.9 14.625 0.00616441
10.9 16.875 0.00388661
10.9 19.125 0.00424155
10.9 39.375 0.00470891
10.9 43.875 0.00709588
11.1 5.625 0.00416394
11.1 10.125 0.00676547
11.1 12.375 0.00633091
11.1 14.625 0.0109393
11.1 16.875 0.00349485
11.1 32.625 0.260868
11.1 41.625 0.00725751
11.3 1.125 0.0066466
11.3 5.625 0.00315312
11.3 10.125 0.00381522
11.3 12.375 0.00411389
11.3 14.625 0.0059006
11.3 19.125 0.00420411
11.3 28.125 0.00633546
11.3 41.625 0.00623065
11.5 1.125 0.00689756
11.5 3.375 0.0029865
11.5 5.625 0.00437295
11.5 10.125 0.00367912
11.5 12.375 0.00502608
11.5 14.625 0.00696844
11.5 25.875 0.00431977
11.7 5.625 0.00715336
11.7 10.125 0.00400242
11.7 12.375 0.00498949
11.7 37.125 0.00325022
11.9 3.375 0.00525167
11.9 5.625 0.00505494
11.9 7.875 0.00492911
11.9 10.125 0.00423396
11.9 28.125 0.00631481
12.1 7.875 0.00479759
12.1 25.875 0.00475784
12.5 3.375 0.00488817
12.5 14.625 0.00452724
12.5 16.875 0.00557308
12.7 25.875 0.00408502
13.1 39.375 0.00453446
13.3 5.625 0.00416202
13.3 34.875 0.00547586
