0.1 1.125 0.342705
0.1 3.375 0.338651
0.1 5.625 0.339714
0.1 7.875 0.337572
0.1 10.125 0.328202
0.1 12.375 0.341297
0.1 14.625 0.343964
0.1 16.875 0.33519
0.1 19.125 0.337522
0.1 21.375 0.331419
0.1 23.625 0.341836
0.1 25.875 0.336578
0.1 28.125 0.326749
0.1 30.375 0.320884
0.1 32.625 0.330937
0.1 34.875 0.333373
0.1 37.125 0.335436
0.1 39.375 0.337057
0.1 41.625 0.342572
0.1 43.875 0.335713
0.3 1.125 0.327095
0.3 3.375 0.331535
0.3 5.625 0.329921
0.3 7.875 0.322008
0.3 10.125 0.324545
0.3 12.375 0.310194
0.3 14.625 0.329936
0.3 16.875 0.324369
0.3 19.125 0.323751
0.3 21.375 0.32438
0.3 23.625 0.31302
0.3 25.875 0.319475
0.3 28.125 0.32013
0.3 30.375 0.324655
0.3 32.625 0.321896
0.3 34.875 0.31238
0.3 37.125 0.326848
0.3 39.375 0.312348
0.3 41.625 0.321462
0.3 43.875 0.319159
0.5 1.125 0.316732
0.5 3.375 0.302458
0.5 5.625 0.308845
0.5 7.875 0.317042
0.5 10.125 0.314391
0.5 12.375 0.313217
0.5 14.625 0.307428
0.5 16.875 0.307398
0.5 19.125 0.300857
0.5 21.375 0.312511
0.5 23.625 0.309437
0.5 25.875 0.300024
0.5 28.125 0.30637
0.5 30.375 0.306704
0.5 32.625 0.295121
0.5 34.875 0.305656
0.5 37.125 0.296557
0.5 39.375 0.30399
0.5 41.625 0.313123
0.5 43.875 0.29643
0.7 1.125 0.289352
0.7 3.375 0.294171
0.7 5.625 0.290894
0.7 7.875 0.280521
0.7 10.125 0.291068
0.7 12.375 0.295749
0.7 14.625 0.284414
0.7 16.875 0.289673
0.7 19.125 0.278279
0.7 21.375 0.279832
0.7 23.625 0.272676
0.7 25.875 0.275555
0.7 28.125 0.274974
0.7 30.375 0.281119
0.7 32.625 0.269107
0.7 34.875 0.285555
0.7 37.125 0.275263
0.7 39.375 0.278416
0.7 41.625 0.276576
0.7 43.875 0.285183
0.9 1.125 0.260485
0.9 3.375 0.254008
0.9 5.625 0.260628
0.9 7.875 0.265724
0.9 10.125 0.251667
0.9 12.375 0.257702
0.9 14.625 0.256824
0.9 16.875 0.242495
0.9 19.125 0.248568
0.9 21.375 0.264276
0.9 23.625 0.249068
0.9 25.875 0.227459
0.9 28.125 0.244982
0.9 30.375 0.240422
0.9 32.625 0.243595
0.9 34.875 0.246836
0.9 37.125 0.235219
0.9 39.375 0.224131
0.9 41.625 0.232858
0.9 43.875 0.237028
1.1 1.125 0.201369
1.1 3.375 0.203228
1.1 5.625 0.200759
1.1 7.875 0.200968
1.1 10.125 0.199743
1.1 12.375 0.199443
1.1 14.625 0.197897
1.1 16.875 0.196849
1.1 19.125 0.201891
1.1 21.375 0.198512
1.1 23.625 0.196473
1.1 25.875 0.203546
1.1 28.125 0.198916
1.1 30.375 0.191603
1.1 32.625 0.210267
1.1 34.875 0.185785
1.1 37.125 0.221974
1.1 39.375 0.23119
1.1 41.625 0.222886
1.1 43.875 0.213033
1.3 1.125 0.135751
1.3 3.375 0.135814
1.3 5.625 0.133478
1.3 7.875 0.138758
1.3 10.125 0.143242
1.3 12.375 0.151019
1.3 14.625 0.146032
1.3 16.875 0.154739
1.3 19.125 0.148815
1.3 21.375 0.145237
1.3 23.625 0.149781
1.3 25.875 0.163427
1.3 28.125 0.157481
1.3 30.375 0.163206
1.3 32.625 0.164431
1.3 34.875 0.171754
1.3 37.125 0.185841
1.3 39.375 0.17159
1.3 41.625 0.178598
1.3 43.875 0.163158
1.5 1.125 0.08193
1.5 3.375 0.0823526
1.5 5.625 0.0840962
1.5 7.875 0.090156
1.5 10.125 0.0894894
1.5 12.375 0.090895
1.5 14.625 0.0885806
1.5 16.875 0.112826
1.5 19.125 0.101257
1.5 21.375 0.104497
1.5 23.625 0.11123
1.5 25.875 0.110497
1.5 28.125 0.117197
1.5 30.375 0.107856
1.5 32.625 0.116393
1.5 34.875 0.11634
1.5 37.125 0.13246
1.5 39.375 0.14263
1.5 41.625 0.132132
1.5 43.875 0.157216
1.7 1.125 0.0508451
1.7 3.375 0.0538897
1.7 5.625 0.0522157
1.7 7.875 0.0537664
1.7 10.125 0.0541835
1.7 12.375 0.0576536
1.7 14.625 0.0587473
1.7 16.875 0.0625151
1.7 19.125 0.0651172
1.7 21.375 0.0712522
1.7 23.625 0.0682895
1.7 25.875 0.0798906
1.7 28.125 0.0661584
1.7 30.375 0.0844419
1.7 32.625 0.0787824
1.7 34.875 0.0861097
1.7 37.125 0.0791975
1.7 39.375 0.0786684
1.7 41.625 0.0789679
1.7 43.875 0.0928157
1.9 1.125 0.0340076
1.9 3.375 0.0337749
1.9 5.625 0.0338433
1.9 7.875 0.0365924
1.9 10.125 0.0355877
1.9 12.375 0.0340331
1.9 14.625 0.0374613
1.9 16.875 0.0398099
1.9 19.125 0.0460737
1.9 21.375 0.0474894
1.9 23.625 0.0484235
1.9 25.875 0.0466041
1.9 28.125 0.0528407
1.9 30.375 0.0437485
1.9 32.625 0.0568268
1.9 34.875 0.0498432
1.9 37.125 0.0506346
1.9 39.375 0.0488847
1.9 41.625 0.0506847
1.9 43.875 0.0492882
2.1 1.125 0.0199754
2.1 3.375 0.0196151
2.1 5.625 0.019588
2.1 7.875 0.0199269
2.1 10.125 0.0241704
2.1 12.375 0.0230642
2.1 14.625 0.0261342
2.1 16.875 0.0266544
2.1 19.125 0.025222
2.1 21.375 0.0284332
2.1 23.625 0.0276071
2.1 25.875 0.0329353
2.1 28.125 0.0340365
2.1 30.375 0.0338144
2.1 32.625 0.0342966
2.1 34.875 0.0292058
2.1 37.125 0.034961
2.1 39.375 0.0347848
2.1 41.625 0.0351318
2.1 43.875 0.0382962
2.3 1.125 0.0108686
2.3 3.375 0.0108448
2.3 5.625 0.0116842
2.3 7.875 0.0124857
2.3 10.125 0.012706
2.3 12.375 0.0136652
2.3 14.625 0.0118891
2.3 16.875 0.0133387
2.3 19.125 0.012866
2.3 21.375 0.0174314
2.3 23.625 0.0168261
2.3 25.875 0.0192656
2.3 28.125 0.0203159
2.3 30.375 0.0237128
2.3 32.625 0.0258459
2.3 34.875 0.0243838
2.3 37.125 0.0309941
2.3 39.375 0.027521
2.3 41.625 0.0269764
2.3 43.875 0.0304011
2.5 1.125 0.00798636
2.5 3.375 0.00818514
2.5 5.625 0.00740485
2.5 7.875 0.00826721
2.5 10.125 0.00773515
2.5 12.375 0.00812749
2.5 14.625 0.00859013
2.5 16.875 0.00879986
2.5 19.125 0.00906754
2.5 21.375 0.00995491
2.5 23.625 0.0106878
2.5 25.875 0.0108675
2.5 28.125 0.0120153
2.5 30.375 0.0130859
2.5 32.625 0.0142452
2.5 34.875 0.0174429
2.5 37.125 0.0177654
2.5 39.375 0.0164112
2.5 41.625 0.0168519
2.5 43.875 0.017178
2.7 1.125 0.00775485
2.7 3.375 0.00746348
2.7 5.625 0.0075462
2.7 7.875 0.00595537
2.7 10.125 0.00687857
2.7 12.375 0.006199
2.7 14.625 0.0111352
2.7 16.875 0.00622068
2.7 19.125 0.0057478
2.7 21.375 0.00553775
2.7 23.625 0.00646582
2.7 25.875 0.00803243
2.7 28.125 0.00761237
2.7 30.375 0.00873463
2.7 32.625 0.00977986
2.7 34.875 0.0108543
2.7 37.125 0.0100957
2.7 39.375 0.0102811
2.7 41.625 0.0127513
2.7 43.875 0.0124941
2.9 1.125 0.00598956
2.9 3.375 0.00544901
2.9 5.625 0.00694566
2.9 7.875 0.00576226
2.9 10.125 0.00685489
2.9 12.375 0.00715083
2.9 14.625 0.00753699
2.9 16.875 0.00925523
2.9 19.125 0.00504158
2.9 21.375 0.00619416
2.9 23.625 0.00575392
2.9 25.875 0.00538406
2.9 28.125 0.00535195
2.9 30.375 0.00677588
2.9 32.625 0.00666281
2.9 34.875 0.00741315
2.9 37.125 0.00836317
2.9 39.375 0.00850432
2.9 41.625 0.00874295
2.9 43.875 0.00922689
3.1 1.125 0.00710884
3.1 3.375 0.0053636
3.1 5.625 0.00652518
3.1 7.875 0.00658494
3.1 10.125 0.00696508
3.1 12.375 0.00477383
3.1 14.625 0.00738417
3.1 16.875 0.00495476
3.1 19.125 0.00463192
3.1 21.375 0.00532317
3.1 23.625 0.00496397
3.1 25.875 0.00584974
3.1 28.125 0.0062807
3.1 30.375 0.00556219
3.1 32.625 0.00593777
3.1 34.875 0.00625372
3.1 37.125 0.00576673
3.1 39.375 0.00557976
3.1 41.625 0.0069744
3.1 43.875 0.00707367
3.3 1.125 0.00616059
3.3 3.375 0.0044769
3.3 5.625 0.00831177
3.3 7.875 0.00538628
3.3 10.125 0.00447491
3.3 12.375 0.0108716
3.3 14.625 0.00458363
3.3 16.875 0.00708178
3.3 19.125 0.00657561
3.3 21.375 0.00467308
3.3 23.625 0.00470895
3.3 25.875 0.00466764
3.3 28.125 0.00577454
3.3 30.375 0.00515078
3.3 32.625 0.00481605
3.3 34.875 0.00450959
3.3 37.125 0.00626177
3.3 39.375 0.00542545
3.3 41.625 0.00508357
3.3 43.875 0.0051297
3.5 1.125 0.00496572
3.5 3.375 0.00543592
3.5 5.625 0.00472371
3.5 7.875 0.00438602
3.5 10.125 0.00482365
3.5 12.375 0.00472475
3.5 14.625 0.00452116
3.5 16.875 0.00741161
3.5 19.125 0.00407119
3.5 21.375 0.00507963
3.5 23.625 0.00505557
3.5 25.875 0.00406546
3.5 28.125 0.0056017
3.5 30.375 0.00522246
3.5 32.625 0.00478552
3.5 34.875 0.00415801
3.5 37.125 0.00469837
3.5 39.375 0.00518076
3.5 41.625 0.00404678
3.5 43.875 0.00384192
3.7 1.125 0.00437966
3.7 3.375 0.00550379
3.7 5.625 0.00671229
3.7 7.875 0.00405754
3.7 10.125 0.00467114
3.7 12.375 0.00440278
3.7 14.625 0.00800644
3.7 16.875 0.0035983
3.7 19.125 0.00493962
3.7 21.375 0.00374323
3.7 23.625 0.00470454
3.7 25.875 0.00444683
3.7 28.125 0.00402156
3.7 30.375 0.00526164
3.7 32.625 0.00468697
3.7 34.875 0.00457781
3.7 37.125 0.00445469
3.7 39.375 0.0045436
3.7 41.625 0.00391488
3.7 43.875 0.003696
3.9 1.125 0.00397016
3.9 3.375 0.00666369
3.9 5.625 0.00703669
3.9 7.875 0.00531171
3.9 10.125 0.00657128
3.9 12.375 0.00784619
3.9 14.625 0.00514468
3.9 16.875 0.00308768
3.9 19.125 0.0052851
3.9 21.375 0.00481825
3.9 23.625 0.00445445
3.9 25.875 0.00480312
3.9 28.125 0.00426837
3.9 30.375 0.00514862
3.9 32.625 0.0043297
3.9 34.875 0.00439912
3.9 37.125 0.00383698
3.9 39.375 0.00354955
3.9 41.625 0.00376672
3.9 43.875 0.00352844
4.1 1.125 0.00362361
4.1 3.375 0.00390245
4.1 5.625 0.00381665
4.1 7.875 0.00623828
4.1 10.125 0.00355991
4.1 12.375 0.00609424
4.1 14.625 0.0112765
4.1 16.875 0.00408437
4.1 19.125 0.00444832
4.1 21.375 0.00564447
4.1 23.625 0.0042755
4.1 25.875 0.0053774
4.1 28.125 0.00476084
4.1 30.375 0.00365272
4.1 32.625 0.00404198
4.1 34.875 0.00356468
4.1 37.125 0.0037124
4.1 39.375 0.00357312
4.1 41.625 0.00410424
4.1 43.875 0.00581715
4.3 1.125 0.00359538
4.3 3.375 0.00346947
4.3 5.625 0.0035712
4.3 7.875 0.0063371
4.3 10.125 0.00399065
4.3 12.375 0.00506509
4.3 14.625 0.00336521
4.3 16.875 0.00542848
4.3 19.125 0.0079514
4.3 21.375 0.00423955
4.3 23.625 0.00445447
4.3 25.875 0.0034438
4.3 28.125 0.00355803
4.3 30.375 0.00396902
4.3 32.625 0.00376252
4.3 34.875 0.00353022
4.3 37.125 0.00290237
4.3 39.375 0.00309691
4.3 41.625 0.00311497
4.3 43.875 0.0037424
4.5 1.125 0.00343048
4.5 3.375 0.00374265
4.5 5.625 0.00333363
4.5 7.875 0.00370384
4.5 10.125 0.00320508
4.5 12.375 0.00373721
4.5 14.625 0.00322195
4.5 16.875 0.0037736
4.5 19.125 0.0034306
4.5 21.375 0.00368296
4.5 23.625 0.00443224
4.5 25.875 0.00377295
4.5 28.125 0.00414582
4.5 30.375 0.00392343
4.5 32.625 0.00342527
4.5 34.875 0.0034673
4.5 37.125 0.00300565
4.5 39.375 0.00257859
4.5 41.625 0.00370476
4.5 43.875 0.00305588
4.7 1.125 0.00322816
4.7 3.375 0.00293709
4.7 5.625 0.00462034
4.7 7.875 0.00311089
4.7 10.125 0.00311652
4.7 12.375 0.00297746
4.7 14.625 0.00304509
4.7 16.875 0.00382184
4.7 19.125 0.00352607
4.7 21.375 0.00548355
4.7 23.625 0.00377768
4.7 25.875 0.00329572
4.7 28.125 0.00367387
4.7 30.375 0.00338604
4.7 32.625 0.00337119
4.7 34.875 0.00320521
4.7 37.125 0.00301631
4.7 39.375 0.00255953
4.7 41.625 0.00266336
4.7 43.875 0.00338864
4.9 1.125 0.00259298
4.9 3.375 0.00277492
4.9 5.625 0.00386888
4.9 7.875 0.00328274
4.9 10.125 0.00368424
4.9 12.375 0.00266588
4.9 14.625 0.00310547
4.9 16.875 0.00301761
4.9 19.125 0.00305635
4.9 21.375 0.00327799
4.9 23.625 0.00360675
4.9 25.875 0.00311789
4.9 28.125 0.00329915
4.9 30.375 0.00324527
4.9 32.625 0.00525027
4.9 34.875 0.00278701
4.9 37.125 0.00292363
4.9 39.375 0.00320262
4.9 41.625 0.00272845
4.9 43.875 0.00297065
5.1 1.125 0.00272411
5.1 3.375 0.00303192
5.1 5.625 0.00272503
5.1 7.875 0.00275064
5.1 10.125 0.00258572
5.1 12.375 0.00271679
5.1 14.625 0.00268962
5.1 16.875 0.00293296
5.1 19.125 0.00289188
5.1 21.375 0.0034072
5.1 23.625 0.00342787
5.1 25.875 0.00318985
5.1 28.125 0.00300472
5.1 30.375 0.00296481
5.1 32.625 0.00312903
5.1 34.875 0.00342716
5.1 37.125 0.00271407
5.1 39.375 0.00339118
5.1 41.625 0.00262154
5.1 43.875 0.00346705
5.3 1.125 0.00418283
5.3 3.375 0.00266659
5.3 5.625 0.00269242
5.3 7.875 0.00302642
5.3 10.125 0.00244075
5.3 12.375 0.00269845
5.3 14.625 0.00237246
5.3 16.875 0.00299555
5.3 19.125 0.00246342
5.3 21.375 0.00283998
5.3 23.625 0.00277545
5.3 25.875 0.00279768
5.3 28.125 0.00287143
5.3 30.375 0.00299644
5.3 32.625 0.00274871
5.3 34.875 0.00287795
5.3 37.125 0.00304557
5.3 39.375 0.00335575
5.3 41.625 0.00283017
5.3 43.875 0.0033401
5.5 1.125 0.00241571
5.5 3.375 0.00268207
5.5 5.625 0.0028272
5.5 7.875 0.00340606
5.5 10.125 0.00295652
5.5 12.375 0.00232717
5.5 14.625 0.00251856
5.5 16.875 0.0021105
5.5 19.125 0.00267245
5.5 21.375 0.00284726
5.5 23.625 0.00267069
5.5 25.875 0.0023542
5.5 28.125 0.00254289
5.5 30.375 0.00412084
5.5 32.625 0.00431677
5.5 34.875 0.00329157
5.5 37.125 0.00289227
5.5 39.375 0.00332898
5.5 41.625 0.0024894
5.5 43.875 0.00331533
5.7 1.125 0.00287853
5.7 3.375 0.00309559
5.7 5.625 0.0027147
5.7 7.875 0.00826102
5.7 10.125 0.00242676
5.7 12.375 0.00225191
5.7 14.625 0.00502601
5.7 16.875 0.00263695
5.7 19.125 0.00279314
5.7 21.375 0.00254921
5.7 23.625 0.00293897
5.7 25.875 0.00260324
5.7 28.125 0.00251046
5.7 30.375 0.00271011
5.7 32.625 0.00267771
5.7 34.875 0.00276154
5.7 37.125 0.00269918
5.7 39.375 0.0025969
5.7 41.625 0.00281454
5.7 43.875 0.00291202
5.9 1.125 0.00277375
5.9 3.375 0.0034784
5.9 5.625 0.00619726
5.9 7.875 0.00754716
5.9 10.125 0.00200489
5.9 12.375 0.00251289
5.9 14.625 0.00295457
5.9 16.875 0.00227744
5.9 19.125 0.00267288
5.9 21.375 0.00278114
5.9 23.625 0.00274026
5.9 25.875 0.0025972
5.9 28.125 0.00240089
5.9 30.375 0.00230345
5.9 32.625 0.00252111
5.9 34.875 0.00266091
5.9 37.125 0.00241019
5.9 39.375 0.00308962
5.9 41.625 0.00252803
5.9 43.875 0.00267617
6.1 1.125 0.0025327
6.1 3.375 0.0026632
6.1 5.625 0.00244955
6.1 7.875 0.00251063
6.1 10.125 0.00277703
6.1 12.375 0.00236872
6.1 14.625 0.00364945
6.1 16.875 0.00361222
6.1 19.125 0.00302406
6.1 21.375 0.00316018
6.1 23.625 0.00246639
6.1 25.875 0.00255835
6.1 28.125 0.00280814
6.1 30.375 0.00282379
6.1 32.625 0.00267511
6.1 34.875 0.00272065
6.1 37.125 0.00250112
6.1 39.375 0.00215041
6.1 41.625 0.00327182
6.1 43.875 0.00300144
6.3 1.125 0.00297689
6.3 3.375 0.00225263
6.3 5.625 0.0022991
6.3 7.875 0.0025254
6.3 10.125 0.011756
6.3 12.375 0.00232084
6.3 14.625 0.00191758
6.3 16.875 0.00253536
6.3 19.125 0.00265076
6.3 21.375 0.00262713
6.3 23.625 0.00259927
6.3 25.875 0.00267945
6.3 28.125 0.00292683
6.3 30.375 0.00253141
6.3 32.625 0.00254947
6.3 34.875 0.00242563
6.3 37.125 0.0023563
6.3 39.375 0.00271003
6.3 41.625 0.00293108
6.3 43.875 0.00298358
6.5 1.125 0.00218385
6.5 3.375 0.00238385
6.5 5.625 0.00247971
6.5 7.875 0.00225958
6.5 10.125 0.00225271
6.5 12.375 0.00242859
6.5 14.625 0.00257609
6.5 16.875 0.00234036
6.5 19.125 0.00283702
6.5 21.375 0.00247838
6.5 23.625 0.00272617
6.5 25.875 0.00213704
6.5 28.125 0.00304539
6.5 30.375 0.0028412
6.5 32.625 0.00205409
6.5 34.875 0.00250039
6.5 37.125 0.00220621
6.5 39.375 0.00272733
6.5 41.625 0.00266209
6.5 43.875 0.00283872
6.7 1.125 0.00260706
6.7 3.375 0.00242023
6.7 5.625 0.0031924
6.7 7.875 0.00810843
6.7 10.125 0.00317991
6.7 12.375 0.00250805
6.7 14.625 0.00283503
6.7 16.875 0.00268435
6.7 19.125 0.00249731
6.7 21.375 0.00252992
6.7 23.625 0.0021717
6.7 25.875 0.00232684
6.7 28.125 0.00260797
6.7 30.375 0.00290467
6.7 32.625 0.00175554
6.7 34.875 0.00247668
6.7 37.125 0.00233279
6.7 39.375 0.00259155
6.7 41.625 0.002874
6.7 43.875 0.00256283
6.9 1.125 0.00217801
6.9 3.375 0.00256432
6.9 5.625 0.00281392
6.9 7.875 0.0024043
6.9 10.125 0.00585333
6.9 12.375 0.00257003
6.9 14.625 0.00234843
6.9 16.875 0.00305636
6.9 19.125 0.00249056
6.9 21.375 0.00234789
6.9 23.625 0.00286796
6.9 25.875 0.0024737
6.9 28.125 0.00294721
6.9 30.375 0.00301026
6.9 32.625 0.00222271
6.9 34.875 0.0023043
6.9 37.125 0.00317156
6.9 39.375 0.00236569
6.9 41.625 0.00237941
6.9 43.875 0.00237098
7.1 1.125 0.0023688
7.1 3.375 0.00239187
7.1 5.625 0.00806247
7.1 7.875 0.00254641
7.1 10.125 0.0023129
7.1 12.375 0.00247264
7.1 14.625 0.00232893
7.1 16.875 0.00254286
7.1 19.125 0.00233006
7.1 21.375 0.00261279
7.1 23.625 0.00275125
7.1 25.875 0.00270996
7.1 28.125 0.00204574
7.1 30.375 0.00301131
7.1 32.625 0.00222576
7.1 34.875 0.00265144
7.1 37.125 0.0026312
7.1 39.375 0.00233998
7.1 41.625 0.00230844
7.1 43.875 0.00228169
7.3 1.125 0.00219372
7.3 3.375 0.00226681
7.3 5.625 0.00194058
7.3 7.875 0.00195667
7.3 10.125 0.0024708
7.3 12.375 0.00300289
7.3 14.625 0.00224285
7.3 16.875 0.00261968
7.3 19.125 0.0023257
7.3 21.375 0.00254715
7.3 23.625 0.00186319
7.3 25.875 0.00234961
7.3 28.125 0.00321392
7.3 30.375 0.00235313
7.3 32.625 0.00260596
7.3 34.875 0.00259508
7.3 37.125 0.00273884
7.3 39.375 0.00251276
7.3 41.625 0.00276944
7.3 43.875 0.00232959
7.5 1.125 0.00224153
7.5 3.375 0.0022829
7.5 5.625 0.00721356
7.5 7.875 0.00217743
7.5 10.125 0.00204099
7.5 12.375 0.0024122
7.5 14.625 0.00239704
7.5 16.875 0.00425174
7.5 19.125 0.00228164
7.5 21.375 0.00205564
7.5 23.625 0.00227667
7.5 25.875 0.00236921
7.5 28.125 0.00274661
7.5 30.375 0.00243764
7.5 32.625 0.00307581
7.5 34.875 0.00233987
7.5 37.125 0.00272238
7.5 39.375 0.00245879
7.5 41.625 0.00235049
7.5 43.875 0.00223255
7.7 1.125 0.00374524
7.7 3.375 0.00174884
7.7 5.625 0.00207159
7.7 7.875 0.00182902
7.7 10.125 0.00228346
7.7 12.375 0.00224934
7.7 14.625 0.00217888
7.7 16.875 0.00205109
7.7 19.125 0.00206874
7.7 21.375 0.00286889
7.7 23.625 0.00249035
7.7 25.875 0.00226213
7.7 28.125 0.00348466
7.7 30.375 0.002456
7.7 32.625 0.00215253
7.7 34.875 0.00239664
7.7 37.125 0.00226141
7.7 39.375 0.00223924
7.7 41.625 0.00248006
7.7 43.875 0.00222998
7.9 1.125 0.00534078
7.9 3.375 0.00248434
7.9 5.625 0.00219688
7.9 7.875 0.0016548
7.9 10.125 0.00193209
7.9 12.375 0.00195339
7.9 14.625 0.00169552
7.9 16.875 0.00224683
7.9 19.125 0.0023066
7.9 21.375 0.00193938
7.9 23.625 0.00209401
7.9 25.875 0.00211967
7.9 28.125 0.00223463
7.9 30.375 0.00246024
7.9 32.625 0.00230104
7.9 34.875 0.00243373
7.9 37.125 0.00239587
7.9 39.375 0.00231842
7.9 41.625 0.00200949
7.9 43.875 0.00255035
8.1 1.125 0.00178197
8.1 3.375 0.00252351
8.1 5.625 0.0022709
8.1 7.875 0.00294619
8.1 10.125 0.00197446
8.1 12.375 0.00218731
8.1 14.625 0.00284603
8.1 16.875 0.00252765
8.1 19.125 0.00225317
8.1 21.375 0.00207644
8.1 23.625 0.00270156
8.1 25.875 0.00221762
8.1 28.125 0.0023806
8.1 30.375 0.00230923
8.1 32.625 0.00160519
8.1 34.875 0.00299736
8.1 37.125 0.00207574
8.1 39.375 0.00189541
8.1 41.625 0.00239677
8.1 43.875 0.00280922
8.3 1.125 0.00289593
8.3 3.375 0.0120133
8.3 5.625 0.00219082
8.3 7.875 0.0017626
8.3 10.125 0.0019341
8.3 12.375 0.00303866
8.3 14.625 0.00263002
8.3 16.875 0.00219092
8.3 19.125 0.00212204
8.3 21.375 0.00213404
8.3 23.625 0.00168546
8.3 25.875 0.00230666
8.3 28.125 0.00205428
8.3 30.375 0.00266758
8.3 32.625 0.00266541
8.3 34.875 0.00194277
8.3 37.125 0.00203445
8.3 39.375 0.00175149
8.3 41.625 0.00247204
8.3 43.875 0.00204324
8.5 1.125 0.00212264
8.5 3.375 0.00257047
8.5 5.625 0.00241583
8.5 7.875 0.00227142
8.5 10.125 0.00225567
8.5 12.375 0.00346347
8.5 14.625 0.00251426
8.5 16.875 0.00211799
8.5 19.125 0.00240872
8.5 21.375 0.00909094
8.5 23.625 0.00234145
8.5 25.875 0.00272804
8.5 28.125 0.00197549
8.5 30.375 0.00219579
8.5 32.625 0.00240218
8.5 34.875 0.00220667
8.5 37.125 0.0030758
8.5 39.375 0.00253092
8.5 41.625 0.00226759
8.5 43.875 0.0027913
8.7 1.125 0.00236213
8.7 3.375 0.00274971
8.7 5.625 0.00246165
8.7 7.875 0.00213698
8.7 10.125 0.00213335
8.7 12.375 0.00235509
8.7 14.625 0.00224214
8.7 16.875 0.0020788
8.7 19.125 0.00198323
8.7 21.375 0.00280525
8.7 23.625 0.00164745
8.7 25.875 0.00176612
8.7 28.125 0.00278757
8.7 30.375 0.00247785
8.7 32.625 0.00212683
8.7 34.875 0.00241663
8.7 37.125 0.00183894
8.7 39.375 0.00229143
8.7 41.625 0.00255807
8.7 43.875 0.00245239
8.9 1.125 0.00201406
8.9 3.375 0.00169976
8.9 5.625 0.00286286
8.9 7.875 0.0017289
8.9 10.125 0.0022088
8.9 12.375 0.0022639
8.9 14.625 0.00232125
8.9 16.875 0.00190932
8.9 19.125 0.00250818
8.9 21.375 0.00194169
8.9 23.625 0.00198243
8.9 25.875 0.00310953
8.9 28.125 0.00345763
8.9 30.375 0.00184626
8.9 32.625 0.00196841
8.9 34.875 0.00194204
8.9 37.125 0.00259701
8.9 39.375 0.00217685
8.9 41.625 0.00198259
8.9 43.875 0.00270295
9.1 1.125 0.0024891
9.1 3.375 0.00268124
9.1 5.625 0.00213093
9.1 7.875 0.00256883
9.1 10.125 0.013498
9.1 12.375 0.0025622
9.1 14.625 0.00214162
9.1 16.875 0.00239494
9.1 19.125 0.00241354
9.1 21.375 0.00183594
9.1 23.625 0.00204571
9.1 25.875 0.00200959
9.1 28.125 0.00323323
9.1 30.375 0.00234916
9.1 32.625 0.00226414
9.1 34.875 0.00269852
9.1 37.125 0.00197379
9.1 39.375 0.00156013
9.1 41.625 0.00228778
9.1 43.875 0.00158947
9.3 1.125 0.00218332
9.3 3.375 0.00207558
9.3 5.625 0.00239154
9.3 7.875 0.00604446
9.3 10.125 0.00185408
9.3 12.375 0.00197338
9.3 14.625 0.00207933
9.3 16.875 0.00213345
9.3 19.125 0.00268814
9.3 21.375 0.00200354
9.3 23.625 0.00171088
9.3 25.875 0.0017875
9.3 28.125 0.00193855
9.3 30.375 0.00257593
9.3 32.625 0.00201065
9.3 34.875 0.00216438
9.3 37.125 0.0030604
9.3 39.375 0.00242428
9.3 41.625 0.00242713
9.3 43.875 0.00201206
9.5 1.125 0.00239333
9.5 3.375 0.00222714
9.5 5.625 0.00233634
9.5 7.875 0.00254056
9.5 10.125 0.00275989
9.5 12.375 0.0029955
9.5 14.625 0.00236071
9.5 16.875 0.0018651
9.5 19.125 0.00205965
9.5 21.375 0.00216092
9.5 23.625 0.0017978
9.5 25.875 0.00144734
9.5 28.125 0.00197413
9.5 30.375 0.00221608
9.5 32.625 0.00180549
9.5 34.875 0.00238945
9.5 37.125 0.00273299
9.5 39.375 0.00151795
9.5 41.625 0.00253214
9.5 43.875 0.00245783
9.7 1.125 0.00220926
9.7 3.375 0.00212808
9.7 5.625 0.00265378
9.7 7.875 0.00257711
9.7 10.125 0.00235651
9.7 12.375 0.00304877
9.7 14.625 0.00243378
9.7 16.875 0.00301701
9.7 19.125 0.00190265
9.7 21.375 0.00196326
9.7 23.625 0.00201102
9.7 25.875 0.00145609
9.7 28.125 0.00228588
9.7 30.375 0.00182282
9.7 32.625 0.00287896
9.7 34.875 0.00283903
9.7 37.125 0.00197527
9.7 39.375 0.00216145
9.7 41.625 0.00225831
9.7 43.875 0.00290908
9.9 1.125 0.00148649
9.9 3.375 0.00205283
9.9 5.625 0.00200226
9.9 7.875 0.00239771
9.9 10.125 0.00206205
9.9 12.375 0.00229367
9.9 14.625 0.00184612
9.9 16.875 0.00183742
9.9 19.125 0.00277474
9.9 21.375 0.00266694
9.9 23.625 0.00197529
9.9 25.875 0.00187596
9.9 28.125 0.00211562
9.9 30.375 0.00301674
9.9 32.625 0.00227785
9.9 34.875 0.00238317
9.9 37.125 0.00224428
9.9 39.375 0.00256945
9.9 41.625 0.0018628
9.9 43.875 0.00241151
10.1 1.125 0.00203718
10.1 3.375 0.00229167
10.1 5.625 0.00182219
10.1 7.875 0.00191165
10.1 10.125 0.00159243
10.1 12.375 0.00190091
10.1 14.625 0.00176919
10.1 16.875 0.0023935
10.1 19.125 0.00203516
10.1 21.375 0.00159662
10.1 23.625 0.00366273
10.1 25.875 0.00256897
10.1 28.125 0.00192308
10.1 30.375 0.00237879
10.1 32.625 0.00183247
10.1 34.875 0.00343945
10.1 37.125 0.00257352
10.1 39.375 0.00333146
10.1 41.625 0.00197449
10.1 43.875 0.00237938
10.3 1.125 0.00172094
10.3 3.375 0.00142812
10.3 5.625 0.00217838
10.3 7.875 0.00166231
10.3 10.125 0.00175881
10.3 12.375 0.00185304
10.3 14.625 0.00176937
10.3 16.875 0.00201035
10.3 19.125 0.00236745
10.3 21.375 0.00305506
10.3 23.625 0.0019298
10.3 25.875 0.00255697
10.3 28.125 0.00248841
10.3 30.375 0.00215645
10.3 32.625 0.00287407
10.3 34.875 0.00180537
10.3 37.125 0.00181662
10.3 39.375 0.00317067
10.3 41.625 0.00172328
10.3 43.875 0.00219426
10.5 1.125 0.00155967
10.5 3.375 0.00231771
10.5 5.625 0.00237903
10.5 7.875 0.00208738
10.5 10.125 0.00198842
10.5 12.375 0.00187631
10.5 14.625 0.00209422
10.5 16.875 0.00219344
10.5 19.125 0.00192447
10.5 21.375 0.00174403
10.5 23.625 0.00176497
10.5 25.875 0.00180415
10.5 28.125 0.00219582
10.5 30.375 0.00288016
10.5 32.625 0.00275699
10.5 34.875 0.00201884
10.5 37.125 0.00190535
10.5 39.375 0.00178787
10.5 41.625 0.00203189
10.5 43.875 0.00173467
10.7 1.125 0.00239485
10.7 3.375 0.00221565
10.7 5.625 0.0018818
10.7 7.875 0.00222245
10.7 10.125 0.00251288
10.7 12.375 0.00229582
10.7 14.625 0.00232961
10.7 16.875 0.00209879
10.7 19.125 0.00168738
10.7 21.375 0.00156046
10.7 23.625 0.00191412
10.7 25.875 0.00168819
10.7 28.125 0.0021751
10.7 30.375 0.0020536
10.7 32.625 0.00204296
10.7 34.875 0.00187218
10.7 37.125 0.001583
10.7 39.375 0.00245637
10.7 41.625 0.00236698
10.7 43.875 0.00253898
10.9 1.125 0.00144178
10.9 3.375 0.00226855
10.9 5.625 0.00236207
10.9 7.875 0.00183398
10.9 10.125 0.00209727
10.9 12.375 0.00261626
10.9 14.625 0.00242635
10.9 16.875 0.00256467
10.9 19.125 0.00253295
10.9 21.375 0.00165179
10.9 23.625 0.00145908
10.9 25.875 0.00197889
10.9 28.125 0.00196659
10.9 30.375 0.00190777
10.9 32.625 0.00175693
10.9 34.875 0.00147678
10.9 37.125 0.00243728
10.9 39.375 0.00169912
10.9 41.625 0.00153747
10.9 43.875 0.00244617
11.1 1.125 0.00194212
11.1 3.375 0.0023909
11.1 5.625 0.00219542
11.1 7.875 0.00168232
11.1 10.125 0.00205927
11.1 12.375 0.00211481
11.1 14.625 0.00357372
11.1 16.875 0.00307352
11.1 19.125 0.00196598
11.1 21.375 0.00389748
11.1 23.625 0.00218734
11.1 25.875 0.00155172
11.1 28.125 0.00261678
11.1 30.375 0.00209415
11.1 32.625 0.00231934
11.1 34.875 0.00246852
11.1 37.125 0.00183037
11.1 39.375 0.0025209
11.1 41.625 0.00167915
11.1 43.875 0.00153962
11.3 1.125 0.00209542
11.3 3.375 0.00191011
11.3 7.875 0.00224155
11.3 10.125 0.00308262
11.3 12.375 0.00323864
11.3 14.625 0.00168317
11.3 16.875 0.00108393
11.3 19.125 0.00251123
11.3 21.375 0.00256222
11.3 23.625 0.00152389
11.3 25.875 0.00225625
11.3 28.125 0.00176884
11.3 30.375 0.00215151
11.3 32.625 0.0016025
11.3 34.875 0.00255128
11.3 37.125 0.0023867
11.3 39.375 0.00212809
11.3 41.625 0.00154561
11.3 43.875 0.00148115
11.5 1.125 0.00190987
11.5 3.375 0.00174033
11.5 5.625 0.00148492
11.5 7.875 0.00367825
11.5 10.125 0.00164537
11.5 12.375 0.00304324
11.5 14.625 0.0021554
11.5 16.875 0.00331599
11.5 19.125 0.00361294
11.5 21.375 0.00178461
11.5 23.625 0.00169035
11.5 25.875 0.00175253
11.5 28.125 0.00158025
11.5 30.375 0.00130228
11.5 32.625 0.00187391
11.5 34.875 0.00215535
11.5 37.125 0.00249126
11.5 39.375 0.00163109
11.5 41.625 0.00318391
11.5 43.875 0.00188098
11.7 1.125 0.00255776
11.7 3.375 0.0113927
11.7 5.625 0.0017521
11.7 7.875 0.0361969
11.7 10.125 0.00331712
11.7 12.375 0.00275158
11.7 14.625 0.00209706
11.7 16.875 0.00132231
11.7 19.125 0.00205261
11.7 21.375 0.00214711
11.7 23.625 0.00146708
11.7 25.875 0.00217504
11.7 28.125 0.00299974
11.7 30.375 0.00240682
11.7 32.625 0.00164671
11.7 34.875 0.00194183
11.7 37.125 0.00244833
11.7 39.375 0.00179091
11.7 41.625 0.00191326
11.7 43.875 0.00189982
11.9 1.125 0.00249897
11.9 3.375 0.00227543
11.9 5.625 0.00198817
11.9 7.875 0.00295107
11.9 10.125 0.00193119
11.9 12.375 0.00238311
11.9 14.625 0.00272541
11.9 19.125 0.00140669
11.9 21.375 0.00397743
11.9 23.625 0.00179775
11.9 25.875 0.00175788
11.9 28.125 0.0014991
11.9 30.375 0.00224177
11.9 32.625 0.00165279
11.9 34.875 0.00329566
11.9 37.125 0.00266967
11.9 39.375 0.00265769
11.9 41.625 0.00183762
11.9 43.875 0.00163538
12.1 1.125 0.00221692
12.1 3.375 0.00112677
12.1 5.625 0.00229145
12.1 7.875 0.00202256
12.1 10.125 0.00153383
12.1 12.375 0.00198977
12.1 14.625 0.00171978
12.1 16.875 0.00432542
12.1 19.125 0.00106276
12.1 21.375 0.00195855
12.1 23.625 0.00290988
12.1 25.875 0.00256167
12.1 28.125 0.00216774
12.1 32.625 0.00187829
12.1 34.875 0.00162226
12.1 37.125 0.00206337
12.1 39.375 0.00189263
12.1 41.625 0.0020765
12.1 43.875 0.00115043
12.3 1.125 0.00222896
12.3 3.375 0.00311783
12.3 5.625 0.00192941
12.3 7.875 0.003647
12.3 10.125 0.00254287
12.3 12.375 0.00277997
12.3 14.625 0.00221323
12.3 16.875 0.00249617
12.3 19.125 0.00194388
12.3 21.375 0.00287076
12.3 23.625 0.00198961
12.3 25.875 0.00343581
12.3 30.375 0.0015607
12.3 32.625 0.00362469
12.3 34.875 0.00195117
12.3 37.125 0.00238854
12.3 39.375 0.00336573
12.3 41.625 0.00195847
12.5 1.125 0.00321604
12.5 3.375 0.00140581
12.5 5.625 0.00238204
12.5 7.875 0.00178106
12.5 10.125 0.00202065
12.5 12.375 0.00244173
12.5 14.625 0.00263982
12.5 16.875 0.00150569
12.5 19.125 0.00217583
12.5 23.625 0.00253508
12.5 25.875 0.00315153
12.5 30.375 0.0019826
12.5 34.875 0.00217137
12.5 37.125 0.00144726
12.5 39.375 0.00214441
12.5 41.625 0.00253489
12.5 43.875 0.00195467
12.7 1.125 0.00147194
12.7 3.375 0.00421685
12.7 5.625 0.00231982
12.7 7.875 0.00234114
12.7 10.125 0.0022669
12.7 12.375 0.00310725
12.7 14.625 0.00194132
12.7 16.875 0.00160061
12.7 19.125 0.00188865
12.7 21.375 0.00159165
12.7 23.625 0.00148461
12.7 25.875 0.00227758
12.7 28.125 0.00167869
12.7 30.375 0.00192712
12.7 34.875 0.00179097
12.7 37.125 0.00183659
12.7 39.375 0.00220243
12.7 41.625 0.00121662
12.7 43.875 0.00397602
12.9 1.125 0.00214263
12.9 3.375 0.00192448
12.9 5.625 0.00355609
12.9 7.875 0.00198681
12.9 10.125 0.00180435
12.9 12.375 0.00252754
12.9 14.625 0.00140826
12.9 16.875 0.00158956
12.9 19.125 0.00182354
12.9 21.375 0.00238224
12.9 23.625 0.00367443
12.9 25.875 0.0018221
12.9 28.125 0.00485876
12.9 30.375 0.00182693
12.9 32.625 0.00146677
12.9 34.875 0.00211121
12.9 37.125 0.00229449
12.9 39.375 0.00231333
13.1 1.125 0.0015571
13.1 5.625 0.00197337
13.1 7.875 0.00218564
13.1 10.125 0.00194854
13.1 12.375 0.00324516
13.1 16.875 0.00187558
13.1 19.125 0.00174036
13.1 21.375 0.00165057
13.1 23.625 0.00244973
13.1 25.875 0.00192541
13.1 28.125 0.00267267
13.1 30.375 0.00197
13.1 32.625 0.00221392
13.1 34.875 0.00220162
13.1 37.125 0.00279362
13.1 39.375 0.00200437
13.1 41.625 0.00135835
13.1 43.875 0.00281501
13.3 1.125 0.0026956
13.3 5.625 0.00162607
13.3 7.875 0.00217082
13.3 10.125 0.00130595
13.3 14.625 0.00103358
13.3 16.875 0.00152033
13.3 19.125 0.00219226
13.3 21.375 0.00253945
13.3 23.625 0.00157588
13.3 25.875 0.00355073
13.3 28.125 0.0307452
13.3 30.375 0.00262975
13.3 32.625 0.00152867
13.3 39.375 0.00232998
13.5 1.125 0.00310513
13.5 5.625 0.00425357
13.5 7.875 0.00447172
13.5 10.125 0.0030329
13.5 12.375 0.00686811
13.5 16.875 0.00101559
13.5 19.125 0.00170225
13.5 21.375 0.00219708
13.5 23.625 0.00163931
13.5 25.875 0.00156041
13.5 28.125 0.00215919
13.5 30.375 0.00230808
13.5 32.625 0.00359483
13.5 39.375 0.0029604
13.7 3.375 0.00298288
13.7 7.875 0.000975982
13.7 16.875 0.00143766
13.7 19.125 0.00288923
13.7 21.375 0.00196221
13.7 23.625 0.00170424
13.7 25.875 0.00196568
13.7 28.125 0.00378316
13.7 30.375 0.0025498
13.7 32.625 0.00138293
13.7 34.875 0.00115471
13.7 41.625 0.00198669
13.7 43.875 0.00233118
13.9 10.125 0.00192521
13.9 12.375 0.00207127
13.9 19.125 0.00221126
13.9 21.375 0.00335335
13.9 23.625 0.00270557
13.9 25.875 0.00220124
13.9 28.125 0.00342402
13.9 30.375 0.00206594
13.9 32.625 0.0036704
13.9 41.625 0.00185532
13.9 43.875 0.0021368
