0.1 1.125 1.25013
0.1 3.375 1.26143
0.1 5.625 1.1573
0.1 7.875 1.24684
0.1 10.125 1.25124
0.1 12.375 1.16907
0.1 14.625 1.23969
0.1 16.875 1.21899
0.1 19.125 1.25318
0.1 21.375 1.11829
0.1 23.625 1.22501
0.1 25.875 1.2456
0.1 28.125 0.935209
0.1 30.375 1.11853
0.1 32.625 1.25209
0.1 34.875 1.04945
0.1 37.125 1.12538
0.1 39.375 1.06984
0.1 41.625 1.23126
0.1 43.875 1.24918
0.3 1.125 1.20945
0.3 3.375 1.19614
0.3 5.625 1.22292
0.3 7.875 1.23272
0.3 10.125 1.2409
0.3 12.375 1.23802
0.3 14.625 1.1857
0.3 16.875 1.23042
0.3 19.125 1.18483
0.3 21.375 1.1993
0.3 23.625 1.20982
0.3 25.875 1.22247
0.3 28.125 1.23592
0.3 30.375 1.2257
0.3 32.625 1.21484
0.3 34.875 1.22406
0.3 37.125 1.23091
0.3 39.375 1.21868
0.3 41.625 1.2257
0.3 43.875 1.1938
0.5 1.125 1.16698
0.5 3.375 1.12306
0.5 5.625 1.1679
0.5 7.875 1.20759
0.5 10.125 1.20723
0.5 12.375 1.20721
0.5 14.625 1.1887
0.5 16.875 1.21486
0.5 19.125 1.20081
0.5 21.375 1.20242
0.5 23.625 1.20222
0.5 25.875 1.19694
0.5 28.125 1.20583
0.5 30.375 1.18303
0.5 32.625 1.1807
0.5 34.875 1.2052
0.5 37.125 1.2045
0.5 39.375 1.2119
0.5 41.625 1.20554
0.5 43.875 1.17762
0.7 1.125 1.14833
0.7 3.375 1.13625
0.7 5.625 1.14254
0.7 7.875 1.14894
0.7 10.125 1.14551
0.7 12.375 1.15174
0.7 14.625 1.16233
0.7 16.875 1.12902
0.7 19.125 1.14312
0.7 21.375 1.14502
0.7 23.625 1.1452
0.7 25.875 1.13662
0.7 28.125 1.13493
0.7 30.375 1.14947
0.7 32.625 1.15545
0.7 34.875 1.15213
0.7 37.125 1.13692
0.7 39.375 1.13159
0.7 41.625 1.15503
0.7 43.875 1.12231
0.9 1.125 1.02356
0.9 3.375 1.02664
0.9 5.625 1.04384
0.9 7.875 1.03356
0.9 10.125 1.04466
0.9 12.375 1.03156
0.9 14.625 1.01378
0.9 16.875 1.05071
0.9 19.125 1.02126
0.9 21.375 1.03
0.9 23.625 1.03591
0.9 25.875 1.0635
0.9 28.125 1.04951
0.9 30.375 1.05965
0.9 32.625 1.06333
0.9 34.875 1.06989
0.9 37.125 1.091
0.9 39.375 1.07301
0.9 41.625 1.03705
0.9 43.875 1.08206
1.1 1.125 0.819248
1.1 3.375 0.818521
1.1 5.625 0.810269
1.1 7.875 0.7857
1.1 10.125 0.81325
1.1 12.375 0.837119
1.1 14.625 0.864652
1.1 16.875 0.841595
1.1 19.125 0.815638
1.1 21.375 0.908189
1.1 23.625 0.89983
1.1 25.875 0.894695
1.1 28.125 0.928069
1.1 30.375 0.907271
1.1 32.625 0.959629
1.1 34.875 0.94269
1.1 37.125 0.956988
1.1 39.375 0.959966
1.1 41.625 0.979331
1.1 43.875 0.983937
1.3 1.125 0.479589
1.3 3.375 0.499343
1.3 5.625 0.536029
1.3 7.875 0.543253
1.3 10.125 0.537157
1.3 12.375 0.562944
1.3 14.625 0.596789
1.3 16.875 0.594967
1.3 19.125 0.621975
1.3 21.375 0.591554
1.3 23.625 0.612723
1.3 25.875 0.668642
1.3 28.125 0.649513
1.3 30.375 0.734417
1.3 32.625 0.760881
1.3 34.875 0.793954
1.3 37.125 0.791468
1.3 39.375 0.789257
1.3 41.625 0.842215
1.3 43.875 0.846944
1.5 1.125 0.272603
1.5 3.375 0.276772
1.5 5.625 0.287145
1.5 7.875 0.304942
1.5 10.125 0.311668
1.5 12.375 0.31695
1.5 14.625 0.337023
1.5 16.875 0.32
1.5 19.125 0.339902
1.5 21.375 0.384651
1.5 23.625 0.355232
1.5 25.875 0.402017
1.5 28.125 0.427147
1.5 30.375 0.463122
1.5 32.625 0.493772
1.5 34.875 0.530369
1.5 37.125 0.52531
1.5 39.375 0.585939
1.5 41.625 0.578849
1.5 43.875 0.607459
1.7 1.125 0.153802
1.7 3.375 0.155423
1.7 5.625 0.16367
1.7 7.875 0.166562
1.7 10.125 0.189735
1.7 12.375 0.190134
1.7 14.625 0.180736
1.7 16.875 0.201213
1.7 19.125 0.186738
1.7 21.375 0.212023
1.7 23.625 0.211061
1.7 25.875 0.238623
1.7 28.125 0.249276
1.7 30.375 0.238994
1.7 32.625 0.274694
1.7 34.875 0.281722
1.7 37.125 0.320347
1.7 39.375 0.335329
1.7 41.625 0.347345
1.7 43.875 0.346675
1.9 1.125 0.0946155
1.9 3.375 0.0976521
1.9 5.625 0.0999476
1.9 7.875 0.103096
1.9 10.125 0.104918
1.9 12.375 0.114643
1.9 14.625 0.117114
1.9 16.875 0.112925
1.9 19.125 0.124511
1.9 21.375 0.128185
1.9 23.625 0.121295
1.9 25.875 0.131642
1.9 28.125 0.144028
1.9 30.375 0.143343
1.9 32.625 0.149165
1.9 34.875 0.160507
1.9 37.125 0.183086
1.9 39.375 0.199532
1.9 41.625 0.198791
1.9 43.875 0.192574
2.1 1.125 0.0640755
2.1 3.375 0.0627725
2.1 5.625 0.0646446
2.1 7.875 0.0670664
2.1 10.125 0.0700691
2.1 12.375 0.0682302
2.1 14.625 0.0699457
2.1 16.875 0.0739732
2.1 19.125 0.0785466
2.1 21.375 0.0750393
2.1 23.625 0.079264
2.1 25.875 0.0832419
2.1 28.125 0.0872412
2.1 30.375 0.0944565
2.1 32.625 0.0921228
2.1 34.875 0.100604
2.1 37.125 0.110707
2.1 39.375 0.113953
2.1 41.625 0.12417
2.1 43.875 0.121756
2.3 1.125 0.0437681
2.3 3.375 0.0451463
2.3 5.625 0.0429896
2.3 7.875 0.0429193
2.3 10.125 0.0432975
2.3 12.375 0.0444307
2.3 14.625 0.0475082
2.3 16.875 0.0480864
2.3 19.125 0.0525674
2.3 21.375 0.0508856
2.3 23.625 0.0571146
2.3 25.875 0.0566705
2.3 28.125 0.0628131
2.3 30.375 0.0657513
2.3 32.625 0.0637331
2.3 34.875 0.0700257
2.3 37.125 0.0714021
2.3 39.375 0.0750527
2.3 41.625 0.0752961
2.3 43.875 0.0772516
2.5 1.125 0.0317718
2.5 3.375 0.0304009
2.5 5.625 0.0288204
2.5 7.875 0.0293313
2.5 10.125 0.030196
2.5 12.375 0.0265584
2.5 14.625 0.0299943
2.5 16.875 0.0310303
2.5 19.125 0.0326778
2.5 21.375 0.0332781
2.5 23.625 0.0347819
2.5 25.875 0.0377645
2.5 28.125 0.0413523
2.5 30.375 0.0439133
2.5 32.625 0.0459254
2.5 34.875 0.0483399
2.5 37.125 0.0492278
2.5 39.375 0.048663
2.5 41.625 0.0497206
2.5 43.875 0.0483092
2.7 1.125 0.0237542
2.7 3.375 0.0239439
2.7 5.625 0.0233502
2.7 7.875 0.0221717
2.7 10.125 0.0224901
2.7 12.375 0.0225653
2.7 14.625 0.0220944
2.7 16.875 0.0231209
2.7 19.125 0.0223417
2.7 21.375 0.0227143
2.7 23.625 0.0248165
2.7 25.875 0.024958
2.7 28.125 0.0272451
2.7 30.375 0.0302111
2.7 32.625 0.0303491
2.7 34.875 0.033054
2.7 37.125 0.0336296
2.7 39.375 0.0326998
2.7 41.625 0.0319813
2.7 43.875 0.032126
2.9 1.125 0.0181371
2.9 3.375 0.0190647
2.9 5.625 0.0194597
2.9 7.875 0.0176778
2.9 10.125 0.0172422
2.9 12.375 0.0175475
2.9 14.625 0.019292
2.9 16.875 0.0188431
2.9 19.125 0.0185879
2.9 21.375 0.0205215
2.9 23.625 0.0199295
2.9 25.875 0.0211309
2.9 28.125 0.0195515
2.9 30.375 0.0206895
2.9 32.625 0.0226911
2.9 34.875 0.0218634
2.9 37.125 0.0216167
2.9 39.375 0.023289
2.9 41.625 0.0220729
2.9 43.875 0.0214826
3.1 1.125 0.0151365
3.1 3.375 0.0146648
3.1 5.625 0.0148548
3.1 7.875 0.0141151
3.1 10.125 0.014456
3.1 12.375 0.0140415
3.1 14.625 0.0194957
3.1 16.875 0.0144928
3.1 19.125 0.0164108
3.1 21.375 0.0157679
3.1 23.625 0.0162841
3.1 25.875 0.0159426
3.1 28.125 0.0179591
3.1 30.375 0.0190726
3.1 32.625 0.0185507
3.1 34.875 0.0171463
3.1 37.125 0.0166086
3.1 39.375 0.0175998
3.1 41.625 0.017665
3.1 43.875 0.0183762
3.3 1.125 0.0125391
3.3 3.375 0.0118029
3.3 5.625 0.0111373
3.3 7.875 0.012502
3.3 10.125 0.0123058
3.3 12.375 0.0122739
3.3 14.625 0.0122849
3.3 16.875 0.0119551
3.3 19.125 0.0120918
3.3 21.375 0.0135279
3.3 23.625 0.0132761
3.3 25.875 0.0137193
3.3 28.125 0.0150842
3.3 30.375 0.0139764
3.3 32.625 0.0146009
3.3 34.875 0.0148867
3.3 37.125 0.0139706
3.3 39.375 0.0149315
3.3 41.625 0.0138724
3.3 43.875 0.0134984
3.5 1.125 0.011222
3.5 3.375 0.0105681
3.5 5.625 0.0108112
3.5 7.875 0.0105612
3.5 10.125 0.0106003
3.5 12.375 0.00958906
3.5 14.625 0.0112549
3.5 16.875 0.0111
3.5 19.125 0.0108586
3.5 21.375 0.00981
3.5 23.625 0.0108226
3.5 25.875 0.0118863
3.5 28.125 0.0116495
3.5 30.375 0.0120078
3.5 32.625 0.0128594
3.5 34.875 0.011962
3.5 37.125 0.011988
3.5 39.375 0.0124741
3.5 41.625 0.0120712
3.5 43.875 0.0119121
3.7 1.125 0.0100276
3.7 3.375 0.00918364
3.7 5.625 0.00921361
3.7 7.875 0.00890676
3.7 10.125 0.00846058
3.7 12.375 0.00862345
3.7 14.625 0.00912321
3.7 16.875 0.00931341
3.7 19.125 0.00892567
3.7 21.375 0.00951852
3.7 23.625 0.0099239
3.7 25.875 0.00995597
3.7 28.125 0.0100306
3.7 30.375 0.00964573
3.7 32.625 0.00958098
3.7 34.875 0.00992843
3.7 37.125 0.0102693
3.7 39.375 0.0104854
3.7 41.625 0.0100602
3.7 43.875 0.0101726
3.9 1.125 0.00823965
3.9 3.375 0.00831054
3.9 5.625 0.00870931
3.9 7.875 0.00842932
3.9 10.125 0.00869167
3.9 12.375 0.00881852
3.9 14.625 0.00812787
3.9 16.875 0.00809814
3.9 19.125 0.00928287
3.9 21.375 0.00905355
3.9 23.625 0.00836763
3.9 25.875 0.0083986
3.9 28.125 0.00920619
3.9 30.375 0.00942569
3.9 32.625 0.00815951
3.9 34.875 0.00848143
3.9 37.125 0.00913504
3.9 39.375 0.00837296
3.9 41.625 0.00859729
3.9 43.875 0.00858433
4.1 1.125 0.0070634
4.1 3.375 0.00714433
4.1 5.625 0.00682596
4.1 7.875 0.00753507
4.1 10.125 0.00714341
4.1 12.375 0.00722341
4.1 14.625 0.00816305
4.1 16.875 0.00850694
4.1 19.125 0.00735867
4.1 21.375 0.00916809
4.1 23.625 0.00861155
4.1 25.875 0.00822636
4.1 28.125 0.00803874
4.1 30.375 0.00735256
4.1 32.625 0.00728474
4.1 34.875 0.00776871
4.1 37.125 0.00772595
4.1 39.375 0.00755084
4.1 41.625 0.00715999
4.1 43.875 0.00690584
4.3 1.125 0.00630317
4.3 3.375 0.00637251
4.3 5.625 0.00631116
4.3 7.875 0.00668333
4.3 10.125 0.00699296
4.3 12.375 0.00682694
4.3 14.625 0.00617218
4.3 16.875 0.00706887
4.3 19.125 0.00694246
4.3 21.375 0.00720242
4.3 23.625 0.0070168
4.3 25.875 0.00720746
4.3 28.125 0.00758177
4.3 30.375 0.00660911
4.3 32.625 0.00711056
4.3 34.875 0.00701838
4.3 37.125 0.00669368
4.3 39.375 0.00627112
4.3 41.625 0.00650318
4.3 43.875 0.00586411
4.5 1.125 0.00550038
4.5 3.375 0.00542885
4.5 5.625 0.00704147
4.5 7.875 0.00595599
4.5 10.125 0.00577121
4.5 12.375 0.00614851
4.5 14.625 0.00574855
4.5 16.875 0.00595686
4.5 19.125 0.0064548
4.5 21.375 0.00673797
4.5 23.625 0.00587613
4.5 25.875 0.0063633
4.5 28.125 0.00614024
4.5 30.375 0.00612222
4.5 32.625 0.00598345
4.5 34.875 0.00582552
4.5 37.125 0.00545427
4.5 39.375 0.00544582
4.5 41.625 0.00534716
4.5 43.875 0.00564145
4.7 1.125 0.00516559
4.7 3.375 0.00498616
4.7 5.625 0.00498905
4.7 7.875 0.00523293
4.7 10.125 0.00488746
4.7 12.375 0.00682731
4.7 14.625 0.00532362
4.7 16.875 0.00580002
4.7 19.125 0.00549927
4.7 21.375 0.00554207
4.7 23.625 0.00559511
4.7 25.875 0.00559057
4.7 28.125 0.00536785
4.7 30.375 0.00585438
4.7 32.625 0.00561788
4.7 34.875 0.00541625
4.7 37.125 0.00514588
4.7 39.375 0.00545294
4.7 41.625 0.0048467
4.7 43.875 0.00461344
4.9 1.125 0.00473843
4.9 3.375 0.00475838
4.9 5.625 0.00483226
4.9 7.875 0.00466279
4.9 10.125 0.00509216
4.9 12.375 0.00512514
4.9 14.625 0.00496254
4.9 16.875 0.00511497
4.9 19.125 0.0051068
4.9 21.375 0.00485248
4.9 23.625 0.00556283
4.9 25.875 0.00474607
4.9 28.125 0.00529673
4.9 30.375 0.00522671
4.9 32.625 0.00491992
4.9 34.875 0.00521101
4.9 37.125 0.00484153
4.9 39.375 0.00482029
4.9 41.625 0.00460714
4.9 43.875 0.00474621
5.1 1.125 0.00515859
5.1 3.375 0.00430752
5.1 5.625 0.00412689
5.1 7.875 0.00422153
5.1 10.125 0.00421343
5.1 12.375 0.00454959
5.1 14.625 0.00441915
5.1 16.875 0.00542102
5.1 19.125 0.00481024
5.1 21.375 0.00497041
5.1 23.625 0.00475227
5.1 25.875 0.00467178
5.1 28.125 0.00466226
5.1 30.375 0.0048462
5.1 32.625 0.00412298
5.1 34.875 0.00437942
5.1 37.125 0.00823803
5.1 39.375 0.00414752
5.1 41.625 0.00422962
5.1 43.875 0.00425966
5.3 1.125 0.00406529
5.3 3.375 0.004364
5.3 5.625 0.00436305
5.3 7.875 0.0038532
5.3 10.125 0.0037401
5.3 12.375 0.00416912
5.3 14.625 0.00403538
5.3 16.875 0.0036474
5.3 19.125 0.00421352
5.3 21.375 0.00425841
5.3 23.625 0.00416663
5.3 25.875 0.00418654
5.3 28.125 0.00429786
5.3 30.375 0.00431278
5.3 32.625 0.00444
5.3 34.875 0.00388896
5.3 37.125 0.00426499
5.3 39.375 0.00388289
5.3 41.625 0.00441879
5.3 43.875 0.00391202
5.5 1.125 0.00382485
5.5 3.375 0.00360184
5.5 5.625 0.00412557
5.5 7.875 0.0037068
5.5 10.125 0.00367603
5.5 12.375 0.0048872
5.5 14.625 0.00375953
5.5 16.875 0.00392936
5.5 19.125 0.00405926
5.5 21.375 0.0038242
5.5 23.625 0.00414625
5.5 25.875 0.00377246
5.5 28.125 0.00416362
5.5 30.375 0.00407509
5.5 32.625 0.00358674
5.5 34.875 0.00392885
5.5 37.125 0.0043307
5.5 39.375 0.00387
5.5 41.625 0.00389548
5.5 43.875 0.00424602
5.7 1.125 0.00338884
5.7 3.375 0.00399796
5.7 5.625 0.00322991
5.7 7.875 0.00378016
5.7 10.125 0.00369592
5.7 12.375 0.00397121
5.7 14.625 0.00364168
5.7 16.875 0.00366692
5.7 19.125 0.00371549
5.7 21.375 0.00642861
5.7 23.625 0.00348088
5.7 25.875 0.00354579
5.7 28.125 0.00651485
5.7 30.375 0.00398435
5.7 32.625 0.00378627
5.7 34.875 0.00378698
5.7 37.125 0.00494544
5.7 39.375 0.00352039
5.7 41.625 0.00389049
5.7 43.875 0.0035204
5.9 1.125 0.00362841
5.9 3.375 0.00341048
5.9 5.625 0.00324928
5.9 7.875 0.00351652
5.9 10.125 0.00324329
5.9 12.375 0.00824029
5.9 14.625 0.00735249
5.9 16.875 0.00338737
5.9 19.125 0.00345921
5.9 21.375 0.00331153
5.9 23.625 0.0034852
5.9 25.875 0.00355564
5.9 28.125 0.00359332
5.9 30.375 0.00369309
5.9 32.625 0.00351261
5.9 34.875 0.00333523
5.9 37.125 0.00376713
5.9 39.375 0.00340664
5.9 41.625 0.00360378
5.9 43.875 0.003722
6.1 1.125 0.00306932
6.1 3.375 0.00297634
6.1 5.625 0.00337236
6.1 7.875 0.00295048
6.1 10.125 0.00327154
6.1 12.375 0.00336351
6.1 14.625 0.00345505
6.1 16.875 0.00399557
6.1 19.125 0.00331754
6.1 21.375 0.00340302
6.1 23.625 0.00331065
6.1 25.875 0.00323907
6.1 28.125 0.00334221
6.1 30.375 0.00331902
6.1 32.625 0.0031276
6.1 34.875 0.0031562
6.1 37.125 0.00355608
6.1 39.375 0.00328232
6.1 41.625 0.00329677
6.1 43.875 0.00304211
6.3 1.125 0.00309025
6.3 3.375 0.00322772
6.3 5.625 0.00296558
6.3 7.875 0.00319347
6.3 10.125 0.00280307
6.3 12.375 0.00347669
6.3 14.625 0.0032026
6.3 16.875 0.00305361
6.3 19.125 0.00322849
6.3 21.375 0.00308545
6.3 23.625 0.00312466
6.3 25.875 0.00369124
6.3 28.125 0.00302771
6.3 30.375 0.00324836
6.3 32.625 0.00330185
6.3 34.875 0.00316341
6.3 37.125 0.00323497
6.3 39.375 0.00554317
6.3 41.625 0.00302296
6.3 43.875 0.00334877
6.5 1.125 0.00294993
6.5 3.375 0.00287605
6.5 5.625 0.00328569
6.5 7.875 0.0032043
6.5 10.125 0.00299613
6.5 12.375 0.00321466
6.5 14.625 0.00305412
6.5 16.875 0.00276268
6.5 19.125 0.00319693
6.5 21.375 0.00309115
6.5 23.625 0.00365716
6.5 25.875 0.00335074
6.5 28.125 0.0031092
6.5 30.375 0.0028561
6.5 32.625 0.00360673
6.5 34.875 0.00289163
6.5 37.125 0.00302187
6.5 39.375 0.00318497
6.5 41.625 0.0031678
6.5 43.875 0.00311834
6.7 1.125 0.00278262
6.7 3.375 0.00290804
6.7 5.625 0.00322922
6.7 7.875 0.0027841
6.7 10.125 0.00304919
6.7 12.375 0.00302219
6.7 14.625 0.00284413
6.7 16.875 0.00320945
6.7 19.125 0.00317602
6.7 21.375 0.00313968
6.7 23.625 0.00287783
6.7 25.875 0.00294252
6.7 28.125 0.00287921
6.7 30.375 0.00261231
6.7 32.625 0.00290519
6.7 34.875 0.00291293
6.7 37.125 0.00304633
6.7 39.375 0.00308159
6.7 41.625 0.00313223
6.7 43.875 0.00284082
6.9 1.125 0.00271202
6.9 3.375 0.00289852
6.9 5.625 0.00434321
6.9 7.875 0.00296678
6.9 10.125 0.0028433
6.9 12.375 0.00299516
6.9 14.625 0.0026695
6.9 16.875 0.00329375
6.9 19.125 0.00300979
6.9 21.375 0.00296078
6.9 23.625 0.00343483
6.9 25.875 0.00311107
6.9 28.125 0.00273553
6.9 30.375 0.00739409
6.9 32.625 0.00287737
6.9 34.875 0.00302386
6.9 37.125 0.00293724
6.9 39.375 0.00278718
6.9 41.625 0.00311917
6.9 43.875 0.00274584
7.1 1.125 0.00264666
7.1 3.375 0.00264349
7.1 5.625 0.00283864
7.1 7.875 0.004278
7.1 10.125 0.00344256
7.1 12.375 0.00303745
7.1 14.625 0.0035204
7.1 16.875 0.00297389
7.1 19.125 0.0027173
7.1 21.375 0.00281786
7.1 23.625 0.00282966
7.1 25.875 0.00353622
7.1 28.125 0.00309749
7.1 30.375 0.00268091
7.1 32.625 0.00272395
7.1 34.875 0.00287698
7.1 37.125 0.0030109
7.1 39.375 0.00282872
7.1 41.625 0.00280144
7.1 43.875 0.00273478
7.3 1.125 0.00781878
7.3 3.375 0.0084793
7.3 5.625 0.00267585
7.3 7.875 0.00264346
7.3 10.125 0.00290541
7.3 12.375 0.00261136
7.3 14.625 0.00277799
7.3 16.875 0.00250324
7.3 19.125 0.00285517
7.3 21.375 0.00282143
7.3 23.625 0.00299075
7.3 25.875 0.0029443
7.3 28.125 0.00310152
7.3 30.375 0.00257664
7.3 32.625 0.00260553
7.3 34.875 0.00267253
7.3 37.125 0.00288823
7.3 39.375 0.00241214
7.3 41.625 0.00312241
7.3 43.875 0.00293443
7.5 1.125 0.00284924
7.5 3.375 0.00267877
7.5 5.625 0.00239317
7.5 7.875 0.00217294
7.5 10.125 0.00255933
7.5 12.375 0.00261323
7.5 14.625 0.00331497
7.5 16.875 0.00285697
7.5 19.125 0.00292132
7.5 21.375 0.00272102
7.5 23.625 0.00312366
7.5 25.875 0.00273157
7.5 28.125 0.0026744
7.5 30.375 0.00291775
7.5 32.625 0.00314485
7.5 34.875 0.00295116
7.5 37.125 0.00254457
7.5 39.375 0.00361975
7.5 41.625 0.00282662
7.5 43.875 0.00250131
7.7 1.125 0.00365145
7.7 3.375 0.0074313
7.7 5.625 0.00232379
7.7 7.875 0.00720961
7.7 10.125 0.00305065
7.7 12.375 0.00268986
7.7 14.625 0.00276398
7.7 16.875 0.00260883
7.7 19.125 0.00303366
7.7 21.375 0.00261647
7.7 23.625 0.00287249
7.7 25.875 0.00242667
7.7 28.125 0.00291931
7.7 30.375 0.00273425
7.7 32.625 0.00268959
7.7 34.875 0.00249315
7.7 37.125 0.00274502
7.7 39.375 0.0029019
7.7 41.625 0.00319383
7.7 43.875 0.00239861
7.9 1.125 0.00241032
7.9 3.375 0.0022289
7.9 5.625 0.00689375
7.9 7.875 0.00331313
7.9 10.125 0.0109572
7.9 12.375 0.00253838
7.9 14.625 0.00305518
7.9 16.875 0.00293773
7.9 19.125 0.0048155
7.9 21.375 0.0026157
7.9 23.625 0.0025256
7.9 25.875 0.00343735
7.9 28.125 0.00218815
7.9 30.375 0.00270803
7.9 32.625 0.00259495
7.9 34.875 0.00248595
7.9 37.125 0.002787
7.9 39.375 0.00250345
7.9 41.625 0.00304924
7.9 43.875 0.00244372
8.1 1.125 0.00239085
8.1 3.375 0.0095811
8.1 5.625 0.00263265
8.1 7.875 0.0026482
8.1 10.125 0.00253531
8.1 12.375 0.00276792
8.1 14.625 0.00322343
8.1 16.875 0.00230061
8.1 19.125 0.00273962
8.1 21.375 0.00273503
8.1 23.625 0.00239173
8.1 25.875 0.00220338
8.1 28.125 0.00229575
8.1 30.375 0.00259217
8.1 32.625 0.00265356
8.1 34.875 0.00220608
8.1 37.125 0.00224198
8.1 39.375 0.00254933
8.1 41.625 0.00872153
8.1 43.875 0.00262946
8.3 1.125 0.00890423
8.3 3.375 0.00236091
8.3 5.625 0.00224626
8.3 7.875 0.00388545
8.3 10.125 0.011489
8.3 12.375 0.00243743
8.3 14.625 0.00863008
8.3 16.875 0.00302572
8.3 19.125 0.00241601
8.3 21.375 0.0024146
8.3 23.625 0.00230909
8.3 25.875 0.00261541
8.3 28.125 0.00302777
8.3 30.375 0.00259005
8.3 32.625 0.00246853
8.3 34.875 0.00243058
8.3 37.125 0.00246914
8.3 39.375 0.00239474
8.3 41.625 0.00241538
8.3 43.875 0.00235907
8.5 1.125 0.0107905
8.5 3.375 0.00238051
8.5 5.625 0.00211489
8.5 7.875 0.00253166
8.5 10.125 0.00225798
8.5 12.375 0.0108737
8.5 14.625 0.00243906
8.5 16.875 0.00246899
8.5 19.125 0.0026492
8.5 21.375 0.00240972
8.5 23.625 0.00244432
8.5 25.875 0.00260376
8.5 28.125 0.00241502
8.5 30.375 0.00250664
8.5 32.625 0.00298854
8.5 34.875 0.00245777
8.5 37.125 0.00272525
8.5 39.375 0.00285262
8.5 41.625 0.00211174
8.5 43.875 0.00230015
8.7 1.125 0.00218093
8.7 3.375 0.00238831
8.7 5.625 0.00222968
8.7 7.875 0.00221926
8.7 10.125 0.00254485
8.7 12.375 0.00263156
8.7 14.625 0.00253946
8.7 16.875 0.00660192
8.7 19.125 0.00299169
8.7 21.375 0.00235229
8.7 23.625 0.00283437
8.7 25.875 0.00260151
8.7 28.125 0.00226417
8.7 30.375 0.0026135
8.7 32.625 0.00235497
8.7 34.875 0.00237031
8.7 37.125 0.00257978
8.7 39.375 0.00243222
8.7 41.625 0.00272632
8.7 43.875 0.00212464
8.9 1.125 0.00227965
8.9 3.375 0.00236917
8.9 5.625 0.00238756
8.9 7.875 0.00240041
8.9 10.125 0.00223825
8.9 12.375 0.00215502
8.9 14.625 0.00318855
8.9 16.875 0.0026523
8.9 19.125 0.0021849
8.9 21.375 0.00266059
8.9 23.625 0.0025568
8.9 25.875 0.00232094
8.9 28.125 0.00265347
8.9 30.375 0.0024496
8.9 32.625 0.00258634
8.9 34.875 0.00254015
8.9 37.125 0.0024276
8.9 39.375 0.00220547
8.9 41.625 0.00248434
8.9 43.875 0.00236953
9.1 1.125 0.00251107
9.1 3.375 0.00231547
9.1 5.625 0.00238792
9.1 7.875 0.00291938
9.1 10.125 0.00246725
9.1 12.375 0.00240193
9.1 14.625 0.00242619
9.1 16.875 0.00241103
9.1 19.125 0.00269696
9.1 21.375 0.00217818
9.1 23.625 0.00535614
9.1 25.875 0.00236146
9.1 28.125 0.00232653
9.1 30.375 0.00220707
9.1 32.625 0.0114292
9.1 34.875 0.00217109
9.1 37.125 0.00228462
9.1 39.375 0.00336071
9.1 41.625 0.00267673
9.1 43.875 0.00219414
9.3 1.125 0.00209134
9.3 3.375 0.00231361
9.3 5.625 0.00213412
9.3 7.875 0.00243874
9.3 10.125 0.00230359
9.3 12.375 0.00258889
9.3 14.625 0.00260153
9.3 16.875 0.00251256
9.3 19.125 0.0022665
9.3 21.375 0.00203114
9.3 23.625 0.00218301
9.3 25.875 0.00242029
9.3 28.125 0.00221942
9.3 30.375 0.00221583
9.3 32.625 0.00239399
9.3 34.875 0.00475834
9.3 37.125 0.00231949
9.3 39.375 0.00259871
9.3 41.625 0.00280984
9.3 43.875 0.00234308
9.5 1.125 0.00218383
9.5 3.375 0.00230462
9.5 5.625 0.00225408
9.5 7.875 0.00237054
9.5 10.125 0.00240156
9.5 12.375 0.00248428
9.5 14.625 0.00256429
9.5 16.875 0.00209943
9.5 19.125 0.00199165
9.5 21.375 0.00272298
9.5 23.625 0.00236284
9.5 25.875 0.00233061
9.5 28.125 0.00224046
9.5 30.375 0.0116289
9.5 32.625 0.00274736
9.5 34.875 0.00218493
9.5 37.125 0.00219204
9.5 39.375 0.00231645
9.5 41.625 0.00229247
9.5 43.875 0.00201077
9.7 1.125 0.00264314
9.7 3.375 0.0111683
9.7 5.625 0.00231295
9.7 7.875 0.00222018
9.7 10.125 0.0024541
9.7 12.375 0.00236987
9.7 14.625 0.00201183
9.7 16.875 0.00215343
9.7 19.125 0.00207835
9.7 21.375 0.00257798
9.7 23.625 0.00233923
9.7 25.875 0.0022293
9.7 28.125 0.00224558
9.7 30.375 0.0047863
9.7 32.625 0.00246767
9.7 34.875 0.00215305
9.7 37.125 0.00230368
9.7 39.375 0.00243013
9.7 41.625 0.00347176
9.7 43.875 0.0025224
9.9 1.125 0.0131512
9.9 3.375 0.00218519
9.9 5.625 0.0021924
9.9 7.875 0.00200912
9.9 10.125 0.00242913
9.9 12.375 0.00205453
9.9 14.625 0.00233311
9.9 16.875 0.00231659
9.9 19.125 0.00206288
9.9 21.375 0.00218681
9.9 23.625 0.00234414
9.9 25.875 0.00208386
9.9 28.125 0.00206504
9.9 30.375 0.00197373
9.9 32.625 0.00225421
9.9 34.875 0.00230479
9.9 37.125 0.00292705
9.9 39.375 0.00212401
9.9 41.625 0.0020433
9.9 43.875 0.00268328
10.1 1.125 0.0023013
10.1 3.375 0.001923
10.1 5.625 0.00255511
10.1 7.875 0.00247543
10.1 10.125 0.00222853
10.1 12.375 0.00239887
10.1 14.625 0.00539034
10.1 16.875 0.00251636
10.1 19.125 0.00252884
10.1 21.375 0.00280803
10.1 23.625 0.00185838
10.1 25.875 0.00209971
10.1 28.125 0.00232875
10.1 30.375 0.00215384
10.1 32.625 0.00223291
10.1 34.875 0.00215919
10.1 37.125 0.00221206
10.1 39.375 0.00210964
10.1 41.625 0.00206782
10.1 43.875 0.00272988
10.3 1.125 0.00225494
10.3 3.375 0.0059506
10.3 5.625 0.00877111
10.3 7.875 0.00236565
10.3 10.125 0.00282476
10.3 12.375 0.00330751
10.3 14.625 0.012249
10.3 16.875 0.00241892
10.3 19.125 0.00207361
10.3 21.375 0.00216939
10.3 23.625 0.00242902
10.3 25.875 0.0025117
10.3 28.125 0.00230648
10.3 30.375 0.00242933
10.3 32.625 0.00191676
10.3 34.875 0.00283204
10.3 37.125 0.00237732
10.3 39.375 0.00240005
10.3 41.625 0.00218562
10.3 43.875 0.00221017
10.5 1.125 0.00246647
10.5 3.375 0.00259124
10.5 5.625 0.00239148
10.5 7.875 0.001997
10.5 10.125 0.00186502
10.5 12.375 0.00230733
10.5 14.625 0.00214109
10.5 16.875 0.0029771
10.5 19.125 0.0018809
10.5 21.375 0.00196352
10.5 23.625 0.00365992
10.5 25.875 0.00216441
10.5 28.125 0.00196118
10.5 30.375 0.00203385
10.5 32.625 0.00188841
10.5 34.875 0.0024976
10.5 37.125 0.0019738
10.5 39.375 0.00249904
10.5 41.625 0.00214303
10.5 43.875 0.00193816
10.7 1.125 0.00189168
10.7 3.375 0.00199326
10.7 5.625 0.00237539
10.7 7.875 0.0021747
10.7 10.125 0.00393236
10.7 12.375 0.00228063
10.7 14.625 0.00270406
10.7 16.875 0.00447108
10.7 19.125 0.00177595
10.7 21.375 0.00213472
10.7 23.625 0.00193035
10.7 25.875 0.00214083
10.7 28.125 0.00225624
10.7 30.375 0.00206415
10.7 32.625 0.00217384
10.7 34.875 0.00235327
10.7 37.125 0.00230449
10.7 39.375 0.00216262
10.7 41.625 0.00252428
10.7 43.875 0.00223839
10.9 1.125 0.00280961
10.9 3.375 0.00212947
10.9 5.625 0.00682206
10.9 7.875 0.0289753
10.9 10.125 0.00251623
10.9 12.375 0.00202265
10.9 14.625 0.00197105
10.9 16.875 0.00201054
10.9 19.125 0.0238153
10.9 21.375 0.00246102
10.9 23.625 0.00225867
10.9 25.875 0.0019821
10.9 28.125 0.00209759
10.9 30.375 0.00230956
10.9 32.625 0.00203199
10.9 34.875 0.00224846
10.9 37.125 0.00199752
10.9 39.375 0.00225312
10.9 41.625 0.00251355
10.9 43.875 0.00225754
11.1 1.125 0.00239442
11.1 3.375 0.00172723
11.1 5.625 0.00221523
11.1 7.875 0.00202418
11.1 10.125 0.00224429
11.1 12.375 0.00209856
11.1 14.625 0.00241162
11.1 16.875 0.00172992
11.1 19.125 0.00201727
11.1 21.375 0.00182628
11.1 23.625 0.00232066
11.1 25.875 0.00264567
11.1 28.125 0.00193017
11.1 30.375 0.00220612
11.1 32.625 0.00218035
11.1 34.875 0.00203219
11.1 37.125 0.00213152
11.1 39.375 0.00223549
11.1 41.625 0.00354055
11.1 43.875 0.0023651
11.3 1.125 0.00249559
11.3 3.375 0.00177391
11.3 5.625 0.00233147
11.3 7.875 0.00219252
11.3 10.125 0.00272048
11.3 12.375 0.00269837
11.3 14.625 0.00258466
11.3 16.875 0.00218347
11.3 19.125 0.00247653
11.3 21.375 0.00232825
11.3 23.625 0.00255745
11.3 25.875 0.00232928
11.3 28.125 0.00203555
11.3 30.375 0.00214957
11.3 32.625 0.00200948
11.3 34.875 0.00164419
11.3 37.125 0.00195184
11.3 39.375 0.00290237
11.3 41.625 0.00218604
11.3 43.875 0.00199519
11.5 1.125 0.00244895
11.5 3.375 0.00186569
11.5 5.625 0.00165796
11.5 7.875 0.00228017
11.5 10.125 0.00207636
11.5 12.375 0.0194474
11.5 14.625 0.00350847
11.5 16.875 0.00178923
11.5 19.125 0.00235284
11.5 21.375 0.00223616
11.5 23.625 0.00230572
11.5 25.875 0.00209193
11.5 28.125 0.0138436
11.5 30.375 0.00222622
11.5 32.625 0.00244884
11.5 34.875 0.0185576
11.5 37.125 0.00273795
11.5 39.375 0.00225757
11.5 41.625 0.00206879
11.5 43.875 0.00290897
11.7 1.125 0.00202016
11.7 3.375 0.00203264
11.7 5.625 0.00239702
11.7 7.875 0.00210523
11.7 10.125 0.00219853
11.7 12.375 0.00242754
11.7 14.625 0.00153945
11.7 16.875 0.00243974
11.7 19.125 0.00167144
11.7 21.375 0.00211123
11.7 23.625 0.00201509
11.7 25.875 0.0019848
11.7 28.125 0.00267354
11.7 30.375 0.00266539
11.7 32.625 0.00223563
11.7 34.875 0.00256244
11.7 37.125 0.00205053
11.7 39.375 0.00228674
11.7 41.625 0.00244753
11.7 43.875 0.00210742
11.9 1.125 0.0021599
11.9 3.375 0.00256771
11.9 5.625 0.00194343
11.9 7.875 0.00199944
11.9 10.125 0.00206154
11.9 12.375 0.00242901
11.9 14.625 0.0023657
11.9 16.875 0.00195946
11.9 19.125 0.00246466
11.9 21.375 0.00223805
11.9 23.625 0.00220126
11.9 25.875 0.00186102
11.9 28.125 0.00225823
11.9 30.375 0.00290069
11.9 32.625 0.00183924
11.9 34.875 0.00209846
11.9 37.125 0.00186704
11.9 39.375 0.00186128
11.9 41.625 0.00298828
11.9 43.875 0.00179244
12.1 1.125 0.00188668
12.1 3.375 0.00160598
12.1 5.625 0.00208438
12.1 7.875 0.00240296
12.1 10.125 0.00189654
12.1 12.375 0.00172812
12.1 14.625 0.00184596
12.1 16.875 0.00228222
12.1 19.125 0.00276808
12.1 21.375 0.00223225
12.1 23.625 0.00221623
12.1 25.875 0.00208507
12.1 28.125 0.00201722
12.1 30.375 0.00196539
12.1 32.625 0.00204418
12.1 34.875 0.00244826
12.1 37.125 0.00206292
12.1 39.375 0.00250704
12.1 41.625 0.00231905
12.1 43.875 0.00208037
12.3 1.125 0.00351468
12.3 3.375 0.0017904
12.3 5.625 0.00182108
12.3 7.875 0.00226051
12.3 10.125 0.00221701
12.3 12.375 0.00217116
12.3 14.625 0.00239365
12.3 16.875 0.00202759
12.3 19.125 0.00199351
12.3 21.375 0.00233971
12.3 23.625 0.0374361
12.3 25.875 0.00253103
12.3 28.125 0.00320212
12.3 30.375 0.00225711
12.3 32.625 0.0047461
12.3 34.875 0.0020994
12.3 37.125 0.00195446
12.3 39.375 0.00212275
12.3 41.625 0.00214685
12.3 43.875 0.00198526
12.5 1.125 0.00168178
12.5 3.375 0.0020591
12.5 5.625 0.00171032
12.5 7.875 0.00247456
12.5 10.125 0.00236042
12.5 12.375 0.00376601
12.5 14.625 0.00203835
12.5 16.875 0.00249889
12.5 19.125 0.0021328
12.5 21.375 0.00262192
12.5 23.625 0.00185102
12.5 25.875 0.00238061
12.5 28.125 0.00226963
12.5 30.375 0.00245508
12.5 32.625 0.00210641
12.5 34.875 0.0020458
12.5 37.125 0.00224731
12.5 39.375 0.00204711
12.5 41.625 0.00318305
12.5 43.875 0.00205126
12.7 1.125 0.00218402
12.7 3.375 0.00219848
12.7 5.625 0.00194595
12.7 7.875 0.00191633
12.7 10.125 0.00193532
12.7 12.375 0.00232271
12.7 14.625 0.00220285
12.7 16.875 0.00243943
12.7 19.125 0.00216713
12.7 21.375 0.00197887
12.7 23.625 0.00198754
12.7 25.875 0.00173252
12.7 28.125 0.00229518
12.7 30.375 0.00232989
12.7 32.625 0.00175247
12.7 34.875 0.00230377
12.7 37.125 0.00250623
12.7 39.375 0.00177498
12.7 41.625 0.00208002
12.7 43.875 0.00248531
12.9 1.125 0.00214712
12.9 3.375 0.00186945
12.9 5.625 0.00227752
12.9 7.875 0.00235492
12.9 10.125 0.00195123
12.9 12.375 0.00396719
12.9 14.625 0.00240389
12.9 16.875 0.00211473
12.9 19.125 0.00417199
12.9 21.375 0.00229792
12.9 23.625 0.0021053
12.9 25.875 0.00259886
12.9 28.125 0.00186445
12.9 30.375 0.00220288
12.9 32.625 0.00171313
12.9 34.875 0.0020142
12.9 37.125 0.00259453
12.9 39.375 0.00187117
12.9 41.625 0.00221261
12.9 43.875 0.00203558
13.1 1.125 0.00206033
13.1 3.375 0.0024354
13.1 5.625 0.00189611
13.1 7.875 0.00277028
13.1 10.125 0.00220823
13.1 12.375 0.00228246
13.1 14.625 0.00244219
13.1 16.875 0.00187001
13.1 19.125 0.0015149
13.1 21.375 0.00174144
13.1 23.625 0.00179863
13.1 25.875 0.00258973
13.1 28.125 0.00182837
13.1 30.375 0.00228664
13.1 32.625 0.00221246
13.1 34.875 0.00283103
13.1 37.125 0.00176537
13.1 39.375 0.00213526
13.1 41.625 0.00209758
13.1 43.875 0.00216026
13.3 1.125 0.00132434
13.3 3.375 0.00201705
13.3 5.625 0.00217998
13.3 7.875 0.002396
13.3 10.125 0.0017815
13.3 12.375 0.00261654
13.3 14.625 0.00197698
13.3 16.875 0.0022921
13.3 19.125 0.00192622
13.3 21.375 0.00215439
13.3 23.625 0.00270539
13.3 25.875 0.00225695
13.3 28.125 0.00248262
13.3 30.375 0.00220811
13.3 32.625 0.00360066
13.3 34.875 0.00192958
13.3 37.125 0.002317
13.3 39.375 0.00151664
13.3 41.625 0.00197422
13.3 43.875 0.00174618
13.5 1.125 0.00284176
13.5 3.375 0.00194911
13.5 5.625 0.00192874
13.5 7.875 0.0023598
13.5 10.125 0.00257012
13.5 12.375 0.00250068
13.5 14.625 0.00195426
13.5 16.875 0.00240012
13.5 19.125 0.00524214
13.5 21.375 0.00209535
13.5 23.625 0.00206349
13.5 25.875 0.00193813
13.5 28.125 0.00291847
13.5 30.375 0.0036058
13.5 32.625 0.0027423
13.5 34.875 0.00195969
13.5 37.125 0.00222491
13.5 39.375 0.00147773
13.5 41.625 0.00305671
13.5 43.875 0.00166122
13.7 1.125 0.00195075
13.7 3.375 0.00158432
13.7 5.625 0.00242733
13.7 7.875 0.00241449
13.7 10.125 0.00186925
13.7 12.375 0.00167591
13.7 14.625 0.0022517
13.7 16.875 0.00260312
13.7 19.125 0.00273178
13.7 21.375 0.00205321
13.7 23.625 0.00176605
13.7 25.875 0.00205101
13.7 28.125 0.00169024
13.7 30.375 0.0017398
13.7 32.625 0.00168034
13.7 34.875 0.00193033
13.7 37.125 0.0015963
13.7 39.375 0.00247333
13.7 41.625 0.00199164
13.7 43.875 0.00202128
13.9 1.125 0.00224625
13.9 3.375 0.00255727
13.9 5.625 0.00196454
13.9 7.875 0.00248115
13.9 10.125 0.00210205
13.9 12.375 0.00316857
13.9 14.625 0.00172572
13.9 16.875 0.0017037
13.9 19.125 0.0026905
13.9 21.375 0.00190726
13.9 23.625 0.00235532
13.9 25.875 0.00185363
13.9 28.125 0.00184352
13.9 30.375 0.00195517
13.9 32.625 0.00208728
13.9 34.875 0.00193376
13.9 37.125 0.00151442
13.9 39.375 0.00253315
13.9 41.625 0.00186386
13.9 43.875 0.00213886
