0.1 3.375 0.689854
0.1 5.625 0.670812
0.1 7.875 0.662138
0.1 12.375 0.692697
0.1 14.625 0.566183
0.1 16.875 0.689087
0.1 25.875 0.65513
0.1 30.375 0.664961
0.1 32.625 0.636416
0.1 37.125 0.684998
0.1 39.375 0.663341
0.1 41.625 0.657754
0.1 43.875 0.657796
0.3 1.125 0.579168
0.3 3.375 0.647741
0.3 5.625 0.656762
0.3 7.875 0.639604
0.3 10.125 0.64343
0.3 12.375 0.652583
0.3 14.625 0.660393
0.3 16.875 0.661675
0.3 19.125 0.643095
0.3 21.375 0.63904
0.3 23.625 0.588671
0.3 25.875 0.650744
0.3 28.125 0.623983
0.3 30.375 0.648672
0.3 32.625 0.661278
0.3 34.875 0.650504
0.3 37.125 0.652632
0.3 39.375 0.6277
0.3 41.625 0.642132
0.3 43.875 0.656635
0.5 1.125 0.597133
0.5 3.375 0.619828
0.5 5.625 0.631364
0.5 7.875 0.629604
0.5 10.125 0.616892
0.5 12.375 0.637395
0.5 14.625 0.626788
0.5 16.875 0.63169
0.5 19.125 0.636515
0.5 21.375 0.621909
0.5 23.625 0.62992
0.5 25.875 0.632808
0.5 28.125 0.613795
0.5 30.375 0.635746
0.5 32.625 0.605437
0.5 34.875 0.627633
0.5 37.125 0.623082
0.5 39.375 0.625576
0.5 41.625 0.599441
0.5 43.875 0.6113
0.7 1.125 0.595994
0.7 3.375 0.595313
0.7 5.625 0.605436
0.7 7.875 0.580445
0.7 10.125 0.598853
0.7 12.375 0.608125
0.7 14.625 0.610947
0.7 16.875 0.601643
0.7 19.125 0.58245
0.7 21.375 0.583626
0.7 23.625 0.576055
0.7 25.875 0.59241
0.7 28.125 0.595899
0.7 30.375 0.575933
0.7 32.625 0.595337
0.7 34.875 0.587436
0.7 37.125 0.597055
0.7 39.375 0.590935
0.7 41.625 0.591602
0.7 43.875 0.607092
0.9 1.125 0.56171
0.9 3.375 0.55562
0.9 5.625 0.527098
0.9 7.875 0.546766
0.9 10.125 0.550742
0.9 12.375 0.540486
0.9 14.625 0.537117
0.9 16.875 0.51599
0.9 19.125 0.534043
0.9 21.375 0.508136
0.9 23.625 0.5281
0.9 25.875 0.531087
0.9 28.125 0.533941
0.9 30.375 0.545354
0.9 32.625 0.530162
0.9 34.875 0.535223
0.9 37.125 0.5445
0.9 39.375 0.529051
0.9 41.625 0.523653
0.9 43.875 0.538267
1.1 1.125 0.433726
1.1 3.375 0.426386
1.1 5.625 0.392997
1.1 7.875 0.400411
1.1 10.125 0.427753
1.1 12.375 0.426254
1.1 14.625 0.42424
1.1 16.875 0.430752
1.1 19.125 0.447318
1.1 21.375 0.369509
1.1 23.625 0.448562
1.1 25.875 0.441464
1.1 28.125 0.4296
1.1 30.375 0.462568
1.1 32.625 0.444532
1.1 34.875 0.472709
1.1 37.125 0.454177
1.1 39.375 0.475737
1.1 41.625 0.474781
1.1 43.875 0.487533
1.3 1.125 0.270553
1.3 3.375 0.290238
1.3 5.625 0.297513
1.3 7.875 0.307841
1.3 10.125 0.271879
1.3 12.375 0.279812
1.3 14.625 0.298887
1.3 16.875 0.304236
1.3 19.125 0.315132
1.3 21.375 0.331258
1.3 23.625 0.338582
1.3 25.875 0.32998
1.3 28.125 0.351718
1.3 30.375 0.377749
1.3 32.625 0.351574
1.3 34.875 0.37934
1.3 37.125 0.407854
1.3 39.375 0.38111
1.3 41.625 0.420409
1.3 43.875 0.423593
1.5 1.125 0.143852
1.5 3.375 0.158886
1.5 5.625 0.15641
1.5 7.875 0.159477
1.5 10.125 0.201996
1.5 12.375 0.204186
1.5 14.625 0.201508
1.5 16.875 0.207306
1.5 19.125 0.235382
1.5 21.375 0.208672
1.5 23.625 0.224193
1.5 25.875 0.183031
1.5 28.125 0.229937
1.5 30.375 0.260673
1.5 32.625 0.272056
1.5 34.875 0.260389
1.5 37.125 0.287198
1.5 39.375 0.263387
1.5 41.625 0.277072
1.5 43.875 0.282029
1.7 1.125 0.0951439
1.7 3.375 0.100895
1.7 5.625 0.0890083
1.7 7.875 0.105196
1.7 10.125 0.115421
1.7 12.375 0.126513
1.7 14.625 0.115889
1.7 16.875 0.125158
1.7 19.125 0.141853
1.7 21.375 0.139707
1.7 23.625 0.133188
1.7 25.875 0.134963
1.7 28.125 0.13987
1.7 30.375 0.138897
1.7 32.625 0.173798
1.7 34.875 0.16937
1.7 37.125 0.160669
1.7 39.375 0.198494
1.7 41.625 0.183442
1.7 43.875 0.211744
1.9 1.125 0.0595052
1.9 3.375 0.0600201
1.9 5.625 0.0576386
1.9 7.875 0.064878
1.9 10.125 0.0685254
1.9 12.375 0.0695667
1.9 14.625 0.0777268
1.9 16.875 0.0766468
1.9 19.125 0.0764874
1.9 21.375 0.0788924
1.9 23.625 0.0759758
1.9 25.875 0.0903451
1.9 28.125 0.0886553
1.9 30.375 0.0944109
1.9 32.625 0.102218
1.9 34.875 0.107928
1.9 37.125 0.105114
1.9 39.375 0.115442
1.9 41.625 0.119632
1.9 43.875 0.110469
2.1 1.125 0.039484
2.1 3.375 0.0378038
2.1 5.625 0.0443966
2.1 7.875 0.0396042
2.1 10.125 0.0439401
2.1 12.375 0.041099
2.1 14.625 0.0481991
2.1 16.875 0.0420945
2.1 19.125 0.0535946
2.1 21.375 0.0477359
2.1 23.625 0.0529702
2.1 25.875 0.0555642
2.1 28.125 0.0621935
2.1 30.375 0.0654524
2.1 32.625 0.0573644
2.1 34.875 0.0680033
2.1 37.125 0.0643773
2.1 39.375 0.0721834
2.1 41.625 0.0651051
2.1 43.875 0.076069
2.3 1.125 0.0221089
2.3 3.375 0.0245375
2.3 5.625 0.0250316
2.3 7.875 0.0244468
2.3 10.125 0.0269358
2.3 12.375 0.028235
2.3 14.625 0.0268881
2.3 16.875 0.0283304
2.3 19.125 0.0324928
2.3 21.375 0.0325949
2.3 23.625 0.0383795
2.3 25.875 0.035603
2.3 28.125 0.0390261
2.3 30.375 0.0412274
2.3 32.625 0.0424039
2.3 34.875 0.0405401
2.3 37.125 0.0409961
2.3 39.375 0.0446028
2.3 41.625 0.046507
2.3 43.875 0.04361
2.5 1.125 0.0153343
2.5 3.375 0.0165807
2.5 5.625 0.0162819
2.5 7.875 0.0151234
2.5 10.125 0.0185238
2.5 12.375 0.0165636
2.5 14.625 0.0155612
2.5 16.875 0.0166203
2.5 19.125 0.0188636
2.5 21.375 0.020119
2.5 23.625 0.0209866
2.5 25.875 0.0257856
2.5 28.125 0.0257542
2.5 30.375 0.0288734
2.5 32.625 0.0287862
2.5 34.875 0.0293867
2.5 37.125 0.0311997
2.5 39.375 0.0315813
2.5 41.625 0.0385846
2.5 43.875 0.0292815
2.7 1.125 0.0154991
2.7 3.375 0.0147785
2.7 5.625 0.0158113
2.7 7.875 0.0152667
2.7 10.125 0.014306
2.7 12.375 0.014486
2.7 14.625 0.0140312
2.7 16.875 0.0126813
2.7 19.125 0.0132207
2.7 21.375 0.0136101
2.7 23.625 0.014181
2.7 25.875 0.0149964
2.7 28.125 0.0173535
2.7 30.375 0.0218875
2.7 32.625 0.0203785
2.7 34.875 0.0209418
2.7 37.125 0.0209466
2.7 39.375 0.0200384
2.7 41.625 0.0193307
2.7 43.875 0.0211808
2.9 1.125 0.0129372
2.9 3.375 0.0140172
2.9 5.625 0.0124171
2.9 7.875 0.0164067
2.9 10.125 0.0123158
2.9 12.375 0.0114314
2.9 14.625 0.0123193
2.9 16.875 0.0132978
2.9 19.125 0.0116894
2.9 21.375 0.0129102
2.9 23.625 0.013754
2.9 25.875 0.0130687
2.9 28.125 0.0131472
2.9 30.375 0.013211
2.9 32.625 0.0137289
2.9 34.875 0.0132772
2.9 37.125 0.0165106
2.9 39.375 0.0166013
2.9 41.625 0.015144
2.9 43.875 0.0156857
3.1 1.125 0.0121387
3.1 3.375 0.0110394
3.1 5.625 0.012462
3.1 7.875 0.0104713
3.1 10.125 0.00895979
3.1 12.375 0.0107108
3.1 14.625 0.0108343
3.1 16.875 0.00889453
3.1 19.125 0.0106206
3.1 21.375 0.0127606
3.1 23.625 0.0123787
3.1 25.875 0.0111537
3.1 28.125 0.0118243
3.1 30.375 0.0114613
3.1 32.625 0.0110428
3.1 34.875 0.0118793
3.1 37.125 0.0119712
3.1 39.375 0.0131113
3.1 41.625 0.01343
3.1 43.875 0.0132339
3.3 1.125 0.00944374
3.3 3.375 0.0102545
3.3 5.625 0.00960079
3.3 7.875 0.0104207
3.3 10.125 0.0108055
3.3 12.375 0.0106978
3.3 14.625 0.00975381
3.3 16.875 0.00919283
3.3 19.125 0.00975359
3.3 21.375 0.0106105
3.3 23.625 0.0118793
3.3 25.875 0.00957116
3.3 28.125 0.0109808
3.3 30.375 0.0120164
3.3 32.625 0.00937784
3.3 34.875 0.0122959
3.3 37.125 0.0116016
3.3 39.375 0.0104922
3.3 41.625 0.0118231
3.3 43.875 0.0117912
3.5 1.125 0.00905993
3.5 3.375 0.0087695
3.5 5.625 0.0100217
3.5 7.875 0.0112763
3.5 10.125 0.00987246
3.5 12.375 0.00917578
3.5 14.625 0.0088677
3.5 16.875 0.00948116
3.5 19.125 0.0102956
3.5 21.375 0.00850082
3.5 23.625 0.0119747
3.5 25.875 0.01254
3.5 28.125 0.010323
3.5 30.375 0.00980865
3.5 32.625 0.00926364
3.5 34.875 0.00885789
3.5 37.125 0.01164
3.5 39.375 0.0092056
3.5 41.625 0.0101567
3.5 43.875 0.0085276
3.7 1.125 0.00930471
3.7 3.375 0.00838539
3.7 5.625 0.00921475
3.7 7.875 0.00844364
3.7 10.125 0.00881213
3.7 12.375 0.0092931
3.7 14.625 0.0105248
3.7 16.875 0.00850341
3.7 19.125 0.009219
3.7 21.375 0.00768928
3.7 23.625 0.00942176
3.7 25.875 0.00860008
3.7 28.125 0.00903758
3.7 30.375 0.00972754
3.7 32.625 0.00850704
3.7 34.875 0.00971281
3.7 37.125 0.00802353
3.7 39.375 0.00944324
3.7 41.625 0.0077268
3.7 43.875 0.00945698
3.9 1.125 0.00870793
3.9 3.375 0.00850278
3.9 5.625 0.00882964
3.9 7.875 0.00842384
3.9 10.125 0.00892618
3.9 12.375 0.00769049
3.9 14.625 0.0095747
3.9 16.875 0.0107898
3.9 19.125 0.00832694
3.9 21.375 0.00859425
3.9 23.625 0.010114
3.9 25.875 0.00958218
3.9 28.125 0.0088941
3.9 30.375 0.00845278
3.9 32.625 0.00747154
3.9 34.875 0.00785641
3.9 37.125 0.00752617
3.9 39.375 0.00806798
3.9 41.625 0.00850754
3.9 43.875 0.00768071
4.1 1.125 0.00800835
4.1 3.375 0.00798506
4.1 5.625 0.00817512
4.1 7.875 0.00788813
4.1 10.125 0.0110316
4.1 12.375 0.00936972
4.1 14.625 0.00704547
4.1 16.875 0.00739633
4.1 19.125 0.00966559
4.1 21.375 0.00928214
4.1 23.625 0.00812176
4.1 25.875 0.00957672
4.1 28.125 0.00741063
4.1 30.375 0.00885771
4.1 32.625 0.00834643
4.1 34.875 0.00755421
4.1 37.125 0.00768031
4.1 39.375 0.0073143
4.1 41.625 0.00764914
4.1 43.875 0.00773439
4.3 1.125 0.00704565
4.3 3.375 0.00773402
4.3 5.625 0.00825146
4.3 7.875 0.00579573
4.3 10.125 0.00754038
4.3 12.375 0.00863341
4.3 14.625 0.00652288
4.3 16.875 0.0084081
4.3 19.125 0.0109571
4.3 21.375 0.00719635
4.3 23.625 0.00903738
4.3 25.875 0.00758393
4.3 28.125 0.00869252
4.3 30.375 0.00877596
4.3 32.625 0.00823236
4.3 34.875 0.00682698
4.3 37.125 0.00895772
4.3 39.375 0.00836504
4.3 41.625 0.00638653
4.3 43.875 0.0069064
4.5 1.125 0.00675027
4.5 3.375 0.00709302
4.5 5.625 0.00641237
4.5 7.875 0.00830785
4.5 10.125 0.00631549
4.5 12.375 0.00640664
4.5 14.625 0.00759743
4.5 16.875 0.00822774
4.5 19.125 0.0084886
4.5 21.375 0.00788164
4.5 23.625 0.00662877
4.5 25.875 0.00771649
4.5 28.125 0.00796047
4.5 30.375 0.00890711
4.5 32.625 0.00878334
4.5 34.875 0.00750726
4.5 37.125 0.00712281
4.5 39.375 0.00688
4.5 41.625 0.00695081
4.5 43.875 0.00767542
4.7 1.125 0.00751112
4.7 3.375 0.00741137
4.7 5.625 0.00723354
4.7 7.875 0.00668352
4.7 10.125 0.00576697
4.7 12.375 0.00706257
4.7 14.625 0.00806179
4.7 16.875 0.00738048
4.7 19.125 0.00706096
4.7 21.375 0.00771054
4.7 23.625 0.00771169
4.7 25.875 0.0065773
4.7 28.125 0.00829392
4.7 30.375 0.00739612
4.7 32.625 0.00681119
4.7 34.875 0.00659326
4.7 37.125 0.0193582
4.7 39.375 0.00696427
4.7 41.625 0.00729453
4.7 43.875 0.00732963
4.9 1.125 0.00598623
4.9 3.375 0.00685198
4.9 5.625 0.00740987
4.9 7.875 0.00688421
4.9 10.125 0.0073591
4.9 12.375 0.0062177
4.9 14.625 0.00767196
4.9 16.875 0.00709533
4.9 19.125 0.00677825
4.9 21.375 0.00702672
4.9 23.625 0.00681607
4.9 25.875 0.00759819
4.9 28.125 0.00743554
4.9 30.375 0.00682073
4.9 32.625 0.00658424
4.9 34.875 0.0076779
4.9 37.125 0.00624151
4.9 39.375 0.00703674
4.9 41.625 0.00606323
4.9 43.875 0.00980148
5.1 1.125 0.00639108
5.1 3.375 0.00721917
5.1 5.625 0.00717979
5.1 7.875 0.00633572
5.1 10.125 0.00572879
5.1 12.375 0.00688839
5.1 14.625 0.00690894
5.1 16.875 0.00548952
5.1 19.125 0.00732911
5.1 21.375 0.00689734
5.1 23.625 0.00657215
5.1 25.875 0.0075871
5.1 28.125 0.0064741
5.1 30.375 0.00650911
5.1 32.625 0.00716456
5.1 34.875 0.00810615
5.1 37.125 0.00677881
5.1 39.375 0.00551581
5.1 41.625 0.00795779
5.1 43.875 0.0065267
5.3 1.125 0.00597418
5.3 3.375 0.00621706
5.3 5.625 0.00579431
5.3 7.875 0.00684503
5.3 10.125 0.00676425
5.3 12.375 0.00577822
5.3 14.625 0.00572402
5.3 16.875 0.00564599
5.3 19.125 0.00605022
5.3 21.375 0.00607
5.3 23.625 0.00652947
5.3 25.875 0.00665238
5.3 28.125 0.00712572
5.3 30.375 0.00684085
5.3 32.625 0.00653741
5.3 34.875 0.00718679
5.3 37.125 0.00724314
5.3 39.375 0.00547001
5.3 41.625 0.00694421
5.3 43.875 0.00550883
5.5 1.125 0.00665911
5.5 3.375 0.0063272
5.5 5.625 0.00585043
5.5 7.875 0.00586322
5.5 10.125 0.0066048
5.5 12.375 0.00431987
5.5 14.625 0.00527134
5.5 16.875 0.00516713
5.5 19.125 0.00557793
5.5 21.375 0.0063472
5.5 23.625 0.00622552
5.5 25.875 0.00589539
5.5 28.125 0.0057713
5.5 30.375 0.00588315
5.5 32.625 0.00720248
5.5 34.875 0.00634507
5.5 37.125 0.00565421
5.5 39.375 0.00618992
5.5 41.625 0.00799327
5.5 43.875 0.00609802
5.7 1.125 0.00618947
5.7 3.375 0.00609644
5.7 5.625 0.00673026
5.7 7.875 0.00541883
5.7 10.125 0.00524222
5.7 12.375 0.00714315
5.7 14.625 0.00568043
5.7 16.875 0.00649261
5.7 19.125 0.00702495
5.7 21.375 0.00554776
5.7 23.625 0.00574167
5.7 25.875 0.00509987
5.7 28.125 0.00550437
5.7 30.375 0.00584502
5.7 32.625 0.00631463
5.7 34.875 0.00513826
5.7 37.125 0.00565557
5.7 39.375 0.00635621
5.7 41.625 0.00712278
5.7 43.875 0.00741132
5.9 1.125 0.00595293
5.9 3.375 0.00616064
5.9 5.625 0.0058725
5.9 7.875 0.00657695
5.9 10.125 0.00715528
5.9 12.375 0.00576032
5.9 14.625 0.00575026
5.9 16.875 0.00524329
5.9 19.125 0.00664253
5.9 21.375 0.0062339
5.9 23.625 0.00853353
5.9 25.875 0.00548815
5.9 28.125 0.00508532
5.9 30.375 0.00513587
5.9 32.625 0.0050657
5.9 34.875 0.00585576
5.9 37.125 0.00632683
5.9 39.375 0.00679577
5.9 41.625 0.00681072
5.9 43.875 0.007175
6.1 1.125 0.00631379
6.1 3.375 0.00528806
6.1 5.625 0.00671408
6.1 7.875 0.00716243
6.1 10.125 0.00534586
6.1 12.375 0.00502539
6.1 14.625 0.00577365
6.1 16.875 0.00546577
6.1 19.125 0.00637898
6.1 21.375 0.00746457
6.1 23.625 0.0148769
6.1 25.875 0.0066945
6.1 28.125 0.00470358
6.1 30.375 0.00699849
6.1 32.625 0.00641059
6.1 34.875 0.00635944
6.1 37.125 0.00509191
6.1 39.375 0.00598907
6.1 41.625 0.0045381
6.1 43.875 0.00677122
6.3 1.125 0.00492027
6.3 3.375 0.00551791
6.3 5.625 0.00676183
6.3 7.875 0.00462603
6.3 10.125 0.00460363
6.3 12.375 0.00418367
6.3 14.625 0.00632592
6.3 16.875 0.00520882
6.3 19.125 0.00557395
6.3 21.375 0.00586917
6.3 23.625 0.00533448
6.3 25.875 0.00488686
6.3 28.125 0.00497477
6.3 30.375 0.00531348
6.3 32.625 0.00408575
6.3 34.875 0.00538687
6.3 37.125 0.00633679
6.3 39.375 0.00593649
6.3 41.625 0.00509861
6.3 43.875 0.00555382
6.5 1.125 0.00540296
6.5 3.375 0.00780271
6.5 5.625 0.00504357
6.5 7.875 0.00695853
6.5 10.125 0.00602014
6.5 12.375 0.00476996
6.5 14.625 0.00530047
6.5 16.875 0.00737241
6.5 19.125 0.00693343
6.5 21.375 0.00647719
6.5 23.625 0.00559716
6.5 25.875 0.00521889
6.5 28.125 0.00663521
6.5 30.375 0.00736292
6.5 32.625 0.00545209
6.5 34.875 0.0107943
6.5 37.125 0.00558919
6.5 39.375 0.00491031
6.5 41.625 0.00504853
6.5 43.875 0.00614663
6.7 1.125 0.005271
6.7 3.375 0.00384148
6.7 5.625 0.0052298
6.7 7.875 0.00571217
6.7 10.125 0.00477026
6.7 12.375 0.005129
6.7 14.625 0.00569016
6.7 16.875 0.00654569
6.7 19.125 0.0051237
6.7 21.375 0.00566898
6.7 23.625 0.00569965
6.7 25.875 0.0091961
6.7 28.125 0.00677709
6.7 30.375 0.00777081
6.7 32.625 0.00508616
6.7 34.875 0.00457784
6.7 37.125 0.00480449
6.7 39.375 0.00631881
6.7 41.625 0.0053922
6.7 43.875 0.00610758
6.9 1.125 0.00437668
6.9 3.375 0.00457885
6.9 5.625 0.0047787
6.9 7.875 0.00592428
6.9 10.125 0.00690835
6.9 12.375 0.0048899
6.9 14.625 0.00492537
6.9 16.875 0.00454199
6.9 19.125 0.00677118
6.9 21.375 0.00497463
6.9 23.625 0.00547597
6.9 25.875 0.00405274
6.9 28.125 0.00492766
6.9 30.375 0.00451285
6.9 34.875 0.00464605
6.9 37.125 0.00540335
6.9 39.375 0.00623237
6.9 41.625 0.00534691
6.9 43.875 0.00499926
7.1 1.125 0.00596847
7.1 3.375 0.00477507
7.1 5.625 0.00526757
7.1 7.875 0.00456929
7.1 10.125 0.00443464
7.1 12.375 0.00427177
7.1 14.625 0.00605051
7.1 16.875 0.00540027
7.1 19.125 0.00614939
7.1 21.375 0.00552051
7.1 23.625 0.00516995
7.1 25.875 0.00493013
7.1 28.125 0.00764962
7.1 30.375 0.00823342
7.1 32.625 0.00573653
7.1 34.875 0.00909228
7.1 37.125 0.00488934
7.1 39.375 0.00553873
7.1 41.625 0.00493087
7.1 43.875 0.00528808
7.3 1.125 0.00571082
7.3 3.375 0.00527066
7.3 5.625 0.00615
7.3 7.875 0.00555122
7.3 10.125 0.00578693
7.3 12.375 0.00484561
7.3 14.625 0.00486135
7.3 16.875 0.00616336
7.3 19.125 0.00525801
7.3 21.375 0.00664866
7.3 23.625 0.00475679
7.3 25.875 0.00595768
7.3 30.375 0.00361961
7.3 32.625 0.00457501
7.3 34.875 0.0066857
7.3 37.125 0.00698194
7.3 39.375 0.00675536
7.3 41.625 0.00804586
7.3 43.875 0.00539788
7.5 1.125 0.00429877
7.5 3.375 0.00437487
7.5 5.625 0.0041234
7.5 7.875 0.00470821
7.5 10.125 0.0046106
7.5 12.375 0.00687114
7.5 14.625 0.00481701
7.5 16.875 0.00522956
7.5 19.125 0.00677913
7.5 21.375 0.00712914
7.5 23.625 0.0061314
7.5 25.875 0.00718945
7.5 28.125 0.00506709
7.5 30.375 0.0060803
7.5 32.625 0.00552989
7.5 34.875 0.00576164
7.5 37.125 0.00471196
7.5 39.375 0.00432583
7.5 41.625 0.00419923
7.5 43.875 0.0488842
7.7 1.125 0.0051233
7.7 3.375 0.0057686
7.7 5.625 0.00513653
7.7 7.875 0.00397915
7.7 10.125 0.0051439
7.7 12.375 0.00499776
7.7 14.625 0.00638026
7.7 16.875 0.00459982
7.7 19.125 0.005326
7.7 21.375 0.00590547
7.7 23.625 0.00506387
7.7 25.875 0.00493391
7.7 28.125 0.00650431
7.7 30.375 0.00393235
7.7 32.625 0.00467849
7.7 34.875 0.00489561
7.7 37.125 0.0048841
7.7 39.375 0.00523239
7.7 41.625 0.0057911
7.7 43.875 0.00572864
7.9 1.125 0.00459582
7.9 5.625 0.00620388
7.9 7.875 0.00482436
7.9 10.125 0.00572289
7.9 12.375 0.00550714
7.9 14.625 0.00459217
7.9 16.875 0.00553307
7.9 19.125 0.00551066
7.9 21.375 0.00597313
7.9 23.625 0.0048365
7.9 25.875 0.00501217
7.9 28.125 0.00616166
7.9 30.375 0.00556807
7.9 32.625 0.00548481
7.9 34.875 0.00656121
7.9 37.125 0.00460115
7.9 39.375 0.00625277
7.9 41.625 0.00409283
8.1 1.125 0.00515409
8.1 3.375 0.00461552
8.1 5.625 0.00629998
8.1 10.125 0.00471094
8.1 12.375 0.0112143
8.1 14.625 0.00481746
8.1 16.875 0.00454647
8.1 19.125 0.00531996
8.1 21.375 0.00681271
8.1 23.625 0.00514882
8.1 25.875 0.00512173
8.1 28.125 0.00477757
8.1 30.375 0.00503102
8.1 32.625 0.00513988
8.1 34.875 0.00568122
8.1 37.125 0.00714412
8.1 39.375 0.0048312
8.1 41.625 0.00819561
8.1 43.875 0.00518573
8.3 1.125 0.00438716
8.3 10.125 0.00363121
8.3 12.375 0.00538825
8.3 14.625 0.00553631
8.3 16.875 0.0615397
8.3 21.375 0.00782562
8.3 25.875 0.00387019
8.3 28.125 0.00644294
8.3 30.375 0.00373319
8.3 32.625 0.0105121
8.3 34.875 0.00510621
8.3 37.125 0.00791558
8.3 39.375 0.00579755
8.3 41.625 0.00591306
8.5 3.375 0.0045671
8.5 5.625 0.00518919
8.5 7.875 0.00379605
8.5 14.625 0.00665348
8.5 16.875 0.00505216
8.5 19.125 0.00841293
8.5 23.625 0.00586742
8.5 25.875 0.00629348
8.5 28.125 0.00456893
8.5 30.375 0.00541869
8.5 32.625 0.00542374
8.5 34.875 0.00625477
8.5 37.125 0.00539818
8.5 39.375 0.00556382
8.7 1.125 0.00684308
8.7 3.375 0.00457094
8.7 10.125 0.00708152
8.7 12.375 0.00522447
8.7 14.625 0.0052613
8.7 16.875 0.00542308
8.7 19.125 0.00460981
8.7 21.375 0.00675455
8.7 23.625 0.00531324
8.7 25.875 0.00658277
8.7 30.375 0.00464506
8.7 32.625 0.00370393
8.7 34.875 0.00471336
8.7 37.125 0.00360312
8.7 39.375 0.00826511
8.9 1.125 0.00379725
8.9 3.375 0.00663434
8.9 5.625 0.00382608
8.9 14.625 0.00562745
8.9 16.875 0.0051428
8.9 21.375 0.00719298
8.9 23.625 0.00544402
8.9 28.125 0.005729
8.9 30.375 0.00441037
8.9 32.625 0.00637593
8.9 34.875 0.00445746
8.9 37.125 0.00392912
8.9 39.375 0.00406824
9.1 3.375 0.00427021
9.1 7.875 0.00343761
9.1 12.375 0.00642764
9.1 14.625 0.00656535
9.1 16.875 0.00565164
9.1 25.875 0.00665696
9.1 28.125 0.00797464
9.1 30.375 0.0191769
9.1 32.625 0.00446905
9.1 37.125 0.00358041
9.1 39.375 0.00477088
9.3 1.125 0.00520796
9.3 3.375 0.00433618
9.3 14.625 0.00560078
9.3 16.875 0.00402402
9.3 19.125 0.00485484
9.3 21.375 0.0051473
9.3 25.875 0.00562031
9.3 28.125 0.00417568
9.3 32.625 0.00407111
9.3 41.625 0.0056465
9.5 3.375 0.00490958
9.5 7.875 0.00584292
9.5 10.125 0.00419268
9.5 14.625 0.0030955
9.5 16.875 0.00558025
9.5 19.125 0.00582982
9.5 23.625 0.00636224
9.5 28.125 0.00517669
9.5 30.375 0.00441621
9.5 32.625 0.00771279
9.5 37.125 0.00691701
9.5 39.375 0.00499963
9.5 41.625 0.00562563
9.7 3.375 0.00867778
9.7 5.625 0.0044938
9.7 7.875 0.0063755
9.7 14.625 0.00447362
9.7 16.875 0.00518637
9.7 19.125 0.00523041
9.7 30.375 0.00348402
9.7 32.625 0.005723
9.7 37.125 0.00515049
9.7 39.375 0.00329599
9.7 41.625 0.00558551
9.7 43.875 0.00553975
9.9 3.375 0.0047388
9.9 10.125 0.00453596
9.9 12.375 0.00447111
9.9 14.625 0.00436141
9.9 16.875 0.00454603
9.9 23.625 0.00361411
9.9 28.125 0.00603672
9.9 30.375 0.00439565
9.9 41.625 0.00375213
9.9 43.875 0.00464856
10.1 1.125 0.00476147
10.1 3.375 0.00398178
10.1 7.875 0.00380321
10.1 10.125 0.00629179
10.1 14.625 0.00605928
10.1 16.875 0.00412979
10.1 19.125 0.0057017
10.1 21.375 0.00367484
10.1 23.625 0.00359675
10.1 28.125 0.00411212
10.1 43.875 0.00447167
10.3 14.625 0.00517153
10.3 21.375 0.00600127
10.3 25.875 0.00396506
10.3 28.125 0.00555355
10.3 41.625 0.00477232
10.3 43.875 0.00602299
10.5 10.125 0.00589452
10.5 23.625 0.00359869
10.5 25.875 0.00614403
10.5 30.375 0.00499157
10.5 43.875 0.00484512
10.7 14.625 0.00358036
10.7 19.125 0.00611095
10.7 23.625 0.00442281
10.9 12.375 0.00627741
10.9 32.625 0.00598611
11.1 12.375 0.00443924
11.1 25.875 0.00408793
11.3 39.375 0.00545715
11.5 32.625 0.0038545
11.5 43.875 0.0045876
11.7 25.875 0.00400729
11.7 32.625 0.00437911
11.7 34.875 0.00362552
11.9 23.625 0.00440407
12.1 12.375 0.00678658
12.3 30.375 0.00376908
12.7 30.375 0.00435333
12.9 19.125 0.0071591
