0.1 1.125 0.588421
0.1 3.375 0.587807
0.1 5.625 0.576848
0.1 7.875 0.584845
0.1 10.125 0.569613
0.1 12.375 0.578859
0.1 14.625 0.541809
0.1 16.875 0.572484
0.1 19.125 0.59787
0.1 21.375 0.5695
0.1 23.625 0.534519
0.1 25.875 0.542288
0.1 28.125 0.594106
0.1 30.375 0.581571
0.1 32.625 0.598686
0.1 34.875 0.58241
0.1 37.125 0.591616
0.1 39.375 0.562377
0.1 41.625 0.599914
0.1 43.875 0.592148
0.3 1.125 0.569491
0.3 3.375 0.577065
0.3 5.625 0.577492
0.3 7.875 0.549583
0.3 10.125 0.542768
0.3 12.375 0.570051
0.3 14.625 0.565895
0.3 16.875 0.569551
0.3 19.125 0.547696
0.3 21.375 0.553297
0.3 23.625 0.568933
0.3 25.875 0.562301
0.3 28.125 0.570334
0.3 30.375 0.571145
0.3 32.625 0.566469
0.3 34.875 0.5693
0.3 37.125 0.57681
0.3 39.375 0.56851
0.3 41.625 0.568739
0.3 43.875 0.535878
0.5 1.125 0.553102
0.5 3.375 0.553708
0.5 5.625 0.554509
0.5 7.875 0.554135
0.5 10.125 0.551381
0.5 12.375 0.550036
0.5 14.625 0.549873
0.5 16.875 0.553959
0.5 19.125 0.545086
0.5 21.375 0.530573
0.5 23.625 0.550971
0.5 25.875 0.555933
0.5 28.125 0.541553
0.5 30.375 0.532801
0.5 32.625 0.53397
0.5 34.875 0.535493
0.5 37.125 0.552498
0.5 39.375 0.54782
0.5 41.625 0.535812
0.5 43.875 0.547953
0.7 1.125 0.529338
0.7 3.375 0.526128
0.7 5.625 0.529731
0.7 7.875 0.525598
0.7 10.125 0.523911
0.7 12.375 0.525654
0.7 14.625 0.502305
0.7 16.875 0.517379
0.7 19.125 0.52448
0.7 21.375 0.522085
0.7 23.625 0.513455
0.7 25.875 0.508637
0.7 28.125 0.513239
0.7 30.375 0.513267
0.7 32.625 0.511001
0.7 34.875 0.509479
0.7 37.125 0.505732
0.7 39.375 0.519968
0.7 41.625 0.505965
0.7 43.875 0.517678
0.9 1.125 0.47395
0.9 3.375 0.472041
0.9 5.625 0.475919
0.9 7.875 0.455306
0.9 10.125 0.450416
0.9 12.375 0.452753
0.9 14.625 0.452864
0.9 16.875 0.469264
0.9 19.125 0.464163
0.9 21.375 0.469088
0.9 23.625 0.473158
0.9 25.875 0.447782
0.9 28.125 0.462801
0.9 30.375 0.462005
0.9 32.625 0.458769
0.9 34.875 0.455445
0.9 37.125 0.460915
0.9 39.375 0.456428
0.9 41.625 0.453851
0.9 43.875 0.469006
1.1 1.125 0.349362
1.1 3.375 0.355348
1.1 5.625 0.357219
1.1 7.875 0.359933
1.1 10.125 0.367469
1.1 12.375 0.375315
1.1 14.625 0.374875
1.1 16.875 0.352521
1.1 19.125 0.364432
1.1 21.375 0.374989
1.1 23.625 0.358514
1.1 25.875 0.38813
1.1 28.125 0.369336
1.1 30.375 0.392208
1.1 32.625 0.370032
1.1 34.875 0.397076
1.1 37.125 0.393707
1.1 39.375 0.426669
1.1 41.625 0.424967
1.1 43.875 0.416571
1.3 1.125 0.227026
1.3 3.375 0.23471
1.3 5.625 0.230902
1.3 7.875 0.228938
1.3 10.125 0.23613
1.3 12.375 0.229219
1.3 14.625 0.255131
1.3 16.875 0.266163
1.3 19.125 0.256041
1.3 21.375 0.262242
1.3 23.625 0.289876
1.3 25.875 0.266896
1.3 28.125 0.299733
1.3 30.375 0.285588
1.3 32.625 0.328708
1.3 34.875 0.334284
1.3 37.125 0.334907
1.3 39.375 0.340059
1.3 41.625 0.336444
1.3 43.875 0.354231
1.5 1.125 0.125646
1.5 3.375 0.124756
1.5 5.625 0.13748
1.5 7.875 0.129534
1.5 10.125 0.139205
1.5 12.375 0.141644
1.5 14.625 0.152576
1.5 16.875 0.168764
1.5 19.125 0.169611
1.5 21.375 0.173681
1.5 23.625 0.1811
1.5 25.875 0.176003
1.5 28.125 0.191417
1.5 30.375 0.207503
1.5 32.625 0.203977
1.5 34.875 0.219415
1.5 37.125 0.211491
1.5 39.375 0.239785
1.5 41.625 0.225286
1.5 43.875 0.239496
1.7 1.125 0.0736923
1.7 3.375 0.0752497
1.7 5.625 0.0828054
1.7 7.875 0.0781987
1.7 10.125 0.0890965
1.7 12.375 0.0892145
1.7 14.625 0.100978
1.7 16.875 0.0913152
1.7 19.125 0.0978764
1.7 21.375 0.109601
1.7 23.625 0.104511
1.7 25.875 0.100702
1.7 28.125 0.108918
1.7 30.375 0.110218
1.7 32.625 0.116084
1.7 34.875 0.119063
1.7 37.125 0.145992
1.7 39.375 0.127291
1.7 41.625 0.155346
1.7 43.875 0.145456
1.9 1.125 0.0471122
1.9 3.375 0.0527267
1.9 5.625 0.0509842
1.9 7.875 0.0519288
1.9 10.125 0.0562828
1.9 12.375 0.0597196
1.9 14.625 0.0632167
1.9 16.875 0.0613481
1.9 19.125 0.0672452
1.9 21.375 0.0641171
1.9 23.625 0.0640633
1.9 25.875 0.065207
1.9 28.125 0.0664481
1.9 30.375 0.0739684
1.9 32.625 0.0751867
1.9 34.875 0.0722887
1.9 37.125 0.0820416
1.9 39.375 0.0821776
1.9 41.625 0.0944498
1.9 43.875 0.0950539
2.1 1.125 0.0307153
2.1 3.375 0.0318761
2.1 5.625 0.0338915
2.1 7.875 0.0327381
2.1 10.125 0.0335789
2.1 12.375 0.037138
2.1 14.625 0.0367385
2.1 16.875 0.0378813
2.1 19.125 0.0382883
2.1 21.375 0.0412774
2.1 23.625 0.0414535
2.1 25.875 0.0535788
2.1 28.125 0.0477519
2.1 30.375 0.0490367
2.1 32.625 0.0470297
2.1 34.875 0.0515453
2.1 37.125 0.0505805
2.1 39.375 0.0562326
2.1 41.625 0.0565305
2.1 43.875 0.0551986
2.3 1.125 0.0173701
2.3 3.375 0.0205263
2.3 5.625 0.0179406
2.3 7.875 0.020653
2.3 10.125 0.018602
2.3 12.375 0.0213353
2.3 14.625 0.0201407
2.3 16.875 0.0210916
2.3 19.125 0.0242481
2.3 21.375 0.0255613
2.3 23.625 0.0263381
2.3 25.875 0.0280147
2.3 28.125 0.0285491
2.3 30.375 0.0318262
2.3 32.625 0.0347408
2.3 34.875 0.0343273
2.3 37.125 0.034261
2.3 39.375 0.0349558
2.3 41.625 0.038955
2.3 43.875 0.0360309
2.5 1.125 0.0121226
2.5 3.375 0.0124803
2.5 5.625 0.011308
2.5 7.875 0.0125387
2.5 10.125 0.0125499
2.5 12.375 0.0129067
2.5 14.625 0.0138579
2.5 16.875 0.0135227
2.5 19.125 0.0130241
2.5 21.375 0.0142251
2.5 23.625 0.0158989
2.5 25.875 0.0171176
2.5 28.125 0.0188158
2.5 30.375 0.0215405
2.5 32.625 0.0209528
2.5 34.875 0.0219907
2.5 37.125 0.0240319
2.5 39.375 0.0236328
2.5 41.625 0.0225426
2.5 43.875 0.0236877
2.7 1.125 0.0103052
2.7 3.375 0.013142
2.7 5.625 0.0100442
2.7 7.875 0.00994234
2.7 10.125 0.00978388
2.7 12.375 0.00931565
2.7 14.625 0.0102866
2.7 16.875 0.00952877
2.7 19.125 0.00977836
2.7 21.375 0.0104257
2.7 23.625 0.010869
2.7 25.875 0.0128349
2.7 28.125 0.0116773
2.7 30.375 0.0138692
2.7 32.625 0.0137107
2.7 34.875 0.0149325
2.7 37.125 0.0160637
2.7 39.375 0.0151276
2.7 41.625 0.0160065
2.7 43.875 0.0140236
2.9 1.125 0.00864159
2.9 3.375 0.00845543
2.9 5.625 0.00816084
2.9 7.875 0.00771002
2.9 10.125 0.00857649
2.9 12.375 0.00811585
2.9 14.625 0.00789484
2.9 16.875 0.00944571
2.9 19.125 0.00868531
2.9 21.375 0.00894151
2.9 23.625 0.00856153
2.9 25.875 0.00920495
2.9 28.125 0.0097658
2.9 30.375 0.00881578
2.9 32.625 0.00985375
2.9 34.875 0.0101265
2.9 37.125 0.0108856
2.9 39.375 0.0110982
2.9 41.625 0.0114842
2.9 43.875 0.0109754
3.1 1.125 0.00705973
3.1 3.375 0.00740681
3.1 5.625 0.00754814
3.1 7.875 0.00726642
3.1 10.125 0.00654423
3.1 12.375 0.00714584
3.1 14.625 0.0075121
3.1 16.875 0.00747839
3.1 19.125 0.00758621
3.1 21.375 0.00741713
3.1 23.625 0.008277
3.1 25.875 0.0078385
3.1 28.125 0.00707017
3.1 30.375 0.00704502
3.1 32.625 0.00807824
3.1 34.875 0.00807772
3.1 37.125 0.00790895
3.1 39.375 0.00889694
3.1 41.625 0.00889049
3.1 43.875 0.009351
3.3 1.125 0.00682407
3.3 3.375 0.006635
3.3 5.625 0.00641673
3.3 7.875 0.0056402
3.3 10.125 0.00636284
3.3 12.375 0.00644866
3.3 14.625 0.00795788
3.3 16.875 0.00606648
3.3 19.125 0.00566108
3.3 21.375 0.00629564
3.3 23.625 0.00662097
3.3 25.875 0.00697327
3.3 28.125 0.00612294
3.3 30.375 0.00663609
3.3 32.625 0.007023
3.3 34.875 0.00772989
3.3 37.125 0.00648304
3.3 39.375 0.00713401
3.3 41.625 0.00686256
3.3 43.875 0.00752371
3.5 1.125 0.00705755
3.5 3.375 0.00515967
3.5 5.625 0.00565871
3.5 7.875 0.0056073
3.5 10.125 0.0056148
3.5 12.375 0.00573092
3.5 14.625 0.00590061
3.5 16.875 0.00596153
3.5 19.125 0.00568524
3.5 21.375 0.00596099
3.5 23.625 0.00591892
3.5 25.875 0.00634558
3.5 28.125 0.00633217
3.5 30.375 0.00649082
3.5 32.625 0.00712668
3.5 34.875 0.00645368
3.5 37.125 0.00630238
3.5 39.375 0.00594251
3.5 41.625 0.00631094
3.5 43.875 0.00552647
3.7 1.125 0.00569111
3.7 3.375 0.00489081
3.7 5.625 0.00628961
3.7 7.875 0.00530181
3.7 10.125 0.00513236
3.7 12.375 0.00493667
3.7 14.625 0.00508968
3.7 16.875 0.00567695
3.7 19.125 0.00492191
3.7 21.375 0.00591026
3.7 23.625 0.00523279
3.7 25.875 0.00485279
3.7 28.125 0.00601391
3.7 30.375 0.00494115
3.7 32.625 0.00540508
3.7 34.875 0.00556597
3.7 37.125 0.00544826
3.7 39.375 0.00519927
3.7 41.625 0.00530916
3.7 43.875 0.00531208
3.9 1.125 0.00495078
3.9 3.375 0.00656429
3.9 5.625 0.0050429
3.9 7.875 0.00414813
3.9 10.125 0.00424698
3.9 12.375 0.0052683
3.9 14.625 0.00504286
3.9 16.875 0.00423401
3.9 19.125 0.00470067
3.9 21.375 0.00584212
3.9 23.625 0.0051294
3.9 25.875 0.00498924
3.9 28.125 0.00495931
3.9 30.375 0.00579245
3.9 32.625 0.00508293
3.9 34.875 0.00530432
3.9 37.125 0.00511836
3.9 39.375 0.00527962
3.9 41.625 0.00435161
3.9 43.875 0.0047868
4.1 1.125 0.00458052
4.1 3.375 0.00441225
4.1 5.625 0.00418472
4.1 7.875 0.00397774
4.1 10.125 0.00480116
4.1 12.375 0.00501478
4.1 14.625 0.00436607
4.1 16.875 0.005147
4.1 19.125 0.0048042
4.1 21.375 0.00486785
4.1 23.625 0.00436671
4.1 25.875 0.00489471
4.1 28.125 0.00479155
4.1 30.375 0.00454305
4.1 32.625 0.00493102
4.1 34.875 0.00483066
4.1 37.125 0.00435632
4.1 39.375 0.0044084
4.1 41.625 0.00412057
4.1 43.875 0.00434655
4.3 1.125 0.00456097
4.3 3.375 0.00443234
4.3 5.625 0.00440594
4.3 7.875 0.00459496
4.3 10.125 0.00456289
4.3 12.375 0.00486689
4.3 14.625 0.00524836
4.3 16.875 0.00406621
4.3 19.125 0.00419611
4.3 21.375 0.00432739
4.3 23.625 0.00484701
4.3 25.875 0.00428372
4.3 28.125 0.00470711
4.3 30.375 0.0046576
4.3 32.625 0.00438657
4.3 34.875 0.00447686
4.3 37.125 0.00419846
4.3 39.375 0.00380784
4.3 41.625 0.00416156
4.3 43.875 0.00371227
4.5 1.125 0.00362802
4.5 3.375 0.00762792
4.5 5.625 0.00403622
4.5 7.875 0.0040083
4.5 10.125 0.00432156
4.5 12.375 0.0040222
4.5 14.625 0.00358411
4.5 16.875 0.00396
4.5 19.125 0.00413269
4.5 21.375 0.00442286
4.5 23.625 0.00441159
4.5 25.875 0.00398156
4.5 28.125 0.00395591
4.5 30.375 0.0045285
4.5 32.625 0.00387708
4.5 34.875 0.00404463
4.5 37.125 0.00374788
4.5 39.375 0.00365444
4.5 41.625 0.00345834
4.5 43.875 0.00372982
4.7 1.125 0.00510815
4.7 3.375 0.00371222
4.7 5.625 0.00355749
4.7 7.875 0.00349108
4.7 10.125 0.0035089
4.7 12.375 0.00480945
4.7 14.625 0.00430622
4.7 16.875 0.0055055
4.7 19.125 0.00392565
4.7 21.375 0.00359922
4.7 23.625 0.0053594
4.7 25.875 0.00382012
4.7 28.125 0.0042753
4.7 30.375 0.00354647
4.7 32.625 0.00376778
4.7 34.875 0.0038845
4.7 37.125 0.00326396
4.7 39.375 0.00387018
4.7 41.625 0.00398699
4.7 43.875 0.00347083
4.9 1.125 0.00323944
4.9 3.375 0.00319601
4.9 5.625 0.00416331
4.9 7.875 0.00337889
4.9 10.125 0.00292769
4.9 12.375 0.00357165
4.9 14.625 0.00374866
4.9 16.875 0.00370424
4.9 19.125 0.00318057
4.9 21.375 0.00351114
4.9 23.625 0.0035319
4.9 25.875 0.00409371
4.9 28.125 0.00373489
4.9 30.375 0.00329119
4.9 32.625 0.00352947
4.9 34.875 0.00334078
4.9 37.125 0.00352797
4.9 39.375 0.00399006
4.9 41.625 0.00365397
4.9 43.875 0.00339115
5.1 1.125 0.00365884
5.1 3.375 0.00335021
5.1 5.625 0.00546405
5.1 7.875 0.00370752
5.1 10.125 0.00291811
5.1 12.375 0.00363145
5.1 14.625 0.00349185
5.1 16.875 0.00322648
5.1 19.125 0.0036814
5.1 21.375 0.0031871
5.1 23.625 0.00371894
5.1 25.875 0.00347374
5.1 28.125 0.00312118
5.1 30.375 0.00327787
5.1 32.625 0.00320412
5.1 34.875 0.0032168
5.1 37.125 0.00339173
5.1 39.375 0.00342735
5.1 41.625 0.00311037
5.1 43.875 0.0035616
5.3 1.125 0.0027668
5.3 3.375 0.00312461
5.3 5.625 0.00318088
5.3 7.875 0.00288651
5.3 10.125 0.00314118
5.3 12.375 0.0030584
5.3 14.625 0.00304207
5.3 16.875 0.00346728
5.3 19.125 0.00313243
5.3 21.375 0.00336826
5.3 23.625 0.00308576
5.3 25.875 0.00314809
5.3 28.125 0.00683022
5.3 30.375 0.00320364
5.3 32.625 0.00294037
5.3 34.875 0.00328242
5.3 37.125 0.00300832
5.3 39.375 0.0044579
5.3 41.625 0.00328381
5.3 43.875 0.00303157
5.5 1.125 0.00293928
5.5 3.375 0.0032763
5.5 5.625 0.0026658
5.5 7.875 0.00273028
5.5 10.125 0.00301991
5.5 12.375 0.00304273
5.5 14.625 0.00318729
5.5 16.875 0.00285991
5.5 19.125 0.00289815
5.5 21.375 0.00281689
5.5 23.625 0.00334772
5.5 25.875 0.00381021
5.5 28.125 0.00458982
5.5 30.375 0.00304714
5.5 32.625 0.00299217
5.5 34.875 0.00315099
5.5 37.125 0.00334866
5.5 39.375 0.00319115
5.5 41.625 0.00326034
5.5 43.875 0.00286167
5.7 1.125 0.00269148
5.7 3.375 0.00303096
5.7 5.625 0.00273156
5.7 7.875 0.00317977
5.7 10.125 0.00265715
5.7 12.375 0.00317256
5.7 14.625 0.00264753
5.7 16.875 0.00278132
5.7 19.125 0.00258285
5.7 21.375 0.00252308
5.7 23.625 0.0027476
5.7 25.875 0.00302662
5.7 28.125 0.00327825
5.7 30.375 0.00339883
5.7 32.625 0.00310605
5.7 34.875 0.00277674
5.7 37.125 0.00304536
5.7 39.375 0.00292127
5.7 41.625 0.0027755
5.7 43.875 0.00284646
5.9 1.125 0.00325361
5.9 3.375 0.00302874
5.9 5.625 0.00250458
5.9 7.875 0.00210138
5.9 10.125 0.00345438
5.9 12.375 0.00246933
5.9 14.625 0.00280875
5.9 16.875 0.00265498
5.9 19.125 0.00286788
5.9 21.375 0.0026116
5.9 23.625 0.0027585
5.9 25.875 0.00272388
5.9 28.125 0.00277576
5.9 30.375 0.00268955
5.9 32.625 0.00283549
5.9 34.875 0.00280251
5.9 37.125 0.00265831
5.9 39.375 0.00275457
5.9 41.625 0.00290744
5.9 43.875 0.00276235
6.1 1.125 0.00278409
6.1 3.375 0.00316027
6.1 5.625 0.00275878
6.1 7.875 0.00255059
6.1 10.125 0.0026321
6.1 12.375 0.00274911
6.1 14.625 0.00305648
6.1 16.875 0.00274279
6.1 19.125 0.00271432
6.1 21.375 0.00276869
6.1 23.625 0.00276675
6.1 25.875 0.00276053
6.1 28.125 0.00297074
6.1 30.375 0.00275887
6.1 32.625 0.00251822
6.1 34.875 0.00286127
6.1 37.125 0.00285457
6.1 39.375 0.00261765
6.1 41.625 0.00280519
6.1 43.875 0.00283244
6.3 1.125 0.00454881
6.3 3.375 0.00306697
6.3 5.625 0.00258279
6.3 7.875 0.0028873
6.3 10.125 0.0029736
6.3 12.375 0.00286842
6.3 14.625 0.00242446
6.3 16.875 0.00277119
6.3 19.125 0.00288252
6.3 21.375 0.00324516
6.3 23.625 0.00320603
6.3 25.875 0.00275372
6.3 28.125 0.00283104
6.3 30.375 0.00244336
6.3 32.625 0.00261693
6.3 34.875 0.00222957
6.3 37.125 0.00297425
6.3 39.375 0.00301331
6.3 41.625 0.00310718
6.3 43.875 0.00297118
6.5 1.125 0.002845
6.5 3.375 0.00242584
6.5 5.625 0.00242983
6.5 7.875 0.00240651
6.5 10.125 0.00234335
6.5 12.375 0.00214971
6.5 14.625 0.00255572
6.5 16.875 0.00271313
6.5 19.125 0.00317988
6.5 21.375 0.00263291
6.5 23.625 0.00231059
6.5 25.875 0.00241703
6.5 28.125 0.00232396
6.5 30.375 0.00247276
6.5 32.625 0.00278132
6.5 34.875 0.00264503
6.5 37.125 0.00299612
6.5 39.375 0.00273015
6.5 41.625 0.00242866
6.5 43.875 0.00311278
6.7 1.125 0.00264938
6.7 3.375 0.00243541
6.7 5.625 0.00254394
6.7 7.875 0.00270161
6.7 10.125 0.00285017
6.7 12.375 0.00267496
6.7 14.625 0.00292108
6.7 16.875 0.00231239
6.7 19.125 0.00247595
6.7 21.375 0.00277728
6.7 23.625 0.00245332
6.7 25.875 0.00292795
6.7 28.125 0.00260847
6.7 30.375 0.00256299
6.7 32.625 0.00265774
6.7 34.875 0.00314622
6.7 37.125 0.00230468
6.7 39.375 0.00254463
6.7 41.625 0.00285619
6.7 43.875 0.00314057
6.9 1.125 0.00234614
6.9 3.375 0.00274136
6.9 5.625 0.00246929
6.9 7.875 0.0024243
6.9 10.125 0.00276062
6.9 12.375 0.0028879
6.9 14.625 0.00263543
6.9 16.875 0.0029368
6.9 19.125 0.00252472
6.9 21.375 0.00278781
6.9 23.625 0.00226578
6.9 25.875 0.00258594
6.9 28.125 0.0029343
6.9 30.375 0.00268264
6.9 32.625 0.0025493
6.9 34.875 0.00239655
6.9 37.125 0.00251386
6.9 39.375 0.00264824
6.9 41.625 0.00238545
6.9 43.875 0.00275991
7.1 1.125 0.00216307
7.1 3.375 0.00253312
7.1 5.625 0.00260347
7.1 7.875 0.0026765
7.1 10.125 0.00246691
7.1 12.375 0.00267874
7.1 14.625 0.00252811
7.1 16.875 0.00255768
7.1 19.125 0.00219753
7.1 21.375 0.00251971
7.1 23.625 0.00233145
7.1 25.875 0.00251522
7.1 28.125 0.00350811
7.1 30.375 0.00234989
7.1 32.625 0.00295486
7.1 34.875 0.00253754
7.1 37.125 0.00270134
7.1 39.375 0.00231105
7.1 41.625 0.00204599
7.1 43.875 0.0021237
7.3 1.125 0.00272364
7.3 3.375 0.00410104
7.3 5.625 0.00226934
7.3 7.875 0.00489595
7.3 10.125 0.0029515
7.3 12.375 0.00245889
7.3 14.625 0.00248464
7.3 16.875 0.00252282
7.3 19.125 0.00269687
7.3 21.375 0.00246852
7.3 23.625 0.00227368
7.3 25.875 0.00235964
7.3 28.125 0.00329906
7.3 30.375 0.00214324
7.3 32.625 0.0024893
7.3 34.875 0.00238278
7.3 37.125 0.00245175
7.3 39.375 0.00220855
7.3 41.625 0.002604
7.3 43.875 0.00237391
7.5 1.125 0.00362357
7.5 3.375 0.00231413
7.5 5.625 0.00225686
7.5 7.875 0.00244125
7.5 10.125 0.00269595
7.5 12.375 0.00199317
7.5 14.625 0.00653473
7.5 16.875 0.00259322
7.5 19.125 0.00245867
7.5 21.375 0.00237734
7.5 23.625 0.00254952
7.5 25.875 0.00248371
7.5 28.125 0.00235288
7.5 30.375 0.00285026
7.5 32.625 0.00311982
7.5 34.875 0.00279702
7.5 37.125 0.00323766
7.5 39.375 0.00284552
7.5 41.625 0.00241231
7.5 43.875 0.00196184
7.7 1.125 0.00248151
7.7 3.375 0.00291301
7.7 5.625 0.00244817
7.7 7.875 0.00210838
7.7 10.125 0.00228769
7.7 12.375 0.00215682
7.7 14.625 0.00212094
7.7 16.875 0.00265919
7.7 19.125 0.00285719
7.7 21.375 0.00216365
7.7 23.625 0.0022479
7.7 25.875 0.00236697
7.7 28.125 0.0028362
7.7 30.375 0.00233911
7.7 32.625 0.0026917
7.7 34.875 0.00269145
7.7 37.125 0.002313
7.7 39.375 0.00245772
7.7 41.625 0.00172355
7.7 43.875 0.00234416
7.9 1.125 0.00754398
7.9 3.375 0.00282051
7.9 5.625 0.00238033
7.9 7.875 0.00229436
7.9 10.125 0.00234413
7.9 12.375 0.00255634
7.9 14.625 0.00242287
7.9 16.875 0.00442238
7.9 19.125 0.00224844
7.9 21.375 0.00234205
7.9 23.625 0.00208266
7.9 25.875 0.00241428
7.9 28.125 0.0021912
7.9 30.375 0.00247115
7.9 32.625 0.00231828
7.9 34.875 0.00205877
7.9 37.125 0.00473784
7.9 39.375 0.00233365
7.9 41.625 0.00238062
7.9 43.875 0.00224583
8.1 1.125 0.00252066
8.1 3.375 0.00228505
8.1 5.625 0.00238742
8.1 7.875 0.00256081
8.1 10.125 0.00214329
8.1 12.375 0.00226199
8.1 14.625 0.00247423
8.1 16.875 0.00305794
8.1 19.125 0.00219818
8.1 21.375 0.00214378
8.1 23.625 0.00259635
8.1 25.875 0.00227674
8.1 28.125 0.00219289
8.1 30.375 0.00235313
8.1 32.625 0.0023697
8.1 34.875 0.00242942
8.1 37.125 0.00214368
8.1 39.375 0.00276927
8.1 41.625 0.00255641
8.1 43.875 0.00271553
8.3 1.125 0.00221461
8.3 3.375 0.0032892
8.3 5.625 0.0019578
8.3 7.875 0.00262455
8.3 10.125 0.00210142
8.3 12.375 0.00275646
8.3 14.625 0.00190768
8.3 16.875 0.00288713
8.3 19.125 0.00220263
8.3 21.375 0.00235067
8.3 23.625 0.00281468
8.3 25.875 0.00212213
8.3 28.125 0.0019648
8.3 30.375 0.00220505
8.3 32.625 0.00258072
8.3 34.875 0.00242028
8.3 37.125 0.00259623
8.3 39.375 0.00208808
8.3 41.625 0.00235774
8.3 43.875 0.00201756
8.5 1.125 0.00235563
8.5 3.375 0.00198273
8.5 5.625 0.00265096
8.5 7.875 0.00268701
8.5 10.125 0.00274578
8.5 12.375 0.00188876
8.5 14.625 0.00227971
8.5 16.875 0.0020929
8.5 19.125 0.0022351
8.5 21.375 0.00288013
8.5 23.625 0.00216382
8.5 25.875 0.00227404
8.5 28.125 0.00220814
8.5 30.375 0.00234709
8.5 32.625 0.00235219
8.5 34.875 0.0023735
8.5 37.125 0.00235844
8.5 39.375 0.00253995
8.5 41.625 0.00218965
8.5 43.875 0.00231251
8.7 1.125 0.0042154
8.7 3.375 0.00211384
8.7 5.625 0.00215559
8.7 7.875 0.00267314
8.7 10.125 0.00293341
8.7 12.375 0.00262526
8.7 14.625 0.0022833
8.7 16.875 0.00275421
8.7 19.125 0.00221193
8.7 21.375 0.00244396
8.7 23.625 0.00220338
8.7 25.875 0.00262581
8.7 28.125 0.0027793
8.7 30.375 0.00243991
8.7 32.625 0.00194599
8.7 34.875 0.002347
8.7 37.125 0.00229417
8.7 39.375 0.00217072
8.7 41.625 0.00230729
8.7 43.875 0.00237425
8.9 1.125 0.00243435
8.9 3.375 0.00199471
8.9 5.625 0.00226194
8.9 7.875 0.00269292
8.9 10.125 0.00220101
8.9 12.375 0.00239796
8.9 14.625 0.00294629
8.9 16.875 0.00236389
8.9 19.125 0.00230034
8.9 21.375 0.00403055
8.9 23.625 0.00188101
8.9 25.875 0.00229932
8.9 28.125 0.0025595
8.9 30.375 0.00197526
8.9 32.625 0.00205044
8.9 34.875 0.00249251
8.9 37.125 0.00212433
8.9 39.375 0.00246168
8.9 41.625 0.00210416
8.9 43.875 0.00228983
9.1 1.125 0.00235145
9.1 3.375 0.00232325
9.1 5.625 0.00259451
9.1 7.875 0.00180994
9.1 10.125 0.00246359
9.1 12.375 0.00244745
9.1 14.625 0.0022876
9.1 16.875 0.00252729
9.1 19.125 0.00291185
9.1 21.375 0.00143362
9.1 23.625 0.00235111
9.1 25.875 0.00232388
9.1 28.125 0.00245507
9.1 30.375 0.00216833
9.1 32.625 0.00220993
9.1 34.875 0.00167787
9.1 37.125 0.00262132
9.1 39.375 0.0020849
9.1 41.625 0.00393103
9.1 43.875 0.00218554
9.3 1.125 0.00223884
9.3 3.375 0.00197901
9.3 5.625 0.00228167
9.3 7.875 0.00178472
9.3 10.125 0.00267128
9.3 12.375 0.00219289
9.3 14.625 0.00258412
9.3 16.875 0.00281789
9.3 19.125 0.00196499
9.3 21.375 0.00257282
9.3 23.625 0.00214854
9.3 25.875 0.00161514
9.3 28.125 0.00251937
9.3 30.375 0.00185781
9.3 32.625 0.00312122
9.3 34.875 0.00200083
9.3 37.125 0.00201167
9.3 39.375 0.00263582
9.3 41.625 0.00238073
9.3 43.875 0.00182342
9.5 1.125 0.0028283
9.5 3.375 0.00202744
9.5 5.625 0.00571428
9.5 7.875 0.00254612
9.5 10.125 0.00187687
9.5 12.375 0.0020368
9.5 14.625 0.00208064
9.5 16.875 0.00260545
9.5 19.125 0.00235384
9.5 21.375 0.00239043
9.5 23.625 0.00205975
9.5 25.875 0.00205902
9.5 28.125 0.0042895
9.5 30.375 0.00198911
9.5 32.625 0.00219429
9.5 34.875 0.00190915
9.5 37.125 0.00270062
9.5 39.375 0.00238555
9.5 41.625 0.00253814
9.5 43.875 0.00287971
9.7 1.125 0.00263744
9.7 3.375 0.00234954
9.7 5.625 0.0019806
9.7 7.875 0.00248375
9.7 10.125 0.0022135
9.7 12.375 0.00178436
9.7 14.625 0.00206197
9.7 16.875 0.00220829
9.7 19.125 0.0023635
9.7 21.375 0.00216464
9.7 23.625 0.00231572
9.7 25.875 0.0028041
9.7 28.125 0.00242551
9.7 30.375 0.00215826
9.7 32.625 0.00221476
9.7 34.875 0.00225247
9.7 37.125 0.00235684
9.7 39.375 0.00204863
9.7 41.625 0.00243123
9.7 43.875 0.00229382
9.9 1.125 0.00184056
9.9 3.375 0.00250448
9.9 5.625 0.00261627
9.9 7.875 0.00160808
9.9 10.125 0.00199522
9.9 12.375 0.00262189
9.9 14.625 0.00205419
9.9 16.875 0.00191853
9.9 19.125 0.00218116
9.9 21.375 0.00256325
9.9 23.625 0.00244369
9.9 25.875 0.00209296
9.9 28.125 0.00995265
9.9 30.375 0.00215225
9.9 32.625 0.00249167
9.9 34.875 0.00330078
9.9 37.125 0.00175289
9.9 39.375 0.00198144
9.9 41.625 0.00241142
9.9 43.875 0.00207448
10.1 1.125 0.0126199
10.1 3.375 0.00224496
10.1 5.625 0.00215985
10.1 7.875 0.00206033
10.1 10.125 0.00242539
10.1 12.375 0.00210368
10.1 14.625 0.00226417
10.1 16.875 0.00232068
10.1 19.125 0.00283268
10.1 21.375 0.00258208
10.1 23.625 0.00151747
10.1 25.875 0.00220839
10.1 28.125 0.00195982
10.1 30.375 0.00166189
10.1 32.625 0.00160057
10.1 34.875 0.00254503
10.1 37.125 0.00187557
10.1 39.375 0.00343561
10.1 41.625 0.00251689
10.1 43.875 0.00189377
10.3 1.125 0.0024718
10.3 3.375 0.00263411
10.3 5.625 0.0019236
10.3 7.875 0.00207598
10.3 10.125 0.00199087
10.3 12.375 0.002222
10.3 14.625 0.00208632
10.3 16.875 0.00236482
10.3 19.125 0.00270343
10.3 21.375 0.0023748
10.3 23.625 0.00198611
10.3 25.875 0.00186973
10.3 28.125 0.00235902
10.3 30.375 0.00202896
10.3 32.625 0.00212848
10.3 34.875 0.00220702
10.3 37.125 0.00116475
10.3 39.375 0.00207057
10.3 41.625 0.00288987
10.3 43.875 0.00219869
10.5 1.125 0.00227531
10.5 3.375 0.0024945
10.5 5.625 0.00179539
10.5 7.875 0.00319744
10.5 10.125 0.00205126
10.5 12.375 0.00246859
10.5 14.625 0.00171225
10.5 16.875 0.00210697
10.5 19.125 0.00240588
10.5 21.375 0.00234132
10.5 23.625 0.00264745
10.5 25.875 0.00311884
10.5 28.125 0.00211111
10.5 30.375 0.00220678
10.5 32.625 0.00157352
10.5 34.875 0.0021614
10.5 37.125 0.00190173
10.5 39.375 0.00204915
10.5 41.625 0.00182193
10.5 43.875 0.00207217
10.7 1.125 0.00193623
10.7 3.375 0.0037917
10.7 5.625 0.00229512
10.7 7.875 0.00203875
10.7 10.125 0.00244998
10.7 12.375 0.00271062
10.7 14.625 0.02032
10.7 16.875 0.00203996
10.7 19.125 0.00195123
10.7 21.375 0.002161
10.7 23.625 0.00194382
10.7 25.875 0.00190256
10.7 28.125 0.00213836
10.7 30.375 0.00204833
10.7 32.625 0.0024057
10.7 34.875 0.00217915
10.7 37.125 0.00278336
10.7 39.375 0.00206708
10.7 41.625 0.00262602
10.7 43.875 0.00194229
10.9 1.125 0.00250752
10.9 3.375 0.00174624
10.9 5.625 0.00226402
10.9 7.875 0.00188598
10.9 10.125 0.00201641
10.9 12.375 0.0023913
10.9 14.625 0.00281691
10.9 16.875 0.00435269
10.9 19.125 0.00177975
10.9 21.375 0.00181844
10.9 23.625 0.00272902
10.9 25.875 0.00281052
10.9 28.125 0.00309238
10.9 30.375 0.00175234
10.9 32.625 0.0021228
10.9 34.875 0.00200161
10.9 37.125 0.00265357
10.9 39.375 0.0192396
10.9 41.625 0.0026431
10.9 43.875 0.00205812
11.1 1.125 0.00161401
11.1 3.375 0.00155699
11.1 5.625 0.00148628
11.1 7.875 0.00215617
11.1 10.125 0.00227768
11.1 12.375 0.00220145
11.1 14.625 0.00191805
11.1 16.875 0.00163164
11.1 19.125 0.00303231
11.1 21.375 0.00188548
11.1 23.625 0.00211279
11.1 25.875 0.00186013
11.1 28.125 0.00184367
11.1 30.375 0.00165942
11.1 32.625 0.00222196
11.1 34.875 0.00208596
11.1 37.125 0.00180711
11.1 39.375 0.0026537
11.1 41.625 0.00182432
11.1 43.875 0.00182914
11.3 1.125 0.00319574
11.3 3.375 0.00163108
11.3 5.625 0.00226774
11.3 7.875 0.00214039
11.3 10.125 0.00252386
11.3 12.375 0.00152437
11.3 14.625 0.00206713
11.3 16.875 0.00416504
11.3 19.125 0.00207338
11.3 21.375 0.00226752
11.3 23.625 0.00244831
11.3 25.875 0.00305806
11.3 28.125 0.00224022
11.3 30.375 0.00206324
11.3 32.625 0.00193079
11.3 34.875 0.00173025
11.3 37.125 0.00208835
11.3 39.375 0.00262942
11.3 41.625 0.00281475
11.3 43.875 0.0020797
11.5 1.125 0.001854
11.5 3.375 0.00166156
11.5 5.625 0.00331318
11.5 7.875 0.00261399
11.5 10.125 0.0020031
11.5 12.375 0.00324734
11.5 14.625 0.00136388
11.5 16.875 0.00207626
11.5 19.125 0.00217305
11.5 21.375 0.00202884
11.5 23.625 0.00236111
11.5 25.875 0.00268099
11.5 28.125 0.00156875
11.5 30.375 0.00205538
11.5 32.625 0.00206055
11.5 34.875 0.00220429
11.5 37.125 0.00259944
11.5 39.375 0.00437917
11.5 41.625 0.00193557
11.5 43.875 0.00196882
11.7 1.125 0.00200988
11.7 3.375 0.00195886
11.7 5.625 0.00178019
11.7 7.875 0.00184541
11.7 10.125 0.00132713
11.7 12.375 0.00188278
11.7 14.625 0.00284861
11.7 16.875 0.00205791
11.7 19.125 0.00229893
11.7 21.375 0.0016182
11.7 23.625 0.00201047
11.7 25.875 0.00193084
11.7 28.125 0.0023758
11.7 30.375 0.00142987
11.7 32.625 0.00189031
11.7 34.875 0.00186791
11.7 37.125 0.00194497
11.7 39.375 0.00209887
11.7 41.625 0.00194878
11.7 43.875 0.00221872
11.9 1.125 0.00188782
11.9 3.375 0.00194239
11.9 5.625 0.00191997
11.9 7.875 0.00207322
11.9 10.125 0.00198152
11.9 12.375 0.00160901
11.9 14.625 0.00186028
11.9 16.875 0.00178746
11.9 19.125 0.00178325
11.9 21.375 0.00268459
11.9 23.625 0.00182377
11.9 25.875 0.00257458
11.9 28.125 0.00297165
11.9 30.375 0.00211187
11.9 32.625 0.00203775
11.9 34.875 0.00252503
11.9 37.125 0.00236951
11.9 39.375 0.00204697
11.9 41.625 0.00177025
11.9 43.875 0.00178582
12.1 1.125 0.00254686
12.1 3.375 0.00220956
12.1 5.625 0.00257236
12.1 7.875 0.00160708
12.1 10.125 0.0020996
12.1 12.375 0.00246471
12.1 14.625 0.00237953
12.1 16.875 0.00128764
12.1 19.125 0.00241126
12.1 21.375 0.00188525
12.1 23.625 0.00196834
12.1 25.875 0.00398049
12.1 28.125 0.0368513
12.1 30.375 0.0027333
12.1 32.625 0.00189804
12.1 34.875 0.00217245
12.1 37.125 0.0023239
12.1 39.375 0.00245848
12.1 41.625 0.00226881
12.1 43.875 0.00319391
12.3 1.125 0.00175911
12.3 3.375 0.00225435
12.3 5.625 0.00235291
12.3 7.875 0.00212197
12.3 10.125 0.00237238
12.3 12.375 0.0252464
12.3 14.625 0.00271126
12.3 16.875 0.00253041
12.3 19.125 0.0017908
12.3 21.375 0.00172542
12.3 23.625 0.00229112
12.3 25.875 0.00256476
12.3 28.125 0.00192314
12.3 30.375 0.0021054
12.3 32.625 0.00371604
12.3 34.875 0.00247514
12.3 37.125 0.0022411
12.3 39.375 0.00248968
12.3 41.625 0.00237205
12.3 43.875 0.00183647
12.5 1.125 0.00196322
12.5 3.375 0.00203386
12.5 5.625 0.00155138
12.5 7.875 0.00375699
12.5 10.125 0.00222004
12.5 12.375 0.00156106
12.5 14.625 0.00307841
12.5 16.875 0.00241397
12.5 19.125 0.00149019
12.5 21.375 0.00204374
12.5 23.625 0.00272975
12.5 25.875 0.00128404
12.5 28.125 0.00206325
12.5 30.375 0.00284482
12.5 32.625 0.00213163
12.5 34.875 0.00177655
12.5 37.125 0.00164303
12.5 39.375 0.00266833
12.5 41.625 0.00233987
12.5 43.875 0.00204172
12.7 1.125 0.00223975
12.7 3.375 0.00284639
12.7 5.625 0.00197832
12.7 7.875 0.00140809
12.7 10.125 0.00195535
12.7 12.375 0.00171084
12.7 14.625 0.00224869
12.7 16.875 0.00158771
12.7 19.125 0.00222228
12.7 21.375 0.00134783
12.7 23.625 0.00223219
12.7 25.875 0.00165067
12.7 28.125 0.00156016
12.7 30.375 0.00119432
12.7 32.625 0.00146189
12.7 34.875 0.00248746
12.7 37.125 0.00253084
12.7 39.375 0.00295185
12.7 41.625 0.0239189
12.7 43.875 0.00205636
12.9 1.125 0.00280809
12.9 3.375 0.00201226
12.9 5.625 0.00235369
12.9 7.875 0.017616
12.9 10.125 0.00206619
12.9 12.375 0.00210519
12.9 14.625 0.00131256
12.9 16.875 0.00217695
12.9 19.125 0.002233
12.9 21.375 0.00291635
12.9 23.625 0.00162584
12.9 25.875 0.00193408
12.9 28.125 0.00230986
12.9 30.375 0.0016519
12.9 32.625 0.00199135
12.9 34.875 0.00200189
12.9 37.125 0.00219962
12.9 39.375 0.00149067
12.9 41.625 0.00284822
12.9 43.875 0.00268975
13.1 1.125 0.00199545
13.1 3.375 0.00273719
13.1 5.625 0.00151901
13.1 7.875 0.0018753
13.1 10.125 0.00254679
13.1 12.375 0.00221836
13.1 14.625 0.00149039
13.1 16.875 0.0022439
13.1 19.125 0.00283469
13.1 21.375 0.00177085
13.1 23.625 0.0023428
13.1 25.875 0.00223216
13.1 28.125 0.00232536
13.1 30.375 0.00176391
13.1 32.625 0.00235785
13.1 34.875 0.00136126
13.1 37.125 0.0022772
13.1 39.375 0.00141649
13.1 41.625 0.00242152
13.1 43.875 0.00186375
13.3 1.125 0.00414993
13.3 3.375 0.00186179
13.3 7.875 0.00305445
13.3 10.125 0.00165021
13.3 12.375 0.00246508
13.3 14.625 0.00292104
13.3 16.875 0.00228314
13.3 21.375 0.0017476
13.3 23.625 0.00277302
13.3 25.875 0.00287753
13.3 28.125 0.00175826
13.3 30.375 0.00197707
13.3 34.875 0.00176226
13.3 37.125 0.00564292
13.3 39.375 0.00176847
13.3 41.625 0.00216987
13.3 43.875 0.0028138
13.5 1.125 0.00200937
13.5 3.375 0.00339526
13.5 5.625 0.00196022
13.5 7.875 0.00176416
13.5 10.125 0.00179154
13.5 12.375 0.001382
13.5 14.625 0.00266938
13.5 16.875 0.00252332
13.5 19.125 0.00207313
13.5 21.375 0.00149804
13.5 23.625 0.0022142
13.5 25.875 0.00300473
13.5 30.375 0.00206828
13.5 32.625 0.00223801
13.5 34.875 0.00180941
13.5 37.125 0.00129646
13.5 39.375 0.00554057
13.5 41.625 0.00219106
13.5 43.875 0.00196164
13.7 3.375 0.003987
13.7 7.875 0.00267331
13.7 10.125 0.00304592
13.7 12.375 0.00238054
13.7 14.625 0.00268826
13.7 16.875 0.00184882
13.7 19.125 0.00180274
13.7 21.375 0.00246868
13.7 23.625 0.00181096
13.7 25.875 0.00272436
13.7 28.125 0.00184159
13.7 30.375 0.00247883
13.7 32.625 0.00180329
13.7 34.875 0.00217229
13.7 37.125 0.00389405
13.7 39.375 0.00223701
13.7 41.625 0.00553043
13.7 43.875 0.00179185
13.9 1.125 0.00161824
13.9 5.625 0.0026418
13.9 7.875 0.00241614
13.9 10.125 0.00175741
13.9 12.375 0.00439273
13.9 14.625 0.00222996
13.9 16.875 0.00227534
13.9 19.125 0.00221813
13.9 21.375 0.0022023
13.9 23.625 0.00526978
13.9 25.875 0.00188017
13.9 28.125 0.00185752
13.9 30.375 0.00225925
13.9 32.625 0.00218469
13.9 34.875 0.00224036
13.9 37.125 0.00187742
13.9 41.625 0.00139812
13.9 43.875 0.00196501
