0.1 1.125 0.175548
0.1 3.375 0.170182
0.1 5.625 0.170926
0.1 7.875 0.168554
0.1 10.125 0.166801
0.1 12.375 0.171513
0.1 14.625 0.168135
0.1 16.875 0.166613
0.1 19.125 0.171068
0.1 21.375 0.169389
0.1 23.625 0.170157
0.1 25.875 0.165438
0.1 28.125 0.168483
0.1 30.375 0.170116
0.1 32.625 0.164496
0.1 34.875 0.167857
0.1 37.125 0.166523
0.1 39.375 0.169369
0.1 41.625 0.16701
0.1 43.875 0.169132
0.3 1.125 0.162004
0.3 3.375 0.158448
0.3 5.625 0.159306
0.3 7.875 0.16274
0.3 10.125 0.161016
0.3 12.375 0.156463
0.3 14.625 0.157226
0.3 16.875 0.163532
0.3 19.125 0.159896
0.3 21.375 0.161586
0.3 23.625 0.159934
0.3 25.875 0.163012
0.3 28.125 0.161968
0.3 30.375 0.162206
0.3 32.625 0.162107
0.3 34.875 0.158051
0.3 37.125 0.159108
0.3 39.375 0.1627
0.3 41.625 0.161956
0.3 43.875 0.161661
0.5 1.125 0.153647
0.5 3.375 0.153764
0.5 5.625 0.156163
0.5 7.875 0.14324
0.5 10.125 0.148323
0.5 12.375 0.151046
0.5 14.625 0.154058
0.5 16.875 0.154455
0.5 19.125 0.148747
0.5 21.375 0.150919
0.5 23.625 0.153115
0.5 25.875 0.150115
0.5 28.125 0.151164
0.5 30.375 0.144591
0.5 32.625 0.149771
0.5 34.875 0.135661
0.5 37.125 0.150293
0.5 39.375 0.148436
0.5 41.625 0.143291
0.5 43.875 0.149902
0.7 1.125 0.141963
0.7 3.375 0.141039
0.7 5.625 0.13743
0.7 7.875 0.140539
0.7 10.125 0.136872
0.7 12.375 0.140389
0.7 14.625 0.136254
0.7 16.875 0.139753
0.7 19.125 0.136053
0.7 21.375 0.128558
0.7 23.625 0.131413
0.7 25.875 0.134264
0.7 28.125 0.13186
0.7 30.375 0.13343
0.7 32.625 0.135173
0.7 34.875 0.132277
0.7 37.125 0.128691
0.7 39.375 0.135193
0.7 41.625 0.138512
0.7 43.875 0.136809
0.9 1.125 0.120023
0.9 3.375 0.125958
0.9 5.625 0.12125
0.9 7.875 0.122607
0.9 10.125 0.121422
0.9 12.375 0.120976
0.9 14.625 0.121256
0.9 16.875 0.120763
0.9 19.125 0.116795
0.9 21.375 0.113069
0.9 23.625 0.11624
0.9 25.875 0.112496
0.9 28.125 0.11404
0.9 30.375 0.114349
0.9 32.625 0.109829
0.9 34.875 0.106866
0.9 37.125 0.105741
0.9 39.375 0.113946
0.9 41.625 0.113855
0.9 43.875 0.127202
1.1 1.125 0.103884
1.1 3.375 0.101935
1.1 5.625 0.101113
1.1 7.875 0.10044
1.1 10.125 0.101108
1.1 12.375 0.098966
1.1 14.625 0.0987397
1.1 16.875 0.0944085
1.1 19.125 0.0967258
1.1 21.375 0.100143
1.1 23.625 0.0976715
1.1 25.875 0.0967584
1.1 28.125 0.0905058
1.1 30.375 0.0968614
1.1 32.625 0.0917675
1.1 34.875 0.0945134
1.1 37.125 0.073244
1.1 39.375 0.0947677
1.1 41.625 0.095254
1.1 43.875 0.102256
1.3 1.125 0.0763882
1.3 3.375 0.0735206
1.3 5.625 0.0745254
1.3 7.875 0.076579
1.3 10.125 0.0758779
1.3 12.375 0.074313
1.3 14.625 0.0761216
1.3 16.875 0.0767098
1.3 19.125 0.0751361
1.3 21.375 0.0677595
1.3 23.625 0.0754094
1.3 25.875 0.0731814
1.3 28.125 0.0642397
1.3 30.375 0.0751375
1.3 32.625 0.0759796
1.3 34.875 0.0762227
1.3 37.125 0.0736967
1.3 39.375 0.0721216
1.3 41.625 0.069541
1.3 43.875 0.0816597
1.5 1.125 0.0535686
1.5 3.375 0.052197
1.5 5.625 0.0529254
1.5 7.875 0.0513355
1.5 10.125 0.0548961
1.5 12.375 0.0578148
1.5 14.625 0.0589929
1.5 16.875 0.0608265
1.5 19.125 0.0519724
1.5 21.375 0.0603799
1.5 23.625 0.0578705
1.5 25.875 0.0572
1.5 28.125 0.060296
1.5 30.375 0.0618879
1.5 32.625 0.0688373
1.5 34.875 0.0441166
1.5 37.125 0.059735
1.5 39.375 0.056926
1.5 41.625 0.0601144
1.5 43.875 0.0636584
1.7 1.125 0.0387997
1.7 3.375 0.0369579
1.7 5.625 0.0361332
1.7 7.875 0.0378129
1.7 10.125 0.038207
1.7 12.375 0.0391286
1.7 14.625 0.0405266
1.7 16.875 0.045637
1.7 19.125 0.0390398
1.7 21.375 0.0466981
1.7 23.625 0.0431679
1.7 25.875 0.0426615
1.7 28.125 0.0464374
1.7 30.375 0.0458827
1.7 32.625 0.0426623
1.7 34.875 0.0425836
1.7 37.125 0.0547167
1.7 39.375 0.0460064
1.7 41.625 0.0481738
1.7 43.875 0.0522122
1.9 1.125 0.0246455
1.9 3.375 0.0238248
1.9 5.625 0.0268398
1.9 7.875 0.0243071
1.9 10.125 0.0267854
1.9 12.375 0.0254324
1.9 14.625 0.0295522
1.9 16.875 0.0248025
1.9 19.125 0.0249871
1.9 21.375 0.0275833
1.9 23.625 0.0270897
1.9 25.875 0.0327927
1.9 28.125 0.0337558
1.9 30.375 0.0352381
1.9 32.625 0.0342339
1.9 34.875 0.041372
1.9 37.125 0.0367571
1.9 39.375 0.039612
1.9 41.625 0.0302771
1.9 43.875 0.0318667
2.1 1.125 0.014709
2.1 3.375 0.0152364
2.1 5.625 0.0156662
2.1 7.875 0.0144826
2.1 10.125 0.0141984
2.1 12.375 0.0131354
2.1 14.625 0.0156353
2.1 16.875 0.0187561
2.1 19.125 0.0267894
2.1 21.375 0.0186404
2.1 23.625 0.0200786
2.1 25.875 0.023872
2.1 28.125 0.0223372
2.1 30.375 0.0290406
2.1 32.625 0.0251479
2.1 34.875 0.0369551
2.1 37.125 0.0231168
2.1 39.375 0.0326644
2.1 41.625 0.0286334
2.1 43.875 0.0325121
2.3 1.125 0.00851562
2.3 3.375 0.00796461
2.3 5.625 0.00786417
2.3 7.875 0.00849067
2.3 10.125 0.00850054
2.3 12.375 0.0110333
2.3 14.625 0.0111574
2.3 16.875 0.0118869
2.3 19.125 0.0121804
2.3 21.375 0.0117584
2.3 23.625 0.0140818
2.3 25.875 0.0160603
2.3 28.125 0.0155145
2.3 30.375 0.0191795
2.3 32.625 0.0168217
2.3 34.875 0.0216446
2.3 37.125 0.0192074
2.3 39.375 0.0216056
2.3 41.625 0.0217415
2.3 43.875 0.0252569
2.5 1.125 0.00471618
2.5 3.375 0.00487144
2.5 5.625 0.00530371
2.5 7.875 0.00590518
2.5 10.125 0.0053046
2.5 12.375 0.00550255
2.5 14.625 0.00604558
2.5 16.875 0.00639147
2.5 19.125 0.00700063
2.5 21.375 0.00803081
2.5 23.625 0.00824762
2.5 25.875 0.00868891
2.5 28.125 0.0108853
2.5 30.375 0.0108136
2.5 32.625 0.0115234
2.5 34.875 0.0109443
2.5 37.125 0.0122651
2.5 39.375 0.0156514
2.5 41.625 0.0153242
2.5 43.875 0.0214326
2.7 1.125 0.00416048
2.7 3.375 0.00465799
2.7 5.625 0.00469313
2.7 7.875 0.00468565
2.7 10.125 0.0037804
2.7 12.375 0.00545673
2.7 14.625 0.00406718
2.7 16.875 0.00500516
2.7 19.125 0.00376381
2.7 21.375 0.00563864
2.7 23.625 0.00465383
2.7 25.875 0.00537033
2.7 28.125 0.00586696
2.7 30.375 0.00675128
2.7 32.625 0.0080718
2.7 34.875 0.00835263
2.7 37.125 0.0086892
2.7 39.375 0.0103285
2.7 41.625 0.01318
2.7 43.875 0.0144932
2.9 1.125 0.00434573
2.9 3.375 0.00381025
2.9 5.625 0.00484094
2.9 7.875 0.00465986
2.9 10.125 0.00399223
2.9 12.375 0.00556236
2.9 14.625 0.00563673
2.9 16.875 0.00424432
2.9 19.125 0.00649933
2.9 21.375 0.00413093
2.9 23.625 0.00630299
2.9 25.875 0.00410162
2.9 28.125 0.00448982
2.9 30.375 0.00446565
2.9 32.625 0.00608437
2.9 34.875 0.00546257
2.9 37.125 0.0058704
2.9 39.375 0.00664071
2.9 41.625 0.00701594
2.9 43.875 0.010097
3.1 1.125 0.00441075
3.1 3.375 0.00459203
3.1 5.625 0.00377551
3.1 7.875 0.00554313
3.1 10.125 0.00560279
3.1 12.375 0.00386345
3.1 14.625 0.00306589
3.1 16.875 0.00373304
3.1 19.125 0.00571379
3.1 21.375 0.00471761
3.1 23.625 0.00359647
3.1 25.875 0.00392988
3.1 28.125 0.00451542
3.1 30.375 0.00525999
3.1 32.625 0.00411242
3.1 34.875 0.00418205
3.1 37.125 0.00453718
3.1 39.375 0.00497273
3.1 41.625 0.00606084
3.1 43.875 0.00741047
3.3 1.125 0.00384525
3.3 3.375 0.00517032
3.3 5.625 0.00315504
3.3 7.875 0.00518997
3.3 10.125 0.00398338
3.3 12.375 0.0030149
3.3 14.625 0.0077223
3.3 16.875 0.00472544
3.3 19.125 0.00413157
3.3 21.375 0.00309126
3.3 23.625 0.0034295
3.3 25.875 0.00418471
3.3 28.125 0.00593146
3.3 30.375 0.00399698
3.3 32.625 0.0042115
3.3 34.875 0.00424606
3.3 37.125 0.00354975
3.3 39.375 0.00479875
3.3 41.625 0.00424561
3.3 43.875 0.00497789
3.5 1.125 0.00400157
3.5 3.375 0.00406288
3.5 5.625 0.00373611
3.5 7.875 0.003488
3.5 10.125 0.00686075
3.5 12.375 0.0043234
3.5 14.625 0.00733929
3.5 16.875 0.00663003
3.5 19.125 0.00311811
3.5 21.375 0.00282443
3.5 23.625 0.00828488
3.5 25.875 0.00465931
3.5 28.125 0.00361939
3.5 30.375 0.00341361
3.5 32.625 0.00436134
3.5 34.875 0.00375364
3.5 37.125 0.0041854
3.5 39.375 0.00371792
3.5 41.625 0.00329169
3.5 43.875 0.00323955
3.7 1.125 0.00376191
3.7 3.375 0.00477492
3.7 5.625 0.00373211
3.7 7.875 0.00424888
3.7 10.125 0.00283868
3.7 12.375 0.00254341
3.7 14.625 0.00281619
3.7 16.875 0.0123956
3.7 19.125 0.00533555
3.7 21.375 0.00439921
3.7 23.625 0.00425041
3.7 25.875 0.00478906
3.7 28.125 0.00473006
3.7 30.375 0.00445816
3.7 32.625 0.00532195
3.7 34.875 0.00560362
3.7 37.125 0.0037
3.7 39.375 0.00355071
3.7 41.625 0.00320506
3.7 43.875 0.00263776
3.9 1.125 0.00370793
3.9 3.375 0.00437302
3.9 5.625 0.00335256
3.9 7.875 0.00340813
3.9 10.125 0.00353685
3.9 12.375 0.00405532
3.9 14.625 0.00252278
3.9 16.875 0.00462421
3.9 19.125 0.0035741
3.9 21.375 0.00931981
3.9 23.625 0.00584674
3.9 25.875 0.00456489
3.9 28.125 0.00765124
3.9 30.375 0.00449659
3.9 32.625 0.00467796
3.9 34.875 0.00344452
3.9 37.125 0.00313781
3.9 39.375 0.00307731
3.9 41.625 0.00251132
3.9 43.875 0.0030138
4.1 1.125 0.00322417
4.1 3.375 0.0048416
4.1 5.625 0.0036025
4.1 7.875 0.00335272
4.1 10.125 0.0033108
4.1 12.375 0.00387424
4.1 14.625 0.00291624
4.1 16.875 0.00407609
4.1 19.125 0.00998377
4.1 21.375 0.00912905
4.1 23.625 0.00280979
4.1 25.875 0.00391516
4.1 28.125 0.00434009
4.1 30.375 0.00355512
4.1 32.625 0.00359178
4.1 34.875 0.00329548
4.1 37.125 0.0030934
4.1 39.375 0.00251487
4.1 41.625 0.00237516
4.1 43.875 0.00226972
4.3 1.125 0.0039104
4.3 3.375 0.00307804
4.3 5.625 0.00356375
4.3 7.875 0.00398661
4.3 10.125 0.00302694
4.3 12.375 0.00254899
4.3 14.625 0.00393773
4.3 16.875 0.0028084
4.3 19.125 0.00364436
4.3 21.375 0.0031731
4.3 23.625 0.00288956
4.3 25.875 0.00387241
4.3 28.125 0.00505839
4.3 30.375 0.00375175
4.3 32.625 0.00408956
4.3 34.875 0.00296809
4.3 37.125 0.00287287
4.3 39.375 0.00285582
4.3 41.625 0.00230799
4.3 43.875 0.00269863
4.5 1.125 0.00337623
4.5 3.375 0.00365579
4.5 5.625 0.00335972
4.5 7.875 0.00310231
4.5 10.125 0.00356617
4.5 12.375 0.00332035
4.5 14.625 0.00273831
4.5 16.875 0.00378214
4.5 19.125 0.00315843
4.5 21.375 0.00376718
4.5 23.625 0.00374887
4.5 25.875 0.00345209
4.5 28.125 0.00406612
4.5 30.375 0.00399914
4.5 32.625 0.0028426
4.5 34.875 0.00261792
4.5 37.125 0.00243655
4.5 39.375 0.00280124
4.5 41.625 0.00229703
4.5 43.875 0.00298777
4.7 1.125 0.00310768
4.7 3.375 0.0030291
4.7 5.625 0.00310521
4.7 7.875 0.00289391
4.7 10.125 0.0044659
4.7 12.375 0.00332559
4.7 14.625 0.00276223
4.7 16.875 0.00338147
4.7 19.125 0.00340691
4.7 21.375 0.00306827
4.7 23.625 0.00414223
4.7 25.875 0.00342029
4.7 28.125 0.00328043
4.7 30.375 0.00307313
4.7 32.625 0.00251488
4.7 34.875 0.00463887
4.7 37.125 0.00268838
4.7 39.375 0.00229953
4.7 41.625 0.00346512
4.7 43.875 0.00229136
4.9 1.125 0.00227256
4.9 3.375 0.00289714
4.9 5.625 0.00211867
4.9 7.875 0.00248967
4.9 10.125 0.00240306
4.9 12.375 0.00259958
4.9 14.625 0.00269519
4.9 16.875 0.00316627
4.9 19.125 0.00347837
4.9 21.375 0.00302823
4.9 23.625 0.0036386
4.9 25.875 0.00400538
4.9 28.125 0.00372753
4.9 30.375 0.00289522
4.9 32.625 0.00270737
4.9 34.875 0.00253675
4.9 37.125 0.00181137
4.9 39.375 0.00267585
4.9 41.625 0.00262741
4.9 43.875 0.00227889
5.1 1.125 0.0023475
5.1 3.375 0.00273201
5.1 5.625 0.0021842
5.1 7.875 0.00195675
5.1 10.125 0.002312
5.1 12.375 0.00228672
5.1 14.625 0.00228828
5.1 16.875 0.00254715
5.1 19.125 0.00241378
5.1 21.375 0.00272251
5.1 23.625 0.00335773
5.1 25.875 0.0039337
5.1 28.125 0.00302787
5.1 30.375 0.00288957
5.1 32.625 0.00265312
5.1 34.875 0.0028274
5.1 37.125 0.00281404
5.1 39.375 0.00180523
5.1 41.625 0.00217726
5.1 43.875 0.00245362
5.3 1.125 0.00216485
5.3 3.375 0.00242499
5.3 5.625 0.00240146
5.3 7.875 0.00187059
5.3 10.125 0.00207421
5.3 12.375 0.00268308
5.3 14.625 0.00244101
5.3 16.875 0.00239753
5.3 19.125 0.00246892
5.3 21.375 0.00211239
5.3 23.625 0.00254397
5.3 25.875 0.0030725
5.3 28.125 0.00267804
5.3 30.375 0.00399805
5.3 32.625 0.0027928
5.3 34.875 0.00260185
5.3 37.125 0.00272441
5.3 39.375 0.00300057
5.3 41.625 0.00248184
5.3 43.875 0.00323316
5.5 1.125 0.00250457
5.5 3.375 0.00237651
5.5 5.625 0.00263195
5.5 7.875 0.00267109
5.5 10.125 0.00222185
5.5 12.375 0.00303307
5.5 14.625 0.00244405
5.5 16.875 0.00199499
5.5 19.125 0.00307589
5.5 21.375 0.00233164
5.5 23.625 0.00278747
5.5 25.875 0.00229503
5.5 28.125 0.00239761
5.5 30.375 0.00254768
5.5 32.625 0.00314251
5.5 34.875 0.00211155
5.5 37.125 0.00375346
5.5 39.375 0.00429882
5.5 41.625 0.00354815
5.5 43.875 0.00314625
5.7 1.125 0.00237456
5.7 3.375 0.00239078
5.7 5.625 0.00250746
5.7 7.875 0.00197527
5.7 10.125 0.00208782
5.7 12.375 0.00796421
5.7 14.625 0.00477702
5.7 16.875 0.00781684
5.7 19.125 0.00236964
5.7 21.375 0.00210567
5.7 23.625 0.00267754
5.7 25.875 0.00247692
5.7 28.125 0.00236886
5.7 30.375 0.00198646
5.7 32.625 0.00222347
5.7 34.875 0.00224689
5.7 37.125 0.00324403
5.7 39.375 0.00298025
5.7 41.625 0.00305964
5.7 43.875 0.00257654
5.9 1.125 0.00252504
5.9 3.375 0.00237631
5.9 5.625 0.00233338
5.9 7.875 0.00177024
5.9 10.125 0.00322108
5.9 12.375 0.00597386
5.9 14.625 0.00342522
5.9 16.875 0.00234323
5.9 19.125 0.00269334
5.9 21.375 0.00259686
5.9 23.625 0.00204231
5.9 25.875 0.00241946
5.9 28.125 0.00197946
5.9 30.375 0.00245656
5.9 32.625 0.00208394
5.9 34.875 0.00228923
5.9 37.125 0.00252464
5.9 39.375 0.00314782
5.9 41.625 0.00326774
5.9 43.875 0.00267283
6.1 1.125 0.00207066
6.1 3.375 0.00714198
6.1 5.625 0.00169301
6.1 7.875 0.00275136
6.1 10.125 0.00544176
6.1 12.375 0.00235899
6.1 14.625 0.00288094
6.1 16.875 0.00274061
6.1 19.125 0.00239974
6.1 21.375 0.00230211
6.1 23.625 0.00280904
6.1 25.875 0.00284953
6.1 28.125 0.00202428
6.1 30.375 0.00225214
6.1 32.625 0.00263571
6.1 34.875 0.00227581
6.1 37.125 0.00255898
6.1 39.375 0.00265824
6.1 41.625 0.00286815
6.1 43.875 0.00294692
6.3 1.125 0.00259259
6.3 3.375 0.00296072
6.3 5.625 0.00226332
6.3 7.875 0.00195899
6.3 10.125 0.00249705
6.3 14.625 0.00306985
6.3 16.875 0.00301605
6.3 19.125 0.00267221
6.3 21.375 0.0027415
6.3 23.625 0.00240394
6.3 25.875 0.0026141
6.3 28.125 0.00192446
6.3 30.375 0.00247356
6.3 32.625 0.00189159
6.3 34.875 0.00269788
6.3 37.125 0.00195233
6.3 39.375 0.00213202
6.3 41.625 0.00259437
6.3 43.875 0.00335959
6.5 1.125 0.00266757
6.5 3.375 0.00273009
6.5 5.625 0.00304438
6.5 7.875 0.003446
6.5 10.125 0.00266191
6.5 12.375 0.00257862
6.5 14.625 0.00322068
6.5 16.875 0.00293622
6.5 19.125 0.0036191
6.5 21.375 0.00221462
6.5 23.625 0.0019431
6.5 25.875 0.0022252
6.5 28.125 0.0021696
6.5 30.375 0.00288044
6.5 32.625 0.00142165
6.5 34.875 0.0022575
6.5 37.125 0.00224047
6.5 39.375 0.0024242
6.5 41.625 0.00209404
6.5 43.875 0.00306995
6.7 1.125 0.00225705
6.7 3.375 0.00228273
6.7 5.625 0.00303057
6.7 7.875 0.00321699
6.7 10.125 0.00248439
6.7 12.375 0.00239975
6.7 14.625 0.00284817
6.7 16.875 0.00202733
6.7 19.125 0.00295677
6.7 21.375 0.00238271
6.7 23.625 0.00285319
6.7 25.875 0.00183845
6.7 28.125 0.0014514
6.7 30.375 0.00347265
6.7 32.625 0.00238856
6.7 34.875 0.00252469
6.7 37.125 0.00242805
6.7 39.375 0.00182895
6.7 41.625 0.00216894
6.7 43.875 0.00227228
6.9 1.125 0.00243182
6.9 3.375 0.00291367
6.9 5.625 0.00253768
6.9 7.875 0.00245025
6.9 10.125 0.00274566
6.9 12.375 0.00280552
6.9 14.625 0.00274062
6.9 16.875 0.00253975
6.9 19.125 0.0029397
6.9 21.375 0.00189793
6.9 23.625 0.00248624
6.9 25.875 0.00259941
6.9 28.125 0.00252186
6.9 30.375 0.00194473
6.9 32.625 0.00223922
6.9 34.875 0.00215909
6.9 37.125 0.00241717
6.9 39.375 0.00185609
6.9 41.625 0.00246784
6.9 43.875 0.0022208
7.1 1.125 0.00225464
7.1 3.375 0.00220323
7.1 5.625 0.00210331
7.1 7.875 0.00195234
7.1 10.125 0.00226205
7.1 12.375 0.0022621
7.1 14.625 0.00263828
7.1 16.875 0.0029424
7.1 19.125 0.00275239
7.1 21.375 0.00253729
7.1 23.625 0.002524
7.1 25.875 0.00386756
7.1 28.125 0.00227178
7.1 30.375 0.00153188
7.1 34.875 0.00294947
7.1 37.125 0.00344761
7.1 39.375 0.00222364
7.1 41.625 0.00204442
7.1 43.875 0.0016942
7.3 1.125 0.00198483
7.3 3.375 0.0017331
7.3 5.625 0.00200813
7.3 7.875 0.00239499
7.3 10.125 0.0020918
7.3 12.375 0.00252544
7.3 14.625 0.00270033
7.3 16.875 0.00298076
7.3 19.125 0.00261295
7.3 21.375 0.00217205
7.3 23.625 0.00248732
7.3 25.875 0.00214459
7.3 28.125 0.00126062
7.3 32.625 0.00196772
7.3 34.875 0.00311916
7.3 37.125 0.00229173
7.3 39.375 0.0105028
7.3 41.625 0.00211892
7.3 43.875 0.00202302
7.5 1.125 0.003604
7.5 3.375 0.00188954
7.5 5.625 0.0019085
7.5 7.875 0.00192126
7.5 10.125 0.00240087
7.5 12.375 0.00198427
7.5 14.625 0.00215634
7.5 16.875 0.00268939
7.5 19.125 0.00224114
7.5 21.375 0.00238541
7.5 23.625 0.00218807
7.5 25.875 0.00211017
7.5 28.125 0.00253027
7.5 30.375 0.00236727
7.5 32.625 0.00256793
7.5 34.875 0.00270087
7.5 37.125 0.00220169
7.5 39.375 0.00256509
7.5 41.625 0.00177059
7.5 43.875 0.00186274
7.7 1.125 0.0017815
7.7 3.375 0.00169931
7.7 5.625 0.00198284
7.7 7.875 0.00235718
7.7 10.125 0.00272874
7.7 12.375 0.00210266
7.7 14.625 0.00273711
7.7 16.875 0.00184585
7.7 19.125 0.00225258
7.7 21.375 0.00188334
7.7 23.625 0.0028209
7.7 25.875 0.00262081
7.7 28.125 0.00251464
7.7 30.375 0.00323853
7.7 32.625 0.00281168
7.7 34.875 0.00231751
7.7 37.125 0.00767309
7.7 39.375 0.0025636
7.7 41.625 0.00187773
7.7 43.875 0.00158
7.9 1.125 0.00218112
7.9 3.375 0.00250075
7.9 5.625 0.00200771
7.9 7.875 0.00245484
7.9 10.125 0.00143805
7.9 12.375 0.00135789
7.9 14.625 0.0021673
7.9 16.875 0.00187385
7.9 19.125 0.00169159
7.9 21.375 0.00192572
7.9 23.625 0.00333405
7.9 25.875 0.00230988
7.9 28.125 0.00276929
7.9 30.375 0.00294564
7.9 32.625 0.00274442
7.9 34.875 0.00265831
7.9 37.125 0.00224328
7.9 39.375 0.00260513
7.9 41.625 0.00202493
7.9 43.875 0.00211168
8.1 1.125 0.00225763
8.1 3.375 0.00186745
8.1 5.625 0.00253088
8.1 7.875 0.00419149
8.1 10.125 0.00195746
8.1 12.375 0.00283509
8.1 14.625 0.00233474
8.1 16.875 0.00201211
8.1 19.125 0.001727
8.1 21.375 0.00208457
8.1 23.625 0.00212761
8.1 25.875 0.00206979
8.1 28.125 0.00220574
8.1 30.375 0.00243788
8.1 32.625 0.00251523
8.1 34.875 0.00310908
8.1 37.125 0.00244971
8.1 39.375 0.00157667
8.1 41.625 0.00228144
8.1 43.875 0.00115339
8.3 1.125 0.00276951
8.3 3.375 0.00327221
8.3 10.125 0.00191594
8.3 12.375 0.00352037
8.3 14.625 0.00267887
8.3 16.875 0.00311124
8.3 19.125 0.00157578
8.3 21.375 0.00182686
8.3 23.625 0.00202827
8.3 25.875 0.00187815
8.3 28.125 0.0015798
8.3 30.375 0.00190921
8.3 32.625 0.00233587
8.3 34.875 0.00277588
8.3 37.125 0.00178778
8.3 39.375 0.00180279
8.3 41.625 0.0022521
8.3 43.875 0.00142712
8.5 1.125 0.00175633
8.5 3.375 0.00196583
8.5 5.625 0.0035006
8.5 7.875 0.00186283
8.5 10.125 0.00164069
8.5 12.375 0.00153784
8.5 14.625 0.00275699
8.5 16.875 0.00227581
8.5 19.125 0.00169821
8.5 21.375 0.00127283
8.5 23.625 0.00227392
8.5 25.875 0.00119956
8.5 28.125 0.00180706
8.5 30.375 0.00156443
8.5 32.625 0.00253716
8.5 34.875 0.00234695
8.5 37.125 0.00204365
8.5 39.375 0.0027181
8.5 41.625 0.00203996
8.7 1.125 0.00196544
8.7 3.375 0.00263251
8.7 5.625 0.00274009
8.7 10.125 0.00236468
8.7 12.375 0.00296483
8.7 14.625 0.00244748
8.7 16.875 0.00236326
8.7 19.125 0.00220337
8.7 21.375 0.00182948
8.7 23.625 0.0020131
8.7 25.875 0.00201064
8.7 28.125 0.00185675
8.7 30.375 0.00238203
8.7 32.625 0.00237834
8.7 34.875 0.00219525
8.7 37.125 0.00258701
8.7 39.375 0.00202663
8.7 41.625 0.00158325
8.7 43.875 0.00237162
8.9 1.125 0.0017134
8.9 3.375 0.00192117
8.9 5.625 0.00196542
8.9 7.875 0.00245305
8.9 10.125 0.00345721
8.9 12.375 0.00299454
8.9 14.625 0.00249186
8.9 16.875 0.00189106
8.9 19.125 0.00130624
8.9 21.375 0.00145306
8.9 25.875 0.00181081
8.9 28.125 0.0029177
8.9 30.375 0.00167367
8.9 32.625 0.00197123
8.9 34.875 0.00186209
8.9 37.125 0.00199705
8.9 39.375 0.00280606
8.9 41.625 0.00211335
8.9 43.875 0.00381104
9.1 1.125 0.00226476
9.1 3.375 0.00320813
9.1 5.625 0.00310562
9.1 7.875 0.00152477
9.1 10.125 0.00156248
9.1 12.375 0.00229411
9.1 14.625 0.00318688
9.1 16.875 0.00225727
9.1 19.125 0.0020034
9.1 21.375 0.0022233
9.1 25.875 0.00184327
9.1 28.125 0.00138166
9.1 30.375 0.00212819
9.1 32.625 0.00199766
9.1 34.875 0.00200413
9.1 37.125 0.00444644
9.1 39.375 0.00210359
9.1 41.625 0.00406296
9.1 43.875 0.00359895
9.3 1.125 0.00306099
9.3 3.375 0.00368995
9.3 5.625 0.00272489
9.3 7.875 0.00299708
9.3 10.125 0.00201453
9.3 12.375 0.00282499
9.3 14.625 0.00252547
9.3 16.875 0.00270138
9.3 19.125 0.00212438
9.3 21.375 0.00247617
9.3 23.625 0.00222677
9.3 25.875 0.00173953
9.3 28.125 0.00194928
9.3 30.375 0.00200978
9.3 32.625 0.00216408
9.3 34.875 0.00179207
9.3 37.125 0.00252131
9.3 39.375 0.00228411
9.3 41.625 0.00217898
9.3 43.875 0.00218295
9.5 1.125 0.00235701
9.5 3.375 0.00222039
9.5 5.625 0.00783757
9.5 7.875 0.00578001
9.5 10.125 0.00253058
9.5 12.375 0.00286298
9.5 14.625 0.0032944
9.5 16.875 0.00195416
9.5 19.125 0.00205284
9.5 21.375 0.00378968
9.5 25.875 0.00192817
9.5 28.125 0.00181786
9.5 30.375 0.002119
9.5 32.625 0.00221327
9.5 34.875 0.0015759
9.5 37.125 0.00162717
9.5 39.375 0.00211121
9.5 41.625 0.00233767
9.5 43.875 0.00253844
9.7 1.125 0.00166057
9.7 3.375 0.00215567
9.7 5.625 0.00205382
9.7 7.875 0.00167544
9.7 10.125 0.00182672
9.7 12.375 0.00224725
9.7 14.625 0.00210268
9.7 16.875 0.00223137
9.7 19.125 0.00153556
9.7 21.375 0.00194353
9.7 23.625 0.00204194
9.7 25.875 0.00251259
9.7 28.125 0.00599247
9.7 30.375 0.00152724
9.7 32.625 0.00204886
9.7 34.875 0.00159186
9.7 37.125 0.00201852
9.7 39.375 0.00210964
9.7 41.625 0.00217736
9.7 43.875 0.0033706
9.9 1.125 0.00203811
9.9 3.375 0.00179986
9.9 5.625 0.00154517
9.9 7.875 0.00171948
9.9 10.125 0.00208953
9.9 12.375 0.00242466
9.9 14.625 0.00240678
9.9 16.875 0.00236373
9.9 19.125 0.00215555
9.9 21.375 0.00168734
9.9 23.625 0.00163549
9.9 25.875 0.00146751
9.9 28.125 0.0034593
9.9 30.375 0.00279522
9.9 32.625 0.00306652
9.9 39.375 0.00229586
9.9 41.625 0.00215701
9.9 43.875 0.00281988
10.1 1.125 0.00236513
10.1 3.375 0.00171567
10.1 5.625 0.00173269
10.1 7.875 0.00176453
10.1 10.125 0.0019478
10.1 12.375 0.0019139
10.1 14.625 0.00200922
10.1 16.875 0.00172676
10.1 19.125 0.00367111
10.1 21.375 0.00281478
10.1 23.625 0.00231552
10.1 25.875 0.0024403
10.1 28.125 0.00217529
10.1 30.375 0.00206266
10.1 32.625 0.00306871
10.1 37.125 0.00256281
10.1 39.375 0.00204975
10.1 41.625 0.00227454
10.1 43.875 0.00212964
10.3 1.125 0.00185906
10.3 3.375 0.0024894
10.3 5.625 0.00192977
10.3 7.875 0.00188457
10.3 10.125 0.00225748
10.3 12.375 0.00210499
10.3 14.625 0.00177513
10.3 16.875 0.00236377
10.3 19.125 0.00169053
10.3 21.375 0.00107508
10.3 23.625 0.00109659
10.3 25.875 0.00183912
10.3 28.125 0.00177257
10.3 30.375 0.00301023
10.3 39.375 0.00155841
10.3 41.625 0.00169991
10.3 43.875 0.00170797
10.5 1.125 0.0035064
10.5 3.375 0.00260241
10.5 7.875 0.00211183
10.5 12.375 0.00217623
10.5 14.625 0.00305757
10.5 16.875 0.00168503
10.5 19.125 0.0020336
10.5 21.375 0.00199107
10.5 23.625 0.00238807
10.5 25.875 0.00274355
10.5 28.125 0.00235531
10.5 30.375 0.00186553
10.5 41.625 0.00176694
10.5 43.875 0.00222009
10.7 1.125 0.00314387
10.7 3.375 0.0021688
10.7 7.875 0.00211396
10.7 12.375 0.00245183
10.7 14.625 0.0015819
10.7 16.875 0.00143142
10.7 19.125 0.00146209
10.7 21.375 0.00209673
10.7 23.625 0.0032496
10.7 25.875 0.00225898
10.7 28.125 0.00139269
10.7 30.375 0.00169494
10.7 34.875 0.00213595
10.7 41.625 0.0022915
10.7 43.875 0.00181059
10.9 1.125 0.00205286
10.9 10.125 0.00200134
10.9 12.375 0.00171848
10.9 14.625 0.00217424
10.9 16.875 0.0017685
10.9 21.375 0.0020858
10.9 23.625 0.00159366
10.9 25.875 0.00271939
10.9 28.125 0.00201785
10.9 34.875 0.0029565
10.9 39.375 0.00133434
10.9 41.625 0.00137567
10.9 43.875 0.00172859
11.1 1.125 0.00239195
11.1 7.875 0.00262469
11.1 12.375 0.0028345
11.1 14.625 0.00250299
11.1 16.875 0.00201739
11.1 19.125 0.00144428
11.1 23.625 0.0015097
11.1 25.875 0.00169666
11.1 28.125 0.00205234
11.1 30.375 0.00257958
11.1 32.625 0.0019107
11.1 39.375 0.00260862
11.1 41.625 0.00141665
11.3 1.125 0.00145108
11.3 3.375 0.00243638
11.3 12.375 0.00163214
11.3 23.625 0.00193811
11.3 25.875 0.00204032
11.3 28.125 0.00196537
11.3 30.375 0.00248578
11.3 32.625 0.00146416
11.3 34.875 0.0019062
11.3 39.375 0.00173372
11.3 41.625 0.00184649
11.3 43.875 0.00319733
11.5 1.125 0.00138297
11.5 3.375 0.00124086
11.5 5.625 0.00381106
11.5 7.875 0.00193515
11.5 12.375 0.00192943
11.5 14.625 0.00193698
11.5 16.875 0.00201074
11.5 23.625 0.00325326
11.5 25.875 0.00217722
11.5 28.125 0.00257937
11.5 30.375 0.00149271
11.5 32.625 0.00138709
11.5 34.875 0.00197384
11.5 37.125 0.00174166
11.5 39.375 0.00190901
11.5 41.625 0.00201099
11.5 43.875 0.00119455
11.7 1.125 0.00188259
11.7 3.375 0.00253735
11.7 10.125 0.00120698
11.7 12.375 0.00164292
11.7 14.625 0.00247467
11.7 19.125 0.00140274
11.7 21.375 0.00309177
11.7 23.625 0.00346673
11.7 25.875 0.00160705
11.7 30.375 0.00229262
11.7 32.625 0.00142172
11.7 34.875 0.00224262
11.7 37.125 0.00225509
11.7 39.375 0.00194376
11.7 41.625 0.00247249
11.9 1.125 0.00155634
11.9 3.375 0.00244361
11.9 7.875 0.00276975
11.9 10.125 0.00165262
11.9 12.375 0.00204923
11.9 14.625 0.00201299
11.9 19.125 0.00195873
11.9 25.875 0.00214103
11.9 32.625 0.00164192
11.9 34.875 0.00198571
11.9 37.125 0.00438382
11.9 39.375 0.00261315
11.9 41.625 0.00191792
12.1 1.125 0.00170127
12.1 3.375 0.00167609
12.1 5.625 0.00231705
12.1 10.125 0.00276949
12.1 12.375 0.00226475
12.1 16.875 0.00257143
12.1 23.625 0.00157476
12.1 25.875 0.00187427
12.1 32.625 0.00239235
12.1 34.875 0.00326766
12.1 37.125 0.00214502
12.1 39.375 0.00257716
12.1 41.625 0.00192982
12.3 1.125 0.00135612
12.3 5.625 0.00115241
12.3 10.125 0.00145427
12.3 12.375 0.00240456
12.3 14.625 0.0020037
12.3 21.375 0.00235153
12.3 23.625 0.00184365
12.3 25.875 0.00231587
12.3 34.875 0.00204102
12.3 37.125 0.0030652
12.3 39.375 0.00237726
12.5 1.125 0.00156193
12.5 3.375 0.00192331
12.5 5.625 0.00245792
12.5 10.125 0.00294168
12.5 12.375 0.00171408
12.5 16.875 0.00225825
12.5 19.125 0.00148054
12.5 21.375 0.00240984
12.5 23.625 0.00319149
12.5 37.125 0.00155957
12.5 39.375 0.00247778
12.5 41.625 0.00173318
12.7 1.125 0.00157723
12.7 7.875 0.00147138
12.7 10.125 0.00204265
12.7 12.375 0.00166551
12.7 16.875 0.0021133
12.7 21.375 0.00198292
12.7 30.375 0.00116465
12.7 32.625 0.00292924
12.7 34.875 0.00321099
12.7 37.125 0.00131992
12.7 39.375 0.00218434
12.9 10.125 0.00134382
12.9 12.375 0.00128225
12.9 14.625 0.00125523
12.9 21.375 0.00185195
12.9 23.625 0.00197652
12.9 30.375 0.00377766
12.9 34.875 0.00231721
13.1 12.375 0.00229049
13.1 19.125 0.00214686
13.1 21.375 0.00125118
13.1 34.875 0.0018505
13.1 43.875 0.0012271
13.3 19.125 0.00181017
13.3 21.375 0.00241709
13.5 21.375 0.00156473
13.5 23.625 0.00170566
13.5 28.125 0.00248118
13.5 43.875 0.00357834
13.7 1.125 0.00149195
13.7 21.375 0.00403851
13.7 25.875 0.00228402
13.7 32.625 0.00208197
13.7 34.875 0.00215854
13.7 43.875 0.00233079
13.9 23.625 0.00169131
13.9 28.125 0.00181577
13.9 32.625 0.00199311
13.9 43.875 0.00188105
