0.1 1.125 3.91559
0.1 3.375 3.53445
0.1 7.875 2.54909
0.1 10.125 3.02888
0.1 12.375 2.03825
0.1 14.625 2.8822
0.1 16.875 2.34002
0.1 19.125 0.929096
0.1 21.375 0.92939
0.1 23.625 1.29594
0.1 25.875 1.02236
0.1 28.125 2.39249
0.1 30.375 1.64842
0.1 32.625 1.8142
0.1 34.875 2.91542
0.1 37.125 3.96711
0.1 39.375 4.48263
0.1 41.625 3.88276
0.1 43.875 4.45238
0.3 1.125 4.032
0.3 3.375 3.30425
0.3 5.625 3.33316
0.3 7.875 4.25018
0.3 10.125 3.93149
0.3 12.375 4.24743
0.3 14.625 4.33735
0.3 16.875 4.27759
0.3 19.125 4.50235
0.3 21.375 4.47094
0.3 23.625 4.05304
0.3 25.875 4.22029
0.3 28.125 4.52097
0.3 30.375 4.11603
0.3 32.625 4.37139
0.3 34.875 4.19123
0.3 37.125 4.49632
0.3 39.375 4.37371
0.3 41.625 4.35343
0.3 43.875 4.2017
0.5 1.125 3.97681
0.5 3.375 3.17205
0.5 5.625 3.69284
0.5 7.875 4.20517
0.5 10.125 4.33859
0.5 12.375 4.33193
0.5 14.625 4.10458
0.5 16.875 4.26815
0.5 19.125 4.35898
0.5 21.375 4.18452
0.5 23.625 4.26755
0.5 25.875 4.14517
0.5 28.125 4.30291
0.5 30.375 4.41299
0.5 32.625 4.2971
0.5 34.875 4.17194
0.5 37.125 4.42865
0.5 39.375 4.07613
0.5 41.625 4.18148
0.5 43.875 4.04733
0.7 1.125 3.46722
0.7 3.375 3.3025
0.7 5.625 4.12975
0.7 7.875 4.20188
0.7 10.125 4.00322
0.7 12.375 4.14889
0.7 14.625 4.16175
0.7 16.875 4.19977
0.7 19.125 3.96721
0.7 21.375 4.01366
0.7 23.625 3.88559
0.7 25.875 4.00268
0.7 28.125 4.19929
0.7 30.375 4.23515
0.7 32.625 4.21361
0.7 34.875 4.0094
0.7 37.125 4.12737
0.7 39.375 4.18691
0.7 41.625 4.00162
0.7 43.875 3.98991
0.9 1.125 3.3565
0.9 3.375 3.41781
0.9 5.625 3.77716
0.9 7.875 3.66579
0.9 10.125 3.71944
0.9 12.375 3.77802
0.9 14.625 3.64773
0.9 16.875 3.6911
0.9 19.125 3.8357
0.9 21.375 3.85512
0.9 23.625 3.87598
0.9 25.875 3.86764
0.9 28.125 3.80531
0.9 30.375 3.88923
0.9 32.625 3.89441
0.9 34.875 3.91029
0.9 37.125 4.00776
0.9 39.375 3.88595
0.9 41.625 3.63342
0.9 43.875 3.76555
1.1 1.125 2.452
1.1 3.375 2.93063
1.1 5.625 2.96402
1.1 7.875 2.96725
1.1 10.125 2.98355
1.1 12.375 2.84593
1.1 14.625 3.07421
1.1 16.875 2.97098
1.1 19.125 2.9765
1.1 21.375 3.16811
1.1 23.625 3.26825
1.1 25.875 3.39263
1.1 28.125 3.30337
1.1 30.375 3.53016
1.1 32.625 3.59355
1.1 34.875 3.52079
1.1 37.125 3.68489
1.1 39.375 3.66964
1.1 41.625 3.63082
1.1 43.875 3.58934
1.3 1.125 1.55849
1.3 3.375 1.78617
1.3 5.625 1.88945
1.3 7.875 2.00039
1.3 10.125 1.90429
1.3 12.375 1.91482
1.3 14.625 2.10702
1.3 16.875 2.02076
1.3 19.125 2.15582
1.3 21.375 2.24202
1.3 23.625 2.41472
1.3 25.875 2.33353
1.3 28.125 2.54122
1.3 30.375 2.67272
1.3 32.625 2.71894
1.3 34.875 2.68893
1.3 37.125 2.82934
1.3 39.375 3.02367
1.3 41.625 3.00548
1.3 43.875 3.09139
1.5 1.125 0.912639
1.5 3.375 1.05983
1.5 5.625 1.00804
1.5 7.875 0.988096
1.5 10.125 1.06957
1.5 12.375 1.0954
1.5 14.625 1.16504
1.5 16.875 1.23502
1.5 19.125 1.20751
1.5 21.375 1.32806
1.5 23.625 1.34833
1.5 25.875 1.43292
1.5 28.125 1.59377
1.5 30.375 1.6577
1.5 32.625 1.81217
1.5 34.875 1.79199
1.5 37.125 2.00047
1.5 39.375 2.0703
1.5 41.625 2.31336
1.5 43.875 2.40208
1.7 1.125 0.446221
1.7 3.375 0.534259
1.7 5.625 0.540466
1.7 7.875 0.585505
1.7 10.125 0.587553
1.7 12.375 0.608493
1.7 14.625 0.618529
1.7 16.875 0.614678
1.7 19.125 0.627773
1.7 21.375 0.679756
1.7 23.625 0.715973
1.7 25.875 0.745962
1.7 28.125 0.836206
1.7 30.375 0.86062
1.7 32.625 0.967298
1.7 34.875 1.03977
1.7 37.125 1.13969
1.7 39.375 1.1239
1.7 41.625 1.16246
1.7 43.875 1.47803
1.9 1.125 0.279112
1.9 3.375 0.333089
1.9 5.625 0.32685
1.9 7.875 0.338004
1.9 10.125 0.358566
1.9 12.375 0.368255
1.9 14.625 0.383451
1.9 16.875 0.374147
1.9 19.125 0.379523
1.9 21.375 0.388358
1.9 23.625 0.39174
1.9 25.875 0.397359
1.9 28.125 0.457206
1.9 30.375 0.482136
1.9 32.625 0.547984
1.9 34.875 0.603571
1.9 37.125 0.577214
1.9 39.375 0.645064
1.9 41.625 0.701168
1.9 43.875 0.814762
2.1 1.125 0.184088
2.1 3.375 0.214986
2.1 5.625 0.21386
2.1 7.875 0.224481
2.1 10.125 0.228969
2.1 12.375 0.23266
2.1 14.625 0.253446
2.1 16.875 0.246258
2.1 19.125 0.257585
2.1 21.375 0.262623
2.1 23.625 0.27028
2.1 25.875 0.272735
2.1 28.125 0.281431
2.1 30.375 0.296727
2.1 32.625 0.324459
2.1 34.875 0.361777
2.1 37.125 0.363189
2.1 39.375 0.38018
2.1 41.625 0.397759
2.1 43.875 0.409642
2.3 1.125 0.132209
2.3 3.375 0.146375
2.3 5.625 0.177708
2.3 7.875 0.156601
2.3 10.125 0.158237
2.3 12.375 0.15585
2.3 14.625 0.162181
2.3 16.875 0.168249
2.3 19.125 0.171574
2.3 21.375 0.170378
2.3 23.625 0.187484
2.3 25.875 0.195406
2.3 28.125 0.194948
2.3 30.375 0.23139
2.3 32.625 0.212733
2.3 34.875 0.226312
2.3 37.125 0.246467
2.3 39.375 0.243586
2.3 41.625 0.25113
2.3 43.875 0.256993
2.5 1.125 0.0915544
2.5 3.375 0.114173
2.5 5.625 0.106173
2.5 7.875 0.115787
2.5 10.125 0.113754
2.5 12.375 0.112464
2.5 14.625 0.110161
2.5 16.875 0.117304
2.5 19.125 0.113563
2.5 21.375 0.125853
2.5 23.625 0.12759
2.5 25.875 0.134028
2.5 28.125 0.139839
2.5 30.375 0.161255
2.5 32.625 0.153408
2.5 34.875 0.157846
2.5 37.125 0.165226
2.5 39.375 0.168676
2.5 41.625 0.17023
2.5 43.875 0.161219
2.7 1.125 0.0846232
2.7 3.375 0.0876687
2.7 5.625 0.0894029
2.7 7.875 0.0882982
2.7 10.125 0.0849123
2.7 12.375 0.0866487
2.7 14.625 0.0853341
2.7 16.875 0.0830789
2.7 19.125 0.0883061
2.7 21.375 0.0917405
2.7 23.625 0.093999
2.7 25.875 0.0991077
2.7 28.125 0.102262
2.7 30.375 0.110823
2.7 32.625 0.112475
2.7 34.875 0.115715
2.7 37.125 0.114694
2.7 39.375 0.112958
2.7 41.625 0.11218
2.7 43.875 0.114033
2.9 1.125 0.067725
2.9 3.375 0.068195
2.9 5.625 0.0666624
2.9 7.875 0.0704744
2.9 10.125 0.0683244
2.9 12.375 0.0687608
2.9 14.625 0.0696032
2.9 16.875 0.0728441
2.9 19.125 0.0703689
2.9 21.375 0.0719305
2.9 23.625 0.0773733
2.9 25.875 0.0814766
2.9 28.125 0.0839535
2.9 30.375 0.083216
2.9 32.625 0.0840925
2.9 34.875 0.0800138
2.9 37.125 0.0878472
2.9 39.375 0.0834522
2.9 41.625 0.0787743
2.9 43.875 0.078337
3.1 1.125 0.0538763
3.1 3.375 0.0548362
3.1 5.625 0.0558119
3.1 7.875 0.0556636
3.1 10.125 0.0565971
3.1 12.375 0.0551023
3.1 14.625 0.0551036
3.1 16.875 0.0561562
3.1 19.125 0.0558218
3.1 21.375 0.059441
3.1 23.625 0.065077
3.1 25.875 0.0642459
3.1 28.125 0.0708965
3.1 30.375 0.0669676
3.1 32.625 0.0630724
3.1 34.875 0.0645732
3.1 37.125 0.0643588
3.1 39.375 0.0621748
3.1 41.625 0.0629113
3.1 43.875 0.0605764
3.3 1.125 0.0449864
3.3 3.375 0.0446973
3.3 5.625 0.0474398
3.3 7.875 0.0451005
3.3 10.125 0.0447544
3.3 12.375 0.0445103
3.3 14.625 0.0453114
3.3 16.875 0.0443509
3.3 19.125 0.0482462
3.3 21.375 0.0480948
3.3 23.625 0.0516284
3.3 25.875 0.0497583
3.3 28.125 0.0523957
3.3 30.375 0.0512591
3.3 32.625 0.0541396
3.3 34.875 0.0526123
3.3 37.125 0.0521734
3.3 39.375 0.053158
3.3 41.625 0.051764
3.3 43.875 0.0500787
3.5 1.125 0.0367981
3.5 3.375 0.0376509
3.5 5.625 0.0356506
3.5 7.875 0.0363411
3.5 10.125 0.0359146
3.5 12.375 0.036922
3.5 14.625 0.0353719
3.5 16.875 0.0360959
3.5 19.125 0.0372103
3.5 21.375 0.0384584
3.5 23.625 0.0411922
3.5 25.875 0.0429203
3.5 28.125 0.0453288
3.5 30.375 0.0427012
3.5 32.625 0.0428735
3.5 34.875 0.0413484
3.5 37.125 0.0428533
3.5 39.375 0.0442683
3.5 41.625 0.0464904
3.5 43.875 0.0405094
3.7 1.125 0.0316974
3.7 3.375 0.0309208
3.7 5.625 0.0323746
3.7 7.875 0.0301171
3.7 10.125 0.0318073
3.7 12.375 0.0315725
3.7 14.625 0.0322546
3.7 16.875 0.0313132
3.7 19.125 0.0343728
3.7 21.375 0.0338608
3.7 23.625 0.0348963
3.7 25.875 0.0353432
3.7 28.125 0.0355929
3.7 30.375 0.0359052
3.7 32.625 0.0358164
3.7 34.875 0.0345115
3.7 37.125 0.0340626
3.7 39.375 0.0346725
3.7 41.625 0.036779
3.7 43.875 0.0369978
3.9 1.125 0.0267943
3.9 3.375 0.0269277
3.9 5.625 0.0267292
3.9 7.875 0.0270895
3.9 10.125 0.0274253
3.9 12.375 0.0334888
3.9 14.625 0.0271419
3.9 16.875 0.0264742
3.9 19.125 0.0304241
3.9 21.375 0.0300373
3.9 23.625 0.0301968
3.9 25.875 0.0288865
3.9 28.125 0.0284001
3.9 30.375 0.0293285
3.9 32.625 0.0297659
3.9 34.875 0.0289607
3.9 37.125 0.0285879
3.9 39.375 0.0284128
3.9 41.625 0.0294697
3.9 43.875 0.0283939
4.1 1.125 0.023237
4.1 3.375 0.0231945
4.1 5.625 0.0229769
4.1 7.875 0.0243549
4.1 10.125 0.0251527
4.1 12.375 0.0225575
4.1 14.625 0.0246581
4.1 16.875 0.0253982
4.1 19.125 0.0263879
4.1 21.375 0.0328327
4.1 23.625 0.0261976
4.1 25.875 0.0269869
4.1 28.125 0.025499
4.1 30.375 0.0261726
4.1 32.625 0.0238851
4.1 34.875 0.0245798
4.1 37.125 0.0235947
4.1 39.375 0.0228936
4.1 41.625 0.0246065
4.1 43.875 0.0239203
4.3 1.125 0.0191622
4.3 3.375 0.0192789
4.3 5.625 0.0218644
4.3 7.875 0.0190087
4.3 10.125 0.0192525
4.3 12.375 0.0195855
4.3 14.625 0.022781
4.3 16.875 0.0326386
4.3 19.125 0.0230326
4.3 21.375 0.0241098
4.3 23.625 0.025905
4.3 25.875 0.0221076
4.3 28.125 0.020076
4.3 30.375 0.0220689
4.3 32.625 0.0230645
4.3 34.875 0.0210464
4.3 37.125 0.0204136
4.3 39.375 0.0209933
4.3 41.625 0.0201149
4.3 43.875 0.0203805
4.5 1.125 0.0163777
4.5 3.375 0.016297
4.5 5.625 0.0168438
4.5 7.875 0.0166913
4.5 10.125 0.0168472
4.5 12.375 0.0171941
4.5 14.625 0.0178425
4.5 16.875 0.0182593
4.5 19.125 0.0198106
4.5 21.375 0.0182233
4.5 23.625 0.0191846
4.5 25.875 0.0191956
4.5 28.125 0.0194941
4.5 30.375 0.0185186
4.5 32.625 0.0181018
4.5 34.875 0.0174681
4.5 37.125 0.0176222
4.5 39.375 0.0170091
4.5 41.625 0.0164776
4.5 43.875 0.0170183
4.7 1.125 0.0139151
4.7 3.375 0.0143807
4.7 5.625 0.0167847
4.7 7.875 0.0151095
4.7 10.125 0.0166205
4.7 12.375 0.014541
4.7 14.625 0.0163333
4.7 16.875 0.0164389
4.7 19.125 0.0161429
4.7 21.375 0.0165375
4.7 23.625 0.0167279
4.7 25.875 0.0227838
4.7 28.125 0.0161596
4.7 30.375 0.0159953
4.7 32.625 0.0164591
4.7 34.875 0.0152177
4.7 37.125 0.0246366
4.7 39.375 0.0153488
4.7 41.625 0.0141274
4.7 43.875 0.0142408
4.9 1.125 0.0282509
4.9 3.375 0.0111695
4.9 5.625 0.0126607
4.9 7.875 0.0122142
4.9 10.125 0.0120771
4.9 12.375 0.0126555
4.9 14.625 0.0129141
4.9 16.875 0.0136302
4.9 19.125 0.0144207
4.9 21.375 0.0142253
4.9 23.625 0.0142591
4.9 25.875 0.0136094
4.9 28.125 0.0133481
4.9 30.375 0.0139148
4.9 32.625 0.0137029
4.9 34.875 0.0138467
4.9 37.125 0.0131635
4.9 39.375 0.0134069
4.9 41.625 0.0131247
4.9 43.875 0.01291
5.1 1.125 0.0107923
5.1 3.375 0.0106098
5.1 5.625 0.010665
5.1 7.875 0.0125968
5.1 10.125 0.0101265
5.1 12.375 0.0112338
5.1 14.625 0.0121636
5.1 16.875 0.0119461
5.1 19.125 0.0121897
5.1 21.375 0.0131928
5.1 23.625 0.0144309
5.1 25.875 0.0120273
5.1 28.125 0.0117146
5.1 30.375 0.0115411
5.1 32.625 0.0110541
5.1 34.875 0.0113533
5.1 37.125 0.0117538
5.1 39.375 0.0108772
5.1 41.625 0.0109133
5.1 43.875 0.0119554
5.3 1.125 0.00938266
5.3 3.375 0.0088125
5.3 5.625 0.0094651
5.3 7.875 0.00867588
5.3 10.125 0.00966994
5.3 12.375 0.012025
5.3 14.625 0.0116713
5.3 16.875 0.0106294
5.3 19.125 0.0104328
5.3 21.375 0.0109667
5.3 23.625 0.00992002
5.3 25.875 0.0105409
5.3 28.125 0.0100033
5.3 30.375 0.0101468
5.3 32.625 0.0180036
5.3 34.875 0.0100421
5.3 37.125 0.0106522
5.3 39.375 0.00966242
5.3 41.625 0.0104223
5.3 43.875 0.00994095
5.5 1.125 0.00783798
5.5 3.375 0.00962607
5.5 5.625 0.00812144
5.5 7.875 0.00849349
5.5 10.125 0.00892131
5.5 12.375 0.00884149
5.5 14.625 0.0093536
5.5 16.875 0.00918995
5.5 19.125 0.00874553
5.5 21.375 0.00942553
5.5 23.625 0.0101979
5.5 25.875 0.00946038
5.5 28.125 0.0109027
5.5 30.375 0.00867297
5.5 32.625 0.00889208
5.5 34.875 0.00889076
5.5 37.125 0.00842745
5.5 39.375 0.00842319
5.5 41.625 0.00954932
5.5 43.875 0.0171362
5.7 1.125 0.00726128
5.7 3.375 0.00709089
5.7 5.625 0.0070614
5.7 7.875 0.00772843
5.7 10.125 0.0072799
5.7 12.375 0.00834854
5.7 14.625 0.00827294
5.7 16.875 0.00834052
5.7 19.125 0.00823832
5.7 21.375 0.00781968
5.7 23.625 0.00786418
5.7 25.875 0.0079536
5.7 28.125 0.0079971
5.7 30.375 0.00773907
5.7 32.625 0.00739094
5.7 34.875 0.00800635
5.7 37.125 0.00761484
5.7 39.375 0.00756227
5.7 41.625 0.00791046
5.7 43.875 0.008534
5.9 1.125 0.00644644
5.9 3.375 0.00678447
5.9 5.625 0.00675339
5.9 7.875 0.00625309
5.9 10.125 0.0178114
5.9 12.375 0.00832711
5.9 14.625 0.0175217
5.9 16.875 0.00701097
5.9 19.125 0.00736576
5.9 21.375 0.00732266
5.9 23.625 0.00774159
5.9 25.875 0.00703381
5.9 28.125 0.00671461
5.9 30.375 0.00703873
5.9 32.625 0.00668383
5.9 34.875 0.00681452
5.9 37.125 0.00759036
5.9 39.375 0.00716302
5.9 41.625 0.0161759
5.9 43.875 0.00719723
6.1 1.125 0.00611544
6.1 3.375 0.00565731
6.1 5.625 0.00651145
6.1 7.875 0.0057705
6.1 10.125 0.0119636
6.1 12.375 0.00648175
6.1 14.625 0.00661969
6.1 16.875 0.00672279
6.1 19.125 0.00696439
6.1 21.375 0.0063384
6.1 23.625 0.00624445
6.1 25.875 0.00608164
6.1 28.125 0.0063964
6.1 30.375 0.00609508
6.1 32.625 0.00634614
6.1 34.875 0.00618041
6.1 37.125 0.00608545
6.1 39.375 0.00660381
6.1 41.625 0.00712217
6.1 43.875 0.00603831
6.3 1.125 0.00565611
6.3 3.375 0.00547924
6.3 5.625 0.00569274
6.3 7.875 0.0115043
6.3 10.125 0.00772216
6.3 12.375 0.0202968
6.3 14.625 0.00605454
6.3 16.875 0.00586289
6.3 19.125 0.00607593
6.3 21.375 0.00588955
6.3 23.625 0.00586136
6.3 25.875 0.0055065
6.3 28.125 0.00563099
6.3 30.375 0.0056875
6.3 32.625 0.00553205
6.3 34.875 0.00592155
6.3 37.125 0.00602327
6.3 39.375 0.00611845
6.3 41.625 0.00553697
6.3 43.875 0.0060236
6.5 1.125 0.0049276
6.5 3.375 0.0219205
6.5 5.625 0.022481
6.5 7.875 0.00526053
6.5 10.125 0.00540949
6.5 12.375 0.00536034
6.5 14.625 0.0114603
6.5 16.875 0.00533839
6.5 19.125 0.0131398
6.5 21.375 0.00542247
6.5 23.625 0.00505343
6.5 25.875 0.00522429
6.5 28.125 0.00474315
6.5 30.375 0.00521305
6.5 32.625 0.00522704
6.5 34.875 0.00530812
6.5 37.125 0.00598262
6.5 39.375 0.00532583
6.5 41.625 0.012165
6.5 43.875 0.00536587
6.7 1.125 0.00425787
6.7 3.375 0.00463342
6.7 5.625 0.00487772
6.7 7.875 0.00466767
6.7 10.125 0.00510348
6.7 12.375 0.00519448
6.7 14.625 0.0127623
6.7 16.875 0.0060206
6.7 19.125 0.00466999
6.7 21.375 0.00478571
6.7 23.625 0.00456055
6.7 25.875 0.00435217
6.7 28.125 0.00422813
6.7 30.375 0.00464396
6.7 32.625 0.00453996
6.7 34.875 0.00496696
6.7 37.125 0.00512659
6.7 39.375 0.00490981
6.7 41.625 0.00507258
6.7 43.875 0.00501187
6.9 1.125 0.00423491
6.9 3.375 0.00445457
6.9 5.625 0.0044476
6.9 7.875 0.00459414
6.9 10.125 0.00448892
6.9 12.375 0.00507939
6.9 14.625 0.00457775
6.9 16.875 0.00584885
6.9 19.125 0.0131476
6.9 21.375 0.00479627
6.9 23.625 0.00501251
6.9 25.875 0.0140868
6.9 28.125 0.00414873
6.9 30.375 0.0129396
6.9 32.625 0.00489273
6.9 34.875 0.00433309
6.9 37.125 0.00651333
6.9 39.375 0.00448998
6.9 41.625 0.00654269
6.9 43.875 0.00528366
7.1 1.125 0.00371433
7.1 3.375 0.00405904
7.1 5.625 0.0188715
7.1 7.875 0.0041674
7.1 10.125 0.00434386
7.1 12.375 0.0135383
7.1 14.625 0.00462819
7.1 16.875 0.00443366
7.1 19.125 0.00450196
7.1 21.375 0.0044907
7.1 23.625 0.00490976
7.1 25.875 0.00472805
7.1 28.125 0.0047498
7.1 30.375 0.00395638
7.1 32.625 0.00457318
7.1 34.875 0.00438248
7.1 37.125 0.00443694
7.1 39.375 0.00416494
7.1 41.625 0.00417231
7.1 43.875 0.00422893
7.3 1.125 0.00378351
7.3 3.375 0.00849766
7.3 5.625 0.0101455
7.3 7.875 0.00391121
7.3 10.125 0.00406394
7.3 12.375 0.00431307
7.3 14.625 0.00424835
7.3 16.875 0.0101327
7.3 19.125 0.0042449
7.3 21.375 0.00409847
7.3 23.625 0.00418448
7.3 25.875 0.00465789
7.3 28.125 0.00390953
7.3 30.375 0.0036922
7.3 32.625 0.0043803
7.3 34.875 0.00403813
7.3 37.125 0.00390236
7.3 39.375 0.00379601
7.3 41.625 0.00412132
7.3 43.875 0.00418477
7.5 1.125 0.0233579
7.5 3.375 0.00429753
7.5 5.625 0.0087603
7.5 7.875 0.00346518
7.5 10.125 0.00395962
7.5 12.375 0.00423969
7.5 14.625 0.011979
7.5 16.875 0.00386378
7.5 19.125 0.00417281
7.5 21.375 0.00430438
7.5 23.625 0.00401239
7.5 25.875 0.0038274
7.5 28.125 0.00394421
7.5 30.375 0.00395497
7.5 32.625 0.00928544
7.5 34.875 0.00514063
7.5 37.125 0.00373261
7.5 39.375 0.00533623
7.5 41.625 0.00370587
7.5 43.875 0.00347317
7.7 1.125 0.00354455
7.7 3.375 0.00390663
7.7 5.625 0.00355646
7.7 7.875 0.00338378
7.7 10.125 0.00369677
7.7 12.375 0.00549955
7.7 14.625 0.0116284
7.7 16.875 0.0042417
7.7 19.125 0.00378908
7.7 21.375 0.00376757
7.7 23.625 0.00408347
7.7 25.875 0.0035778
7.7 28.125 0.00353804
7.7 30.375 0.00359221
7.7 32.625 0.00544758
7.7 34.875 0.0038427
7.7 37.125 0.00494384
7.7 39.375 0.00443585
7.7 41.625 0.00358652
7.7 43.875 0.00346961
7.9 1.125 0.00993322
7.9 3.375 0.00308873
7.9 5.625 0.00430976
7.9 7.875 0.0113563
7.9 10.125 0.0141446
7.9 12.375 0.00360426
7.9 14.625 0.00356388
7.9 16.875 0.00566772
7.9 19.125 0.00420386
7.9 21.375 0.0035784
7.9 23.625 0.00367862
7.9 25.875 0.00316327
7.9 28.125 0.00343563
7.9 30.375 0.00340809
7.9 32.625 0.00340572
7.9 34.875 0.00392255
7.9 37.125 0.00365117
7.9 39.375 0.00347092
7.9 41.625 0.00362282
7.9 43.875 0.00323544
8.1 1.125 0.00344459
8.1 3.375 0.00306821
8.1 5.625 0.0129941
8.1 7.875 0.00326172
8.1 10.125 0.00344932
8.1 12.375 0.00469858
8.1 14.625 0.0116504
8.1 16.875 0.00350036
8.1 19.125 0.00351727
8.1 21.375 0.00320421
8.1 23.625 0.00366673
8.1 25.875 0.00317464
8.1 28.125 0.00344958
8.1 30.375 0.00561538
8.1 32.625 0.00352027
8.1 34.875 0.00336
8.1 37.125 0.00346516
8.1 39.375 0.0033504
8.1 41.625 0.00317709
8.1 43.875 0.00303531
8.3 1.125 0.0031566
8.3 3.375 0.00304763
8.3 5.625 0.00304552
8.3 7.875 0.00433404
8.3 10.125 0.00719858
8.3 12.375 0.00309518
8.3 14.625 0.00314349
8.3 16.875 0.00314868
8.3 19.125 0.00371558
8.3 21.375 0.0031365
8.3 23.625 0.00305158
8.3 25.875 0.00302491
8.3 28.125 0.00305056
8.3 30.375 0.00308162
8.3 32.625 0.00345902
8.3 34.875 0.00337373
8.3 37.125 0.0041292
8.3 39.375 0.00319031
8.3 41.625 0.00339864
8.3 43.875 0.00307081
8.5 1.125 0.00284026
8.5 3.375 0.00315367
8.5 5.625 0.00373932
8.5 7.875 0.00341034
8.5 10.125 0.0030804
8.5 12.375 0.00335831
8.5 14.625 0.00319855
8.5 16.875 0.00324246
8.5 19.125 0.0029132
8.5 21.375 0.00332027
8.5 23.625 0.00339468
8.5 25.875 0.00319822
8.5 28.125 0.00307287
8.5 30.375 0.00336821
8.5 32.625 0.00308205
8.5 34.875 0.00337292
8.5 37.125 0.00321411
8.5 39.375 0.00308106
8.5 41.625 0.00305266
8.5 43.875 0.00325086
8.7 1.125 0.00296484
8.7 3.375 0.0171677
8.7 5.625 0.00342499
8.7 7.875 0.00387904
8.7 10.125 0.00324904
8.7 12.375 0.00304628
8.7 14.625 0.00289019
8.7 16.875 0.00300348
8.7 19.125 0.003137
8.7 21.375 0.0030362
8.7 23.625 0.00326715
8.7 25.875 0.00280347
8.7 28.125 0.00302275
8.7 30.375 0.00332605
8.7 32.625 0.00349245
8.7 34.875 0.00321275
8.7 37.125 0.00327392
8.7 39.375 0.00324732
8.7 41.625 0.00296671
8.7 43.875 0.00317311
8.9 1.125 0.00554291
8.9 3.375 0.00440292
8.9 5.625 0.00266893
8.9 7.875 0.00279021
8.9 10.125 0.00277344
8.9 12.375 0.00347625
8.9 14.625 0.00431305
8.9 16.875 0.00288223
8.9 19.125 0.00295385
8.9 21.375 0.00306438
8.9 23.625 0.0028824
8.9 25.875 0.00286089
8.9 28.125 0.00296093
8.9 30.375 0.0106229
8.9 32.625 0.0129228
8.9 34.875 0.00303849
8.9 37.125 0.00295838
8.9 39.375 0.00303962
8.9 41.625 0.002849
8.9 43.875 0.00291629
9.1 1.125 0.00273741
9.1 3.375 0.00356031
9.1 5.625 0.00270007
9.1 7.875 0.00265269
9.1 10.125 0.00290407
9.1 12.375 0.00306157
9.1 14.625 0.0025823
9.1 16.875 0.00298018
9.1 19.125 0.00348782
9.1 21.375 0.003102
9.1 23.625 0.00737264
9.1 25.875 0.00304245
9.1 28.125 0.0134269
9.1 30.375 0.0028818
9.1 32.625 0.00280503
9.1 34.875 0.00295846
9.1 37.125 0.00276311
9.1 39.375 0.00299115
9.1 41.625 0.00324742
9.1 43.875 0.00300226
9.3 1.125 0.00320961
9.3 3.375 0.00281723
9.3 5.625 0.00244417
9.3 7.875 0.00281635
9.3 10.125 0.00287871
9.3 12.375 0.00317219
9.3 14.625 0.00315264
9.3 16.875 0.0282327
9.3 19.125 0.00300514
9.3 21.375 0.00291323
9.3 23.625 0.00238959
9.3 25.875 0.00264923
9.3 28.125 0.00255851
9.3 30.375 0.00249755
9.3 32.625 0.00296667
9.3 34.875 0.00274964
9.3 37.125 0.0157558
9.3 39.375 0.00288061
9.3 41.625 0.00291539
9.3 43.875 0.00279366
9.5 1.125 0.00226588
9.5 3.375 0.00715673
9.5 5.625 0.00256608
9.5 7.875 0.00299106
9.5 10.125 0.00302139
9.5 12.375 0.00298178
9.5 14.625 0.00332561
9.5 16.875 0.00256786
9.5 19.125 0.00262787
9.5 21.375 0.00238667
9.5 23.625 0.0028017
9.5 25.875 0.00298211
9.5 28.125 0.00268402
9.5 30.375 0.0033491
9.5 32.625 0.0027255
9.5 34.875 0.00276821
9.5 37.125 0.00283105
9.5 39.375 0.0311404
9.5 41.625 0.00313858
9.5 43.875 0.00244475
9.7 1.125 0.00296832
9.7 3.375 0.00260666
9.7 5.625 0.00257791
9.7 7.875 0.0028155
9.7 10.125 0.00392354
9.7 12.375 0.0028726
9.7 14.625 0.0027351
9.7 16.875 0.00295793
9.7 19.125 0.00254993
9.7 21.375 0.00251883
9.7 23.625 0.00270493
9.7 25.875 0.0188874
9.7 28.125 0.00415438
9.7 30.375 0.00315375
9.7 32.625 0.00266091
9.7 34.875 0.00251492
9.7 37.125 0.00268644
9.7 39.375 0.00244923
9.7 41.625 0.00289353
9.7 43.875 0.00264163
9.9 1.125 0.00337656
9.9 3.375 0.0146733
9.9 5.625 0.00290786
9.9 7.875 0.00317691
9.9 10.125 0.00497231
9.9 12.375 0.00272687
9.9 14.625 0.0029063
9.9 16.875 0.00257838
9.9 19.125 0.0027614
9.9 21.375 0.00245115
9.9 23.625 0.00252046
9.9 25.875 0.00274514
9.9 28.125 0.00287839
9.9 30.375 0.00252673
9.9 32.625 0.00237164
9.9 34.875 0.00249049
9.9 37.125 0.0025079
9.9 39.375 0.00276417
9.9 41.625 0.00305993
9.9 43.875 0.00262855
10.1 1.125 0.00284795
10.1 3.375 0.00254522
10.1 5.625 0.00855135
10.1 7.875 0.00288826
10.1 10.125 0.00735179
10.1 12.375 0.00260466
10.1 14.625 0.00271179
10.1 16.875 0.00496082
10.1 19.125 0.0023881
10.1 21.375 0.00244529
10.1 23.625 0.00254405
10.1 25.875 0.00248504
10.1 28.125 0.00282621
10.1 30.375 0.0024371
10.1 32.625 0.00227634
10.1 34.875 0.00225926
10.1 37.125 0.00235554
10.1 39.375 0.0025031
10.1 41.625 0.00241726
10.1 43.875 0.019697
10.3 1.125 0.00739485
10.3 3.375 0.00287961
10.3 5.625 0.00582176
10.3 7.875 0.00317517
10.3 10.125 0.00320738
10.3 12.375 0.00265062
10.3 14.625 0.002956
10.3 16.875 0.00278112
10.3 19.125 0.00262536
10.3 21.375 0.0204939
10.3 23.625 0.00252135
10.3 25.875 0.00275719
10.3 28.125 0.00240345
10.3 30.375 0.0139324
10.3 32.625 0.00275706
10.3 34.875 0.00297017
10.3 37.125 0.0244128
10.3 39.375 0.00279323
10.3 41.625 0.00281462
10.3 43.875 0.00261452
10.5 1.125 0.0166667
10.5 3.375 0.00254331
10.5 5.625 0.0389655
10.5 7.875 0.00551012
10.5 10.125 0.0154846
10.5 12.375 0.00282752
10.5 14.625 0.0218871
10.5 16.875 0.0148424
10.5 19.125 0.00484236
10.5 21.375 0.00351799
10.5 23.625 0.00289879
10.5 25.875 0.00259864
10.5 28.125 0.00253064
10.5 30.375 0.00292421
10.5 32.625 0.00244882
10.5 34.875 0.0023589
10.5 37.125 0.00274538
10.5 39.375 0.00243187
10.5 41.625 0.00236504
10.5 43.875 0.00837495
10.7 1.125 0.00279001
10.7 3.375 0.002257
10.7 5.625 0.00237321
10.7 7.875 0.00222873
10.7 10.125 0.00228609
10.7 12.375 0.00822992
10.7 14.625 0.00242392
10.7 16.875 0.00535024
10.7 19.125 0.00277434
10.7 21.375 0.00269629
10.7 23.625 0.00298057
10.7 25.875 0.00350815
10.7 28.125 0.00236665
10.7 30.375 0.00251959
10.7 32.625 0.00267731
10.7 34.875 0.00261532
10.7 37.125 0.0294538
10.7 39.375 0.00273637
10.7 41.625 0.00253148
10.7 43.875 0.00266748
10.9 1.125 0.00272912
10.9 3.375 0.002754
10.9 5.625 0.003037
10.9 7.875 0.0025655
10.9 10.125 0.00231599
10.9 12.375 0.0235769
10.9 14.625 0.00247872
10.9 16.875 0.0099702
10.9 19.125 0.0023636
10.9 21.375 0.00235264
10.9 23.625 0.00296039
10.9 25.875 0.0269124
10.9 28.125 0.00246378
10.9 30.375 0.00235524
10.9 32.625 0.00270711
10.9 34.875 0.00247521
10.9 37.125 0.00317599
10.9 39.375 0.00754493
10.9 41.625 0.00257778
10.9 43.875 0.00255635
11.1 1.125 0.00440187
11.1 3.375 0.0028436
11.1 5.625 0.00342392
11.1 7.875 0.00233753
11.1 10.125 0.00344254
11.1 12.375 0.002207
11.1 14.625 0.00446373
11.1 16.875 0.002797
11.1 19.125 0.00284364
11.1 21.375 0.00235337
11.1 23.625 0.00220263
11.1 25.875 0.00266748
11.1 28.125 0.00509477
11.1 30.375 0.0028358
11.1 32.625 0.00255375
11.1 34.875 0.00278581
11.1 37.125 0.00271059
11.1 39.375 0.0237681
11.1 41.625 0.0215604
11.1 43.875 0.00233742
11.3 1.125 0.00275976
11.3 3.375 0.00287503
11.3 5.625 0.00280057
11.3 7.875 0.00238286
11.3 10.125 0.00285096
11.3 12.375 0.00331505
11.3 14.625 0.00244681
11.3 16.875 0.0139056
11.3 19.125 0.00238639
11.3 21.375 0.00257035
11.3 23.625 0.0025714
11.3 25.875 0.0285203
11.3 28.125 0.00229728
11.3 30.375 0.0031723
11.3 32.625 0.00427725
11.3 34.875 0.00245
11.3 37.125 0.00257939
11.3 39.375 0.00246334
11.3 41.625 0.00236631
11.3 43.875 0.00264038
11.5 1.125 0.00257685
11.5 3.375 0.00284564
11.5 5.625 0.00262321
11.5 7.875 0.00214758
11.5 10.125 0.00249815
11.5 12.375 0.00266965
11.5 14.625 0.00237225
11.5 16.875 0.0318474
11.5 19.125 0.00339479
11.5 21.375 0.00277499
11.5 23.625 0.00302944
11.5 25.875 0.00215529
11.5 28.125 0.00242451
11.5 30.375 0.00613443
11.5 32.625 0.00205822
11.5 34.875 0.00209208
11.5 37.125 0.0173914
11.5 39.375 0.0021171
11.5 41.625 0.00241812
11.5 43.875 0.00226775
11.7 1.125 0.00624309
11.7 3.375 0.00248658
11.7 5.625 0.00300027
11.7 7.875 0.00283758
11.7 10.125 0.0024682
11.7 12.375 0.0022858
11.7 14.625 0.00295483
11.7 16.875 0.00219579
11.7 19.125 0.00280892
11.7 21.375 0.00314312
11.7 23.625 0.00322401
11.7 25.875 0.00710083
11.7 28.125 0.00375055
11.7 30.375 0.00290967
11.7 32.625 0.0290273
11.7 34.875 0.0320445
11.7 37.125 0.0027647
11.7 39.375 0.0165029
11.7 41.625 0.00243784
11.7 43.875 0.0022881
11.9 1.125 0.00909999
11.9 3.375 0.0217806
11.9 5.625 0.00258856
11.9 7.875 0.00257255
11.9 10.125 0.00324617
11.9 12.375 0.00342556
11.9 14.625 0.00216837
11.9 16.875 0.00258164
11.9 19.125 0.00246085
11.9 21.375 0.0133194
11.9 23.625 0.00267704
11.9 25.875 0.00239866
11.9 28.125 0.00240235
11.9 30.375 0.00265624
11.9 32.625 0.00225931
11.9 34.875 0.00429727
11.9 37.125 0.00418503
11.9 39.375 0.00236086
11.9 41.625 0.00246845
11.9 43.875 0.00311015
12.1 1.125 0.00220554
12.1 3.375 0.00267037
12.1 5.625 0.00268934
12.1 7.875 0.00360806
12.1 10.125 0.00280595
12.1 12.375 0.00579752
12.1 14.625 0.0033219
12.1 16.875 0.00329138
12.1 19.125 0.00233054
12.1 21.375 0.00242937
12.1 23.625 0.00234424
12.1 25.875 0.00956596
12.1 28.125 0.0353009
12.1 30.375 0.00211444
12.1 32.625 0.00248958
12.1 34.875 0.00228326
12.1 37.125 0.0274403
12.1 39.375 0.00258497
12.1 41.625 0.00245709
12.1 43.875 0.00244871
12.3 1.125 0.0744051
12.3 3.375 0.00439899
12.3 5.625 0.00346399
12.3 7.875 0.00269987
12.3 10.125 0.00351741
12.3 12.375 0.0105274
12.3 14.625 0.00276731
12.3 16.875 0.00241048
12.3 19.125 0.00257701
12.3 21.375 0.00262144
12.3 23.625 0.00310715
12.3 25.875 0.00214279
12.3 28.125 0.00394703
12.3 30.375 0.00264118
12.3 32.625 0.00242977
12.3 34.875 0.00471945
12.3 37.125 0.00437997
12.3 39.375 0.00251219
12.3 41.625 0.00262478
12.3 43.875 0.00351876
12.5 1.125 0.0026271
12.5 3.375 0.00421562
12.5 5.625 0.00243683
12.5 7.875 0.00272454
12.5 10.125 0.0258436
12.5 12.375 0.00937128
12.5 14.625 0.00301844
12.5 16.875 0.00528844
12.5 19.125 0.00211738
12.5 21.375 0.00276541
12.5 23.625 0.00262553
12.5 25.875 0.00255718
12.5 28.125 0.00245096
12.5 30.375 0.00437226
12.5 32.625 0.00224098
12.5 34.875 0.00273203
12.5 37.125 0.00247445
12.5 39.375 0.0360551
12.5 41.625 0.0063082
12.5 43.875 0.00586908
12.7 1.125 0.00602086
12.7 3.375 0.00348519
12.7 5.625 0.060299
12.7 7.875 0.0367568
12.7 10.125 0.0019832
12.7 12.375 0.0302133
12.7 14.625 0.0298558
12.7 16.875 0.002317
12.7 19.125 0.00296564
12.7 21.375 0.00513359
12.7 23.625 0.00279424
12.7 25.875 0.00232654
12.7 28.125 0.00300749
12.7 30.375 0.0111188
12.7 32.625 0.0312039
12.7 34.875 0.00427523
12.7 37.125 0.00380174
12.7 39.375 0.0233864
12.7 41.625 0.00255349
12.7 43.875 0.042399
12.9 1.125 0.00699625
12.9 3.375 0.0051681
12.9 5.625 0.0026419
12.9 7.875 0.0026223
12.9 10.125 0.00675562
12.9 12.375 0.00339297
12.9 14.625 0.00649404
12.9 16.875 0.00284837
12.9 19.125 0.00265422
12.9 21.375 0.00242458
12.9 23.625 0.00359085
12.9 25.875 0.00211256
12.9 28.125 0.0479967
12.9 30.375 0.0108737
12.9 32.625 0.0382568
12.9 34.875 0.0180334
12.9 37.125 0.00241533
12.9 39.375 0.00313184
12.9 41.625 0.0046925
12.9 43.875 0.00221985
13.1 1.125 0.00255252
13.1 3.375 0.00516905
13.1 5.625 0.00228832
13.1 7.875 0.00297732
13.1 10.125 0.00629004
13.1 12.375 0.00232928
13.1 14.625 0.0414885
13.1 16.875 0.0020179
13.1 19.125 0.00565526
13.1 21.375 0.0313485
13.1 23.625 0.00838353
13.1 25.875 0.0361888
13.1 28.125 0.00237286
13.1 30.375 0.00205707
13.1 32.625 0.00197281
13.1 34.875 0.00266539
13.1 37.125 0.00231325
13.1 39.375 0.00241405
13.1 41.625 0.00855976
13.1 43.875 0.0253847
13.3 1.125 0.00252365
13.3 3.375 0.00630463
13.3 5.625 0.00236785
13.3 7.875 0.0160936
13.3 10.125 0.00251744
13.3 12.375 0.00280775
13.3 14.625 0.00240172
13.3 16.875 0.030135
13.3 19.125 0.00327363
13.3 21.375 0.00925102
13.3 23.625 0.0290839
13.3 25.875 0.014848
13.3 28.125 0.00238613
13.3 30.375 0.00281765
13.3 32.625 0.00234652
13.3 34.875 0.00234987
13.3 37.125 0.00394374
13.3 39.375 0.00225496
13.3 41.625 0.00217899
13.3 43.875 0.00195941
13.5 1.125 0.0632191
13.5 3.375 0.00318899
13.5 5.625 0.00216804
13.5 7.875 0.0021056
13.5 10.125 0.00528569
13.5 12.375 0.00647984
13.5 14.625 0.00244051
13.5 16.875 0.00269405
13.5 19.125 0.00244435
13.5 21.375 0.0256826
13.5 23.625 0.00405782
13.5 25.875 0.00217835
13.5 28.125 0.003107
13.5 30.375 0.00435692
13.5 32.625 0.00789294
13.5 34.875 0.00223937
13.5 37.125 0.00278957
13.5 39.375 0.00372692
13.5 41.625 0.0610781
13.5 43.875 0.0239713
13.7 1.125 0.00310873
13.7 3.375 0.00226528
13.7 5.625 0.00228715
13.7 7.875 0.00299773
13.7 10.125 0.00972264
13.7 12.375 0.00260928
13.7 14.625 0.00593459
13.7 16.875 0.00386172
13.7 19.125 0.00287239
13.7 21.375 0.00286027
13.7 23.625 0.00650653
13.7 25.875 0.00259878
13.7 28.125 0.00253283
13.7 30.375 0.00249235
13.7 32.625 0.00252057
13.7 34.875 0.00268038
13.7 37.125 0.00358743
13.7 39.375 0.00304007
13.7 41.625 0.00206307
13.7 43.875 0.00496145
13.9 1.125 0.00204923
13.9 3.375 0.00715872
13.9 5.625 0.00249898
13.9 7.875 0.00473828
13.9 10.125 0.00243217
13.9 12.375 0.0153518
13.9 14.625 0.00312789
13.9 16.875 0.00192217
13.9 19.125 0.00526331
13.9 21.375 0.00293246
13.9 23.625 0.00306372
13.9 25.875 0.00195721
13.9 28.125 0.0108706
13.9 30.375 0.00288352
13.9 32.625 0.0109469
13.9 34.875 0.0019459
13.9 37.125 0.00432897
13.9 39.375 0.00385927
13.9 41.625 0.00249109
13.9 43.875 0.00503188
