0.964551
0.956465
0.989362
0.982382
1.00767
0.971744
1.12695
0.82875
0.95764
1.00759
1.0516
0.904171
1.02268
0.949355
0.894825
1.091
0.98071
1.02439
1.02559
0.938731
1.014
0.983066
1.00827
0.937998
0.997579
0.957021
0.972449
0.932711
0.976594
0.992451
0.965969
1.02197
0.987084
1.00119
1.14488
0.840835
0.96451
0.988766
1.04573
0.908934
1.00562
0.967079
0.975901
0.993054
0.940871
1.01767
1.05034
0.928396
0.948121
0.982804
0.99279
0.959087
0.992519
1.00233
0.979117
1.00368
0.968896
0.99216
0.736643
1.21526
1.00041
0.99769
0.98759
1.01542
0.951802
1.04557
0.992244
0.998597
1.03304
0.943183
1.05996
0.9035
1.06406
0.885199
0.958074
1.01522
0.980793
0.977586
1.00008
0.982554
0.971786
0.979155
1.00633
0.992352
0.995939
0.992543
0.989898
0.997848
0.929728
1.05268
0.96367
0.98458
1.11121
0.834827
0.991163
0.981891
0.96424
1.0299
1.00528
0.988945
1.03173
0.916835
1.04615
0.955927
0.965396
1.0128
1.00957
0.948998
0.914263
1.03998
0.687269
1.2476
0.959313
1.02257
0.979905
1.00207
0.995314
0.946367
0.976225
1.00983
0.958409
0.996367
0.982331
1.00623
1.00351
1.00884
0.965285
0.975238
1.00948
0.991003
1.01475
0.958878
1.00195
0.984007
0.915557
1.04826
0.931915
1.04405
0.988975
0.988797
0.970486
1.01609
0.988677
1.00415
1.00711
1.00941
1.14764
0.838001
0.990422
0.955814
0.989422
0.99192
1.03089
0.941882
0.984388
1.00808
0.97877
1.01969
0.969303
1.00795
0.989692
0.978783
1.01705
0.927718
1.06331
0.891061
1.00108
0.958411
0.966019
1.01428
0.854969
1.11986
1.00554
0.97877
1.01833
0.912433
0.977011
0.960392
1.12502
0.839208
1.01322
0.95124
0.969182
0.937559
1.02292
0.749039
1.00531
0.998096
1.00929
0.989216
1.11607
0.870443
0.97278
0.988022
1.00643
0.967433
1.03306
0.930721
0.998147
0.962368
0.962626
0.996371
1.03195
0.933132
0.948635
1.04137
0.970187
1.02172
0.972143
1.0259
1.01312
0.960064
1.10938
0.796089
0.960528
0.99579
0.963893
1.02807
0.983619
1.00585
0.988261
0.969112
1.02903
0.950901
0.993734
0.977071
1.02122
0.947807
0.930913
0.993259
0.920349
1.07757
0.99515
0.98247
0.926434
1.04734
0.990464
1.00473
0.989181
1.00708
0.982916
0.958751
1.03184
0.950461
0.936578
1.0388
1.03383
0.915167
1.04487
0.932169
0.975756
0.998361
0.982902
0.999268
1.00545
0.981796
0.957487
1.02864
0.89703
1.09216
0.954452
1.00452
0.916838
1.01056
0.981774
0.992088
0.99549
0.949514
1.05343
0.933573
0.98059
0.982544
0.768954
1.19864
0.936301
1.0034
1.01062
0.950013
1.01857
0.979388
0.897122
1.06913
1.02314
0.960201
1.0258
0.957482
0.932883
1.00627
1.00932
0.964965
0.96534
1.00702
1.00833
0.992474
1.00044
0.991199
1.01688
0.972477
0.990528
1.01252
1.01999
0.946561
0.878615
1.04527
1.01956
0.98676
0.945214
0.998185
0.986053
0.99942
0.987666
0.982191
0.98224
1.01077
1.02991
0.934239
1.00617
0.972699
0.969772
0.986863
0.963271
0.994515
1.03083
0.925974
1.00232
0.962377
1.09644
0.842731
0.987606
0.99046
0.670683
1.2547
0.998419
0.982162
0.915819
1.05835
1.09806
0.859645
1.01966
0.962145
0.984506
0.98234
0.946858
1.02827
0.978836
1.00109
0.993055
0.989642
0.929458
1.07149
0.99489
0.98322
1.03568
0.9505
0.999464
0.949359
1.36068
0.603218
0.950156
0.980529
0.968858
0.958013
0.996341
0.971255
0.984534
0.984601
0.967199
1.00798
1.01398
0.94185
0.991877
0.97133
1.09815
0.875099
0.953174
1.03877
1.00744
0.967027
0.978442
0.966357
0.963615
0.96515
0.950065
1.00316
0.955509
0.992399
0.957145
0.99703
0.951808
1.02237
1.05327
0.957979
0.988963
1.00952
0.969334
1.03495
1.11886
0.854962
1.02833
0.97317
0.976439
0.973115
0.988926
1.00217
1.04399
0.95337
0.855292
1.10743
1.01667
0.950164
0.989959
1.00643
0.888125
1.06506
1.01191
1.00119
1.00218
1.00346
0.837421
1.14972
1.01377
0.996635
0.960738
1.00461
0.966549
1.00583
0.88011
1.08881
1.01186
0.958129
0.802141
1.15675
0.956123
0.973469
0.961679
0.99232
0.945763
1.0191
0.976259
1.02205
0.997184
0.963844
0.949787
0.954017
0.963145
1.00859
0.991013
0.95674
0.958041
1.02699
0.995148
1.00355
0.989175
1.01223
0.96973
1.03526
0.730179
1.22803
0.968495
1.02003
1.07167
0.871741
0.987277
0.944659
0.981003
0.981909
1.00085
0.973162
1.00018
1.00107
0.950873
1.01815
0.952453
0.96678
0.978265
0.977741
1.16807
0.797088
0.987669
1.02383
0.966622
1.02089
1.00107
0.999596
0.957747
0.996037
0.941162
1.03477
0.975079
1.01282
1.00695
0.990275
0.936115
1.0126
0.984075
0.973616
0.85395
1.10361
1.01045
0.959328
0.735521
1.22459
0.999841
0.968435
1.04038
0.937845
0.997435
0.987025
0.983796
0.997942
0.900648
1.0331
1.00316
0.988903
1.00666
0.985303
0.981944
0.944264
0.996471
0.988154
0.959681
0.999354
0.919867
1.07059
0.681134
1.27974
0.993133
0.964162
1.03212
0.945406
0.999922
0.972817
0.983692
0.985203
1.20337
0.766997
0.942271
1.03832
1.05398
0.961896
1.00149
0.971291
0.997057
0.973361
0.962123
0.976546
0.754575
1.22363
0.959189
1.0231
0.979832
1.00847
0.949109
1.01757
0.967678
1.02063
0.880427
1.07274
0.953309
1.0367
1.00444
0.967226
0.897894
1.08349
0.973492
1.01206
1.00358
0.992585
1.00493
0.973348
0.775181
1.20763
0.994972
0.989606
0.810707
1.13522
0.978623
1.00698
0.96068
0.996529
0.997428
0.998
0.787558
1.13609
0.964716
0.963414
0.999249
0.980525
0.876353
1.09194
0.983857
0.954576
0.992341
0.981259
0.999021
0.967248
1.00129
0.956167
0.965733
0.966765
0.885751
1.09579
0.952602
0.98348
0.988206
1.01106
1.00739
0.971585
1.04414
0.935091
1.03478
0.912827
0.996182
0.960604
0.9542
0.968841
0.967279
0.984484
0.98301
0.921968
0.942347
1.01604
1.18374
0.820492
0.984038
0.991522
1.07074
0.920136
0.987623
1.01394
0.990591
0.980575
1.10189
0.898256
0.950022
1.0284
0.996192
0.982714
1.00273
0.987085
0.856313
0.958324
1.03342
0.956027
1.03031
0.957509
1.01532
0.960241
0.852547
1.13246
1.02934
0.965812
0.944084
0.998802
0.993204
0.995958
1.05159
0.922309
0.975697
0.828294
0.971795
0.96381
1.10089
0.841108
0.935966
1.04771
0.728469
1.26053
0.999183
0.978899
0.997186
0.982615
1.09099
0.915895
1.02242
0.953412
0.973798
0.979335
0.970785
0.994988
0.956427
1.03192
0.983772
0.996886
0.960339
1.01223
0.984752
1.00076
0.969333
0.985698
0.957133
0.980765
0.987999
0.973254
0.994512
0.979208
0.993568
1.01701
0.996633
1.01169
1.00464
0.970511
0.966118
0.978577
0.860678
1.07758
0.923482
1.07145
0.979937
0.993748
1.03687
0.930191
0.996196
0.998824
1.01145
0.97632
1.18762
0.796389
0.723374
1.22798
0.946808
1.03392
0.97238
0.975406
0.97328
0.99329
1.04885
0.901517
1.02066
0.962023
1.00296
0.97334
0.796821
1.14726
0.961196
1.02356
0.962141
0.998795
0.982286
0.978506
0.936969
0.999583
0.972496
1.01076
0.985324
1.00084
1.17283
0.774344
0.988628
0.9865
0.982128
0.974674
1.00552
0.992963
0.961682
0.997798
1.05625
0.917649
0.99852
0.96754
1.00662
0.982048
1.02003
0.974428
1.01203
0.974684
1.04576
0.953034
0.9672
0.974945
0.998975
0.999065
0.916384
1.05494
1.00033
0.962566
0.971363
1.00784
0.946237
1.00124
0.987196
1.00271
0.985616
0.984445
0.868394
1.10474
0.901444
1.0625
1.01669
0.938202
1.00746
0.948951
0.970694
0.993723
1.00279
1.01421
0.949077
1.04783
0.965345
1.01264
0.981956
1.0067
1.01071
0.979133
0.901748
1.02211
0.968253
0.971485
1.04208
0.890068
1.04535
0.934006
1.00845
0.971605
1.01284
0.93763
1.03571
0.978299
0.957788
1.01841
0.970796
1.00182
1.01546
0.958062
0.996587
0.96346
1.13664
0.84588
1.16847
0.810767
0.943286
1.01903
0.956605
1.03313
1.29814
0.679455
0.973977
0.982374
0.958028
1.02103
0.922833
1.05688
0.996092
0.994411
0.970458
0.995895
0.970973
0.998691
0.998608
0.967508
0.990985
0.9987
1.01989
0.943395
0.973037
0.948852
0.958822
1.00056
1.00413
0.972912
1.02013
0.965141
0.965922
0.991728
1.03777
0.962101
0.961534
0.982338
0.980342
0.981858
0.931074
1.04663
1.00777
0.977635
0.98244
1.03241
0.999818
0.991155
1.00011
0.973735
1.08597
0.915102
0.968724
0.985941
0.95144
1.00952
1.00476
0.971238
0.93247
1.0412
0.946833
0.995053
1.00479
0.95045
1.1191
0.844657
0.999189
0.997264
1.02261
0.95813
0.978193
0.966268
1.02844
0.898292
0.984736
1.00356
1.1086
0.800168
0.991802
0.970531
0.961104
1.01566
0.99128
1.00595
1.04083
0.964518
1.01635
0.98127
1.05015
0.919086
0.976896
0.995965
1.02042
0.967675
0.986913
0.990823
0.978861
1.01669
0.983106
0.976948
0.995637
0.986728
1.0524
0.917875
0.93285
1.02789
0.962625
1.02135
0.988029
0.953956
0.995999
0.983543
0.98933
1.01279
1.01116
0.94905
0.904084
1.06314
0.994301
1.00189
0.93987
1.02019
0.901759
0.981441
1.03993
0.936026
1.03068
0.955916
0.994785
0.970022
0.966828
0.989011
0.932673
1.04884
0.762567
1.17475
1.01386
0.961957
1.00776
0.972648
1.04849
0.953096
0.993586
1.00231
1.00657
0.98917
0.870544
1.10972
0.939625
1.04521
1.00324
1.00871
0.964753
0.977621
1.02651
0.943057
0.811856
1.1705
1.00071
1.00126
1.00688
0.994042
1.28658
0.700446
0.998537
0.974223
0.975382
1.01307
1.15849
0.825134
0.973681
0.970514
0.96649
1.02946
0.951292
1.00399
0.982985
1.00029
0.987712
1.00931
0.991823
0.946399
1.23649
0.713292
1.03838
0.952096
1.04698
0.918595
0.93702
1.00379
1.04089
0.946779
1.12439
0.81077
1.04295
0.932583
0.990004
0.983482
0.987039
0.985873
0.991018
0.992884
1.08778
0.885792
1.2477
0.704856
1.01675
0.91772
0.987116
0.994054
1.14791
0.826268
1.00563
0.979786
0.964884
0.995907
0.927537
1.00442
1.01531
0.97978
0.96647
1.03555
0.983837
1.00219
0.968034
1.02945
1.00263
0.953722
0.974072
0.973696
1.00466
1.00271
1.0391
0.934403
0.925022
0.961257
0.968313
1.04332
1.01101
0.916694
0.987039
0.951755
0.995188
0.99211
1.00839
0.941164
0.794444
1.20813
0.769436
1.17479
0.939852
1.01608
0.668652
1.2919
0.965106
1.01646
1.19944
0.786425
0.993218
1.00195
1.01555
0.959176
1.01893
0.952668
0.989437
0.979726
0.966977
1.02216
1.01323
0.970264
0.993082
0.989164
0.979121
0.967567
1.1269
0.848587
1.09655
0.867275
0.985573
0.988446
1.00627
0.962945
0.988024
0.977736
1.01064
0.950186
0.957448
1.0235
0.997715
0.992669
1.01956
0.962672
0.989599
0.998616
0.939367
1.03008
0.971912
0.982811
1.05885
0.925065
0.98247
1.01016
0.975339
0.961736
1.04607
0.923754
0.942856
1.02015
1.16072
0.833855
0.96001
0.987969
1.03515
0.944034
1.00254
1.00718
1.01126
0.948207
0.951583
1.06216
0.970196
1.01836
1.14435
0.804592
0.987817
0.997807
0.945401
0.994245
0.998712
0.99401
0.976772
1.00332
0.991986
0.997075
1.00485
0.941404
0.951827
1.00721
1.00355
0.965726
0.941607
1.02869
0.965865
1.00558
1.01101
0.964713
1.03178
0.913233
1.11236
0.827446
1.03338
0.960148
0.984427
0.981004
0.946063
1.0124
1.02936
0.942955
0.989711
0.924529
0.967627
0.986201
0.999295
1.00679
1.01281
0.932413
0.963933
0.987133
1.00317
0.969417
1.00065
0.982353
0.987896
0.985028
0.909158
1.03049
0.964226
1.00798
0.98288
0.975264
1.06045
0.924227
1.01591
0.983137
0.993839
0.993802
1.0428
0.960307
1.01273
0.982492
1.08191
0.917967
0.988536
0.918874
1.05003
0.916269
1.01464
0.99016
0.946297
1.00956
0.962572
1.00332
0.932107
1.02011
0.949983
1.0269
0.990707
0.936852
1.03881
0.948963
1.15835
0.823482
0.93857
1.04536
0.982592
1.00774
0.985665
1.00289
0.970523
1.02165
0.968031
1.02753
0.972265
0.979219
1.00652
0.983363
0.941276
1.02305
1.013
0.999183
0.962226
1.01243
0.998338
0.968886
1.11269
0.851351
1.01489
0.980142
1.00388
0.98049
0.993093
0.990381
0.992773
0.971839
0.957432
0.997162
0.949439
0.97469
1.01415
0.961134
0.990832
0.995377
1.01213
0.972353
0.962176
0.986837
0.996406
0.966514
0.958282
1.00902
0.953373
0.985894
0.956439
0.983469
0.983893
0.994369
0.985038
1.00701
1.02892
0.926918
0.967753
1.02704
0.98659
0.969228
1.01404
0.977547
0.827786
1.12959
0.958361
1.04313
0.980944
0.995265
1.0119
0.964785
0.834467
1.0041
0.992342
0.982828
1.04321
0.939454
0.985365
0.957906
0.962879
1.00301
0.966994
0.97142
1.0014
0.967477
0.982883
0.973744
0.992329
1.00605
1.00125
0.987619
0.984448
1.01162
1.00835
0.981689
0.964671
0.990636
0.905233
1.07485
0.836231
1.1144
0.984818
1.00439
0.96965
0.982508
1.21281
0.768715
1.00134
0.973754
0.897798
1.01941
0.952858
0.981337
0.944177
1.01989
1.01467
0.990213
0.979999
0.970697
1.04237
0.972318
0.995553
0.991405
1.03821
0.974621
1.00843
0.95904
0.879339
1.1185
0.937755
1.00817
1.00972
0.963482
0.995663
0.9703
0.994633
0.995061
0.914311
1.03399
0.933532
1.02416
1.03519
0.958449
0.95203
1.02084
0.937218
1.04405
1.10556
0.885255
0.955959
0.997359
0.968291
1.0009
0.959861
0.990512
1.04934
0.880875
0.981425
1.00007
0.961187
1.02591
1.00601
1.0021
0.989725
0.95468
0.978055
1.03463
0.97222
0.97858
0.983525
0.963338
0.968998
1.00574
0.945659
1.0023
1.02529
0.956085
0.962516
1.01875
0.949166
1.02163
1.06449
0.941277
1.03341
0.947796
0.987393
0.996283
0.980583
0.987478
1.00845
0.955994
1.01286
1.0018
0.978908
1.01132
0.976137
1.00275
0.96189
1.00414
0.983766
0.967079
0.951509
0.985571
0.989871
0.988035
0.897853
1.0303
0.990127
0.937331
0.953533
1.02117
0.965561
0.988917
0.993194
1.00291
1.08288
0.848569
0.938912
1.02331
0.937162
1.0134
1.0133
0.961002
1.00492
0.952253
0.919327
1.02188
1.17051
0.801337
0.93225
1.04049
0.981944
0.983614
0.980614
0.995328
1.04914
0.923233
1.00574
0.950355
0.877548
1.08011
0.936665
1.01482
0.962642
1.01652
1.15204
0.81933
0.78578
1.17513
0.996932
0.967157
1.01737
0.967455
1.01115
0.999935
0.962364
1.00773
0.979958
0.991264
0.992198
0.984954
0.914292
1.05273
0.964967
1.02512
0.980706
0.999141
1.03995
0.912898
0.987512
0.991029
0.984987
0.998224
0.99193
0.970247
0.863157
1.09401
0.977051
0.983551
0.995433
0.96181
0.968897
0.978853
1.14575
0.803444
0.972868
1.03157
0.954278
1.01066
0.975003
1.01992
0.990037
0.976729
1.0607
0.917284
0.941494
1.04679
1.00253
0.973949
0.988593
0.996677
0.985697
0.983332
1.14262
0.828643
0.978882
0.997315
0.960697
0.991334
0.964606
1.00159
1.00022
0.981495
0.979999
1.00624
1.00462
0.97904
0.999189
0.953736
0.955488
1.01649
0.98669
0.980124
0.978395
0.944733
0.986306
0.94113
1.00928
0.975635
1.02875
0.944909
1.00904
0.966239
1.11149
0.870346
0.987854
0.972364
0.962199
0.969673
1.06039
0.907775
1.16548
0.759248
1.03852
0.971686
1.06221
0.929789
0.94697
1.00278
0.930128
1.02139
1.12796
0.824072
0.997943
0.983178
1.10844
0.864284
1.01373
0.971156
0.986363
0.990261
0.837087
1.1392
0.98892
0.993949
0.972472
1.01743
0.991522
0.946428
0.998285
0.964781
0.968367
1.00953
1.12949
0.824849
0.97848
1.00378
0.941292
1.01622
1.01383
0.977135
1.31262
0.670816
0.973921
1.01292
0.994931
0.987618
0.960313
0.983082
0.974055
0.991149
1.03456
0.951139
0.932736
1.03015
1.01104
0.975453
0.9582
0.996379
1.01215
0.961276
1.03633
0.949092
0.993256
1.00218
0.893301
1.07322
0.994891
0.952507
0.960712
0.985032
1.03748
0.958528
0.669066
0.986194
1.02011
0.984249
0.84837
1.10474
0.960568
1.0089
0.971191
0.991419
1.0788
0.874348
1.03132
0.962847
0.975104
0.991361
1.02494
0.966704
0.995585
0.991591
1.0008
1.00102
0.975942
0.991331
0.933843
1.04844
1.03884
0.939587
0.998673
0.991874
0.919277
1.04044
0.975536
0.962762
1.13318
0.826515
1.00906
0.954054
1.0807
0.898443
1.14406
0.800095
0.965849
0.975096
0.960813
1.00422
0.871567
1.00237
1.00539
0.976832
1.0001
0.960926
1.03194
0.963909
0.992692
0.969087
0.879822
1.08848
0.937645
1.03245
1.01479
0.957618
1.00563
0.918925
0.998765
0.983437
1.0002
0.967816
0.638979
1.3216
0.97752
0.983598
0.994474
0.959032
0.985739
1.00664
0.929426
1.07054
0.989648
0.960353
0.98175
0.983553
1.00112
0.9749
0.944419
1.0233
1.02328
0.953524
1.00566
0.999332
1.09321
0.867404
1.00937
0.982476
0.934544
0.955129
0.979925
0.970134
0.907793
1.09368
0.954767
1.00785
0.960262
0.994002
0.953704
1.00727
0.967734
0.992448
0.954189
1.03113
0.982997
0.999636
0.960861
1.0388
1.08437
0.867857
0.957789
1.01787
0.991578
0.975706
1.00377
0.971983
0.988965
1.0194
0.977597
0.993449
0.927373
0.988564
0.98535
1.01233
0.999364
0.967831
1.07256
0.914135
1.00397
0.970057
0.981624
1.00775
0.977244
0.963571
0.826134
1.14306
0.96455
1.00634
1.00852
0.945906
1.04311
0.938472
0.961247
0.992631
0.987383
1.00516
0.84243
1.11697
1.00565
0.964825
0.978684
1.01089
0.990084
0.964882
0.94433
1.01794
0.801154
1.17337
1.0071
0.964136
1.0179
0.952351
0.973243
0.921572
1.11452
0.862464
0.990484
0.991441
1.04071
0.968428
1.01274
0.995487
0.974996
1.00535
0.984149
0.985333
1.0086
0.962659
1.00188
0.996912
0.98751
0.97543
0.98715
0.990316
1.35246
0.596944
0.99959
0.997309
0.936624
1.02035
1.01275
0.944984
1.11978
0.82788
0.945774
1.03391
0.979897
1.01641
0.982584
0.986498
0.970677
1.00792
0.99847
0.965537
0.98039
0.992814
1.05985
0.87804
0.959219
1.00791
0.990544
1.00805
0.951822
1.00064
1.01286
0.966735
1.01677
0.967145
0.993095
0.977335
0.952485
1.02422
1.05214
0.904756
0.999078
1.00301
0.937897
1.05837
0.967697
0.980493
0.978138
0.971602
1.06416
0.927844
1.0137
0.968914
0.944299
0.981387
1.02273
0.979678
0.975474
1.00621
1.08354
0.902404
1.0324
0.980049
1.07929
0.883038
1.06059
0.940401
0.982907
0.968508
0.975662
1.00201
1.0796
0.898745
0.862531
1.11034
0.97779
1.02195
1.02264
0.951511
0.995222
0.991066
1.03521
0.95286
1.01225
0.942574
0.976035
0.993719
1.15798
0.807246
0.935894
1.05468
0.976397
0.982959
1.03983
0.953279
0.848488
1.09742
1.046
0.943701
0.970369
1.00146
0.977139
0.979341
0.887292
1.10352
0.991607
0.950776
0.877613
1.02339
1.04785
0.932395
0.876337
1.09103
0.865478
1.10349
0.964238
1.01832
0.964699
1.02575
0.937431
0.987781
1.00348
1.00039
0.921791
1.07987
0.924654
1.05705
0.969899
0.990614
0.928204
0.98428
1.05192
0.917016
0.97498
1.00734
1.01217
0.971183
1.05593
0.925947
1.08589
0.898792
1.08097
0.878629
1.03444
0.950605
1.10182
0.869775
1.00669
0.957726
1.02162
0.953674
0.701952
1.26513
0.970965
1.02663
1.09872
0.86616
1.03126
0.945306
0.993791
0.97987
1.00894
0.997789
0.972234
1.00104
0.994114
0.992538
0.976478
1.01613
0.897756
1.06099
0.96851
1.00029
1.05852
0.924901
0.989558
0.987826
0.979561
0.985303
0.993495
0.976567
0.996994
0.996137
0.948699
1.03994
1.0162
0.958534
0.965645
1.02719
1.0945
0.856812
1.01841
0.975228
0.98067
0.960314
0.816532
1.14438
0.866597
1.13387
1.03616
0.941991
0.90171
1.07621
0.936063
1.04284
0.96097
1.01271
1.01367
0.975347
0.965545
1.00767
0.930878
1.04343
0.931147
1.05379
0.961063
0.997246
0.998518
0.986217
0.98086
1.00391
1.00471
0.95279
1.02301
0.95629
1.00504
0.989521
1.00862
0.906393
1.02019
0.958088
1.03347
0.955759
1.02648
0.916941
0.972431
1.00194
0.94005
1.04516
1.02349
0.967608
1.09064
0.857823
0.99938
0.989493
0.986494
1.02699
0.989395
0.982991
0.977337
0.971097
0.887241
1.08991
1.00349
0.999491
0.984612
0.990678
0.974778
0.977826
0.988018
0.995052
1.01522
0.971112
0.964461
1.00964
1.01923
0.963593
0.943155
1.01659
0.997567
0.997861
1.00234
0.940567
0.978954
0.984212
1.03558
0.946015
0.953793
0.967836
1.01762
0.948938
1.25418
0.710539
0.993565
0.977189
0.975988
0.973851
0.986256
1.00121
1.00635
0.98435
0.995494
0.986461
0.98117
0.999563
0.994052
0.949923
1.00394
0.972005
0.969253
1.00367
0.658785
1.27466
0.802536
1.03681
1.0019
0.961377
1.08885
0.869332
0.967697
0.998182
1.06096
0.905575
1.03317
0.950419
0.939377
1.03888
0.995756
0.976054
1.02585
0.93803
0.982316
0.988267
0.972972
1.0035
1.26466
0.697477
1.01047
0.978753
0.819846
1.13787
0.929573
1.01666
1.00006
0.942694
0.960173
1.0072
0.905706
1.07534
1.02001
0.955694
1.03016
0.960856
0.985397
1.00475
1.01169
0.990431
0.99331
0.977846
0.898545
1.05257
0.927338
1.00299
0.898747
1.09762
0.986347
1.00959
0.932771
1.03041
0.924032
0.979657
0.941776
1.01217
0.994442
0.992268
1.00297
0.948966
1.02893
0.995804
0.980652
1.00829
1.01148
0.973705
0.949744
1.05384
0.980279
0.976993
1.10918
0.80511
0.879459
0.972071
1.04105
0.973578
1.01477
0.957535
0.981467
0.99764
1.13046
0.827428
0.922929
1.04688
0.752008
1.21915
1.00045
0.987685
0.976287
0.966833
0.916308
1.03585
0.831801
1.12579
1.00242
0.985282
0.924493
1.03256
0.94436
0.932096
0.99414
0.99728
0.872185
1.10384
0.961701
0.994899
1.03369
0.936249
0.939397
0.971431
0.980529
0.98898
1.03251
0.94877
0.922674
1.01626
0.970056
1.00177
0.986197
0.984708
1.02034
0.985431
1.04071
0.942062
0.99165
0.972718
0.979801
1.00036
0.959381
1.00576
0.906251
1.07513
1.00225
0.986766
0.978287
0.974819
1.05558
0.918082
0.967199
0.982987
1.01175
0.923383
1.01066
0.949239
0.988465
0.972344
0.94377
1.03131
0.998283
0.97905
0.97971
0.993655
0.939693
1.04617
0.96942
1.00618
1.06689
0.934332
0.981704
0.985199
0.849184
1.1145
1.13074
0.830857
1.17154
0.81438
0.971708
1.01256
0.981432
1.00613
1.17503
0.795747
0.990604
1.00482
0.985233
0.94898
1.01191
0.96619
1.05857
0.890951
1.00483
0.997295
1.01447
0.959685
1.04089
0.958392
0.970123
1.01236
1.0149
0.988195
0.95765
0.976325
0.998985
0.989573
1.05051
0.903912
0.981045
0.957591
1.02063
0.962119
0.9829
0.988219
1.01163
0.969333
1.0302
0.916693
1.00189
0.995211
1.00891
0.988563
1.04932
0.957278
0.963394
0.965792
0.996764
0.975128
0.975703
1.00626
1.01083
0.97866
0.995459
0.967251
0.980189
0.997246
0.821661
1.12344
0.991166
1.00009
0.976641
0.997747
0.994639
0.955932
1.00062
0.982082
1.00898
0.974232
0.901608
1.00386
0.923115
1.06081
1.08998
0.882532
1.0033
0.991793
1.0522
0.928323
0.997213
0.981617
1.01714
0.968443
1.08273
0.883744
0.952157
1.01254
0.942612
1.04018
1.03708
0.956508
1.02514
0.96734
0.955287
0.952118
0.953683
1.01749
0.927479
1.05434
1.02376
0.959112
1.0218
0.975375
0.838597
1.13115
1.0425
0.928325
0.976765
1.00255
0.980245
0.995867
0.972168
0.972646
0.910503
1.04477
0.985914
0.980744
1.04681
0.932308
1.04462
0.94931
0.969773
0.969673
0.884017
1.10935
0.920482
1.00861
0.978691
1.00206
0.962432
1.02057
1.03234
0.954504
0.874752
1.09193
0.827939
1.14953
0.947319
1.01844
0.89855
1.03676
1.19084
0.783508
0.993042
1.00419
0.912299
1.04338
1.00126
0.988515
0.834071
1.15616
0.848283
1.12697
0.745364
1.22252
1.01062
0.98778
1.00405
0.967611
0.985691
0.971831
1.01365
0.949509
0.913208
1.01905
0.999319
0.953237
1.04739
0.947201
1.01238
0.968493
0.976161
0.972354
1.05801
0.908405
0.992247
0.972149
0.921654
1.0555
0.996954
0.978451
0.962402
1.01696
0.832596
1.13475
0.916836
1.03466
0.948411
0.984475
0.960892
1.01152
1.00801
0.992761
1.03251
0.956691
0.966273
1.00553
0.986447
0.959912
1.09461
0.885567
0.960408
1.00121
1.02199
0.928819
1.01196
0.98747
1.17705
0.758228
0.932279
0.976213
1.00966
0.949897
0.982359
0.992382
1.08559
0.86702
0.941856
0.995263
0.960056
0.985409
0.982077
0.99349
1.01796
0.956823
0.952183
1.01437
0.959703
1.00265
1.04
0.909274
0.922764
1.07336
1.03768
0.931963
0.997892
0.968539
0.983376
1.01178
1.02685
0.938591
1.02627
0.946977
1.00676
0.959607
0.978758
0.988733
0.989453
1.00012
1.10898
0.861742
0.910505
1.04579
0.972716
0.984867
0.99179
0.962987
0.988435
0.998851
0.997102
0.983209
0.986381
0.996374
0.976556
0.978932
0.989894
0.961928
0.986396
1.00853
0.986914
0.941699
1.01367
0.959954
0.981076
0.952899
1.01928
0.945617
1.01935
0.961054
1.02889
0.95861
1.00584
0.962251
0.984676
0.967602
0.933088
0.986685
0.962026
0.985934
1.00632
0.988253
1.05667
0.928061
0.982893
1.00258
0.985153
0.932475
1.00894
0.945592
0.966388
0.984903
1.01119
0.991523
1.19579
0.769616
0.876833
1.07089
0.977811
0.964727
1.01524
0.967772
0.951205
1.01196
1.06676
0.85469
1.0037
0.978794
0.977448
0.977511
0.940068
1.0385
1.00425
0.986415
0.871053
1.06255
1.00839
0.942093
1.00809
0.981074
0.992866
0.925108
1.02879
0.94838
1.04377
0.951522
1.00704
0.979702
0.932032
1.01353
0.959894
1.01555
1.18498
0.793623
1.00013
0.989486
1.02551
0.951981
0.957071
0.939768
1.09453
0.898579
1.02325
0.934377
0.968273
1.00429
1.07447
0.922035
0.986871
0.992758
0.9057
1.0462
1.00309
0.956374
1.01024
0.986747
1.11668
0.861402
0.984531
0.985884
1.00308
0.945193
1.00248
1.0005
1.10919
0.878948
0.99588
1.00263
0.999921
0.98595
0.995757
0.969768
0.921469
1.05756
0.980002
0.970668
0.916054
1.06051
0.982732
0.991254
0.97351
0.996141
1.08438
0.9283
0.936379
1.01654
1.1436
0.841856
0.976901
0.998112
0.935353
0.985763
1.00195
1.00529
0.927853
1.06682
1.02506
0.96849
0.977656
0.97429
1.00317
0.999194
0.991201
1.00725
0.943769
1.0108
0.969378
0.984143
0.98948
0.986704
0.981484
0.929563
0.968723
1.01741
0.964911
0.996515
0.988062
0.970942
1.0042
0.952515
1.06839
0.909727
0.905657
1.06164
1.15445
0.802635
0.799793
1.15833
0.99826
0.994532
0.975983
1.01489
0.991618
1.0067
0.985166
1.00234
0.972417
1.00943
1.07667
0.896372
0.971627
1.02814
0.964868
0.979772
1.00029
1.00037
0.951887
1.0392
1.00804
0.966845
1.0158
0.977478
0.986234
0.999339
0.85286
1.07061
0.980393
1.0148
1.05021
0.967423
1.00154
0.953487
1.1237
0.856943
1.01007
0.933495
0.884496
1.01778
0.993234
0.971626
0.73191
1.22496
0.893821
1.09834
0.947971
1.00721
0.998768
0.994356
1.00691
0.948538
0.939831
1.01465
0.907905
1.06037
1.04295
0.923939
1.01661
0.959434
1.0074
0.982277
0.952119
1.02587
0.992533
0.982627
0.988142
1.00357
0.980998
1.00582
0.981416
1.00147
1.03264
0.965705
0.99106
1.02168
0.736948
1.23377
0.999508
1.0012
0.955268
1.04061
0.967958
1.00261
0.936645
1.0345
0.997195
0.966419
0.903394
1.05654
0.738709
1.22328
1.01257
0.967916
0.986778
0.962884
0.912956
1.03586
0.957911
1.02266
1.07337
0.875329
1.0208
0.958885
0.981915
1.02044
0.960756
0.9913
1.03508
0.919041
1.04215
0.949137
1.02042
0.925989
1.00633
0.984661
0.957566
0.964849
0.975324
0.994745
0.939541
1.04979
0.982729
0.977253
0.994907
0.954875
0.989018
0.975366
0.984873
1.04032
0.950156
0.999215
0.961934
1.04222
1.2982
0.66293
1.02022
0.973976
0.970125
0.991648
0.992007
0.928629
0.988276
0.986522
0.984952
0.971916
0.978904
0.97111
0.952631
1.02179
0.953325
1.01807
0.833596
1.12417
0.969017
0.971444
0.963838
0.981563
0.984569
0.975968
1.02218
0.943575
0.901961
1.07146
1.07761
0.851309
1.01363
0.970679
0.966828
0.984354
0.974558
1.00963
0.984191
1.00991
1.0166
0.970796
0.921667
1.0729
1.00772
0.968771
1.00868
0.965158
1.0142
0.968405
0.997191
1.00191
0.918889
1.06418
1.25258
0.691202
0.959886
0.999483
1.08894
0.910785
0.900661
1.05622
0.98069
1.01835
0.9977
0.946764
0.889606
1.08847
0.974513
1.00277
0.92941
1.04037
0.949524
0.998787
0.993528
0.972844
0.913911
0.996416
1.0414
0.960183
1.02031
0.968754
1.04708
0.917259
0.870121
1.07766
1.04701
0.902661
0.995735
0.979456
0.996914
0.965935
1.02348
0.941415
0.8934
1.06966
0.986536
1.02547
0.965463
0.987272
0.960818
1.0466
0.973107
1.01075
0.97637
1.01225
0.97685
1.0085
0.978579
0.98541
0.937295
1.03061
0.973641
0.968291
1.08601
0.899015
0.969259
1.0074
1.01935
0.966177
0.782547
1.17865
1.00982
0.994488
0.965695
0.975305
0.992472
0.999748
0.974549
0.971929
1.00871
0.990633
0.971641
1.00381
0.972966
0.988463
0.939065
1.03115
1.03487
0.93465
0.971734
1.00022
0.982822
0.979534
0.846835
1.10776
0.764586
1.15294
1.04467
0.905128
0.958544
0.988359
0.939035
1.05239
0.981188
0.990388
0.933863
1.01858
0.972092
0.995343
0.891106
1.09196
0.984602
0.98261
0.95821
0.984567
1.01845
0.929787
1.04573
0.95909
0.989644
0.960036
0.92608
1.06719
0.969697
0.981822
0.943701
0.985312
0.978997
1.01419
1.03405
0.9297
0.972051
0.975412
0.963473
1.04717
0.974746
0.986711
1.03071
0.926001
0.779965
1.15863
0.989142
1.02132
0.972796
1.02403
0.903299
1.00619
0.997514
0.985422
1.02123
0.870966
0.982574
1.01646
1.01366
0.956719
0.873727
1.09897
0.988909
0.994555
0.722835
1.22229
0.969573
0.970356
0.95316
1.01462
0.962791
0.97391
1.00426
0.975255
0.996676
1.00976
1.00416
0.978468
1.04945
0.873575
1.00154
0.963851
1.00166
0.951919
1.00612
0.954318
0.916192
1.04719
0.989585
0.981321
1.00586
1.01162
1.01348
0.985326
0.970511
1.01627
1.00449
0.939784
0.953014
1.00844
0.973938
0.934324
1.0194
0.986078
1.01081
0.976516
1.04659
0.948694
0.977966
0.986542
0.962608
1.02183
0.985207
1.00049
0.978324
0.965714
0.986505
1.00578
1.01398
0.975103
0.984756
1.00985
0.974766
0.98407
0.958613
1.03621
0.986014
0.9675
0.966477
0.98993
0.984836
0.954522
0.927295
0.996955
1.00545
0.97723
0.990633
0.961115
0.815052
1.16311
1.07752
0.901244
1.0032
0.967151
0.979262
0.98993
0.976873
0.969759
0.971373
1.02625
0.980034
0.970621
0.992872
0.985092
1.00721
0.992866
0.977602
0.998249
0.975976
1.0242
0.926919
1.03423
1.17803
0.814039
0.980204
0.993702
1.00423
0.98651
0.774834
1.18238
0.956851
1.00716
1.00006
0.961273
0.966538
0.996755
0.976908
1.00299
0.985845
1.01756
0.835947
1.11939
0.95858
1.01017
0.984534
0.997354
0.96441
0.986185
0.960246
1.01183
0.973184
0.999957
1.08229
0.862303
1.06019
0.91336
1.12826
0.794512
0.962736
1.02838
0.951955
1.0269
0.956825
0.993048
0.955292
1.0103
0.937287
1.03228
0.978936
0.965125
0.814991
1.19179
1.16016
0.801816
1.04084
0.949274
0.936597
0.955604
0.967514
1.00203
1.00784
0.954522
0.982688
0.997094
0.99757
0.974394
1.03047
0.976582
0.965973
0.980729
0.981286
1.01373
0.956027
1.02675
0.995959
0.97963
0.971551
1.00188
0.992075
0.980308
1.00626
0.969862
0.981343
1.00645
0.974166
0.975428
0.985929
0.974792
1.00625
1.00155
0.963966
1.02011
1.20404
0.776557
1.04796
0.955011
0.992844
0.996745
0.960346
1.00548
1.02782
0.959876
1.0052
0.991132
0.905241
1.03781
1.00537
0.963841
0.997969
1.01067
0.966741
1.00246
0.990993
0.986895
1.15145
0.806985
0.985833
0.98752
0.979989
0.984753
1.00054
0.979976
1.00615
0.907005
0.982848
0.920886
0.956631
1.01066
1.18839
0.820289
0.983675
0.978898
1.07869
0.898602
0.962049
0.992166
1.05322
0.918493
1.00872
0.967859
1.04817
0.915384
0.959894
1.02577
0.998625
0.963525
0.970085
1.01909
0.951976
1.03146
0.971197
0.998812
0.915404
1.07575
1.00279
0.997009
1.10586
0.861307
0.896539
1.07711
1.05182
0.933245
0.900571
1.09366
0.897442
1.0821
0.952845
0.963471
1.00315
0.960563
0.838895
1.10558
0.959415
1.01971
0.963778
1.00377
0.977785
1.01417
0.970467
0.99737
0.993099
1.00559
0.951967
0.996385
0.933376
1.02376
1.03774
0.965074
1.01381
0.970971
0.959323
1.02922
1.04324
0.940681
0.972374
0.98253
0.981774
1.00704
1.00915
0.97323
0.946107
1.05227
0.965472
0.989859
0.958008
1.02162
1.11763
0.864751
1.01468
0.95635
1.03189
0.945823
1.06678
0.885891
1.05425
0.896777
1.02393
0.940538
0.999097
0.956323
0.964545
1.01305
0.956082
0.981923
0.952379
1.00187
0.96808
0.988726
1.01082
0.950118
0.976189
0.972278
0.984932
0.985583
0.950254
1.02977
0.976306
1.00284
1.01451
0.977762
1.01471
0.978904
0.987492
0.984415
1.14396
0.840789
1.0199
0.972349
1.00273
0.910118
0.901781
1.05145
1.08145
0.899255
0.996391
0.981608
0.999873
0.958124
1.03805
0.910473
0.973221
1.0008
0.942779
0.996371
0.979471
1.00692
1.03555
0.950002
1.00852
1.00107
0.925696
1.03737
0.948053
0.998208
0.997023
0.977238
0.981087
0.999278
0.996372
1.00414
1.02625
0.968538
1.00823
0.977139
1.00931
0.922192
1.00567
0.981588
0.911942
1.04383
0.9834
1.001
1.26888
0.684864
0.929371
1.03781
0.994986
0.982621
0.920074
1.06347
1.10001
0.890537
1.03216
0.941232
0.755725
1.18997
0.797393
1.14245
0.964742
1.00286
0.997698
0.999129
1.00862
0.982976
0.895902
1.05279
1.03965
0.962123
0.986839
0.981269
1.01566
0.972824
0.993451
0.986328
1.02977
0.963695
0.993346
0.966578
1.01297
0.947714
0.983064
0.987414
1.00008
0.95752
1.15373
0.823905
0.991527
0.988084
1.01424
0.985797
0.932546
1.05818
0.999438
0.978396
0.956558
1.04852
0.604171
1.35155
0.886154
1.09362
0.986609
1.00012
0.966786
0.989741
0.987241
0.980079
1.01362
0.973553
0.999512
1.00262
0.864896
1.06152
0.99183
0.983175
1.03324
0.958088
0.989923
0.995733
0.970333
0.973846
0.962782
1.00315
0.978043
0.990478
0.914312
1.06937
0.997485
0.963238
0.983773
0.977312
0.988915
1.04311
0.952425
1.04337
0.984297
0.988602
1.0107
0.962416
1.02303
0.974199
0.97787
0.993841
0.897243
1.04529
0.968334
0.982498
1.00518
0.984938
1.03056
0.960117
1.00876
0.956084
0.917216
1.08915
0.988135
1.02143
0.995447
0.972619
1.00715
0.980588
0.992604
1.00097
0.977752
1.00555
1.02241
0.918385
0.975261
1.01518
0.98738
0.979525
1.1628
0.814009
0.938314
1.02859
0.999176
0.980884
1.0595
0.924368
1.00995
0.981883
0.965438
1.03348
1.00133
0.953573
1.0178
0.957867
1.01532
0.943241
0.982209
0.972196
0.965576
1.00008
1.00921
0.937281
0.976715
0.991559
0.993452
1.00207
1.00428
0.983497
1.05958
0.905949
0.998505
0.973855
0.964812
0.996254
0.987955
0.99369
1.01656
0.962535
0.954167
1.01394
1.0198
0.944868
0.981978
1.02966
0.989315
0.970608
0.993454
0.970672
0.996046
0.95871
0.920611
1.05179
0.929721
1.0629
0.949321
1.02388
0.964163
1.00984
1.00275
0.960298
1.09184
0.880565
1.02424
0.977682
0.985678
1.00294
0.948652
0.996867
0.949726
1.00049
0.774129
1.17784
0.909386
1.03986
0.981665
0.986301
0.970861
0.977893
0.74654
1.23062
0.946088
1.02918
1.03139
0.939346
0.97648
1.01309
0.961433
1.00463
1.03025
0.979097
0.971205
0.982341
1.00519
0.988568
0.993327
0.98823
0.880819
1.07222
0.990759
1.0081
1.00011
1.00384
0.953553
1.00638
0.978463
1.02399
0.890377
1.04725
0.978757
1.00222
0.962368
1.01416
0.994397
0.957763
0.950523
1.00082
0.984842
0.993761
1.26371
0.670634
0.794836
1.16527
0.87124
1.09021
0.984211
0.955197
0.982877
1.00103
0.971087
1.01837
0.99496
1.01649
0.99678
1.02553
0.992667
0.994669
0.989001
0.963213
0.97784
0.986236
1.01829
0.955027
0.969727
0.986358
0.979967
0.991136
0.953102
0.949325
0.911671
1.05577
1.07098
0.889855
0.947896
0.986643
1.03238
0.938974
0.968946
1.01236
1.05352
0.911645
0.97425
1.00586
0.868157
1.00832
0.962387
1.01675
1.14192
0.840886
0.971691
0.990134
0.910294
1.07599
0.984662
1.00083
0.973013
0.97908
1.01838
0.99341
1.00709
1.00542
0.952712
1.02105
0.954973
0.971606
0.95803
0.98976
0.996402
0.998522
0.993392
0.960338
0.958092
0.983253
0.965873
1.01188
0.978974
1.02664
1.00474
0.998011
1.02237
0.937727
0.976977
0.975912
0.983474
0.981244
0.973688
0.96362
0.995578
0.974012
0.98174
1.01468
0.990159
1.00799
0.979416
1.01188
1.06007
0.917859
1.01371
0.973074
0.879832
1.09667
1.23407
0.737078
1.00028
0.993855
1.03452
0.935288
0.971253
0.983393
1.00446
0.977749
0.956609
1.02817
0.979088
0.995285
0.909314
1.09535
0.984953
0.968282
0.964298
0.927869
0.96314
1.01131
1.02861
0.972849
0.991723
0.999648
1.02378
0.988192
0.995085
0.984228
0.972225
1.011
0.969104
1.02134
1.06681
0.929285
0.962064
1.00708
1.00508
0.993264
0.887086
1.05905
1.05599
0.932484
0.984406
0.992087
0.929726
1.0509
0.926649
1.03141
1.0167
0.991186
1.00484
0.94488
1.04603
0.966103
0.993634
0.985259
0.969915
1.01579
0.936427
1.01069
0.971124
1.01757
0.985303
0.993275
0.979099
0.961647
0.979054
0.995625
0.987987
0.996112
0.982242
0.966558
1.02503
0.955224
0.989355
1.00733
0.957394
0.999369
0.485799
1.47997
0.984058
0.96019
0.987128
0.972119
1.04691
0.928564
0.949515
0.979172
0.907354
1.05244
1.00154
0.980963
0.978146
0.995394
1.02057
0.896998
0.98428
0.978813
0.986747
0.993549
0.974933
0.976392
0.98934
0.947835
1.15655
0.797367
1.00148
0.953202
1.05568
0.94902
1.16559
0.81751
1.01028
0.983815
0.984937
0.968016
1.02903
0.95151
0.987503
0.968437
1.02516
0.951539
1.00671
0.996778
0.980325
0.993103
1.03936
0.958806
0.989987
0.827482
0.992735
0.976122
0.962839
1.01717
1.01114
0.98664
0.943972
1.03466
1.05441
0.926553
1.02731
0.967353
0.987552
0.98083
0.963459
1.01806
0.981842
0.991011
1.00301
0.972267
1.00945
0.978996
0.986114
0.987679
0.926295
1.02178
0.991807
0.988436
0.906701
1.08201
0.950643
0.971333
0.915936
1.02734
1.03556
0.950661
0.978902
0.97397
0.999288
0.998383
0.992287
1.00049
1.23641
0.664998
0.872442
1.1096
1.0746
0.895156
0.956521
1.01855
0.98532
0.976879
0.955361
1.00601
0.980139
1.01344
1.0293
0.944183
0.992869
0.985996
0.970481
1.0262
0.922318
1.0032
1.06423
0.91364
1.0084
0.969388
0.994888
0.996797
0.990749
1.00911
0.996255
0.981023
0.870677
1.10543
1.0206
0.939041
1.00895
0.992927
1.08901
0.922961
1.0114
1.00031
0.954645
1.01231
0.940812
1.04549
1.01637
0.981287
0.988135
0.988343
1.05289
0.935819
1.01908
0.934746
0.968558
1.01862
0.962252
0.982173
0.97476
0.971416
1.014
0.975217
1.01986
0.923679
1.15778
0.80578
0.896069
1.01205
0.981262
0.996491
0.95439
0.990919
0.919497
1.03803
0.982047
1.01472
1.08759
0.887904
0.960143
1.00626
0.981555
0.986364
0.985368
0.988968
1.00816
1.00857
0.818519
1.11481
1.03132
0.899292
1.0128
0.98503
0.961046
0.984881
1.02614
0.972442
0.983105
0.970381
0.895703
1.05647
0.988431
0.997527
0.980658
0.983809
0.96051
1.02576
0.667886
1.30036
0.928361
1.05417
1.0585
0.910944
0.968035
1.01646
0.950495
1.02279
0.962173
0.985277
1.02022
0.968866
1.03593
0.96659
1.00258
0.986203
0.964038
1.02337
1.11591
0.844706
0.907325
1.05903
1.0092
0.925425
1.02101
0.951779
0.781287
1.18645
0.926052
1.05329
0.981879
0.956843
0.967643
0.993858
0.987145
0.975112
0.996599
0.970077
0.969103
1.01264
0.918104
1.05711
1.04756
0.908094
1.01479
0.980881
1.01846
0.99779
0.944922
1.02555
0.984339
0.988916
1.06372
0.90293
1.00325
0.92771
0.990298
0.982936
0.998927
0.990915
0.992077
0.988296
1.00137
0.981748
0.935331
0.994546
0.868533
0.992495
1.06582
0.886253
0.986073
0.991193
0.999625
0.978196
1.01344
1.01164
0.945958
1.02587
1.0673
0.913375
0.975242
0.975193
0.921471
1.04281
0.934802
1.00933
1.01236
0.962606
0.970079
1.0114
1.00469
0.956633
0.993735
0.972682
1.23469
0.734949
0.845684
1.12989
0.988296
0.999838
0.939851
0.995159
0.996249
0.962084
0.980847
0.985475
0.950301
0.993372
0.984038
0.954071
0.953698
1.03085
0.985139
0.970788
0.990935
0.999301
1.0329
0.954824
1.01852
0.943343
1.10816
0.890951
0.952225
1.02389
1.00644
0.944875
1.0024
0.959718
1.01907
0.941339
1.0226
1.00005
1.22033
0.754067
1.01295
0.953666
1.01589
0.941875
1.07261
0.90613
1.06202
0.939047
1.00425
0.963913
0.937365
0.999591
1.00823
0.995038
0.968256
1.00255
1.04578
0.947228
0.987997
0.987418
0.970286
0.975503
1.00649
0.963383
0.963608
0.992722
1.02704
0.927709
1.00042
0.960326
0.890336
1.05478
0.955119
0.995451
0.9789
0.970974
0.981923
0.971303
0.992419
1.01076
0.904327
1.07415
1.19169
0.794241
0.979282
0.968562
0.971048
1.00643
1.02933
0.94873
0.969817
0.992566
0.948058
0.991057
0.991373
0.978676
0.978872
0.968069
0.995318
0.982675
0.973195
1.0141
1.02825
0.970289
0.971741
1.0144
0.893308
1.05142
0.996871
0.979209
1.00567
0.987658
1.1461
0.784389
0.818385
1.14594
0.998331
1.01471
0.995986
0.995454
1.00755
0.990438
0.970821
1.03195
0.944253
1.04783
1.05336
0.921604
0.945413
0.990123
0.979887
1.00177
0.993609
0.993086
1.10779
0.863715
0.98476
0.978552
0.972946
0.988151
0.956183
1.00036
0.943849
1.0009
0.973604
0.98659
0.881855
1.09677
1.19625
0.80209
0.886132
1.06924
1.02981
0.940773
1.0343
0.925873
0.995976
0.964309
1.00647
0.960226
1.01987
0.95495
0.881473
1.09595
0.925526
1.00249
0.872654
1.07471
0.989877
0.993019
0.99579
0.997758
0.959164
0.9968
0.955096
1.02868
0.993898
0.959551
1.00129
0.982551
0.984663
0.990986
1.00678
0.979749
1.09971
0.879945
0.992524
0.999246
0.932002
1.02706
1.01162
0.974505
0.971112
0.986979
1.00118
0.970155
1.13356
0.829922
0.983225
0.982536
0.975912
0.983295
0.833257
1.16898
0.96405
1.00624
0.984097
1.0129
1.01182
0.980818
0.973526
1.01573
0.987868
0.983121
0.936385
1.04175
0.787731
1.17805
1.01654
0.986272
1.02583
0.957836
0.987879
0.969165
1.03858
0.945599
1.0123
0.965272
0.948789
1.03016
0.995745
0.970794
0.750301
1.20841
1.00293
0.987473
0.947423
1.02284
0.957645
1.0493
0.940486
1.0123
0.966929
1.00471
1.03036
0.951098
1.01067
0.942025
0.977543
0.999915
1.01936
0.94361
0.803894
1.17211
0.999878
0.964474
0.95117
1.0385
0.935022
1.03552
0.946565
1.02139
1.03188
0.947916
0.99032
0.979361
0.898773
1.08276
1.02389
0.975013
1.13472
0.833334
0.998054
0.970047
0.884284
1.09881
0.99577
0.958224
0.894993
1.08014
0.953073
1.00891
0.757823
1.25532
0.995497
0.971587
1.0159
0.977286
0.941857
1.01826
0.999619
0.976438
1.00463
0.978828
0.990233
1.00394
0.97551
1.01493
0.953351
1.01514
0.995262
0.993715
1.03425
0.952368
0.996175
1.00983
0.883359
1.09156
0.9624
0.988626
0.961474
1.04659
0.98986
0.971464
1.14002
0.808226
0.934847
1.00838
0.964136
1.00906
0.999071
0.945681
0.886408
1.06036
1.02833
0.938497
1.0132
0.966225
0.981889
1.00806
0.978914
0.987017
0.970056
0.975572
0.988328
0.945181
1.02074
0.951692
0.977427
0.980323
0.996958
0.96072
0.983692
0.977292
1.03794
0.908613
1.00454
1.00087
0.986376
0.958638
0.947245
1.03778
0.991869
0.972737
0.979112
0.991275
0.884677
1.02721
1.01374
0.947107
0.992201
0.958503
0.921439
0.98128
0.945197
0.977451
1.02001
0.956436
0.99312
0.953756
1.15722
0.826014
0.909873
1.04216
0.997811
0.982669
1.03407
0.931985
1.02741
0.939243
1.01685
0.999068
1.04926
0.953788
0.992194
1.00375
1.00195
0.967752
0.995396
1.00392
1.08788
0.886818
1.07515
0.883722
0.989992
1.0129
1.03677
0.939242
1.0621
0.896824
0.889654
1.09339
0.953427
1.05505
0.977847
0.983831
0.96634
1.0379
0.955823
0.995914
0.958387
0.996709
0.950793
1.03306
0.989884
0.956198
1.0095
0.976839
0.966666
1.01203
1.0053
0.958566
0.827674
1.13269
1.0151
0.976184
0.994932
0.98661
0.980354
0.981225
0.973193
1.01389
0.994404
0.992819
0.913228
1.03732
0.978817
0.968494
0.974128
0.997591
1.13372
0.724866
0.983075
0.993921
1.03981
0.977642
1.01553
0.971435
0.982167
0.982996
0.970473
0.968067
1.01332
0.966941
1.15895
0.789513
0.976159
0.993861
0.994522
0.969199
0.961345
1.02388
0.893808
1.07734
1.00531
0.978954
0.995792
0.97487
0.999962
0.959808
0.993844
0.954655
0.950522
0.990131
1.02158
0.969712
0.978815
1.00614
0.965571
0.989647
1.0046
0.975696
1.05577
0.952883
0.992476
0.975918
0.935763
1.03756
0.875788
1.01297
1.00354
0.993813
0.994501
0.997335
0.980157
1.00364
0.908448
1.04163
0.954155
1.02175
0.93907
1.01159
0.98061
0.976654
0.96048
0.981769
0.963172
1.00912
0.968752
1.02202
0.97168
1.01036
0.988652
0.968385
0.918191
1.03465
0.983831
0.974172
0.990516
0.963832
0.829229
1.09884
0.994394
1.0151
1.22472
0.749672
0.942206
1.01259
0.868491
1.0721
1.29442
0.581771
1.32382
0.66176
1.07181
0.900457
0.993356
0.985929
1.0877
0.852479
0.987067
0.987359
1.01683
0.982496
0.961236
1.01035
0.990311
1.00463
0.993314
0.929441
1.0033
0.992797
0.645672
1.31718
0.954894
1.02034
0.847749
1.04094
0.868694
1.07863
1.00246
0.996257
0.94628
1.02123
0.797414
1.18025
0.989135
1.0048
1.02385
0.939055
0.911278
1.09541
1.00442
0.931968
0.957264
1.01389
0.961768
0.984922
0.893378
1.08955
0.974419
0.987353
0.97181
0.991591
0.964192
1.02288
0.866115
1.07296
1.03532
0.942703
0.990573
1.01277
1.00661
0.981207
0.935506
1.01439
0.964126
1.00605
0.978633
0.999053
0.980447
1.01395
0.977868
0.999838
0.98535
0.997241
1.00664
0.947906
0.965517
1.0386
0.980198
0.972452
0.96051
1.00021
0.983422
0.953242
0.909454
1.08845
0.939813
0.965697
0.855586
1.11978
0.940053
1.02377
1.06889
0.901231
1.05278
0.91919
0.962952
1.00633
1.01081
0.966488
0.992255
0.974272
0.981459
1.02063
0.984339
0.986616
1.04425
0.932507
1.03715
0.976776
0.884916
1.083
1.08679
0.870758
0.962782
0.999794
0.986881
0.991488
1.02329
0.99703
1.23391
0.743858
0.970486
0.966892
0.771303
1.18362
1.01516
0.932188
0.997931
0.95854
0.917592
1.02097
0.933678
1.0494
0.948913
1.00293
0.90131
1.06529
0.956716
1.02091
0.933316
1.07548
1.02395
0.96092
1.04917
0.917494
1.02215
0.975061
1.01646
0.997593
1.04938
0.887814
0.98132
0.999405
1.11584
0.86034
1.00389
0.994384
0.988086
0.972208
0.981593
0.939539
0.957984
1.00362
0.986744
0.996495
0.966975
1.00654
1.00882
0.971647
0.798208
1.19734
0.96947
0.998997
0.975236
1.00353
0.977943
1.03305
0.893696
1.11704
0.95647
1.04581
0.988555
0.922208
0.959705
0.987669
0.960996
1.01954
1.02761
0.922004
0.953931
0.98997
0.999732
0.997857
0.921884
1.07424
0.788929
1.16882
1.01867
0.949817
0.967984
1.01171
0.95142
1.00292
0.95372
0.990576
0.997038
0.978324
0.991816
1.00227
0.985593
0.999347
0.98456
0.966866
1.00402
0.969249
0.873271
1.02485
0.955303
0.987639
0.991714
0.97022
1.00393
0.963326
1.08587
0.893536
0.98662
0.988097
0.964988
0.998539
1.03421
0.965289
0.940706
1.02556
0.985136
0.995754
1.00383
0.979537
0.998748
0.966185
1.01818
0.992071
0.96308
1.0111
0.972479
1.01978
0.963552
0.98493
0.822183
1.09221
1.06769
0.903228
1.02005
0.96516
0.988983
0.961299
0.967731
1.01533
0.756654
1.18668
0.884199
1.06403
0.965355
0.967354
1.00231
0.994666
0.97801
0.997723
0.979964
0.99122
1.00393
0.93881
0.999036
0.989136
0.921528
0.993808
1.01016
0.955468
0.739479
1.21525
1.02289
0.926184
0.988391
0.929065
0.984505
1.0038
0.943555
1.00795
0.981619
0.99445
1.02206
0.921103
0.95149
0.998201
0.850633
1.14789
0.957693
1.05544
0.970629
1.00961
0.977541
1.01263
0.961701
1.02552
0.990705
0.988943
0.943585
1.0056
1.01252
0.983718
1.04679
0.90608
0.995254
0.982105
0.983665
0.980298
1.00201
0.993766
1.00382
0.984354
0.995132
0.976993
1.00601
0.991549
0.970088
1.0175
0.960684
0.997924
1.01676
0.955397
0.982633
0.936724
0.978394
1.00277
0.972715
0.991385
0.962597
1.00469
0.955799
1.03516
0.996508
1.00622
0.958727
1.0053
1.00918
0.99661
0.98838
0.968052
0.921152
1.05368
0.986757
0.98234
1.01104
0.963899
0.906287
1.04094
0.998453
0.980441
1.05547
0.923055
1.07899
0.88964
0.981834
1.00077
1.07619
0.9085
0.978675
0.966093
0.961023
1.00038
0.977994
0.961176
0.989878
0.956797
0.9364
1.0392
0.959266
0.976686
0.948983
1.02589
0.968902
0.992183
0.937645
1.04119
0.939764
1.03333
1.01242
0.963645
0.981715
1.01335
0.993351
0.945057
0.916637
1.00305
0.973151
0.925568
0.993411
0.975462
1.03588
0.967653
0.879532
1.08924
1.17547
0.798797
0.955546
1.00661
1.09559
0.88943
0.976307
0.987447
0.977063
1.00123
0.98521
0.983368
0.987029
0.974976
1.02332
0.951335
0.98889
0.987137
0.988311
1.00469
1.01058
0.960482
0.896779
1.07202
0.997299
0.935918
0.825022
1.16095
1.02403
0.973659
1.00878
0.963423
0.956834
1.02146
0.629124
1.34776
1.17387
0.797156
0.974542
0.980476
1.0419
0.906083
1.01148
0.938652
0.930704
1.02926
0.991484
0.974995
0.992958
0.987047
1.02095
0.961265
1.00603
0.972344
0.814879
1.13466
0.984738
1.00204
0.957856
1.01091
1.00515
0.926397
0.980682
1.00636
0.987782
1.02193
0.966244
1.01752
0.953935
1.0001
0.996494
0.989745
1.01119
0.954809
1.01733
0.986852
1.04032
0.931117
0.968535
1.00981
1.09658
0.878765
1.12321
0.837427
1.0204
0.9762
