0.1 1.125 4.50618
0.1 3.375 3.96456
0.1 5.625 3.77533
0.1 10.125 2.01248
0.1 12.375 4.02236
0.1 14.625 3.63849
0.1 16.875 3.56006
0.1 19.125 2.82704
0.1 21.375 1.85572
0.1 23.625 1.55637
0.1 25.875 0.754878
0.1 28.125 2.30545
0.1 30.375 2.27175
0.1 32.625 2.57118
0.1 34.875 3.38187
0.1 37.125 4.55633
0.1 39.375 4.58173
0.1 43.875 3.95431
0.3 1.125 3.85182
0.3 3.375 3.79695
0.3 5.625 3.93673
0.3 7.875 3.55324
0.3 10.125 4.0841
0.3 12.375 4.30076
0.3 14.625 4.54571
0.3 16.875 4.53862
0.3 19.125 4.48748
0.3 21.375 4.4941
0.3 23.625 4.4239
0.3 25.875 4.53236
0.3 28.125 4.30801
0.3 30.375 4.54206
0.3 32.625 4.53764
0.3 34.875 4.3552
0.3 37.125 4.28214
0.3 39.375 4.5033
0.3 41.625 4.53961
0.3 43.875 3.97812
0.5 1.125 3.96872
0.5 3.375 3.64414
0.5 5.625 3.99613
0.5 7.875 4.35036
0.5 10.125 4.43337
0.5 12.375 4.439
0.5 14.625 4.42357
0.5 16.875 4.31272
0.5 19.125 4.40753
0.5 21.375 4.41996
0.5 23.625 4.42897
0.5 25.875 4.40966
0.5 28.125 4.34166
0.5 30.375 4.42904
0.5 32.625 4.36031
0.5 34.875 4.44013
0.5 37.125 4.36595
0.5 39.375 4.36209
0.5 41.625 4.39524
0.5 43.875 4.20692
0.7 1.125 3.65606
0.7 3.375 3.81311
0.7 5.625 4.19439
0.7 7.875 4.09796
0.7 10.125 4.18891
0.7 12.375 4.16203
0.7 14.625 4.05567
0.7 16.875 4.21356
0.7 19.125 4.23704
0.7 21.375 4.23408
0.7 23.625 4.11532
0.7 25.875 4.19188
0.7 28.125 4.20842
0.7 30.375 4.20716
0.7 32.625 4.16715
0.7 34.875 4.24657
0.7 37.125 4.1857
0.7 39.375 4.22188
0.7 41.625 4.21776
0.7 43.875 4.16827
0.9 1.125 3.65624
0.9 3.375 3.66623
0.9 5.625 3.82582
0.9 7.875 3.8285
0.9 10.125 3.79578
0.9 12.375 3.78673
0.9 14.625 3.7762
0.9 16.875 3.81031
0.9 19.125 3.8275
0.9 21.375 3.92361
0.9 23.625 3.90911
0.9 25.875 3.95359
0.9 28.125 3.93051
0.9 30.375 3.88839
0.9 32.625 3.96543
0.9 34.875 4.03204
0.9 37.125 3.94453
0.9 39.375 4.04025
0.9 41.625 3.98827
0.9 43.875 3.92659
1.1 1.125 2.8181
1.1 3.375 2.8476
1.1 5.625 2.83924
1.1 7.875 3.01111
1.1 10.125 2.99045
1.1 12.375 3.02582
1.1 14.625 3.052
1.1 16.875 3.13953
1.1 19.125 3.23623
1.1 21.375 3.27548
1.1 23.625 3.29401
1.1 25.875 3.35461
1.1 28.125 3.44004
1.1 30.375 3.43206
1.1 32.625 3.4813
1.1 34.875 3.67913
1.1 37.125 3.71792
1.1 39.375 3.70655
1.1 41.625 3.6653
1.1 43.875 3.66754
1.3 1.125 1.71959
1.3 3.375 1.8285
1.3 5.625 1.79802
1.3 7.875 1.92847
1.3 10.125 1.86747
1.3 12.375 2.03537
1.3 14.625 1.99908
1.3 16.875 2.12718
1.3 19.125 2.2319
1.3 21.375 2.30317
1.3 23.625 2.29379
1.3 25.875 2.43965
1.3 28.125 2.56269
1.3 30.375 2.62777
1.3 32.625 2.778
1.3 34.875 2.86632
1.3 37.125 2.89225
1.3 39.375 3.00908
1.3 41.625 3.09476
1.3 43.875 2.99183
1.5 1.125 0.890874
1.5 3.375 1.03278
1.5 5.625 1.02123
1.5 7.875 0.990342
1.5 10.125 1.0355
1.5 12.375 1.07278
1.5 14.625 1.1139
1.5 16.875 1.11853
1.5 19.125 1.17316
1.5 21.375 1.26623
1.5 23.625 1.35342
1.5 25.875 1.43245
1.5 28.125 1.57499
1.5 30.375 1.60592
1.5 32.625 1.81876
1.5 34.875 1.89784
1.5 37.125 1.9508
1.5 39.375 2.05273
1.5 41.625 2.10281
1.5 43.875 2.14946
1.7 1.125 0.498392
1.7 3.375 0.552786
1.7 5.625 0.566763
1.7 7.875 0.569808
1.7 10.125 0.600403
1.7 12.375 0.597342
1.7 14.625 0.60121
1.7 16.875 0.602094
1.7 19.125 0.660352
1.7 21.375 0.658818
1.7 23.625 0.696136
1.7 25.875 0.777511
1.7 28.125 0.831351
1.7 30.375 0.851143
1.7 32.625 0.898207
1.7 34.875 1.05275
1.7 37.125 1.0541
1.7 39.375 1.13882
1.7 41.625 1.1654
1.7 43.875 1.31641
1.9 1.125 0.29015
1.9 3.375 0.315094
1.9 5.625 0.341352
1.9 7.875 0.348795
1.9 10.125 0.352447
1.9 12.375 0.367214
1.9 14.625 0.366087
1.9 16.875 0.37595
1.9 19.125 0.384833
1.9 21.375 0.38177
1.9 23.625 0.40861
1.9 25.875 0.420517
1.9 28.125 0.468006
1.9 30.375 0.487568
1.9 32.625 0.51182
1.9 34.875 0.578613
1.9 37.125 0.619474
1.9 39.375 0.684299
1.9 41.625 0.71723
1.9 43.875 0.676653
2.1 1.125 0.19167
2.1 3.375 0.208896
2.1 5.625 0.214584
2.1 7.875 0.213686
2.1 10.125 0.242778
2.1 12.375 0.228831
2.1 14.625 0.242208
2.1 16.875 0.253725
2.1 19.125 0.254047
2.1 21.375 0.255892
2.1 23.625 0.255957
2.1 25.875 0.258166
2.1 28.125 0.284041
2.1 30.375 0.310957
2.1 32.625 0.324076
2.1 34.875 0.350896
2.1 37.125 0.368659
2.1 39.375 0.378008
2.1 41.625 0.428446
2.1 43.875 0.402457
2.3 1.125 0.136206
2.3 3.375 0.150233
2.3 5.625 0.15486
2.3 7.875 0.15945
2.3 10.125 0.157507
2.3 12.375 0.161694
2.3 14.625 0.16962
2.3 16.875 0.161465
2.3 19.125 0.173196
2.3 21.375 0.182321
2.3 23.625 0.176986
2.3 25.875 0.180309
2.3 28.125 0.1955
2.3 30.375 0.19884
2.3 32.625 0.218738
2.3 34.875 0.220757
2.3 37.125 0.242001
2.3 39.375 0.249092
2.3 41.625 0.243315
2.3 43.875 0.256836
2.5 1.125 0.111974
2.5 3.375 0.113883
2.5 5.625 0.114657
2.5 7.875 0.112802
2.5 10.125 0.116294
2.5 12.375 0.113938
2.5 14.625 0.112476
2.5 16.875 0.115227
2.5 19.125 0.113761
2.5 21.375 0.128206
2.5 23.625 0.126939
2.5 25.875 0.129985
2.5 28.125 0.142753
2.5 30.375 0.149018
2.5 32.625 0.15105
2.5 34.875 0.156235
2.5 37.125 0.167511
2.5 39.375 0.165081
2.5 41.625 0.166981
2.5 43.875 0.160815
2.7 1.125 0.0865662
2.7 3.375 0.0878784
2.7 5.625 0.0881179
2.7 7.875 0.0868388
2.7 10.125 0.0892265
2.7 12.375 0.0847593
2.7 14.625 0.0867027
2.7 16.875 0.0860929
2.7 19.125 0.0856237
2.7 21.375 0.0901303
2.7 23.625 0.0876977
2.7 25.875 0.102004
2.7 28.125 0.104575
2.7 30.375 0.104856
2.7 32.625 0.112168
2.7 34.875 0.115143
2.7 37.125 0.110332
2.7 39.375 0.114267
2.7 41.625 0.108749
2.7 43.875 0.111085
2.9 1.125 0.0661088
2.9 3.375 0.0697172
2.9 5.625 0.0684179
2.9 7.875 0.0672298
2.9 10.125 0.066904
2.9 12.375 0.0656384
2.9 14.625 0.0672621
2.9 16.875 0.0681747
2.9 19.125 0.0708812
2.9 21.375 0.0751851
2.9 23.625 0.0765629
2.9 25.875 0.0821772
2.9 28.125 0.0800161
2.9 30.375 0.0824682
2.9 32.625 0.0809434
2.9 34.875 0.0806777
2.9 37.125 0.0832132
2.9 39.375 0.0794815
2.9 41.625 0.0774946
2.9 43.875 0.0773934
3.1 1.125 0.0541373
3.1 3.375 0.0527662
3.1 5.625 0.0542583
3.1 7.875 0.0550079
3.1 10.125 0.0546199
3.1 12.375 0.0540925
3.1 14.625 0.055156
3.1 16.875 0.0544069
3.1 19.125 0.0556518
3.1 21.375 0.0558301
3.1 23.625 0.0591195
3.1 25.875 0.0609457
3.1 28.125 0.0640563
3.1 30.375 0.0668551
3.1 32.625 0.0651303
3.1 34.875 0.0623492
3.1 37.125 0.0783862
3.1 39.375 0.0643578
3.1 41.625 0.0621202
3.1 43.875 0.0629365
3.3 1.125 0.0421296
3.3 3.375 0.0442133
3.3 5.625 0.0452124
3.3 7.875 0.0445559
3.3 10.125 0.0445245
3.3 12.375 0.0437613
3.3 14.625 0.0460146
3.3 16.875 0.0423986
3.3 19.125 0.0456779
3.3 21.375 0.0460756
3.3 23.625 0.0476401
3.3 25.875 0.0502355
3.3 28.125 0.0523461
3.3 30.375 0.050482
3.3 32.625 0.0520925
3.3 34.875 0.0530383
3.3 37.125 0.0556322
3.3 39.375 0.0534235
3.3 41.625 0.0499454
3.3 43.875 0.050027
3.5 1.125 0.0396298
3.5 3.375 0.0363833
3.5 5.625 0.0345294
3.5 7.875 0.0341168
3.5 10.125 0.035604
3.5 12.375 0.0350083
3.5 14.625 0.0350147
3.5 16.875 0.0345652
3.5 19.125 0.0357518
3.5 21.375 0.0379309
3.5 23.625 0.0410576
3.5 25.875 0.0530201
3.5 28.125 0.0434195
3.5 30.375 0.0429762
3.5 32.625 0.042989
3.5 34.875 0.0430252
3.5 37.125 0.0431748
3.5 39.375 0.0429853
3.5 41.625 0.0428683
3.5 43.875 0.0409923
3.7 1.125 0.0316335
3.7 3.375 0.0425577
3.7 5.625 0.0314161
3.7 7.875 0.0315304
3.7 10.125 0.0323344
3.7 12.375 0.0300373
3.7 14.625 0.0306052
3.7 16.875 0.0313621
3.7 19.125 0.0310152
3.7 21.375 0.0320783
3.7 23.625 0.032614
3.7 25.875 0.0335117
3.7 28.125 0.0336429
3.7 30.375 0.0346161
3.7 32.625 0.035825
3.7 34.875 0.0355054
3.7 37.125 0.0333044
3.7 39.375 0.0347425
3.7 41.625 0.036164
3.7 43.875 0.0356336
3.9 1.125 0.029205
3.9 3.375 0.026866
3.9 5.625 0.0263655
3.9 7.875 0.0267575
3.9 10.125 0.0275267
3.9 12.375 0.0254926
3.9 14.625 0.0288918
3.9 16.875 0.0300687
3.9 19.125 0.028565
3.9 21.375 0.0297497
3.9 23.625 0.0279431
3.9 25.875 0.028625
3.9 28.125 0.0274506
3.9 30.375 0.0287658
3.9 32.625 0.0274527
3.9 34.875 0.0282724
3.9 37.125 0.0282808
3.9 39.375 0.027532
3.9 41.625 0.0298663
3.9 43.875 0.0292043
4.1 1.125 0.0233541
4.1 3.375 0.022771
4.1 5.625 0.0244833
4.1 7.875 0.0232401
4.1 10.125 0.0233483
4.1 12.375 0.0229657
4.1 14.625 0.0277424
4.1 16.875 0.0254856
4.1 19.125 0.0260712
4.1 21.375 0.0260107
4.1 23.625 0.025166
4.1 25.875 0.0244531
4.1 28.125 0.0249411
4.1 30.375 0.0239336
4.1 32.625 0.0251354
4.1 34.875 0.0231962
4.1 37.125 0.0227437
4.1 39.375 0.0238151
4.1 41.625 0.0227192
4.1 43.875 0.0247207
4.3 1.125 0.0195046
4.3 3.375 0.0198366
4.3 5.625 0.019418
4.3 7.875 0.0259066
4.3 10.125 0.0196732
4.3 12.375 0.0190327
4.3 14.625 0.0201445
4.3 16.875 0.0219692
4.3 19.125 0.0220822
4.3 21.375 0.0224816
4.3 23.625 0.0225813
4.3 25.875 0.0217231
4.3 28.125 0.0209148
4.3 30.375 0.0212868
4.3 32.625 0.0204239
4.3 34.875 0.02034
4.3 37.125 0.020612
4.3 39.375 0.0197644
4.3 41.625 0.0195864
4.3 43.875 0.0207415
4.5 1.125 0.0161058
4.5 3.375 0.0166215
4.5 5.625 0.0163142
4.5 7.875 0.0164491
4.5 10.125 0.016681
4.5 12.375 0.0165806
4.5 14.625 0.0175984
4.5 16.875 0.0189254
4.5 19.125 0.0188999
4.5 21.375 0.0186658
4.5 23.625 0.0181939
4.5 25.875 0.0191599
4.5 28.125 0.0179134
4.5 30.375 0.0186336
4.5 32.625 0.016816
4.5 34.875 0.0179213
4.5 37.125 0.0165781
4.5 39.375 0.0166175
4.5 41.625 0.0167606
4.5 43.875 0.0167844
4.7 1.125 0.0230593
4.7 3.375 0.0144794
4.7 5.625 0.0193417
4.7 7.875 0.014223
4.7 10.125 0.0142706
4.7 12.375 0.0153846
4.7 14.625 0.0154325
4.7 16.875 0.0166048
4.7 19.125 0.0156321
4.7 21.375 0.0151879
4.7 23.625 0.0165689
4.7 25.875 0.0155195
4.7 28.125 0.0147277
4.7 30.375 0.0158534
4.7 32.625 0.0155792
4.7 34.875 0.0154848
4.7 37.125 0.0141692
4.7 39.375 0.0144853
4.7 41.625 0.0133839
4.7 43.875 0.0130983
4.9 1.125 0.01294
4.9 3.375 0.0162775
4.9 5.625 0.0121937
4.9 7.875 0.0118206
4.9 10.125 0.0168412
4.9 12.375 0.0127855
4.9 14.625 0.0129574
4.9 16.875 0.0134068
4.9 19.125 0.0133994
4.9 21.375 0.0131272
4.9 23.625 0.0135177
4.9 25.875 0.0140036
4.9 28.125 0.0135448
4.9 30.375 0.0142122
4.9 32.625 0.0133002
4.9 34.875 0.0150558
4.9 37.125 0.0133625
4.9 39.375 0.0136394
4.9 41.625 0.0117766
4.9 43.875 0.011213
5.1 1.125 0.0138136
5.1 3.375 0.0103964
5.1 5.625 0.0105967
5.1 7.875 0.00989263
5.1 10.125 0.0100452
5.1 12.375 0.0105445
5.1 14.625 0.0111471
5.1 16.875 0.012184
5.1 19.125 0.0117368
5.1 21.375 0.0118017
5.1 23.625 0.0117505
5.1 25.875 0.0126756
5.1 28.125 0.0114731
5.1 30.375 0.0117783
5.1 32.625 0.0118772
5.1 34.875 0.0114964
5.1 37.125 0.0114458
5.1 39.375 0.0201739
5.1 41.625 0.0108445
5.1 43.875 0.0100936
5.3 1.125 0.00876119
5.3 3.375 0.00899006
5.3 5.625 0.00900638
5.3 7.875 0.009194
5.3 10.125 0.00984756
5.3 12.375 0.00953293
5.3 14.625 0.0102449
5.3 16.875 0.0107001
5.3 19.125 0.0101475
5.3 21.375 0.0176206
5.3 23.625 0.0102981
5.3 25.875 0.0128072
5.3 28.125 0.00945663
5.3 30.375 0.00977762
5.3 32.625 0.0103265
5.3 34.875 0.00990443
5.3 37.125 0.010382
5.3 39.375 0.00958256
5.3 41.625 0.00997861
5.3 43.875 0.00981786
5.5 1.125 0.00811336
5.5 3.375 0.00804098
5.5 5.625 0.00790448
5.5 7.875 0.00799722
5.5 10.125 0.00911139
5.5 12.375 0.00843752
5.5 14.625 0.0168125
5.5 16.875 0.00907637
5.5 19.125 0.00877966
5.5 21.375 0.00842113
5.5 23.625 0.00994525
5.5 25.875 0.0098405
5.5 28.125 0.0099451
5.5 30.375 0.00923532
5.5 32.625 0.00993593
5.5 34.875 0.00911944
5.5 37.125 0.0150975
5.5 39.375 0.00895549
5.5 41.625 0.00797675
5.5 43.875 0.00914393
5.7 1.125 0.00682263
5.7 3.375 0.006767
5.7 5.625 0.00686038
5.7 7.875 0.00661694
5.7 10.125 0.00692574
5.7 12.375 0.00704557
5.7 14.625 0.00766524
5.7 16.875 0.00792657
5.7 19.125 0.00754826
5.7 21.375 0.00800471
5.7 23.625 0.00807095
5.7 25.875 0.0146412
5.7 28.125 0.00822968
5.7 30.375 0.00794993
5.7 32.625 0.00722508
5.7 34.875 0.00765027
5.7 37.125 0.00742421
5.7 39.375 0.00780589
5.7 41.625 0.00820889
5.7 43.875 0.00792343
5.9 1.125 0.0238622
5.9 3.375 0.00602138
5.9 5.625 0.00609358
5.9 7.875 0.00623681
5.9 10.125 0.00626937
5.9 12.375 0.00651469
5.9 14.625 0.00717445
5.9 16.875 0.00809169
5.9 19.125 0.00706008
5.9 21.375 0.00720466
5.9 23.625 0.00671798
5.9 25.875 0.00723406
5.9 28.125 0.00725873
5.9 30.375 0.0131325
5.9 32.625 0.00650808
5.9 34.875 0.00687578
5.9 37.125 0.00669673
5.9 39.375 0.00725484
5.9 41.625 0.00727452
5.9 43.875 0.00734929
6.1 1.125 0.00778478
6.1 3.375 0.00622017
6.1 5.625 0.00608327
6.1 7.875 0.00571938
6.1 10.125 0.00580168
6.1 12.375 0.00783921
6.1 14.625 0.00595887
6.1 16.875 0.00634239
6.1 19.125 0.00668825
6.1 21.375 0.00648404
6.1 23.625 0.0061685
6.1 25.875 0.00616508
6.1 28.125 0.00624552
6.1 30.375 0.00612278
6.1 32.625 0.00596788
6.1 34.875 0.00600913
6.1 37.125 0.00613987
6.1 39.375 0.00609433
6.1 41.625 0.00638347
6.1 43.875 0.0064294
6.3 1.125 0.00642224
6.3 3.375 0.00546279
6.3 5.625 0.00538337
6.3 7.875 0.00534182
6.3 10.125 0.005834
6.3 12.375 0.0189241
6.3 14.625 0.00553459
6.3 16.875 0.00578909
6.3 19.125 0.0152772
6.3 21.375 0.00747286
6.3 23.625 0.00558361
6.3 25.875 0.00551426
6.3 28.125 0.00514121
6.3 30.375 0.00601353
6.3 32.625 0.00534331
6.3 34.875 0.00520648
6.3 37.125 0.00605768
6.3 39.375 0.00561816
6.3 41.625 0.00567843
6.3 43.875 0.00590901
6.5 1.125 0.00496978
6.5 3.375 0.00940155
6.5 5.625 0.00680247
6.5 7.875 0.00503075
6.5 10.125 0.0203573
6.5 12.375 0.0120746
6.5 14.625 0.00531192
6.5 16.875 0.00535996
6.5 19.125 0.0108002
6.5 21.375 0.00538882
6.5 23.625 0.00549308
6.5 25.875 0.00531001
6.5 28.125 0.00509297
6.5 30.375 0.00514119
6.5 32.625 0.0047866
6.5 34.875 0.00501687
6.5 37.125 0.00499165
6.5 39.375 0.00547592
6.5 41.625 0.00649646
6.5 43.875 0.00536972
6.7 1.125 0.00465389
6.7 3.375 0.00478765
6.7 5.625 0.00536652
6.7 7.875 0.00475345
6.7 10.125 0.00491252
6.7 12.375 0.00502155
6.7 14.625 0.0106856
6.7 16.875 0.00519163
6.7 19.125 0.0134695
6.7 21.375 0.00542504
6.7 23.625 0.00475419
6.7 25.875 0.00446013
6.7 28.125 0.00444807
6.7 30.375 0.00850296
6.7 32.625 0.0049716
6.7 34.875 0.00517959
6.7 37.125 0.00475781
6.7 39.375 0.00498793
6.7 41.625 0.00483877
6.7 43.875 0.00533323
6.9 1.125 0.00561532
6.9 3.375 0.00443234
6.9 5.625 0.00422268
6.9 7.875 0.00464151
6.9 10.125 0.00459485
6.9 12.375 0.00508365
6.9 14.625 0.00483172
6.9 16.875 0.00463212
6.9 19.125 0.00481083
6.9 21.375 0.00452448
6.9 23.625 0.00433949
6.9 25.875 0.00455915
6.9 28.125 0.0044672
6.9 30.375 0.00415895
6.9 32.625 0.0163854
6.9 34.875 0.00489183
6.9 37.125 0.00459612
6.9 39.375 0.00457876
6.9 41.625 0.00478188
6.9 43.875 0.0044961
7.1 1.125 0.0131869
7.1 3.375 0.00520516
7.1 5.625 0.00399597
7.1 7.875 0.0126913
7.1 10.125 0.0132691
7.1 12.375 0.00445399
7.1 14.625 0.0043382
7.1 16.875 0.0112855
7.1 19.125 0.00436972
7.1 21.375 0.00873094
7.1 23.625 0.00783126
7.1 25.875 0.00404128
7.1 28.125 0.00508655
7.1 30.375 0.00704297
7.1 32.625 0.00390131
7.1 34.875 0.00427166
7.1 37.125 0.00421573
7.1 39.375 0.00420773
7.1 41.625 0.00418457
7.1 43.875 0.00452655
7.3 1.125 0.00491147
7.3 3.375 0.00461663
7.3 5.625 0.00384112
7.3 7.875 0.0041364
7.3 10.125 0.00400946
7.3 12.375 0.0113364
7.3 14.625 0.00387999
7.3 16.875 0.00418959
7.3 19.125 0.00426344
7.3 21.375 0.00407687
7.3 23.625 0.00407968
7.3 25.875 0.0123083
7.3 28.125 0.00431806
7.3 30.375 0.00423379
7.3 32.625 0.00406343
7.3 34.875 0.00380544
7.3 37.125 0.00557105
7.3 39.375 0.00411284
7.3 41.625 0.00412057
7.3 43.875 0.00387589
7.5 1.125 0.0199803
7.5 3.375 0.00367767
7.5 5.625 0.00385129
7.5 7.875 0.00605388
7.5 10.125 0.00367279
7.5 12.375 0.00903156
7.5 14.625 0.00476305
7.5 16.875 0.0107231
7.5 19.125 0.0156119
7.5 21.375 0.00357497
7.5 23.625 0.00390234
7.5 25.875 0.0037929
7.5 28.125 0.00366096
7.5 30.375 0.00371572
7.5 32.625 0.0042409
7.5 34.875 0.00396021
7.5 37.125 0.0040738
7.5 39.375 0.0108584
7.5 41.625 0.00442313
7.5 43.875 0.00358343
7.7 1.125 0.0034687
7.7 3.375 0.0031884
7.7 5.625 0.00374861
7.7 7.875 0.00367004
7.7 10.125 0.00359802
7.7 12.375 0.00347437
7.7 14.625 0.00364621
7.7 16.875 0.00414611
7.7 19.125 0.0062676
7.7 21.375 0.00556171
7.7 23.625 0.00369246
7.7 25.875 0.00363993
7.7 28.125 0.00357463
7.7 30.375 0.0038213
7.7 32.625 0.00367666
7.7 34.875 0.00366232
7.7 37.125 0.0084675
7.7 39.375 0.00367888
7.7 41.625 0.00358627
7.7 43.875 0.00344745
7.9 1.125 0.00349795
7.9 3.375 0.00329572
7.9 5.625 0.00332111
7.9 7.875 0.00378156
7.9 10.125 0.00429034
7.9 12.375 0.00334915
7.9 14.625 0.00328324
7.9 16.875 0.00338307
7.9 19.125 0.00742837
7.9 21.375 0.0109076
7.9 23.625 0.00353198
7.9 25.875 0.00364952
7.9 28.125 0.00346224
7.9 30.375 0.00336514
7.9 32.625 0.0034471
7.9 34.875 0.0032292
7.9 37.125 0.00314155
7.9 39.375 0.00339447
7.9 41.625 0.00314566
7.9 43.875 0.00319147
8.1 1.125 0.00318073
8.1 3.375 0.00328121
8.1 5.625 0.0061623
8.1 7.875 0.00300299
8.1 10.125 0.00348192
8.1 12.375 0.00330388
8.1 14.625 0.00467976
8.1 16.875 0.00310921
8.1 19.125 0.00319767
8.1 21.375 0.00472806
8.1 23.625 0.00825195
8.1 25.875 0.00314129
8.1 28.125 0.00336378
8.1 30.375 0.00346515
8.1 32.625 0.00352494
8.1 34.875 0.00625837
8.1 37.125 0.00321163
8.1 39.375 0.00318325
8.1 41.625 0.0031769
8.1 43.875 0.0125721
8.3 1.125 0.00475147
8.3 3.375 0.00294538
8.3 5.625 0.00335065
8.3 7.875 0.00411383
8.3 10.125 0.00354143
8.3 12.375 0.00983697
8.3 14.625 0.00292809
8.3 16.875 0.00349474
8.3 19.125 0.00313878
8.3 21.375 0.00320101
8.3 23.625 0.00286676
8.3 25.875 0.00311273
8.3 28.125 0.00332796
8.3 30.375 0.00364129
8.3 32.625 0.00324568
8.3 34.875 0.0031366
8.3 37.125 0.00659149
8.3 39.375 0.00331367
8.3 41.625 0.0029261
8.3 43.875 0.00377687
8.5 1.125 0.00802088
8.5 3.375 0.00323311
8.5 5.625 0.00288114
8.5 7.875 0.00368916
8.5 10.125 0.00409379
8.5 12.375 0.00313465
8.5 14.625 0.00318923
8.5 16.875 0.00374279
8.5 19.125 0.00287676
8.5 21.375 0.00313124
8.5 23.625 0.00325217
8.5 25.875 0.00352739
8.5 28.125 0.00305757
8.5 30.375 0.00308458
8.5 32.625 0.00509437
8.5 34.875 0.00296924
8.5 37.125 0.00313616
8.5 39.375 0.00316021
8.5 41.625 0.00347374
8.5 43.875 0.0030355
8.7 1.125 0.00329207
8.7 3.375 0.00278608
8.7 5.625 0.0164198
8.7 7.875 0.00328227
8.7 10.125 0.00334699
8.7 12.375 0.00278007
8.7 14.625 0.0154761
8.7 16.875 0.0108936
8.7 19.125 0.00305551
8.7 21.375 0.00271607
8.7 23.625 0.00290692
8.7 25.875 0.00295834
8.7 28.125 0.00275768
8.7 30.375 0.00313706
8.7 32.625 0.00296627
8.7 34.875 0.00391212
8.7 37.125 0.0030745
8.7 39.375 0.00338774
8.7 41.625 0.00298229
8.7 43.875 0.00338446
8.9 1.125 0.00306351
8.9 3.375 0.00327718
8.9 5.625 0.00301918
8.9 7.875 0.00274237
8.9 10.125 0.00342003
8.9 12.375 0.00283129
8.9 14.625 0.017603
8.9 16.875 0.0163594
8.9 19.125 0.00527691
8.9 21.375 0.0028486
8.9 23.625 0.0133623
8.9 25.875 0.00329005
8.9 28.125 0.00279613
8.9 30.375 0.0029515
8.9 32.625 0.00318724
8.9 34.875 0.00347872
8.9 37.125 0.00290187
8.9 39.375 0.00275523
8.9 41.625 0.00268656
8.9 43.875 0.00246553
9.1 1.125 0.00273
9.1 3.375 0.00277013
9.1 5.625 0.00279456
9.1 7.875 0.0028301
9.1 10.125 0.00332856
9.1 12.375 0.00292863
9.1 14.625 0.00271629
9.1 16.875 0.00285739
9.1 19.125 0.00305081
9.1 21.375 0.00277462
9.1 23.625 0.0031524
9.1 25.875 0.00541908
9.1 28.125 0.00290734
9.1 30.375 0.0124743
9.1 32.625 0.00282758
9.1 34.875 0.0024845
9.1 37.125 0.00267123
9.1 39.375 0.00279998
9.1 41.625 0.00302706
9.1 43.875 0.00301234
9.3 1.125 0.0139337
9.3 3.375 0.00367929
9.3 5.625 0.00286167
9.3 7.875 0.00292953
9.3 10.125 0.00297648
9.3 12.375 0.00273293
9.3 14.625 0.00275407
9.3 16.875 0.0112753
9.3 19.125 0.00291705
9.3 21.375 0.00295245
9.3 23.625 0.00843939
9.3 25.875 0.00321577
9.3 28.125 0.0026911
9.3 30.375 0.00255141
9.3 32.625 0.00317295
9.3 34.875 0.00297657
9.3 37.125 0.00470784
9.3 39.375 0.00273432
9.3 41.625 0.00259813
9.3 43.875 0.00293541
9.5 1.125 0.00679382
9.5 3.375 0.00276818
9.5 5.625 0.0122144
9.5 7.875 0.00314674
9.5 10.125 0.00393915
9.5 12.375 0.00875981
9.5 14.625 0.00285436
9.5 16.875 0.00266947
9.5 19.125 0.00262154
9.5 21.375 0.00295579
9.5 23.625 0.00298764
9.5 25.875 0.00302958
9.5 28.125 0.00278306
9.5 30.375 0.00553331
9.5 32.625 0.00300386
9.5 34.875 0.00277436
9.5 37.125 0.00367556
9.5 39.375 0.00255824
9.5 41.625 0.00281871
9.5 43.875 0.00283861
9.7 1.125 0.00374608
9.7 3.375 0.00776183
9.7 5.625 0.00243543
9.7 7.875 0.00268572
9.7 10.125 0.0026099
9.7 12.375 0.0030165
9.7 14.625 0.00332147
9.7 16.875 0.00291093
9.7 19.125 0.00294119
9.7 21.375 0.00251568
9.7 23.625 0.00238922
9.7 25.875 0.00275668
9.7 28.125 0.0112391
9.7 30.375 0.0100998
9.7 32.625 0.00250063
9.7 34.875 0.00257503
9.7 37.125 0.00257241
9.7 39.375 0.00267938
9.7 41.625 0.0030809
9.7 43.875 0.00269915
9.9 1.125 0.00377812
9.9 3.375 0.0184169
9.9 5.625 0.0064416
9.9 7.875 0.00266239
9.9 10.125 0.0113386
9.9 12.375 0.0123823
9.9 14.625 0.0123353
9.9 16.875 0.00257891
9.9 19.125 0.00263192
9.9 21.375 0.00362802
9.9 23.625 0.00259468
9.9 25.875 0.00250666
9.9 28.125 0.00322077
9.9 30.375 0.00282672
9.9 32.625 0.00263531
9.9 34.875 0.00256587
9.9 37.125 0.00237757
9.9 39.375 0.00350554
9.9 41.625 0.00275341
9.9 43.875 0.00286589
10.1 1.125 0.00335064
10.1 3.375 0.00245086
10.1 5.625 0.00310093
10.1 7.875 0.00234353
10.1 10.125 0.00247711
10.1 12.375 0.00843922
10.1 14.625 0.00788578
10.1 16.875 0.0031878
10.1 19.125 0.00285452
10.1 21.375 0.00255451
10.1 23.625 0.00239172
10.1 25.875 0.00274986
10.1 28.125 0.00248655
10.1 30.375 0.00244735
10.1 32.625 0.00259827
10.1 34.875 0.00282513
10.1 37.125 0.0024034
10.1 39.375 0.00281719
10.1 41.625 0.00261067
10.1 43.875 0.00274656
10.3 1.125 0.00444317
10.3 3.375 0.0189929
10.3 5.625 0.00246283
10.3 7.875 0.00261795
10.3 10.125 0.00482059
10.3 12.375 0.00285212
10.3 14.625 0.00272313
10.3 16.875 0.00519824
10.3 19.125 0.0157829
10.3 21.375 0.0031285
10.3 23.625 0.00272167
10.3 25.875 0.002491
10.3 28.125 0.00242305
10.3 30.375 0.0049703
10.3 32.625 0.00269989
10.3 34.875 0.00489224
10.3 37.125 0.0502371
10.3 39.375 0.00238838
10.3 41.625 0.00266281
10.3 43.875 0.00232825
10.5 1.125 0.00253355
10.5 3.375 0.00352503
10.5 5.625 0.0239113
10.5 7.875 0.018346
10.5 10.125 0.00265125
10.5 12.375 0.00366185
10.5 14.625 0.00889056
10.5 16.875 0.0172737
10.5 19.125 0.0222454
10.5 21.375 0.0202439
10.5 23.625 0.0027847
10.5 25.875 0.00237438
10.5 28.125 0.00245318
10.5 30.375 0.00252499
10.5 32.625 0.00221834
10.5 34.875 0.00864963
10.5 37.125 0.00273373
10.5 39.375 0.00265311
10.5 41.625 0.00252927
10.5 43.875 0.00235993
10.7 1.125 0.00280767
10.7 3.375 0.00228961
10.7 5.625 0.00247916
10.7 7.875 0.00250102
10.7 10.125 0.00278508
10.7 12.375 0.00295169
10.7 14.625 0.00237206
10.7 16.875 0.0026418
10.7 19.125 0.0027364
10.7 21.375 0.00596257
10.7 23.625 0.00326413
10.7 25.875 0.00349049
10.7 28.125 0.00274058
10.7 30.375 0.00226166
10.7 32.625 0.00246865
10.7 34.875 0.00261261
10.7 37.125 0.00292474
10.7 39.375 0.00235653
10.7 41.625 0.0023549
10.7 43.875 0.002945
10.9 1.125 0.00418876
10.9 3.375 0.00228874
10.9 5.625 0.00719085
10.9 7.875 0.00363898
10.9 10.125 0.00241735
10.9 12.375 0.00245147
10.9 14.625 0.00704441
10.9 16.875 0.00609866
10.9 19.125 0.00230391
10.9 21.375 0.00234549
10.9 23.625 0.00235427
10.9 25.875 0.00274096
10.9 28.125 0.0028901
10.9 30.375 0.0035021
10.9 32.625 0.00440493
10.9 34.875 0.00229917
10.9 37.125 0.00228297
10.9 39.375 0.00227472
10.9 41.625 0.00275355
10.9 43.875 0.00257324
11.1 1.125 0.00327782
11.1 3.375 0.0326411
11.1 5.625 0.00395144
11.1 7.875 0.00283029
11.1 10.125 0.00290282
11.1 12.375 0.00365529
11.1 14.625 0.00421177
11.1 16.875 0.00256356
11.1 19.125 0.00211129
11.1 21.375 0.0241773
11.1 23.625 0.0023693
11.1 25.875 0.00412779
11.1 28.125 0.00249601
11.1 30.375 0.00290455
11.1 32.625 0.00237742
11.1 34.875 0.00246926
11.1 37.125 0.00270498
11.1 39.375 0.00274454
11.1 41.625 0.002222
11.1 43.875 0.00254051
11.3 1.125 0.0148445
11.3 3.375 0.00464423
11.3 5.625 0.00262878
11.3 7.875 0.00398345
11.3 10.125 0.00653491
11.3 12.375 0.00392732
11.3 14.625 0.00225274
11.3 16.875 0.00281151
11.3 19.125 0.0367846
11.3 21.375 0.00240148
11.3 23.625 0.00366823
11.3 25.875 0.00241316
11.3 28.125 0.00312632
11.3 30.375 0.00644134
11.3 32.625 0.00224164
11.3 34.875 0.00283134
11.3 37.125 0.0171574
11.3 39.375 0.00269601
11.3 41.625 0.00314323
11.3 43.875 0.00245806
11.5 1.125 0.00461614
11.5 3.375 0.00232445
11.5 5.625 0.00323819
11.5 7.875 0.00283098
11.5 10.125 0.00253262
11.5 12.375 0.0259372
11.5 14.625 0.0031387
11.5 16.875 0.00232088
11.5 19.125 0.0363914
11.5 21.375 0.00254385
11.5 23.625 0.00238789
11.5 25.875 0.0543145
11.5 28.125 0.0238695
11.5 30.375 0.00464091
11.5 32.625 0.00292193
11.5 34.875 0.00532601
11.5 37.125 0.00224181
11.5 39.375 0.00220666
11.5 41.625 0.00260103
11.5 43.875 0.00237445
11.7 1.125 0.00427752
11.7 3.375 0.00868078
11.7 5.625 0.00775602
11.7 7.875 0.0035745
11.7 10.125 0.00243958
11.7 12.375 0.00297177
11.7 14.625 0.00271342
11.7 16.875 0.00349472
11.7 19.125 0.0155304
11.7 21.375 0.00222731
11.7 23.625 0.00284354
11.7 25.875 0.00261447
11.7 28.125 0.00902541
11.7 30.375 0.00310309
11.7 32.625 0.00312287
11.7 34.875 0.00217181
11.7 37.125 0.00205846
11.7 39.375 0.00241505
11.7 41.625 0.00231722
11.7 43.875 0.00231317
11.9 1.125 0.00308727
11.9 3.375 0.0426866
11.9 5.625 0.00265928
11.9 7.875 0.0299398
11.9 10.125 0.00251862
11.9 12.375 0.0024512
11.9 14.625 0.0246211
11.9 16.875 0.0401265
11.9 19.125 0.00619279
11.9 21.375 0.00458619
11.9 23.625 0.00435064
11.9 25.875 0.00270748
11.9 28.125 0.00264096
11.9 30.375 0.0102839
11.9 32.625 0.0293695
11.9 34.875 0.00368198
11.9 37.125 0.00245042
11.9 39.375 0.00200883
11.9 41.625 0.00305873
11.9 43.875 0.00209781
12.1 1.125 0.0476957
12.1 3.375 0.0359133
12.1 5.625 0.00287571
12.1 7.875 0.0110968
12.1 10.125 0.00754633
12.1 12.375 0.00260486
12.1 14.625 0.0460421
12.1 16.875 0.00207347
12.1 19.125 0.00247755
12.1 21.375 0.00231473
12.1 23.625 0.0028548
12.1 25.875 0.00195819
12.1 28.125 0.00225393
12.1 30.375 0.0040436
12.1 32.625 0.00215458
12.1 34.875 0.00236376
12.1 37.125 0.00265492
12.1 39.375 0.0034675
12.1 41.625 0.00268953
12.1 43.875 0.00334456
12.3 1.125 0.0250355
12.3 3.375 0.0150642
12.3 5.625 0.00228444
12.3 7.875 0.0385233
12.3 10.125 0.0549304
12.3 12.375 0.00923377
12.3 14.625 0.0257346
12.3 16.875 0.00216495
12.3 19.125 0.0367349
12.3 21.375 0.00333109
12.3 23.625 0.00253821
12.3 25.875 0.0024001
12.3 28.125 0.00253611
12.3 30.375 0.0027254
12.3 32.625 0.00362585
12.3 34.875 0.00240968
12.3 37.125 0.00257709
12.3 39.375 0.00328945
12.3 41.625 0.002619
12.3 43.875 0.00214644
12.5 1.125 0.00322135
12.5 3.375 0.00240671
12.5 5.625 0.00223143
12.5 7.875 0.00277372
12.5 10.125 0.0070005
12.5 12.375 0.00683596
12.5 14.625 0.0023463
12.5 16.875 0.0388829
12.5 19.125 0.00292921
12.5 21.375 0.00279347
12.5 23.625 0.00225484
12.5 25.875 0.00222326
12.5 28.125 0.00253808
12.5 30.375 0.00307457
12.5 32.625 0.00234759
12.5 34.875 0.00267467
12.5 37.125 0.00317293
12.5 39.375 0.00210103
12.5 41.625 0.00238628
12.5 43.875 0.00224115
12.7 1.125 0.0114451
12.7 3.375 0.0428309
12.7 5.625 0.00545867
12.7 7.875 0.00237198
12.7 10.125 0.00614194
12.7 12.375 0.0696082
12.7 14.625 0.0525775
12.7 16.875 0.00214417
12.7 19.125 0.00723575
12.7 21.375 0.00244185
12.7 23.625 0.0121212
12.7 25.875 0.00242958
12.7 28.125 0.120673
12.7 30.375 0.00256109
12.7 32.625 0.00243444
12.7 34.875 0.00415414
12.7 37.125 0.024275
12.7 39.375 0.00283725
12.7 41.625 0.00213072
12.7 43.875 0.00244523
12.9 1.125 0.0168929
12.9 3.375 0.00243027
12.9 5.625 0.00253272
12.9 7.875 0.00240705
12.9 10.125 0.016165
12.9 12.375 0.04786
12.9 14.625 0.00221549
12.9 16.875 0.00324467
12.9 19.125 0.0475632
12.9 21.375 0.00466824
12.9 23.625 0.00415735
12.9 25.875 0.00346441
12.9 28.125 0.00218494
12.9 30.375 0.00205526
12.9 32.625 0.00220474
12.9 34.875 0.00255704
12.9 37.125 0.00556463
12.9 39.375 0.00258017
12.9 41.625 0.00266596
12.9 43.875 0.00961984
13.1 1.125 0.00293476
13.1 3.375 0.0304722
13.1 5.625 0.0147494
13.1 7.875 0.00320001
13.1 10.125 0.00332334
13.1 12.375 0.00219498
13.1 14.625 0.00555371
13.1 16.875 0.0299097
13.1 19.125 0.00312848
13.1 21.375 0.020205
13.1 23.625 0.0372276
13.1 25.875 0.00299976
13.1 28.125 0.0408413
13.1 30.375 0.00219527
13.1 32.625 0.0138765
13.1 34.875 0.00283673
13.1 37.125 0.00242972
13.1 39.375 0.00697285
13.1 41.625 0.0354993
13.1 43.875 0.00240887
13.3 1.125 0.00307193
13.3 3.375 0.00734171
13.3 5.625 0.00998589
13.3 7.875 0.00949796
13.3 10.125 0.00591351
13.3 12.375 0.0140753
13.3 14.625 0.00245754
13.3 16.875 0.0024249
13.3 19.125 0.00283767
13.3 21.375 0.00933213
13.3 23.625 0.00807187
13.3 25.875 0.00217055
13.3 28.125 0.00322437
13.3 30.375 0.00602064
13.3 32.625 0.00226365
13.3 34.875 0.00248899
13.3 37.125 0.00264116
13.3 39.375 0.00400284
13.3 41.625 0.00293381
13.3 43.875 0.00208769
13.5 1.125 0.00962285
13.5 3.375 0.00376411
13.5 5.625 0.0024367
13.5 7.875 0.00228936
13.5 10.125 0.0025252
13.5 12.375 0.0508656
13.5 14.625 0.00223446
13.5 16.875 0.00461817
13.5 19.125 0.00320508
13.5 21.375 0.0433823
13.5 23.625 0.049009
13.5 25.875 0.00333898
13.5 28.125 0.00667712
13.5 30.375 0.00210354
13.5 32.625 0.00196351
13.5 34.875 0.00207136
13.5 37.125 0.00160287
13.5 39.375 0.00221806
13.5 41.625 0.00349127
13.5 43.875 0.00296047
13.7 1.125 0.00370737
13.7 3.375 0.0544473
13.7 5.625 0.0102118
13.7 7.875 0.00375443
13.7 10.125 0.0599358
13.7 12.375 0.00541742
13.7 14.625 0.0153828
13.7 16.875 0.00224192
13.7 19.125 0.00253839
13.7 21.375 0.0110165
13.7 23.625 0.0134321
13.7 25.875 0.00226949
13.7 28.125 0.0125659
13.7 30.375 0.00232613
13.7 32.625 0.0289677
13.7 34.875 0.00241456
13.7 37.125 0.00311168
13.7 39.375 0.00413962
13.7 41.625 0.0025454
13.7 43.875 0.00261314
13.9 1.125 0.00239749
13.9 3.375 0.041358
13.9 5.625 0.00269228
13.9 7.875 0.043518
13.9 10.125 0.00982768
13.9 12.375 0.00438206
13.9 14.625 0.00166984
13.9 16.875 0.0029051
13.9 19.125 0.00227703
13.9 21.375 0.025065
13.9 23.625 0.00215769
13.9 25.875 0.0429198
13.9 28.125 0.00287383
13.9 30.375 0.00238916
13.9 32.625 0.00219633
13.9 34.875 0.00286739
13.9 37.125 0.0222363
13.9 39.375 0.00218875
13.9 41.625 0.0022215
13.9 43.875 0.00277401
