0.3 1.125 3.83184
0.3 3.375 4.02489
0.3 5.625 4.14144
0.3 7.875 4.03418
0.3 10.125 4.14451
0.3 12.375 4.09599
0.3 14.625 4.12955
0.3 16.875 4.14322
0.3 19.125 4.07382
0.3 21.375 4.12561
0.3 23.625 4.11347
0.3 25.875 4.11944
0.3 30.375 4.10153
0.3 32.625 4.13716
0.3 34.875 4.07964
0.3 37.125 4.06673
0.3 39.375 4.14712
0.3 41.625 4.0788
0.3 43.875 4.11545
0.5 1.125 3.62575
0.5 3.375 4.00511
0.5 5.625 3.80497
0.5 7.875 4.00773
0.5 10.125 4.02897
0.5 12.375 4.02724
0.5 14.625 4.03965
0.5 16.875 4.05542
0.5 19.125 4.01684
0.5 21.375 4.04064
0.5 23.625 4.00021
0.5 25.875 4.02702
0.5 28.125 4.05483
0.5 30.375 4.0546
0.5 32.625 3.93859
0.5 34.875 4.05825
0.5 37.125 4.01388
0.5 39.375 4.04507
0.5 41.625 4.04444
0.5 43.875 3.84455
0.7 1.125 3.55915
0.7 3.375 3.86839
0.7 5.625 3.90065
0.7 7.875 3.87049
0.7 10.125 3.83879
0.7 12.375 3.80007
0.7 14.625 3.82156
0.7 16.875 3.8387
0.7 19.125 3.84448
0.7 21.375 3.87793
0.7 23.625 3.79867
0.7 25.875 3.88876
0.7 28.125 3.86797
0.7 30.375 3.87017
0.7 32.625 3.90028
0.7 34.875 3.88329
0.7 37.125 3.90765
0.7 39.375 3.88872
0.7 41.625 3.84045
0.7 43.875 3.87419
0.9 1.125 3.48113
0.9 3.375 3.5405
0.9 5.625 3.45739
0.9 7.875 3.41322
0.9 10.125 3.53418
0.9 12.375 3.53221
0.9 14.625 3.57297
0.9 16.875 3.55615
0.9 19.125 3.52915
0.9 21.375 3.54642
0.9 23.625 3.60061
0.9 25.875 3.64068
0.9 28.125 3.601
0.9 30.375 3.62331
0.9 32.625 3.72081
0.9 34.875 3.67968
0.9 37.125 3.72316
0.9 39.375 3.67351
0.9 41.625 3.68892
0.9 43.875 3.7284
1.1 1.125 2.67478
1.1 3.375 2.65383
1.1 5.625 2.70248
1.1 7.875 2.74438
1.1 10.125 2.81395
1.1 12.375 2.89671
1.1 14.625 2.91251
1.1 16.875 2.82727
1.1 19.125 2.8104
1.1 21.375 2.99216
1.1 23.625 3.09138
1.1 25.875 3.14312
1.1 28.125 3.22168
1.1 30.375 3.26279
1.1 32.625 3.22798
1.1 34.875 3.234
1.1 37.125 3.26487
1.1 39.375 3.46694
1.1 41.625 3.37625
1.1 43.875 3.3836
1.3 1.125 1.67175
1.3 3.375 1.78488
1.3 5.625 1.88491
1.3 7.875 1.79575
1.3 10.125 1.81148
1.3 12.375 1.71083
1.3 14.625 1.90442
1.3 16.875 2.02751
1.3 19.125 2.1151
1.3 21.375 2.07427
1.3 23.625 2.16396
1.3 25.875 2.36175
1.3 28.125 2.277
1.3 30.375 2.42036
1.3 32.625 2.44618
1.3 34.875 2.68394
1.3 37.125 2.75633
1.3 39.375 2.8721
1.3 41.625 2.80032
1.3 43.875 2.73176
1.5 1.125 0.849603
1.5 3.375 0.91255
1.5 5.625 0.867359
1.5 7.875 0.894664
1.5 10.125 0.908352
1.5 12.375 0.896055
1.5 14.625 1.00391
1.5 16.875 1.05185
1.5 19.125 1.04889
1.5 21.375 1.1364
1.5 23.625 1.25414
1.5 25.875 1.41368
1.5 28.125 1.45618
1.5 30.375 1.4352
1.5 32.625 1.57012
1.5 34.875 1.81423
1.5 37.125 1.74216
1.5 39.375 1.88294
1.5 41.625 2.03371
1.5 43.875 1.98351
1.7 1.125 0.45521
1.7 3.375 0.486348
1.7 5.625 0.510601
1.7 7.875 0.544505
1.7 10.125 0.550377
1.7 12.375 0.545338
1.7 14.625 0.550753
1.7 16.875 0.573482
1.7 19.125 0.576014
1.7 21.375 0.610194
1.7 23.625 0.603725
1.7 25.875 0.711869
1.7 28.125 0.744099
1.7 30.375 0.780235
1.7 32.625 0.840544
1.7 34.875 0.94232
1.7 37.125 1.00443
1.7 39.375 1.17441
1.7 41.625 1.13696
1.7 43.875 1.16537
1.9 1.125 0.30291
1.9 3.375 0.283792
1.9 5.625 0.28924
1.9 7.875 0.305563
1.9 10.125 0.333079
1.9 12.375 0.335551
1.9 14.625 0.348937
1.9 16.875 0.332918
1.9 19.125 0.348486
1.9 21.375 0.361617
1.9 23.625 0.373875
1.9 25.875 0.361261
1.9 28.125 0.395317
1.9 30.375 0.429682
1.9 32.625 0.48141
1.9 34.875 0.512452
1.9 37.125 0.549027
1.9 39.375 0.561956
1.9 41.625 0.612316
1.9 43.875 0.610627
2.1 1.125 0.184921
2.1 3.375 0.200472
2.1 5.625 0.196406
2.1 7.875 0.201346
2.1 10.125 0.208529
2.1 12.375 0.205208
2.1 14.625 0.214621
2.1 16.875 0.229186
2.1 19.125 0.222931
2.1 21.375 0.214914
2.1 23.625 0.234115
2.1 25.875 0.238337
2.1 28.125 0.248666
2.1 30.375 0.269414
2.1 32.625 0.297911
2.1 34.875 0.311314
2.1 37.125 0.317686
2.1 39.375 0.359214
2.1 41.625 0.357386
2.1 43.875 0.369336
2.3 1.125 0.151184
2.3 3.375 0.151222
2.3 5.625 0.150159
2.3 7.875 0.140189
2.3 10.125 0.140835
2.3 12.375 0.143153
2.3 14.625 0.149004
2.3 16.875 0.157188
2.3 19.125 0.147063
2.3 21.375 0.160432
2.3 23.625 0.159381
2.3 25.875 0.17057
2.3 28.125 0.173698
2.3 30.375 0.17561
2.3 32.625 0.194346
2.3 34.875 0.20942
2.3 37.125 0.214488
2.3 39.375 0.215585
2.3 41.625 0.226999
2.3 43.875 0.215622
2.5 1.125 0.108278
2.5 3.375 0.116447
2.5 5.625 0.11577
2.5 7.875 0.113199
2.5 10.125 0.141641
2.5 12.375 0.102841
2.5 14.625 0.109866
2.5 16.875 0.105091
2.5 19.125 0.103271
2.5 21.375 0.108015
2.5 23.625 0.118959
2.5 25.875 0.115102
2.5 28.125 0.135562
2.5 30.375 0.138933
2.5 32.625 0.144217
2.5 34.875 0.142304
2.5 37.125 0.145546
2.5 39.375 0.145266
2.5 41.625 0.141172
2.5 43.875 0.150276
2.7 1.125 0.0849068
2.7 3.375 0.0788398
2.7 5.625 0.0831284
2.7 7.875 0.0829424
2.7 10.125 0.08415
2.7 12.375 0.0810146
2.7 14.625 0.0793452
2.7 16.875 0.0728287
2.7 19.125 0.0784515
2.7 21.375 0.0808069
2.7 23.625 0.087348
2.7 25.875 0.0885317
2.7 28.125 0.0936434
2.7 30.375 0.0958719
2.7 32.625 0.0970581
2.7 34.875 0.102312
2.7 37.125 0.103884
2.7 39.375 0.100424
2.7 41.625 0.100122
2.7 43.875 0.0985541
2.9 1.125 0.0635578
2.9 3.375 0.0645854
2.9 5.625 0.0637754
2.9 7.875 0.0624242
2.9 10.125 0.0622893
2.9 12.375 0.0633917
2.9 14.625 0.061032
2.9 16.875 0.0639019
2.9 19.125 0.0657335
2.9 21.375 0.0623368
2.9 23.625 0.069116
2.9 25.875 0.0718453
2.9 28.125 0.0731276
2.9 30.375 0.07883
2.9 32.625 0.0724351
2.9 34.875 0.0770278
2.9 37.125 0.0777006
2.9 39.375 0.068713
2.9 41.625 0.0757275
2.9 43.875 0.0693643
3.1 1.125 0.0513669
3.1 3.375 0.0519557
3.1 5.625 0.0516513
3.1 7.875 0.0484885
3.1 10.125 0.0502757
3.1 12.375 0.0506276
3.1 14.625 0.0523289
3.1 16.875 0.0499173
3.1 19.125 0.0527965
3.1 21.375 0.0505252
3.1 23.625 0.0575857
3.1 25.875 0.0602279
3.1 28.125 0.0584028
3.1 30.375 0.0597352
3.1 32.625 0.060166
3.1 34.875 0.0645033
3.1 37.125 0.0581208
3.1 39.375 0.0597661
3.1 41.625 0.0560621
3.1 43.875 0.0552325
3.3 1.125 0.0411677
3.3 3.375 0.0444131
3.3 5.625 0.0421031
3.3 7.875 0.041954
3.3 10.125 0.0408476
3.3 12.375 0.0412706
3.3 14.625 0.0369779
3.3 16.875 0.0425593
3.3 19.125 0.0443749
3.3 21.375 0.0421383
3.3 23.625 0.0448829
3.3 25.875 0.0481672
3.3 28.125 0.048012
3.3 30.375 0.047696
3.3 32.625 0.0485745
3.3 34.875 0.0468081
3.3 37.125 0.0484168
3.3 39.375 0.04844
3.3 41.625 0.0490716
3.3 43.875 0.0483777
3.5 1.125 0.0321538
3.5 3.375 0.0333164
3.5 5.625 0.0311143
3.5 7.875 0.0329836
3.5 10.125 0.0303214
3.5 12.375 0.0300259
3.5 14.625 0.0338189
3.5 16.875 0.0315278
3.5 19.125 0.0333229
3.5 21.375 0.036611
3.5 23.625 0.0394728
3.5 25.875 0.0378387
3.5 28.125 0.0393155
3.5 30.375 0.0397413
3.5 32.625 0.0389025
3.5 34.875 0.0399635
3.5 37.125 0.0410693
3.5 39.375 0.0377441
3.5 41.625 0.0416969
3.5 43.875 0.0371862
3.7 1.125 0.0282963
3.7 3.375 0.0282272
3.7 5.625 0.0272756
3.7 7.875 0.0299236
3.7 10.125 0.028634
3.7 12.375 0.0292664
3.7 14.625 0.0259513
3.7 16.875 0.0278667
3.7 19.125 0.0329391
3.7 21.375 0.0332966
3.7 23.625 0.0303062
3.7 25.875 0.0291434
3.7 28.125 0.0311848
3.7 30.375 0.033111
3.7 32.625 0.0326391
3.7 34.875 0.034594
3.7 37.125 0.0321492
3.7 39.375 0.0353643
3.7 41.625 0.0347122
3.7 43.875 0.0316689
3.9 1.125 0.0262829
3.9 3.375 0.025191
3.9 5.625 0.0277674
3.9 7.875 0.0241265
3.9 10.125 0.0257953
3.9 12.375 0.025391
3.9 14.625 0.0239391
3.9 16.875 0.0247632
3.9 19.125 0.025353
3.9 21.375 0.0261915
3.9 23.625 0.0262536
3.9 25.875 0.0288011
3.9 28.125 0.025364
3.9 30.375 0.025551
3.9 32.625 0.0261753
3.9 34.875 0.028459
3.9 37.125 0.0268858
3.9 39.375 0.0284287
3.9 41.625 0.0271914
3.9 43.875 0.0298124
4.1 1.125 0.0202823
4.1 3.375 0.0213905
4.1 5.625 0.0218059
4.1 7.875 0.0224408
4.1 10.125 0.0206076
4.1 12.375 0.0217795
4.1 14.625 0.023825
4.1 16.875 0.0228597
4.1 19.125 0.0235425
4.1 21.375 0.0252624
4.1 23.625 0.0240063
4.1 25.875 0.0239038
4.1 28.125 0.0225392
4.1 30.375 0.0222967
4.1 32.625 0.022444
4.1 34.875 0.0215402
4.1 37.125 0.0221376
4.1 39.375 0.0229644
4.1 41.625 0.0232813
4.1 43.875 0.0237269
4.3 1.125 0.0173765
4.3 3.375 0.0178197
4.3 5.625 0.0179177
4.3 7.875 0.0177879
4.3 10.125 0.0187597
4.3 12.375 0.0202175
4.3 14.625 0.0185295
4.3 16.875 0.0182957
4.3 19.125 0.0205624
4.3 21.375 0.0196489
4.3 23.625 0.019634
4.3 25.875 0.0200473
4.3 28.125 0.0209413
4.3 30.375 0.0195535
4.3 32.625 0.0212546
4.3 34.875 0.0171811
4.3 37.125 0.0213146
4.3 39.375 0.0199192
4.3 41.625 0.0188748
4.3 43.875 0.0215652
4.5 1.125 0.0157636
4.5 3.375 0.0153622
4.5 5.625 0.0173189
4.5 7.875 0.0160086
4.5 10.125 0.015557
4.5 12.375 0.0152958
4.5 14.625 0.0177352
4.5 16.875 0.0171079
4.5 19.125 0.0179063
4.5 21.375 0.0170525
4.5 23.625 0.0164981
4.5 25.875 0.019182
4.5 28.125 0.0176558
4.5 30.375 0.0171654
4.5 32.625 0.017362
4.5 34.875 0.0179819
4.5 37.125 0.0176114
4.5 39.375 0.0160655
4.5 41.625 0.0159589
4.5 43.875 0.0168397
4.7 1.125 0.0142197
4.7 3.375 0.0127581
4.7 5.625 0.0147429
4.7 7.875 0.0142854
4.7 10.125 0.0139342
4.7 12.375 0.015042
4.7 14.625 0.0148661
4.7 16.875 0.0143569
4.7 19.125 0.0149144
4.7 21.375 0.0149466
4.7 23.625 0.0155112
4.7 25.875 0.0140299
4.7 28.125 0.0139946
4.7 30.375 0.0143386
4.7 32.625 0.0155681
4.7 34.875 0.0149729
4.7 37.125 0.0144347
4.7 39.375 0.0148715
4.7 41.625 0.0145989
4.7 43.875 0.0118599
4.9 1.125 0.0132082
4.9 3.375 0.01281
4.9 5.625 0.0140195
4.9 7.875 0.0124934
4.9 10.125 0.0125827
4.9 12.375 0.0117798
4.9 14.625 0.0125509
4.9 16.875 0.0129399
4.9 19.125 0.0131201
4.9 21.375 0.0136457
4.9 23.625 0.0140448
4.9 25.875 0.0131022
4.9 28.125 0.0127189
4.9 30.375 0.0136342
4.9 32.625 0.0148297
4.9 34.875 0.0129147
4.9 37.125 0.0123174
4.9 39.375 0.0136666
4.9 41.625 0.0124127
4.9 43.875 0.0125238
5.1 1.125 0.0111777
5.1 3.375 0.011825
5.1 5.625 0.0114379
5.1 7.875 0.0108805
5.1 10.125 0.0109009
5.1 12.375 0.0113494
5.1 14.625 0.0119526
5.1 16.875 0.0116454
5.1 19.125 0.0129259
5.1 21.375 0.0124632
5.1 23.625 0.0121355
5.1 25.875 0.012725
5.1 28.125 0.0112109
5.1 30.375 0.0134856
5.1 32.625 0.0124393
5.1 34.875 0.011707
5.1 37.125 0.0111839
5.1 39.375 0.01177
5.1 41.625 0.0110163
5.1 43.875 0.0111666
5.3 1.125 0.0104593
5.3 3.375 0.0105171
5.3 5.625 0.010118
5.3 7.875 0.0105326
5.3 10.125 0.00978343
5.3 12.375 0.0100036
5.3 14.625 0.0113922
5.3 16.875 0.0115924
5.3 19.125 0.0103061
5.3 21.375 0.010973
5.3 23.625 0.0110094
5.3 25.875 0.0111441
5.3 28.125 0.012119
5.3 30.375 0.0112621
5.3 32.625 0.0103444
5.3 34.875 0.0109404
5.3 37.125 0.0109398
5.3 39.375 0.010184
5.3 41.625 0.010966
5.3 43.875 0.0118106
5.5 1.125 0.0092593
5.5 3.375 0.00922257
5.5 5.625 0.00870707
5.5 7.875 0.00951423
5.5 10.125 0.00977847
5.5 12.375 0.00941835
5.5 14.625 0.00967293
5.5 16.875 0.0106883
5.5 19.125 0.0100418
5.5 21.375 0.00961678
5.5 23.625 0.0103366
5.5 25.875 0.0102078
5.5 28.125 0.0101648
5.5 30.375 0.0109582
5.5 32.625 0.00940703
5.5 34.875 0.00975238
5.5 37.125 0.00897158
5.5 39.375 0.00929159
5.5 41.625 0.0106629
5.5 43.875 0.0110773
5.7 1.125 0.008911
5.7 3.375 0.00830366
5.7 5.625 0.0087988
5.7 7.875 0.00877129
5.7 10.125 0.00854349
5.7 12.375 0.00873065
5.7 14.625 0.00901957
5.7 16.875 0.00954074
5.7 19.125 0.00940033
5.7 21.375 0.00945029
5.7 23.625 0.00926754
5.7 25.875 0.00879249
5.7 28.125 0.00825778
5.7 30.375 0.0100988
5.7 32.625 0.00953483
5.7 34.875 0.00886672
5.7 37.125 0.0086698
5.7 39.375 0.0103496
5.7 41.625 0.0094269
5.7 43.875 0.0095406
5.9 1.125 0.00807428
5.9 3.375 0.00791257
5.9 5.625 0.0073511
5.9 7.875 0.00842016
5.9 10.125 0.00791565
5.9 12.375 0.00855975
5.9 14.625 0.00734699
5.9 16.875 0.00847039
5.9 19.125 0.00806217
5.9 21.375 0.00862206
5.9 23.625 0.00869061
5.9 25.875 0.00852398
5.9 28.125 0.00867654
5.9 30.375 0.00898796
5.9 32.625 0.00820437
5.9 34.875 0.00858347
5.9 37.125 0.00938339
5.9 39.375 0.00800812
5.9 41.625 0.00888808
5.9 43.875 0.00945504
6.1 1.125 0.00748924
6.1 3.375 0.00788721
6.1 5.625 0.00776474
6.1 7.875 0.00743449
6.1 10.125 0.00700019
6.1 12.375 0.00830926
6.1 14.625 0.00797604
6.1 16.875 0.00737552
6.1 19.125 0.00865034
6.1 21.375 0.00763608
6.1 23.625 0.00773503
6.1 25.875 0.00792841
6.1 28.125 0.0081237
6.1 30.375 0.00795274
6.1 32.625 0.00772077
6.1 34.875 0.00946322
6.1 37.125 0.0076827
6.1 39.375 0.00904456
6.1 41.625 0.00771219
6.1 43.875 0.00717662
6.3 1.125 0.00781892
6.3 3.375 0.00718119
6.3 5.625 0.00692023
6.3 7.875 0.00767841
6.3 10.125 0.00694142
6.3 12.375 0.0075834
6.3 14.625 0.00780067
6.3 16.875 0.00829351
6.3 19.125 0.00758619
6.3 21.375 0.00771411
6.3 23.625 0.00757751
6.3 25.875 0.00801856
6.3 28.125 0.00674807
6.3 30.375 0.00816769
6.3 32.625 0.00829207
6.3 34.875 0.00760916
6.3 37.125 0.0072569
6.3 39.375 0.00742828
6.3 41.625 0.00735681
6.3 43.875 0.00742773
6.5 1.125 0.00707725
6.5 3.375 0.00723072
6.5 5.625 0.00690812
6.5 7.875 0.00684532
6.5 10.125 0.00767374
6.5 12.375 0.00935016
6.5 14.625 0.00656134
6.5 16.875 0.00734653
6.5 19.125 0.00712117
6.5 21.375 0.00723668
6.5 23.625 0.00651858
6.5 25.875 0.00701037
6.5 28.125 0.00750548
6.5 30.375 0.0071278
6.5 32.625 0.00718038
6.5 34.875 0.00679977
6.5 37.125 0.00667244
6.5 39.375 0.00697305
6.5 41.625 0.00736347
6.5 43.875 0.00786215
6.7 1.125 0.00692624
6.7 3.375 0.00647953
6.7 5.625 0.00693552
6.7 7.875 0.00665126
6.7 10.125 0.00604888
6.7 12.375 0.00750951
6.7 14.625 0.00649346
6.7 16.875 0.00666197
6.7 19.125 0.00688413
6.7 21.375 0.0076697
6.7 23.625 0.00715174
6.7 25.875 0.00704635
6.7 28.125 0.00708387
6.7 30.375 0.00667991
6.7 32.625 0.00663798
6.7 34.875 0.00760471
6.7 37.125 0.00666581
6.7 39.375 0.00640715
6.7 41.625 0.00743242
6.7 43.875 0.00695918
6.9 1.125 0.00686174
6.9 3.375 0.00668178
6.9 5.625 0.00758456
6.9 7.875 0.0065825
6.9 10.125 0.00663572
6.9 12.375 0.00708833
6.9 14.625 0.00717616
6.9 16.875 0.00672461
6.9 19.125 0.00666374
6.9 21.375 0.00643262
6.9 23.625 0.00717582
6.9 25.875 0.0064893
6.9 28.125 0.00807723
6.9 30.375 0.0067892
6.9 32.625 0.00674523
6.9 34.875 0.00664161
6.9 37.125 0.00619686
6.9 39.375 0.00586777
6.9 41.625 0.00652372
6.9 43.875 0.00669366
7.1 1.125 0.0105001
7.1 3.375 0.0067286
7.1 5.625 0.0112309
7.1 7.875 0.00638896
7.1 10.125 0.00617472
7.1 12.375 0.00601647
7.1 14.625 0.00673588
7.1 16.875 0.0061795
7.1 19.125 0.00665606
7.1 21.375 0.00703352
7.1 23.625 0.00658638
7.1 25.875 0.00661278
7.1 28.125 0.00611827
7.1 30.375 0.00662404
7.1 32.625 0.00709727
7.1 34.875 0.0069218
7.1 37.125 0.00669455
7.1 39.375 0.0070583
7.1 41.625 0.00724576
7.1 43.875 0.00667164
7.3 1.125 0.00630088
7.3 3.375 0.00655986
7.3 5.625 0.00530643
7.3 7.875 0.00610314
7.3 10.125 0.00613544
7.3 12.375 0.00645293
7.3 14.625 0.00605925
7.3 16.875 0.00607538
7.3 19.125 0.0064883
7.3 21.375 0.00664509
7.3 23.625 0.00630208
7.3 25.875 0.00610753
7.3 28.125 0.00589297
7.3 30.375 0.00691144
7.3 32.625 0.00547963
7.3 34.875 0.00567531
7.3 37.125 0.00587194
7.3 39.375 0.00633719
7.3 41.625 0.00660146
7.3 43.875 0.00645133
7.5 1.125 0.00622528
7.5 3.375 0.00569211
7.5 5.625 0.00574652
7.5 7.875 0.00598081
7.5 10.125 0.00545261
7.5 12.375 0.00590057
7.5 14.625 0.00568114
7.5 16.875 0.00652114
7.5 19.125 0.0136759
7.5 21.375 0.00596016
7.5 23.625 0.00645492
7.5 25.875 0.00556603
7.5 28.125 0.00603975
7.5 30.375 0.00665109
7.5 32.625 0.00596283
7.5 34.875 0.00620148
7.5 37.125 0.00661558
7.5 39.375 0.00703741
7.5 41.625 0.00665994
7.5 43.875 0.00649671
7.7 1.125 0.00676246
7.7 3.375 0.00647863
7.7 5.625 0.00584023
7.7 7.875 0.00584826
7.7 10.125 0.0061952
7.7 12.375 0.00587254
7.7 14.625 0.00564366
7.7 16.875 0.00596148
7.7 19.125 0.00538729
7.7 21.375 0.00534038
7.7 23.625 0.00803671
7.7 25.875 0.00625661
7.7 28.125 0.00625859
7.7 30.375 0.00610194
7.7 32.625 0.00675752
7.7 34.875 0.00597132
7.7 37.125 0.00546816
7.7 39.375 0.00543388
7.7 41.625 0.00626341
7.7 43.875 0.00578121
7.9 1.125 0.00560181
7.9 3.375 0.00521412
7.9 5.625 0.00528937
7.9 7.875 0.00574059
7.9 10.125 0.00606471
7.9 12.375 0.00607032
7.9 14.625 0.00665113
7.9 16.875 0.00572758
7.9 19.125 0.00655436
7.9 21.375 0.00570687
7.9 23.625 0.00606662
7.9 25.875 0.00576061
7.9 28.125 0.00641264
7.9 30.375 0.00593559
7.9 32.625 0.00551257
7.9 34.875 0.00589329
7.9 37.125 0.00587239
7.9 39.375 0.00633276
7.9 41.625 0.00555892
7.9 43.875 0.00556198
8.1 1.125 0.00623986
8.1 3.375 0.00600811
8.1 5.625 0.00515045
8.1 7.875 0.00537201
8.1 10.125 0.00575696
8.1 12.375 0.00570268
8.1 14.625 0.00507633
8.1 16.875 0.00585581
8.1 19.125 0.00536429
8.1 21.375 0.0051353
8.1 23.625 0.00577417
8.1 25.875 0.00677847
8.1 28.125 0.00536849
8.1 30.375 0.00507979
8.1 32.625 0.00546103
8.1 34.875 0.00676789
8.1 37.125 0.00606905
8.1 39.375 0.00583396
8.1 41.625 0.00520787
8.1 43.875 0.00548137
8.3 1.125 0.00531306
8.3 3.375 0.00547837
8.3 5.625 0.0062655
8.3 7.875 0.00572953
8.3 10.125 0.00576108
8.3 12.375 0.0053756
8.3 14.625 0.00660121
8.3 16.875 0.00611413
8.3 19.125 0.00601129
8.3 21.375 0.00601442
8.3 23.625 0.00588667
8.3 25.875 0.00561689
8.3 28.125 0.00548375
8.3 30.375 0.00571417
8.3 32.625 0.00580838
8.3 34.875 0.00583144
8.3 37.125 0.00655223
8.3 39.375 0.00572445
8.3 41.625 0.00628957
8.3 43.875 0.00599644
8.5 1.125 0.00560412
8.5 3.375 0.00607459
8.5 5.625 0.00469047
8.5 7.875 0.00663326
8.5 10.125 0.00629282
8.5 12.375 0.00600617
8.5 14.625 0.00551691
8.5 16.875 0.00503055
8.5 19.125 0.00566518
8.5 21.375 0.00540483
8.5 23.625 0.00564587
8.5 25.875 0.00585088
8.5 28.125 0.00638243
8.5 30.375 0.0053927
8.5 32.625 0.00480045
8.5 34.875 0.00560874
8.5 37.125 0.00500885
8.5 39.375 0.00469959
8.5 41.625 0.0058499
8.5 43.875 0.0178071
8.7 1.125 0.00479877
8.7 3.375 0.0067813
8.7 5.625 0.00563861
8.7 7.875 0.00630058
8.7 10.125 0.00520069
8.7 12.375 0.00544222
8.7 14.625 0.00527291
8.7 16.875 0.00496936
8.7 19.125 0.00458483
8.7 21.375 0.005886
8.7 23.625 0.00500738
8.7 25.875 0.00640511
8.7 28.125 0.00505119
8.7 30.375 0.00635459
8.7 32.625 0.00541275
8.7 34.875 0.00645825
8.7 37.125 0.00527844
8.7 39.375 0.00613872
8.7 41.625 0.00515541
8.7 43.875 0.00557456
8.9 1.125 0.00557922
8.9 3.375 0.00641947
8.9 5.625 0.00541611
8.9 7.875 0.00554723
8.9 10.125 0.00533206
8.9 12.375 0.00503444
8.9 14.625 0.00551126
8.9 16.875 0.00501993
8.9 19.125 0.00611501
8.9 21.375 0.00405454
8.9 23.625 0.00529637
8.9 25.875 0.00553364
8.9 28.125 0.00534531
8.9 30.375 0.00499575
8.9 32.625 0.00480449
8.9 34.875 0.00594734
8.9 37.125 0.00593974
8.9 39.375 0.00611555
8.9 41.625 0.00496558
8.9 43.875 0.00465488
9.1 1.125 0.00494463
9.1 3.375 0.00521536
9.1 5.625 0.00604606
9.1 7.875 0.00562931
9.1 10.125 0.00589801
9.1 12.375 0.00541536
9.1 14.625 0.00525314
9.1 16.875 0.00486968
9.1 19.125 0.00533057
9.1 21.375 0.0126582
9.1 23.625 0.00617319
9.1 25.875 0.0054134
9.1 28.125 0.00462629
9.1 30.375 0.00519885
9.1 32.625 0.00559966
9.1 34.875 0.00686949
9.1 37.125 0.005903
9.1 39.375 0.00600822
9.1 41.625 0.0047508
9.1 43.875 0.00552355
9.3 1.125 0.00467093
9.3 3.375 0.00502428
9.3 5.625 0.11751
9.3 7.875 0.00501683
9.3 10.125 0.00601225
9.3 12.375 0.00483986
9.3 14.625 0.00484864
9.3 16.875 0.00531842
9.3 19.125 0.00536826
9.3 21.375 0.00578976
9.3 23.625 0.00479443
9.3 25.875 0.00532453
9.3 28.125 0.00590637
9.3 30.375 0.0051275
9.3 32.625 0.00626762
9.3 34.875 0.00574642
9.3 37.125 0.00672654
9.3 39.375 0.00518513
9.3 41.625 0.00547793
9.3 43.875 0.00531239
9.5 1.125 0.106051
9.5 3.375 0.00583067
9.5 5.625 0.00615628
9.5 7.875 0.00646724
9.5 10.125 0.00630333
9.5 12.375 0.00503116
9.5 14.625 0.00463586
9.5 16.875 0.00565966
9.5 19.125 0.00549824
9.5 21.375 0.00500947
9.5 23.625 0.00682742
9.5 25.875 0.00541443
9.5 28.125 0.0045602
9.5 30.375 0.00443446
9.5 32.625 0.00542327
9.5 34.875 0.00479106
9.5 37.125 0.00453739
9.5 39.375 0.00529779
9.5 41.625 0.00493712
9.5 43.875 0.00618418
9.7 1.125 0.00601215
9.7 3.375 0.00547321
9.7 5.625 0.00551583
9.7 7.875 0.00486132
9.7 10.125 0.00533105
9.7 12.375 0.0050136
9.7 14.625 0.0419415
9.7 16.875 0.00808476
9.7 19.125 0.00514719
9.7 21.375 0.00495925
9.7 23.625 0.005504
9.7 25.875 0.00585378
9.7 28.125 0.00527764
9.7 30.375 0.00495264
9.7 32.625 0.005225
9.7 34.875 0.00399986
9.7 37.125 0.00483768
9.7 39.375 0.005519
9.7 41.625 0.00556317
9.7 43.875 0.00556504
9.9 1.125 0.00527053
9.9 3.375 0.00556366
9.9 5.625 0.00455781
9.9 7.875 0.00441015
9.9 10.125 0.004422
9.9 12.375 0.00554563
9.9 14.625 0.00424267
9.9 16.875 0.00494845
9.9 19.125 0.0474345
9.9 21.375 0.0054565
9.9 23.625 0.00460231
9.9 25.875 0.00521771
9.9 28.125 0.00534436
9.9 30.375 0.0076276
9.9 32.625 0.00434224
9.9 34.875 0.0049877
9.9 37.125 0.00663902
9.9 39.375 0.00472118
9.9 41.625 0.00507264
9.9 43.875 0.00498439
10.1 1.125 0.00547929
10.1 3.375 0.00538992
10.1 5.625 0.00437172
10.1 7.875 0.00490538
10.1 10.125 0.00423443
10.1 12.375 0.00509405
10.1 14.625 0.00563159
10.1 16.875 0.00464958
10.1 19.125 0.00501995
10.1 21.375 0.00487755
10.1 23.625 0.00579579
10.1 25.875 0.00525558
10.1 28.125 0.00419963
10.1 30.375 0.00912685
10.1 32.625 0.00565255
10.1 34.875 0.0045734
10.1 37.125 0.00636305
10.1 39.375 0.0063938
10.1 41.625 0.0047728
10.1 43.875 0.00506262
10.3 1.125 0.00663192
10.3 3.375 0.00451564
10.3 5.625 0.00619511
10.3 7.875 0.00478342
10.3 10.125 0.0054198
10.3 12.375 0.00549054
10.3 14.625 0.00610159
10.3 16.875 0.00599722
10.3 19.125 0.00377156
10.3 21.375 0.00495078
10.3 23.625 0.0054441
10.3 25.875 0.00557437
10.3 28.125 0.0051361
10.3 30.375 0.00465988
10.3 32.625 0.00576503
10.3 34.875 0.210732
10.3 37.125 0.00506115
10.3 39.375 0.00525649
10.3 41.625 0.00563651
10.3 43.875 0.00499739
10.5 1.125 0.00462212
10.5 3.375 0.00579736
10.5 5.625 0.00480859
10.5 7.875 0.00633479
10.5 10.125 0.00429569
10.5 12.375 0.00511714
10.5 14.625 0.00433422
10.5 16.875 0.00471581
10.5 19.125 0.00423738
10.5 21.375 0.00565742
10.5 23.625 0.00531477
10.5 25.875 0.00514251
10.5 28.125 0.00500298
10.5 30.375 0.0377019
10.5 32.625 0.00412802
10.5 34.875 0.00508562
10.5 37.125 0.00660943
10.5 39.375 0.00487362
10.5 41.625 0.00428327
10.5 43.875 0.00572204
10.7 1.125 0.00443243
10.7 3.375 0.00443819
10.7 5.625 0.00422303
10.7 7.875 0.00503891
10.7 10.125 0.00713426
10.7 12.375 0.00492624
10.7 14.625 0.00485891
10.7 16.875 0.00592543
10.7 19.125 0.00507529
10.7 21.375 0.00623416
10.7 23.625 0.00475198
10.7 25.875 0.00598763
10.7 28.125 0.00559738
10.7 30.375 0.00531012
10.7 32.625 0.00610588
10.7 34.875 0.0048281
10.7 37.125 0.00701577
10.7 39.375 0.00469513
10.7 41.625 0.00606574
10.7 43.875 0.00522604
10.9 1.125 0.00633925
10.9 3.375 0.00616366
10.9 5.625 0.00677882
10.9 7.875 0.00537558
10.9 10.125 0.00464133
10.9 12.375 0.00513875
10.9 14.625 0.00505318
10.9 16.875 0.00703757
10.9 19.125 0.00427982
10.9 21.375 0.00499812
10.9 23.625 0.00504163
10.9 25.875 0.00600184
10.9 28.125 0.00504018
10.9 30.375 0.00401494
10.9 32.625 0.00549929
10.9 34.875 0.00533302
10.9 37.125 0.00775475
10.9 39.375 0.00468902
10.9 41.625 0.0049382
10.9 43.875 0.00543702
11.1 1.125 0.0058277
11.1 3.375 0.00759721
11.1 5.625 0.00683586
11.1 7.875 0.0054986
11.1 10.125 0.0060487
11.1 12.375 0.00534392
11.1 14.625 0.00475039
11.1 16.875 0.00411157
11.1 19.125 0.00573053
11.1 21.375 0.00869651
11.1 23.625 0.00404683
11.1 25.875 0.0057866
11.1 28.125 0.00620924
11.1 30.375 0.00480934
11.1 32.625 0.00598088
11.1 34.875 0.00446437
11.1 37.125 0.00412558
11.1 39.375 0.00619454
11.1 41.625 0.00541073
11.1 43.875 0.00579459
11.3 1.125 0.00736968
11.3 3.375 0.00567438
11.3 5.625 0.00477978
11.3 7.875 0.00580207
11.3 10.125 0.00544953
11.3 12.375 0.00510654
11.3 14.625 0.00492042
11.3 16.875 0.00744046
11.3 19.125 0.00415681
11.3 21.375 0.00425454
11.3 23.625 0.00508182
11.3 25.875 0.00570281
11.3 28.125 0.00427913
11.3 30.375 0.00508982
11.3 32.625 0.00438222
11.3 34.875 0.00601298
11.3 37.125 0.00466611
11.3 39.375 0.00545446
11.3 41.625 0.00609044
11.3 43.875 0.00631178
11.5 1.125 0.00501319
11.5 3.375 0.0056076
11.5 5.625 0.00316552
11.5 7.875 0.00566413
11.5 10.125 0.00667922
11.5 12.375 0.00624505
11.5 14.625 0.00335025
11.5 16.875 0.00497486
11.5 19.125 0.00719993
11.5 21.375 0.00454688
11.5 23.625 0.00672389
11.5 25.875 0.00542065
11.5 28.125 0.00562905
11.5 30.375 0.00569688
11.5 32.625 0.00805672
11.5 34.875 0.00668214
11.5 37.125 0.00550356
11.5 39.375 0.00406486
11.5 41.625 0.00704823
11.5 43.875 0.00724784
11.7 1.125 0.00396856
11.7 3.375 0.00606963
11.7 5.625 0.00586221
11.7 7.875 0.00435906
11.7 10.125 0.00527088
11.7 12.375 0.00544009
11.7 14.625 0.00468428
11.7 16.875 0.00541902
11.7 19.125 0.0060843
11.7 21.375 0.00674428
11.7 23.625 0.00452405
11.7 25.875 0.00524635
11.7 28.125 0.00645145
11.7 30.375 0.00454681
11.7 32.625 0.00352588
11.7 34.875 0.00441918
11.7 37.125 0.00405758
11.7 39.375 0.010847
11.7 41.625 0.00558632
11.7 43.875 0.00967363
11.9 1.125 0.00810843
11.9 3.375 0.00403836
11.9 5.625 0.00855722
11.9 7.875 0.00623329
11.9 10.125 0.00353685
11.9 12.375 0.00669395
11.9 14.625 0.013666
11.9 16.875 0.00443779
11.9 19.125 0.0125459
11.9 23.625 0.0068432
11.9 25.875 0.0060059
11.9 28.125 0.00622339
11.9 30.375 0.00625792
11.9 32.625 0.00412256
11.9 34.875 0.00542636
11.9 37.125 0.00413866
11.9 39.375 0.0114722
11.9 41.625 0.00580732
11.9 43.875 0.00559515
12.1 3.375 0.00422424
12.1 5.625 0.00437948
12.1 7.875 0.00440358
12.1 10.125 0.00576228
12.1 12.375 0.00714879
12.1 14.625 0.00563113
12.1 16.875 0.00460464
12.1 19.125 0.00551028
12.1 21.375 0.00582672
12.1 23.625 0.00460899
12.1 25.875 0.00461229
12.1 28.125 0.00539855
12.1 30.375 0.00488462
12.1 32.625 0.00332453
12.1 37.125 0.00442408
12.1 39.375 0.00528058
12.1 41.625 0.00442951
12.1 43.875 0.00553864
12.3 1.125 0.144528
12.3 3.375 0.00745716
12.3 5.625 0.00622152
12.3 7.875 0.00682728
12.3 10.125 0.021906
12.3 12.375 0.00562398
12.3 14.625 0.00435769
12.3 16.875 0.00579395
12.3 19.125 0.00883279
12.3 23.625 0.00485387
12.3 25.875 0.00427557
12.3 28.125 0.00585745
12.3 30.375 0.0110522
12.3 32.625 0.00461729
12.3 34.875 0.00428891
12.3 37.125 0.00353068
12.3 39.375 0.005394
12.3 41.625 0.00550702
12.3 43.875 0.00471141
12.5 1.125 0.00425376
12.5 3.375 0.00386465
12.5 5.625 0.00736072
12.5 7.875 0.00579347
12.5 10.125 0.00354815
12.5 12.375 0.00948155
12.5 14.625 0.00364797
12.5 16.875 0.00587374
12.5 19.125 0.00396698
12.5 21.375 0.00408102
12.5 23.625 0.720598
12.5 25.875 0.00388848
12.5 30.375 0.0089304
12.5 32.625 0.00556315
12.5 34.875 0.00485709
12.5 37.125 0.00491627
12.5 39.375 0.00434383
12.5 41.625 0.00796117
12.5 43.875 0.00554234
12.7 1.125 0.00461148
12.7 3.375 0.00515212
12.7 5.625 0.00382606
12.7 7.875 0.00606859
12.7 10.125 0.00380779
12.7 16.875 0.010526
12.7 19.125 0.0089484
12.7 21.375 0.00411673
12.7 23.625 0.00442742
12.7 25.875 0.00588045
12.7 28.125 0.0060041
12.7 30.375 0.00662603
12.7 32.625 0.00477847
12.7 34.875 0.0050848
12.7 37.125 0.00787732
12.7 39.375 0.00862043
12.7 41.625 0.00528412
12.7 43.875 0.00298308
12.9 1.125 0.00412482
12.9 3.375 0.00401696
12.9 5.625 0.00443403
12.9 7.875 0.00380261
12.9 14.625 0.00702346
12.9 16.875 0.00462372
12.9 21.375 0.00682084
12.9 23.625 0.00569689
12.9 25.875 0.00523548
12.9 30.375 0.00358535
12.9 32.625 0.00671494
12.9 34.875 0.0067304
12.9 37.125 0.00433703
12.9 39.375 0.0080479
12.9 41.625 0.00591997
12.9 43.875 0.00536016
13.1 1.125 0.00630944
13.1 3.375 0.00488036
13.1 5.625 0.00477266
13.1 7.875 0.0057857
13.1 12.375 0.00447675
13.1 14.625 0.00524576
13.1 19.125 0.00414704
13.1 23.625 0.0049503
13.1 32.625 0.00417775
13.1 34.875 0.00461934
13.1 37.125 0.00556086
13.1 39.375 0.00644746
13.1 41.625 0.567747
13.1 43.875 0.00434581
13.3 3.375 0.00821658
13.3 10.125 0.00387735
13.3 14.625 0.00383799
13.3 16.875 0.0033126
13.3 19.125 0.00489719
13.3 21.375 0.004203
13.3 23.625 0.00540166
13.3 25.875 0.00420906
13.3 30.375 0.00699607
13.3 32.625 0.00539397
13.3 34.875 0.00590625
13.3 41.625 0.00378907
13.3 43.875 0.00433599
13.5 1.125 0.00640524
13.5 3.375 0.00859275
13.5 7.875 0.00588832
13.5 10.125 0.00416718
13.5 16.875 0.00477498
13.5 19.125 0.00677361
13.5 23.625 0.00426344
13.5 28.125 0.00628281
13.5 30.375 0.00629806
13.5 39.375 0.00738339
13.5 41.625 0.00538026
13.7 1.125 0.00595369
13.7 10.125 0.00642558
13.7 12.375 0.00607332
13.7 16.875 0.00412943
13.7 21.375 0.00391752
13.7 23.625 0.00395851
13.7 28.125 0.00499228
13.7 30.375 0.00378332
13.7 37.125 0.00604832
13.9 3.375 0.00452688
13.9 5.625 0.00721072
13.9 7.875 0.0142362
13.9 10.125 0.00566418
13.9 19.125 0.00825614
13.9 23.625 0.00401897
13.9 32.625 0.00471241
13.9 34.875 0.00565634
13.9 41.625 0.00361864
13.9 43.875 0.00607866
