0.1 1.125 4.09845
0.1 3.375 4.08292
0.1 5.625 3.07382
0.1 7.875 2.49097
0.1 10.125 2.40707
0.1 12.375 2.3606
0.1 14.625 3.32126
0.1 16.875 3.3862
0.1 19.125 4.08881
0.1 21.375 4.08444
0.1 23.625 4.02037
0.1 25.875 4.12282
0.1 28.125 4.12119
0.1 30.375 4.02746
0.1 32.625 4.00728
0.1 34.875 4.03964
0.1 37.125 3.56724
0.1 39.375 4.13348
0.1 41.625 4.11469
0.1 43.875 4.0896
0.3 1.125 3.83315
0.3 3.375 4.04191
0.3 5.625 4.02027
0.3 7.875 3.7705
0.3 10.125 3.93842
0.3 12.375 3.93102
0.3 14.625 3.92465
0.3 16.875 4.02446
0.3 19.125 3.94129
0.3 21.375 4.06173
0.3 23.625 4.08681
0.3 25.875 3.87895
0.3 28.125 4.05302
0.3 30.375 3.69917
0.3 32.625 3.93282
0.3 34.875 3.89384
0.3 37.125 4.06877
0.3 39.375 3.96271
0.3 41.625 4.05285
0.3 43.875 3.96419
0.5 1.125 3.77986
0.5 3.375 3.6357
0.5 5.625 3.91161
0.5 7.875 3.75067
0.5 10.125 3.95607
0.5 12.375 3.85078
0.5 14.625 3.88109
0.5 16.875 3.99115
0.5 19.125 3.89198
0.5 21.375 3.96631
0.5 23.625 3.92772
0.5 25.875 3.93088
0.5 28.125 3.918
0.5 30.375 4.00109
0.5 32.625 3.86415
0.5 34.875 3.95774
0.5 37.125 3.9406
0.5 39.375 3.81112
0.5 41.625 3.9321
0.5 43.875 4.00145
0.7 1.125 3.65057
0.7 3.375 3.7055
0.7 5.625 3.72698
0.7 7.875 3.68884
0.7 10.125 3.68236
0.7 12.375 3.62262
0.7 14.625 3.62071
0.7 16.875 3.73146
0.7 19.125 3.77761
0.7 21.375 3.72573
0.7 23.625 3.74543
0.7 25.875 3.6946
0.7 28.125 3.80822
0.7 30.375 3.80723
0.7 32.625 3.77691
0.7 34.875 3.80716
0.7 37.125 3.77097
0.7 39.375 3.64037
0.7 41.625 3.77753
0.7 43.875 3.84708
0.9 1.125 3.22767
0.9 3.375 3.10304
0.9 5.625 3.33252
0.9 7.875 3.31004
0.9 10.125 3.31296
0.9 12.375 3.27479
0.9 14.625 3.26166
0.9 16.875 3.38905
0.9 19.125 3.41627
0.9 21.375 3.40115
0.9 23.625 3.41445
0.9 25.875 3.51294
0.9 28.125 3.49957
0.9 30.375 3.53829
0.9 32.625 3.5395
0.9 34.875 3.47125
0.9 37.125 3.48098
0.9 39.375 3.56782
0.9 41.625 3.51842
0.9 43.875 3.47542
1.1 1.125 2.28034
1.1 3.375 2.36354
1.1 5.625 2.35327
1.1 7.875 2.41338
1.1 10.125 2.35977
1.1 12.375 2.41064
1.1 14.625 2.52529
1.1 16.875 2.64469
1.1 19.125 2.6434
1.1 21.375 2.69069
1.1 23.625 2.78704
1.1 25.875 2.84361
1.1 28.125 2.92184
1.1 30.375 3.1152
1.1 32.625 2.95811
1.1 34.875 3.13477
1.1 37.125 3.09943
1.1 39.375 3.17588
1.1 41.625 3.23344
1.1 43.875 3.22095
1.3 1.125 1.4395
1.3 3.375 1.34275
1.3 5.625 1.38217
1.3 7.875 1.44194
1.3 10.125 1.50891
1.3 12.375 1.37056
1.3 14.625 1.61385
1.3 16.875 1.501
1.3 19.125 1.57856
1.3 21.375 1.61084
1.3 23.625 1.75225
1.3 25.875 1.89153
1.3 28.125 1.99601
1.3 30.375 2.04383
1.3 32.625 2.14741
1.3 34.875 2.28458
1.3 37.125 2.48093
1.3 39.375 2.52747
1.3 41.625 2.37691
1.3 43.875 2.59298
1.5 1.125 0.634628
1.5 3.375 0.690146
1.5 5.625 0.697577
1.5 7.875 0.727739
1.5 10.125 0.738449
1.5 12.375 0.761237
1.5 14.625 0.759612
1.5 16.875 0.799837
1.5 19.125 0.810408
1.5 21.375 0.912277
1.5 23.625 0.9497
1.5 25.875 0.958665
1.5 28.125 1.10123
1.5 30.375 1.10091
1.5 32.625 1.29031
1.5 34.875 1.46641
1.5 37.125 1.50812
1.5 39.375 1.61459
1.5 41.625 1.7451
1.5 43.875 1.74382
1.7 1.125 0.409729
1.7 3.375 0.412955
1.7 5.625 0.419805
1.7 7.875 0.418595
1.7 10.125 0.422411
1.7 12.375 0.438786
1.7 14.625 0.440197
1.7 16.875 0.449771
1.7 19.125 0.470389
1.7 21.375 0.461426
1.7 23.625 0.524894
1.7 25.875 0.525927
1.7 28.125 0.5556
1.7 30.375 0.578387
1.7 32.625 0.599441
1.7 34.875 0.674831
1.7 37.125 0.699658
1.7 39.375 0.675305
1.7 41.625 0.892267
1.7 43.875 0.803057
1.9 1.125 0.246314
1.9 3.375 0.245221
1.9 5.625 0.256091
1.9 7.875 0.252546
1.9 10.125 0.257831
1.9 12.375 0.254148
1.9 14.625 0.268467
1.9 16.875 0.277651
1.9 19.125 0.292471
1.9 21.375 0.294895
1.9 23.625 0.301595
1.9 25.875 0.306981
1.9 28.125 0.326097
1.9 30.375 0.348711
1.9 32.625 0.365422
1.9 34.875 0.388811
1.9 37.125 0.397895
1.9 39.375 0.379115
1.9 41.625 0.426097
1.9 43.875 0.410329
2.1 1.125 0.16199
2.1 3.375 0.159999
2.1 5.625 0.168613
2.1 7.875 0.173545
2.1 10.125 0.175837
2.1 12.375 0.176099
2.1 14.625 0.180359
2.1 16.875 0.187387
2.1 19.125 0.188147
2.1 21.375 0.208514
2.1 23.625 0.20652
2.1 25.875 0.202086
2.1 28.125 0.205875
2.1 30.375 0.22513
2.1 32.625 0.240026
2.1 34.875 0.235934
2.1 37.125 0.242687
2.1 39.375 0.249745
2.1 41.625 0.255321
2.1 43.875 0.250483
2.3 1.125 0.117895
2.3 3.375 0.131147
2.3 5.625 0.125172
2.3 7.875 0.122108
2.3 10.125 0.130038
2.3 12.375 0.124284
2.3 14.625 0.126467
2.3 16.875 0.133109
2.3 19.125 0.129735
2.3 21.375 0.140615
2.3 23.625 0.137134
2.3 25.875 0.14702
2.3 28.125 0.148356
2.3 30.375 0.156075
2.3 32.625 0.161009
2.3 34.875 0.165694
2.3 37.125 0.166447
2.3 39.375 0.170683
2.3 41.625 0.170847
2.3 43.875 0.160504
2.5 1.125 0.0915048
2.5 3.375 0.0937726
2.5 5.625 0.0947436
2.5 7.875 0.0988508
2.5 10.125 0.0930947
2.5 12.375 0.0941037
2.5 14.625 0.0882605
2.5 16.875 0.09323
2.5 19.125 0.0951277
2.5 21.375 0.0978236
2.5 23.625 0.0950327
2.5 25.875 0.106123
2.5 28.125 0.106422
2.5 30.375 0.108408
2.5 32.625 0.1143
2.5 34.875 0.128868
2.5 37.125 0.116523
2.5 39.375 0.113666
2.5 41.625 0.116811
2.5 43.875 0.11566
2.7 1.125 0.068189
2.7 3.375 0.0671963
2.7 5.625 0.0718366
2.7 7.875 0.0682377
2.7 10.125 0.080768
2.7 12.375 0.0702697
2.7 14.625 0.0716491
2.7 16.875 0.0740759
2.7 19.125 0.0737008
2.7 21.375 0.0745809
2.7 23.625 0.073572
2.7 25.875 0.0810497
2.7 28.125 0.0801351
2.7 30.375 0.0893916
2.7 32.625 0.0820247
2.7 34.875 0.0801215
2.7 37.125 0.0804691
2.7 39.375 0.0806106
2.7 41.625 0.0816494
2.7 43.875 0.0838273
2.9 1.125 0.0563198
2.9 3.375 0.0538988
2.9 5.625 0.0549808
2.9 7.875 0.0539727
2.9 10.125 0.0554256
2.9 12.375 0.0561993
2.9 14.625 0.0580109
2.9 16.875 0.0579642
2.9 19.125 0.0607343
2.9 21.375 0.0762286
2.9 23.625 0.0611229
2.9 25.875 0.0641725
2.9 28.125 0.0646205
2.9 30.375 0.0633176
2.9 32.625 0.0646209
2.9 34.875 0.0627484
2.9 37.125 0.0616879
2.9 39.375 0.0613382
2.9 41.625 0.0619462
2.9 43.875 0.061717
3.1 1.125 0.0464075
3.1 3.375 0.045064
3.1 5.625 0.0437162
3.1 7.875 0.0460308
3.1 10.125 0.047931
3.1 12.375 0.0458245
3.1 14.625 0.0468866
3.1 16.875 0.04673
3.1 19.125 0.0502895
3.1 21.375 0.0518803
3.1 23.625 0.0503027
3.1 25.875 0.0490879
3.1 28.125 0.0511375
3.1 30.375 0.0515795
3.1 32.625 0.0506447
3.1 34.875 0.0623363
3.1 37.125 0.0533201
3.1 39.375 0.0494973
3.1 41.625 0.0506101
3.1 43.875 0.0472885
3.3 1.125 0.0361125
3.3 3.375 0.0361307
3.3 5.625 0.0346967
3.3 7.875 0.0367924
3.3 10.125 0.0365808
3.3 12.375 0.0354786
3.3 14.625 0.0358343
3.3 16.875 0.0369699
3.3 19.125 0.0403643
3.3 21.375 0.040169
3.3 23.625 0.0432176
3.3 25.875 0.0419971
3.3 28.125 0.0419556
3.3 30.375 0.0408258
3.3 32.625 0.0411609
3.3 34.875 0.0416484
3.3 37.125 0.043328
3.3 39.375 0.0398971
3.3 41.625 0.0393013
3.3 43.875 0.0410789
3.5 1.125 0.0290878
3.5 3.375 0.029235
3.5 5.625 0.0291475
3.5 7.875 0.0283655
3.5 10.125 0.0294232
3.5 12.375 0.0293799
3.5 14.625 0.0345351
3.5 16.875 0.0324285
3.5 19.125 0.0324878
3.5 21.375 0.0319557
3.5 23.625 0.0338555
3.5 25.875 0.0342977
3.5 28.125 0.034267
3.5 30.375 0.0351619
3.5 32.625 0.0322103
3.5 34.875 0.0351134
3.5 37.125 0.0339879
3.5 39.375 0.0345684
3.5 41.625 0.0342141
3.5 43.875 0.0355227
3.7 1.125 0.023835
3.7 3.375 0.0232516
3.7 5.625 0.0249655
3.7 7.875 0.0247786
3.7 10.125 0.0256726
3.7 12.375 0.0265377
3.7 14.625 0.0233382
3.7 16.875 0.0254557
3.7 19.125 0.0260095
3.7 21.375 0.0272994
3.7 23.625 0.0279967
3.7 25.875 0.0277278
3.7 28.125 0.0284351
3.7 30.375 0.0276009
3.7 32.625 0.0277027
3.7 34.875 0.0279926
3.7 37.125 0.0279609
3.7 39.375 0.0278306
3.7 41.625 0.0272821
3.7 43.875 0.0291396
3.9 1.125 0.0208082
3.9 3.375 0.0208409
3.9 5.625 0.0201259
3.9 7.875 0.0217153
3.9 10.125 0.0213269
3.9 12.375 0.0221717
3.9 14.625 0.0209122
3.9 16.875 0.0210307
3.9 19.125 0.0232548
3.9 21.375 0.02393
3.9 23.625 0.0218294
3.9 25.875 0.0239091
3.9 28.125 0.0224923
3.9 30.375 0.0237203
3.9 32.625 0.0227227
3.9 34.875 0.024008
3.9 37.125 0.0238273
3.9 39.375 0.0234796
3.9 41.625 0.0243088
3.9 43.875 0.0233703
4.1 1.125 0.0173238
4.1 3.375 0.0180398
4.1 5.625 0.0174627
4.1 7.875 0.0169511
4.1 10.125 0.0185233
4.1 12.375 0.0181352
4.1 14.625 0.0223113
4.1 16.875 0.018622
4.1 19.125 0.0189425
4.1 21.375 0.0192628
4.1 23.625 0.0191461
4.1 25.875 0.0192199
4.1 28.125 0.0200687
4.1 30.375 0.01923
4.1 32.625 0.0190821
4.1 34.875 0.0182937
4.1 37.125 0.0183536
4.1 39.375 0.0196193
4.1 41.625 0.0185956
4.1 43.875 0.0203397
4.3 1.125 0.0150578
4.3 3.375 0.0153609
4.3 5.625 0.0145647
4.3 7.875 0.0152783
4.3 10.125 0.0146217
4.3 12.375 0.0158871
4.3 14.625 0.0160987
4.3 16.875 0.0222742
4.3 19.125 0.0164937
4.3 21.375 0.0164187
4.3 23.625 0.0167845
4.3 25.875 0.0164912
4.3 28.125 0.0156431
4.3 30.375 0.0162944
4.3 32.625 0.0160955
4.3 34.875 0.0167118
4.3 37.125 0.0163919
4.3 39.375 0.0169505
4.3 41.625 0.0163208
4.3 43.875 0.0164384
4.5 1.125 0.0122933
4.5 3.375 0.0121781
4.5 5.625 0.0127784
4.5 7.875 0.0138499
4.5 10.125 0.0134296
4.5 12.375 0.0125195
4.5 14.625 0.0141153
4.5 16.875 0.0138688
4.5 19.125 0.0146145
4.5 21.375 0.0132614
4.5 23.625 0.0139956
4.5 25.875 0.0141576
4.5 28.125 0.0129764
4.5 30.375 0.0134733
4.5 32.625 0.0140053
4.5 34.875 0.0136017
4.5 37.125 0.0136188
4.5 39.375 0.0145957
4.5 41.625 0.0206101
4.5 43.875 0.0134974
4.7 1.125 0.0136457
4.7 3.375 0.0106746
4.7 5.625 0.0103012
4.7 7.875 0.0108474
4.7 10.125 0.010662
4.7 12.375 0.0115827
4.7 14.625 0.0116979
4.7 16.875 0.0117769
4.7 19.125 0.0117571
4.7 21.375 0.0114467
4.7 23.625 0.0112596
4.7 25.875 0.0121936
4.7 28.125 0.0114453
4.7 30.375 0.0114383
4.7 32.625 0.0118573
4.7 34.875 0.0115694
4.7 37.125 0.012482
4.7 39.375 0.0138595
4.7 41.625 0.0111729
4.7 43.875 0.011345
4.9 1.125 0.00983436
4.9 3.375 0.00942688
4.9 5.625 0.0100967
4.9 7.875 0.0101048
4.9 10.125 0.00982111
4.9 12.375 0.0101124
4.9 14.625 0.0105147
4.9 16.875 0.010353
4.9 19.125 0.0101427
4.9 21.375 0.00997943
4.9 23.625 0.0104053
4.9 25.875 0.00994848
4.9 28.125 0.00989969
4.9 30.375 0.0102102
4.9 32.625 0.0104914
4.9 34.875 0.0104886
4.9 37.125 0.00997756
4.9 39.375 0.0101311
4.9 41.625 0.00963408
4.9 43.875 0.0103263
5.1 1.125 0.00877911
5.1 3.375 0.00842588
5.1 5.625 0.00854657
5.1 7.875 0.00912969
5.1 10.125 0.00860622
5.1 12.375 0.00979393
5.1 14.625 0.00883437
5.1 16.875 0.00965021
5.1 19.125 0.00931378
5.1 21.375 0.00909686
5.1 23.625 0.00947738
5.1 25.875 0.00907074
5.1 28.125 0.00930538
5.1 30.375 0.0091584
5.1 32.625 0.00932722
5.1 34.875 0.00948453
5.1 37.125 0.00917271
5.1 39.375 0.00892467
5.1 41.625 0.0081716
5.1 43.875 0.00854895
5.3 1.125 0.00697017
5.3 3.375 0.00753511
5.3 5.625 0.00776271
5.3 7.875 0.00870619
5.3 10.125 0.00900347
5.3 12.375 0.00817661
5.3 14.625 0.0104717
5.3 16.875 0.00892191
5.3 19.125 0.00835897
5.3 21.375 0.00825202
5.3 23.625 0.00826218
5.3 25.875 0.0078109
5.3 28.125 0.0079158
5.3 30.375 0.00761052
5.3 32.625 0.00763916
5.3 34.875 0.00776488
5.3 37.125 0.00837733
5.3 39.375 0.00777867
5.3 41.625 0.00795339
5.3 43.875 0.00793582
5.5 1.125 0.00698995
5.5 3.375 0.00655907
5.5 5.625 0.00696094
5.5 7.875 0.0063693
5.5 10.125 0.00682374
5.5 12.375 0.00708972
5.5 14.625 0.00750958
5.5 16.875 0.00723056
5.5 19.125 0.00804538
5.5 21.375 0.00699284
5.5 23.625 0.00708386
5.5 25.875 0.00736892
5.5 28.125 0.00770788
5.5 30.375 0.00681756
5.5 32.625 0.00682256
5.5 34.875 0.00704448
5.5 37.125 0.00671193
5.5 39.375 0.00645326
5.5 41.625 0.0141571
5.5 43.875 0.00690805
5.7 1.125 0.00566899
5.7 3.375 0.00615114
5.7 5.625 0.00607313
5.7 7.875 0.00579367
5.7 10.125 0.00630274
5.7 12.375 0.00652972
5.7 14.625 0.00663976
5.7 16.875 0.00636515
5.7 19.125 0.00665463
5.7 21.375 0.00622188
5.7 23.625 0.0062801
5.7 25.875 0.00650062
5.7 28.125 0.0067335
5.7 30.375 0.00633067
5.7 32.625 0.00626082
5.7 34.875 0.00629117
5.7 37.125 0.006055
5.7 39.375 0.00615023
5.7 41.625 0.00626743
5.7 43.875 0.0062532
5.9 1.125 0.00460845
5.9 3.375 0.0056207
5.9 5.625 0.0051635
5.9 7.875 0.00635374
5.9 10.125 0.00538574
5.9 12.375 0.00575076
5.9 14.625 0.0110913
5.9 16.875 0.00592955
5.9 19.125 0.00571003
5.9 21.375 0.00556911
5.9 23.625 0.00590996
5.9 25.875 0.00614719
5.9 28.125 0.00589579
5.9 30.375 0.00581984
5.9 32.625 0.0058243
5.9 34.875 0.00554854
5.9 37.125 0.00599963
5.9 39.375 0.00591059
5.9 41.625 0.00549531
5.9 43.875 0.00537041
6.1 1.125 0.00440661
6.1 3.375 0.00583809
6.1 5.625 0.00454276
6.1 7.875 0.00488912
6.1 10.125 0.00485258
6.1 12.375 0.00497435
6.1 14.625 0.00525593
6.1 16.875 0.0056088
6.1 19.125 0.00830183
6.1 21.375 0.00491947
6.1 23.625 0.00529823
6.1 25.875 0.00511752
6.1 28.125 0.00547075
6.1 30.375 0.00525973
6.1 32.625 0.00524122
6.1 34.875 0.0049422
6.1 37.125 0.00502666
6.1 39.375 0.00512601
6.1 41.625 0.00496651
6.1 43.875 0.0052099
6.3 1.125 0.0147041
6.3 3.375 0.00509621
6.3 5.625 0.00449934
6.3 7.875 0.00477052
6.3 10.125 0.0048158
6.3 12.375 0.00471812
6.3 14.625 0.00492836
6.3 16.875 0.00479946
6.3 19.125 0.00479325
6.3 21.375 0.00472
6.3 23.625 0.00491529
6.3 25.875 0.00487231
6.3 28.125 0.00483213
6.3 30.375 0.00474115
6.3 32.625 0.00482223
6.3 34.875 0.00512541
6.3 37.125 0.00493001
6.3 39.375 0.00458632
6.3 41.625 0.00464174
6.3 43.875 0.00459357
6.5 1.125 0.013781
6.5 3.375 0.00468886
6.5 5.625 0.00402972
6.5 7.875 0.00470725
6.5 10.125 0.0048932
6.5 12.375 0.00543688
6.5 14.625 0.00452157
6.5 16.875 0.00422275
6.5 19.125 0.0136118
6.5 21.375 0.00439585
6.5 23.625 0.0047521
6.5 25.875 0.00396787
6.5 28.125 0.00474906
6.5 30.375 0.00412726
6.5 32.625 0.00473089
6.5 34.875 0.00460158
6.5 37.125 0.00441864
6.5 39.375 0.00441971
6.5 41.625 0.00453205
6.5 43.875 0.00442402
6.7 1.125 0.00391775
6.7 3.375 0.00422219
6.7 5.625 0.0039626
6.7 7.875 0.00434158
6.7 10.125 0.00448526
6.7 12.375 0.0043083
6.7 14.625 0.00425833
6.7 16.875 0.00427838
6.7 19.125 0.00386589
6.7 21.375 0.0056902
6.7 23.625 0.00398578
6.7 25.875 0.00433649
6.7 28.125 0.0039472
6.7 30.375 0.00389438
6.7 32.625 0.00409485
6.7 34.875 0.00393998
6.7 37.125 0.00363842
6.7 39.375 0.0108028
6.7 41.625 0.00392532
6.7 43.875 0.00424782
6.9 1.125 0.0102044
6.9 3.375 0.00397453
6.9 5.625 0.00398406
6.9 7.875 0.00372274
6.9 10.125 0.0038638
6.9 12.375 0.00408838
6.9 14.625 0.00410245
6.9 16.875 0.00378575
6.9 19.125 0.00423409
6.9 21.375 0.00412997
6.9 23.625 0.0117628
6.9 25.875 0.00387219
6.9 28.125 0.0116375
6.9 30.375 0.00400052
6.9 32.625 0.00418641
6.9 34.875 0.00379867
6.9 37.125 0.00387116
6.9 39.375 0.00377564
6.9 41.625 0.00381686
6.9 43.875 0.00394353
7.1 1.125 0.00359221
7.1 3.375 0.00376483
7.1 5.625 0.00378473
7.1 7.875 0.00361582
7.1 10.125 0.0138496
7.1 12.375 0.00382415
7.1 14.625 0.00361058
7.1 16.875 0.00355504
7.1 19.125 0.00368034
7.1 21.375 0.00357537
7.1 23.625 0.00384627
7.1 25.875 0.00379513
7.1 28.125 0.00348026
7.1 30.375 0.00374676
7.1 32.625 0.0036187
7.1 34.875 0.00326204
7.1 37.125 0.00795253
7.1 39.375 0.00345002
7.1 41.625 0.00357446
7.1 43.875 0.00397086
7.3 1.125 0.00344136
7.3 3.375 0.00323374
7.3 5.625 0.0035659
7.3 7.875 0.00346786
7.3 10.125 0.00346681
7.3 12.375 0.00369622
7.3 14.625 0.00376166
7.3 16.875 0.00364466
7.3 19.125 0.00352942
7.3 21.375 0.00356648
7.3 23.625 0.00332045
7.3 25.875 0.00320016
7.3 28.125 0.00368088
7.3 30.375 0.00336397
7.3 32.625 0.00336309
7.3 34.875 0.0033312
7.3 37.125 0.00323946
7.3 39.375 0.0054722
7.3 41.625 0.00313053
7.3 43.875 0.00338989
7.5 1.125 0.0121797
7.5 3.375 0.00371168
7.5 5.625 0.00337495
7.5 7.875 0.00375962
7.5 10.125 0.0034833
7.5 12.375 0.00334652
7.5 14.625 0.00372086
7.5 16.875 0.00313995
7.5 19.125 0.00339196
7.5 21.375 0.00345405
7.5 23.625 0.00333092
7.5 25.875 0.00339174
7.5 28.125 0.00441073
7.5 30.375 0.0035426
7.5 32.625 0.00350077
7.5 34.875 0.00346711
7.5 37.125 0.00323195
7.5 39.375 0.00334806
7.5 41.625 0.00324287
7.5 43.875 0.00326365
7.7 1.125 0.00314104
7.7 3.375 0.00300352
7.7 5.625 0.0118128
7.7 7.875 0.00300227
7.7 10.125 0.00327145
7.7 12.375 0.00289306
7.7 14.625 0.00309646
7.7 16.875 0.0051314
7.7 19.125 0.00315817
7.7 21.375 0.00328019
7.7 23.625 0.00355763
7.7 25.875 0.00316854
7.7 28.125 0.00363591
7.7 30.375 0.00348013
7.7 32.625 0.00331823
7.7 34.875 0.00306392
7.7 37.125 0.00320048
7.7 39.375 0.00324702
7.7 41.625 0.00302476
7.7 43.875 0.00308152
7.9 1.125 0.00315348
7.9 3.375 0.00297583
7.9 5.625 0.00325798
7.9 7.875 0.00319415
7.9 10.125 0.00285238
7.9 12.375 0.00318153
7.9 14.625 0.00333636
7.9 16.875 0.00293914
7.9 19.125 0.00291861
7.9 21.375 0.00309043
7.9 23.625 0.00289664
7.9 25.875 0.00430376
7.9 28.125 0.00326103
7.9 30.375 0.00303795
7.9 32.625 0.0028815
7.9 34.875 0.00324991
7.9 37.125 0.00311904
7.9 39.375 0.00298012
7.9 41.625 0.00297936
7.9 43.875 0.00313415
8.1 1.125 0.002923
8.1 3.375 0.00312943
8.1 5.625 0.00250971
8.1 7.875 0.00335879
8.1 10.125 0.00296203
8.1 12.375 0.00287113
8.1 14.625 0.0030206
8.1 16.875 0.00288798
8.1 19.125 0.00346025
8.1 21.375 0.00280204
8.1 23.625 0.00297246
8.1 25.875 0.00305258
8.1 28.125 0.0029208
8.1 30.375 0.00317576
8.1 32.625 0.00281316
8.1 34.875 0.00313806
8.1 37.125 0.00275587
8.1 39.375 0.00293579
8.1 41.625 0.00276402
8.1 43.875 0.00283441
8.3 1.125 0.00298599
8.3 3.375 0.00289331
8.3 5.625 0.00329749
8.3 7.875 0.00268311
8.3 10.125 0.00298015
8.3 12.375 0.00299675
8.3 14.625 0.00260799
8.3 16.875 0.00300798
8.3 19.125 0.00289346
8.3 21.375 0.00297748
8.3 23.625 0.00357874
8.3 25.875 0.00288597
8.3 28.125 0.0030321
8.3 30.375 0.00304907
8.3 32.625 0.00284608
8.3 34.875 0.00281981
8.3 37.125 0.00256219
8.3 39.375 0.0030584
8.3 41.625 0.00264657
8.3 43.875 0.0036221
8.5 1.125 0.00263982
8.5 3.375 0.00511154
8.5 5.625 0.00246255
8.5 7.875 0.00340353
8.5 10.125 0.00276897
8.5 12.375 0.00316011
8.5 14.625 0.00281753
8.5 16.875 0.00280173
8.5 19.125 0.00248001
8.5 21.375 0.00275696
8.5 23.625 0.00290302
8.5 25.875 0.00286691
8.5 28.125 0.0036517
8.5 30.375 0.00265664
8.5 32.625 0.00298478
8.5 34.875 0.00320091
8.5 37.125 0.00286689
8.5 39.375 0.00284352
8.5 41.625 0.00294152
8.5 43.875 0.00287879
8.7 1.125 0.00280736
8.7 3.375 0.00447292
8.7 5.625 0.00383282
8.7 7.875 0.00280586
8.7 10.125 0.00261718
8.7 12.375 0.00245729
8.7 14.625 0.00271381
8.7 16.875 0.00278453
8.7 19.125 0.00276089
8.7 21.375 0.00255575
8.7 23.625 0.00377537
8.7 25.875 0.00288148
8.7 28.125 0.00269602
8.7 30.375 0.0027855
8.7 32.625 0.00321989
8.7 34.875 0.0157878
8.7 37.125 0.00258448
8.7 39.375 0.0038591
8.7 41.625 0.00315909
8.7 43.875 0.00294028
8.9 1.125 0.00400024
8.9 3.375 0.00254236
8.9 5.625 0.00315183
8.9 7.875 0.00252935
8.9 10.125 0.0166883
8.9 12.375 0.00275768
8.9 14.625 0.00480119
8.9 16.875 0.00293877
8.9 19.125 0.00271718
8.9 21.375 0.00242198
8.9 23.625 0.00310622
8.9 25.875 0.00260022
8.9 28.125 0.00276359
8.9 30.375 0.00250965
8.9 32.625 0.003553
8.9 34.875 0.00260203
8.9 37.125 0.014451
8.9 39.375 0.00297425
8.9 41.625 0.00260715
8.9 43.875 0.00259298
9.1 1.125 0.00281437
9.1 3.375 0.00268571
9.1 5.625 0.00264741
9.1 7.875 0.00297946
9.1 10.125 0.00260158
9.1 12.375 0.00238653
9.1 14.625 0.0138442
9.1 16.875 0.00381515
9.1 19.125 0.00303976
9.1 21.375 0.00268704
9.1 23.625 0.00266429
9.1 25.875 0.00255469
9.1 28.125 0.00282093
9.1 30.375 0.00265507
9.1 32.625 0.00264359
9.1 34.875 0.0024331
9.1 37.125 0.00283648
9.1 39.375 0.00263803
9.1 41.625 0.00261469
9.1 43.875 0.00319198
9.3 1.125 0.00244544
9.3 3.375 0.00270649
9.3 5.625 0.00233971
9.3 7.875 0.00258287
9.3 10.125 0.00269101
9.3 12.375 0.002647
9.3 14.625 0.00293327
9.3 16.875 0.00249494
9.3 19.125 0.00352323
9.3 21.375 0.00286792
9.3 23.625 0.0026929
9.3 25.875 0.00245381
9.3 28.125 0.00219184
9.3 30.375 0.00329488
9.3 32.625 0.00233266
9.3 34.875 0.00251863
9.3 37.125 0.00240784
9.3 39.375 0.00255078
9.3 41.625 0.0188715
9.3 43.875 0.00254237
9.5 1.125 0.00331566
9.5 3.375 0.00261082
9.5 5.625 0.0149736
9.5 7.875 0.00372148
9.5 10.125 0.00241434
9.5 12.375 0.00260245
9.5 14.625 0.00248333
9.5 16.875 0.0023408
9.5 19.125 0.00277074
9.5 21.375 0.00306282
9.5 23.625 0.00318263
9.5 25.875 0.00242699
9.5 28.125 0.00326723
9.5 30.375 0.00246747
9.5 32.625 0.00311182
9.5 34.875 0.00235666
9.5 37.125 0.00300046
9.5 39.375 0.00248562
9.5 41.625 0.0219228
9.5 43.875 0.00215106
9.7 1.125 0.00378864
9.7 3.375 0.00227359
9.7 5.625 0.00250558
9.7 7.875 0.00252701
9.7 10.125 0.00238473
9.7 12.375 0.012881
9.7 14.625 0.00262853
9.7 16.875 0.00254665
9.7 19.125 0.00262476
9.7 21.375 0.00274074
9.7 23.625 0.00299348
9.7 25.875 0.002305
9.7 28.125 0.00270007
9.7 30.375 0.00231627
9.7 32.625 0.00284596
9.7 34.875 0.00255346
9.7 37.125 0.00277706
9.7 39.375 0.00258363
9.7 41.625 0.00217718
9.7 43.875 0.00298351
9.9 1.125 0.00306051
9.9 3.375 0.00385683
9.9 5.625 0.00250034
9.9 7.875 0.00237703
9.9 10.125 0.002323
9.9 12.375 0.00263812
9.9 14.625 0.00281622
9.9 16.875 0.0239222
9.9 19.125 0.00318783
9.9 21.375 0.00262822
9.9 23.625 0.0118807
9.9 25.875 0.00243177
9.9 28.125 0.0028601
9.9 30.375 0.00232654
9.9 32.625 0.00236327
9.9 34.875 0.00228736
9.9 37.125 0.00284299
9.9 39.375 0.00253062
9.9 41.625 0.00211359
9.9 43.875 0.0024272
10.1 1.125 0.00212697
10.1 3.375 0.00240789
10.1 5.625 0.019328
10.1 7.875 0.00281384
10.1 10.125 0.00248539
10.1 12.375 0.00343182
10.1 14.625 0.023945
10.1 16.875 0.00239623
10.1 19.125 0.00228037
10.1 21.375 0.00277806
10.1 23.625 0.00278533
10.1 25.875 0.0023114
10.1 28.125 0.00324847
10.1 30.375 0.00288814
10.1 32.625 0.00235506
10.1 34.875 0.00249576
10.1 37.125 0.00248271
10.1 39.375 0.00266267
10.1 41.625 0.0215831
10.1 43.875 0.0045168
10.3 1.125 0.00235696
10.3 3.375 0.00264991
10.3 5.625 0.00247152
10.3 7.875 0.00223868
10.3 10.125 0.0026776
10.3 12.375 0.00226586
10.3 14.625 0.0247739
10.3 16.875 0.00240364
10.3 19.125 0.00237573
10.3 21.375 0.00266411
10.3 23.625 0.00247281
10.3 25.875 0.00221728
10.3 28.125 0.00271015
10.3 30.375 0.00270643
10.3 32.625 0.00251873
10.3 34.875 0.00306968
10.3 37.125 0.00216478
10.3 39.375 0.00269038
10.3 41.625 0.0218875
10.3 43.875 0.00344484
10.5 1.125 0.00226841
10.5 3.375 0.00279441
10.5 5.625 0.0116586
10.5 7.875 0.0020758
10.5 10.125 0.00245374
10.5 12.375 0.00218715
10.5 14.625 0.00224364
10.5 16.875 0.00209721
10.5 19.125 0.0024286
10.5 21.375 0.00216871
10.5 23.625 0.00259885
10.5 25.875 0.00243041
10.5 28.125 0.0029113
10.5 30.375 0.00272044
10.5 32.625 0.00288037
10.5 34.875 0.00339137
10.5 37.125 0.0351067
10.5 39.375 0.0026314
10.5 41.625 0.00287835
10.5 43.875 0.00282903
10.7 1.125 0.00244821
10.7 3.375 0.00225404
10.7 5.625 0.0458799
10.7 7.875 0.00298286
10.7 10.125 0.0026397
10.7 12.375 0.00266195
10.7 14.625 0.00276441
10.7 16.875 0.00860598
10.7 19.125 0.00215366
10.7 21.375 0.00206069
10.7 23.625 0.00363081
10.7 25.875 0.0187284
10.7 28.125 0.00517986
10.7 30.375 0.00245552
10.7 32.625 0.00252166
10.7 34.875 0.00224143
10.7 37.125 0.00241144
10.7 39.375 0.00232202
10.7 41.625 0.00243965
10.7 43.875 0.00225786
10.9 1.125 0.00243379
10.9 3.375 0.041409
10.9 5.625 0.00282704
10.9 7.875 0.00197581
10.9 10.125 0.00251235
10.9 12.375 0.00202423
10.9 14.625 0.0024109
10.9 16.875 0.0025094
10.9 19.125 0.00232688
10.9 21.375 0.00237805
10.9 23.625 0.00238065
10.9 25.875 0.0151036
10.9 28.125 0.00224576
10.9 30.375 0.00239953
10.9 32.625 0.00254091
10.9 34.875 0.0171828
10.9 37.125 0.00268596
10.9 39.375 0.00387636
10.9 41.625 0.00208586
10.9 43.875 0.0022861
11.1 1.125 0.00283148
11.1 3.375 0.00274221
11.1 5.625 0.00723902
11.1 7.875 0.00509501
11.1 10.125 0.00297
11.1 12.375 0.00217101
11.1 14.625 0.00224358
11.1 16.875 0.00214588
11.1 19.125 0.0128603
11.1 21.375 0.00221343
11.1 23.625 0.00242413
11.1 25.875 0.0022065
11.1 28.125 0.00223659
11.1 30.375 0.0155859
11.1 32.625 0.00240096
11.1 34.875 0.00234161
11.1 37.125 0.0022921
11.1 39.375 0.00221539
11.1 41.625 0.00225189
11.1 43.875 0.00357246
11.3 1.125 0.00254063
11.3 3.375 0.00217676
11.3 5.625 0.00217386
11.3 7.875 0.00421304
11.3 10.125 0.00279511
11.3 12.375 0.0309578
11.3 14.625 0.00289865
11.3 16.875 0.00215534
11.3 19.125 0.00257822
11.3 21.375 0.00249885
11.3 23.625 0.00263182
11.3 25.875 0.00259381
11.3 28.125 0.00266385
11.3 30.375 0.00346228
11.3 32.625 0.00232934
11.3 34.875 0.00265372
11.3 37.125 0.00252023
11.3 39.375 0.00648878
11.3 41.625 0.00257889
11.3 43.875 0.00334821
11.5 1.125 0.037364
11.5 3.375 0.00253206
11.5 5.625 0.00256673
11.5 7.875 0.00225692
11.5 10.125 0.00225396
11.5 12.375 0.00254706
11.5 14.625 0.00273761
11.5 16.875 0.0142585
11.5 19.125 0.00332054
11.5 21.375 0.00301895
11.5 23.625 0.00209072
11.5 25.875 0.00228121
11.5 28.125 0.00224893
11.5 30.375 0.00277058
11.5 32.625 0.00583732
11.5 34.875 0.00365865
11.5 37.125 0.00344686
11.5 39.375 0.00216676
11.5 41.625 0.00251621
11.5 43.875 0.00235458
11.7 1.125 0.0179179
11.7 3.375 0.00213721
11.7 5.625 0.00285352
11.7 7.875 0.00304779
11.7 10.125 0.00313759
11.7 12.375 0.00410243
11.7 14.625 0.00246964
11.7 16.875 0.0441296
11.7 19.125 0.0262716
11.7 21.375 0.00230387
11.7 23.625 0.00206223
11.7 25.875 0.00692142
11.7 28.125 0.00251505
11.7 30.375 0.0158469
11.7 32.625 0.00230444
11.7 34.875 0.00246938
11.7 37.125 0.0161269
11.7 39.375 0.00296608
11.7 41.625 0.00303498
11.7 43.875 0.00356364
11.9 1.125 0.0035132
11.9 3.375 0.00216176
11.9 5.625 0.00229564
11.9 7.875 0.0035092
11.9 10.125 0.00216684
11.9 12.375 0.00331242
11.9 14.625 0.00325296
11.9 16.875 0.00260856
11.9 19.125 0.00274294
11.9 21.375 0.00240972
11.9 23.625 0.00208323
11.9 25.875 0.00310621
11.9 28.125 0.0025588
11.9 30.375 0.00275617
11.9 32.625 0.00250887
11.9 34.875 0.00191578
11.9 37.125 0.0295543
11.9 39.375 0.0021971
11.9 41.625 0.00233605
11.9 43.875 0.00212868
12.1 1.125 0.00258677
12.1 3.375 0.00269608
12.1 5.625 0.00199936
12.1 7.875 0.00244193
12.1 10.125 0.0230809
12.1 12.375 0.0023216
12.1 14.625 0.00217965
12.1 16.875 0.00251913
12.1 19.125 0.0026538
12.1 21.375 0.00220701
12.1 23.625 0.00223322
12.1 25.875 0.00245279
12.1 28.125 0.00224464
12.1 30.375 0.00581702
12.1 32.625 0.0021458
12.1 34.875 0.00277509
12.1 37.125 0.00224167
12.1 39.375 0.00227239
12.1 41.625 0.00275736
12.1 43.875 0.00211574
12.3 1.125 0.00251685
12.3 3.375 0.00393008
12.3 5.625 0.00244626
12.3 7.875 0.00253543
12.3 10.125 0.00238817
12.3 12.375 0.00240074
12.3 14.625 0.00256061
12.3 16.875 0.00239013
12.3 19.125 0.00522879
12.3 21.375 0.00245961
12.3 23.625 0.00179839
12.3 25.875 0.0389689
12.3 28.125 0.00251487
12.3 30.375 0.00195861
12.3 32.625 0.00524131
12.3 34.875 0.00285745
12.3 37.125 0.0391645
12.3 39.375 0.00218329
12.3 41.625 0.00248751
12.3 43.875 0.00250166
12.5 1.125 0.00213148
12.5 3.375 0.00225821
12.5 5.625 0.00209391
12.5 7.875 0.00251405
12.5 10.125 0.00244856
12.5 12.375 0.00379641
12.5 14.625 0.00201797
12.5 16.875 0.00305864
12.5 19.125 0.00302861
12.5 21.375 0.00239896
12.5 23.625 0.00264229
12.5 25.875 0.00616221
12.5 28.125 0.0561935
12.5 30.375 0.00237079
12.5 32.625 0.00252149
12.5 34.875 0.015646
12.5 37.125 0.00262051
12.5 39.375 0.0970604
12.5 41.625 0.00215466
12.5 43.875 0.00288322
12.7 1.125 0.00208946
12.7 3.375 0.00301463
12.7 5.625 0.00236097
12.7 7.875 0.00258558
12.7 10.125 0.00219387
12.7 12.375 0.00261628
12.7 14.625 0.00401943
12.7 16.875 0.0026204
12.7 19.125 0.00245098
12.7 21.375 0.00195419
12.7 23.625 0.00239544
12.7 25.875 0.00593342
12.7 28.125 0.00304256
12.7 30.375 0.00255238
12.7 32.625 0.00240534
12.7 34.875 0.00221618
12.7 37.125 0.00237165
12.7 39.375 0.00286356
12.7 41.625 0.00205897
12.7 43.875 0.00401831
12.9 1.125 0.00373575
12.9 3.375 0.0110155
12.9 5.625 0.00450872
12.9 7.875 0.00231689
12.9 10.125 0.00244788
12.9 12.375 0.00197653
12.9 14.625 0.00189607
12.9 16.875 0.00237472
12.9 19.125 0.00244671
12.9 21.375 0.0017923
12.9 23.625 0.00220303
12.9 25.875 0.00201152
12.9 28.125 0.00219977
12.9 30.375 0.00604614
12.9 32.625 0.00242311
12.9 34.875 0.00344008
12.9 37.125 0.00331729
12.9 39.375 0.0016306
12.9 41.625 0.00505649
12.9 43.875 0.00310307
13.1 1.125 0.00211158
13.1 3.375 0.00228638
13.1 5.625 0.0385472
13.1 7.875 0.00201669
13.1 10.125 0.0613079
13.1 12.375 0.00295548
13.1 14.625 0.00267294
13.1 16.875 0.00186401
13.1 19.125 0.00252677
13.1 21.375 0.00504107
13.1 23.625 0.00275675
13.1 25.875 0.0023619
13.1 28.125 0.0101552
13.1 30.375 0.00232642
13.1 32.625 0.00435382
13.1 34.875 0.00247409
13.1 37.125 0.0659036
13.1 39.375 0.0508412
13.1 41.625 0.00322951
13.1 43.875 0.00194601
13.3 1.125 0.00193553
13.3 3.375 0.00669972
13.3 5.625 0.00409053
13.3 7.875 0.002301
13.3 10.125 0.00284225
13.3 12.375 0.00195491
13.3 14.625 0.00442793
13.3 16.875 0.00275844
13.3 19.125 0.00218033
13.3 21.375 0.00262271
13.3 23.625 0.00693707
13.3 25.875 0.0489648
13.3 28.125 0.00360856
13.3 30.375 0.00238905
13.3 32.625 0.00245485
13.3 34.875 0.00391103
13.3 37.125 0.00333938
13.3 39.375 0.00683734
13.3 41.625 0.00387493
13.3 43.875 0.0820186
13.5 1.125 0.0779165
13.5 3.375 0.00298287
13.5 5.625 0.00242611
13.5 7.875 0.00221119
13.5 10.125 0.00203419
13.5 12.375 0.00389624
13.5 14.625 0.00471294
13.5 16.875 0.00209465
13.5 19.125 0.00240253
13.5 21.375 0.00195852
13.5 23.625 0.0031603
13.5 25.875 0.00379895
13.5 28.125 0.00195697
13.5 30.375 0.00275844
13.5 32.625 0.00268841
13.5 34.875 0.00215706
13.5 37.125 0.00243238
13.5 39.375 0.00213068
13.5 41.625 0.00209837
13.5 43.875 0.00338727
13.7 1.125 0.00245523
13.7 3.375 0.00242543
13.7 5.625 0.0394946
13.7 7.875 0.00355065
13.7 10.125 0.0133446
13.7 12.375 0.0020348
13.7 14.625 0.00288682
13.7 16.875 0.00262925
13.7 19.125 0.00253232
13.7 21.375 0.00412129
13.7 23.625 0.00290505
13.7 25.875 0.00226391
13.7 28.125 0.00309098
13.7 30.375 0.00219313
13.7 32.625 0.00219361
13.7 34.875 0.0601211
13.7 37.125 0.00161869
13.7 39.375 0.00225764
13.7 41.625 0.00199331
13.7 43.875 0.00198501
13.9 1.125 0.00788008
13.9 3.375 0.00226861
13.9 5.625 0.00241216
13.9 7.875 0.00721085
13.9 10.125 0.00262039
13.9 12.375 0.00228541
13.9 14.625 0.0068286
13.9 16.875 0.00493726
13.9 19.125 0.00208199
13.9 21.375 0.00319535
13.9 23.625 0.0918582
13.9 25.875 0.00257646
13.9 28.125 0.00614008
13.9 30.375 0.00172538
13.9 32.625 0.0041435
13.9 34.875 0.00226627
13.9 37.125 0.00294214
13.9 39.375 0.0674476
13.9 41.625 0.00167298
13.9 43.875 0.00299552
