0.1 1.125 0.391659
0.1 3.375 0.397395
0.1 5.625 0.396865
0.1 7.875 0.353168
0.1 10.125 0.371987
0.1 12.375 0.387738
0.1 14.625 0.406053
0.1 16.875 0.398785
0.1 19.125 0.419425
0.1 21.375 0.408334
0.1 23.625 0.41665
0.1 25.875 0.41161
0.1 28.125 0.414194
0.1 30.375 0.418986
0.1 32.625 0.417476
0.1 34.875 0.417498
0.1 37.125 0.417533
0.1 39.375 0.406902
0.1 41.625 0.403869
0.1 43.875 0.415067
0.3 1.125 0.405994
0.3 3.375 0.41036
0.3 5.625 0.401248
0.3 7.875 0.39171
0.3 10.125 0.405696
0.3 12.375 0.369498
0.3 14.625 0.394283
0.3 16.875 0.402058
0.3 19.125 0.388428
0.3 21.375 0.395848
0.3 23.625 0.390055
0.3 25.875 0.402366
0.3 28.125 0.386551
0.3 30.375 0.39864
0.3 32.625 0.4006
0.3 34.875 0.393051
0.3 37.125 0.383719
0.3 39.375 0.402354
0.3 41.625 0.381866
0.3 43.875 0.387497
0.5 1.125 0.388501
0.5 3.375 0.36394
0.5 5.625 0.380724
0.5 7.875 0.375022
0.5 10.125 0.366331
0.5 12.375 0.377004
0.5 14.625 0.375794
0.5 16.875 0.386914
0.5 19.125 0.378357
0.5 21.375 0.361495
0.5 23.625 0.378397
0.5 25.875 0.3742
0.5 28.125 0.371572
0.5 30.375 0.378367
0.5 32.625 0.37246
0.5 34.875 0.37878
0.5 37.125 0.377996
0.5 39.375 0.385284
0.5 41.625 0.367214
0.5 43.875 0.346867
0.7 1.125 0.355243
0.7 3.375 0.356478
0.7 5.625 0.354217
0.7 7.875 0.358811
0.7 10.125 0.352241
0.7 12.375 0.358959
0.7 14.625 0.353871
0.7 16.875 0.355626
0.7 19.125 0.346476
0.7 21.375 0.352338
0.7 23.625 0.349801
0.7 25.875 0.33727
0.7 28.125 0.338719
0.7 30.375 0.337373
0.7 32.625 0.352463
0.7 34.875 0.328727
0.7 37.125 0.3355
0.7 39.375 0.334556
0.7 41.625 0.332551
0.7 43.875 0.343993
0.9 1.125 0.307687
0.9 3.375 0.303874
0.9 5.625 0.302903
0.9 7.875 0.312245
0.9 10.125 0.297285
0.9 12.375 0.294208
0.9 14.625 0.295478
0.9 16.875 0.300176
0.9 19.125 0.276308
0.9 21.375 0.287543
0.9 23.625 0.288762
0.9 25.875 0.306525
0.9 28.125 0.294394
0.9 30.375 0.290767
0.9 32.625 0.306814
0.9 34.875 0.294503
0.9 37.125 0.301565
0.9 39.375 0.294588
0.9 41.625 0.287059
0.9 43.875 0.289863
1.1 1.125 0.224163
1.1 3.375 0.230853
1.1 5.625 0.221121
1.1 7.875 0.22865
1.1 10.125 0.23268
1.1 12.375 0.236909
1.1 14.625 0.232099
1.1 16.875 0.248105
1.1 19.125 0.23401
1.1 21.375 0.206115
1.1 23.625 0.250352
1.1 25.875 0.236028
1.1 28.125 0.257051
1.1 30.375 0.240027
1.1 32.625 0.248419
1.1 34.875 0.228992
1.1 37.125 0.246895
1.1 39.375 0.258672
1.1 41.625 0.251736
1.1 43.875 0.235954
1.3 1.125 0.141304
1.3 3.375 0.144344
1.3 5.625 0.133944
1.3 7.875 0.152514
1.3 10.125 0.156502
1.3 12.375 0.158528
1.3 14.625 0.14954
1.3 16.875 0.157859
1.3 19.125 0.165366
1.3 21.375 0.174311
1.3 23.625 0.166895
1.3 25.875 0.177654
1.3 28.125 0.171769
1.3 30.375 0.187772
1.3 32.625 0.188526
1.3 34.875 0.189327
1.3 37.125 0.146893
1.3 39.375 0.213097
1.3 41.625 0.215247
1.3 43.875 0.215815
1.5 1.125 0.0871749
1.5 3.375 0.084739
1.5 5.625 0.0854676
1.5 7.875 0.0794284
1.5 10.125 0.0945629
1.5 12.375 0.105739
1.5 14.625 0.103055
1.5 16.875 0.105223
1.5 19.125 0.109905
1.5 21.375 0.104239
1.5 23.625 0.0974636
1.5 25.875 0.116874
1.5 28.125 0.117812
1.5 30.375 0.128496
1.5 32.625 0.124174
1.5 34.875 0.129262
1.5 37.125 0.128663
1.5 39.375 0.143289
1.5 41.625 0.132712
1.5 43.875 0.154492
1.7 1.125 0.0499002
1.7 3.375 0.0625803
1.7 5.625 0.0558998
1.7 7.875 0.052029
1.7 10.125 0.0568179
1.7 12.375 0.0651636
1.7 14.625 0.0635531
1.7 16.875 0.0579776
1.7 19.125 0.0709039
1.7 21.375 0.0651049
1.7 23.625 0.0748512
1.7 25.875 0.0671936
1.7 28.125 0.0695496
1.7 30.375 0.0773624
1.7 32.625 0.0873636
1.7 34.875 0.0783387
1.7 37.125 0.0845961
1.7 39.375 0.0805561
1.7 41.625 0.0952703
1.7 43.875 0.091401
1.9 1.125 0.0294676
1.9 3.375 0.0331994
1.9 5.625 0.0322781
1.9 7.875 0.0372101
1.9 10.125 0.0377161
1.9 12.375 0.0391354
1.9 14.625 0.0360327
1.9 16.875 0.0357015
1.9 19.125 0.0407024
1.9 21.375 0.0395611
1.9 23.625 0.0460053
1.9 25.875 0.0456346
1.9 28.125 0.0474821
1.9 30.375 0.0592497
1.9 32.625 0.0544272
1.9 34.875 0.0437242
1.9 37.125 0.0522748
1.9 39.375 0.0611467
1.9 41.625 0.0510853
1.9 43.875 0.060994
2.1 1.125 0.019947
2.1 3.375 0.0184156
2.1 5.625 0.0231084
2.1 7.875 0.0234737
2.1 10.125 0.0220983
2.1 12.375 0.0243199
2.1 14.625 0.0247842
2.1 16.875 0.0239096
2.1 19.125 0.0225729
2.1 21.375 0.0233142
2.1 23.625 0.0314118
2.1 25.875 0.024036
2.1 28.125 0.0357702
2.1 30.375 0.0315354
2.1 32.625 0.0334138
2.1 34.875 0.0312522
2.1 37.125 0.0376802
2.1 39.375 0.0310886
2.1 41.625 0.0378809
2.1 43.875 0.0317996
2.3 1.125 0.0127294
2.3 3.375 0.0142279
2.3 5.625 0.0123919
2.3 7.875 0.0134219
2.3 10.125 0.0158182
2.3 12.375 0.0151947
2.3 14.625 0.0144264
2.3 16.875 0.0144513
2.3 19.125 0.0151494
2.3 21.375 0.0200159
2.3 23.625 0.0195687
2.3 25.875 0.0206966
2.3 28.125 0.0206589
2.3 30.375 0.0174062
2.3 32.625 0.0225653
2.3 34.875 0.0225355
2.3 37.125 0.01934
2.3 39.375 0.0233214
2.3 41.625 0.0222218
2.3 43.875 0.0216694
2.5 1.125 0.012593
2.5 3.375 0.0109088
2.5 5.625 0.0103033
2.5 7.875 0.00975868
2.5 10.125 0.0103614
2.5 12.375 0.00961207
2.5 14.625 0.0100175
2.5 16.875 0.0115272
2.5 19.125 0.0125745
2.5 21.375 0.0108981
2.5 23.625 0.0119961
2.5 25.875 0.0119908
2.5 28.125 0.0151255
2.5 30.375 0.0126125
2.5 32.625 0.0147106
2.5 34.875 0.0141918
2.5 37.125 0.0163067
2.5 39.375 0.0155268
2.5 41.625 0.0152542
2.5 43.875 0.0153858
2.7 1.125 0.0101384
2.7 3.375 0.00702735
2.7 5.625 0.00912191
2.7 7.875 0.0107343
2.7 10.125 0.008213
2.7 12.375 0.00883467
2.7 14.625 0.0125904
2.7 16.875 0.00883751
2.7 19.125 0.00882446
2.7 21.375 0.0126031
2.7 23.625 0.00790949
2.7 25.875 0.00845016
2.7 28.125 0.00928329
2.7 30.375 0.0104232
2.7 32.625 0.0112566
2.7 34.875 0.00956008
2.7 37.125 0.0102863
2.7 39.375 0.010704
2.7 41.625 0.010467
2.7 43.875 0.0123263
2.9 1.125 0.00635937
2.9 3.375 0.0086096
2.9 5.625 0.00901323
2.9 7.875 0.00643195
2.9 10.125 0.00770863
2.9 12.375 0.0076034
2.9 14.625 0.00753469
2.9 16.875 0.00635467
2.9 19.125 0.00910107
2.9 21.375 0.00710518
2.9 23.625 0.00688326
2.9 25.875 0.00906318
2.9 28.125 0.0077948
2.9 30.375 0.00751473
2.9 32.625 0.0081671
2.9 34.875 0.00765382
2.9 37.125 0.00826457
2.9 39.375 0.00851741
2.9 41.625 0.00831808
2.9 43.875 0.00954545
3.1 1.125 0.00596196
3.1 3.375 0.00554199
3.1 5.625 0.00694584
3.1 7.875 0.00731025
3.1 10.125 0.00805238
3.1 12.375 0.0122995
3.1 14.625 0.0101551
3.1 16.875 0.00588187
3.1 19.125 0.0120965
3.1 21.375 0.00936435
3.1 23.625 0.00549528
3.1 25.875 0.00936438
3.1 28.125 0.00658566
3.1 30.375 0.00624383
3.1 32.625 0.00694132
3.1 34.875 0.00665938
3.1 37.125 0.00610939
3.1 39.375 0.0070563
3.1 41.625 0.00647184
3.1 43.875 0.00685173
3.3 1.125 0.0061342
3.3 3.375 0.00836731
3.3 5.625 0.00544662
3.3 7.875 0.00597855
3.3 10.125 0.00719689
3.3 12.375 0.00509255
3.3 14.625 0.00522472
3.3 16.875 0.00522613
3.3 19.125 0.00644846
3.3 21.375 0.00755524
3.3 23.625 0.00564108
3.3 25.875 0.00622605
3.3 28.125 0.00650045
3.3 30.375 0.00838251
3.3 32.625 0.00571224
3.3 34.875 0.00545973
3.3 37.125 0.00545153
3.3 39.375 0.00551798
3.3 41.625 0.00580972
3.3 43.875 0.00556692
3.5 1.125 0.00522033
3.5 3.375 0.00597098
3.5 5.625 0.00812146
3.5 7.875 0.0092301
3.5 10.125 0.00739861
3.5 12.375 0.00452315
3.5 14.625 0.00654523
3.5 16.875 0.00798117
3.5 19.125 0.00448633
3.5 21.375 0.0111211
3.5 23.625 0.00644861
3.5 25.875 0.00579816
3.5 28.125 0.00502358
3.5 30.375 0.00513939
3.5 32.625 0.00429096
3.5 34.875 0.00520466
3.5 37.125 0.00499994
3.5 39.375 0.00518553
3.5 41.625 0.00533061
3.5 43.875 0.00461693
3.7 1.125 0.00491782
3.7 3.375 0.00416227
3.7 5.625 0.00595502
3.7 7.875 0.00645445
3.7 10.125 0.00662991
3.7 12.375 0.00750394
3.7 14.625 0.00450893
3.7 16.875 0.00462205
3.7 19.125 0.00591138
3.7 21.375 0.00414957
3.7 23.625 0.00771429
3.7 25.875 0.00460435
3.7 28.125 0.00448562
3.7 30.375 0.00439537
3.7 32.625 0.00462313
3.7 34.875 0.00428205
3.7 37.125 0.00457284
3.7 39.375 0.00447254
3.7 41.625 0.00475046
3.7 43.875 0.00425948
3.9 1.125 0.00439347
3.9 3.375 0.00566867
3.9 5.625 0.00445573
3.9 7.875 0.00601537
3.9 10.125 0.00717526
3.9 12.375 0.00474355
3.9 14.625 0.00382109
3.9 16.875 0.0074312
3.9 19.125 0.00432802
3.9 21.375 0.0042293
3.9 23.625 0.00484666
3.9 25.875 0.00483353
3.9 28.125 0.00424525
3.9 30.375 0.00459095
3.9 32.625 0.00462567
3.9 34.875 0.00433185
3.9 37.125 0.00409069
3.9 39.375 0.00408382
3.9 41.625 0.00356359
3.9 43.875 0.00604565
4.1 1.125 0.00384918
4.1 3.375 0.00376669
4.1 5.625 0.00404651
4.1 7.875 0.00382241
4.1 10.125 0.00368087
4.1 12.375 0.00428874
4.1 14.625 0.00372649
4.1 16.875 0.00460998
4.1 19.125 0.00391153
4.1 21.375 0.0049504
4.1 23.625 0.00442154
4.1 25.875 0.00429638
4.1 28.125 0.00364558
4.1 30.375 0.00433875
4.1 32.625 0.00431786
4.1 34.875 0.00423067
4.1 37.125 0.00377929
4.1 39.375 0.00371414
4.1 41.625 0.00412102
4.1 43.875 0.00445527
4.3 1.125 0.00374172
4.3 3.375 0.00433596
4.3 5.625 0.00344652
4.3 7.875 0.0066754
4.3 10.125 0.00517452
4.3 12.375 0.00354615
4.3 14.625 0.00357003
4.3 16.875 0.00395571
4.3 19.125 0.00396051
4.3 21.375 0.00461928
4.3 23.625 0.00383542
4.3 25.875 0.00351404
4.3 28.125 0.00435312
4.3 30.375 0.00368876
4.3 32.625 0.0042063
4.3 34.875 0.0037326
4.3 37.125 0.00387423
4.3 39.375 0.0042622
4.3 41.625 0.00410509
4.3 43.875 0.00355117
4.5 1.125 0.00358051
4.5 3.375 0.00356583
4.5 5.625 0.00478438
4.5 7.875 0.00311735
4.5 10.125 0.00347063
4.5 12.375 0.00361316
4.5 14.625 0.0064976
4.5 16.875 0.00407169
4.5 19.125 0.0037522
4.5 21.375 0.00383409
4.5 23.625 0.00393629
4.5 25.875 0.00365555
4.5 28.125 0.00557561
4.5 30.375 0.003388
4.5 32.625 0.00364482
4.5 34.875 0.00337873
4.5 37.125 0.00343495
4.5 39.375 0.0035154
4.5 41.625 0.00395441
4.5 43.875 0.00284604
4.7 1.125 0.0038931
4.7 3.375 0.00374761
4.7 5.625 0.00682573
4.7 7.875 0.00326284
4.7 10.125 0.00311317
4.7 12.375 0.00319823
4.7 14.625 0.00319606
4.7 16.875 0.00348203
4.7 19.125 0.00321882
4.7 21.375 0.00410901
4.7 23.625 0.00308333
4.7 25.875 0.00325384
4.7 28.125 0.00387128
4.7 30.375 0.00309167
4.7 32.625 0.00343609
4.7 34.875 0.00325448
4.7 37.125 0.00411607
4.7 39.375 0.00368204
4.7 41.625 0.00368844
4.7 43.875 0.00291481
4.9 1.125 0.00319797
4.9 3.375 0.00280857
4.9 5.625 0.00296556
4.9 7.875 0.00500019
4.9 10.125 0.00316316
4.9 12.375 0.00618375
4.9 14.625 0.0030581
4.9 16.875 0.00300873
4.9 19.125 0.00306441
4.9 21.375 0.00312922
4.9 23.625 0.00327803
4.9 25.875 0.00295234
4.9 28.125 0.00285418
4.9 30.375 0.00327604
4.9 32.625 0.00322102
4.9 34.875 0.00288404
4.9 37.125 0.00316146
4.9 39.375 0.00284777
4.9 41.625 0.0029931
4.9 43.875 0.00320905
5.1 1.125 0.00300219
5.1 3.375 0.00508252
5.1 5.625 0.00283798
5.1 7.875 0.00315572
5.1 10.125 0.00304539
5.1 12.375 0.00339407
5.1 14.625 0.00291986
5.1 16.875 0.00306563
5.1 19.125 0.00482979
5.1 21.375 0.00275843
5.1 23.625 0.0038027
5.1 25.875 0.00289004
5.1 28.125 0.00339064
5.1 30.375 0.00308938
5.1 32.625 0.00304338
5.1 34.875 0.00317959
5.1 37.125 0.00288052
5.1 39.375 0.00307973
5.1 41.625 0.00331565
5.1 43.875 0.0036142
5.3 1.125 0.00349202
5.3 3.375 0.0029358
5.3 5.625 0.00306073
5.3 7.875 0.00300616
5.3 10.125 0.00301708
5.3 12.375 0.00243804
5.3 14.625 0.0035278
5.3 16.875 0.0029151
5.3 19.125 0.00284384
5.3 21.375 0.00315279
5.3 23.625 0.00321702
5.3 25.875 0.00315453
5.3 28.125 0.00287118
5.3 30.375 0.00329101
5.3 32.625 0.00291943
5.3 34.875 0.00284718
5.3 37.125 0.00315813
5.3 39.375 0.00297953
5.3 41.625 0.00289949
5.3 43.875 0.00285349
5.5 1.125 0.00280504
5.5 3.375 0.00289562
5.5 5.625 0.00268827
5.5 7.875 0.00232315
5.5 10.125 0.00294615
5.5 12.375 0.00317416
5.5 14.625 0.00228044
5.5 16.875 0.00254368
5.5 19.125 0.00253343
5.5 21.375 0.00284006
5.5 23.625 0.00297922
5.5 25.875 0.00271648
5.5 28.125 0.00240216
5.5 30.375 0.00307348
5.5 32.625 0.00321025
5.5 34.875 0.00287262
5.5 37.125 0.00303429
5.5 39.375 0.00300421
5.5 41.625 0.00326941
5.5 43.875 0.00295059
5.7 1.125 0.0026026
5.7 3.375 0.00303523
5.7 5.625 0.00265442
5.7 7.875 0.00333711
5.7 10.125 0.00257266
5.7 12.375 0.00313597
5.7 14.625 0.00219414
5.7 16.875 0.00322146
5.7 19.125 0.00298204
5.7 21.375 0.00239828
5.7 23.625 0.00437922
5.7 25.875 0.00242826
5.7 28.125 0.00285907
5.7 30.375 0.00268185
5.7 32.625 0.00261103
5.7 34.875 0.00268615
5.7 37.125 0.00281319
5.7 39.375 0.00257463
5.7 41.625 0.00279081
5.7 43.875 0.00251882
5.9 1.125 0.00251092
5.9 3.375 0.00262888
5.9 5.625 0.00310105
5.9 7.875 0.00224241
5.9 10.125 0.00292109
5.9 12.375 0.00240151
5.9 14.625 0.00359935
5.9 16.875 0.00282952
5.9 19.125 0.00278198
5.9 21.375 0.00259293
5.9 23.625 0.00284461
5.9 25.875 0.00313997
5.9 28.125 0.00271321
5.9 30.375 0.00277189
5.9 32.625 0.00303182
5.9 34.875 0.00256491
5.9 37.125 0.00299806
5.9 39.375 0.00294826
5.9 41.625 0.00283334
5.9 43.875 0.00262091
6.1 1.125 0.00268585
6.1 3.375 0.00324001
6.1 5.625 0.00282954
6.1 7.875 0.00257119
6.1 10.125 0.00268117
6.1 12.375 0.00715327
6.1 14.625 0.00328986
6.1 16.875 0.00286486
6.1 19.125 0.00271279
6.1 21.375 0.00257153
6.1 23.625 0.00300568
6.1 25.875 0.00259947
6.1 28.125 0.00233967
6.1 30.375 0.00246899
6.1 32.625 0.00287037
6.1 34.875 0.00325709
6.1 37.125 0.00250754
6.1 39.375 0.00259821
6.1 41.625 0.00287286
6.1 43.875 0.00275947
6.3 1.125 0.0027152
6.3 3.375 0.00674227
6.3 5.625 0.00243462
6.3 7.875 0.00264745
6.3 10.125 0.00238299
6.3 12.375 0.00282714
6.3 14.625 0.00279376
6.3 16.875 0.00229324
6.3 19.125 0.00269734
6.3 21.375 0.00266251
6.3 23.625 0.00212642
6.3 25.875 0.0033433
6.3 28.125 0.00246131
6.3 30.375 0.00234724
6.3 32.625 0.00340401
6.3 34.875 0.00279698
6.3 37.125 0.00286225
6.3 39.375 0.00262447
6.3 41.625 0.00263041
6.3 43.875 0.00268172
6.5 1.125 0.00260184
6.5 3.375 0.00675161
6.5 5.625 0.00274214
6.5 7.875 0.00234064
6.5 10.125 0.00279955
6.5 12.375 0.002832
6.5 14.625 0.00441378
6.5 16.875 0.00251418
6.5 19.125 0.002464
6.5 21.375 0.00286607
6.5 23.625 0.00284277
6.5 25.875 0.00261727
6.5 28.125 0.00264126
6.5 30.375 0.00253492
6.5 32.625 0.00294108
6.5 34.875 0.00241296
6.5 37.125 0.00248221
6.5 39.375 0.0024951
6.5 41.625 0.00232033
6.5 43.875 0.00273487
6.7 1.125 0.00313221
6.7 3.375 0.00269515
6.7 5.625 0.00533871
6.7 7.875 0.00285728
6.7 10.125 0.00240688
6.7 12.375 0.00227997
6.7 14.625 0.00325166
6.7 16.875 0.00297384
6.7 19.125 0.00227778
6.7 21.375 0.00240079
6.7 23.625 0.00222926
6.7 25.875 0.00299412
6.7 28.125 0.00261587
6.7 30.375 0.00244369
6.7 32.625 0.00256784
6.7 34.875 0.00217323
6.7 37.125 0.00278315
6.7 39.375 0.00289527
6.7 41.625 0.00280249
6.7 43.875 0.00236295
6.9 1.125 0.00238678
6.9 3.375 0.00237848
6.9 5.625 0.00307115
6.9 7.875 0.00296427
6.9 10.125 0.00256038
6.9 12.375 0.00251654
6.9 14.625 0.00263894
6.9 16.875 0.00248408
6.9 19.125 0.00229786
6.9 21.375 0.00221085
6.9 23.625 0.00219425
6.9 25.875 0.00232955
6.9 28.125 0.00243501
6.9 30.375 0.00198314
6.9 32.625 0.00887616
6.9 34.875 0.00322624
6.9 37.125 0.00225112
6.9 39.375 0.00211071
6.9 41.625 0.00687969
6.9 43.875 0.00288641
7.1 1.125 0.00277835
7.1 3.375 0.00281306
7.1 5.625 0.00256039
7.1 7.875 0.00259766
7.1 10.125 0.00251896
7.1 12.375 0.00236804
7.1 14.625 0.00270777
7.1 16.875 0.00250675
7.1 19.125 0.00225658
7.1 21.375 0.00270978
7.1 23.625 0.00256642
7.1 25.875 0.00223697
7.1 28.125 0.00279752
7.1 30.375 0.00281189
7.1 32.625 0.0027105
7.1 34.875 0.00247154
7.1 37.125 0.00242873
7.1 39.375 0.00248779
7.1 41.625 0.0025469
7.1 43.875 0.00228598
7.3 1.125 0.0024642
7.3 3.375 0.00251392
7.3 5.625 0.00342836
7.3 7.875 0.00250247
7.3 10.125 0.00250401
7.3 12.375 0.00232155
7.3 14.625 0.00217089
7.3 16.875 0.0023151
7.3 19.125 0.00265931
7.3 21.375 0.0025811
7.3 23.625 0.0020259
7.3 25.875 0.00283751
7.3 28.125 0.00203785
7.3 30.375 0.00177755
7.3 32.625 0.00270731
7.3 34.875 0.00259925
7.3 37.125 0.00221915
7.3 39.375 0.00252106
7.3 41.625 0.00213647
7.3 43.875 0.00211745
7.5 1.125 0.00267932
7.5 3.375 0.00592551
7.5 5.625 0.00219281
7.5 7.875 0.00233051
7.5 10.125 0.0114061
7.5 12.375 0.00185341
7.5 14.625 0.0020573
7.5 16.875 0.00227227
7.5 19.125 0.00212527
7.5 21.375 0.00310733
7.5 23.625 0.00231241
7.5 25.875 0.00262056
7.5 28.125 0.00254944
7.5 30.375 0.00210604
7.5 32.625 0.00243875
7.5 34.875 0.00220366
7.5 37.125 0.0028051
7.5 39.375 0.00244176
7.5 41.625 0.00219637
7.5 43.875 0.0021543
7.7 1.125 0.00796357
7.7 3.375 0.00265906
7.7 5.625 0.0025135
7.7 7.875 0.0026666
7.7 10.125 0.00363908
7.7 12.375 0.00309385
7.7 14.625 0.00295621
7.7 16.875 0.00279574
7.7 19.125 0.00228273
7.7 21.375 0.00239505
7.7 23.625 0.0021735
7.7 25.875 0.00501753
7.7 28.125 0.00187759
7.7 30.375 0.00221961
7.7 32.625 0.00242849
7.7 34.875 0.00243835
7.7 37.125 0.00237957
7.7 39.375 0.00229726
7.7 41.625 0.00781673
7.7 43.875 0.00281945
7.9 1.125 0.0125196
7.9 3.375 0.00384251
7.9 5.625 0.00193409
7.9 7.875 0.00254461
7.9 10.125 0.00263016
7.9 12.375 0.0108366
7.9 14.625 0.00344712
7.9 16.875 0.00330948
7.9 19.125 0.00232018
7.9 21.375 0.00280177
7.9 23.625 0.00224246
7.9 25.875 0.00295673
7.9 28.125 0.00239427
7.9 30.375 0.0029477
7.9 32.625 0.0018349
7.9 34.875 0.00245087
7.9 37.125 0.00167579
7.9 39.375 0.00246071
7.9 41.625 0.00259021
7.9 43.875 0.00198958
8.1 1.125 0.00273062
8.1 3.375 0.00272442
8.1 5.625 0.00212231
8.1 7.875 0.00263795
8.1 10.125 0.00210042
8.1 12.375 0.00322831
8.1 14.625 0.00368532
8.1 16.875 0.00264496
8.1 19.125 0.00286381
8.1 21.375 0.0024492
8.1 23.625 0.00209822
8.1 25.875 0.00267492
8.1 28.125 0.00235106
8.1 30.375 0.00214113
8.1 32.625 0.00200277
8.1 34.875 0.00217794
8.1 37.125 0.0025385
8.1 39.375 0.00216045
8.1 41.625 0.0017825
8.1 43.875 0.00247032
8.3 1.125 0.00237778
8.3 3.375 0.00217318
8.3 5.625 0.00271142
8.3 7.875 0.00222189
8.3 10.125 0.00201738
8.3 12.375 0.00217008
8.3 14.625 0.00297531
8.3 16.875 0.00194004
8.3 19.125 0.00215686
8.3 21.375 0.00214839
8.3 23.625 0.00219651
8.3 25.875 0.00252201
8.3 28.125 0.00247956
8.3 30.375 0.00268826
8.3 32.625 0.00213872
8.3 34.875 0.00310506
8.3 37.125 0.00266279
8.3 39.375 0.00201553
8.3 41.625 0.00311114
8.3 43.875 0.00268377
8.5 1.125 0.0020105
8.5 3.375 0.00200418
8.5 5.625 0.00292862
8.5 7.875 0.00202085
8.5 10.125 0.0022494
8.5 12.375 0.00224823
8.5 14.625 0.00278102
8.5 16.875 0.00296856
8.5 19.125 0.00278903
8.5 21.375 0.00238101
8.5 23.625 0.00230414
8.5 25.875 0.00250952
8.5 28.125 0.00175077
8.5 30.375 0.00237605
8.5 32.625 0.00238389
8.5 34.875 0.00215652
8.5 37.125 0.00165302
8.5 39.375 0.00290488
8.5 41.625 0.0027854
8.5 43.875 0.00313115
8.7 1.125 0.00207262
8.7 3.375 0.0025622
8.7 5.625 0.00313217
8.7 7.875 0.00267056
8.7 10.125 0.00273784
8.7 12.375 0.00297795
8.7 14.625 0.00215783
8.7 16.875 0.00264589
8.7 19.125 0.00184812
8.7 21.375 0.00211936
8.7 23.625 0.00254192
8.7 25.875 0.0017671
8.7 28.125 0.00292347
8.7 30.375 0.00262607
8.7 32.625 0.00239044
8.7 34.875 0.00171109
8.7 37.125 0.00215771
8.7 39.375 0.00227028
8.7 41.625 0.00174554
8.7 43.875 0.0020679
8.9 1.125 0.00190079
8.9 3.375 0.00206168
8.9 5.625 0.00264494
8.9 7.875 0.00245342
8.9 10.125 0.002123
8.9 12.375 0.00226713
8.9 14.625 0.0023795
8.9 16.875 0.00210046
8.9 19.125 0.00295931
8.9 21.375 0.00225157
8.9 23.625 0.0028263
8.9 25.875 0.00354134
8.9 28.125 0.00367106
8.9 30.375 0.00319511
8.9 32.625 0.00203656
8.9 34.875 0.00186006
8.9 37.125 0.0025158
8.9 39.375 0.00215231
8.9 41.625 0.00281985
8.9 43.875 0.00245154
9.1 1.125 0.0030791
9.1 3.375 0.00210388
9.1 5.625 0.00239275
9.1 7.875 0.00260313
9.1 10.125 0.00281519
9.1 12.375 0.00219543
9.1 14.625 0.00183955
9.1 16.875 0.00239686
9.1 19.125 0.0041928
9.1 21.375 0.00219285
9.1 23.625 0.00273903
9.1 25.875 0.00296555
9.1 28.125 0.00207148
9.1 30.375 0.00237398
9.1 32.625 0.00158218
9.1 34.875 0.00236483
9.1 37.125 0.00258075
9.1 39.375 0.00274836
9.1 41.625 0.00242812
9.1 43.875 0.00289687
9.3 1.125 0.0016624
9.3 3.375 0.00234396
9.3 5.625 0.00295913
9.3 7.875 0.00260123
9.3 10.125 0.00257276
9.3 12.375 0.00273878
9.3 14.625 0.00217802
9.3 16.875 0.00236955
9.3 19.125 0.00262522
9.3 21.375 0.00373104
9.3 23.625 0.00200826
9.3 25.875 0.00313893
9.3 28.125 0.0023446
9.3 30.375 0.00172487
9.3 32.625 0.00192445
9.3 34.875 0.00226789
9.3 37.125 0.00269494
9.3 39.375 0.00335577
9.3 41.625 0.00770055
9.3 43.875 0.00198375
9.5 1.125 0.00291715
9.5 3.375 0.00172497
9.5 5.625 0.00194802
9.5 7.875 0.00217525
9.5 10.125 0.00200392
9.5 12.375 0.00258634
9.5 14.625 0.00230078
9.5 16.875 0.00201303
9.5 19.125 0.00262052
9.5 21.375 0.00220059
9.5 23.625 0.00241915
9.5 25.875 0.00336759
9.5 28.125 0.00164994
9.5 30.375 0.00188536
9.5 32.625 0.00203138
9.5 34.875 0.00149872
9.5 37.125 0.00307106
9.5 39.375 0.00218024
9.5 41.625 0.00268643
9.5 43.875 0.00304429
9.7 1.125 0.00226188
9.7 3.375 0.00182118
9.7 5.625 0.00189068
9.7 7.875 0.00174231
9.7 10.125 0.00182712
9.7 12.375 0.0017068
9.7 14.625 0.00256011
9.7 16.875 0.00287896
9.7 19.125 0.00270171
9.7 21.375 0.00236623
9.7 23.625 0.00368591
9.7 25.875 0.00268594
9.7 28.125 0.00291714
9.7 30.375 0.0019302
9.7 32.625 0.00246738
9.7 34.875 0.00261736
9.7 37.125 0.00186998
9.7 39.375 0.00285525
9.7 41.625 0.00216442
9.7 43.875 0.00252288
9.9 1.125 0.00236413
9.9 3.375 0.00244405
9.9 5.625 0.00287151
9.9 7.875 0.00257336
9.9 10.125 0.00218447
9.9 12.375 0.00201251
9.9 14.625 0.00189482
9.9 16.875 0.00165041
9.9 19.125 0.00168138
9.9 21.375 0.00213575
9.9 23.625 0.00202073
9.9 25.875 0.00227859
9.9 28.125 0.00198697
9.9 30.375 0.0017945
9.9 32.625 0.00244308
9.9 34.875 0.00377674
9.9 37.125 0.00251749
9.9 39.375 0.00197853
9.9 41.625 0.00261816
9.9 43.875 0.00304914
10.1 1.125 0.0021053
10.1 3.375 0.00188773
10.1 5.625 0.00209435
10.1 7.875 0.00157244
10.1 10.125 0.00319027
10.1 12.375 0.00224121
10.1 14.625 0.00235323
10.1 16.875 0.00227848
10.1 19.125 0.00255041
10.1 21.375 0.00213435
10.1 23.625 0.00247287
10.1 25.875 0.00209404
10.1 28.125 0.00180898
10.1 30.375 0.00168871
10.1 32.625 0.00571136
10.1 34.875 0.00231064
10.1 37.125 0.00284039
10.1 39.375 0.00241584
10.1 41.625 0.0016466
10.1 43.875 0.00185815
10.3 1.125 0.00198024
10.3 3.375 0.00246711
10.3 5.625 0.00299976
10.3 7.875 0.00189434
10.3 10.125 0.00240998
10.3 12.375 0.00237944
10.3 14.625 0.00304082
10.3 16.875 0.00226075
10.3 19.125 0.00271489
10.3 21.375 0.00287221
10.3 23.625 0.0021073
10.3 25.875 0.00299611
10.3 28.125 0.00243285
10.3 30.375 0.00285267
10.3 32.625 0.0023181
10.3 34.875 0.00159109
10.3 37.125 0.00327929
10.3 39.375 0.00190748
10.3 41.625 0.00273325
10.3 43.875 0.00267034
10.5 1.125 0.00263889
10.5 3.375 0.00148637
10.5 5.625 0.00201365
10.5 7.875 0.00226267
10.5 10.125 0.00412744
10.5 12.375 0.00228319
10.5 14.625 0.00248517
10.5 16.875 0.00158194
10.5 19.125 0.00203383
10.5 21.375 0.0018837
10.5 23.625 0.00348826
10.5 25.875 0.00162999
10.5 28.125 0.00216997
10.5 30.375 0.00173719
10.5 32.625 0.00206414
10.5 34.875 0.00435442
10.5 37.125 0.00373548
10.5 39.375 0.00251829
10.5 41.625 0.00374637
10.5 43.875 0.00136606
10.7 1.125 0.00234314
10.7 3.375 0.00241182
10.7 5.625 0.00265378
10.7 7.875 0.00208768
10.7 10.125 0.00233483
10.7 12.375 0.0019972
10.7 14.625 0.00192257
10.7 16.875 0.00234262
10.7 19.125 0.00262468
10.7 21.375 0.00124753
10.7 23.625 0.00153141
10.7 25.875 0.00203183
10.7 28.125 0.00234778
10.7 30.375 0.00231711
10.7 32.625 0.00253812
10.7 34.875 0.00440461
10.7 37.125 0.00204655
10.7 39.375 0.0023391
10.7 41.625 0.00229912
10.7 43.875 0.00333174
10.9 1.125 0.0139322
10.9 3.375 0.0019963
10.9 5.625 0.00218454
10.9 7.875 0.00497781
10.9 10.125 0.00179703
10.9 12.375 0.0019821
10.9 14.625 0.00194945
10.9 16.875 0.00168887
10.9 19.125 0.00194329
10.9 21.375 0.00219077
10.9 23.625 0.00252937
10.9 25.875 0.00509055
10.9 28.125 0.00304911
10.9 30.375 0.00186359
10.9 32.625 0.00208644
10.9 34.875 0.00246526
10.9 37.125 0.00161737
10.9 39.375 0.00257741
10.9 41.625 0.00148714
10.9 43.875 0.00234999
11.1 1.125 0.00169972
11.1 3.375 0.00219341
11.1 5.625 0.00197212
11.1 7.875 0.00193954
11.1 10.125 0.00236959
11.1 12.375 0.0122079
11.1 16.875 0.00182789
11.1 19.125 0.00299243
11.1 21.375 0.00273241
11.1 23.625 0.00196226
11.1 25.875 0.00255072
11.1 28.125 0.00218899
11.1 30.375 0.00272404
11.1 32.625 0.00273275
11.1 34.875 0.0034571
11.1 37.125 0.0018295
11.1 39.375 0.00208036
11.1 41.625 0.0021907
11.1 43.875 0.00221171
11.3 1.125 0.00264337
11.3 3.375 0.00252484
11.3 5.625 0.0017226
11.3 7.875 0.00340077
11.3 10.125 0.00194186
11.3 12.375 0.00207881
11.3 14.625 0.0015226
11.3 16.875 0.00156347
11.3 19.125 0.00214717
11.3 21.375 0.00325056
11.3 23.625 0.00233537
11.3 25.875 0.00204464
11.3 28.125 0.00293871
11.3 30.375 0.00154278
11.3 32.625 0.00221052
11.3 34.875 0.0459675
11.3 37.125 0.00186776
11.3 41.625 0.00188314
11.3 43.875 0.00258519
11.5 1.125 0.00210403
11.5 3.375 0.00278009
11.5 5.625 0.002283
11.5 7.875 0.00205547
11.5 10.125 0.0024898
11.5 12.375 0.00283629
11.5 14.625 0.00335274
11.5 19.125 0.00245589
11.5 21.375 0.00185662
11.5 23.625 0.00247599
11.5 25.875 0.00178587
11.5 28.125 0.0122412
11.5 30.375 0.00326147
11.5 32.625 0.00574705
11.5 34.875 0.00346062
11.5 37.125 0.00313302
11.5 39.375 0.00131731
11.5 41.625 0.00169038
11.5 43.875 0.00177203
11.7 1.125 0.00223896
11.7 3.375 0.00265252
11.7 5.625 0.00284506
11.7 7.875 0.00171773
11.7 10.125 0.00237016
11.7 12.375 0.00184164
11.7 14.625 0.00218005
11.7 19.125 0.00397997
11.7 21.375 0.00233681
11.7 23.625 0.00241263
11.7 25.875 0.00231511
11.7 28.125 0.00193695
11.7 30.375 0.0019482
11.7 32.625 0.0027041
11.7 34.875 0.00218549
11.7 37.125 0.00479624
11.7 39.375 0.00178648
11.7 41.625 0.00212008
11.7 43.875 0.00211274
11.9 1.125 0.00134548
11.9 3.375 0.00309944
11.9 5.625 0.0019221
11.9 7.875 0.00191715
11.9 10.125 0.00249269
11.9 12.375 0.00348835
11.9 14.625 0.00210621
11.9 16.875 0.00623755
11.9 19.125 0.00120711
11.9 21.375 0.00234246
11.9 23.625 0.00208214
11.9 25.875 0.00174863
11.9 28.125 0.00213446
11.9 32.625 0.00211174
11.9 34.875 0.0020603
11.9 37.125 0.00190477
11.9 39.375 0.00256008
11.9 43.875 0.00159046
12.1 1.125 0.00563063
12.1 3.375 0.00209527
12.1 5.625 0.00155643
12.1 7.875 0.00244434
12.1 10.125 0.00251263
12.1 12.375 0.00229085
12.1 14.625 0.00260347
12.1 16.875 0.00216736
12.1 19.125 0.00223666
12.1 21.375 0.00361987
12.1 23.625 0.00288709
12.1 25.875 0.00195924
12.1 28.125 0.00225921
12.1 30.375 0.00354342
12.1 32.625 0.00212833
12.1 34.875 0.00220787
12.1 37.125 0.00544317
12.1 39.375 0.00279243
12.1 41.625 0.00272977
12.3 1.125 0.00130584
12.3 3.375 0.00193962
12.3 5.625 0.00144541
12.3 7.875 0.00179872
12.3 10.125 0.00201152
12.3 12.375 0.00209535
12.3 14.625 0.00260262
12.3 16.875 0.00434003
12.3 19.125 0.00284098
12.3 21.375 0.00208928
12.3 23.625 0.00178581
12.3 25.875 0.00184666
12.3 28.125 0.0023492
12.3 30.375 0.00254666
12.3 32.625 0.00143874
12.3 34.875 0.0029113
12.3 37.125 0.00151308
12.3 39.375 0.00186979
12.3 41.625 0.00313228
12.5 1.125 0.00216667
12.5 3.375 0.00187448
12.5 5.625 0.00383347
12.5 10.125 0.00204741
12.5 14.625 0.00269701
12.5 16.875 0.00225838
12.5 19.125 0.00236006
12.5 21.375 0.00214044
12.5 23.625 0.001999
12.5 25.875 0.00145728
12.5 28.125 0.00291518
12.5 30.375 0.00296054
12.5 32.625 0.00583033
12.5 34.875 0.0172195
12.5 37.125 0.00284691
12.5 39.375 0.00223653
12.5 41.625 0.00261016
12.5 43.875 0.00270224
12.7 1.125 0.00146576
12.7 3.375 0.00296554
12.7 5.625 0.00278823
12.7 7.875 0.00140579
12.7 10.125 0.00167323
12.7 12.375 0.00120172
12.7 16.875 0.00259073
12.7 19.125 0.0482197
12.7 21.375 0.0032358
12.7 23.625 0.00205184
12.7 25.875 0.00185499
12.7 28.125 0.00278278
12.7 30.375 0.0025041
12.7 32.625 0.0013175
12.7 37.125 0.01209
12.7 41.625 0.00322461
12.7 43.875 0.00207683
12.9 5.625 0.00228548
12.9 7.875 0.00171633
12.9 10.125 0.00323453
12.9 12.375 0.00209895
12.9 14.625 0.00327237
12.9 16.875 0.00209501
12.9 19.125 0.00168251
12.9 21.375 0.0331675
12.9 23.625 0.00144571
12.9 25.875 0.00144275
12.9 28.125 0.0012024
12.9 30.375 0.00145797
12.9 37.125 0.00250465
12.9 39.375 0.00173945
12.9 43.875 0.00546878
13.1 10.125 0.00228063
13.1 12.375 0.00357482
13.1 14.625 0.00181796
13.1 16.875 0.00146686
13.1 21.375 0.00329589
13.1 23.625 0.00209582
13.1 25.875 0.00420115
13.1 28.125 0.00174034
13.1 32.625 0.00192177
13.1 37.125 0.00303476
13.1 41.625 0.00287043
13.1 43.875 0.00275071
13.3 1.125 0.00145714
13.3 10.125 0.00186448
13.3 16.875 0.00274792
13.3 19.125 0.00190798
13.3 21.375 0.00366615
13.3 23.625 0.00179039
13.3 25.875 0.00248111
13.3 32.625 0.00271118
13.3 37.125 0.00130777
13.5 1.125 0.00176972
13.5 5.625 0.00272163
13.5 12.375 0.00296926
13.5 23.625 0.00236461
13.5 28.125 0.00148004
13.5 30.375 0.00122833
13.5 43.875 0.00167225
13.7 1.125 0.00186411
13.7 3.375 0.00284279
13.7 10.125 0.00134849
13.7 14.625 0.00190448
13.7 16.875 0.00259858
13.7 23.625 0.00194682
13.9 3.375 0.00147585
13.9 5.625 0.00157586
13.9 10.125 0.0040234
13.9 14.625 0.00238336
13.9 30.375 0.0153977
13.9 39.375 0.00180353
13.9 43.875 0.00197025
