0.1 1.125 0.337511
0.1 3.375 0.331221
0.1 5.625 0.343636
0.1 7.875 0.336804
0.1 10.125 0.345337
0.1 12.375 0.34517
0.1 14.625 0.339729
0.1 16.875 0.334496
0.1 19.125 0.338924
0.1 21.375 0.332318
0.1 23.625 0.327842
0.1 25.875 0.336768
0.1 28.125 0.329044
0.1 30.375 0.307401
0.1 32.625 0.339206
0.1 34.875 0.339491
0.1 37.125 0.341646
0.1 39.375 0.343571
0.1 41.625 0.34018
0.1 43.875 0.33304
0.3 1.125 0.324453
0.3 3.375 0.333307
0.3 5.625 0.326853
0.3 7.875 0.329675
0.3 10.125 0.319202
0.3 12.375 0.32083
0.3 14.625 0.325562
0.3 16.875 0.324961
0.3 19.125 0.326799
0.3 21.375 0.324201
0.3 23.625 0.325578
0.3 25.875 0.326631
0.3 28.125 0.316378
0.3 30.375 0.309737
0.3 32.625 0.323422
0.3 34.875 0.321664
0.3 37.125 0.323407
0.3 39.375 0.327971
0.3 41.625 0.331132
0.3 43.875 0.309831
0.5 1.125 0.305799
0.5 3.375 0.314316
0.5 5.625 0.31269
0.5 7.875 0.319697
0.5 10.125 0.315194
0.5 12.375 0.302673
0.5 14.625 0.31104
0.5 16.875 0.318914
0.5 19.125 0.31257
0.5 21.375 0.314745
0.5 23.625 0.307302
0.5 25.875 0.310654
0.5 28.125 0.31155
0.5 30.375 0.310217
0.5 32.625 0.304615
0.5 34.875 0.299006
0.5 37.125 0.295674
0.5 39.375 0.312357
0.5 41.625 0.301176
0.5 43.875 0.313328
0.7 1.125 0.29579
0.7 3.375 0.292862
0.7 5.625 0.297955
0.7 7.875 0.299132
0.7 10.125 0.293117
0.7 12.375 0.296042
0.7 14.625 0.287541
0.7 16.875 0.287938
0.7 19.125 0.295918
0.7 21.375 0.277373
0.7 23.625 0.28129
0.7 25.875 0.282972
0.7 28.125 0.268708
0.7 30.375 0.284269
0.7 32.625 0.279599
0.7 34.875 0.286831
0.7 37.125 0.28627
0.7 39.375 0.281528
0.7 41.625 0.280824
0.7 43.875 0.282783
0.9 1.125 0.258314
0.9 3.375 0.267664
0.9 5.625 0.26563
0.9 7.875 0.257646
0.9 10.125 0.260328
0.9 12.375 0.266413
0.9 14.625 0.258864
0.9 16.875 0.260655
0.9 19.125 0.244466
0.9 21.375 0.248369
0.9 23.625 0.246801
0.9 25.875 0.25446
0.9 28.125 0.256452
0.9 30.375 0.263024
0.9 32.625 0.24655
0.9 34.875 0.248899
0.9 37.125 0.248461
0.9 39.375 0.236543
0.9 41.625 0.246268
0.9 43.875 0.254268
1.1 1.125 0.213709
1.1 3.375 0.211091
1.1 5.625 0.209679
1.1 7.875 0.222202
1.1 10.125 0.203926
1.1 12.375 0.209333
1.1 14.625 0.200246
1.1 16.875 0.205168
1.1 19.125 0.210726
1.1 21.375 0.204916
1.1 23.625 0.218112
1.1 25.875 0.213016
1.1 28.125 0.226549
1.1 30.375 0.202405
1.1 32.625 0.216028
1.1 34.875 0.209346
1.1 37.125 0.207965
1.1 39.375 0.217529
1.1 41.625 0.197795
1.1 43.875 0.222097
1.3 1.125 0.144252
1.3 3.375 0.142765
1.3 5.625 0.142241
1.3 7.875 0.142487
1.3 10.125 0.1486
1.3 12.375 0.157199
1.3 14.625 0.146819
1.3 16.875 0.165701
1.3 19.125 0.147439
1.3 21.375 0.150795
1.3 23.625 0.166209
1.3 25.875 0.153275
1.3 28.125 0.156707
1.3 30.375 0.163414
1.3 32.625 0.176036
1.3 34.875 0.178299
1.3 37.125 0.170309
1.3 39.375 0.186033
1.3 41.625 0.190068
1.3 43.875 0.187306
1.5 1.125 0.0910829
1.5 3.375 0.0883157
1.5 5.625 0.0873618
1.5 7.875 0.0928025
1.5 10.125 0.0982893
1.5 12.375 0.0962722
1.5 14.625 0.0973566
1.5 16.875 0.103928
1.5 19.125 0.109674
1.5 21.375 0.0860059
1.5 23.625 0.126866
1.5 25.875 0.111344
1.5 28.125 0.11098
1.5 30.375 0.133036
1.5 32.625 0.125311
1.5 34.875 0.11479
1.5 37.125 0.132378
1.5 39.375 0.143688
1.5 41.625 0.136176
1.5 43.875 0.132517
1.7 1.125 0.0569216
1.7 3.375 0.0566953
1.7 5.625 0.0556398
1.7 7.875 0.0614289
1.7 10.125 0.0610885
1.7 12.375 0.0634707
1.7 14.625 0.0666556
1.7 16.875 0.0735153
1.7 19.125 0.0722282
1.7 21.375 0.0781911
1.7 23.625 0.0773514
1.7 25.875 0.0745033
1.7 28.125 0.0814198
1.7 30.375 0.0832834
1.7 32.625 0.0707668
1.7 34.875 0.0794615
1.7 37.125 0.096231
1.7 39.375 0.0884135
1.7 41.625 0.0945228
1.7 43.875 0.0981359
1.9 1.125 0.03515
1.9 3.375 0.036849
1.9 5.625 0.0373813
1.9 7.875 0.0377506
1.9 10.125 0.0414488
1.9 12.375 0.0419264
1.9 14.625 0.0391897
1.9 16.875 0.0444538
1.9 19.125 0.0528607
1.9 21.375 0.0446439
1.9 23.625 0.0494639
1.9 25.875 0.0546651
1.9 28.125 0.0603139
1.9 30.375 0.0579296
1.9 32.625 0.0544135
1.9 34.875 0.0522305
1.9 37.125 0.0597426
1.9 39.375 0.062095
1.9 41.625 0.0572728
1.9 43.875 0.0647582
2.1 1.125 0.0233132
2.1 3.375 0.0229102
2.1 5.625 0.0235264
2.1 7.875 0.0232785
2.1 10.125 0.0215841
2.1 12.375 0.0284759
2.1 14.625 0.0262006
2.1 16.875 0.0285337
2.1 19.125 0.0318923
2.1 21.375 0.0331775
2.1 23.625 0.0340375
2.1 25.875 0.0367475
2.1 28.125 0.0386618
2.1 30.375 0.0369987
2.1 32.625 0.0434366
2.1 34.875 0.039049
2.1 37.125 0.0380107
2.1 39.375 0.0406349
2.1 41.625 0.0429107
2.1 43.875 0.0488482
2.3 1.125 0.0122193
2.3 3.375 0.0120648
2.3 5.625 0.011448
2.3 7.875 0.0125171
2.3 10.125 0.0124836
2.3 12.375 0.0150688
2.3 14.625 0.0190044
2.3 16.875 0.0155138
2.3 19.125 0.0171836
2.3 21.375 0.0176412
2.3 23.625 0.0184869
2.3 25.875 0.0224125
2.3 28.125 0.0226928
2.3 30.375 0.023913
2.3 32.625 0.0293843
2.3 34.875 0.0241982
2.3 37.125 0.0305954
2.3 39.375 0.0271636
2.3 41.625 0.0283368
2.3 43.875 0.0280618
2.5 1.125 0.00690108
2.5 3.375 0.00684816
2.5 5.625 0.00807843
2.5 7.875 0.00793491
2.5 10.125 0.00826623
2.5 12.375 0.00992393
2.5 14.625 0.00811967
2.5 16.875 0.00881921
2.5 19.125 0.0103608
2.5 21.375 0.0106804
2.5 23.625 0.0116312
2.5 25.875 0.0126508
2.5 28.125 0.0141348
2.5 30.375 0.0162257
2.5 32.625 0.0173289
2.5 34.875 0.0174008
2.5 37.125 0.0220542
2.5 39.375 0.0197118
2.5 41.625 0.0178283
2.5 43.875 0.0200872
2.7 1.125 0.00704812
2.7 3.375 0.00777342
2.7 5.625 0.00771392
2.7 7.875 0.00606588
2.7 10.125 0.00760231
2.7 12.375 0.0059206
2.7 14.625 0.00674452
2.7 16.875 0.00675238
2.7 19.125 0.00773877
2.7 21.375 0.00664959
2.7 23.625 0.00723791
2.7 25.875 0.00724457
2.7 28.125 0.00889646
2.7 30.375 0.0103651
2.7 32.625 0.0108676
2.7 34.875 0.0112931
2.7 37.125 0.0128631
2.7 39.375 0.0129241
2.7 41.625 0.0138879
2.7 43.875 0.0146044
2.9 1.125 0.0060916
2.9 3.375 0.00593859
2.9 5.625 0.00524986
2.9 7.875 0.00644432
2.9 10.125 0.00535093
2.9 12.375 0.00574095
2.9 14.625 0.0069905
2.9 16.875 0.00607185
2.9 19.125 0.00541082
2.9 21.375 0.00587765
2.9 23.625 0.00566316
2.9 25.875 0.0062553
2.9 28.125 0.00587995
2.9 30.375 0.0068805
2.9 32.625 0.0067081
2.9 34.875 0.00777159
2.9 37.125 0.00852907
2.9 39.375 0.00929853
2.9 41.625 0.00921786
2.9 43.875 0.010921
3.1 1.125 0.00498791
3.1 3.375 0.00498223
3.1 5.625 0.00491682
3.1 7.875 0.0112793
3.1 10.125 0.00639685
3.1 12.375 0.00524061
3.1 14.625 0.00493058
3.1 16.875 0.00506747
3.1 19.125 0.00462419
3.1 21.375 0.00538218
3.1 23.625 0.0050798
3.1 25.875 0.00576007
3.1 28.125 0.00542051
3.1 30.375 0.00604054
3.1 32.625 0.00550359
3.1 34.875 0.0056132
3.1 37.125 0.00552341
3.1 39.375 0.00645834
3.1 41.625 0.00738087
3.1 43.875 0.00833505
3.3 1.125 0.00553112
3.3 3.375 0.0042447
3.3 5.625 0.00446911
3.3 7.875 0.00668806
3.3 10.125 0.00509555
3.3 12.375 0.00514416
3.3 14.625 0.00413357
3.3 16.875 0.00514523
3.3 19.125 0.00479329
3.3 21.375 0.00487703
3.3 23.625 0.00488099
3.3 25.875 0.00449977
3.3 28.125 0.00452478
3.3 30.375 0.00471944
3.3 32.625 0.0062028
3.3 34.875 0.00467211
3.3 37.125 0.00495803
3.3 39.375 0.00492631
3.3 41.625 0.00542552
3.3 43.875 0.00577328
3.5 1.125 0.00479577
3.5 3.375 0.00445674
3.5 5.625 0.00641902
3.5 7.875 0.00411679
3.5 10.125 0.00475186
3.5 12.375 0.00390829
3.5 14.625 0.00804816
3.5 16.875 0.0087802
3.5 19.125 0.00365429
3.5 21.375 0.00438158
3.5 23.625 0.00560801
3.5 25.875 0.00415882
3.5 28.125 0.00416851
3.5 30.375 0.00622647
3.5 32.625 0.00534978
3.5 34.875 0.00475445
3.5 37.125 0.00486514
3.5 39.375 0.00533374
3.5 41.625 0.00427535
3.5 43.875 0.00411835
3.7 1.125 0.00448689
3.7 3.375 0.00444286
3.7 5.625 0.00543089
3.7 7.875 0.00391166
3.7 10.125 0.00482951
3.7 12.375 0.00392678
3.7 14.625 0.00415474
3.7 16.875 0.00414978
3.7 19.125 0.00459958
3.7 21.375 0.00430553
3.7 23.625 0.0042419
3.7 25.875 0.00405947
3.7 28.125 0.00422421
3.7 30.375 0.00532628
3.7 32.625 0.00473337
3.7 34.875 0.00430068
3.7 37.125 0.0048645
3.7 39.375 0.00428177
3.7 41.625 0.00392857
3.7 43.875 0.0034889
3.9 1.125 0.004587
3.9 3.375 0.00450262
3.9 5.625 0.00549144
3.9 7.875 0.00402461
3.9 10.125 0.00879332
3.9 12.375 0.00423688
3.9 14.625 0.0046399
3.9 16.875 0.00870271
3.9 19.125 0.00415149
3.9 21.375 0.0052669
3.9 23.625 0.00495688
3.9 25.875 0.00401465
3.9 28.125 0.00469652
3.9 30.375 0.0042117
3.9 32.625 0.00462755
3.9 34.875 0.00408684
3.9 37.125 0.00410242
3.9 39.375 0.0036161
3.9 41.625 0.00332108
3.9 43.875 0.00430608
4.1 1.125 0.00412086
4.1 3.375 0.00414732
4.1 5.625 0.00378177
4.1 7.875 0.00839649
4.1 10.125 0.00390203
4.1 12.375 0.00678467
4.1 14.625 0.00376699
4.1 16.875 0.00402948
4.1 19.125 0.00431404
4.1 21.375 0.0040843
4.1 23.625 0.00432871
4.1 25.875 0.00426917
4.1 28.125 0.00403235
4.1 30.375 0.00486792
4.1 32.625 0.00413662
4.1 34.875 0.00444646
4.1 37.125 0.00381038
4.1 39.375 0.00312812
4.1 41.625 0.00321287
4.1 43.875 0.00335154
4.3 1.125 0.00389999
4.3 3.375 0.00402272
4.3 5.625 0.00420344
4.3 7.875 0.00395223
4.3 10.125 0.00404892
4.3 12.375 0.00378353
4.3 14.625 0.00377634
4.3 16.875 0.00333941
4.3 19.125 0.00352485
4.3 21.375 0.00519692
4.3 23.625 0.00500126
4.3 25.875 0.00407647
4.3 28.125 0.00411176
4.3 30.375 0.00382328
4.3 32.625 0.00348778
4.3 34.875 0.00348325
4.3 37.125 0.00315737
4.3 39.375 0.00352719
4.3 41.625 0.0031748
4.3 43.875 0.00340357
4.5 1.125 0.00343644
4.5 3.375 0.00323133
4.5 5.625 0.00303496
4.5 7.875 0.00338239
4.5 10.125 0.00417834
4.5 12.375 0.00363512
4.5 14.625 0.00328699
4.5 16.875 0.00398104
4.5 19.125 0.0041562
4.5 21.375 0.00339132
4.5 23.625 0.00389474
4.5 25.875 0.00462612
4.5 28.125 0.00402919
4.5 30.375 0.0038855
4.5 32.625 0.00344306
4.5 34.875 0.00369815
4.5 37.125 0.00282715
4.5 39.375 0.0028529
4.5 41.625 0.00301789
4.5 43.875 0.00313572
4.7 1.125 0.00318282
4.7 3.375 0.00324032
4.7 5.625 0.00324423
4.7 7.875 0.00334444
4.7 10.125 0.00484695
4.7 12.375 0.00339416
4.7 14.625 0.00397869
4.7 16.875 0.0037591
4.7 19.125 0.00331414
4.7 21.375 0.00353339
4.7 23.625 0.00367277
4.7 25.875 0.00378212
4.7 28.125 0.00349079
4.7 30.375 0.00367145
4.7 32.625 0.00302223
4.7 34.875 0.00322822
4.7 37.125 0.00296142
4.7 39.375 0.00307067
4.7 41.625 0.00336134
4.7 43.875 0.00396558
4.9 1.125 0.00258107
4.9 3.375 0.00304064
4.9 5.625 0.00271252
4.9 7.875 0.00304655
4.9 10.125 0.00305728
4.9 12.375 0.00275653
4.9 14.625 0.0034643
4.9 16.875 0.00342692
4.9 19.125 0.00371259
4.9 21.375 0.00333903
4.9 23.625 0.00362862
4.9 25.875 0.00353066
4.9 28.125 0.0037161
4.9 30.375 0.00307538
4.9 32.625 0.00318931
4.9 34.875 0.00342639
4.9 37.125 0.0025659
4.9 39.375 0.00251729
4.9 41.625 0.00319737
4.9 43.875 0.00399721
5.1 1.125 0.00451622
5.1 3.375 0.00293049
5.1 5.625 0.00306804
5.1 7.875 0.00252502
5.1 10.125 0.00280019
5.1 12.375 0.00262473
5.1 14.625 0.00286956
5.1 16.875 0.00297703
5.1 19.125 0.00269638
5.1 21.375 0.00308646
5.1 23.625 0.00340568
5.1 25.875 0.00334121
5.1 28.125 0.00328944
5.1 30.375 0.00271219
5.1 32.625 0.00304381
5.1 34.875 0.00309246
5.1 37.125 0.00273689
5.1 39.375 0.00249309
5.1 41.625 0.00275806
5.1 43.875 0.00297253
5.3 1.125 0.0032926
5.3 3.375 0.00286399
5.3 5.625 0.00475368
5.3 7.875 0.00277225
5.3 10.125 0.00274688
5.3 12.375 0.00302613
5.3 14.625 0.00282541
5.3 16.875 0.00240093
5.3 19.125 0.0031941
5.3 21.375 0.00267288
5.3 23.625 0.00320239
5.3 25.875 0.00316326
5.3 28.125 0.00276455
5.3 30.375 0.00284877
5.3 32.625 0.0032441
5.3 34.875 0.0029844
5.3 37.125 0.00557271
5.3 39.375 0.00279113
5.3 41.625 0.00345771
5.3 43.875 0.00330074
5.5 1.125 0.00248961
5.5 3.375 0.00264422
5.5 5.625 0.00255927
5.5 7.875 0.00226959
5.5 10.125 0.00208823
5.5 12.375 0.00264981
5.5 14.625 0.00267531
5.5 16.875 0.00251017
5.5 19.125 0.00260825
5.5 21.375 0.00297724
5.5 23.625 0.00425275
5.5 25.875 0.00272574
5.5 28.125 0.00283983
5.5 30.375 0.00298393
5.5 32.625 0.00326727
5.5 34.875 0.00289824
5.5 37.125 0.00313645
5.5 39.375 0.00278001
5.5 41.625 0.00320066
5.5 43.875 0.00303332
5.7 1.125 0.00290048
5.7 3.375 0.00491446
5.7 5.625 0.00284093
5.7 7.875 0.00245313
5.7 10.125 0.00256803
5.7 12.375 0.002121
5.7 14.625 0.002866
5.7 16.875 0.00273692
5.7 19.125 0.00298157
5.7 21.375 0.00270051
5.7 23.625 0.00321049
5.7 25.875 0.0049055
5.7 28.125 0.00245588
5.7 30.375 0.00412731
5.7 32.625 0.00274554
5.7 34.875 0.00300352
5.7 37.125 0.00315251
5.7 39.375 0.00329124
5.7 41.625 0.00306584
5.7 43.875 0.003135
5.9 1.125 0.00294524
5.9 3.375 0.00247538
5.9 5.625 0.00218686
5.9 7.875 0.00263276
5.9 10.125 0.0023696
5.9 12.375 0.00236153
5.9 14.625 0.00328055
5.9 16.875 0.00258463
5.9 19.125 0.00272757
5.9 21.375 0.00275897
5.9 23.625 0.00275788
5.9 25.875 0.00272874
5.9 28.125 0.0029327
5.9 30.375 0.00252398
5.9 32.625 0.00238231
5.9 34.875 0.0027973
5.9 37.125 0.00555737
5.9 39.375 0.00269533
5.9 41.625 0.00270293
5.9 43.875 0.00305491
6.1 1.125 0.00218787
6.1 3.375 0.0027398
6.1 5.625 0.0026886
6.1 7.875 0.00249957
6.1 10.125 0.00231836
6.1 12.375 0.00247368
6.1 14.625 0.00254469
6.1 16.875 0.00306963
6.1 19.125 0.00242418
6.1 21.375 0.00264623
6.1 23.625 0.00251555
6.1 25.875 0.0023472
6.1 28.125 0.00248569
6.1 30.375 0.00193277
6.1 32.625 0.00255984
6.1 34.875 0.00273435
6.1 37.125 0.00270891
6.1 39.375 0.00287494
6.1 41.625 0.00334217
6.1 43.875 0.00321801
6.3 1.125 0.00275581
6.3 3.375 0.00301045
6.3 5.625 0.0026332
6.3 7.875 0.0024954
6.3 10.125 0.00198872
6.3 12.375 0.00276887
6.3 14.625 0.00282658
6.3 16.875 0.00263181
6.3 19.125 0.00253942
6.3 21.375 0.00240729
6.3 23.625 0.00241354
6.3 25.875 0.00350899
6.3 28.125 0.00673879
6.3 30.375 0.00247405
6.3 32.625 0.00247585
6.3 34.875 0.00258616
6.3 37.125 0.00226072
6.3 39.375 0.00243884
6.3 41.625 0.00286929
6.3 43.875 0.00317534
6.5 1.125 0.00285851
6.5 3.375 0.00228747
6.5 5.625 0.00235971
6.5 7.875 0.00306949
6.5 10.125 0.00230839
6.5 12.375 0.00263937
6.5 14.625 0.00263051
6.5 16.875 0.00334667
6.5 19.125 0.002582
6.5 21.375 0.00277962
6.5 23.625 0.00233684
6.5 25.875 0.00239784
6.5 28.125 0.00219531
6.5 30.375 0.00237862
6.5 32.625 0.00225012
6.5 34.875 0.00200576
6.5 37.125 0.00260929
6.5 39.375 0.0024924
6.5 41.625 0.00266519
6.5 43.875 0.00277125
6.7 1.125 0.00295781
6.7 3.375 0.00261703
6.7 5.625 0.00274222
6.7 7.875 0.00293578
6.7 10.125 0.00275014
6.7 12.375 0.00288408
6.7 14.625 0.00290584
6.7 16.875 0.00341098
6.7 19.125 0.00262806
6.7 21.375 0.00263068
6.7 23.625 0.00249392
6.7 25.875 0.00201984
6.7 28.125 0.00311137
6.7 30.375 0.00234216
6.7 32.625 0.00266423
6.7 34.875 0.00248224
6.7 37.125 0.00270584
6.7 39.375 0.0025124
6.7 41.625 0.00246839
6.7 43.875 0.00247666
6.9 1.125 0.00261072
6.9 3.375 0.00243603
6.9 5.625 0.00249676
6.9 7.875 0.0027579
6.9 10.125 0.00299156
6.9 12.375 0.00269349
6.9 14.625 0.00709838
6.9 16.875 0.00249702
6.9 19.125 0.00247366
6.9 21.375 0.00267838
6.9 23.625 0.00252201
6.9 25.875 0.00234352
6.9 28.125 0.00235265
6.9 30.375 0.0028574
6.9 32.625 0.00234161
6.9 34.875 0.00172261
6.9 37.125 0.00248004
6.9 39.375 0.00273695
6.9 41.625 0.00350175
6.9 43.875 0.00382118
7.1 1.125 0.00249268
7.1 3.375 0.00286666
7.1 5.625 0.00255406
7.1 7.875 0.00213274
7.1 10.125 0.00233061
7.1 12.375 0.0023013
7.1 14.625 0.00311872
7.1 16.875 0.0024092
7.1 19.125 0.00274686
7.1 21.375 0.00219317
7.1 23.625 0.00285815
7.1 25.875 0.00296469
7.1 28.125 0.00226373
7.1 30.375 0.0023488
7.1 32.625 0.00235614
7.1 34.875 0.00251288
7.1 37.125 0.00219352
7.1 39.375 0.00231123
7.1 41.625 0.00238328
7.1 43.875 0.00226923
7.3 1.125 0.00211841
7.3 3.375 0.00225348
7.3 5.625 0.00214631
7.3 7.875 0.00228578
7.3 10.125 0.00536037
7.3 12.375 0.00289217
7.3 14.625 0.00258084
7.3 16.875 0.00251474
7.3 19.125 0.00253727
7.3 21.375 0.00254779
7.3 23.625 0.0023279
7.3 25.875 0.00243934
7.3 28.125 0.00249524
7.3 30.375 0.00235622
7.3 32.625 0.00248608
7.3 34.875 0.00245516
7.3 37.125 0.00264262
7.3 39.375 0.00276497
7.3 41.625 0.0023577
7.3 43.875 0.00263472
7.5 1.125 0.00208912
7.5 3.375 0.00227784
7.5 5.625 0.00187686
7.5 7.875 0.00205202
7.5 10.125 0.0023978
7.5 12.375 0.00224801
7.5 14.625 0.00200919
7.5 16.875 0.00253891
7.5 19.125 0.0025942
7.5 21.375 0.00234167
7.5 23.625 0.00254132
7.5 25.875 0.00199049
7.5 28.125 0.00317406
7.5 30.375 0.0026292
7.5 32.625 0.0015348
7.5 34.875 0.00215354
7.5 37.125 0.00223855
7.5 39.375 0.00210348
7.5 41.625 0.00233296
7.5 43.875 0.00225591
7.7 1.125 0.00360815
7.7 3.375 0.00664356
7.7 5.625 0.00222679
7.7 7.875 0.00221537
7.7 10.125 0.00415186
7.7 12.375 0.00543181
7.7 14.625 0.00172852
7.7 16.875 0.00215398
7.7 19.125 0.00205908
7.7 21.375 0.00244349
7.7 23.625 0.00283049
7.7 25.875 0.00252486
7.7 28.125 0.00243408
7.7 30.375 0.00255156
7.7 32.625 0.00346617
7.7 34.875 0.00237784
7.7 37.125 0.00248937
7.7 39.375 0.00208405
7.7 41.625 0.00269132
7.7 43.875 0.00192083
7.9 1.125 0.0022627
7.9 3.375 0.00227468
7.9 5.625 0.00226564
7.9 7.875 0.00244294
7.9 10.125 0.00200956
7.9 12.375 0.0031901
7.9 14.625 0.00216264
7.9 16.875 0.00224628
7.9 19.125 0.00273104
7.9 21.375 0.00265501
7.9 23.625 0.00205067
7.9 25.875 0.00300235
7.9 28.125 0.00216242
7.9 30.375 0.0027179
7.9 32.625 0.00277218
7.9 34.875 0.0026739
7.9 37.125 0.00250035
7.9 39.375 0.00231766
7.9 41.625 0.00226776
7.9 43.875 0.002266
8.1 1.125 0.00208034
8.1 3.375 0.0017835
8.1 5.625 0.00175982
8.1 7.875 0.00212703
8.1 10.125 0.00286501
8.1 12.375 0.00167963
8.1 14.625 0.00227022
8.1 16.875 0.00228009
8.1 19.125 0.00206922
8.1 21.375 0.00242775
8.1 23.625 0.00222394
8.1 25.875 0.00242879
8.1 28.125 0.00229661
8.1 30.375 0.00265173
8.1 32.625 0.00266422
8.1 34.875 0.00254993
8.1 37.125 0.00201547
8.1 39.375 0.00232889
8.1 41.625 0.00196844
8.1 43.875 0.00240955
8.3 1.125 0.00200935
8.3 3.375 0.00206989
8.3 5.625 0.00182565
8.3 7.875 0.00196968
8.3 10.125 0.00199646
8.3 12.375 0.00227967
8.3 14.625 0.00182873
8.3 16.875 0.00221645
8.3 19.125 0.00180194
8.3 21.375 0.00178505
8.3 23.625 0.00180117
8.3 25.875 0.002454
8.3 28.125 0.00253964
8.3 30.375 0.00230625
8.3 32.625 0.00223378
8.3 34.875 0.00227235
8.3 37.125 0.00204419
8.3 39.375 0.00221113
8.3 41.625 0.00230748
8.3 43.875 0.00207009
8.5 1.125 0.00214423
8.5 3.375 0.00258923
8.5 5.625 0.00827956
8.5 7.875 0.0025466
8.5 10.125 0.00186854
8.5 12.375 0.00244235
8.5 14.625 0.00266514
8.5 16.875 0.00235404
8.5 19.125 0.00245137
8.5 21.375 0.00429676
8.5 23.625 0.00241897
8.5 25.875 0.00207663
8.5 28.125 0.00185121
8.5 30.375 0.001997
8.5 32.625 0.00256619
8.5 34.875 0.00192609
8.5 37.125 0.00201882
8.5 39.375 0.00180214
8.5 41.625 0.00269525
8.5 43.875 0.00184849
8.7 1.125 0.0020498
8.7 3.375 0.00248811
8.7 5.625 0.00250947
8.7 7.875 0.00483651
8.7 10.125 0.0022861
8.7 12.375 0.00187101
8.7 14.625 0.00206761
8.7 16.875 0.00216619
8.7 19.125 0.00305039
8.7 21.375 0.00157963
8.7 23.625 0.00202466
8.7 25.875 0.00247753
8.7 28.125 0.00260471
8.7 30.375 0.00223551
8.7 32.625 0.00194338
8.7 34.875 0.00184662
8.7 37.125 0.00199044
8.7 39.375 0.0024895
8.7 41.625 0.00248622
8.7 43.875 0.00198394
8.9 1.125 0.00261393
8.9 3.375 0.00203853
8.9 5.625 0.00243486
8.9 7.875 0.00226964
8.9 10.125 0.00203309
8.9 12.375 0.00243452
8.9 14.625 0.00176429
8.9 16.875 0.00189845
8.9 19.125 0.00221112
8.9 21.375 0.00357363
8.9 23.625 0.00243691
8.9 25.875 0.00204604
8.9 28.125 0.00203312
8.9 30.375 0.00160734
8.9 32.625 0.00203207
8.9 34.875 0.00189758
8.9 37.125 0.00219539
8.9 39.375 0.00265102
8.9 41.625 0.0018572
8.9 43.875 0.00238957
9.1 1.125 0.00253573
9.1 3.375 0.00180749
9.1 5.625 0.0018095
9.1 7.875 0.00210594
9.1 10.125 0.00175746
9.1 12.375 0.00218579
9.1 14.625 0.00228209
9.1 16.875 0.00260829
9.1 19.125 0.00246798
9.1 21.375 0.00180141
9.1 23.625 0.00179779
9.1 25.875 0.00242712
9.1 28.125 0.00211469
9.1 30.375 0.00236366
9.1 32.625 0.00169472
9.1 34.875 0.00221651
9.1 37.125 0.00197201
9.1 39.375 0.00168844
9.1 41.625 0.00309008
9.1 43.875 0.00195486
9.3 1.125 0.00195709
9.3 3.375 0.00285885
9.3 5.625 0.00272369
9.3 7.875 0.00289122
9.3 10.125 0.00223115
9.3 12.375 0.00282246
9.3 14.625 0.00231156
9.3 16.875 0.00248181
9.3 19.125 0.00203555
9.3 21.375 0.00242776
9.3 23.625 0.0014957
9.3 25.875 0.00249328
9.3 28.125 0.00290287
9.3 30.375 0.00192635
9.3 32.625 0.00168246
9.3 34.875 0.00215881
9.3 37.125 0.00241849
9.3 39.375 0.00234437
9.3 41.625 0.00226355
9.3 43.875 0.00200367
9.5 1.125 0.00219441
9.5 3.375 0.00180181
9.5 5.625 0.00203575
9.5 7.875 0.00248924
9.5 10.125 0.0017796
9.5 12.375 0.00214504
9.5 14.625 0.00253756
9.5 16.875 0.00204281
9.5 19.125 0.00194615
9.5 21.375 0.0020611
9.5 23.625 0.00249857
9.5 25.875 0.00233053
9.5 28.125 0.00295997
9.5 30.375 0.00227669
9.5 32.625 0.00224178
9.5 34.875 0.00193096
9.5 37.125 0.00216742
9.5 39.375 0.00270584
9.5 41.625 0.00227079
9.5 43.875 0.00213664
9.7 1.125 0.00200001
9.7 3.375 0.00254569
9.7 5.625 0.00213941
9.7 7.875 0.00180786
9.7 10.125 0.00288841
9.7 12.375 0.00208797
9.7 14.625 0.00195479
9.7 16.875 0.00155843
9.7 19.125 0.0027164
9.7 21.375 0.00158798
9.7 23.625 0.00201412
9.7 25.875 0.00196689
9.7 28.125 0.00197255
9.7 30.375 0.00225334
9.7 32.625 0.00229132
9.7 34.875 0.00233774
9.7 37.125 0.00212086
9.7 39.375 0.0023667
9.7 41.625 0.00229185
9.7 43.875 0.00200232
9.9 1.125 0.00528795
9.9 3.375 0.00191851
9.9 5.625 0.00220443
9.9 7.875 0.00256977
9.9 10.125 0.00214501
9.9 12.375 0.00234862
9.9 14.625 0.00245837
9.9 16.875 0.00236012
9.9 19.125 0.0020824
9.9 21.375 0.001802
9.9 23.625 0.00242433
9.9 25.875 0.00331569
9.9 28.125 0.00261602
9.9 30.375 0.00242321
9.9 32.625 0.00246019
9.9 34.875 0.00164286
9.9 37.125 0.00202505
9.9 39.375 0.00370061
9.9 41.625 0.00202537
9.9 43.875 0.00190352
10.1 1.125 0.00226685
10.1 3.375 0.00180182
10.1 5.625 0.00315446
10.1 7.875 0.0104515
10.1 10.125 0.00228002
10.1 12.375 0.00232257
10.1 14.625 0.00198232
10.1 16.875 0.00197669
10.1 19.125 0.0018234
10.1 21.375 0.00241836
10.1 23.625 0.00195403
10.1 25.875 0.00181635
10.1 28.125 0.00216579
10.1 30.375 0.00233009
10.1 32.625 0.00233136
10.1 34.875 0.00201986
10.1 37.125 0.00227448
10.1 39.375 0.00177619
10.1 41.625 0.00238588
10.1 43.875 0.00271308
10.3 1.125 0.00140271
10.3 3.375 0.0016865
10.3 5.625 0.00329509
10.3 7.875 0.00727526
10.3 10.125 0.00248191
10.3 12.375 0.00202876
10.3 14.625 0.00614276
10.3 16.875 0.00202627
10.3 19.125 0.00245647
10.3 21.375 0.00190317
10.3 23.625 0.00226278
10.3 25.875 0.00262784
10.3 28.125 0.00222373
10.3 30.375 0.00224459
10.3 32.625 0.00244358
10.3 34.875 0.00197153
10.3 37.125 0.00175039
10.3 39.375 0.00183636
10.3 41.625 0.00257868
10.3 43.875 0.00230493
10.5 1.125 0.00177634
10.5 3.375 0.00226187
10.5 5.625 0.00167037
10.5 7.875 0.00259776
10.5 10.125 0.00225016
10.5 12.375 0.00212437
10.5 14.625 0.00177007
10.5 16.875 0.00186493
10.5 19.125 0.00176153
10.5 21.375 0.00188445
10.5 23.625 0.00201181
10.5 25.875 0.00186921
10.5 28.125 0.00193608
10.5 30.375 0.00237373
10.5 32.625 0.0035533
10.5 34.875 0.00259666
10.5 37.125 0.00204368
10.5 39.375 0.00218397
10.5 41.625 0.00202844
10.5 43.875 0.00183777
10.7 1.125 0.00328631
10.7 3.375 0.00172516
10.7 5.625 0.00155005
10.7 7.875 0.00225224
10.7 10.125 0.00168628
10.7 12.375 0.00200198
10.7 14.625 0.00169008
10.7 16.875 0.0017712
10.7 19.125 0.00223681
10.7 21.375 0.00192494
10.7 23.625 0.00200423
10.7 25.875 0.00249427
10.7 28.125 0.00211221
10.7 30.375 0.00209999
10.7 32.625 0.00252979
10.7 34.875 0.0024108
10.7 37.125 0.00404739
10.7 41.625 0.00165873
10.7 43.875 0.00203268
10.9 1.125 0.00300194
10.9 3.375 0.00181694
10.9 5.625 0.0021089
10.9 7.875 0.00285854
10.9 10.125 0.0023764
10.9 12.375 0.001936
10.9 14.625 0.00599444
10.9 16.875 0.00125622
10.9 19.125 0.00169132
10.9 21.375 0.00226604
10.9 23.625 0.00236476
10.9 25.875 0.00186157
10.9 28.125 0.00238254
10.9 30.375 0.00202838
10.9 32.625 0.00177471
10.9 34.875 0.00311898
10.9 37.125 0.00189984
10.9 39.375 0.00214609
10.9 41.625 0.00162546
10.9 43.875 0.00160352
11.1 1.125 0.00229704
11.1 3.375 0.00191662
11.1 5.625 0.0314128
11.1 7.875 0.00222707
11.1 10.125 0.00224509
11.1 12.375 0.00168434
11.1 14.625 0.0017282
11.1 16.875 0.00210097
11.1 19.125 0.00224775
11.1 21.375 0.00143984
11.1 23.625 0.00216279
11.1 25.875 0.00781891
11.1 28.125 0.00181339
11.1 30.375 0.0022648
11.1 32.625 0.00160585
11.1 34.875 0.00230906
11.1 37.125 0.00206614
11.1 39.375 0.00250162
11.1 41.625 0.0020011
11.1 43.875 0.0021618
11.3 1.125 0.0018357
11.3 3.375 0.00204853
11.3 5.625 0.00165639
11.3 7.875 0.00166993
11.3 10.125 0.00222207
11.3 12.375 0.00219122
11.3 14.625 0.00197365
11.3 16.875 0.00178249
11.3 19.125 0.00132012
11.3 21.375 0.00176881
11.3 23.625 0.00210701
11.3 25.875 0.0025425
11.3 28.125 0.00210115
11.3 30.375 0.00156742
11.3 32.625 0.00206221
11.3 34.875 0.00245808
11.3 37.125 0.00244344
11.3 39.375 0.00309813
11.3 41.625 0.00213298
11.3 43.875 0.00215053
11.5 1.125 0.00228318
11.5 3.375 0.00144328
11.5 5.625 0.00287974
11.5 7.875 0.00236212
11.5 10.125 0.00209675
11.5 12.375 0.00187393
11.5 14.625 0.00201136
11.5 16.875 0.0020688
11.5 19.125 0.00331265
11.5 21.375 0.00321669
11.5 23.625 0.00254973
11.5 25.875 0.0102458
11.5 28.125 0.00162101
11.5 30.375 0.00212256
11.5 32.625 0.00213997
11.5 34.875 0.00184269
11.5 37.125 0.00170525
11.5 39.375 0.00189154
11.5 41.625 0.00197663
11.5 43.875 0.00184956
11.7 1.125 0.0025649
11.7 3.375 0.00275088
11.7 5.625 0.00164532
11.7 7.875 0.00341701
11.7 10.125 0.00191283
11.7 12.375 0.00266395
11.7 14.625 0.00147695
11.7 16.875 0.00104621
11.7 19.125 0.00126069
11.7 21.375 0.0018193
11.7 23.625 0.00189024
11.7 25.875 0.00153585
11.7 28.125 0.00229371
11.7 30.375 0.00208746
11.7 32.625 0.00178596
11.7 34.875 0.00151314
11.7 37.125 0.00263457
11.7 39.375 0.00268183
11.7 41.625 0.00174077
11.7 43.875 0.00254215
11.9 1.125 0.00129418
11.9 3.375 0.00237219
11.9 5.625 0.00219548
11.9 7.875 0.00233198
11.9 10.125 0.00249541
11.9 12.375 0.00164011
11.9 14.625 0.00265779
11.9 16.875 0.00166983
11.9 19.125 0.0035875
11.9 21.375 0.0022228
11.9 23.625 0.00210759
11.9 25.875 0.00190511
11.9 28.125 0.00277717
11.9 30.375 0.00209421
11.9 32.625 0.0020986
11.9 34.875 0.0020338
11.9 37.125 0.00177905
11.9 39.375 0.00158359
11.9 41.625 0.00182019
11.9 43.875 0.00242253
12.1 1.125 0.0027035
12.1 3.375 0.00185746
12.1 5.625 0.00172566
12.1 7.875 0.00219581
12.1 10.125 0.00241257
12.1 12.375 0.00240849
12.1 14.625 0.00178389
12.1 16.875 0.00289307
12.1 19.125 0.00256808
12.1 21.375 0.00249503
12.1 23.625 0.00177961
12.1 25.875 0.00226226
12.1 28.125 0.00369804
12.1 30.375 0.00270383
12.1 32.625 0.00208031
12.1 34.875 0.0015853
12.1 37.125 0.00155902
12.1 39.375 0.001499
12.1 41.625 0.000761702
12.1 43.875 0.00155313
12.3 1.125 0.00241737
12.3 3.375 0.0019339
12.3 5.625 0.002926
12.3 7.875 0.0018965
12.3 10.125 0.00249733
12.3 12.375 0.00172329
12.3 14.625 0.00308579
12.3 16.875 0.0017367
12.3 19.125 0.00135733
12.3 21.375 0.00242424
12.3 23.625 0.00264678
12.3 25.875 0.00203212
12.3 28.125 0.00469637
12.3 30.375 0.00247394
12.3 32.625 0.00129627
12.3 34.875 0.00214841
12.3 37.125 0.00243921
12.3 39.375 0.0026581
12.3 41.625 0.00263531
12.3 43.875 0.00094096
12.5 1.125 0.00113905
12.5 3.375 0.00159776
12.5 5.625 0.00235723
12.5 7.875 0.00306065
12.5 10.125 0.0022771
12.5 12.375 0.00338585
12.5 14.625 0.00291905
12.5 16.875 0.00184099
12.5 21.375 0.00295731
12.5 23.625 0.00252345
12.5 25.875 0.00188747
12.5 34.875 0.00331922
12.5 37.125 0.00220501
12.5 39.375 0.00215543
12.5 41.625 0.00235898
12.5 43.875 0.00165875
12.7 1.125 0.00140522
12.7 3.375 0.00338159
12.7 5.625 0.00175426
12.7 7.875 0.00182625
12.7 10.125 0.00129283
12.7 12.375 0.00138067
12.7 14.625 0.00176756
12.7 16.875 0.00156818
12.7 19.125 0.00422366
12.7 21.375 0.00398765
12.7 23.625 0.00171147
12.7 25.875 0.00254717
12.7 28.125 0.00108487
12.7 30.375 0.00142394
12.7 32.625 0.00136321
12.7 34.875 0.00312353
12.7 37.125 0.0014236
12.7 39.375 0.00229616
12.7 41.625 0.00240547
12.7 43.875 0.00225452
12.9 1.125 0.00347024
12.9 3.375 0.00421598
12.9 7.875 0.00142779
12.9 10.125 0.00196528
12.9 12.375 0.00204735
12.9 14.625 0.00175298
12.9 16.875 0.00179336
12.9 19.125 0.00286097
12.9 21.375 0.00191003
12.9 23.625 0.00223649
12.9 25.875 0.0014048
12.9 28.125 0.00216164
12.9 30.375 0.00213511
12.9 32.625 0.00173831
12.9 34.875 0.00200864
12.9 37.125 0.0021214
12.9 39.375 0.00224084
12.9 41.625 0.00166511
12.9 43.875 0.0026357
13.1 5.625 0.00196846
13.1 7.875 0.0053752
13.1 10.125 0.00200385
13.1 12.375 0.00192632
13.1 14.625 0.00154984
13.1 16.875 0.00293582
13.1 19.125 0.00158009
13.1 21.375 0.00144057
13.1 23.625 0.00118257
13.1 25.875 0.00135964
13.1 30.375 0.00164275
13.1 32.625 0.00175659
13.1 34.875 0.00267145
13.1 39.375 0.0020469
13.1 41.625 0.00190563
13.1 43.875 0.00226352
13.3 10.125 0.00143361
13.3 12.375 0.00227734
13.3 14.625 0.00171611
13.3 16.875 0.00188699
13.3 19.125 0.00126436
13.3 21.375 0.00253485
13.3 23.625 0.00198573
13.3 25.875 0.00232991
13.3 28.125 0.00142148
13.3 32.625 0.0017548
13.3 34.875 0.0027382
13.3 37.125 0.00233762
13.3 41.625 0.00303123
13.3 43.875 0.00209009
13.5 1.125 0.00308568
13.5 3.375 0.00324495
13.5 5.625 0.0016416
13.5 10.125 0.00221169
13.5 12.375 0.00189571
13.5 14.625 0.0023577
13.5 16.875 0.00229048
13.5 19.125 0.00218674
13.5 21.375 0.00120204
13.5 23.625 0.00167753
13.5 25.875 0.00209098
13.5 28.125 0.0016883
13.5 30.375 0.00186899
13.5 32.625 0.00189119
13.5 34.875 0.00233814
13.5 41.625 0.001833
13.5 43.875 0.00137555
13.7 1.125 0.00173712
13.7 3.375 0.00151302
13.7 5.625 0.00209758
13.7 7.875 0.00180116
13.7 10.125 0.00220371
13.7 21.375 0.000923098
13.7 23.625 0.00283602
13.7 25.875 0.0017307
13.7 28.125 0.00208234
13.7 30.375 0.0032624
13.7 39.375 0.00150146
13.7 41.625 0.0023863
13.7 43.875 0.00340334
13.9 1.125 0.00354764
13.9 10.125 0.00265677
13.9 12.375 0.00166024
13.9 19.125 0.00188601
13.9 21.375 0.00207632
13.9 25.875 0.00244233
13.9 30.375 0.00175869
13.9 32.625 0.00184444
13.9 34.875 0.00107789
13.9 41.625 0.00138646
13.9 43.875 0.0379567
