0.992056
0.996891
0.971675
0.981066
0.975279
0.979896
0.935069
0.98667
0.929921
1.03066
0.976051
1.0167
0.984259
0.983403
0.990609
0.980353
0.942318
1.0161
1.00299
0.955054
0.989036
1.01651
0.945025
0.981118
1.00437
0.972631
1.04342
0.942197
1.01336
0.952197
1.21515
0.704883
0.976732
1.01136
0.979066
1.00407
0.93877
1.01972
0.988213
1.00691
0.991643
0.963161
0.995292
1.00519
0.953355
1.00005
0.997227
0.980715
1.00746
0.958677
1.01677
0.936775
0.966468
1.00555
0.952145
1.01163
1.03023
0.94041
0.993131
0.995609
0.988979
0.995341
1.01574
0.973182
0.982043
0.990008
0.954807
1.0067
0.950354
1.00801
1.12971
0.838396
1.07611
0.856127
0.985003
0.994818
1.03113
0.955595
1.01121
0.965321
0.852543
1.0997
1.11646
0.834271
1.00132
0.981618
0.932426
1.00626
0.995266
0.989651
1.00209
0.986362
0.993132
0.992333
0.94714
1.04761
0.981102
1.00465
0.994207
0.931153
1.30953
0.660699
0.992098
0.985539
1.02407
0.948848
0.983126
1.00643
1.04592
0.888988
1.02183
0.962968
1.09222
0.84289
0.994151
0.99795
1.02817
0.95158
0.985943
0.976863
0.941758
1.03525
0.984512
0.955022
0.946804
1.03626
0.943142
0.979802
1.00816
0.95489
0.990417
0.990681
0.94827
1.01292
1.02903
0.921329
1.03297
0.980574
0.976901
0.996224
0.971915
0.997181
0.980521
0.993852
0.991781
0.980414
0.990702
0.974362
1.01233
0.933066
0.976903
1.00733
1.02073
0.960333
1.0063
0.943712
1.11927
0.825515
0.936685
1.05113
0.980466
0.996264
0.970171
1.01376
0.924837
1.01872
1.00687
0.968723
0.95043
1.03263
1.06914
0.907727
0.979539
0.994562
0.674883
1.30514
0.98845
0.94575
1.07763
0.884378
0.941967
1.03592
0.997247
0.972341
0.936342
1.02418
0.913195
1.01333
1.00461
0.950513
0.999709
0.9913
0.978237
0.984388
1.01091
0.949027
0.999831
0.980084
0.999958
0.957796
0.979173
1.00177
1.06416
0.901414
0.930787
1.02051
0.994291
0.993999
0.980182
1.00062
0.984104
0.989824
1.04235
0.914132
1.00635
0.966468
1.00236
0.972092
1.00294
0.956469
0.961725
1.01206
0.947621
1.01572
1.08048
0.901299
1.13311
0.847964
0.927067
1.02776
1.06479
0.895296
1.01576
0.967493
0.978277
0.973852
0.973301
0.983661
0.981232
1.00945
0.970247
1.00249
1.01274
0.986564
0.97578
0.989231
0.989919
0.97537
0.988713
1.00075
0.990041
1.01193
1.14983
0.850332
0.814901
1.08454
0.740084
1.22856
0.95444
0.976914
1.02803
0.937748
0.96692
0.982558
1.03167
0.952707
0.810644
1.17908
0.97758
0.984224
0.988283
0.989717
0.976804
0.987551
0.991995
1.00606
0.903613
1.06661
0.974783
0.994798
1.08239
0.869535
1.006
0.96558
0.971529
0.979099
1.00194
0.997093
0.981818
0.974135
1.04146
0.966825
0.953857
1.01478
0.958889
1.01956
1.01164
0.940648
1.0661
0.884929
0.982535
1.00088
0.97404
0.998558
0.980852
1.00182
0.850175
1.10039
0.990613
0.982849
0.983609
0.976695
0.94666
1.0175
0.935267
1.01228
0.988849
0.977046
1.00083
0.984138
0.941979
1.02558
0.994822
0.984013
0.895957
0.988721
0.934017
1.05104
0.981661
1.00973
0.978998
0.963829
1.01309
0.977586
0.966941
0.979525
0.98309
0.970051
1.00742
0.945755
0.993749
0.988553
0.974264
1.00995
0.957041
1.02215
1.0012
0.994621
0.978962
0.949131
0.997443
0.968938
0.952566
1.01938
0.976131
0.987056
0.971289
1.00601
1.00148
0.98072
0.990734
0.985174
0.957648
0.950747
0.953841
0.997862
0.848056
1.07443
0.991277
1.0039
1.0077
0.977106
1.00537
0.95559
0.994531
0.973836
1.01864
0.952823
1.15798
0.813885
0.977755
1.00203
0.979391
0.989824
0.93511
1.01223
1.01392
0.979013
0.990089
0.946709
0.750679
1.19865
0.972189
0.986254
1.00329
0.966716
0.998373
0.995086
0.977992
1.00484
0.855439
1.10928
0.990183
0.97429
0.950327
1.03362
0.980769
0.994311
1.01477
0.953065
1.01714
0.965321
0.986942
0.978828
0.923214
0.993647
0.983413
0.989302
0.989695
0.969832
0.995189
0.999095
1.01697
0.966986
1.00644
0.956208
0.913432
1.02546
0.972265
0.993764
0.948211
1.02661
1.01125
0.965898
1.00539
0.9848
0.986756
0.981202
0.987257
0.960775
0.933782
0.975614
0.970862
1.01691
0.921875
1.01838
1.0116
0.962583
0.97344
1.01621
0.978661
1.00813
0.998344
0.980124
1.00784
0.948802
0.991711
0.966125
0.943682
1.00587
0.979578
0.957835
0.960321
0.990082
1.05495
0.917963
0.987906
0.993328
1.01198
0.968391
0.982161
1.00781
0.840883
1.14433
1.00878
0.976305
1.04448
0.947699
1.02968
0.982524
0.989529
0.98159
1.02935
0.93467
0.981475
1.01501
1.00188
0.986132
0.969182
1.00437
1.00822
0.984232
0.978015
0.990488
0.959684
1.03636
1.00229
0.984354
0.933164
1.03588
0.998207
0.946005
1.02056
0.968426
0.993613
0.986987
1.00412
0.958895
0.971563
1.02544
0.836251
1.15537
0.996303
0.998624
1.11345
0.838822
1.01306
0.94254
0.985283
0.979124
0.967878
1.03244
0.976922
1.01084
0.841623
1.16776
0.985268
0.982014
0.984118
0.970445
1.01148
0.955209
1.08525
0.884047
0.908653
1.02294
1.01822
0.941148
0.956572
1.02667
1.1157
0.864631
0.970827
1.01495
1.00668
0.985528
0.938057
0.999093
0.981257
0.975877
0.968621
0.984134
0.974979
0.971087
1.00259
0.975831
0.957868
0.994856
0.982121
0.988368
1.13825
0.851313
0.978029
1.00375
1.04824
0.898561
1.00622
0.972076
0.996955
0.980247
0.996117
0.947437
1.00133
0.957393
1.05099
0.956228
1.0079
0.984856
0.982708
0.970783
1.11989
0.833029
0.996234
0.931864
0.975451
0.994078
0.952464
0.96602
0.991626
0.988772
0.96834
0.979397
1.00254
0.989058
1.03109
0.953131
0.975809
0.98821
1.00514
0.96151
0.918877
1.01742
1.03373
0.966549
1.00344
0.939404
0.976711
0.995314
0.936251
1.00586
0.990091
0.994023
1.06125
0.938231
1.00936
0.97348
0.995634
1.00942
0.94827
1.01052
0.903735
0.969762
1.01492
0.990895
0.96798
0.9762
1.01188
0.934564
0.958392
1.03069
1.01844
0.951419
1.00429
0.952562
0.981486
0.958702
0.968693
0.991871
0.962823
1.02282
0.965671
1.0042
0.954146
0.627189
1.13851
0.83889
1.06244
0.931277
1.03179
0.954899
0.997102
0.974183
0.761576
1.20045
0.951703
0.98585
1.08323
0.883092
1.0112
0.966173
0.855054
1.13272
1.17104
0.76639
1.01121
0.994045
0.979266
0.975151
0.990794
0.989371
0.990708
0.989704
0.915942
1.06537
0.987248
0.974877
1.00098
0.993815
0.952395
1.01243
0.982488
1.00139
1.01191
0.947949
0.991885
0.975656
0.981217
1.00664
0.961092
1.01878
0.960468
1.00356
0.94509
1.04866
0.976141
1.01032
0.94548
0.999951
1.04198
0.963139
0.969069
0.98012
0.93267
1.05055
0.97435
0.975041
1.00821
0.969499
0.959091
1.00702
0.951301
1.00363
0.996715
0.937699
1.00681
0.961387
0.925212
1.06848
0.936829
1.04768
0.946208
0.989413
0.987501
0.996003
1.03462
0.904165
0.978393
0.979387
0.994413
0.959499
1.02919
0.957104
0.98828
0.980305
0.988901
0.9789
0.749427
0.981289
0.936257
0.999615
0.919346
1.06201
0.978071
0.940872
0.963633
0.936178
0.97681
0.99993
0.958444
1.00164
0.981309
0.961905
1.0268
0.977945
0.960428
1.00117
1.04042
0.926232
0.933702
1.00001
0.966386
1.00802
0.95195
0.979291
0.984443
0.988238
0.997034
0.980688
0.971755
1.01569
0.967381
0.984541
0.966117
1.02821
0.84674
1.10903
0.962644
0.995485
1.04075
0.897195
0.991826
0.992027
1.02512
0.936428
0.962595
0.980469
1.01152
0.956536
0.648784
1.28132
0.947054
1.01817
0.99852
0.998683
0.917506
1.03498
0.997079
1.0146
0.979116
0.998001
0.935272
1.01138
0.899683
0.989016
0.981824
1.02083
0.998496
0.986505
0.965449
0.999295
0.987048
0.983961
0.995198
0.976975
0.981159
0.978574
0.99722
0.989878
0.962075
1.01623
0.983252
0.989851
0.933517
1.03211
0.939195
1.01427
0.975979
0.989954
0.952034
1.04553
0.966533
0.963298
0.94847
1.02571
0.935493
1.02531
0.94136
1.03617
0.972255
0.992273
0.990093
0.971503
1.01143
0.955518
0.994321
0.974818
0.915573
1.07011
0.972441
0.980292
0.766865
1.21835
0.993026
0.96686
1.16721
0.80037
1.02714
0.967602
1.02863
0.939183
1.0168
0.960169
1.03107
0.908903
1.0183
0.990983
1.02416
0.94049
0.955327
1.01089
1.00584
0.961256
1.01621
1.00946
0.997322
0.955228
0.985399
0.979126
0.956914
0.960361
0.999787
0.961035
0.967932
1.0081
0.999489
0.961613
0.974825
0.939458
1.00943
0.962513
1.02364
0.94275
1.02492
0.972958
0.973594
0.993507
0.99566
0.996182
0.991756
0.957834
1.01046
0.986912
0.991265
0.975086
1.08627
0.893421
1.03199
0.914071
0.798272
1.15028
0.81581
1.12027
1.0017
0.947805
1.04696
0.974463
0.944723
1.00042
1.019
0.947382
0.992345
0.968067
0.964581
0.97663
1.0035
0.974911
0.99057
0.996851
0.999663
0.990765
0.985472
0.970793
1.05356
0.902927
0.992426
0.976638
1.0006
0.981572
1.0034
0.944961
0.981023
0.967976
0.994077
0.988197
0.951354
1.01424
0.983806
0.941642
0.940993
1.01613
0.952563
0.988298
0.970797
0.97131
0.957683
1.02807
0.998302
0.973795
0.990724
0.980645
0.980738
0.985809
0.92677
1.05716
1.01595
0.966263
0.93068
1.02071
0.957902
1.00871
0.990956
0.999678
0.980014
0.97228
1.0061
0.978502
0.927692
1.04419
0.99333
0.97849
0.977172
0.997886
0.921174
1.06074
0.966887
0.979235
1.01371
0.95184
1.00303
0.966467
0.939538
1.02963
0.997972
0.967663
1.10023
0.833993
0.983998
0.981259
0.982213
0.980128
0.89287
1.06396
1.00681
0.995123
1.0046
0.952169
1.01578
0.973249
1.00965
0.97869
0.97521
0.975539
0.968658
1.01392
1.02042
0.946199
0.952895
0.993248
1.15394
0.828804
0.982367
0.977101
1.00675
0.942662
0.946884
0.956437
0.972069
0.998164
0.970123
1.01501
0.985281
0.958307
0.364542
1.61208
0.986579
0.982296
0.996147
0.967133
0.969492
1.00557
0.959051
1.04668
0.958213
0.968714
0.980524
1.01375
1.00117
0.995053
0.987337
0.970912
1.02641
0.947274
0.933263
1.02703
0.97691
0.970683
1.20788
0.759169
0.853954
1.09326
0.978441
0.962694
1.00301
0.945152
0.989247
1.00319
0.982942
0.971982
0.979312
1.02508
1.04452
0.957071
0.997433
0.96004
0.985622
0.982462
0.939596
0.990969
1.02172
0.979228
1.03778
0.913871
1.03385
0.955587
0.978414
0.987949
0.979019
0.972602
1.01655
0.954819
1.02449
0.987687
0.969759
0.966824
0.983903
0.975053
0.988985
0.990387
1.12114
0.851552
0.986371
0.988943
0.991643
0.988483
0.964559
1.00211
0.941302
1.0682
1.00953
0.949033
1.04328
0.935795
0.985524
0.981554
0.915755
1.05614
0.970286
0.965447
1.00775
0.991937
0.99783
0.962079
0.970339
0.969591
0.954738
1.03049
0.992
0.999335
1.02444
0.941517
1.02799
0.954644
0.993832
0.975823
0.973574
0.962055
0.980996
0.968895
0.985166
0.989001
0.980563
1.00734
0.981061
0.953883
1.23036
0.788291
0.991753
0.961328
0.966648
0.982033
0.984043
0.997216
1.05003
0.898694
0.9656
1.01655
0.93707
0.98657
0.987958
1.01559
0.984708
0.988842
1.15651
0.799283
0.975741
0.987962
1.04424
0.967399
0.988139
0.962785
0.968492
1.00739
0.990043
0.969464
0.945508
1.0154
0.964549
1.00233
0.824232
1.1531
0.893245
1.03603
1.02268
0.916046
0.957907
1.00978
1.03779
0.962572
0.949961
1.02716
1.0462
0.930317
0.965664
1.00485
0.979496
0.990652
0.981193
0.967922
1.06741
0.903712
1.04086
0.940401
0.857164
1.08977
1.00825
0.961605
0.992109
0.942271
1.01981
0.968845
1.00389
0.959721
1.0094
0.974413
0.993332
0.990584
1.0046
0.895471
0.973759
1.01855
1.39973
0.546821
1.04624
0.941924
0.977783
0.98093
1.07541
0.910855
0.947971
1.04303
1.00389
1.01338
0.98219
0.98591
0.979038
0.995739
1.0492
0.964254
0.990063
0.965905
0.995242
0.998308
0.980865
1.00317
0.936751
1.0028
0.940044
1.00477
0.829859
1.1378
1.02676
0.927329
0.9674
1.01226
1.00835
0.995392
0.995687
0.993509
0.980807
0.991504
0.957805
0.997655
1.02247
0.967822
0.877998
1.10177
0.980869
0.99107
1.01722
0.957417
0.977089
0.979407
0.980033
0.991889
0.989728
0.985604
1.01257
0.981482
0.973648
0.972376
0.952748
1.02717
0.974508
0.989976
1.0648
0.896021
1.01775
0.957405
0.906744
1.07391
0.993975
0.998987
0.948797
1.02092
0.945724
1.0159
0.951972
0.972481
0.960355
1.01798
0.997312
1.00385
0.997921
0.954366
1.03716
0.956715
1.00289
0.957573
1.00418
0.982822
0.96048
0.975744
0.966331
1.01397
0.975726
0.99485
0.980825
0.982437
1.0001
0.974095
1.02401
0.922968
0.897572
1.06707
0.591239
1.3834
0.975364
1.00663
0.949928
1.0167
0.981648
0.975959
1.05996
0.926746
1.18531
0.765914
0.904191
1.08246
0.9935
0.962632
0.857897
1.11974
0.985168
0.953221
0.97765
0.987533
0.966726
0.997366
0.985897
0.957322
0.994437
0.984492
0.982113
0.980246
1.00444
0.976836
0.984378
0.984317
1.00953
0.975149
1.09276
0.875877
1.0175
0.958954
0.990274
0.990599
1.04786
0.938653
0.933837
1.06189
1.00547
0.972668
0.991778
1.00258
1.00104
0.986196
0.989634
0.986244
0.991469
0.989294
0.954831
1.03972
0.944939
1.01063
0.93845
1.04402
1.00585
0.935341
0.990822
0.954492
0.971749
0.984433
0.960563
1.006
0.978623
1.00757
0.889671
1.08771
1.00211
0.948109
1.0394
0.897724
0.986937
0.999646
0.992925
0.981662
0.986207
0.991725
1.00139
0.95726
1.0128
0.928154
0.937871
1.02695
0.959991
1.00446
0.953402
1.01242
0.970806
1.00049
0.956107
0.975147
0.837158
1.13449
1.16794
0.806737
0.982801
0.968559
1.12568
0.848651
0.987601
1.00386
0.970028
0.993775
0.985826
0.974429
0.999226
0.990212
0.985586
0.977293
1.01833
0.966621
0.968153
0.993278
0.997409
0.944851
0.969618
1.00297
0.983205
0.972805
1.01883
0.949618
0.886031
1.06614
0.940791
1.00598
0.98683
0.943161
1.00905
0.974
1.11199
0.867409
1.01518
0.969168
0.959153
0.97083
0.974724
0.985361
0.975938
0.990803
0.957483
0.980293
0.908242
1.05923
0.96623
0.995431
0.908654
1.09088
0.746417
1.22549
0.97706
1.01275
0.993677
0.98272
0.994488
0.986335
1.00439
0.97615
0.998747
0.985337
1.02474
0.953455
0.936107
1.02492
0.980409
0.989626
0.898083
1.07644
0.952618
0.986428
0.993903
0.975466
0.990945
1.01377
0.892349
1.0624
0.967402
0.98694
0.978878
0.989957
0.946687
0.974079
0.987402
0.998398
0.999419
0.983835
1.22885
0.73561
0.98847
0.995097
0.959573
1.01261
1.01235
0.980366
1.01433
0.952689
0.967973
0.973888
0.858753
1.10384
0.941837
1.05012
1.03153
0.935428
0.930022
1.01737
0.962367
1.0079
0.740171
1.23161
0.999507
0.943965
0.999006
0.99792
1.01765
0.989674
0.974434
0.981617
0.981999
0.989
0.994157
0.994614
0.938059
1.03836
0.96606
0.99327
1.02556
0.973167
0.969658
0.95297
1.01848
0.943481
0.983379
0.96133
0.94056
1.03585
0.936851
0.992855
0.995716
0.971008
1.04104
0.940153
0.917825
0.975201
0.944352
0.998262
0.991186
1.01374
0.99221
0.976145
0.978996
1.00592
0.989294
0.995122
0.989966
0.985154
0.959003
1.00733
0.924463
1.05073
0.980638
0.967641
1.07287
0.907641
1.07886
0.879647
1.00318
0.966083
0.976498
0.983035
0.966198
0.999822
0.961412
0.985773
0.995402
0.989861
0.975974
0.980527
1.00335
0.968521
1.05466
0.942669
0.469831
0.96905
0.993423
0.927815
0.881744
0.994934
0.891569
1.07139
1.05811
0.909951
1.01893
0.966501
0.998595
0.963944
1.00222
0.990547
1.68348
0.267269
0.998473
0.993961
0.991613
0.991427
1.00547
0.941182
0.975824
1.00771
1.02305
0.964471
1.1157
0.86054
0.977283
1.0015
0.992324
0.954421
0.893227
1.09026
0.976903
1.02356
0.978532
0.992943
0.969977
0.992588
0.964072
0.974069
0.96873
0.986341
0.981518
1.01459
0.996821
0.987706
1.02395
0.94407
0.87531
1.09937
0.968852
1.00048
1.0082
0.946021
0.985062
0.973201
1.03778
0.956678
0.958166
0.980226
0.961812
0.992108
0.961111
1.00871
0.981577
0.985179
1.01983
0.902904
0.982306
0.989804
1.00559
0.985778
1.03006
0.958674
1.01397
0.98932
1.00339
0.991824
1.01801
0.97143
0.971462
1.00472
0.991892
0.966406
1.01552
0.984008
1.0106
0.92122
1.00801
0.9931
0.996386
0.985412
0.97415
0.974887
0.983281
0.982451
0.911098
1.05278
0.970791
0.981234
1.1545
0.81475
0.911056
1.07543
0.995122
0.966317
1.00151
0.966565
1.01346
0.980551
0.978328
0.99295
0.991534
1.00665
0.984219
0.976725
1.29557
0.654284
0.994429
0.955327
0.961668
1.02516
0.712065
1.23272
0.985692
0.951197
0.887475
1.09011
0.943008
1.03753
0.965072
0.997398
0.976992
0.952881
0.962005
0.98027
1.01645
0.944635
0.986229
0.990778
0.995057
0.952435
0.969156
0.993496
0.978817
0.990288
0.977613
1.01675
0.9804
1.0079
1.03804
0.942696
0.983054
0.980904
0.999977
0.987424
1.04915
0.946811
0.970646
0.990454
1.04048
0.940299
1.02247
0.964848
0.989229
0.997209
0.971428
1.00971
0.98229
0.969565
1.01125
0.970947
1.02463
0.962263
0.98482
1.00612
0.991234
0.989613
0.969446
0.977067
0.991246
0.982981
0.984721
0.958599
0.999769
0.996294
0.710289
1.26728
0.726831
1.2343
0.960291
1.00078
0.974079
0.971304
0.975814
0.980505
1.0249
0.960593
0.972009
0.953958
0.968542
0.991239
0.968211
1.00544
0.972812
0.978852
1.02336
0.992205
0.921964
1.03571
1.1482
0.827128
0.987626
1.00418
0.999661
0.976116
1.08096
0.860484
0.926012
0.914399
0.9837
0.970022
0.904749
1.05361
0.992458
1.01562
1.01997
0.970426
1.00547
0.955463
0.975645
0.999806
1.00171
0.968278
0.969675
1.00763
1.092
0.908175
0.981781
1.01206
0.99017
0.988301
0.99696
0.965878
1.08212
0.883802
0.996385
1.0022
1.05392
0.907585
1.04115
0.961223
0.955756
0.983969
1.02224
0.936857
0.982311
1.01932
0.967983
1.00058
0.96184
0.958386
0.957779
0.99039
1.0746
0.901851
0.975677
0.999609
0.985711
1.00622
0.955481
1.01128
1.01364
0.95192
0.979027
0.974755
0.977132
0.98893
0.904316
1.07468
1.0387
0.950358
0.970225
0.997177
0.981635
0.997605
0.966141
0.979926
0.89785
1.04873
0.941158
1.01972
0.939591
0.975659
1.00871
0.985116
1.00556
0.969015
0.973497
1.01435
0.998912
0.976838
0.742092
1.19749
0.959036
1.02695
1.06147
0.899437
1.01067
0.941946
0.881273
1.09186
0.984831
0.997358
0.964212
1.00967
1.00897
0.956292
0.937969
1.0195
0.992968
0.995648
0.992627
0.958435
0.972791
1.0068
0.996595
0.994286
0.98286
1.00493
0.956668
0.971463
0.956093
1.0315
1.00065
0.9732
0.988924
0.986085
1.0069
0.934813
0.971617
0.999024
0.979196
0.975819
0.951999
1.01027
1.23241
0.707835
0.992744
1.02073
0.938454
1.01872
0.69844
1.26289
0.984077
0.97058
1.00202
0.970263
0.955113
0.978913
0.999923
0.926746
0.948385
0.977584
1.00851
0.963926
0.995252
1.00636
0.987564
0.976859
0.983293
1.01189
1.04178
0.907895
0.737727
1.21321
0.980342
0.975523
1.04043
0.986296
0.928476
1.07304
1.01848
0.971984
1.06528
0.898966
0.793923
1.16921
0.990269
0.958568
0.970415
0.983208
0.967024
1.00798
1.03912
0.926431
1.04396
0.935907
0.931728
1.00038
0.935565
1.02685
1.009
0.971004
0.978699
0.982652
1.0229
0.966124
0.996549
0.968908
0.966596
1.01921
0.988869
0.940117
1.00026
1.00195
1.00727
0.965933
0.829415
1.15289
0.945172
0.980274
0.948682
1.02263
0.973725
1.01322
0.997856
0.967914
0.999253
0.989968
0.983298
0.826762
0.947994
1.02631
0.980056
0.971371
0.918996
1.07108
0.977946
0.989182
0.952374
1.04298
0.952125
1.01712
0.809173
1.17246
1.02573
0.955332
0.995108
0.97277
0.973001
1.01026
1.03218
0.922207
0.947951
0.986874
0.976342
0.977624
0.996853
0.975782
1.01444
0.979821
0.900512
1.07389
1.01503
0.930489
1.02259
0.955621
1.19648
0.774383
1.0226
0.949476
0.980672
0.966998
1.02566
0.954529
0.966705
0.989878
0.982957
0.994769
1.00052
0.963554
0.967445
0.958359
0.936626
1.00687
0.99075
0.989697
1.03325
0.950876
1.01102
0.94277
1.00129
0.980769
0.968917
0.968421
1.00937
0.974758
0.981562
1.00874
0.966728
1.00613
1.01485
0.985892
0.98773
0.988864
0.946365
1.01196
0.974972
1.00095
0.95519
1.0157
0.98329
0.987323
0.995161
0.980903
0.921818
1.04245
0.941544
0.998582
0.990918
1.00859
1.04631
0.951909
0.939824
1.03124
1.01666
1.01799
0.992496
0.992525
0.950817
1.02776
0.91195
1.07266
0.995552
0.9455
0.962959
1.00384
0.987964
0.967728
0.80995
1.13843
0.959448
1.00619
0.922333
1.01862
0.955564
0.981889
0.952018
0.997258
0.99398
0.963831
0.972299
0.998851
1.03544
0.909431
0.890601
1.08159
0.952382
0.97896
1.03431
0.966719
1.02504
0.944175
0.97846
0.984035
0.856963
1.13054
0.947565
1.01252
0.987065
0.980013
0.971173
1.00301
0.985474
0.949392
1.00522
0.964953
0.991798
1.00039
1.00053
0.983834
1.00209
0.981332
0.968588
0.995721
1.0015
0.978691
0.997837
1.00152
0.977392
0.98179
1.02578
0.930548
0.977679
0.977919
0.999794
0.964066
0.993805
0.999495
0.956121
0.974123
1.15311
0.843501
0.971139
1.00265
0.965538
0.997798
0.951759
0.990793
0.954596
1.00803
0.991887
0.955813
0.980234
1.00767
0.963504
0.994495
0.992512
0.998702
1.03469
0.943617
0.998012
0.990749
1.01102
0.964848
0.947748
1.02192
0.981175
0.965007
0.973675
0.992549
0.92604
1.02406
1.02432
0.959245
1.25407
0.710138
0.989384
0.966971
1.09022
0.865687
1.02242
0.946236
0.9337
1.04982
0.966113
0.988765
0.991045
1.02003
1.00391
0.965907
1.00435
0.975711
1.03923
0.916138
1.09362
0.90262
0.974674
0.996787
0.993008
0.978744
0.979427
0.99477
0.970941
0.992262
0.990704
0.98071
0.967483
1.00188
0.982827
0.987327
1.00861
0.965484
0.963001
1.01907
1.0001
0.96981
0.955631
1.03893
0.973043
1.01073
0.949353
1.01011
0.961292
0.984043
0.982278
0.986413
1.03783
0.9463
0.994196
0.940842
0.998751
0.990015
0.982374
0.97372
0.93416
1.02755
0.981502
1.00422
1.03933
0.906836
0.970881
1.00371
0.936526
1.03766
1.00505
0.963284
1.10657
0.853502
0.97637
0.970029
0.982765
0.97531
0.975675
0.964843
0.967916
0.97434
1.00612
1.00251
1.00099
0.976473
0.905314
1.0783
0.992219
0.986248
0.993251
0.95308
0.973097
1.0061
0.949714
0.975655
0.970074
1.00807
1.04429
0.924609
0.991792
0.979418
1.01724
0.993389
1.00788
0.969745
0.944258
1.01778
0.999296
0.991587
1.00116
0.97882
0.980491
1.02185
0.975167
0.990355
0.881893
1.07657
0.994167
0.9849
1.00168
0.958585
0.996983
0.976588
0.928042
1.05149
0.95198
1.00878
1.02271
0.924778
0.947554
0.993103
0.995116
0.97729
0.969987
0.982308
0.959527
1.01637
0.8413
1.13651
0.993078
0.934425
1.03271
0.969678
0.899573
1.06076
0.821603
1.14384
1.02031
0.952662
0.979264
0.963226
0.95751
1.01747
1.00494
0.978622
0.99979
0.94572
0.965153
0.993725
1.014
0.948615
0.991575
0.985938
0.985545
0.991173
0.955172
0.960769
1.00119
0.970376
1.02059
0.96734
1.26242
0.682295
0.99033
0.990633
0.98974
0.987037
1.0203
0.968751
0.990145
0.963392
0.987594
0.98419
1.00993
0.974742
1.02431
0.949098
1.00232
0.971443
0.985376
0.970436
0.962374
1.00018
0.943044
0.990047
0.953067
0.999763
1.01274
0.986328
1.11839
0.807575
0.967306
0.998942
0.969632
0.977577
0.998313
0.956204
0.989913
1.0034
0.985407
0.956543
0.962456
1.01398
0.978502
1.02028
1.76976
0.219457
0.953603
1.02848
0.949465
1.04125
0.999514
0.947377
0.996495
0.963675
0.982039
0.97136
0.947093
1.01477
0.950574
1.01429
0.994206
0.993187
0.994752
0.962082
0.960831
0.969131
0.97023
0.992706
0.981531
1.00883
0.967331
0.957901
0.975874
1.00567
1.02814
0.953244
0.991475
0.990463
0.880383
1.0484
1.00904
0.970662
1.01277
0.950141
0.984582
0.97877
1.01828
0.959189
0.991807
1.00378
1.02127
0.986827
1.03936
0.937209
1.13934
0.845894
0.989445
0.974514
0.985629
0.983296
0.957031
0.975262
1.06409
0.905599
0.98956
0.993971
1.17289
0.757538
0.942893
1.0449
0.99733
0.987935
0.893458
1.05334
0.999582
0.970299
1.00527
0.950352
0.973065
0.978456
1.13607
0.806611
1.01376
0.967801
1.02114
0.938845
1.04933
0.906368
1.00306
0.977441
1.00268
0.96232
0.824983
1.139
0.993787
1.00492
0.990186
1.01047
0.969675
0.998843
1.02996
0.948838
1.0171
0.953977
0.988803
0.998043
1.058
0.915851
1.00373
0.963038
0.983476
0.998754
1.00482
0.956139
1.00359
0.961114
0.943647
1.0284
1.08955
0.888131
1.14884
0.784918
0.719147
1.22368
1.01767
0.976976
0.989108
1.01128
0.973666
0.984942
0.93165
1.03956
0.944728
1.00373
0.992126
0.98989
1.02368
0.954038
1.01127
0.985105
1.17535
0.785195
0.982113
0.996992
0.962995
1.0435
0.965793
0.98711
0.970092
1.01331
1.00259
0.949643
1.02218
0.928207
1.04498
0.946908
1.00454
0.939481
1.0151
0.964297
0.982004
0.970148
1.02579
0.928559
1.00237
0.967206
0.974745
1.01126
1.14036
0.836089
0.986504
0.997138
0.995989
0.970932
1.0084
0.96957
1.02969
0.917801
1.00807
0.981862
0.905668
1.01579
0.958743
1.01195
0.937308
1.00191
0.984018
0.986262
1.01961
0.970518
1.0524
0.934708
1.0503
0.932692
0.999549
0.969953
0.941821
1.00927
1.01819
0.976053
1.01163
0.982639
1.03546
0.928704
0.975454
0.978916
0.918277
1.01985
1.0041
0.970701
0.989344
1.00132
0.891516
1.06637
0.993354
0.976714
0.964049
1.00595
0.973341
0.966391
1.01739
0.969031
0.988599
1.00177
0.934748
1.03481
1.20863
0.764325
0.912185
1.04921
1.00754
0.998421
1.0055
0.966314
0.975401
0.973931
1.02587
0.957635
0.990879
1.00898
1.01171
0.954546
0.989222
0.996843
0.992633
0.991751
0.965962
1.00459
1.01749
0.95263
1.00124
0.983347
0.996713
1.00452
0.966781
1.01672
1.00508
0.975424
0.969601
0.978125
0.892116
1.08449
0.994975
0.983688
1.01298
0.955212
0.997161
0.977971
0.948228
0.969765
0.98685
0.982354
1.00238
0.946638
0.97619
0.998928
1.01022
0.979629
0.976277
0.975544
0.951319
1.03292
0.898572
1.06962
1.01511
0.98435
0.97836
1.00119
0.971439
0.997204
0.95494
0.996497
0.994103
1.00198
0.983655
1.00713
0.932214
1.03162
0.977956
0.999625
1.03232
0.969316
0.89786
1.01996
0.994424
0.973741
1.01998
0.952712
1.02577
0.975749
0.96918
0.981862
0.96272
1.00715
0.977161
0.966176
0.939066
1.00668
0.996871
0.953022
1.01308
0.955573
0.814372
1.14886
0.945982
1.04437
1.00178
0.980097
0.92869
1.0317
0.957943
0.949171
1.00301
0.985946
1.06581
0.949772
0.957926
1.02094
0.992451
1.00158
0.982571
0.997988
1.12695
0.859625
0.970882
1.00541
0.977982
1.00162
1.03241
0.914457
1.01486
0.949549
1.04059
0.946278
0.955765
1.01769
0.9939
0.97673
0.984075
0.959523
0.960236
0.989987
0.962564
1.0077
0.972246
0.974039
1.01365
0.934482
1.00402
0.965804
0.852203
1.06625
0.996009
0.981835
0.975196
1.01007
1.04837
0.903662
0.96005
0.987302
0.977875
0.991178
0.978898
0.985041
0.923417
1.05104
0.971324
0.994245
0.933685
1.02977
1.05487
0.919704
1.01606
0.952828
0.98146
0.995493
0.984447
1.00715
1.01227
0.957035
1.01962
0.955279
1.00828
0.942992
0.975027
0.974024
0.991212
0.979805
0.983935
1.01481
0.971764
0.983825
0.974482
0.968587
0.935192
1.03093
0.987462
0.99603
0.959402
0.980396
0.99808
0.9778
0.98273
0.979486
1.00714
0.966398
0.99824
0.978528
0.998761
0.98847
1.00361
0.956556
0.993415
1.00573
1.00549
0.960166
0.98677
0.983609
0.898477
1.06329
0.89184
1.07458
0.982092
0.963727
0.981589
0.997603
0.987589
1.00344
1.06042
0.910477
0.935342
0.93851
0.978778
0.983645
1.22542
0.776934
0.964763
1.00484
1.03183
0.937569
0.992146
0.949558
1.01331
0.973239
1.00377
0.9647
1.00348
0.990471
0.967788
1.01058
1.06536
0.908424
0.980335
1.01433
0.98772
1.01857
0.971783
0.99914
0.989049
0.993552
0.959132
0.994811
0.996915
0.99324
0.982349
1.01639
0.887351
1.06095
0.977175
0.983301
0.932858
1.04784
0.996353
0.992161
0.976331
0.979655
0.940631
1.00763
0.980436
0.995252
0.973327
1.01982
0.97492
0.971715
1.03285
0.956517
0.961784
1.04729
0.97175
0.997775
1.00084
1.02383
0.972396
1.00208
0.957147
1.00613
0.987562
0.994843
1.03904
0.948346
0.99227
0.961806
0.976807
1.0104
1.0044
0.941
0.951042
0.979651
0.985612
1.0222
0.862341
1.0863
1.01443
0.992378
0.993241
0.97265
1.0354
0.950923
0.982478
0.986849
0.978625
1.01257
0.974223
0.979445
0.968406
0.982476
0.981577
1.00861
1.00037
0.984487
0.98734
0.952307
0.986616
0.978565
1.11132
0.865211
0.977557
0.986774
0.936863
1.05032
0.99007
0.986605
1.12232
0.878282
0.974285
0.985041
1.0025
0.972293
0.980433
0.983015
0.981961
0.941732
0.980837
0.979071
0.987658
0.939719
0.928804
1.0525
0.950499
0.995331
1.01816
0.975147
0.996723
0.899122
1.03131
0.93752
0.998898
0.994624
0.91432
1.05637
1.01041
0.981487
1.01847
0.966171
1.06432
0.886423
0.947823
0.981728
0.758188
1.22004
1.03716
0.913426
1.00586
0.99565
1.00736
0.985681
0.959756
1.02913
0.966738
1.01493
0.993818
1.00401
1.04931
0.956226
0.940755
0.998035
0.97268
1.01401
0.991226
0.957319
0.928896
1.03571
0.99384
0.978891
1.059
0.910948
0.954073
0.985027
1.00475
0.997737
0.936835
1.03837
0.975025
0.984551
0.974983
1.00543
0.999111
0.979304
1.04033
0.89874
0.999499
0.971448
1.00863
0.995317
1.04412
0.958605
0.988291
1.00848
0.991207
0.978046
0.997476
0.973938
0.977661
0.97613
0.992793
0.982225
0.999972
0.975018
0.971288
1.0097
0.988411
0.992237
1.01912
0.973823
0.942819
1.02866
1.04669
0.930938
0.997104
0.992563
0.948826
1.03075
0.98954
0.999482
0.974804
1.0355
1.02241
0.940798
1.01437
0.979413
0.983381
0.977955
0.942834
1.02285
0.949411
1.02798
1.0028
0.945262
0.976924
0.990508
0.932888
1.0672
0.95885
1.00039
0.989007
0.991297
0.959225
1.02251
0.972547
1.0225
0.993487
0.99648
0.967606
1.0076
0.992133
0.982587
0.98572
0.995059
0.972014
1.03012
1.02835
0.974191
0.997959
0.947168
1.11539
0.863233
1.01679
0.955419
0.953684
1.00931
0.991096
0.986215
0.983453
1.01508
0.975029
0.964425
1.01697
0.955725
0.945647
0.991859
0.977468
0.990973
0.990899
0.976607
0.994723
0.982063
0.978644
0.983643
0.978076
1.007
0.956201
1.02966
0.989579
0.981297
0.987538
0.965987
0.963629
1.03414
0.920305
1.07672
0.9691
0.999288
0.998188
1.00043
0.983706
0.970005
0.957316
1.01678
0.736938
1.22221
0.924483
1.07057
1.00961
0.977035
0.991556
0.940708
1.04456
0.934309
1.01944
0.987435
0.941531
1.02638
0.974593
1.00714
1.2355
0.711378
0.950293
0.965577
0.986795
0.988817
0.992651
0.993708
1.1014
0.89063
0.979945
0.972914
0.845988
1.15354
0.992079
0.954928
0.972183
1.00871
0.848759
1.10271
1.01667
0.916399
1.02866
0.92696
0.806269
1.14687
1.01128
0.9592
1.0047
0.936654
1.01515
0.962512
0.976096
0.979856
0.944604
1.03509
0.997472
0.99976
0.938968
1.03394
1.00898
0.990668
1.02126
0.997482
0.993892
0.968909
0.96562
1.02113
1.13563
0.852306
0.979637
0.98494
1.00544
0.958341
0.99908
0.995269
0.977565
0.990092
0.969918
0.991662
0.744386
1.17476
1.01666
0.975889
0.928718
1.0423
0.995842
0.978557
0.978477
1.00205
0.995974
0.982254
0.975009
1.01715
0.945546
1.02945
0.970894
0.984798
1.01864
0.975885
1.00945
0.96146
0.931298
1.0458
0.979142
0.98612
0.968947
1.006
1.04803
0.933076
0.929088
0.99773
0.974444
0.984465
1.0253
0.980603
0.997897
0.982201
1.02562
0.97786
1.00539
0.970606
0.998488
0.964357
1.00719
0.968745
1.04585
0.947909
1.03056
0.934014
0.975233
0.980427
0.931123
0.983834
0.993369
0.992956
1.03045
0.947246
0.970742
0.986937
0.973837
0.988053
0.982739
0.958874
1.00324
0.994635
1.00277
0.987839
1.0044
0.998146
1.05554
0.924356
0.998451
0.976391
0.967904
0.979178
0.965537
1.00224
0.978725
1.00375
0.987001
0.969262
0.967173
1.00786
0.987891
0.967093
0.93427
1.02543
0.977311
0.980443
0.97068
0.987048
0.976489
0.963658
0.943932
1.00735
1.01322
0.954965
1.02128
0.961456
0.945896
1.0157
0.973738
1.01103
1.00813
0.976568
1.03745
0.953633
0.996311
0.955739
0.905913
1.04546
0.971428
1.00515
0.979085
0.974904
1.01989
0.947841
0.988182
0.990614
1.04658
0.881244
0.978056
0.992246
0.969979
0.973944
0.988867
0.961346
1.44226
0.489335
1.00805
0.984345
0.973938
1.00515
1.00268
0.979823
1.01729
0.956753
0.967996
0.988723
1.02297
0.975345
0.969511
1.01082
0.985619
0.98909
0.967804
0.998186
1.0248
0.890382
0.976581
0.964911
1.00139
1.01415
0.992162
0.999635
1.07024
0.929342
0.987244
1.00273
0.973848
0.979526
1.14008
0.827476
1.00596
0.96099
0.987026
0.983164
1.06621
0.894549
0.98849
0.994514
1.09328
0.882818
0.936548
0.990255
0.979554
0.984489
0.919666
1.04468
1.00908
0.966375
1.01416
0.994683
1.00958
0.968486
0.997788
0.9903
1.00677
0.958118
0.95844
1.00767
0.989113
1.01175
1.10179
0.856987
1.02531
0.934662
0.985694
0.992136
0.978165
0.992583
0.950048
1.02807
0.544811
1.41176
0.994462
0.978927
1.00185
0.98669
1.00418
0.972693
0.96058
1.01906
0.880202
1.03954
0.893038
1.04534
1.03155
0.974941
0.927205
1.05212
1.00382
0.988823
0.942838
0.988919
0.936446
1.03933
0.992624
0.97395
0.949229
1.01533
0.942665
0.991991
0.986959
0.989669
0.969828
0.99479
1.02194
0.943348
0.969008
1.00609
0.9897
1.00546
1.00408
0.994274
1.00041
0.974084
0.937917
1.03977
0.999059
0.962664
1.00136
0.98531
1.02758
0.9469
0.97997
0.991414
1.02903
0.94574
0.951746
0.993814
0.986256
0.964391
0.951466
1.05399
0.963881
1.03065
1.07564
0.934069
0.954061
0.992863
0.986727
0.995983
1.03616
0.948962
0.979962
1.01247
0.96103
1.01278
0.997999
0.998413
0.97372
1.00921
0.992054
1.00058
1.00325
0.990233
0.91867
0.990966
1.02927
0.93412
0.993436
0.966952
1.11028
0.87417
1.15602
0.780436
1.02849
0.970536
1.00217
0.980986
0.983309
0.996151
1.24113
0.72641
1.00777
0.983409
1.0553
0.928784
1.01583
0.925176
1.00786
0.979429
0.995046
0.921451
0.967633
0.997372
0.976257
0.970444
0.968699
1.00334
0.945823
0.975664
1.00209
0.985855
0.959569
1.00872
0.939647
1.02192
0.93729
1.03231
0.924802
0.9966
1.00443
0.96955
0.987182
0.9794
0.863131
1.1023
1.01029
0.988374
1.01599
0.974724
0.976384
1.00165
0.999757
0.973605
1.01888
0.978944
0.983334
0.970982
0.968554
1.01692
1.00915
0.957184
0.997443
0.989485
0.993373
0.973258
0.967842
1.00488
0.990712
0.968312
1.07869
0.873969
1.0115
0.938318
0.97648
0.97154
0.987092
0.948183
0.991971
0.984055
0.976169
0.984118
1.00314
0.97521
1.02498
0.97382
0.994821
1.01676
0.970953
0.985179
0.984155
0.978222
0.825523
1.12812
1.01077
0.951252
0.84437
1.11694
0.885704
1.04977
0.972395
0.981011
0.953978
1.02206
0.916925
1.06045
1.00024
0.946398
0.957914
0.999992
1.00977
0.973972
0.93547
1.00211
1.01206
0.963583
0.606828
1.35626
0.96897
1.01727
0.976361
0.980649
0.98633
1.00891
0.971551
1.00331
1.02172
0.966294
1.0208
0.934302
0.962164
1.0183
0.988992
0.999216
0.939032
1.02849
0.978397
1.00637
0.992521
0.960692
0.999427
0.983179
0.991711
0.959439
0.945725
0.975997
0.98308
0.972472
0.949426
0.988694
0.995967
0.971233
0.965676
0.983339
0.965594
0.974058
0.964795
0.994899
0.9468
0.930888
0.989006
0.983436
1.01891
0.954847
1.00277
0.970504
0.930331
1.04607
0.98456
0.951329
0.972372
1.01459
0.956514
0.971253
0.98217
0.992639
1.04137
0.970911
0.973347
1.0256
0.978797
0.949619
0.943523
1.03419
0.816374
0.988046
1.06258
0.920809
0.957404
0.988746
0.989489
1.02444
0.945295
0.989444
0.966763
0.993706
0.980667
0.983717
1.04916
0.942808
0.967172
1.00669
0.985834
1.00661
0.734735
1.20976
0.623311
1.34864
0.670314
1.30339
0.794534
1.13464
0.93463
1.0211
1.04665
0.938156
1.01631
0.968957
0.998681
0.980218
1.42729
0.538535
1.00161
1.00062
0.998652
1.00433
0.989627
0.980121
1.01067
1.01722
0.977536
0.95423
1.00312
0.985379
1.01723
0.971699
0.979412
1.00569
1.00552
0.95533
1.02059
0.961819
0.915957
1.09782
0.95806
1.01209
1.3144
0.678364
0.948374
1.02235
0.987749
0.987093
0.962417
0.975942
0.952896
1.00748
0.984279
0.969717
1.00783
0.985852
0.985855
0.9462
0.988483
0.987272
0.968902
1.00337
0.998891
0.988026
0.991799
0.986712
1.01729
0.96718
0.9978
0.985757
0.971901
1.02499
0.964357
0.984796
0.958908
1.01307
0.918965
1.04111
1.02857
0.973623
1.0056
0.95563
1.01105
0.965568
1.00216
0.960058
0.77778
1.20216
0.982576
1.01419
0.995455
0.97161
0.68812
1.26941
0.883438
1.07961
0.976542
0.98437
1.08495
0.907126
0.976842
1.03769
0.976218
1.00024
0.953087
0.998553
1.01665
0.983928
1.00947
0.988467
0.983145
0.978966
0.981793
0.99647
1.01893
0.949926
1.00846
0.945422
0.978482
0.935835
0.971215
0.99393
0.98186
0.992608
0.903455
1.03308
1.15524
0.802578
1.0888
0.901424
0.961717
1.00284
1.02307
0.968018
1.00599
0.991799
0.729281
1.25683
1.21182
0.747519
1.00626
0.988956
0.97912
0.999652
0.980202
1.00172
0.973755
0.982628
1.02399
0.978097
0.986989
0.982342
0.97679
0.952247
0.978191
0.990717
0.984288
0.997073
0.991981
0.977555
0.965086
0.992289
0.997199
0.995013
1.02573
0.960681
0.912099
1.024
0.951717
1.04091
0.957767
0.998368
0.939161
1.00258
0.969006
0.9867
0.961898
1.00167
0.982713
1.00367
0.963421
0.975609
0.968262
0.972747
1.02078
0.961982
0.954401
1.00128
0.956143
1.04364
0.999594
0.965272
0.972162
0.990315
1.00573
0.965011
0.995624
0.992114
1.05772
0.924679
0.945288
0.966066
1.01193
0.995702
0.845565
1.09246
0.977972
0.997397
1.02725
0.900456
