0.1 1.125 1.11687
0.1 3.375 1.22757
0.1 5.625 1.14444
0.1 7.875 1.25698
0.1 10.125 0.97306
0.1 12.375 0.943531
0.1 14.625 1.08417
0.1 16.875 1.09302
0.1 19.125 1.14974
0.1 21.375 1.2492
0.1 23.625 1.23335
0.1 25.875 1.16684
0.1 28.125 1.09452
0.1 30.375 1.15126
0.1 32.625 1.26418
0.1 34.875 1.22273
0.1 37.125 1.20614
0.1 39.375 1.23677
0.1 41.625 1.24168
0.1 43.875 1.24614
0.3 1.125 1.19835
0.3 3.375 1.1399
0.3 5.625 1.1939
0.3 7.875 1.20225
0.3 10.125 1.23273
0.3 12.375 1.24137
0.3 14.625 1.19489
0.3 16.875 1.23795
0.3 19.125 1.22912
0.3 21.375 1.22265
0.3 23.625 1.23256
0.3 25.875 1.19555
0.3 28.125 1.22394
0.3 30.375 1.23787
0.3 32.625 1.21657
0.3 34.875 1.19207
0.3 37.125 1.20203
0.3 39.375 1.22104
0.3 41.625 1.22175
0.3 43.875 1.23712
0.5 1.125 1.13318
0.5 3.375 1.16464
0.5 5.625 1.18761
0.5 7.875 1.1967
0.5 10.125 1.15721
0.5 12.375 1.20386
0.5 14.625 1.18594
0.5 16.875 1.20259
0.5 19.125 1.19798
0.5 21.375 1.19614
0.5 23.625 1.19559
0.5 25.875 1.18726
0.5 28.125 1.17676
0.5 30.375 1.16797
0.5 32.625 1.15822
0.5 34.875 1.20156
0.5 37.125 1.19007
0.5 39.375 1.19282
0.5 41.625 1.17831
0.5 43.875 1.17618
0.7 1.125 1.09828
0.7 3.375 1.10216
0.7 5.625 1.13874
0.7 7.875 1.14023
0.7 10.125 1.14414
0.7 12.375 1.10174
0.7 14.625 1.1277
0.7 16.875 1.08748
0.7 19.125 1.12872
0.7 21.375 1.11702
0.7 23.625 1.13303
0.7 25.875 1.11358
0.7 28.125 1.10551
0.7 30.375 1.11745
0.7 32.625 1.13921
0.7 34.875 1.14219
0.7 37.125 1.14052
0.7 39.375 1.12944
0.7 41.625 1.11649
0.7 43.875 1.11467
0.9 1.125 0.988386
0.9 3.375 1.01472
0.9 5.625 1.03285
0.9 7.875 1.00815
0.9 10.125 1.04401
0.9 12.375 1.03182
0.9 14.625 1.02229
0.9 16.875 0.981677
0.9 19.125 1.01098
0.9 21.375 1.0261
0.9 23.625 1.02678
0.9 25.875 1.01409
0.9 28.125 1.0405
0.9 30.375 1.05812
0.9 32.625 1.05801
0.9 34.875 1.02837
0.9 37.125 1.05585
0.9 39.375 1.04744
0.9 41.625 1.05716
0.9 43.875 1.04838
1.1 1.125 0.75601
1.1 3.375 0.789272
1.1 5.625 0.752141
1.1 7.875 0.778815
1.1 10.125 0.792523
1.1 12.375 0.822767
1.1 14.625 0.824333
1.1 16.875 0.79206
1.1 19.125 0.818343
1.1 21.375 0.825907
1.1 23.625 0.834148
1.1 25.875 0.869574
1.1 28.125 0.888097
1.1 30.375 0.917556
1.1 32.625 0.90057
1.1 34.875 0.950617
1.1 37.125 0.974628
1.1 39.375 0.996479
1.1 41.625 0.971737
1.1 43.875 0.980801
1.3 1.125 0.469821
1.3 3.375 0.485949
1.3 5.625 0.49126
1.3 7.875 0.484915
1.3 10.125 0.526717
1.3 12.375 0.490824
1.3 14.625 0.477906
1.3 16.875 0.567659
1.3 19.125 0.545426
1.3 21.375 0.562388
1.3 23.625 0.610381
1.3 25.875 0.615501
1.3 28.125 0.707042
1.3 30.375 0.689345
1.3 32.625 0.673908
1.3 34.875 0.725763
1.3 37.125 0.779902
1.3 39.375 0.778589
1.3 41.625 0.802089
1.3 43.875 0.784812
1.5 1.125 0.254078
1.5 3.375 0.255039
1.5 5.625 0.264025
1.5 7.875 0.256084
1.5 10.125 0.273024
1.5 12.375 0.281162
1.5 14.625 0.29324
1.5 16.875 0.314152
1.5 19.125 0.306739
1.5 21.375 0.335027
1.5 23.625 0.370341
1.5 25.875 0.34354
1.5 28.125 0.397927
1.5 30.375 0.413227
1.5 32.625 0.433089
1.5 34.875 0.476904
1.5 37.125 0.500275
1.5 39.375 0.515338
1.5 41.625 0.565606
1.5 43.875 0.536159
1.7 1.125 0.14859
1.7 3.375 0.145666
1.7 5.625 0.149724
1.7 7.875 0.157097
1.7 10.125 0.153516
1.7 12.375 0.171855
1.7 14.625 0.167729
1.7 16.875 0.165399
1.7 19.125 0.178878
1.7 21.375 0.180749
1.7 23.625 0.182209
1.7 25.875 0.181179
1.7 28.125 0.188072
1.7 30.375 0.231482
1.7 32.625 0.243012
1.7 34.875 0.283235
1.7 37.125 0.271783
1.7 39.375 0.290446
1.7 41.625 0.310996
1.7 43.875 0.315347
1.9 1.125 0.0868407
1.9 3.375 0.0884465
1.9 5.625 0.0938005
1.9 7.875 0.0910837
1.9 10.125 0.0954811
1.9 12.375 0.105345
1.9 14.625 0.101461
1.9 16.875 0.108434
1.9 19.125 0.10846
1.9 21.375 0.100721
1.9 23.625 0.107483
1.9 25.875 0.104909
1.9 28.125 0.1173
1.9 30.375 0.123438
1.9 32.625 0.140627
1.9 34.875 0.139147
1.9 37.125 0.156203
1.9 39.375 0.164294
1.9 41.625 0.167152
1.9 43.875 0.170948
2.1 1.125 0.0561137
2.1 3.375 0.0575549
2.1 5.625 0.0603987
2.1 7.875 0.0596842
2.1 10.125 0.0659669
2.1 12.375 0.0629861
2.1 14.625 0.0643149
2.1 16.875 0.0714245
2.1 19.125 0.0666231
2.1 21.375 0.0724524
2.1 23.625 0.0750807
2.1 25.875 0.0783437
2.1 28.125 0.0800729
2.1 30.375 0.0804383
2.1 32.625 0.0838624
2.1 34.875 0.0912687
2.1 37.125 0.0997641
2.1 39.375 0.102223
2.1 41.625 0.105528
2.1 43.875 0.105949
2.3 1.125 0.0385261
2.3 3.375 0.0400264
2.3 5.625 0.0390612
2.3 7.875 0.0391479
2.3 10.125 0.0392612
2.3 12.375 0.0441873
2.3 14.625 0.0422411
2.3 16.875 0.044661
2.3 19.125 0.0451416
2.3 21.375 0.0475897
2.3 23.625 0.0542735
2.3 25.875 0.0505963
2.3 28.125 0.0543736
2.3 30.375 0.0588708
2.3 32.625 0.0625784
2.3 34.875 0.0596977
2.3 37.125 0.0628323
2.3 39.375 0.0623651
2.3 41.625 0.0694349
2.3 43.875 0.0661636
2.5 1.125 0.0298071
2.5 3.375 0.0273201
2.5 5.625 0.0262838
2.5 7.875 0.0283448
2.5 10.125 0.0289081
2.5 12.375 0.0283557
2.5 14.625 0.0296219
2.5 16.875 0.02952
2.5 19.125 0.0298202
2.5 21.375 0.0335635
2.5 23.625 0.0310545
2.5 25.875 0.0344445
2.5 28.125 0.0364808
2.5 30.375 0.0409569
2.5 32.625 0.0427354
2.5 34.875 0.0434745
2.5 37.125 0.0409117
2.5 39.375 0.0426924
2.5 41.625 0.0431035
2.5 43.875 0.0426259
2.7 1.125 0.0221888
2.7 3.375 0.0221876
2.7 5.625 0.0216432
2.7 7.875 0.0222489
2.7 10.125 0.0204685
2.7 12.375 0.0221629
2.7 14.625 0.0262265
2.7 16.875 0.0221242
2.7 19.125 0.0235782
2.7 21.375 0.0227989
2.7 23.625 0.0242261
2.7 25.875 0.0251651
2.7 28.125 0.02749
2.7 30.375 0.027817
2.7 32.625 0.0293393
2.7 34.875 0.0289661
2.7 37.125 0.0287344
2.7 39.375 0.0280415
2.7 41.625 0.0284459
2.7 43.875 0.028208
2.9 1.125 0.0174036
2.9 3.375 0.018036
2.9 5.625 0.0166779
2.9 7.875 0.0173415
2.9 10.125 0.0161019
2.9 12.375 0.0164136
2.9 14.625 0.0172304
2.9 16.875 0.0175947
2.9 19.125 0.0174366
2.9 21.375 0.018399
2.9 23.625 0.0186793
2.9 25.875 0.0202945
2.9 28.125 0.018548
2.9 30.375 0.0198072
2.9 32.625 0.0199115
2.9 34.875 0.0203942
2.9 37.125 0.0210538
2.9 39.375 0.0205692
2.9 41.625 0.0205458
2.9 43.875 0.0218333
3.1 1.125 0.0137408
3.1 3.375 0.0146171
3.1 5.625 0.0152452
3.1 7.875 0.0138586
3.1 10.125 0.0156242
3.1 12.375 0.0146349
3.1 14.625 0.0140781
3.1 16.875 0.0143839
3.1 19.125 0.0137225
3.1 21.375 0.0144171
3.1 23.625 0.0159282
3.1 25.875 0.0160416
3.1 28.125 0.0154191
3.1 30.375 0.0172171
3.1 32.625 0.015967
3.1 34.875 0.0157644
3.1 37.125 0.0164269
3.1 39.375 0.0164332
3.1 41.625 0.0162622
3.1 43.875 0.015648
3.3 1.125 0.01176
3.3 3.375 0.0120652
3.3 5.625 0.0117259
3.3 7.875 0.0116297
3.3 10.125 0.0119813
3.3 12.375 0.01186
3.3 14.625 0.0111361
3.3 16.875 0.0120037
3.3 19.125 0.012557
3.3 21.375 0.0129958
3.3 23.625 0.0135464
3.3 25.875 0.0136854
3.3 28.125 0.0134244
3.3 30.375 0.0140196
3.3 32.625 0.014025
3.3 34.875 0.014132
3.3 37.125 0.0129962
3.3 39.375 0.0140661
3.3 41.625 0.0134008
3.3 43.875 0.0132169
3.5 1.125 0.0105704
3.5 3.375 0.00990204
3.5 5.625 0.0100131
3.5 7.875 0.0101755
3.5 10.125 0.0106312
3.5 12.375 0.0101914
3.5 14.625 0.00958859
3.5 16.875 0.0108301
3.5 19.125 0.00935396
3.5 21.375 0.010128
3.5 23.625 0.0107799
3.5 25.875 0.0105034
3.5 28.125 0.0113994
3.5 30.375 0.0121669
3.5 32.625 0.0118176
3.5 34.875 0.0112939
3.5 37.125 0.011911
3.5 39.375 0.0110877
3.5 41.625 0.0110365
3.5 43.875 0.0112247
3.7 1.125 0.00868739
3.7 3.375 0.0091975
3.7 5.625 0.00858347
3.7 7.875 0.00897044
3.7 10.125 0.00833168
3.7 12.375 0.00860562
3.7 14.625 0.00972843
3.7 16.875 0.00955461
3.7 19.125 0.00974334
3.7 21.375 0.0098547
3.7 23.625 0.00864318
3.7 25.875 0.00941767
3.7 28.125 0.010372
3.7 30.375 0.0107614
3.7 32.625 0.00939505
3.7 34.875 0.00959272
3.7 37.125 0.00965726
3.7 39.375 0.0097821
3.7 41.625 0.00966856
3.7 43.875 0.00952409
3.9 1.125 0.00815206
3.9 3.375 0.00981132
3.9 5.625 0.0078988
3.9 7.875 0.00742123
3.9 10.125 0.00762796
3.9 12.375 0.00771895
3.9 14.625 0.00783227
3.9 16.875 0.00815499
3.9 19.125 0.00886667
3.9 21.375 0.00858415
3.9 23.625 0.00850317
3.9 25.875 0.00805847
3.9 28.125 0.00841378
3.9 30.375 0.00917319
3.9 32.625 0.00873738
3.9 34.875 0.00835861
3.9 37.125 0.00825671
3.9 39.375 0.0081568
3.9 41.625 0.00805862
3.9 43.875 0.00831799
4.1 1.125 0.00690619
4.1 3.375 0.00707788
4.1 5.625 0.00682922
4.1 7.875 0.00659109
4.1 10.125 0.00707773
4.1 12.375 0.00642101
4.1 14.625 0.00745945
4.1 16.875 0.00670252
4.1 19.125 0.00714166
4.1 21.375 0.00736107
4.1 23.625 0.00756205
4.1 25.875 0.00830728
4.1 28.125 0.0078169
4.1 30.375 0.00716502
4.1 32.625 0.00732426
4.1 34.875 0.00727161
4.1 37.125 0.00707347
4.1 39.375 0.00727311
4.1 41.625 0.00726054
4.1 43.875 0.00712267
4.3 1.125 0.0061718
4.3 3.375 0.00632581
4.3 5.625 0.00629218
4.3 7.875 0.00582124
4.3 10.125 0.00630266
4.3 12.375 0.00645947
4.3 14.625 0.00594351
4.3 16.875 0.00664051
4.3 19.125 0.00653122
4.3 21.375 0.00662007
4.3 23.625 0.00643972
4.3 25.875 0.00687692
4.3 28.125 0.00692337
4.3 30.375 0.00655613
4.3 32.625 0.00620532
4.3 34.875 0.00597773
4.3 37.125 0.0061044
4.3 39.375 0.00600222
4.3 41.625 0.005951
4.3 43.875 0.00636509
4.5 1.125 0.00513783
4.5 3.375 0.0132692
4.5 5.625 0.00528868
4.5 7.875 0.00563516
4.5 10.125 0.00542701
4.5 12.375 0.00581832
4.5 14.625 0.00583673
4.5 16.875 0.00588154
4.5 19.125 0.00572586
4.5 21.375 0.006098
4.5 23.625 0.00531049
4.5 25.875 0.00542749
4.5 28.125 0.0058764
4.5 30.375 0.00592012
4.5 32.625 0.00560856
4.5 34.875 0.00588723
4.5 37.125 0.00529361
4.5 39.375 0.00555529
4.5 41.625 0.00527753
4.5 43.875 0.00527218
4.7 1.125 0.00504814
4.7 3.375 0.00502875
4.7 5.625 0.0048741
4.7 7.875 0.00595553
4.7 10.125 0.00499926
4.7 12.375 0.00499274
4.7 14.625 0.00544446
4.7 16.875 0.00538359
4.7 19.125 0.00551295
4.7 21.375 0.00562128
4.7 23.625 0.00537182
4.7 25.875 0.00520143
4.7 28.125 0.00534725
4.7 30.375 0.0054359
4.7 32.625 0.00474404
4.7 34.875 0.00501096
4.7 37.125 0.0049036
4.7 39.375 0.00495194
4.7 41.625 0.00458635
4.7 43.875 0.00485384
4.9 1.125 0.00776609
4.9 3.375 0.00473726
4.9 5.625 0.00518758
4.9 7.875 0.00442396
4.9 10.125 0.00507195
4.9 12.375 0.00449443
4.9 14.625 0.00481918
4.9 16.875 0.00593
4.9 19.125 0.00470977
4.9 21.375 0.0050471
4.9 23.625 0.00465334
4.9 25.875 0.00483071
4.9 28.125 0.00465158
4.9 30.375 0.00486163
4.9 32.625 0.00488807
4.9 34.875 0.00482897
4.9 37.125 0.00428437
4.9 39.375 0.00430336
4.9 41.625 0.00442429
4.9 43.875 0.00446679
5.1 1.125 0.00418221
5.1 3.375 0.00377692
5.1 5.625 0.0037569
5.1 7.875 0.00420215
5.1 10.125 0.00387153
5.1 12.375 0.00404893
5.1 14.625 0.00411451
5.1 16.875 0.00418879
5.1 19.125 0.00615623
5.1 21.375 0.00490572
5.1 23.625 0.00516175
5.1 25.875 0.00455529
5.1 28.125 0.00437091
5.1 30.375 0.00430248
5.1 32.625 0.00438043
5.1 34.875 0.0073475
5.1 37.125 0.00425626
5.1 39.375 0.00376997
5.1 41.625 0.00416603
5.1 43.875 0.0041609
5.3 1.125 0.00396482
5.3 3.375 0.00506783
5.3 5.625 0.003692
5.3 7.875 0.0045508
5.3 10.125 0.00394055
5.3 12.375 0.0040526
5.3 14.625 0.0040182
5.3 16.875 0.00408451
5.3 19.125 0.00425144
5.3 21.375 0.00539059
5.3 23.625 0.00405303
5.3 25.875 0.00495942
5.3 28.125 0.00441685
5.3 30.375 0.00496925
5.3 32.625 0.0044031
5.3 34.875 0.00431628
5.3 37.125 0.00731402
5.3 39.375 0.00453411
5.3 41.625 0.00411179
5.3 43.875 0.00439019
5.5 1.125 0.00383739
5.5 3.375 0.00381641
5.5 5.625 0.00348051
5.5 7.875 0.00399362
5.5 10.125 0.00380014
5.5 12.375 0.00400025
5.5 14.625 0.00350951
5.5 16.875 0.00407839
5.5 19.125 0.00396493
5.5 21.375 0.00380063
5.5 23.625 0.00376371
5.5 25.875 0.004344
5.5 28.125 0.00375407
5.5 30.375 0.00371836
5.5 32.625 0.00612735
5.5 34.875 0.00356075
5.5 37.125 0.00367729
5.5 39.375 0.00349845
5.5 41.625 0.00357159
5.5 43.875 0.00347082
5.7 1.125 0.00344886
5.7 3.375 0.005155
5.7 5.625 0.00359042
5.7 7.875 0.00356368
5.7 10.125 0.00306787
5.7 12.375 0.00361705
5.7 14.625 0.00364017
5.7 16.875 0.00736137
5.7 19.125 0.00356629
5.7 21.375 0.00347971
5.7 23.625 0.00361037
5.7 25.875 0.00358249
5.7 28.125 0.00382801
5.7 30.375 0.00632833
5.7 32.625 0.00361315
5.7 34.875 0.00372857
5.7 37.125 0.00356789
5.7 39.375 0.00377646
5.7 41.625 0.00386519
5.7 43.875 0.00357834
5.9 1.125 0.00333485
5.9 3.375 0.00311603
5.9 5.625 0.00296725
5.9 7.875 0.00321073
5.9 10.125 0.00332781
5.9 12.375 0.0036143
5.9 14.625 0.00322938
5.9 16.875 0.0033498
5.9 19.125 0.0033776
5.9 21.375 0.00345469
5.9 23.625 0.00339719
5.9 25.875 0.00548197
5.9 28.125 0.00351293
5.9 30.375 0.00343293
5.9 32.625 0.00349958
5.9 34.875 0.007205
5.9 37.125 0.00320353
5.9 39.375 0.00313917
5.9 41.625 0.0033634
5.9 43.875 0.00304981
6.1 1.125 0.00315163
6.1 3.375 0.00332433
6.1 5.625 0.00320069
6.1 7.875 0.00315317
6.1 10.125 0.00296199
6.1 12.375 0.00344231
6.1 14.625 0.00345375
6.1 16.875 0.00335031
6.1 19.125 0.00342214
6.1 21.375 0.0029238
6.1 23.625 0.00336344
6.1 25.875 0.00339451
6.1 28.125 0.00335916
6.1 30.375 0.00309898
6.1 32.625 0.00287336
6.1 34.875 0.00321994
6.1 37.125 0.00342953
6.1 39.375 0.00315146
6.1 41.625 0.0034736
6.1 43.875 0.00464545
6.3 1.125 0.00311782
6.3 3.375 0.0034326
6.3 5.625 0.00306724
6.3 7.875 0.00279135
6.3 10.125 0.00304905
6.3 12.375 0.00722344
6.3 14.625 0.00309107
6.3 16.875 0.00314022
6.3 19.125 0.00281321
6.3 21.375 0.00325384
6.3 23.625 0.00558148
6.3 25.875 0.00316358
6.3 28.125 0.00296493
6.3 30.375 0.00306567
6.3 32.625 0.00310865
6.3 34.875 0.00337271
6.3 37.125 0.00327886
6.3 39.375 0.0031474
6.3 41.625 0.00335071
6.3 43.875 0.00339383
6.5 1.125 0.00288656
6.5 3.375 0.00273751
6.5 5.625 0.00328119
6.5 7.875 0.00314923
6.5 10.125 0.00298168
6.5 12.375 0.00296357
6.5 14.625 0.00688746
6.5 16.875 0.0030346
6.5 19.125 0.00325465
6.5 21.375 0.00293724
6.5 23.625 0.00289083
6.5 25.875 0.00337164
6.5 28.125 0.00296463
6.5 30.375 0.00317649
6.5 32.625 0.00267999
6.5 34.875 0.00303911
6.5 37.125 0.00322103
6.5 39.375 0.00303531
6.5 41.625 0.00277982
6.5 43.875 0.00268727
6.7 1.125 0.00285575
6.7 3.375 0.00282905
6.7 5.625 0.00289125
6.7 7.875 0.00313096
6.7 10.125 0.00301841
6.7 12.375 0.00289076
6.7 14.625 0.00312891
6.7 16.875 0.00262298
6.7 19.125 0.00281346
6.7 21.375 0.00634861
6.7 23.625 0.00286446
6.7 25.875 0.00291188
6.7 28.125 0.00423742
6.7 30.375 0.00296006
6.7 32.625 0.00270874
6.7 34.875 0.00290638
6.7 37.125 0.00290198
6.7 39.375 0.00267559
6.7 41.625 0.00292068
6.7 43.875 0.00273564
6.9 1.125 0.0032172
6.9 3.375 0.00285506
6.9 5.625 0.00287572
6.9 7.875 0.00275659
6.9 10.125 0.0030615
6.9 12.375 0.00314915
6.9 14.625 0.00306779
6.9 16.875 0.00275636
6.9 19.125 0.00297009
6.9 21.375 0.00307686
6.9 23.625 0.00292273
6.9 25.875 0.00294245
6.9 28.125 0.00306301
6.9 30.375 0.00257984
6.9 32.625 0.00288357
6.9 34.875 0.00316388
6.9 37.125 0.00286857
6.9 39.375 0.00271731
6.9 41.625 0.00295277
6.9 43.875 0.0028739
7.1 1.125 0.00277039
7.1 3.375 0.00242398
7.1 5.625 0.00256024
7.1 7.875 0.00291468
7.1 10.125 0.00267679
7.1 12.375 0.00276744
7.1 14.625 0.00293119
7.1 16.875 0.00269893
7.1 19.125 0.00281135
7.1 21.375 0.00279655
7.1 23.625 0.00296398
7.1 25.875 0.0027097
7.1 28.125 0.00278412
7.1 30.375 0.00263539
7.1 32.625 0.00952275
7.1 34.875 0.0028623
7.1 37.125 0.00306157
7.1 39.375 0.00280441
7.1 41.625 0.00311438
7.1 43.875 0.00262458
7.3 1.125 0.0090684
7.3 3.375 0.00262484
7.3 5.625 0.00260391
7.3 7.875 0.0033209
7.3 10.125 0.00591885
7.3 12.375 0.00274779
7.3 14.625 0.0028317
7.3 16.875 0.00295922
7.3 19.125 0.00286161
7.3 21.375 0.00265046
7.3 23.625 0.00297957
7.3 25.875 0.0024392
7.3 28.125 0.00283536
7.3 30.375 0.0024059
7.3 32.625 0.00297628
7.3 34.875 0.00288407
7.3 37.125 0.00285959
7.3 39.375 0.0025026
7.3 41.625 0.00259257
7.3 43.875 0.0027374
7.5 1.125 0.00834501
7.5 3.375 0.0022678
7.5 5.625 0.00250747
7.5 7.875 0.00261106
7.5 10.125 0.00259872
7.5 12.375 0.00559481
7.5 14.625 0.00381613
7.5 16.875 0.00289037
7.5 19.125 0.00250525
7.5 21.375 0.00310476
7.5 23.625 0.00252017
7.5 25.875 0.00244458
7.5 28.125 0.00291354
7.5 30.375 0.00249826
7.5 32.625 0.00270341
7.5 34.875 0.00255915
7.5 37.125 0.00274998
7.5 39.375 0.00244453
7.5 41.625 0.00248824
7.5 43.875 0.00257942
7.7 1.125 0.00270087
7.7 3.375 0.00285478
7.7 5.625 0.00237214
7.7 7.875 0.00265959
7.7 10.125 0.00252978
7.7 12.375 0.00282613
7.7 14.625 0.00255805
7.7 16.875 0.00284972
7.7 19.125 0.00246321
7.7 21.375 0.00257424
7.7 23.625 0.00244734
7.7 25.875 0.00320837
7.7 28.125 0.00250873
7.7 30.375 0.0024968
7.7 32.625 0.00293191
7.7 34.875 0.00249384
7.7 37.125 0.00237897
7.7 39.375 0.00305348
7.7 41.625 0.00254071
7.7 43.875 0.00276777
7.9 1.125 0.00223597
7.9 3.375 0.00309744
7.9 5.625 0.00264913
7.9 7.875 0.00267463
7.9 10.125 0.00244517
7.9 12.375 0.00995902
7.9 14.625 0.00213821
7.9 16.875 0.00271161
7.9 19.125 0.0025803
7.9 21.375 0.00283027
7.9 23.625 0.00244349
7.9 25.875 0.00306576
7.9 28.125 0.00221366
7.9 30.375 0.00234474
7.9 32.625 0.00235591
7.9 34.875 0.00258833
7.9 37.125 0.00757034
7.9 39.375 0.00369806
7.9 41.625 0.00267029
7.9 43.875 0.00240136
8.1 1.125 0.00232579
8.1 3.375 0.00227496
8.1 5.625 0.00388002
8.1 7.875 0.00197297
8.1 10.125 0.0023681
8.1 12.375 0.0078594
8.1 14.625 0.00265501
8.1 16.875 0.00234243
8.1 19.125 0.0023148
8.1 21.375 0.00274056
8.1 23.625 0.00272114
8.1 25.875 0.00237852
8.1 28.125 0.00283991
8.1 30.375 0.00238443
8.1 32.625 0.00734971
8.1 34.875 0.00285978
8.1 37.125 0.00216462
8.1 39.375 0.00245345
8.1 41.625 0.00277083
8.1 43.875 0.00242891
8.3 1.125 0.0022845
8.3 3.375 0.00254847
8.3 5.625 0.0026094
8.3 7.875 0.00230121
8.3 10.125 0.00208104
8.3 12.375 0.00240344
8.3 14.625 0.00228359
8.3 16.875 0.00240917
8.3 19.125 0.00238642
8.3 21.375 0.00949773
8.3 23.625 0.00255445
8.3 25.875 0.00260644
8.3 28.125 0.00254057
8.3 30.375 0.00296172
8.3 32.625 0.00230784
8.3 34.875 0.00265069
8.3 37.125 0.00278039
8.3 39.375 0.0027318
8.3 41.625 0.00262758
8.3 43.875 0.00253949
8.5 1.125 0.00283135
8.5 3.375 0.00264476
8.5 5.625 0.00224596
8.5 7.875 0.00226654
8.5 10.125 0.00290884
8.5 12.375 0.0025268
8.5 14.625 0.00247621
8.5 16.875 0.00241461
8.5 19.125 0.00253897
8.5 21.375 0.0023441
8.5 23.625 0.0022502
8.5 25.875 0.00221326
8.5 28.125 0.00239585
8.5 30.375 0.00234065
8.5 32.625 0.00232865
8.5 34.875 0.00221842
8.5 37.125 0.00229004
8.5 39.375 0.0024064
8.5 41.625 0.0025323
8.5 43.875 0.00279996
8.7 1.125 0.00274719
8.7 3.375 0.00245446
8.7 5.625 0.00276072
8.7 7.875 0.00258302
8.7 10.125 0.00328105
8.7 12.375 0.00273492
8.7 14.625 0.00238321
8.7 16.875 0.00233881
8.7 19.125 0.00237525
8.7 21.375 0.00230918
8.7 23.625 0.00279991
8.7 25.875 0.00275946
8.7 28.125 0.0115392
8.7 30.375 0.00246508
8.7 32.625 0.00231571
8.7 34.875 0.00260283
8.7 37.125 0.00205471
8.7 39.375 0.0022068
8.7 41.625 0.00231112
8.7 43.875 0.00275388
8.9 1.125 0.00234352
8.9 3.375 0.00202804
8.9 5.625 0.0027876
8.9 7.875 0.00256396
8.9 10.125 0.00255292
8.9 12.375 0.00277049
8.9 14.625 0.0025169
8.9 16.875 0.0025375
8.9 19.125 0.00250095
8.9 21.375 0.0123619
8.9 23.625 0.00227969
8.9 25.875 0.00256064
8.9 28.125 0.00238283
8.9 30.375 0.00233394
8.9 32.625 0.00244843
8.9 34.875 0.00193927
8.9 37.125 0.00232129
8.9 39.375 0.00245093
8.9 41.625 0.00248775
8.9 43.875 0.00226195
9.1 1.125 0.00216271
9.1 3.375 0.00230827
9.1 5.625 0.00279004
9.1 7.875 0.00240235
9.1 10.125 0.00531095
9.1 12.375 0.00227948
9.1 14.625 0.00239662
9.1 16.875 0.00223337
9.1 19.125 0.00238956
9.1 21.375 0.00215062
9.1 23.625 0.0027721
9.1 25.875 0.00206372
9.1 28.125 0.00231964
9.1 30.375 0.00251511
9.1 32.625 0.00210984
9.1 34.875 0.00228213
9.1 37.125 0.00245465
9.1 39.375 0.00277398
9.1 41.625 0.00240459
9.1 43.875 0.00222071
9.3 1.125 0.00211433
9.3 3.375 0.00273423
9.3 5.625 0.00207834
9.3 7.875 0.00227086
9.3 10.125 0.00202809
9.3 12.375 0.00230817
9.3 14.625 0.00469811
9.3 16.875 0.00249179
9.3 19.125 0.00360024
9.3 21.375 0.00207458
9.3 23.625 0.00214014
9.3 25.875 0.00268747
9.3 28.125 0.00235072
9.3 30.375 0.00209266
9.3 32.625 0.00242013
9.3 34.875 0.00218954
9.3 37.125 0.00246228
9.3 39.375 0.00215539
9.3 41.625 0.00192203
9.3 43.875 0.00222367
9.5 1.125 0.00222196
9.5 3.375 0.00222237
9.5 5.625 0.00224517
9.5 7.875 0.002448
9.5 10.125 0.00200499
9.5 12.375 0.00206012
9.5 14.625 0.00240286
9.5 16.875 0.00267683
9.5 19.125 0.00271646
9.5 21.375 0.00230937
9.5 23.625 0.00235239
9.5 25.875 0.00217888
9.5 28.125 0.00205259
9.5 30.375 0.00214026
9.5 32.625 0.00246189
9.5 34.875 0.00236702
9.5 37.125 0.00210369
9.5 39.375 0.00245569
9.5 41.625 0.00252037
9.5 43.875 0.00238401
9.7 1.125 0.00176461
9.7 3.375 0.00232152
9.7 5.625 0.00237198
9.7 7.875 0.00246334
9.7 10.125 0.00325325
9.7 12.375 0.00239448
9.7 14.625 0.00281911
9.7 16.875 0.00202845
9.7 19.125 0.00220688
9.7 21.375 0.00233093
9.7 23.625 0.00217502
9.7 25.875 0.00203534
9.7 28.125 0.0021844
9.7 30.375 0.0024041
9.7 32.625 0.00237813
9.7 34.875 0.0023715
9.7 37.125 0.00267772
9.7 39.375 0.00219276
9.7 41.625 0.00243467
9.7 43.875 0.00272077
9.9 1.125 0.00228553
9.9 3.375 0.00217679
9.9 5.625 0.00240588
9.9 7.875 0.00227336
9.9 10.125 0.00229775
9.9 12.375 0.00220684
9.9 14.625 0.00232475
9.9 16.875 0.00384676
9.9 19.125 0.00221714
9.9 21.375 0.00209472
9.9 23.625 0.00243192
9.9 25.875 0.002322
9.9 28.125 0.0019199
9.9 30.375 0.00229542
9.9 32.625 0.00192995
9.9 34.875 0.00211751
9.9 37.125 0.00222304
9.9 39.375 0.0025766
9.9 41.625 0.0021218
9.9 43.875 0.00238784
10.1 1.125 0.00210898
10.1 3.375 0.0020003
10.1 5.625 0.0024161
10.1 7.875 0.00215733
10.1 10.125 0.00212994
10.1 12.375 0.00195312
10.1 14.625 0.00231995
10.1 16.875 0.00231108
10.1 19.125 0.0124643
10.1 21.375 0.00213456
10.1 23.625 0.0023834
10.1 25.875 0.00236005
10.1 28.125 0.00239639
10.1 30.375 0.00236514
10.1 32.625 0.00208204
10.1 34.875 0.00214532
10.1 37.125 0.00231441
10.1 39.375 0.00262398
10.1 41.625 0.002351
10.1 43.875 0.00207809
10.3 1.125 0.00220535
10.3 3.375 0.00729181
10.3 5.625 0.00247137
10.3 7.875 0.00207573
10.3 10.125 0.00412192
10.3 12.375 0.0021254
10.3 14.625 0.00186388
10.3 16.875 0.00190362
10.3 19.125 0.00191468
10.3 21.375 0.00214848
10.3 23.625 0.00282045
10.3 25.875 0.00168349
10.3 28.125 0.0171522
10.3 30.375 0.00227718
10.3 32.625 0.00221298
10.3 34.875 0.0026365
10.3 37.125 0.00177979
10.3 39.375 0.00201672
10.3 41.625 0.00214687
10.3 43.875 0.00240344
10.5 1.125 0.00235609
10.5 3.375 0.00214756
10.5 5.625 0.00206729
10.5 7.875 0.00183181
10.5 10.125 0.00262678
10.5 12.375 0.00217783
10.5 14.625 0.00270474
10.5 16.875 0.00193084
10.5 19.125 0.00251857
10.5 21.375 0.00282266
10.5 23.625 0.00209616
10.5 25.875 0.00229
10.5 28.125 0.00205143
10.5 30.375 0.00249064
10.5 32.625 0.00190972
10.5 34.875 0.00207978
10.5 37.125 0.00216917
10.5 39.375 0.00234905
10.5 41.625 0.00235257
10.5 43.875 0.00220923
10.7 1.125 0.00170118
10.7 3.375 0.00207152
10.7 5.625 0.00191169
10.7 7.875 0.00204085
10.7 10.125 0.00262496
10.7 12.375 0.00198702
10.7 14.625 0.00276904
10.7 16.875 0.00279493
10.7 19.125 0.00207971
10.7 21.375 0.00238234
10.7 23.625 0.00231228
10.7 25.875 0.00216222
10.7 28.125 0.0092129
10.7 30.375 0.00247035
10.7 32.625 0.00207275
10.7 34.875 0.00165816
10.7 37.125 0.0021123
10.7 39.375 0.00265138
10.7 41.625 0.00202567
10.7 43.875 0.00227248
10.9 1.125 0.00183417
10.9 3.375 0.0220565
10.9 5.625 0.00247887
10.9 7.875 0.00295817
10.9 10.125 0.00204714
10.9 12.375 0.00231481
10.9 14.625 0.00215977
10.9 16.875 0.00215692
10.9 19.125 0.00190553
10.9 21.375 0.00218433
10.9 23.625 0.00292687
10.9 25.875 0.00226182
10.9 28.125 0.00209794
10.9 30.375 0.00216216
10.9 32.625 0.00190715
10.9 34.875 0.00192014
10.9 37.125 0.00568781
10.9 39.375 0.00235118
10.9 41.625 0.00200946
10.9 43.875 0.00201447
11.1 1.125 0.00269489
11.1 3.375 0.00194815
11.1 5.625 0.00219783
11.1 7.875 0.0056536
11.1 10.125 0.00209958
11.1 12.375 0.00201111
11.1 14.625 0.00199191
11.1 16.875 0.00223929
11.1 19.125 0.00176227
11.1 21.375 0.00241517
11.1 23.625 0.00214053
11.1 25.875 0.00191493
11.1 28.125 0.00246133
11.1 30.375 0.00191846
11.1 32.625 0.00652836
11.1 34.875 0.002054
11.1 37.125 0.00231122
11.1 39.375 0.00228902
11.1 41.625 0.00203406
11.1 43.875 0.00293839
11.3 1.125 0.00426832
11.3 3.375 0.00244726
11.3 5.625 0.00217435
11.3 7.875 0.00197412
11.3 10.125 0.0022646
11.3 12.375 0.00183977
11.3 14.625 0.0028504
11.3 16.875 0.0022625
11.3 19.125 0.00221527
11.3 21.375 0.00229515
11.3 23.625 0.00238084
11.3 25.875 0.00190996
11.3 28.125 0.00207906
11.3 30.375 0.00222997
11.3 32.625 0.00215105
11.3 34.875 0.0023769
11.3 37.125 0.00212358
11.3 39.375 0.00197763
11.3 41.625 0.00189191
11.3 43.875 0.00195993
11.5 1.125 0.00414474
11.5 3.375 0.00200459
11.5 5.625 0.00175256
11.5 7.875 0.00360304
11.5 10.125 0.00194895
11.5 12.375 0.00202113
11.5 14.625 0.00248861
11.5 16.875 0.00204212
11.5 19.125 0.00248274
11.5 21.375 0.0022138
11.5 23.625 0.00223873
11.5 25.875 0.00213995
11.5 28.125 0.00202294
11.5 30.375 0.00236107
11.5 32.625 0.00183361
11.5 34.875 0.00224089
11.5 37.125 0.00256483
11.5 39.375 0.00214928
11.5 41.625 0.00189343
11.5 43.875 0.00240189
11.7 1.125 0.00207761
11.7 3.375 0.00192716
11.7 5.625 0.00200246
11.7 7.875 0.00258596
11.7 10.125 0.00179486
11.7 12.375 0.00237612
11.7 14.625 0.00275178
11.7 16.875 0.00237096
11.7 19.125 0.00284763
11.7 21.375 0.00195631
11.7 23.625 0.00174307
11.7 25.875 0.00196633
11.7 28.125 0.00222042
11.7 30.375 0.00288261
11.7 32.625 0.00255541
11.7 34.875 0.00194893
11.7 37.125 0.00224059
11.7 39.375 0.00308592
11.7 41.625 0.00193591
11.7 43.875 0.00253526
11.9 1.125 0.00200625
11.9 3.375 0.00252299
11.9 5.625 0.00295411
11.9 7.875 0.00219906
11.9 10.125 0.00205845
11.9 12.375 0.00413948
11.9 14.625 0.00166366
11.9 16.875 0.00225002
11.9 19.125 0.00313336
11.9 21.375 0.0028342
11.9 23.625 0.0020012
11.9 25.875 0.00242233
11.9 28.125 0.00182233
11.9 30.375 0.00241471
11.9 32.625 0.00216095
11.9 34.875 0.00208191
11.9 37.125 0.00200387
11.9 39.375 0.00158578
11.9 41.625 0.00182045
11.9 43.875 0.00201987
12.1 1.125 0.00206877
12.1 3.375 0.00174914
12.1 5.625 0.00165476
12.1 7.875 0.00192114
12.1 10.125 0.00206301
12.1 12.375 0.00195264
12.1 14.625 0.00262888
12.1 16.875 0.00205665
12.1 19.125 0.00176768
12.1 21.375 0.00260753
12.1 23.625 0.00229597
12.1 25.875 0.00199861
12.1 28.125 0.00257884
12.1 30.375 0.00201371
12.1 32.625 0.0027313
12.1 34.875 0.00249289
12.1 37.125 0.00219722
12.1 39.375 0.00240565
12.1 41.625 0.00199597
12.1 43.875 0.00173137
12.3 1.125 0.0023519
12.3 3.375 0.00197287
12.3 5.625 0.00178727
12.3 7.875 0.0021029
12.3 10.125 0.00237376
12.3 12.375 0.00183101
12.3 14.625 0.0078986
12.3 16.875 0.00467442
12.3 19.125 0.00282837
12.3 21.375 0.00157735
12.3 23.625 0.00250427
12.3 25.875 0.00318648
12.3 28.125 0.00275093
12.3 30.375 0.00159937
12.3 32.625 0.0018097
12.3 34.875 0.00187289
12.3 37.125 0.0019911
12.3 39.375 0.00195604
12.3 41.625 0.00221577
12.3 43.875 0.00279317
12.5 1.125 0.00203073
12.5 3.375 0.00192135
12.5 5.625 0.00217095
12.5 7.875 0.00351176
12.5 10.125 0.00212003
12.5 12.375 0.00185853
12.5 14.625 0.00187958
12.5 16.875 0.00180241
12.5 19.125 0.00264096
12.5 21.375 0.00258944
12.5 23.625 0.00204007
12.5 25.875 0.00239348
12.5 28.125 0.00169879
12.5 30.375 0.00213919
12.5 32.625 0.00208331
12.5 34.875 0.00184113
12.5 37.125 0.00160971
12.5 39.375 0.00251277
12.5 41.625 0.00243413
12.5 43.875 0.00284986
12.7 1.125 0.00247256
12.7 3.375 0.00174219
12.7 5.625 0.00196955
12.7 7.875 0.00341803
12.7 10.125 0.00174049
12.7 12.375 0.00227847
12.7 14.625 0.00168588
12.7 16.875 0.00229029
12.7 19.125 0.00242202
12.7 21.375 0.00233182
12.7 23.625 0.00181764
12.7 25.875 0.00188895
12.7 28.125 0.00218591
12.7 30.375 0.00291761
12.7 32.625 0.00204102
12.7 34.875 0.0021258
12.7 37.125 0.00179082
12.7 39.375 0.00308738
12.7 41.625 0.00217806
12.7 43.875 0.0243379
12.9 1.125 0.00206742
12.9 3.375 0.00166859
12.9 5.625 0.0102115
12.9 7.875 0.00167946
12.9 10.125 0.00181347
12.9 12.375 0.00181196
12.9 14.625 0.00205523
12.9 16.875 0.00245886
12.9 19.125 0.00289835
12.9 21.375 0.00155502
12.9 23.625 0.00290169
12.9 25.875 0.00176323
12.9 28.125 0.00248578
12.9 30.375 0.00155452
12.9 32.625 0.00254898
12.9 34.875 0.00152445
12.9 37.125 0.00201011
12.9 39.375 0.00126344
12.9 41.625 0.00182731
12.9 43.875 0.00237636
13.1 1.125 0.0016864
13.1 3.375 0.00289368
13.1 5.625 0.00138923
13.1 7.875 0.00214259
13.1 10.125 0.00175061
13.1 12.375 0.00179447
13.1 14.625 0.00207495
13.1 16.875 0.00171124
13.1 19.125 0.00213083
13.1 21.375 0.00198946
13.1 23.625 0.00214803
13.1 25.875 0.0382424
13.1 28.125 0.00199542
13.1 30.375 0.00683892
13.1 32.625 0.00310946
13.1 34.875 0.00207275
13.1 37.125 0.00179357
13.1 39.375 0.00180267
13.1 41.625 0.00255855
13.1 43.875 0.00149372
13.3 1.125 0.00202965
13.3 3.375 0.00531052
13.3 5.625 0.00163004
13.3 7.875 0.00241789
13.3 10.125 0.00147689
13.3 12.375 0.00168903
13.3 14.625 0.0030906
13.3 16.875 0.00152686
13.3 19.125 0.00196965
13.3 21.375 0.0021966
13.3 23.625 0.00151158
13.3 25.875 0.00200173
13.3 28.125 0.0032245
13.3 30.375 0.00195096
13.3 32.625 0.00307793
13.3 34.875 0.00272903
13.3 37.125 0.00140139
13.3 39.375 0.00205502
13.3 41.625 0.00225932
13.3 43.875 0.00226901
13.5 1.125 0.00167295
13.5 3.375 0.00157587
13.5 5.625 0.00255682
13.5 7.875 0.00602303
13.5 10.125 0.00311021
13.5 12.375 0.0018475
13.5 14.625 0.00196402
13.5 16.875 0.00206493
13.5 19.125 0.00131567
13.5 21.375 0.00215573
13.5 23.625 0.0024933
13.5 25.875 0.00222041
13.5 28.125 0.00208611
13.5 30.375 0.00166115
13.5 32.625 0.00187428
13.5 34.875 0.00204929
13.5 37.125 0.00279943
13.5 39.375 0.00134109
13.5 41.625 0.00238147
13.5 43.875 0.00217203
13.7 1.125 0.00219421
13.7 3.375 0.00255359
13.7 5.625 0.0020134
13.7 7.875 0.00203943
13.7 10.125 0.00310789
13.7 12.375 0.00201638
13.7 14.625 0.002003
13.7 16.875 0.00193537
13.7 19.125 0.00203664
13.7 21.375 0.00237092
13.7 23.625 0.00206668
13.7 25.875 0.00252851
13.7 28.125 0.00242876
13.7 30.375 0.00236973
13.7 32.625 0.00369561
13.7 34.875 0.00219246
13.7 37.125 0.00373955
13.7 39.375 0.0027168
13.7 41.625 0.00269581
13.7 43.875 0.00144875
13.9 1.125 0.00200889
13.9 3.375 0.00272818
13.9 5.625 0.00308352
13.9 7.875 0.00218019
13.9 10.125 0.00168231
13.9 12.375 0.00184513
13.9 14.625 0.00160649
13.9 16.875 0.00204445
13.9 19.125 0.0021586
13.9 21.375 0.00218885
13.9 23.625 0.00186992
13.9 25.875 0.00203516
13.9 28.125 0.00278704
13.9 30.375 0.00214399
13.9 32.625 0.00134928
13.9 34.875 0.00153064
13.9 37.125 0.00141997
13.9 39.375 0.00369028
13.9 41.625 0.00167052
13.9 43.875 0.00202059
