0.1 1.125 0.667904
0.1 3.375 0.539325
0.1 5.625 0.59404
0.1 7.875 0.616862
0.1 10.125 0.661297
0.1 12.375 0.644156
0.1 14.625 0.6526
0.1 16.875 0.674748
0.1 19.125 0.667982
0.1 21.375 0.627322
0.1 23.625 0.662431
0.1 25.875 0.638615
0.1 28.125 0.649561
0.1 30.375 0.64844
0.1 32.625 0.638929
0.1 34.875 0.658098
0.1 37.125 0.663263
0.1 39.375 0.633824
0.1 41.625 0.652875
0.1 43.875 0.598946
0.3 1.125 0.628313
0.3 3.375 0.640321
0.3 5.625 0.638672
0.3 7.875 0.556042
0.3 10.125 0.653143
0.3 12.375 0.629413
0.3 14.625 0.646115
0.3 16.875 0.654075
0.3 19.125 0.637837
0.3 21.375 0.638421
0.3 23.625 0.645203
0.3 25.875 0.640481
0.3 28.125 0.64819
0.3 30.375 0.636943
0.3 32.625 0.624633
0.3 34.875 0.646807
0.3 37.125 0.645717
0.3 39.375 0.642686
0.3 41.625 0.628751
0.3 43.875 0.642949
0.5 1.125 0.635917
0.5 3.375 0.620231
0.5 5.625 0.62951
0.5 7.875 0.555252
0.5 10.125 0.592991
0.5 12.375 0.611618
0.5 14.625 0.615371
0.5 16.875 0.623487
0.5 19.125 0.619827
0.5 21.375 0.623621
0.5 23.625 0.611705
0.5 25.875 0.626195
0.5 28.125 0.611078
0.5 30.375 0.617025
0.5 32.625 0.603258
0.5 34.875 0.615812
0.5 37.125 0.609134
0.5 39.375 0.604804
0.5 41.625 0.597328
0.5 43.875 0.628766
0.7 1.125 0.581314
0.7 3.375 0.572124
0.7 5.625 0.580326
0.7 7.875 0.572393
0.7 10.125 0.562351
0.7 12.375 0.578804
0.7 14.625 0.584477
0.7 16.875 0.559627
0.7 19.125 0.576185
0.7 21.375 0.577012
0.7 23.625 0.583471
0.7 25.875 0.564891
0.7 28.125 0.575825
0.7 30.375 0.585966
0.7 32.625 0.582155
0.7 34.875 0.572522
0.7 37.125 0.564442
0.7 39.375 0.568182
0.7 41.625 0.570199
0.7 43.875 0.57561
0.9 1.125 0.505846
0.9 3.375 0.509223
0.9 5.625 0.516113
0.9 7.875 0.503927
0.9 10.125 0.479281
0.9 12.375 0.518211
0.9 14.625 0.492486
0.9 16.875 0.505875
0.9 19.125 0.484963
0.9 21.375 0.496385
0.9 23.625 0.481006
0.9 25.875 0.476002
0.9 28.125 0.489091
0.9 30.375 0.51788
0.9 32.625 0.516921
0.9 34.875 0.513586
0.9 37.125 0.52829
0.9 39.375 0.510169
0.9 41.625 0.510141
0.9 43.875 0.526646
1.1 1.125 0.366661
1.1 3.375 0.372238
1.1 5.625 0.381326
1.1 7.875 0.395005
1.1 10.125 0.364715
1.1 12.375 0.369611
1.1 14.625 0.389682
1.1 16.875 0.387695
1.1 19.125 0.416518
1.1 21.375 0.406085
1.1 23.625 0.372535
1.1 25.875 0.425185
1.1 28.125 0.415023
1.1 30.375 0.424855
1.1 32.625 0.457717
1.1 34.875 0.449345
1.1 37.125 0.439371
1.1 39.375 0.434581
1.1 41.625 0.479379
1.1 43.875 0.467483
1.3 1.125 0.212125
1.3 3.375 0.196971
1.3 5.625 0.211689
1.3 7.875 0.235046
1.3 10.125 0.22605
1.3 12.375 0.224852
1.3 14.625 0.246889
1.3 16.875 0.244549
1.3 19.125 0.265699
1.3 21.375 0.278377
1.3 23.625 0.262893
1.3 25.875 0.274041
1.3 28.125 0.276275
1.3 30.375 0.290958
1.3 32.625 0.309633
1.3 34.875 0.354391
1.3 37.125 0.316637
1.3 39.375 0.354154
1.3 41.625 0.340652
1.3 43.875 0.371927
1.5 1.125 0.120295
1.5 3.375 0.122756
1.5 5.625 0.129556
1.5 7.875 0.129304
1.5 10.125 0.131835
1.5 12.375 0.142972
1.5 14.625 0.152425
1.5 16.875 0.154776
1.5 19.125 0.167847
1.5 21.375 0.151631
1.5 23.625 0.189755
1.5 25.875 0.143133
1.5 28.125 0.180703
1.5 30.375 0.176376
1.5 32.625 0.186569
1.5 34.875 0.205018
1.5 37.125 0.195589
1.5 39.375 0.233372
1.5 41.625 0.203725
1.5 43.875 0.22664
1.7 1.125 0.0712338
1.7 3.375 0.0723562
1.7 5.625 0.0755597
1.7 7.875 0.074982
1.7 10.125 0.0777615
1.7 12.375 0.0777214
1.7 14.625 0.0790138
1.7 16.875 0.0844773
1.7 19.125 0.0793123
1.7 21.375 0.0925297
1.7 23.625 0.104642
1.7 25.875 0.0916058
1.7 28.125 0.104016
1.7 30.375 0.111679
1.7 32.625 0.116864
1.7 34.875 0.126729
1.7 37.125 0.107987
1.7 39.375 0.116658
1.7 41.625 0.144044
1.7 43.875 0.146914
1.9 1.125 0.0416548
1.9 3.375 0.0424379
1.9 5.625 0.0457139
1.9 7.875 0.0492572
1.9 10.125 0.0497895
1.9 12.375 0.0545893
1.9 14.625 0.0558619
1.9 16.875 0.0517907
1.9 19.125 0.063672
1.9 21.375 0.0589063
1.9 23.625 0.0604907
1.9 25.875 0.058708
1.9 28.125 0.061612
1.9 30.375 0.0746771
1.9 32.625 0.0674287
1.9 34.875 0.0820722
1.9 37.125 0.0695954
1.9 39.375 0.0748393
1.9 41.625 0.0853372
1.9 43.875 0.076753
2.1 1.125 0.0270857
2.1 3.375 0.0291978
2.1 5.625 0.0271404
2.1 7.875 0.0301969
2.1 10.125 0.0331427
2.1 12.375 0.0337812
2.1 14.625 0.0344685
2.1 16.875 0.0349687
2.1 19.125 0.0295417
2.1 21.375 0.0362626
2.1 23.625 0.040377
2.1 25.875 0.0372091
2.1 28.125 0.0386161
2.1 30.375 0.0412544
2.1 32.625 0.0430379
2.1 34.875 0.0446133
2.1 37.125 0.0508661
2.1 39.375 0.0470772
2.1 41.625 0.0440393
2.1 43.875 0.0498493
2.3 1.125 0.0226837
2.3 3.375 0.0175927
2.3 5.625 0.021342
2.3 7.875 0.0212011
2.3 10.125 0.0176808
2.3 12.375 0.0182657
2.3 14.625 0.0194264
2.3 16.875 0.0228031
2.3 19.125 0.0227229
2.3 21.375 0.022949
2.3 23.625 0.0258094
2.3 25.875 0.0224783
2.3 28.125 0.0257201
2.3 30.375 0.0287629
2.3 32.625 0.0292356
2.3 34.875 0.0314623
2.3 37.125 0.0287883
2.3 39.375 0.0329175
2.3 41.625 0.0299827
2.3 43.875 0.0325109
2.5 1.125 0.0154196
2.5 3.375 0.0129299
2.5 5.625 0.0135935
2.5 7.875 0.0171332
2.5 10.125 0.0153979
2.5 12.375 0.0142421
2.5 14.625 0.0125939
2.5 16.875 0.019805
2.5 19.125 0.0171042
2.5 21.375 0.0150079
2.5 23.625 0.0145409
2.5 25.875 0.0181119
2.5 28.125 0.0180149
2.5 30.375 0.0184016
2.5 32.625 0.0197326
2.5 34.875 0.020332
2.5 37.125 0.0202393
2.5 39.375 0.0187181
2.5 41.625 0.0181384
2.5 43.875 0.0207943
2.7 1.125 0.0119636
2.7 3.375 0.0103475
2.7 5.625 0.0112695
2.7 7.875 0.0143118
2.7 10.125 0.0107849
2.7 12.375 0.0115764
2.7 14.625 0.0141497
2.7 16.875 0.010635
2.7 19.125 0.0120311
2.7 21.375 0.0113421
2.7 23.625 0.0120717
2.7 25.875 0.0122092
2.7 28.125 0.012165
2.7 30.375 0.0127149
2.7 32.625 0.0144273
2.7 34.875 0.0147127
2.7 37.125 0.013928
2.7 39.375 0.0139711
2.7 41.625 0.0140344
2.7 43.875 0.0140723
2.9 1.125 0.00943597
2.9 3.375 0.00917354
2.9 5.625 0.00911263
2.9 7.875 0.00819599
2.9 10.125 0.00913705
2.9 12.375 0.0105698
2.9 14.625 0.00866836
2.9 16.875 0.00952357
2.9 19.125 0.00933882
2.9 21.375 0.0096504
2.9 23.625 0.0106277
2.9 25.875 0.0109115
2.9 28.125 0.0103881
2.9 30.375 0.0114713
2.9 32.625 0.0109281
2.9 34.875 0.0102219
2.9 37.125 0.010601
2.9 39.375 0.0106558
2.9 41.625 0.0108455
2.9 43.875 0.0104311
3.1 1.125 0.00832416
3.1 3.375 0.00770512
3.1 5.625 0.00823002
3.1 7.875 0.00788033
3.1 10.125 0.00740308
3.1 12.375 0.00781756
3.1 14.625 0.00810216
3.1 16.875 0.00778342
3.1 19.125 0.00767746
3.1 21.375 0.00879689
3.1 23.625 0.00854848
3.1 25.875 0.00882
3.1 28.125 0.0090389
3.1 30.375 0.0091595
3.1 32.625 0.00890788
3.1 34.875 0.00819551
3.1 37.125 0.00881568
3.1 39.375 0.00815026
3.1 41.625 0.00892321
3.1 43.875 0.00931488
3.3 1.125 0.00696497
3.3 3.375 0.00653124
3.3 5.625 0.00884782
3.3 7.875 0.00696911
3.3 10.125 0.00687269
3.3 12.375 0.00680845
3.3 14.625 0.00724334
3.3 16.875 0.00678836
3.3 19.125 0.00686824
3.3 21.375 0.0074773
3.3 23.625 0.00759481
3.3 25.875 0.00715753
3.3 28.125 0.00770729
3.3 30.375 0.00723174
3.3 32.625 0.00762735
3.3 34.875 0.00783929
3.3 37.125 0.00749771
3.3 39.375 0.00732601
3.3 41.625 0.00759174
3.3 43.875 0.00714331
3.5 1.125 0.00605185
3.5 3.375 0.00622547
3.5 5.625 0.00577131
3.5 7.875 0.00597726
3.5 10.125 0.007863
3.5 12.375 0.00667448
3.5 14.625 0.00597885
3.5 16.875 0.0066248
3.5 19.125 0.00715596
3.5 21.375 0.0061884
3.5 23.625 0.00644509
3.5 25.875 0.00643534
3.5 28.125 0.0085803
3.5 30.375 0.00695335
3.5 32.625 0.00711995
3.5 34.875 0.00653243
3.5 37.125 0.00613584
3.5 39.375 0.00654536
3.5 41.625 0.00622949
3.5 43.875 0.0056072
3.7 1.125 0.0060422
3.7 3.375 0.00576256
3.7 5.625 0.00560072
3.7 7.875 0.00596242
3.7 10.125 0.00491811
3.7 12.375 0.00734106
3.7 14.625 0.0054816
3.7 16.875 0.00534744
3.7 19.125 0.00633196
3.7 21.375 0.00606539
3.7 23.625 0.00573499
3.7 25.875 0.00692937
3.7 28.125 0.00565164
3.7 30.375 0.00624435
3.7 32.625 0.00716286
3.7 34.875 0.00558847
3.7 37.125 0.00589207
3.7 39.375 0.00537369
3.7 41.625 0.00551663
3.7 43.875 0.00591069
3.9 1.125 0.00503043
3.9 3.375 0.00508721
3.9 5.625 0.00470344
3.9 7.875 0.00925535
3.9 10.125 0.00513367
3.9 12.375 0.00537043
3.9 14.625 0.00543301
3.9 16.875 0.00506371
3.9 19.125 0.00517065
3.9 21.375 0.00536844
3.9 23.625 0.00574127
3.9 25.875 0.0046316
3.9 28.125 0.00533675
3.9 30.375 0.00503477
3.9 32.625 0.00507474
3.9 34.875 0.00527665
3.9 37.125 0.00567414
3.9 39.375 0.00496896
3.9 41.625 0.00516265
3.9 43.875 0.00518485
4.1 1.125 0.00434915
4.1 3.375 0.00462485
4.1 5.625 0.00475466
4.1 7.875 0.00662912
4.1 10.125 0.00467596
4.1 12.375 0.004975
4.1 14.625 0.00460055
4.1 16.875 0.00426419
4.1 19.125 0.0050127
4.1 21.375 0.00443392
4.1 23.625 0.00514048
4.1 25.875 0.00684482
4.1 28.125 0.00439787
4.1 30.375 0.00471103
4.1 32.625 0.00511304
4.1 34.875 0.00436256
4.1 37.125 0.00404699
4.1 39.375 0.0045068
4.1 41.625 0.00450779
4.1 43.875 0.00434408
4.3 1.125 0.00367922
4.3 3.375 0.00487851
4.3 5.625 0.00410873
4.3 7.875 0.0063266
4.3 10.125 0.00425418
4.3 12.375 0.00436338
4.3 14.625 0.00426636
4.3 16.875 0.00425838
4.3 19.125 0.00438032
4.3 21.375 0.00543822
4.3 23.625 0.00412714
4.3 25.875 0.00396699
4.3 28.125 0.00441244
4.3 30.375 0.00497797
4.3 32.625 0.00430778
4.3 34.875 0.00474303
4.3 37.125 0.00416573
4.3 39.375 0.00420919
4.3 41.625 0.00419596
4.3 43.875 0.00429181
4.5 1.125 0.0036227
4.5 3.375 0.00380581
4.5 5.625 0.00364664
4.5 7.875 0.00402509
4.5 10.125 0.00383374
4.5 12.375 0.00446291
4.5 14.625 0.00407842
4.5 16.875 0.00393731
4.5 19.125 0.0038681
4.5 21.375 0.00461674
4.5 23.625 0.00404123
4.5 25.875 0.00391598
4.5 28.125 0.0042875
4.5 30.375 0.00370524
4.5 32.625 0.0037174
4.5 34.875 0.00391937
4.5 37.125 0.00337353
4.5 39.375 0.00359508
4.5 41.625 0.00384708
4.5 43.875 0.00411332
4.7 1.125 0.00535537
4.7 3.375 0.00360442
4.7 5.625 0.0036573
4.7 7.875 0.00350578
4.7 10.125 0.00362384
4.7 12.375 0.00429284
4.7 14.625 0.00379249
4.7 16.875 0.00408245
4.7 19.125 0.00378939
4.7 21.375 0.00380782
4.7 23.625 0.00363414
4.7 25.875 0.00376133
4.7 28.125 0.00410714
4.7 30.375 0.00387794
4.7 32.625 0.00358161
4.7 34.875 0.00379076
4.7 37.125 0.00355218
4.7 39.375 0.00413948
4.7 41.625 0.0040225
4.7 43.875 0.00405752
4.9 1.125 0.0035382
4.9 3.375 0.00344195
4.9 5.625 0.00351699
4.9 7.875 0.00307613
4.9 10.125 0.00377172
4.9 12.375 0.00465596
4.9 14.625 0.00509581
4.9 16.875 0.00334927
4.9 19.125 0.00351858
4.9 21.375 0.00391328
4.9 23.625 0.00383404
4.9 25.875 0.00312824
4.9 28.125 0.00312829
4.9 30.375 0.00386407
4.9 32.625 0.00378627
4.9 34.875 0.00373273
4.9 37.125 0.0035906
4.9 39.375 0.00326895
4.9 41.625 0.0030175
4.9 43.875 0.00335545
5.1 1.125 0.00313666
5.1 3.375 0.00322602
5.1 5.625 0.00344778
5.1 7.875 0.0032617
5.1 10.125 0.0031811
5.1 12.375 0.00344238
5.1 14.625 0.00383485
5.1 16.875 0.00384181
5.1 19.125 0.00365141
5.1 21.375 0.00324502
5.1 23.625 0.00478718
5.1 25.875 0.00376024
5.1 28.125 0.0030036
5.1 30.375 0.00344808
5.1 32.625 0.00338705
5.1 34.875 0.00547749
5.1 37.125 0.00361923
5.1 39.375 0.00366378
5.1 41.625 0.00418206
5.1 43.875 0.00303726
5.3 1.125 0.00331462
5.3 3.375 0.00309551
5.3 5.625 0.00313864
5.3 7.875 0.00326937
5.3 10.125 0.00283105
5.3 12.375 0.00308816
5.3 14.625 0.00288576
5.3 16.875 0.00340596
5.3 19.125 0.00309979
5.3 21.375 0.00313181
5.3 23.625 0.00315935
5.3 25.875 0.00331874
5.3 28.125 0.00347972
5.3 30.375 0.00339324
5.3 32.625 0.00337302
5.3 34.875 0.00294406
5.3 37.125 0.00328856
5.3 39.375 0.00308565
5.3 41.625 0.00331317
5.3 43.875 0.00356274
5.5 1.125 0.00315752
5.5 3.375 0.00311273
5.5 5.625 0.00297429
5.5 7.875 0.00286218
5.5 10.125 0.00283046
5.5 12.375 0.00318344
5.5 14.625 0.00332622
5.5 16.875 0.00316804
5.5 19.125 0.00316279
5.5 21.375 0.00312394
5.5 23.625 0.00328899
5.5 25.875 0.00324345
5.5 28.125 0.00318923
5.5 30.375 0.00282375
5.5 32.625 0.00339488
5.5 34.875 0.00340467
5.5 37.125 0.00332303
5.5 39.375 0.00396301
5.5 41.625 0.00307432
5.5 43.875 0.00293624
5.7 1.125 0.00303158
5.7 3.375 0.0030567
5.7 5.625 0.00290156
5.7 7.875 0.0027336
5.7 10.125 0.00314607
5.7 12.375 0.00297251
5.7 14.625 0.0029206
5.7 16.875 0.00265695
5.7 19.125 0.0030686
5.7 21.375 0.0032455
5.7 23.625 0.00286472
5.7 25.875 0.00302041
5.7 28.125 0.00301326
5.7 30.375 0.0030393
5.7 32.625 0.00318674
5.7 34.875 0.00269932
5.7 37.125 0.00299208
5.7 39.375 0.00307832
5.7 41.625 0.00317742
5.7 43.875 0.00276462
5.9 1.125 0.0031722
5.9 3.375 0.00274827
5.9 5.625 0.00318388
5.9 7.875 0.00310059
5.9 10.125 0.00280422
5.9 12.375 0.00326906
5.9 14.625 0.0030808
5.9 16.875 0.00311442
5.9 19.125 0.00290574
5.9 21.375 0.0028536
5.9 23.625 0.00280194
5.9 25.875 0.00648381
5.9 28.125 0.00300098
5.9 30.375 0.00308706
5.9 32.625 0.00288216
5.9 34.875 0.00273265
5.9 37.125 0.00284089
5.9 39.375 0.00348608
5.9 41.625 0.00281865
5.9 43.875 0.003283
6.1 1.125 0.00281105
6.1 3.375 0.00294661
6.1 5.625 0.00286865
6.1 7.875 0.0025674
6.1 10.125 0.0027658
6.1 12.375 0.00307407
6.1 14.625 0.00311249
6.1 16.875 0.00285184
6.1 19.125 0.00261364
6.1 21.375 0.00271242
6.1 23.625 0.0033122
6.1 25.875 0.00269583
6.1 28.125 0.00271503
6.1 30.375 0.0029176
6.1 32.625 0.00304589
6.1 34.875 0.00273302
6.1 37.125 0.00301562
6.1 39.375 0.00283987
6.1 41.625 0.00301608
6.1 43.875 0.00273122
6.3 1.125 0.00286965
6.3 3.375 0.00314135
6.3 5.625 0.00320533
6.3 7.875 0.00343385
6.3 10.125 0.00308923
6.3 12.375 0.00263469
6.3 14.625 0.00240442
6.3 16.875 0.00253074
6.3 19.125 0.003143
6.3 21.375 0.00276297
6.3 23.625 0.00273854
6.3 25.875 0.00260218
6.3 28.125 0.00242443
6.3 30.375 0.00300472
6.3 32.625 0.00303059
6.3 34.875 0.00248247
6.3 37.125 0.00341432
6.3 39.375 0.00297091
6.3 41.625 0.00282586
6.3 43.875 0.00248481
6.5 1.125 0.00256006
6.5 3.375 0.00283099
6.5 5.625 0.00326201
6.5 7.875 0.00253428
6.5 10.125 0.00311007
6.5 12.375 0.00256623
6.5 14.625 0.00287003
6.5 16.875 0.0028088
6.5 19.125 0.00294967
6.5 21.375 0.00287461
6.5 23.625 0.00292115
6.5 25.875 0.0026086
6.5 28.125 0.00232468
6.5 30.375 0.00275433
6.5 32.625 0.0029858
6.5 34.875 0.0028115
6.5 37.125 0.00248962
6.5 39.375 0.00253259
6.5 41.625 0.00303226
6.5 43.875 0.00286404
6.7 1.125 0.00257993
6.7 3.375 0.00265459
6.7 5.625 0.00262486
6.7 7.875 0.00257516
6.7 10.125 0.00272659
6.7 12.375 0.00271904
6.7 14.625 0.0027078
6.7 16.875 0.00226325
6.7 19.125 0.00290255
6.7 21.375 0.00261464
6.7 23.625 0.00250105
6.7 25.875 0.00231387
6.7 28.125 0.00227518
6.7 30.375 0.00282967
6.7 32.625 0.00225289
6.7 34.875 0.00284884
6.7 37.125 0.00277464
6.7 39.375 0.00237662
6.7 41.625 0.00258713
6.7 43.875 0.00250014
6.9 1.125 0.00248416
6.9 3.375 0.00245231
6.9 5.625 0.00281616
6.9 7.875 0.00250239
6.9 10.125 0.00232748
6.9 12.375 0.00278276
6.9 14.625 0.00245851
6.9 16.875 0.00264428
6.9 19.125 0.00271136
6.9 21.375 0.00296246
6.9 23.625 0.00259799
6.9 25.875 0.00312225
6.9 28.125 0.00315254
6.9 30.375 0.00258883
6.9 32.625 0.00268874
6.9 34.875 0.002657
6.9 37.125 0.0025014
6.9 39.375 0.0026957
6.9 41.625 0.00263423
6.9 43.875 0.00257775
7.1 1.125 0.00295032
7.1 3.375 0.00282001
7.1 5.625 0.00279782
7.1 7.875 0.0036682
7.1 10.125 0.00669467
7.1 12.375 0.00251075
7.1 14.625 0.00221475
7.1 16.875 0.00266913
7.1 19.125 0.00288314
7.1 21.375 0.00268352
7.1 23.625 0.00271416
7.1 25.875 0.00268851
7.1 28.125 0.00270316
7.1 30.375 0.00257894
7.1 32.625 0.00261623
7.1 34.875 0.00228429
7.1 37.125 0.00268546
7.1 39.375 0.00268705
7.1 41.625 0.00225952
7.1 43.875 0.00284629
7.3 1.125 0.00229814
7.3 3.375 0.00277798
7.3 5.625 0.00232919
7.3 7.875 0.00290966
7.3 10.125 0.00289417
7.3 12.375 0.00270431
7.3 14.625 0.00273145
7.3 16.875 0.00227589
7.3 19.125 0.00250249
7.3 21.375 0.00282138
7.3 23.625 0.00255042
7.3 25.875 0.00287236
7.3 28.125 0.00246494
7.3 30.375 0.00276251
7.3 32.625 0.00255398
7.3 34.875 0.00206544
7.3 37.125 0.00299505
7.3 39.375 0.00247861
7.3 41.625 0.00300045
7.3 43.875 0.00245839
7.5 1.125 0.00216487
7.5 3.375 0.00234929
7.5 5.625 0.00255115
7.5 7.875 0.00214826
7.5 10.125 0.00296081
7.5 12.375 0.00256994
7.5 14.625 0.00232861
7.5 16.875 0.00875685
7.5 19.125 0.00249784
7.5 21.375 0.00219915
7.5 23.625 0.0026175
7.5 25.875 0.0045079
7.5 28.125 0.00294643
7.5 30.375 0.0024685
7.5 32.625 0.00289013
7.5 34.875 0.00240833
7.5 37.125 0.00254404
7.5 39.375 0.00253632
7.5 41.625 0.00276885
7.5 43.875 0.00245565
7.7 1.125 0.00209215
7.7 3.375 0.00245032
7.7 5.625 0.00248614
7.7 7.875 0.00276242
7.7 10.125 0.00268612
7.7 12.375 0.00249851
7.7 14.625 0.00233411
7.7 16.875 0.00358205
7.7 19.125 0.00231514
7.7 21.375 0.00225037
7.7 23.625 0.0100721
7.7 25.875 0.00288798
7.7 28.125 0.00275614
7.7 30.375 0.00223588
7.7 32.625 0.00219677
7.7 34.875 0.0104463
7.7 37.125 0.00272833
7.7 39.375 0.00227106
7.7 41.625 0.0025999
7.7 43.875 0.00253008
7.9 1.125 0.00235452
7.9 3.375 0.00211794
7.9 5.625 0.00248397
7.9 7.875 0.0024875
7.9 10.125 0.00270211
7.9 12.375 0.00210949
7.9 14.625 0.00243083
7.9 16.875 0.00212926
7.9 19.125 0.00242895
7.9 21.375 0.00245652
7.9 23.625 0.00246566
7.9 25.875 0.00228068
7.9 28.125 0.00257731
7.9 30.375 0.00243211
7.9 32.625 0.00244066
7.9 34.875 0.00245996
7.9 37.125 0.00213884
7.9 39.375 0.00201564
7.9 41.625 0.00230302
7.9 43.875 0.00220022
8.1 1.125 0.0022958
8.1 3.375 0.00233175
8.1 5.625 0.00242805
8.1 7.875 0.00223586
8.1 10.125 0.00295196
8.1 12.375 0.00249663
8.1 14.625 0.00241431
8.1 16.875 0.00287524
8.1 19.125 0.00283093
8.1 21.375 0.00246481
8.1 23.625 0.00210703
8.1 25.875 0.00204186
8.1 28.125 0.00223544
8.1 30.375 0.0023439
8.1 32.625 0.0025783
8.1 34.875 0.00315247
8.1 37.125 0.00189819
8.1 39.375 0.00234273
8.1 41.625 0.00222372
8.1 43.875 0.00295138
8.3 1.125 0.00433361
8.3 3.375 0.00268761
8.3 5.625 0.00235356
8.3 7.875 0.00284296
8.3 10.125 0.00253417
8.3 12.375 0.00253738
8.3 14.625 0.00291136
8.3 16.875 0.00258575
8.3 19.125 0.00260954
8.3 21.375 0.00225872
8.3 23.625 0.00229441
8.3 25.875 0.00248103
8.3 28.125 0.00206908
8.3 30.375 0.00274662
8.3 32.625 0.00257221
8.3 34.875 0.0027747
8.3 37.125 0.00213446
8.3 39.375 0.00279079
8.3 41.625 0.00271923
8.3 43.875 0.00335123
8.5 1.125 0.00224905
8.5 3.375 0.00214863
8.5 5.625 0.002881
8.5 7.875 0.00175675
8.5 10.125 0.00192201
8.5 12.375 0.00263206
8.5 14.625 0.00269856
8.5 16.875 0.00209683
8.5 19.125 0.00210245
8.5 21.375 0.00259192
8.5 23.625 0.00283075
8.5 25.875 0.00313705
8.5 28.125 0.00222484
8.5 30.375 0.00223148
8.5 32.625 0.00246062
8.5 34.875 0.00241098
8.5 37.125 0.00238006
8.5 39.375 0.00248096
8.5 41.625 0.00222908
8.5 43.875 0.00203915
8.7 1.125 0.00208595
8.7 3.375 0.00253784
8.7 5.625 0.00328179
8.7 7.875 0.0027374
8.7 10.125 0.00203653
8.7 12.375 0.00174478
8.7 14.625 0.00237308
8.7 16.875 0.00225704
8.7 19.125 0.00225843
8.7 21.375 0.0022561
8.7 23.625 0.00288601
8.7 25.875 0.00199289
8.7 28.125 0.0028306
8.7 30.375 0.00323266
8.7 32.625 0.00204978
8.7 34.875 0.00231441
8.7 37.125 0.00243762
8.7 39.375 0.00218184
8.7 41.625 0.00221346
8.7 43.875 0.0031608
8.9 1.125 0.00214488
8.9 3.375 0.00259566
8.9 5.625 0.0029735
8.9 7.875 0.00234709
8.9 10.125 0.00274753
8.9 12.375 0.00323225
8.9 14.625 0.00217836
8.9 16.875 0.00207305
8.9 19.125 0.00203778
8.9 21.375 0.00201168
8.9 23.625 0.0025011
8.9 25.875 0.00233157
8.9 28.125 0.00208078
8.9 30.375 0.00259258
8.9 32.625 0.00203876
8.9 34.875 0.00232605
8.9 37.125 0.00324629
8.9 39.375 0.00238122
8.9 41.625 0.00266235
8.9 43.875 0.00247618
9.1 1.125 0.0101032
9.1 3.375 0.00161626
9.1 5.625 0.00316201
9.1 7.875 0.00374773
9.1 10.125 0.00249269
9.1 12.375 0.00265136
9.1 14.625 0.00197274
9.1 16.875 0.00218548
9.1 19.125 0.00249863
9.1 21.375 0.00226262
9.1 23.625 0.00224389
9.1 25.875 0.00258094
9.1 28.125 0.00239375
9.1 30.375 0.00267302
9.1 32.625 0.0025082
9.1 34.875 0.00353413
9.1 37.125 0.00245456
9.1 39.375 0.00400283
9.1 41.625 0.00277641
9.1 43.875 0.00260911
9.3 1.125 0.00371519
9.3 3.375 0.00217697
9.3 5.625 0.00289684
9.3 7.875 0.00281364
9.3 10.125 0.00265736
9.3 12.375 0.00245385
9.3 14.625 0.00172983
9.3 16.875 0.00288908
9.3 19.125 0.0210007
9.3 21.375 0.0024077
9.3 23.625 0.0023154
9.3 25.875 0.00283717
9.3 28.125 0.0022732
9.3 30.375 0.00207903
9.3 32.625 0.00263581
9.3 34.875 0.00274708
9.3 37.125 0.00231222
9.3 39.375 0.00259736
9.3 41.625 0.00278116
9.3 43.875 0.00169807
9.5 1.125 0.00230527
9.5 3.375 0.00192182
9.5 5.625 0.00242029
9.5 7.875 0.00228845
9.5 10.125 0.00255608
9.5 12.375 0.00197288
9.5 14.625 0.00352704
9.5 16.875 0.00203925
9.5 19.125 0.00215589
9.5 21.375 0.00281584
9.5 23.625 0.00215936
9.5 25.875 0.00212807
9.5 28.125 0.00248041
9.5 30.375 0.00338892
9.5 32.625 0.0023703
9.5 34.875 0.00327204
9.5 37.125 0.0023556
9.5 39.375 0.00198126
9.5 41.625 0.00305481
9.5 43.875 0.0021799
9.7 1.125 0.00217846
9.7 3.375 0.00267493
9.7 5.625 0.00239571
9.7 7.875 0.00267819
9.7 10.125 0.00233479
9.7 12.375 0.0025175
9.7 14.625 0.010137
9.7 16.875 0.00216647
9.7 19.125 0.00171645
9.7 21.375 0.0147048
9.7 23.625 0.00244528
9.7 25.875 0.00233832
9.7 28.125 0.00289625
9.7 30.375 0.00277677
9.7 32.625 0.00229924
9.7 34.875 0.00216298
9.7 37.125 0.00435038
9.7 39.375 0.00388966
9.7 41.625 0.00245129
9.7 43.875 0.00178835
9.9 1.125 0.00281994
9.9 3.375 0.00214964
9.9 5.625 0.002863
9.9 7.875 0.00295294
9.9 10.125 0.00271932
9.9 12.375 0.00247027
9.9 14.625 0.00219043
9.9 16.875 0.00179338
9.9 19.125 0.00254031
9.9 21.375 0.00817064
9.9 23.625 0.00231909
9.9 25.875 0.00318363
9.9 28.125 0.00242602
9.9 30.375 0.00208841
9.9 32.625 0.00199917
9.9 34.875 0.00300271
9.9 37.125 0.00449119
9.9 39.375 0.00276364
9.9 41.625 0.00288006
9.9 43.875 0.00726613
10.1 1.125 0.00191864
10.1 3.375 0.00239665
10.1 5.625 0.020146
10.1 7.875 0.00190265
10.1 10.125 0.00227007
10.1 12.375 0.00249149
10.1 14.625 0.00244106
10.1 16.875 0.00298691
10.1 19.125 0.00321375
10.1 21.375 0.00154805
10.1 23.625 0.00251119
10.1 25.875 0.00270205
10.1 28.125 0.00255759
10.1 30.375 0.00216822
10.1 32.625 0.00286837
10.1 34.875 0.00268923
10.1 37.125 0.00343354
10.1 39.375 0.00287601
10.1 41.625 0.00218004
10.1 43.875 0.00262423
10.3 1.125 0.00217168
10.3 3.375 0.00152333
10.3 5.625 0.00292956
10.3 7.875 0.00272816
10.3 10.125 0.00208972
10.3 12.375 0.00260699
10.3 14.625 0.00218962
10.3 16.875 0.0025946
10.3 19.125 0.00279237
10.3 21.375 0.00245871
10.3 23.625 0.00252364
10.3 25.875 0.0020549
10.3 28.125 0.00221564
10.3 30.375 0.00263146
10.3 32.625 0.00194734
10.3 34.875 0.00175066
10.3 37.125 0.00495783
10.3 39.375 0.00191242
10.3 41.625 0.00279821
10.3 43.875 0.0026726
10.5 1.125 0.00255692
10.5 3.375 0.00565688
10.5 5.625 0.00207579
10.5 7.875 0.00240037
10.5 10.125 0.0020218
10.5 12.375 0.00226761
10.5 14.625 0.00265125
10.5 16.875 0.00747205
10.5 19.125 0.00316549
10.5 21.375 0.0113456
10.5 23.625 0.00225
10.5 25.875 0.0214238
10.5 28.125 0.00243816
10.5 30.375 0.0178764
10.5 32.625 0.00297374
10.5 34.875 0.00294483
10.5 37.125 0.00307273
10.5 39.375 0.00207217
10.5 41.625 0.00233423
10.5 43.875 0.0021695
10.7 1.125 0.0027216
10.7 3.375 0.00227661
10.7 5.625 0.00408676
10.7 7.875 0.00197404
10.7 10.125 0.0019728
10.7 12.375 0.00248703
10.7 14.625 0.00232853
10.7 16.875 0.00240849
10.7 19.125 0.00199579
10.7 21.375 0.00215283
10.7 23.625 0.00239748
10.7 25.875 0.00257861
10.7 28.125 0.0024469
10.7 30.375 0.00224022
10.7 32.625 0.00304812
10.7 34.875 0.00431166
10.7 37.125 0.00199119
10.7 39.375 0.00267272
10.7 41.625 0.0015783
10.7 43.875 0.00216718
10.9 1.125 0.0232243
10.9 3.375 0.00255102
10.9 5.625 0.00262407
10.9 7.875 0.00146138
10.9 10.125 0.00322262
10.9 12.375 0.00359007
10.9 14.625 0.00209859
10.9 16.875 0.00583011
10.9 19.125 0.00392548
10.9 21.375 0.00202154
10.9 23.625 0.00195397
10.9 25.875 0.00255158
10.9 28.125 0.002169
10.9 30.375 0.00267474
10.9 32.625 0.00323889
10.9 34.875 0.0027587
10.9 37.125 0.00325176
10.9 39.375 0.0118851
10.9 41.625 0.00190585
10.9 43.875 0.00152802
11.1 1.125 0.00248774
11.1 3.375 0.00370563
11.1 5.625 0.00195116
11.1 7.875 0.0179841
11.1 10.125 0.00238211
11.1 12.375 0.00276081
11.1 14.625 0.00170616
11.1 16.875 0.004907
11.1 19.125 0.00321871
11.1 21.375 0.00180182
11.1 23.625 0.00171
11.1 25.875 0.00137028
11.1 28.125 0.00213197
11.1 30.375 0.00257973
11.1 32.625 0.00304936
11.1 34.875 0.00320803
11.1 37.125 0.00288744
11.1 39.375 0.00300536
11.1 41.625 0.00230462
11.1 43.875 0.00250911
11.3 1.125 0.00298158
11.3 3.375 0.00201842
11.3 5.625 0.00228101
11.3 7.875 0.00171311
11.3 10.125 0.00299037
11.3 12.375 0.00311666
11.3 14.625 0.00291849
11.3 16.875 0.0025064
11.3 19.125 0.00293586
11.3 21.375 0.002518
11.3 23.625 0.001767
11.3 25.875 0.00197058
11.3 28.125 0.00179227
11.3 30.375 0.00219268
11.3 32.625 0.00343065
11.3 34.875 0.00192806
11.3 37.125 0.00342449
11.3 39.375 0.0021955
11.3 41.625 0.00218429
11.3 43.875 0.00128668
11.5 1.125 0.00203068
11.5 3.375 0.00248061
11.5 5.625 0.00179413
11.5 7.875 0.00183409
11.5 10.125 0.00342833
11.5 12.375 0.00288578
11.5 14.625 0.0025041
11.5 16.875 0.00150486
11.5 19.125 0.00228396
11.5 21.375 0.00193478
11.5 23.625 0.0053885
11.5 25.875 0.00589534
11.5 28.125 0.00197376
11.5 30.375 0.0374135
11.5 32.625 0.00283368
11.5 34.875 0.00361056
11.5 37.125 0.00302143
11.5 39.375 0.00322051
11.5 41.625 0.0014996
11.5 43.875 0.00257431
11.7 1.125 0.00324676
11.7 3.375 0.00359081
11.7 5.625 0.00287316
11.7 7.875 0.00232027
11.7 10.125 0.0019496
11.7 12.375 0.0035815
11.7 14.625 0.0255431
11.7 16.875 0.00416352
11.7 19.125 0.00290997
11.7 21.375 0.00248255
11.7 23.625 0.0022197
11.7 25.875 0.00214061
11.7 28.125 0.0021296
11.7 30.375 0.00177158
11.7 32.625 0.00150534
11.7 34.875 0.00262503
11.7 37.125 0.0408108
11.7 39.375 0.00229031
11.7 41.625 0.00170549
11.7 43.875 0.00164771
11.9 1.125 0.00200799
11.9 3.375 0.00337357
11.9 5.625 0.0024353
11.9 7.875 0.0257342
11.9 10.125 0.0165038
11.9 12.375 0.00197517
11.9 14.625 0.00237253
11.9 16.875 0.0038036
11.9 19.125 0.00305216
11.9 21.375 0.00361457
11.9 23.625 0.00203783
11.9 25.875 0.00204951
11.9 28.125 0.00307525
11.9 30.375 0.00242584
11.9 32.625 0.00161562
11.9 34.875 0.0015369
11.9 37.125 0.00394971
11.9 39.375 0.0268785
11.9 41.625 0.00272914
11.9 43.875 0.00216015
12.1 1.125 0.0020255
12.1 3.375 0.00204954
12.1 5.625 0.00195266
12.1 7.875 0.00194435
12.1 10.125 0.00162339
12.1 12.375 0.00922576
12.1 14.625 0.00223823
12.1 16.875 0.00228896
12.1 19.125 0.00402362
12.1 21.375 0.00574248
12.1 23.625 0.00231651
12.1 25.875 0.00397867
12.1 28.125 0.00153375
12.1 30.375 0.00207375
12.1 32.625 0.00197438
12.1 34.875 0.00301147
12.1 37.125 0.00135368
12.1 39.375 0.00211631
12.1 41.625 0.00150399
12.1 43.875 0.00256084
12.3 1.125 0.00192334
12.3 3.375 0.00259495
12.3 5.625 0.00879363
12.3 7.875 0.00320361
12.3 10.125 0.00244779
12.3 12.375 0.00224984
12.3 14.625 0.00288764
12.3 16.875 0.00222025
12.3 19.125 0.00371496
12.3 21.375 0.00409838
12.3 23.625 0.0029206
12.3 25.875 0.00206959
12.3 28.125 0.00140117
12.3 30.375 0.00199438
12.3 32.625 0.00246855
12.3 34.875 0.00211013
12.3 37.125 0.00250207
12.3 39.375 0.00264257
12.3 41.625 0.00236095
12.3 43.875 0.00403149
12.5 1.125 0.00158893
12.5 3.375 0.0027866
12.5 5.625 0.00154816
12.5 7.875 0.00157217
12.5 10.125 0.00303671
12.5 12.375 0.003033
12.5 14.625 0.00172556
12.5 16.875 0.00162074
12.5 19.125 0.00263501
12.5 21.375 0.00149138
12.5 23.625 0.00183054
12.5 25.875 0.00192574
12.5 28.125 0.00207315
12.5 30.375 0.00171731
12.5 32.625 0.00155183
12.5 34.875 0.00180838
12.5 37.125 0.00213571
12.5 39.375 0.00277438
12.5 41.625 0.0564425
12.5 43.875 0.00340418
12.7 1.125 0.00260031
12.7 3.375 0.00671972
12.7 5.625 0.00254084
12.7 7.875 0.000924178
12.7 10.125 0.00379101
12.7 12.375 0.00246142
12.7 14.625 0.00213849
12.7 16.875 0.00249305
12.7 19.125 0.00244447
12.7 21.375 0.00229298
12.7 23.625 0.0364559
12.7 25.875 0.00229475
12.7 28.125 0.00867265
12.7 30.375 0.00284951
12.7 32.625 0.0325099
12.7 34.875 0.00159852
12.7 39.375 0.00223797
12.7 41.625 0.00453203
12.7 43.875 0.00147444
12.9 1.125 0.0241001
12.9 3.375 0.00528798
12.9 5.625 0.000975289
12.9 7.875 0.00393924
12.9 10.125 0.0152443
12.9 12.375 0.0650622
12.9 14.625 0.00337739
12.9 16.875 0.00199343
12.9 19.125 0.037128
12.9 21.375 0.0024992
12.9 23.625 0.00275439
12.9 25.875 0.00338224
12.9 28.125 0.00332231
12.9 30.375 0.00318329
12.9 32.625 0.00264881
12.9 34.875 0.00217344
12.9 39.375 0.00184447
12.9 41.625 0.00326794
12.9 43.875 0.00151399
13.1 1.125 0.00206772
13.1 3.375 0.00569829
13.1 5.625 0.00131444
13.1 7.875 0.00186434
13.1 10.125 0.00175392
13.1 12.375 0.00151232
13.1 14.625 0.00260002
13.1 16.875 0.00296353
13.1 19.125 0.00402842
13.1 21.375 0.00212967
13.1 23.625 0.00157927
13.1 25.875 0.00235564
13.1 28.125 0.00165137
13.1 30.375 0.00246179
13.1 34.875 0.00229266
13.1 41.625 0.00422493
13.1 43.875 0.0175295
13.3 1.125 0.00504351
13.3 3.375 0.0016362
13.3 5.625 0.00226349
13.3 7.875 0.00240819
13.3 10.125 0.00274606
13.3 12.375 0.00163774
13.3 14.625 0.00417091
13.3 16.875 0.00133317
13.3 19.125 0.00148322
13.3 21.375 0.00233247
13.3 23.625 0.00187221
13.3 25.875 0.0289347
13.3 28.125 0.0470823
13.3 30.375 0.0136018
13.3 32.625 0.00166018
13.3 34.875 0.0036968
13.3 37.125 0.0018147
13.3 39.375 0.00209407
13.3 43.875 0.0159436
13.5 1.125 0.00190801
13.5 3.375 0.00484417
13.5 5.625 0.00247256
13.5 7.875 0.00154338
13.5 12.375 0.00253353
13.5 14.625 0.00189357
13.5 19.125 0.00205287
13.5 21.375 0.0799196
13.5 23.625 0.00322988
13.5 25.875 0.00178943
13.5 28.125 0.00274468
13.5 30.375 0.00268485
13.5 32.625 0.00234748
13.5 37.125 0.00250927
13.5 41.625 0.00235297
13.5 43.875 0.00142512
13.7 1.125 0.00241565
13.7 3.375 0.00276954
13.7 5.625 0.00210376
13.7 7.875 0.00459717
13.7 10.125 0.00125749
13.7 12.375 0.00244256
13.7 14.625 0.0136551
13.7 16.875 0.00159989
13.7 19.125 0.00138772
13.7 23.625 0.00242156
13.7 25.875 0.00356114
13.7 28.125 0.0514076
13.7 30.375 0.00237517
13.7 32.625 0.00176604
13.7 34.875 0.00189853
13.7 39.375 0.00153947
13.7 43.875 0.00256141
13.9 1.125 0.00282401
13.9 3.375 0.00146785
13.9 5.625 0.0027542
13.9 7.875 0.00515316
13.9 10.125 0.0143084
13.9 12.375 0.00283406
13.9 14.625 0.00222203
13.9 16.875 0.00640318
13.9 19.125 0.00506371
13.9 21.375 0.00156146
13.9 23.625 0.00280576
13.9 25.875 0.00171022
13.9 28.125 0.00212768
13.9 30.375 0.0378418
13.9 32.625 0.00620993
13.9 34.875 0.00443122
13.9 37.125 0.00193221
13.9 43.875 0.00345289
