5.52913 26.8694 0.00274484
3.5282 44.9103 0.00368294
2.49259 1.47968 0.0171456
0.0876457 32.6422 0.315594
2.38514 2.01961 0.0170716
7.22009 0.998596 0.00337301
2.34811 1.14696 0.00971517
5.29802 26.7267 0.00347213
1.35323 3.96164 0.128118
2.71241 30.2118 0.00416429
4.96039 16.1597 0.00387075
1.08034 4.99745 0.216854
2.56937 24.1626 0.00756639
6.0908 35.189 0.00509945
4.3461 3.42074 0.00430008
2.89088 41.1246 0.00409399
1.92455 7.71687 0.0338572
2.2409 13.6695 0.0114047
0.580391 26.3686 0.324481
2.73994 10.397 0.00600805
9.20203 35.6784 0.00622125
