0.1 1.125 0.629352
0.1 3.375 0.675529
0.1 5.625 0.665887
0.1 7.875 0.641406
0.1 10.125 0.664435
0.1 12.375 0.636137
0.1 14.625 0.658726
0.1 16.875 0.676501
0.1 19.125 0.641963
0.1 21.375 0.657719
0.1 23.625 0.641613
0.1 25.875 0.629922
0.1 28.125 0.643575
0.1 30.375 0.620765
0.1 32.625 0.638411
0.1 34.875 0.667367
0.1 37.125 0.661054
0.1 39.375 0.637115
0.1 41.625 0.668208
0.1 43.875 0.671881
0.3 1.125 0.646906
0.3 3.375 0.637917
0.3 5.625 0.642448
0.3 7.875 0.647174
0.3 10.125 0.654563
0.3 12.375 0.633868
0.3 14.625 0.632897
0.3 16.875 0.65406
0.3 19.125 0.647378
0.3 21.375 0.658384
0.3 23.625 0.651392
0.3 25.875 0.653235
0.3 28.125 0.6499
0.3 30.375 0.641467
0.3 32.625 0.6354
0.3 34.875 0.630948
0.3 37.125 0.638137
0.3 39.375 0.655588
0.3 41.625 0.647302
0.3 43.875 0.64843
0.5 1.125 0.605559
0.5 3.375 0.630279
0.5 5.625 0.621703
0.5 7.875 0.625185
0.5 10.125 0.638799
0.5 12.375 0.636211
0.5 14.625 0.622239
0.5 16.875 0.631504
0.5 19.125 0.638741
0.5 21.375 0.627772
0.5 23.625 0.645181
0.5 25.875 0.632999
0.5 28.125 0.617267
0.5 30.375 0.634629
0.5 32.625 0.637047
0.5 34.875 0.622279
0.5 37.125 0.623277
0.5 39.375 0.634712
0.5 41.625 0.617952
0.5 43.875 0.62982
0.7 1.125 0.59583
0.7 3.375 0.600636
0.7 5.625 0.599347
0.7 7.875 0.604072
0.7 10.125 0.59807
0.7 12.375 0.609582
0.7 14.625 0.589244
0.7 16.875 0.601635
0.7 19.125 0.595332
0.7 21.375 0.59706
0.7 23.625 0.589861
0.7 25.875 0.576524
0.7 28.125 0.593614
0.7 30.375 0.601001
0.7 32.625 0.574864
0.7 34.875 0.593075
0.7 37.125 0.592311
0.7 39.375 0.588063
0.7 41.625 0.593727
0.7 43.875 0.599626
0.9 1.125 0.527067
0.9 3.375 0.537475
0.9 5.625 0.543275
0.9 7.875 0.531701
0.9 10.125 0.534724
0.9 12.375 0.522638
0.9 14.625 0.538637
0.9 16.875 0.521437
0.9 19.125 0.535993
0.9 21.375 0.527603
0.9 23.625 0.519702
0.9 25.875 0.543851
0.9 28.125 0.540138
0.9 30.375 0.546114
0.9 32.625 0.504967
0.9 34.875 0.539844
0.9 37.125 0.543403
0.9 39.375 0.547559
0.9 41.625 0.546763
0.9 43.875 0.545829
1.1 1.125 0.406247
1.1 3.375 0.421876
1.1 5.625 0.413049
1.1 7.875 0.427098
1.1 10.125 0.416887
1.1 12.375 0.422405
1.1 14.625 0.42366
1.1 16.875 0.432381
1.1 19.125 0.404979
1.1 21.375 0.42884
1.1 23.625 0.43111
1.1 25.875 0.432587
1.1 28.125 0.454496
1.1 30.375 0.452415
1.1 32.625 0.466912
1.1 34.875 0.452614
1.1 37.125 0.475388
1.1 39.375 0.47068
1.1 41.625 0.472656
1.1 43.875 0.496007
1.3 1.125 0.263744
1.3 3.375 0.246954
1.3 5.625 0.263459
1.3 7.875 0.261701
1.3 10.125 0.26519
1.3 12.375 0.265219
1.3 14.625 0.271078
1.3 16.875 0.314297
1.3 19.125 0.296096
1.3 21.375 0.312305
1.3 23.625 0.309795
1.3 25.875 0.333941
1.3 28.125 0.338384
1.3 30.375 0.34167
1.3 32.625 0.34746
1.3 34.875 0.349844
1.3 37.125 0.36837
1.3 39.375 0.371082
1.3 41.625 0.379776
1.3 43.875 0.41966
1.5 1.125 0.145013
1.5 3.375 0.146012
1.5 5.625 0.148127
1.5 7.875 0.164669
1.5 10.125 0.159261
1.5 12.375 0.170396
1.5 14.625 0.189667
1.5 16.875 0.180761
1.5 19.125 0.192528
1.5 21.375 0.192751
1.5 23.625 0.210615
1.5 25.875 0.216381
1.5 28.125 0.219171
1.5 30.375 0.23476
1.5 32.625 0.248654
1.5 34.875 0.266522
1.5 37.125 0.266625
1.5 39.375 0.29583
1.5 41.625 0.273567
1.5 43.875 0.316559
1.7 1.125 0.0858591
1.7 3.375 0.0872057
1.7 5.625 0.0894675
1.7 7.875 0.091943
1.7 10.125 0.0933156
1.7 12.375 0.102535
1.7 14.625 0.104322
1.7 16.875 0.107846
1.7 19.125 0.11771
1.7 21.375 0.113552
1.7 23.625 0.127914
1.7 25.875 0.109484
1.7 28.125 0.135731
1.7 30.375 0.133091
1.7 32.625 0.12907
1.7 34.875 0.161105
1.7 37.125 0.151852
1.7 39.375 0.159573
1.7 41.625 0.170238
1.7 43.875 0.180611
1.9 1.125 0.0534613
1.9 3.375 0.0540745
1.9 5.625 0.055639
1.9 7.875 0.0539049
1.9 10.125 0.0569769
1.9 12.375 0.0628622
1.9 14.625 0.063452
1.9 16.875 0.0645045
1.9 19.125 0.0680811
1.9 21.375 0.0687825
1.9 23.625 0.0678559
1.9 25.875 0.0759802
1.9 28.125 0.0747355
1.9 30.375 0.0885244
1.9 32.625 0.0811356
1.9 34.875 0.0752248
1.9 37.125 0.0926942
1.9 39.375 0.0901298
1.9 41.625 0.0936893
1.9 43.875 0.0883747
2.1 1.125 0.0341851
2.1 3.375 0.0347867
2.1 5.625 0.0349714
2.1 7.875 0.0364153
2.1 10.125 0.0382951
2.1 12.375 0.0389405
2.1 14.625 0.0428571
2.1 16.875 0.0436913
2.1 19.125 0.0413533
2.1 21.375 0.0483554
2.1 23.625 0.0484297
2.1 25.875 0.0447845
2.1 28.125 0.0552877
2.1 30.375 0.0492121
2.1 32.625 0.0484014
2.1 34.875 0.0597892
2.1 37.125 0.0634382
2.1 39.375 0.0592592
2.1 41.625 0.0592242
2.1 43.875 0.058471
2.3 1.125 0.0199411
2.3 3.375 0.0205518
2.3 5.625 0.0226915
2.3 7.875 0.0217746
2.3 10.125 0.0219797
2.3 12.375 0.021381
2.3 14.625 0.0262352
2.3 16.875 0.0232859
2.3 19.125 0.0264166
2.3 21.375 0.0275856
2.3 23.625 0.0318012
2.3 25.875 0.0299943
2.3 28.125 0.0327161
2.3 30.375 0.0353335
2.3 32.625 0.0362763
2.3 34.875 0.0362777
2.3 37.125 0.0377013
2.3 39.375 0.0405655
2.3 41.625 0.0385105
2.3 43.875 0.0400792
2.5 1.125 0.0158067
2.5 3.375 0.0142575
2.5 5.625 0.0149455
2.5 7.875 0.0165029
2.5 10.125 0.0137578
2.5 12.375 0.0136308
2.5 14.625 0.0147832
2.5 16.875 0.0153679
2.5 19.125 0.0152944
2.5 21.375 0.0165614
2.5 23.625 0.0182456
2.5 25.875 0.0202386
2.5 28.125 0.0212801
2.5 30.375 0.024412
2.5 32.625 0.0243488
2.5 34.875 0.0249854
2.5 37.125 0.0264652
2.5 39.375 0.0239757
2.5 41.625 0.0269395
2.5 43.875 0.0262712
2.7 1.125 0.0121952
2.7 3.375 0.0121196
2.7 5.625 0.0118966
2.7 7.875 0.0136117
2.7 10.125 0.0154631
2.7 12.375 0.0113534
2.7 14.625 0.0112798
2.7 16.875 0.0109427
2.7 19.125 0.0119434
2.7 21.375 0.0103569
2.7 23.625 0.0126269
2.7 25.875 0.0127674
2.7 28.125 0.0136928
2.7 30.375 0.0151023
2.7 32.625 0.0159988
2.7 34.875 0.0162987
2.7 37.125 0.0154998
2.7 39.375 0.0174188
2.7 41.625 0.0169659
2.7 43.875 0.0156035
2.9 1.125 0.00989435
2.9 3.375 0.00990606
2.9 5.625 0.00874572
2.9 7.875 0.00979327
2.9 10.125 0.00921424
2.9 12.375 0.00929449
2.9 14.625 0.00897462
2.9 16.875 0.00972138
2.9 19.125 0.00987824
2.9 21.375 0.00988919
2.9 23.625 0.0101081
2.9 25.875 0.0104774
2.9 28.125 0.0105617
2.9 30.375 0.0107418
2.9 32.625 0.0104534
2.9 34.875 0.0114755
2.9 37.125 0.012617
2.9 39.375 0.0124474
2.9 41.625 0.0121995
2.9 43.875 0.0131589
3.1 1.125 0.00893112
3.1 3.375 0.00857898
3.1 5.625 0.00829332
3.1 7.875 0.00769007
3.1 10.125 0.00684584
3.1 12.375 0.0111805
3.1 14.625 0.00782952
3.1 16.875 0.00745142
3.1 19.125 0.00787442
3.1 21.375 0.00831137
3.1 23.625 0.00861246
3.1 25.875 0.00897351
3.1 28.125 0.00812983
3.1 30.375 0.00894017
3.1 32.625 0.00935773
3.1 34.875 0.00833601
3.1 37.125 0.0094244
3.1 39.375 0.00973578
3.1 41.625 0.0103827
3.1 43.875 0.0101095
3.3 1.125 0.00711422
3.3 3.375 0.00689351
3.3 5.625 0.00678382
3.3 7.875 0.0061827
3.3 10.125 0.00625975
3.3 12.375 0.00682786
3.3 14.625 0.00651725
3.3 16.875 0.00629189
3.3 19.125 0.00744726
3.3 21.375 0.00635723
3.3 23.625 0.00723116
3.3 25.875 0.00680704
3.3 28.125 0.00772684
3.3 30.375 0.00836893
3.3 32.625 0.00772077
3.3 34.875 0.00850781
3.3 37.125 0.00826887
3.3 39.375 0.00825681
3.3 41.625 0.00699572
3.3 43.875 0.00829172
3.5 1.125 0.00622198
3.5 3.375 0.0061012
3.5 5.625 0.00573889
3.5 7.875 0.00644908
3.5 10.125 0.00896209
3.5 12.375 0.00625962
3.5 14.625 0.0059436
3.5 16.875 0.00617548
3.5 19.125 0.00591725
3.5 21.375 0.0066561
3.5 23.625 0.00679039
3.5 25.875 0.00685783
3.5 28.125 0.00669674
3.5 30.375 0.00702385
3.5 32.625 0.00606793
3.5 34.875 0.00719143
3.5 37.125 0.00655824
3.5 39.375 0.00724667
3.5 41.625 0.00699249
3.5 43.875 0.00650363
3.7 1.125 0.00602925
3.7 3.375 0.00583026
3.7 5.625 0.00595678
3.7 7.875 0.00617859
3.7 10.125 0.00528766
3.7 12.375 0.00517708
3.7 14.625 0.00533767
3.7 16.875 0.00584805
3.7 19.125 0.00556545
3.7 21.375 0.00583524
3.7 23.625 0.00620505
3.7 25.875 0.00677742
3.7 28.125 0.00654913
3.7 30.375 0.00601397
3.7 32.625 0.00572734
3.7 34.875 0.00544818
3.7 37.125 0.00629027
3.7 39.375 0.00606954
3.7 41.625 0.0055831
3.7 43.875 0.00579132
3.9 1.125 0.0052479
3.9 3.375 0.00511948
3.9 5.625 0.00487439
3.9 7.875 0.00816184
3.9 10.125 0.00524394
3.9 12.375 0.00506334
3.9 14.625 0.0049877
3.9 16.875 0.00572466
3.9 19.125 0.00603651
3.9 21.375 0.00560885
3.9 23.625 0.00544539
3.9 25.875 0.00534722
3.9 28.125 0.00544192
3.9 30.375 0.00588832
3.9 32.625 0.00600113
3.9 34.875 0.00536499
3.9 37.125 0.0055178
3.9 39.375 0.00493771
3.9 41.625 0.00497269
3.9 43.875 0.00512604
4.1 1.125 0.00505697
4.1 3.375 0.00490892
4.1 5.625 0.00509297
4.1 7.875 0.00468702
4.1 10.125 0.00434892
4.1 12.375 0.00529245
4.1 14.625 0.00500844
4.1 16.875 0.00481119
4.1 19.125 0.00561691
4.1 21.375 0.00548745
4.1 23.625 0.00522181
4.1 25.875 0.00494082
4.1 28.125 0.00467203
4.1 30.375 0.0050955
4.1 32.625 0.00468988
4.1 34.875 0.00487943
4.1 37.125 0.00505833
4.1 39.375 0.00442546
4.1 41.625 0.00459838
4.1 43.875 0.0051245
4.3 1.125 0.00445652
4.3 3.375 0.00491146
4.3 5.625 0.00452056
4.3 7.875 0.00631252
4.3 10.125 0.00424613
4.3 12.375 0.0044159
4.3 14.625 0.00516194
4.3 16.875 0.00510543
4.3 19.125 0.00491241
4.3 21.375 0.00516309
4.3 23.625 0.00704027
4.3 25.875 0.00515977
4.3 28.125 0.00471408
4.3 30.375 0.00473654
4.3 32.625 0.0046809
4.3 34.875 0.00457832
4.3 37.125 0.00460269
4.3 39.375 0.00425373
4.3 41.625 0.00440769
4.3 43.875 0.00415375
4.5 1.125 0.00386075
4.5 3.375 0.0038821
4.5 5.625 0.00387302
4.5 7.875 0.00451124
4.5 10.125 0.00437415
4.5 12.375 0.003941
4.5 14.625 0.00402504
4.5 16.875 0.00695394
4.5 19.125 0.00436543
4.5 21.375 0.00457411
4.5 23.625 0.00422331
4.5 25.875 0.00416518
4.5 28.125 0.00490084
4.5 30.375 0.00455235
4.5 32.625 0.00412977
4.5 34.875 0.00373653
4.5 37.125 0.00398581
4.5 39.375 0.00387907
4.5 41.625 0.00387204
4.5 43.875 0.003727
4.7 1.125 0.0036788
4.7 3.375 0.00366599
4.7 5.625 0.00365223
4.7 7.875 0.00402654
4.7 10.125 0.00369888
4.7 12.375 0.00394648
4.7 14.625 0.00408003
4.7 16.875 0.00375047
4.7 19.125 0.00388272
4.7 21.375 0.00398448
4.7 23.625 0.00344585
4.7 25.875 0.00391983
4.7 28.125 0.00386903
4.7 30.375 0.00407452
4.7 32.625 0.0051102
4.7 34.875 0.00446047
4.7 37.125 0.00353555
4.7 39.375 0.00383306
4.7 41.625 0.00373398
4.7 43.875 0.00355071
4.9 1.125 0.00324185
4.9 3.375 0.00293415
4.9 5.625 0.00337715
4.9 7.875 0.00332327
4.9 10.125 0.00383697
4.9 12.375 0.0036085
4.9 14.625 0.00370659
4.9 16.875 0.00334541
4.9 19.125 0.00359014
4.9 21.375 0.00373296
4.9 23.625 0.00383019
4.9 25.875 0.0035564
4.9 28.125 0.00370778
4.9 30.375 0.00381723
4.9 32.625 0.00339696
4.9 34.875 0.00375436
4.9 37.125 0.00356343
4.9 39.375 0.00395777
4.9 41.625 0.00390618
4.9 43.875 0.00375454
5.1 1.125 0.00315289
5.1 3.375 0.00317241
5.1 5.625 0.00309259
5.1 7.875 0.00347143
5.1 10.125 0.0048642
5.1 12.375 0.00313557
5.1 14.625 0.00299235
5.1 16.875 0.00320178
5.1 19.125 0.00369774
5.1 21.375 0.0037398
5.1 23.625 0.00355773
5.1 25.875 0.00365609
5.1 28.125 0.00480283
5.1 30.375 0.00345718
5.1 32.625 0.00403585
5.1 34.875 0.00354457
5.1 37.125 0.00337557
5.1 39.375 0.00333839
5.1 41.625 0.00345429
5.1 43.875 0.0034874
5.3 1.125 0.00509104
5.3 3.375 0.0029048
5.3 5.625 0.00541278
5.3 7.875 0.00314571
5.3 10.125 0.00292769
5.3 12.375 0.0029081
5.3 14.625 0.00341225
5.3 16.875 0.0047964
5.3 19.125 0.00324709
5.3 21.375 0.00327499
5.3 23.625 0.00341181
5.3 25.875 0.00323106
5.3 28.125 0.0029978
5.3 30.375 0.00328229
5.3 32.625 0.00338304
5.3 34.875 0.00360268
5.3 37.125 0.00301442
5.3 39.375 0.00311773
5.3 41.625 0.00358982
5.3 43.875 0.00291722
5.5 1.125 0.00309637
5.5 3.375 0.0029642
5.5 5.625 0.00610327
5.5 7.875 0.00308005
5.5 10.125 0.00286384
5.5 12.375 0.00311427
5.5 14.625 0.00292785
5.5 16.875 0.00290616
5.5 19.125 0.0031817
5.5 21.375 0.00305428
5.5 23.625 0.00330273
5.5 25.875 0.00349996
5.5 28.125 0.00335651
5.5 30.375 0.00306885
5.5 32.625 0.00290917
5.5 34.875 0.00313282
5.5 37.125 0.00308611
5.5 39.375 0.00356981
5.5 41.625 0.0034631
5.5 43.875 0.00360325
5.7 1.125 0.00278837
5.7 3.375 0.00288462
5.7 5.625 0.00315984
5.7 7.875 0.00314207
5.7 10.125 0.00325402
5.7 12.375 0.00273266
5.7 14.625 0.00319191
5.7 16.875 0.00305945
5.7 19.125 0.00305493
5.7 21.375 0.00305368
5.7 23.625 0.00310639
5.7 25.875 0.00311072
5.7 28.125 0.00308914
5.7 30.375 0.00309195
5.7 32.625 0.00299295
5.7 34.875 0.00306585
5.7 37.125 0.00293246
5.7 39.375 0.0037103
5.7 41.625 0.00289264
5.7 43.875 0.00281785
5.9 1.125 0.00252564
5.9 3.375 0.00273288
5.9 5.625 0.00283678
5.9 7.875 0.00271969
5.9 10.125 0.00297114
5.9 12.375 0.0026433
5.9 14.625 0.00319926
5.9 16.875 0.00291305
5.9 19.125 0.00269693
5.9 21.375 0.00278044
5.9 23.625 0.00319631
5.9 25.875 0.00275517
5.9 28.125 0.00279747
5.9 30.375 0.00277504
5.9 32.625 0.00316982
5.9 34.875 0.00277271
5.9 37.125 0.00292229
5.9 39.375 0.00304703
5.9 41.625 0.00291986
5.9 43.875 0.00293596
6.1 1.125 0.00251241
6.1 3.375 0.00284974
6.1 5.625 0.00325485
6.1 7.875 0.00300127
6.1 10.125 0.00270399
6.1 12.375 0.00292032
6.1 14.625 0.00263454
6.1 16.875 0.00270258
6.1 19.125 0.00282409
6.1 21.375 0.00321486
6.1 23.625 0.00275619
6.1 25.875 0.00311927
6.1 28.125 0.00285568
6.1 30.375 0.00284643
6.1 32.625 0.00333816
6.1 34.875 0.00287284
6.1 37.125 0.0026728
6.1 39.375 0.00308239
6.1 41.625 0.00292813
6.1 43.875 0.002738
6.3 1.125 0.00285295
6.3 3.375 0.0025029
6.3 5.625 0.00281339
6.3 7.875 0.00229283
6.3 10.125 0.00249215
6.3 12.375 0.00256253
6.3 14.625 0.0028314
6.3 16.875 0.00311263
6.3 19.125 0.00310869
6.3 21.375 0.00271468
6.3 23.625 0.00286154
6.3 25.875 0.00247675
6.3 28.125 0.00273486
6.3 30.375 0.00226648
6.3 32.625 0.00273762
6.3 34.875 0.00245537
6.3 37.125 0.00266882
6.3 39.375 0.00263218
6.3 41.625 0.0027088
6.3 43.875 0.00276398
6.5 1.125 0.00242797
6.5 3.375 0.00253462
6.5 5.625 0.00236571
6.5 7.875 0.00302499
6.5 10.125 0.00288065
6.5 12.375 0.0029627
6.5 14.625 0.00312583
6.5 16.875 0.00286974
6.5 19.125 0.00272191
6.5 21.375 0.00279639
6.5 23.625 0.00266924
6.5 25.875 0.00282966
6.5 28.125 0.00318029
6.5 30.375 0.00295025
6.5 32.625 0.00215484
6.5 34.875 0.00284885
6.5 37.125 0.00311525
6.5 39.375 0.00286981
6.5 41.625 0.00259809
6.5 43.875 0.00278371
6.7 1.125 0.00259918
6.7 3.375 0.00257723
6.7 5.625 0.00281853
6.7 7.875 0.00260881
6.7 10.125 0.00269079
6.7 12.375 0.00283364
6.7 14.625 0.0024334
6.7 16.875 0.00257243
6.7 19.125 0.00277694
6.7 21.375 0.00272574
6.7 23.625 0.00283549
6.7 25.875 0.00281836
6.7 28.125 0.00292399
6.7 30.375 0.00263398
6.7 32.625 0.00271422
6.7 34.875 0.00295626
6.7 37.125 0.00219412
6.7 39.375 0.00305045
6.7 41.625 0.00280516
6.7 43.875 0.00479952
6.9 1.125 0.00284172
6.9 3.375 0.0026887
6.9 5.625 0.00258908
6.9 7.875 0.00298878
6.9 10.125 0.00278395
6.9 12.375 0.00247054
6.9 14.625 0.00278112
6.9 16.875 0.00307354
6.9 19.125 0.00249274
6.9 21.375 0.00305575
6.9 23.625 0.00291101
6.9 25.875 0.00281778
6.9 28.125 0.00240692
6.9 30.375 0.00412957
6.9 32.625 0.00234282
6.9 34.875 0.00230127
6.9 37.125 0.00264026
6.9 39.375 0.00239962
6.9 41.625 0.00260577
6.9 43.875 0.00228394
7.1 1.125 0.00244606
7.1 3.375 0.00267646
7.1 5.625 0.00732365
7.1 7.875 0.00287155
7.1 10.125 0.00264505
7.1 12.375 0.00261245
7.1 14.625 0.00244532
7.1 16.875 0.002833
7.1 19.125 0.00230446
7.1 21.375 0.00245751
7.1 23.625 0.00218415
7.1 25.875 0.00281732
7.1 28.125 0.00256776
7.1 30.375 0.00256759
7.1 32.625 0.0027724
7.1 34.875 0.00221486
7.1 37.125 0.00237178
7.1 39.375 0.00238704
7.1 41.625 0.00266373
7.1 43.875 0.00253
7.3 1.125 0.00263213
7.3 3.375 0.0024611
7.3 5.625 0.00254305
7.3 7.875 0.00226476
7.3 10.125 0.00243637
7.3 12.375 0.00286131
7.3 14.625 0.00286548
7.3 16.875 0.00254271
7.3 19.125 0.00371822
7.3 21.375 0.00197341
7.3 23.625 0.00303841
7.3 25.875 0.00243108
7.3 28.125 0.0027734
7.3 30.375 0.00247979
7.3 32.625 0.00313346
7.3 34.875 0.0023961
7.3 37.125 0.00250116
7.3 39.375 0.00233382
7.3 41.625 0.00278989
7.3 43.875 0.00270408
7.5 1.125 0.00238233
7.5 3.375 0.00215415
7.5 5.625 0.00232506
7.5 7.875 0.00390102
7.5 10.125 0.00240047
7.5 12.375 0.00216999
7.5 14.625 0.00275536
7.5 16.875 0.00264456
7.5 19.125 0.00257144
7.5 21.375 0.00272969
7.5 23.625 0.00509147
7.5 25.875 0.00266993
7.5 28.125 0.00275808
7.5 30.375 0.00220332
7.5 32.625 0.00433559
7.5 34.875 0.00222268
7.5 37.125 0.00264853
7.5 39.375 0.00230217
7.5 41.625 0.00243427
7.5 43.875 0.0022497
7.7 1.125 0.0025362
7.7 3.375 0.00376234
7.7 5.625 0.00261033
7.7 7.875 0.00262049
7.7 10.125 0.00257684
7.7 12.375 0.00403013
7.7 14.625 0.00244189
7.7 16.875 0.00602131
7.7 19.125 0.00229877
7.7 21.375 0.00233046
7.7 23.625 0.00479815
7.7 25.875 0.00253002
7.7 28.125 0.00256669
7.7 30.375 0.00223703
7.7 32.625 0.00256233
7.7 34.875 0.00235336
7.7 37.125 0.00243139
7.7 39.375 0.00241194
7.7 41.625 0.0026133
7.7 43.875 0.00229866
7.9 1.125 0.00886235
7.9 3.375 0.00218107
7.9 5.625 0.00190929
7.9 7.875 0.00265215
7.9 10.125 0.00245058
7.9 12.375 0.00247014
7.9 14.625 0.00266357
7.9 16.875 0.00740917
7.9 19.125 0.00224492
7.9 21.375 0.00216063
7.9 23.625 0.00210715
7.9 25.875 0.00250661
7.9 28.125 0.00273606
7.9 30.375 0.00238682
7.9 32.625 0.00257595
7.9 34.875 0.00251353
7.9 37.125 0.00260843
7.9 39.375 0.00215509
7.9 41.625 0.0028763
7.9 43.875 0.00258793
8.1 1.125 0.00247663
8.1 3.375 0.00245548
8.1 5.625 0.00222764
8.1 7.875 0.00228626
8.1 10.125 0.00201223
8.1 12.375 0.00208155
8.1 14.625 0.00222656
8.1 16.875 0.00212452
8.1 19.125 0.00201734
8.1 21.375 0.00222269
8.1 23.625 0.00249672
8.1 25.875 0.00234371
8.1 28.125 0.00244065
8.1 30.375 0.00215334
8.1 32.625 0.00232641
8.1 34.875 0.00227236
8.1 37.125 0.00236793
8.1 39.375 0.0023471
8.1 41.625 0.00236517
8.1 43.875 0.00263848
8.3 1.125 0.0021892
8.3 3.375 0.00597362
8.3 5.625 0.00218735
8.3 7.875 0.00194644
8.3 10.125 0.00217527
8.3 12.375 0.00230073
8.3 14.625 0.00280457
8.3 16.875 0.00253712
8.3 19.125 0.00222235
8.3 21.375 0.00319252
8.3 23.625 0.00222986
8.3 25.875 0.00202409
8.3 28.125 0.00268438
8.3 30.375 0.00254728
8.3 32.625 0.00281133
8.3 34.875 0.00191365
8.3 37.125 0.00248751
8.3 39.375 0.00206755
8.3 41.625 0.00229724
8.3 43.875 0.00216939
8.5 1.125 0.00237958
8.5 3.375 0.00965076
8.5 5.625 0.00226746
8.5 7.875 0.00250576
8.5 10.125 0.00247895
8.5 12.375 0.00247359
8.5 14.625 0.00255048
8.5 16.875 0.00304093
8.5 19.125 0.00248974
8.5 21.375 0.00216503
8.5 23.625 0.00246979
8.5 25.875 0.00226573
8.5 28.125 0.00202968
8.5 30.375 0.00474396
8.5 32.625 0.0020778
8.5 34.875 0.00261672
8.5 37.125 0.00223864
8.5 39.375 0.00203489
8.5 41.625 0.0023728
8.5 43.875 0.0124311
8.7 1.125 0.013999
8.7 3.375 0.00207135
8.7 5.625 0.00249468
8.7 7.875 0.00317167
8.7 10.125 0.00228524
8.7 12.375 0.00255687
8.7 14.625 0.00253725
8.7 16.875 0.00233711
8.7 19.125 0.0061532
8.7 21.375 0.00225179
8.7 23.625 0.00233644
8.7 25.875 0.00230594
8.7 28.125 0.00211114
8.7 30.375 0.00204735
8.7 32.625 0.00428041
8.7 34.875 0.00237558
8.7 37.125 0.00229681
8.7 39.375 0.00224882
8.7 41.625 0.00191069
8.7 43.875 0.0021902
8.9 1.125 0.00222881
8.9 3.375 0.00243232
8.9 5.625 0.00290917
8.9 7.875 0.00213284
8.9 10.125 0.00270938
8.9 12.375 0.00261676
8.9 14.625 0.00295546
8.9 16.875 0.00248627
8.9 19.125 0.00421579
8.9 21.375 0.00250226
8.9 23.625 0.00221139
8.9 25.875 0.00216484
8.9 28.125 0.00210294
8.9 30.375 0.00224766
8.9 32.625 0.00210284
8.9 34.875 0.00225999
8.9 37.125 0.0105556
8.9 39.375 0.002186
8.9 41.625 0.00232916
8.9 43.875 0.0106281
9.1 1.125 0.00232582
9.1 3.375 0.00195435
9.1 5.625 0.00246684
9.1 7.875 0.00218013
9.1 10.125 0.00192101
9.1 12.375 0.00192387
9.1 14.625 0.00253606
9.1 16.875 0.00220241
9.1 19.125 0.00246181
9.1 21.375 0.00270532
9.1 23.625 0.014307
9.1 25.875 0.00177467
9.1 28.125 0.00217131
9.1 30.375 0.00187635
9.1 32.625 0.00233035
9.1 34.875 0.00233974
9.1 37.125 0.00240115
9.1 39.375 0.00215157
9.1 41.625 0.00304806
9.1 43.875 0.00222506
9.3 1.125 0.00217434
9.3 3.375 0.00256491
9.3 5.625 0.00220529
9.3 7.875 0.0026352
9.3 10.125 0.00232507
9.3 12.375 0.00228955
9.3 14.625 0.00226443
9.3 16.875 0.00210195
9.3 19.125 0.00177365
9.3 21.375 0.00221788
9.3 23.625 0.00236846
9.3 25.875 0.00226839
9.3 28.125 0.0019681
9.3 30.375 0.0021132
9.3 32.625 0.00238948
9.3 34.875 0.00187042
9.3 37.125 0.00209105
9.3 39.375 0.00205759
9.3 41.625 0.00251903
9.3 43.875 0.00341491
9.5 1.125 0.00218607
9.5 3.375 0.00244961
9.5 5.625 0.0152258
9.5 7.875 0.00198134
9.5 10.125 0.00190138
9.5 12.375 0.00181033
9.5 14.625 0.00203365
9.5 16.875 0.00181983
9.5 19.125 0.00235566
9.5 21.375 0.00252908
9.5 23.625 0.00191313
9.5 25.875 0.00220378
9.5 28.125 0.00177032
9.5 30.375 0.00185902
9.5 32.625 0.00219651
9.5 34.875 0.00247412
9.5 37.125 0.00183154
9.5 39.375 0.00234188
9.5 41.625 0.00228887
9.5 43.875 0.00197377
9.7 1.125 0.00215638
9.7 3.375 0.00218723
9.7 5.625 0.00219642
9.7 7.875 0.00369981
9.7 10.125 0.00221672
9.7 12.375 0.00235246
9.7 14.625 0.00201627
9.7 16.875 0.0021164
9.7 19.125 0.00256701
9.7 21.375 0.00196791
9.7 23.625 0.00192519
9.7 25.875 0.00524436
9.7 28.125 0.00221536
9.7 30.375 0.00189222
9.7 32.625 0.00238035
9.7 34.875 0.00204567
9.7 37.125 0.00182511
9.7 39.375 0.00246938
9.7 41.625 0.00200473
9.7 43.875 0.00226099
9.9 1.125 0.00211549
9.9 3.375 0.00190171
9.9 5.625 0.00194842
9.9 7.875 0.00223846
9.9 10.125 0.00207464
9.9 12.375 0.00191573
9.9 14.625 0.00210776
9.9 16.875 0.00189801
9.9 19.125 0.0194868
9.9 21.375 0.00226927
9.9 23.625 0.0017304
9.9 25.875 0.00209389
9.9 28.125 0.00182794
9.9 30.375 0.00205575
9.9 32.625 0.00159277
9.9 34.875 0.00185639
9.9 37.125 0.00218815
9.9 39.375 0.00226361
9.9 41.625 0.00246388
9.9 43.875 0.00206366
10.1 1.125 0.00198926
10.1 3.375 0.00241828
10.1 5.625 0.00299724
10.1 7.875 0.00247092
10.1 10.125 0.00208732
10.1 12.375 0.00151137
10.1 14.625 0.00215377
10.1 16.875 0.00223241
10.1 19.125 0.00222629
10.1 21.375 0.00194475
10.1 23.625 0.00234352
10.1 25.875 0.00212193
10.1 28.125 0.00166894
10.1 30.375 0.00200208
10.1 32.625 0.00186107
10.1 34.875 0.001644
10.1 37.125 0.00201129
10.1 39.375 0.00168113
10.1 41.625 0.0021206
10.1 43.875 0.00219652
10.3 1.125 0.00234
10.3 3.375 0.00214443
10.3 5.625 0.00195239
10.3 7.875 0.0021149
10.3 10.125 0.00276105
10.3 12.375 0.00252156
10.3 14.625 0.00238704
10.3 16.875 0.00239377
10.3 19.125 0.00219478
10.3 21.375 0.00252491
10.3 23.625 0.00213563
10.3 25.875 0.00244844
10.3 28.125 0.00159022
10.3 30.375 0.00209982
10.3 32.625 0.00220894
10.3 34.875 0.00219782
10.3 37.125 0.00476957
10.3 39.375 0.00222311
10.3 41.625 0.00157846
10.3 43.875 0.00284841
10.5 1.125 0.00258664
10.5 3.375 0.00205972
10.5 5.625 0.00183421
10.5 7.875 0.00229423
10.5 10.125 0.00171263
10.5 12.375 0.00235422
10.5 14.625 0.00246484
10.5 16.875 0.00194942
10.5 19.125 0.00204041
10.5 21.375 0.00209076
10.5 23.625 0.00166602
10.5 25.875 0.00171047
10.5 28.125 0.0022375
10.5 30.375 0.00220674
10.5 32.625 0.00237761
10.5 34.875 0.00203516
10.5 37.125 0.00220401
10.5 39.375 0.00217224
10.5 41.625 0.00251548
10.5 43.875 0.00188797
10.7 1.125 0.00163244
10.7 3.375 0.0022056
10.7 5.625 0.00231761
10.7 7.875 0.00211152
10.7 10.125 0.00244803
10.7 12.375 0.00302709
10.7 14.625 0.00211298
10.7 16.875 0.00161669
10.7 19.125 0.00226314
10.7 21.375 0.00185282
10.7 23.625 0.0165791
10.7 25.875 0.00190613
10.7 28.125 0.00230469
10.7 30.375 0.00208743
10.7 32.625 0.00231384
10.7 34.875 0.00182054
10.7 37.125 0.00243394
10.7 39.375 0.00281084
10.7 41.625 0.00309959
10.7 43.875 0.00220828
10.9 1.125 0.00223143
10.9 3.375 0.00206664
10.9 5.625 0.00169562
10.9 7.875 0.00272505
10.9 10.125 0.00237753
10.9 12.375 0.0028091
10.9 14.625 0.00216839
10.9 16.875 0.0025316
10.9 19.125 0.00186975
10.9 21.375 0.00193177
10.9 23.625 0.00232624
10.9 25.875 0.00227542
10.9 28.125 0.00229324
10.9 30.375 0.00302328
10.9 32.625 0.0014119
10.9 34.875 0.00217158
10.9 37.125 0.00254428
10.9 39.375 0.00212419
10.9 41.625 0.00222991
10.9 43.875 0.00206123
11.1 1.125 0.00293412
11.1 3.375 0.00194775
11.1 5.625 0.0018859
11.1 7.875 0.00243638
11.1 10.125 0.00252657
11.1 12.375 0.00195225
11.1 14.625 0.0023209
11.1 16.875 0.00247337
11.1 19.125 0.00251641
11.1 21.375 0.00176529
11.1 23.625 0.00192941
11.1 25.875 0.00204478
11.1 28.125 0.00226949
11.1 30.375 0.00218613
11.1 32.625 0.00228532
11.1 34.875 0.0021558
11.1 37.125 0.00193059
11.1 39.375 0.0019238
11.1 41.625 0.0021897
11.1 43.875 0.00224629
11.3 1.125 0.00211244
11.3 3.375 0.00233803
11.3 5.625 0.00188669
11.3 7.875 0.00249096
11.3 10.125 0.00318901
11.3 12.375 0.00253866
11.3 14.625 0.00222645
11.3 16.875 0.00265508
11.3 19.125 0.0034126
11.3 21.375 0.00226421
11.3 23.625 0.00209528
11.3 25.875 0.00212278
11.3 28.125 0.00212241
11.3 30.375 0.00227211
11.3 32.625 0.00173832
11.3 34.875 0.00279691
11.3 37.125 0.00315191
11.3 39.375 0.00184218
11.3 41.625 0.00228754
11.3 43.875 0.00177679
11.5 1.125 0.00228055
11.5 3.375 0.00193166
11.5 5.625 0.0017762
11.5 7.875 0.0020925
11.5 10.125 0.00217851
11.5 12.375 0.00249391
11.5 14.625 0.00176512
11.5 16.875 0.00313381
11.5 19.125 0.0017295
11.5 21.375 0.00231686
11.5 23.625 0.00164962
11.5 25.875 0.00238138
11.5 28.125 0.00226216
11.5 30.375 0.00162228
11.5 32.625 0.00223126
11.5 34.875 0.00138784
11.5 37.125 0.00229236
11.5 39.375 0.00216455
11.5 41.625 0.00289614
11.5 43.875 0.00166377
11.7 1.125 0.00322918
11.7 3.375 0.00199578
11.7 5.625 0.00244251
11.7 7.875 0.00208324
11.7 10.125 0.0024355
11.7 12.375 0.00273117
11.7 14.625 0.00309017
11.7 16.875 0.00160607
11.7 19.125 0.00213528
11.7 21.375 0.00187456
11.7 23.625 0.00264287
11.7 25.875 0.00213506
11.7 28.125 0.00195394
11.7 30.375 0.00207984
11.7 32.625 0.00182811
11.7 34.875 0.00229274
11.7 37.125 0.0021683
11.7 39.375 0.00187445
11.7 41.625 0.00198997
11.7 43.875 0.00259227
11.9 1.125 0.002073
11.9 3.375 0.00176889
11.9 5.625 0.00232245
11.9 7.875 0.00188769
11.9 10.125 0.00187712
11.9 12.375 0.00242584
11.9 14.625 0.00325652
11.9 16.875 0.00187995
11.9 19.125 0.00294561
11.9 21.375 0.00169622
11.9 23.625 0.00238497
11.9 25.875 0.00184081
11.9 28.125 0.00224313
11.9 30.375 0.00212726
11.9 32.625 0.00225746
11.9 34.875 0.00171791
11.9 37.125 0.00195257
11.9 39.375 0.00149523
11.9 41.625 0.00195442
11.9 43.875 0.00193806
12.1 1.125 0.00206191
12.1 3.375 0.00142663
12.1 5.625 0.00227714
12.1 7.875 0.00235526
12.1 10.125 0.00207034
12.1 12.375 0.00168433
12.1 14.625 0.00237838
12.1 16.875 0.00175241
12.1 19.125 0.00210949
12.1 21.375 0.00161208
12.1 23.625 0.00233936
12.1 25.875 0.00203216
12.1 28.125 0.00155648
12.1 30.375 0.00135484
12.1 32.625 0.00295489
12.1 34.875 0.00269218
12.1 37.125 0.00207695
12.1 39.375 0.00259111
12.1 41.625 0.00214705
12.1 43.875 0.00190396
12.3 1.125 0.0128815
12.3 3.375 0.0026503
12.3 5.625 0.00286681
12.3 7.875 0.00189157
12.3 10.125 0.00189223
12.3 12.375 0.00203489
12.3 14.625 0.00228111
12.3 16.875 0.00254628
12.3 19.125 0.00200452
12.3 21.375 0.00191596
12.3 23.625 0.00209214
12.3 25.875 0.00255527
12.3 28.125 0.0018296
12.3 30.375 0.00181363
12.3 32.625 0.00228339
12.3 34.875 0.00162726
12.3 37.125 0.00204772
12.3 39.375 0.0016855
12.3 41.625 0.00206723
12.3 43.875 0.00259998
12.5 1.125 0.00201684
12.5 3.375 0.00210642
12.5 5.625 0.00219917
12.5 7.875 0.00193556
12.5 10.125 0.00674794
12.5 12.375 0.00239081
12.5 14.625 0.00152371
12.5 16.875 0.00222742
12.5 19.125 0.00194305
12.5 21.375 0.00164404
12.5 23.625 0.00215537
12.5 25.875 0.00251249
12.5 28.125 0.00184776
12.5 30.375 0.00184263
12.5 32.625 0.00202598
12.5 34.875 0.00233203
12.5 37.125 0.00230549
12.5 39.375 0.00139889
12.5 41.625 0.00212297
12.5 43.875 0.00147753
12.7 1.125 0.00242518
12.7 3.375 0.00219736
12.7 5.625 0.00182482
12.7 7.875 0.00161671
12.7 10.125 0.00247234
12.7 12.375 0.00169483
12.7 14.625 0.00157736
12.7 16.875 0.00251574
12.7 19.125 0.00162896
12.7 21.375 0.00201339
12.7 23.625 0.00167694
12.7 25.875 0.00261179
12.7 28.125 0.00194142
12.7 30.375 0.00116649
12.7 32.625 0.00146434
12.7 34.875 0.00181934
12.7 37.125 0.00290886
12.7 39.375 0.00222082
12.7 41.625 0.00266923
12.7 43.875 0.00216966
12.9 1.125 0.00218928
12.9 3.375 0.00209867
12.9 5.625 0.001967
12.9 7.875 0.0018292
12.9 10.125 0.00205752
12.9 12.375 0.00160311
12.9 14.625 0.00190395
12.9 16.875 0.00225976
12.9 19.125 0.00178092
12.9 21.375 0.00274632
12.9 23.625 0.00164412
12.9 25.875 0.0010663
12.9 28.125 0.00201085
12.9 30.375 0.00232373
12.9 32.625 0.00219974
12.9 34.875 0.00181911
12.9 37.125 0.00267227
12.9 39.375 0.00197336
12.9 41.625 0.00139497
12.9 43.875 0.00265415
13.1 1.125 0.00240241
13.1 3.375 0.00199596
13.1 5.625 0.00218195
13.1 7.875 0.00305057
13.1 10.125 0.00193556
13.1 12.375 0.00452179
13.1 14.625 0.00293816
13.1 16.875 0.00191388
13.1 19.125 0.00222028
13.1 21.375 0.00164818
13.1 23.625 0.00260564
13.1 25.875 0.00383801
13.1 28.125 0.00230391
13.1 30.375 0.0018111
13.1 32.625 0.00211982
13.1 34.875 0.00149033
13.1 37.125 0.00252904
13.1 39.375 0.00184286
13.1 41.625 0.00260195
13.1 43.875 0.00308027
13.3 1.125 0.00211998
13.3 3.375 0.00266476
13.3 5.625 0.00263257
13.3 7.875 0.00180348
13.3 10.125 0.00216816
13.3 12.375 0.00170918
13.3 14.625 0.00181387
13.3 16.875 0.00241536
13.3 19.125 0.00235118
13.3 21.375 0.00229423
13.3 23.625 0.0023942
13.3 25.875 0.0024862
13.3 28.125 0.00216878
13.3 30.375 0.00174281
13.3 32.625 0.00165743
13.3 34.875 0.00147418
13.3 37.125 0.00184896
13.3 39.375 0.00202233
13.3 41.625 0.00232054
13.3 43.875 0.00152048
13.5 1.125 0.00204705
13.5 3.375 0.00257072
13.5 5.625 0.00270565
13.5 7.875 0.00162406
13.5 10.125 0.00159091
13.5 12.375 0.00311178
13.5 14.625 0.00204558
13.5 16.875 0.00217458
13.5 19.125 0.00220609
13.5 21.375 0.00206656
13.5 23.625 0.00237796
13.5 25.875 0.00173097
13.5 28.125 0.00204322
13.5 30.375 0.00192073
13.5 32.625 0.00161993
13.5 34.875 0.00251536
13.5 37.125 0.00189226
13.5 39.375 0.00297202
13.5 41.625 0.00219387
13.5 43.875 0.00322465
13.7 1.125 0.00309116
13.7 3.375 0.0021713
13.7 7.875 0.00259451
13.7 10.125 0.00159039
13.7 12.375 0.00138641
13.7 14.625 0.00436073
13.7 16.875 0.00172071
13.7 19.125 0.00429121
13.7 21.375 0.00266033
13.7 23.625 0.00232954
13.7 25.875 0.0020208
13.7 28.125 0.00218888
13.7 30.375 0.00239603
13.7 32.625 0.00203308
13.7 37.125 0.00158975
13.7 39.375 0.00137106
13.7 41.625 0.00241299
13.7 43.875 0.00142972
13.9 1.125 0.00251578
13.9 3.375 0.0013847
13.9 5.625 0.00230164
13.9 7.875 0.00403631
13.9 10.125 0.00198934
13.9 12.375 0.00221345
13.9 14.625 0.000917922
13.9 16.875 0.001804
13.9 19.125 0.00234379
13.9 21.375 0.00217058
13.9 23.625 0.00254146
13.9 25.875 0.00226832
13.9 28.125 0.002214
13.9 30.375 0.00253348
13.9 32.625 0.00199389
13.9 34.875 0.00206682
13.9 37.125 0.00193597
13.9 39.375 0.00368482
13.9 41.625 0.001405
13.9 43.875 0.00174276
