0.1 1.125 1.66295
0.1 3.375 1.63446
0.1 5.625 1.66702
0.1 7.875 1.47544
0.1 10.125 1.18469
0.1 12.375 1.25731
0.1 14.625 1.46474
0.1 16.875 1.15183
0.1 19.125 1.45919
0.1 21.375 1.32897
0.1 23.625 0.769547
0.1 25.875 1.06034
0.1 28.125 1.29656
0.1 30.375 1.35118
0.1 32.625 1.08076
0.1 34.875 1.38982
0.1 37.125 1.47647
0.1 39.375 1.67323
0.1 41.625 1.65121
0.1 43.875 1.54969
0.3 1.125 1.58772
0.3 3.375 1.49902
0.3 5.625 1.48235
0.3 7.875 1.54869
0.3 10.125 1.63897
0.3 12.375 1.58843
0.3 14.625 1.64259
0.3 16.875 1.64548
0.3 19.125 1.63724
0.3 21.375 1.63979
0.3 23.625 1.63192
0.3 25.875 1.6502
0.3 28.125 1.58591
0.3 30.375 1.5634
0.3 32.625 1.63106
0.3 34.875 1.60859
0.3 37.125 1.65354
0.3 39.375 1.58967
0.3 41.625 1.56011
0.3 43.875 1.63563
0.5 1.125 1.4267
0.5 3.375 1.52209
0.5 5.625 1.55076
0.5 7.875 1.61422
0.5 10.125 1.53987
0.5 12.375 1.59091
0.5 14.625 1.60924
0.5 16.875 1.60601
0.5 19.125 1.53903
0.5 21.375 1.60988
0.5 23.625 1.56224
0.5 25.875 1.59814
0.5 28.125 1.60144
0.5 30.375 1.60799
0.5 32.625 1.58071
0.5 34.875 1.56499
0.5 37.125 1.5741
0.5 39.375 1.57877
0.5 41.625 1.56385
0.5 43.875 1.58285
0.7 1.125 1.51511
0.7 3.375 1.4251
0.7 5.625 1.5386
0.7 7.875 1.5351
0.7 10.125 1.53726
0.7 12.375 1.51938
0.7 14.625 1.53353
0.7 16.875 1.55784
0.7 19.125 1.53915
0.7 21.375 1.54243
0.7 23.625 1.52196
0.7 25.875 1.52901
0.7 28.125 1.53694
0.7 30.375 1.5378
0.7 32.625 1.52691
0.7 34.875 1.49271
0.7 37.125 1.54716
0.7 39.375 1.47481
0.7 41.625 1.48899
0.7 43.875 1.44965
0.9 1.125 1.34423
0.9 3.375 1.41831
0.9 5.625 1.40106
0.9 7.875 1.39118
0.9 10.125 1.36105
0.9 12.375 1.37875
0.9 14.625 1.34271
0.9 16.875 1.36781
0.9 19.125 1.37699
0.9 21.375 1.37956
0.9 23.625 1.37589
0.9 25.875 1.43961
0.9 28.125 1.38723
0.9 30.375 1.426
0.9 32.625 1.44638
0.9 34.875 1.41403
0.9 37.125 1.45211
0.9 39.375 1.45104
0.9 41.625 1.4386
0.9 43.875 1.4153
1.1 1.125 1.0684
1.1 3.375 1.03201
1.1 5.625 1.09335
1.1 7.875 1.09886
1.1 10.125 1.08621
1.1 12.375 1.07924
1.1 14.625 1.07041
1.1 16.875 1.14039
1.1 19.125 1.11863
1.1 21.375 1.14953
1.1 23.625 1.21635
1.1 25.875 1.17719
1.1 28.125 1.21862
1.1 30.375 1.24586
1.1 32.625 1.27852
1.1 34.875 1.30314
1.1 37.125 1.29448
1.1 39.375 1.29792
1.1 41.625 1.34843
1.1 43.875 1.34399
1.3 1.125 0.701991
1.3 3.375 0.676945
1.3 5.625 0.70425
1.3 7.875 0.699332
1.3 10.125 0.731515
1.3 12.375 0.773625
1.3 14.625 0.736895
1.3 16.875 0.783402
1.3 19.125 0.805064
1.3 21.375 0.83938
1.3 23.625 0.86926
1.3 25.875 0.893601
1.3 28.125 0.934807
1.3 30.375 0.945424
1.3 32.625 0.973561
1.3 34.875 1.05094
1.3 37.125 1.05574
1.3 39.375 1.10312
1.3 41.625 1.09882
1.3 43.875 1.09701
1.5 1.125 0.349162
1.5 3.375 0.372639
1.5 5.625 0.389617
1.5 7.875 0.389164
1.5 10.125 0.385934
1.5 12.375 0.421447
1.5 14.625 0.449301
1.5 16.875 0.442097
1.5 19.125 0.473677
1.5 21.375 0.463332
1.5 23.625 0.498088
1.5 25.875 0.552037
1.5 28.125 0.573878
1.5 30.375 0.63144
1.5 32.625 0.639146
1.5 34.875 0.661338
1.5 37.125 0.731233
1.5 39.375 0.763274
1.5 41.625 0.745475
1.5 43.875 0.734861
1.7 1.125 0.198626
1.7 3.375 0.20264
1.7 5.625 0.207188
1.7 7.875 0.221538
1.7 10.125 0.215577
1.7 12.375 0.244161
1.7 14.625 0.241496
1.7 16.875 0.235453
1.7 19.125 0.243866
1.7 21.375 0.275042
1.7 23.625 0.256041
1.7 25.875 0.312457
1.7 28.125 0.313131
1.7 30.375 0.337976
1.7 32.625 0.359807
1.7 34.875 0.398554
1.7 37.125 0.431057
1.7 39.375 0.459989
1.7 41.625 0.472483
1.7 43.875 0.458631
1.9 1.125 0.113871
1.9 3.375 0.124898
1.9 5.625 0.128852
1.9 7.875 0.139244
1.9 10.125 0.136615
1.9 12.375 0.144461
1.9 14.625 0.148564
1.9 16.875 0.14805
1.9 19.125 0.160492
1.9 21.375 0.150832
1.9 23.625 0.163876
1.9 25.875 0.160452
1.9 28.125 0.173318
1.9 30.375 0.185399
1.9 32.625 0.19499
1.9 34.875 0.214841
1.9 37.125 0.246872
1.9 39.375 0.243114
1.9 41.625 0.246849
1.9 43.875 0.261848
2.1 1.125 0.0745664
2.1 3.375 0.0828425
2.1 5.625 0.0856305
2.1 7.875 0.0847664
2.1 10.125 0.0865636
2.1 12.375 0.0909576
2.1 14.625 0.0926887
2.1 16.875 0.0986702
2.1 19.125 0.101088
2.1 21.375 0.101301
2.1 23.625 0.0992966
2.1 25.875 0.10193
2.1 28.125 0.112665
2.1 30.375 0.119594
2.1 32.625 0.126404
2.1 34.875 0.138392
2.1 37.125 0.13657
2.1 39.375 0.160209
2.1 41.625 0.156207
2.1 43.875 0.1508
2.3 1.125 0.0547146
2.3 3.375 0.0573293
2.3 5.625 0.059739
2.3 7.875 0.0593628
2.3 10.125 0.0587865
2.3 12.375 0.0619094
2.3 14.625 0.0625061
2.3 16.875 0.0617991
2.3 19.125 0.0644333
2.3 21.375 0.0686617
2.3 23.625 0.0737383
2.3 25.875 0.0750571
2.3 28.125 0.0774615
2.3 30.375 0.0797404
2.3 32.625 0.0819485
2.3 34.875 0.0878133
2.3 37.125 0.08913
2.3 39.375 0.0936178
2.3 41.625 0.0940924
2.3 43.875 0.0971113
2.5 1.125 0.0390547
2.5 3.375 0.0426304
2.5 5.625 0.0392781
2.5 7.875 0.0435358
2.5 10.125 0.0403748
2.5 12.375 0.0398332
2.5 14.625 0.0400022
2.5 16.875 0.0431649
2.5 19.125 0.0429248
2.5 21.375 0.0430557
2.5 23.625 0.0453949
2.5 25.875 0.0511851
2.5 28.125 0.0545217
2.5 30.375 0.0585304
2.5 32.625 0.0611452
2.5 34.875 0.0618164
2.5 37.125 0.0646497
2.5 39.375 0.0611599
2.5 41.625 0.0627899
2.5 43.875 0.0638342
2.7 1.125 0.0337822
2.7 3.375 0.0326193
2.7 5.625 0.0310897
2.7 7.875 0.0343494
2.7 10.125 0.031965
2.7 12.375 0.0302986
2.7 14.625 0.0320148
2.7 16.875 0.0316478
2.7 19.125 0.0305399
2.7 21.375 0.0331116
2.7 23.625 0.0374488
2.7 25.875 0.0373786
2.7 28.125 0.0385552
2.7 30.375 0.0421298
2.7 32.625 0.0423875
2.7 34.875 0.0421551
2.7 37.125 0.0451186
2.7 39.375 0.0421573
2.7 41.625 0.0425248
2.7 43.875 0.039767
2.9 1.125 0.0262693
2.9 3.375 0.0259209
2.9 5.625 0.0244473
2.9 7.875 0.0238857
2.9 10.125 0.0243151
2.9 12.375 0.0256993
2.9 14.625 0.0247119
2.9 16.875 0.0261398
2.9 19.125 0.0246314
2.9 21.375 0.0281886
2.9 23.625 0.0279772
2.9 25.875 0.0293952
2.9 28.125 0.0298341
2.9 30.375 0.0301472
2.9 32.625 0.0295523
2.9 34.875 0.030807
2.9 37.125 0.0301507
2.9 39.375 0.029153
2.9 41.625 0.028322
2.9 43.875 0.0301045
3.1 1.125 0.0198609
3.1 3.375 0.0221521
3.1 5.625 0.0204251
3.1 7.875 0.0184251
3.1 10.125 0.0192842
3.1 12.375 0.0203532
3.1 14.625 0.0193057
3.1 16.875 0.0228117
3.1 19.125 0.0208694
3.1 21.375 0.0226103
3.1 23.625 0.0227034
3.1 25.875 0.0243122
3.1 28.125 0.0231043
3.1 30.375 0.0238666
3.1 32.625 0.0225568
3.1 34.875 0.0239712
3.1 37.125 0.0226318
3.1 39.375 0.0226632
3.1 41.625 0.0239921
3.1 43.875 0.0240559
3.3 1.125 0.0173986
3.3 3.375 0.0163315
3.3 5.625 0.0168484
3.3 7.875 0.0161803
3.3 10.125 0.0169584
3.3 12.375 0.0172945
3.3 14.625 0.0168714
3.3 16.875 0.0159911
3.3 19.125 0.0180007
3.3 21.375 0.0178868
3.3 23.625 0.0185039
3.3 25.875 0.0187403
3.3 28.125 0.0203213
3.3 30.375 0.0201652
3.3 32.625 0.0186515
3.3 34.875 0.0186599
3.3 37.125 0.0186164
3.3 39.375 0.0201239
3.3 41.625 0.0188772
3.3 43.875 0.0189745
3.5 1.125 0.0142037
3.5 3.375 0.0140074
3.5 5.625 0.0144804
3.5 7.875 0.0147828
3.5 10.125 0.0136079
3.5 12.375 0.0140431
3.5 14.625 0.0134196
3.5 16.875 0.0150299
3.5 19.125 0.0144648
3.5 21.375 0.0150191
3.5 23.625 0.0154433
3.5 25.875 0.0161614
3.5 28.125 0.0169632
3.5 30.375 0.0166337
3.5 32.625 0.0167449
3.5 34.875 0.0159948
3.5 37.125 0.0163343
3.5 39.375 0.0149492
3.5 41.625 0.0156681
3.5 43.875 0.0154294
3.7 1.125 0.012773
3.7 3.375 0.012298
3.7 5.625 0.0115659
3.7 7.875 0.0124989
3.7 10.125 0.01176
3.7 12.375 0.0115586
3.7 14.625 0.0111213
3.7 16.875 0.0118163
3.7 19.125 0.0138157
3.7 21.375 0.0129201
3.7 23.625 0.0133848
3.7 25.875 0.0139642
3.7 28.125 0.0137106
3.7 30.375 0.0133506
3.7 32.625 0.0130779
3.7 34.875 0.01448
3.7 37.125 0.0139187
3.7 39.375 0.0142449
3.7 41.625 0.0135359
3.7 43.875 0.0134919
3.9 1.125 0.0111105
3.9 3.375 0.0114993
3.9 5.625 0.0112124
3.9 7.875 0.0106653
3.9 10.125 0.00983716
3.9 12.375 0.00992218
3.9 14.625 0.0105832
3.9 16.875 0.0125571
3.9 19.125 0.0122531
3.9 21.375 0.0119637
3.9 23.625 0.0112026
3.9 25.875 0.0108888
3.9 28.125 0.0111507
3.9 30.375 0.0112663
3.9 32.625 0.0122736
3.9 34.875 0.0106985
3.9 37.125 0.0117933
3.9 39.375 0.0116173
3.9 41.625 0.0112789
3.9 43.875 0.0118278
4.1 1.125 0.00905355
4.1 3.375 0.00929264
4.1 5.625 0.00919502
4.1 7.875 0.00933774
4.1 10.125 0.00908751
4.1 12.375 0.0100906
4.1 14.625 0.0099486
4.1 16.875 0.00984817
4.1 19.125 0.00975594
4.1 21.375 0.00909843
4.1 23.625 0.00978831
4.1 25.875 0.0100279
4.1 28.125 0.0104692
4.1 30.375 0.00945676
4.1 32.625 0.00945046
4.1 34.875 0.00962097
4.1 37.125 0.00952375
4.1 39.375 0.00951332
4.1 41.625 0.00976094
4.1 43.875 0.00980035
4.3 1.125 0.00831961
4.3 3.375 0.00830441
4.3 5.625 0.00809782
4.3 7.875 0.0120612
4.3 10.125 0.00717081
4.3 12.375 0.00845084
4.3 14.625 0.00843239
4.3 16.875 0.00877105
4.3 19.125 0.00929198
4.3 21.375 0.00880963
4.3 23.625 0.00896612
4.3 25.875 0.0092809
4.3 28.125 0.00887721
4.3 30.375 0.0118505
4.3 32.625 0.00900481
4.3 34.875 0.00847204
4.3 37.125 0.00845787
4.3 39.375 0.00795884
4.3 41.625 0.00859473
4.3 43.875 0.00826836
4.5 1.125 0.00684315
4.5 3.375 0.0070966
4.5 5.625 0.00699521
4.5 7.875 0.00741434
4.5 10.125 0.00839731
4.5 12.375 0.00744274
4.5 14.625 0.00738369
4.5 16.875 0.00786027
4.5 19.125 0.00804839
4.5 21.375 0.00771797
4.5 23.625 0.00788564
4.5 25.875 0.0082065
4.5 28.125 0.00728544
4.5 30.375 0.00984634
4.5 32.625 0.00718068
4.5 34.875 0.00719068
4.5 37.125 0.00713433
4.5 39.375 0.00744259
4.5 41.625 0.00697251
4.5 43.875 0.00698701
4.7 1.125 0.0092203
4.7 3.375 0.00641283
4.7 5.625 0.00630426
4.7 7.875 0.00579301
4.7 10.125 0.00625096
4.7 12.375 0.00609087
4.7 14.625 0.00660466
4.7 16.875 0.00686283
4.7 19.125 0.00681707
4.7 21.375 0.00711743
4.7 23.625 0.00743732
4.7 25.875 0.00730339
4.7 28.125 0.00677641
4.7 30.375 0.00644623
4.7 32.625 0.00667772
4.7 34.875 0.0100859
4.7 37.125 0.00691151
4.7 39.375 0.00676315
4.7 41.625 0.0063615
4.7 43.875 0.00624144
4.9 1.125 0.00579812
4.9 3.375 0.00552016
4.9 5.625 0.00884856
4.9 7.875 0.00562107
4.9 10.125 0.00517403
4.9 12.375 0.0056651
4.9 14.625 0.00611643
4.9 16.875 0.00612371
4.9 19.125 0.0102068
4.9 21.375 0.00594874
4.9 23.625 0.00581654
4.9 25.875 0.00578464
4.9 28.125 0.0057877
4.9 30.375 0.00594882
4.9 32.625 0.00580742
4.9 34.875 0.00636028
4.9 37.125 0.00684247
4.9 39.375 0.00558757
4.9 41.625 0.00599211
4.9 43.875 0.00556572
5.1 1.125 0.00931392
5.1 3.375 0.0046895
5.1 5.625 0.00590174
5.1 7.875 0.0087739
5.1 10.125 0.00882213
5.1 12.375 0.0052306
5.1 14.625 0.00530735
5.1 16.875 0.0055963
5.1 19.125 0.00517954
5.1 21.375 0.00532551
5.1 23.625 0.00564407
5.1 25.875 0.00545912
5.1 28.125 0.00568301
5.1 30.375 0.00558496
5.1 32.625 0.00522577
5.1 34.875 0.00552873
5.1 37.125 0.00541044
5.1 39.375 0.00531369
5.1 41.625 0.00496056
5.1 43.875 0.00516399
5.3 1.125 0.00802492
5.3 3.375 0.00418722
5.3 5.625 0.00477076
5.3 7.875 0.00463752
5.3 10.125 0.00451261
5.3 12.375 0.00505996
5.3 14.625 0.00470138
5.3 16.875 0.00806898
5.3 19.125 0.00529212
5.3 21.375 0.00484613
5.3 23.625 0.00552017
5.3 25.875 0.00497506
5.3 28.125 0.00542666
5.3 30.375 0.00496657
5.3 32.625 0.00508876
5.3 34.875 0.0053426
5.3 37.125 0.00493032
5.3 39.375 0.00495936
5.3 41.625 0.00500667
5.3 43.875 0.00498377
5.5 1.125 0.00419005
5.5 3.375 0.00434591
5.5 5.625 0.00438187
5.5 7.875 0.0040942
5.5 10.125 0.00421532
5.5 12.375 0.0042071
5.5 14.625 0.00434519
5.5 16.875 0.00424068
5.5 19.125 0.0043095
5.5 21.375 0.005075
5.5 23.625 0.00429929
5.5 25.875 0.00897716
5.5 28.125 0.00485244
5.5 30.375 0.00487412
5.5 32.625 0.00471674
5.5 34.875 0.00447778
5.5 37.125 0.0044932
5.5 39.375 0.00608092
5.5 41.625 0.00455028
5.5 43.875 0.00434759
5.7 1.125 0.00404604
5.7 3.375 0.00388427
5.7 5.625 0.00426796
5.7 7.875 0.00390015
5.7 10.125 0.00409159
5.7 12.375 0.00383878
5.7 14.625 0.00415104
5.7 16.875 0.00420359
5.7 19.125 0.00816911
5.7 21.375 0.00737004
5.7 23.625 0.00427618
5.7 25.875 0.00411611
5.7 28.125 0.00483415
5.7 30.375 0.00442819
5.7 32.625 0.00404705
5.7 34.875 0.00418914
5.7 37.125 0.0041903
5.7 39.375 0.00452737
5.7 41.625 0.00414477
5.7 43.875 0.00455893
5.9 1.125 0.00348629
5.9 3.375 0.00395648
5.9 5.625 0.00404224
5.9 7.875 0.00363589
5.9 10.125 0.00518023
5.9 12.375 0.004009
5.9 14.625 0.00429421
5.9 16.875 0.00389122
5.9 19.125 0.00401704
5.9 21.375 0.00414384
5.9 23.625 0.00392274
5.9 25.875 0.00395045
5.9 28.125 0.00336279
5.9 30.375 0.00400924
5.9 32.625 0.00409686
5.9 34.875 0.00409898
5.9 37.125 0.00386669
5.9 39.375 0.00380919
5.9 41.625 0.00395091
5.9 43.875 0.00384194
6.1 1.125 0.00383575
6.1 3.375 0.0065628
6.1 5.625 0.00363405
6.1 7.875 0.00357033
6.1 10.125 0.00397641
6.1 12.375 0.00415743
6.1 14.625 0.00423521
6.1 16.875 0.00320761
6.1 19.125 0.00393682
6.1 21.375 0.00375009
6.1 23.625 0.00365392
6.1 25.875 0.00332652
6.1 28.125 0.00385157
6.1 30.375 0.00394921
6.1 32.625 0.00365262
6.1 34.875 0.00345481
6.1 37.125 0.00348112
6.1 39.375 0.00383424
6.1 41.625 0.00418312
6.1 43.875 0.00361901
6.3 1.125 0.00369757
6.3 3.375 0.0034999
6.3 5.625 0.00343617
6.3 7.875 0.00365199
6.3 10.125 0.00368394
6.3 12.375 0.00410368
6.3 14.625 0.00928427
6.3 16.875 0.00379953
6.3 19.125 0.00346642
6.3 21.375 0.00365619
6.3 23.625 0.0033614
6.3 25.875 0.00364425
6.3 28.125 0.00342206
6.3 30.375 0.00317007
6.3 32.625 0.00354296
6.3 34.875 0.00354076
6.3 37.125 0.00375158
6.3 39.375 0.00366563
6.3 41.625 0.0032623
6.3 43.875 0.003499
6.5 1.125 0.00348488
6.5 3.375 0.00376619
6.5 5.625 0.00323064
6.5 7.875 0.00520488
6.5 10.125 0.00294937
6.5 12.375 0.00327814
6.5 14.625 0.00325493
6.5 16.875 0.00349969
6.5 19.125 0.00518154
6.5 21.375 0.00346899
6.5 23.625 0.00694848
6.5 25.875 0.00303972
6.5 28.125 0.00323753
6.5 30.375 0.00325594
6.5 32.625 0.00341494
6.5 34.875 0.00303892
6.5 37.125 0.0032379
6.5 39.375 0.00331147
6.5 41.625 0.00328478
6.5 43.875 0.00324502
6.7 1.125 0.00293692
6.7 3.375 0.00510218
6.7 5.625 0.00403814
6.7 7.875 0.00307739
6.7 10.125 0.00305987
6.7 12.375 0.00305007
6.7 14.625 0.00341951
6.7 16.875 0.00344781
6.7 19.125 0.00333075
6.7 21.375 0.00827437
6.7 23.625 0.00375019
6.7 25.875 0.0042314
6.7 28.125 0.00321159
6.7 30.375 0.00406461
6.7 32.625 0.0029018
6.7 34.875 0.00311386
6.7 37.125 0.00340151
6.7 39.375 0.00325746
6.7 41.625 0.00333947
6.7 43.875 0.00304741
6.9 1.125 0.00275165
6.9 3.375 0.00288895
6.9 5.625 0.00292955
6.9 7.875 0.00287512
6.9 10.125 0.00297718
6.9 12.375 0.00302736
6.9 14.625 0.0029224
6.9 16.875 0.00311783
6.9 19.125 0.00329757
6.9 21.375 0.00297793
6.9 23.625 0.00339943
6.9 25.875 0.00358502
6.9 28.125 0.003099
6.9 30.375 0.00308433
6.9 32.625 0.00305297
6.9 34.875 0.00704268
6.9 37.125 0.00313926
6.9 39.375 0.00348064
6.9 41.625 0.00307426
6.9 43.875 0.00348211
7.1 1.125 0.00435513
7.1 3.375 0.00305741
7.1 5.625 0.00295302
7.1 7.875 0.00305995
7.1 10.125 0.00281265
7.1 12.375 0.00330717
7.1 14.625 0.00310186
7.1 16.875 0.00304798
7.1 19.125 0.00314801
7.1 21.375 0.00320298
7.1 23.625 0.00293203
7.1 25.875 0.00298914
7.1 28.125 0.00272334
7.1 30.375 0.00271348
7.1 32.625 0.00284576
7.1 34.875 0.00321609
7.1 37.125 0.00291872
7.1 39.375 0.00306772
7.1 41.625 0.00316569
7.1 43.875 0.00791277
7.3 1.125 0.00321761
7.3 3.375 0.00314779
7.3 5.625 0.00285998
7.3 7.875 0.00269976
7.3 10.125 0.00317552
7.3 12.375 0.00296529
7.3 14.625 0.00301504
7.3 16.875 0.00415816
7.3 19.125 0.00323479
7.3 21.375 0.00302997
7.3 23.625 0.00904067
7.3 25.875 0.00360728
7.3 28.125 0.00289058
7.3 30.375 0.00317379
7.3 32.625 0.00343822
7.3 34.875 0.00711238
7.3 37.125 0.00313286
7.3 39.375 0.00297279
7.3 41.625 0.00296479
7.3 43.875 0.00259211
7.5 1.125 0.00355464
7.5 3.375 0.00266681
7.5 5.625 0.00288329
7.5 7.875 0.00304164
7.5 10.125 0.00307948
7.5 12.375 0.00801366
7.5 14.625 0.0028982
7.5 16.875 0.00305452
7.5 19.125 0.00290375
7.5 21.375 0.00277448
7.5 23.625 0.00286733
7.5 25.875 0.00309987
7.5 28.125 0.00312087
7.5 30.375 0.00261878
7.5 32.625 0.00321187
7.5 34.875 0.0029087
7.5 37.125 0.00247037
7.5 39.375 0.00296567
7.5 41.625 0.00292526
7.5 43.875 0.00293717
7.7 1.125 0.00336954
7.7 3.375 0.00323048
7.7 5.625 0.00285413
7.7 7.875 0.00287433
7.7 10.125 0.00297977
7.7 12.375 0.00330117
7.7 14.625 0.00255691
7.7 16.875 0.00292078
7.7 19.125 0.0116667
7.7 21.375 0.00274472
7.7 23.625 0.00280581
7.7 25.875 0.00308665
7.7 28.125 0.00265731
7.7 30.375 0.00275724
7.7 32.625 0.00242455
7.7 34.875 0.00268311
7.7 37.125 0.0028805
7.7 39.375 0.00259118
7.7 41.625 0.00287817
7.7 43.875 0.00289168
7.9 1.125 0.0025829
7.9 3.375 0.00771763
7.9 5.625 0.00261026
7.9 7.875 0.00289967
7.9 10.125 0.00334733
7.9 12.375 0.00261387
7.9 14.625 0.00256372
7.9 16.875 0.00277143
7.9 19.125 0.00969892
7.9 21.375 0.00293048
7.9 23.625 0.00264663
7.9 25.875 0.00292762
7.9 28.125 0.00275633
7.9 30.375 0.00259185
7.9 32.625 0.00246303
7.9 34.875 0.00299083
7.9 37.125 0.00282421
7.9 39.375 0.00258809
7.9 41.625 0.00269584
7.9 43.875 0.00249847
8.1 1.125 0.00240368
8.1 3.375 0.00252046
8.1 5.625 0.00236381
8.1 7.875 0.00281086
8.1 10.125 0.00278561
8.1 12.375 0.0026646
8.1 14.625 0.00363501
8.1 16.875 0.00278667
8.1 19.125 0.00287054
8.1 21.375 0.00259615
8.1 23.625 0.00276975
8.1 25.875 0.00250478
8.1 28.125 0.0161821
8.1 30.375 0.00269075
8.1 32.625 0.00277331
8.1 34.875 0.00272621
8.1 37.125 0.00267799
8.1 39.375 0.00298009
8.1 41.625 0.00262032
8.1 43.875 0.00261233
8.3 1.125 0.0024184
8.3 3.375 0.0075903
8.3 5.625 0.010539
8.3 7.875 0.00262012
8.3 10.125 0.00269528
8.3 12.375 0.00315215
8.3 14.625 0.00262078
8.3 16.875 0.00267069
8.3 19.125 0.00256454
8.3 21.375 0.00317698
8.3 23.625 0.00272916
8.3 25.875 0.00246398
8.3 28.125 0.00273034
8.3 30.375 0.00253355
8.3 32.625 0.00271845
8.3 34.875 0.00254551
8.3 37.125 0.00272988
8.3 39.375 0.00248017
8.3 41.625 0.00254734
8.3 43.875 0.00225601
8.5 1.125 0.00326712
8.5 3.375 0.0027854
8.5 5.625 0.00240973
8.5 7.875 0.00270351
8.5 10.125 0.00350325
8.5 12.375 0.00217707
8.5 14.625 0.00231335
8.5 16.875 0.00251759
8.5 19.125 0.0117036
8.5 21.375 0.00277074
8.5 23.625 0.00207069
8.5 25.875 0.00230946
8.5 28.125 0.00252911
8.5 30.375 0.00284468
8.5 32.625 0.00327067
8.5 34.875 0.00252009
8.5 37.125 0.00245915
8.5 39.375 0.0024304
8.5 41.625 0.00245038
8.5 43.875 0.00211759
8.7 1.125 0.00254038
8.7 3.375 0.00214202
8.7 5.625 0.00416529
8.7 7.875 0.00230787
8.7 10.125 0.0045578
8.7 12.375 0.00323034
8.7 14.625 0.00255769
8.7 16.875 0.00232945
8.7 19.125 0.00236456
8.7 21.375 0.00229094
8.7 23.625 0.00279109
8.7 25.875 0.0111052
8.7 28.125 0.00244563
8.7 30.375 0.00266747
8.7 32.625 0.0025631
8.7 34.875 0.0129967
8.7 37.125 0.00263783
8.7 39.375 0.00271432
8.7 41.625 0.00270312
8.7 43.875 0.0025247
8.9 1.125 0.00228961
8.9 3.375 0.00325889
8.9 5.625 0.0115897
8.9 7.875 0.00221162
8.9 10.125 0.00232998
8.9 12.375 0.00266524
8.9 14.625 0.00293358
8.9 16.875 0.00330554
8.9 19.125 0.00257448
8.9 21.375 0.00478474
8.9 23.625 0.00242574
8.9 25.875 0.00269562
8.9 28.125 0.00231312
8.9 30.375 0.00282893
8.9 32.625 0.0121538
8.9 34.875 0.00304484
8.9 37.125 0.00276985
8.9 39.375 0.00228035
8.9 41.625 0.0109977
8.9 43.875 0.0023714
9.1 1.125 0.00256282
9.1 3.375 0.00243668
9.1 5.625 0.0023167
9.1 7.875 0.00233918
9.1 10.125 0.00253555
9.1 12.375 0.00225343
9.1 14.625 0.00425779
9.1 16.875 0.0025634
9.1 19.125 0.0060733
9.1 21.375 0.00247422
9.1 23.625 0.00265615
9.1 25.875 0.00261294
9.1 28.125 0.00231764
9.1 30.375 0.00298095
9.1 32.625 0.0023311
9.1 34.875 0.00234102
9.1 37.125 0.00236791
9.1 39.375 0.0023735
9.1 41.625 0.00220122
9.1 43.875 0.00231568
9.3 1.125 0.00242119
9.3 3.375 0.00248494
9.3 5.625 0.00234362
9.3 7.875 0.00219137
9.3 10.125 0.00248072
9.3 12.375 0.00265313
9.3 14.625 0.00248238
9.3 16.875 0.00636528
9.3 19.125 0.00223064
9.3 21.375 0.0148967
9.3 23.625 0.00260966
9.3 25.875 0.00257385
9.3 28.125 0.00430507
9.3 30.375 0.00236693
9.3 32.625 0.0040432
9.3 34.875 0.00235336
9.3 37.125 0.00275155
9.3 39.375 0.00209679
9.3 41.625 0.00222132
9.3 43.875 0.00203923
9.5 1.125 0.00239769
9.5 3.375 0.00509286
9.5 5.625 0.0023644
9.5 7.875 0.00268948
9.5 10.125 0.00224976
9.5 12.375 0.0027782
9.5 14.625 0.002438
9.5 16.875 0.00244104
9.5 19.125 0.01862
9.5 21.375 0.00258746
9.5 23.625 0.00255328
9.5 25.875 0.00357488
9.5 28.125 0.00233221
9.5 30.375 0.0022914
9.5 32.625 0.00264432
9.5 34.875 0.0123891
9.5 37.125 0.00221829
9.5 39.375 0.0026568
9.5 41.625 0.00360187
9.5 43.875 0.0022574
9.7 1.125 0.0168338
9.7 3.375 0.00222967
9.7 5.625 0.0023295
9.7 7.875 0.00298328
9.7 10.125 0.00248477
9.7 12.375 0.00980519
9.7 14.625 0.00245482
9.7 16.875 0.00210022
9.7 19.125 0.00247124
9.7 21.375 0.0022795
9.7 23.625 0.00242917
9.7 25.875 0.00238182
9.7 28.125 0.00334981
9.7 30.375 0.00279158
9.7 32.625 0.00337482
9.7 34.875 0.00230951
9.7 37.125 0.00284708
9.7 39.375 0.00271194
9.7 41.625 0.00206922
9.7 43.875 0.00239508
9.9 1.125 0.00216181
9.9 3.375 0.0018354
9.9 5.625 0.00207427
9.9 7.875 0.00237145
9.9 10.125 0.00286888
9.9 12.375 0.00245517
9.9 14.625 0.00352014
9.9 16.875 0.00207324
9.9 19.125 0.002372
9.9 21.375 0.00236238
9.9 23.625 0.00214299
9.9 25.875 0.0019403
9.9 28.125 0.00240114
9.9 30.375 0.00284941
9.9 32.625 0.0019001
9.9 34.875 0.00247952
9.9 37.125 0.00224214
9.9 39.375 0.00718411
9.9 41.625 0.00256577
9.9 43.875 0.00200867
10.1 1.125 0.00209281
10.1 3.375 0.00230471
10.1 5.625 0.00216906
10.1 7.875 0.00254301
10.1 10.125 0.00290683
10.1 12.375 0.00253778
10.1 14.625 0.00346664
10.1 16.875 0.00298072
10.1 19.125 0.00234911
10.1 21.375 0.00231634
10.1 23.625 0.00234754
10.1 25.875 0.0126827
10.1 28.125 0.00417118
10.1 30.375 0.00250325
10.1 32.625 0.0158592
10.1 34.875 0.00230729
10.1 37.125 0.00255003
10.1 39.375 0.00217826
10.1 41.625 0.00214213
10.1 43.875 0.00338134
10.3 1.125 0.00478373
10.3 3.375 0.00244325
10.3 5.625 0.00229401
10.3 7.875 0.0024067
10.3 10.125 0.00239847
10.3 12.375 0.00227624
10.3 14.625 0.00218116
10.3 16.875 0.00196965
10.3 19.125 0.00190859
10.3 21.375 0.00441751
10.3 23.625 0.00200278
10.3 25.875 0.00226102
10.3 28.125 0.00255663
10.3 30.375 0.00247993
10.3 32.625 0.00235601
10.3 34.875 0.00288966
10.3 37.125 0.00205525
10.3 39.375 0.00256492
10.3 41.625 0.00211502
10.3 43.875 0.0026972
10.5 1.125 0.00218584
10.5 3.375 0.0028443
10.5 5.625 0.00216894
10.5 7.875 0.00246671
10.5 10.125 0.00239662
10.5 12.375 0.00218872
10.5 14.625 0.0023409
10.5 16.875 0.00242713
10.5 19.125 0.00248453
10.5 21.375 0.00194475
10.5 23.625 0.0018832
10.5 25.875 0.00235519
10.5 28.125 0.00219844
10.5 30.375 0.00230301
10.5 32.625 0.00734356
10.5 34.875 0.00209897
10.5 37.125 0.00197756
10.5 39.375 0.0019917
10.5 41.625 0.00191436
10.5 43.875 0.00234577
10.7 1.125 0.0020501
10.7 3.375 0.00238343
10.7 5.625 0.00264258
10.7 7.875 0.00216542
10.7 10.125 0.00184651
10.7 12.375 0.00275582
10.7 14.625 0.00308065
10.7 16.875 0.0031427
10.7 19.125 0.00216524
10.7 21.375 0.00243754
10.7 23.625 0.00239707
10.7 25.875 0.0228434
10.7 28.125 0.00366314
10.7 30.375 0.00242733
10.7 32.625 0.00771549
10.7 34.875 0.00258696
10.7 37.125 0.00223212
10.7 39.375 0.0245204
10.7 41.625 0.0191615
10.7 43.875 0.0035814
10.9 1.125 0.00207883
10.9 3.375 0.00267319
10.9 5.625 0.00190256
10.9 7.875 0.00228666
10.9 10.125 0.00320014
10.9 12.375 0.0022845
10.9 14.625 0.00321568
10.9 16.875 0.00219815
10.9 19.125 0.00668741
10.9 21.375 0.00226186
10.9 23.625 0.020296
10.9 25.875 0.00411257
10.9 28.125 0.0178614
10.9 30.375 0.00285591
10.9 32.625 0.00300269
10.9 34.875 0.00205997
10.9 37.125 0.00226739
10.9 39.375 0.00233285
10.9 41.625 0.00250741
10.9 43.875 0.00183122
11.1 1.125 0.00206704
11.1 3.375 0.00525076
11.1 5.625 0.0121884
11.1 7.875 0.0196589
11.1 10.125 0.0021823
11.1 12.375 0.00220065
11.1 14.625 0.00272502
11.1 16.875 0.00214817
11.1 19.125 0.0018584
11.1 21.375 0.00243245
11.1 23.625 0.00260868
11.1 25.875 0.020572
11.1 28.125 0.00244895
11.1 30.375 0.0026548
11.1 32.625 0.00173964
11.1 34.875 0.00254141
11.1 37.125 0.00185594
11.1 39.375 0.00188819
11.1 41.625 0.00219548
11.1 43.875 0.00203684
11.3 1.125 0.00250255
11.3 3.375 0.00207375
11.3 5.625 0.00299228
11.3 7.875 0.00240131
11.3 10.125 0.00238102
11.3 12.375 0.00254818
11.3 14.625 0.00220064
11.3 16.875 0.00241765
11.3 19.125 0.00219427
11.3 21.375 0.0023368
11.3 23.625 0.00282616
11.3 25.875 0.0020414
11.3 28.125 0.00222786
11.3 30.375 0.00220248
11.3 32.625 0.00272806
11.3 34.875 0.00194093
11.3 37.125 0.00233708
11.3 39.375 0.00238636
11.3 41.625 0.00240765
11.3 43.875 0.00183168
11.5 1.125 0.00194254
11.5 3.375 0.00227654
11.5 5.625 0.00228826
11.5 7.875 0.00229119
11.5 10.125 0.00273739
11.5 12.375 0.00229916
11.5 14.625 0.00335636
11.5 16.875 0.00484329
11.5 19.125 0.00221373
11.5 21.375 0.00225808
11.5 23.625 0.00236969
11.5 25.875 0.00337981
11.5 28.125 0.00262616
11.5 30.375 0.00254851
11.5 32.625 0.00249632
11.5 34.875 0.00216073
11.5 37.125 0.00227231
11.5 39.375 0.00250884
11.5 41.625 0.00217051
11.5 43.875 0.00232954
11.7 1.125 0.0023889
11.7 3.375 0.00180516
11.7 5.625 0.00172734
11.7 7.875 0.00282101
11.7 10.125 0.00233228
11.7 12.375 0.00202486
11.7 14.625 0.00289035
11.7 16.875 0.00246475
11.7 19.125 0.0038061
11.7 21.375 0.002064
11.7 23.625 0.00165512
11.7 25.875 0.00215353
11.7 28.125 0.00391886
11.7 30.375 0.00215917
11.7 32.625 0.00208119
11.7 34.875 0.00193639
11.7 37.125 0.0022111
11.7 39.375 0.0245668
11.7 41.625 0.0161921
11.7 43.875 0.00194166
11.9 1.125 0.0022469
11.9 3.375 0.00181608
11.9 5.625 0.00179524
11.9 7.875 0.00226303
11.9 10.125 0.0039071
11.9 12.375 0.00231803
11.9 14.625 0.00457533
11.9 16.875 0.0024469
11.9 19.125 0.00227132
11.9 21.375 0.00201305
11.9 23.625 0.00269872
11.9 25.875 0.00251055
11.9 28.125 0.00252017
11.9 30.375 0.00227077
11.9 32.625 0.00309151
11.9 34.875 0.00249378
11.9 37.125 0.00248548
11.9 39.375 0.00242651
11.9 41.625 0.00208708
11.9 43.875 0.0020642
12.1 1.125 0.00281264
12.1 3.375 0.00269909
12.1 5.625 0.0289429
12.1 7.875 0.0022142
12.1 10.125 0.00206285
12.1 12.375 0.00329744
12.1 14.625 0.0021373
12.1 16.875 0.00238155
12.1 19.125 0.00242668
12.1 21.375 0.00201529
12.1 23.625 0.00235769
12.1 25.875 0.0048473
12.1 28.125 0.0031081
12.1 30.375 0.00269938
12.1 32.625 0.00348253
12.1 34.875 0.00218817
12.1 37.125 0.00406005
12.1 39.375 0.00227131
12.1 41.625 0.00244145
12.1 43.875 0.00429384
12.3 1.125 0.00298477
12.3 3.375 0.00255579
12.3 5.625 0.00231457
12.3 7.875 0.00184853
12.3 10.125 0.0022242
12.3 12.375 0.00235031
12.3 14.625 0.00202797
12.3 16.875 0.00185893
12.3 19.125 0.00405038
12.3 21.375 0.00208917
12.3 23.625 0.00235135
12.3 25.875 0.00245886
12.3 28.125 0.00316927
12.3 30.375 0.00195102
12.3 32.625 0.00285333
12.3 34.875 0.00292564
12.3 37.125 0.00468048
12.3 39.375 0.00414382
12.3 41.625 0.00306512
12.3 43.875 0.00196514
12.5 1.125 0.00216502
12.5 3.375 0.00221345
12.5 5.625 0.00216597
12.5 7.875 0.00277279
12.5 10.125 0.0026206
12.5 12.375 0.00256517
12.5 14.625 0.0024341
12.5 16.875 0.00218281
12.5 19.125 0.0017104
12.5 21.375 0.0203068
12.5 23.625 0.00188919
12.5 25.875 0.00234379
12.5 28.125 0.00206001
12.5 30.375 0.00216397
12.5 32.625 0.00199686
12.5 34.875 0.002322
12.5 37.125 0.00348461
12.5 39.375 0.00208058
12.5 41.625 0.00195466
12.5 43.875 0.00206394
12.7 1.125 0.0347778
12.7 3.375 0.00718745
12.7 5.625 0.00186029
12.7 7.875 0.00230294
12.7 10.125 0.00197609
12.7 12.375 0.00349494
12.7 14.625 0.0039205
12.7 16.875 0.00246388
12.7 19.125 0.00258794
12.7 21.375 0.00248212
12.7 23.625 0.00245461
12.7 25.875 0.00333327
12.7 28.125 0.00265043
12.7 30.375 0.00221616
12.7 32.625 0.0024608
12.7 34.875 0.00323043
12.7 37.125 0.00232591
12.7 39.375 0.00256268
12.7 41.625 0.00225046
12.7 43.875 0.00241483
12.9 1.125 0.00261199
12.9 3.375 0.00622475
12.9 5.625 0.0390188
12.9 7.875 0.00259826
12.9 10.125 0.00301189
12.9 12.375 0.00227511
12.9 14.625 0.00217125
12.9 16.875 0.00238745
12.9 19.125 0.00186671
12.9 21.375 0.00222476
12.9 23.625 0.00274352
12.9 25.875 0.00216316
12.9 28.125 0.00256157
12.9 30.375 0.00169046
12.9 32.625 0.00249469
12.9 34.875 0.00480974
12.9 37.125 0.00200136
12.9 39.375 0.00241932
12.9 41.625 0.00258075
12.9 43.875 0.00205783
13.1 1.125 0.00657885
13.1 3.375 0.00186303
13.1 5.625 0.00190801
13.1 7.875 0.00266018
13.1 10.125 0.00239221
13.1 12.375 0.00603349
13.1 14.625 0.0019726
13.1 16.875 0.0028244
13.1 19.125 0.00295994
13.1 21.375 0.00295129
13.1 23.625 0.00346502
13.1 25.875 0.00440181
13.1 28.125 0.0404242
13.1 30.375 0.00147406
13.1 32.625 0.00304293
13.1 34.875 0.00194174
13.1 37.125 0.00276554
13.1 39.375 0.00186104
13.1 41.625 0.00668783
13.1 43.875 0.00204627
13.3 1.125 0.00170587
13.3 3.375 0.00237166
13.3 5.625 0.00183178
13.3 7.875 0.0246686
13.3 10.125 0.0336266
13.3 12.375 0.00217909
13.3 14.625 0.00196073
13.3 16.875 0.00224541
13.3 19.125 0.00244435
13.3 21.375 0.0160484
13.3 23.625 0.00181101
13.3 25.875 0.00226904
13.3 28.125 0.0304426
13.3 30.375 0.00174751
13.3 32.625 0.00209396
13.3 34.875 0.0019105
13.3 37.125 0.00329129
13.3 39.375 0.00223635
13.3 41.625 0.00411459
13.3 43.875 0.00447369
13.5 1.125 0.00235235
13.5 3.375 0.00202256
13.5 5.625 0.0026782
13.5 7.875 0.00174905
13.5 10.125 0.00219584
13.5 12.375 0.00207531
13.5 14.625 0.00197991
13.5 16.875 0.00244951
13.5 19.125 0.00199348
13.5 21.375 0.00259226
13.5 23.625 0.0483147
13.5 25.875 0.00188036
13.5 28.125 0.00282808
13.5 30.375 0.00166214
13.5 32.625 0.00913903
13.5 34.875 0.00264541
13.5 37.125 0.0023524
13.5 39.375 0.0111171
13.5 41.625 0.0026007
13.5 43.875 0.00326764
13.7 1.125 0.0026941
13.7 3.375 0.00191552
13.7 5.625 0.00200969
13.7 7.875 0.00284691
13.7 10.125 0.00185789
13.7 12.375 0.00273478
13.7 14.625 0.00274079
13.7 16.875 0.00281444
13.7 19.125 0.00226233
13.7 21.375 0.00284953
13.7 23.625 0.00215786
13.7 25.875 0.00284427
13.7 28.125 0.00183951
13.7 30.375 0.00353431
13.7 32.625 0.00261695
13.7 34.875 0.00238063
13.7 37.125 0.00247287
13.7 39.375 0.00212293
13.7 41.625 0.00238526
13.7 43.875 0.0330264
13.9 1.125 0.00284484
13.9 3.375 0.0018521
13.9 5.625 0.00212585
13.9 7.875 0.00257966
13.9 10.125 0.0396966
13.9 12.375 0.00283183
13.9 14.625 0.00267183
13.9 16.875 0.00162201
13.9 19.125 0.00290953
13.9 21.375 0.00246331
13.9 23.625 0.00293814
13.9 25.875 0.00321637
13.9 28.125 0.00186917
13.9 30.375 0.00179151
13.9 32.625 0.0228044
13.9 34.875 0.00259652
13.9 37.125 0.00221334
13.9 39.375 0.00221904
13.9 41.625 0.00279994
13.9 43.875 0.00274166
