0.990812
0.983542
1.04436
0.930391
0.953896
1.03254
0.981699
0.980592
0.994962
1.0001
0.951617
1.02005
0.981881
0.971351
0.954593
1.02962
0.985353
1.00609
0.959949
1.00855
0.906934
1.08113
0.90703
1.03714
1.00383
0.974744
0.972127
1.01307
1.00591
0.974871
0.953568
0.998171
0.868321
0.960073
0.886675
0.964399
1.14162
0.806341
0.936763
0.997693
0.945919
0.987396
0.972471
0.997867
1.03834
0.915473
0.91458
1.00476
0.903495
1.01328
0.770796
1.18275
0.773875
1.15661
1.01186
0.964715
0.973311
0.981227
0.975106
0.984962
0.94487
1.00923
0.835692
1.07358
0.999707
0.970719
1.02585
0.946181
0.974218
0.970656
0.995055
0.938338
0.9967
0.968036
0.75934
1.20201
0.957849
0.995668
0.936279
1.05133
0.979652
0.973439
0.946177
1.00438
0.967727
0.951559
0.983635
0.98452
0.986757
0.993853
0.99159
0.99022
1.0068
0.967447
0.971072
0.990208
0.997057
0.9908
0.955308
1.00898
0.948546
1.00756
0.947635
1.01096
1.00117
0.949814
0.968394
0.998677
1.01153
0.969062
0.991317
0.986393
1.00922
0.983938
0.981674
0.983562
0.955283
0.967146
0.967693
0.97976
1.04008
0.955798
0.943329
0.973049
1.00203
0.933471
0.94805
0.98209
0.970785
0.93865
1.01332
0.965479
1.00569
0.974659
1.0252
0.951796
1.02905
0.923748
0.940073
1.02264
0.95284
0.98156
1.01839
0.962427
1.0158
0.894155
0.96708
0.98682
0.979643
0.97809
1.03591
0.924155
0.854448
1.0768
1.02027
0.933349
0.990608
0.974415
0.954514
0.998947
1.06096
0.923265
0.992984
0.998927
0.931513
1.00808
0.883627
1.05357
0.982338
0.975463
0.949413
0.984014
0.994323
0.982796
0.958891
0.992162
0.965855
0.975998
0.913338
0.958977
0.937235
1.02033
1.03782
0.931641
0.969494
0.969207
0.791793
1.14176
0.968115
1.02193
1.0699
0.88837
0.979741
0.992576
0.970912
0.998711
0.987801
0.922735
1.1292
0.833261
1.02963
0.941623
1.0226
0.923366
0.978738
1.00786
0.961991
0.996746
0.963348
0.991117
1.01917
0.928421
1.0001
0.952482
0.889381
0.957943
0.828648
1.09512
0.971536
0.96047
0.989756
0.952262
1
0.960399
0.972503
0.969228
0.974617
0.977138
1.04342
0.927924
0.916797
1.04251
0.850964
1.10682
1.00873
0.979099
1.0188
0.945029
0.98147
0.976971
1.22381
0.690828
0.976665
0.998382
0.794889
1.08665
0.988183
0.940893
0.96155
0.988914
0.986176
0.967082
0.91806
1.05143
0.998669
0.982728
0.947833
1.00259
0.956226
1.02314
1.02213
0.945392
0.946547
1.00578
1.012
0.988026
0.949483
0.982698
0.954538
1.01517
0.997184
0.952973
0.948352
0.991968
0.909457
1.05508
0.97589
0.975137
0.980267
1.00851
1.11308
0.805825
0.986152
0.993004
0.946296
1.01869
1.20227
0.738056
0.926376
0.981658
0.990921
1.01921
0.937221
1.0239
0.972956
0.988058
0.986718
0.954425
1.09187
0.816397
0.847403
1.08414
1.0072
0.94696
0.976199
0.964111
0.914171
1.00124
0.772509
1.17349
0.976639
0.958732
1.02946
0.951303
0.973995
0.86834
0.974359
0.961205
1.0146
0.939646
1.03366
0.909804
0.973118
0.980253
1.04258
0.970957
0.922599
1.03007
0.962477
1.01706
1.18745
0.724991
0.866406
1.12377
0.976083
1.00161
0.961952
0.979543
0.997486
0.926768
1.08086
0.838898
1.00884
0.945647
1.464
0.457558
0.966379
0.943741
1.03661
0.91158
0.964797
0.989392
1.01753
0.945758
1.12965
0.814416
0.979455
0.969973
0.951065
0.951728
1.04115
0.899309
0.979238
0.948357
0.97882
0.96508
0.996226
0.97473
0.973551
0.981853
1.03407
0.918702
1.0511
0.896753
0.964628
1.01715
0.97039
1.01768
0.959879
0.993455
0.961621
1.00278
0.950935
1.01181
0.989547
0.966189
0.918657
0.939965
1.00245
0.97298
1.0002
0.940202
0.94148
1.01945
1.13074
0.812944
1.00613
0.992811
0.976436
0.998585
0.902489
0.980122
0.951254
1.02723
0.988466
0.979211
0.950839
0.995456
0.970993
1.01539
0.975761
0.981844
1.00605
0.959649
0.934116
1.03286
0.955076
0.96544
0.94901
1.01178
0.993936
0.959627
0.982569
0.963256
0.953473
0.994909
0.988599
0.971661
0.9821
0.982286
0.975637
0.944569
0.922238
1.01573
0.956242
1.00784
0.952652
1.01698
0.958026
0.97963
0.977665
0.945799
0.984136
0.974044
0.988026
0.97225
0.939616
1.02001
0.971733
0.994579
0.941165
1.01908
0.993155
0.908664
0.977418
0.983735
0.978733
0.9474
0.988264
0.979242
0.792061
1.15283
1.02923
0.940429
0.984861
0.973713
0.950719
0.98355
0.912146
1.02284
1.01949
0.965705
0.953273
1.03108
0.976407
0.985652
1.00212
0.953571
1.02061
0.968492
1.01932
0.957957
0.968273
0.997312
0.9966
1.00247
0.952762
1.00022
0.992329
0.993764
0.996973
0.967999
1.19803
0.768964
0.980673
1.00014
0.919499
1.05774
1.00131
0.938463
1.01526
0.936168
0.957237
1.02679
0.989489
0.985833
1.132
0.831934
0.965357
1.00963
1.00548
0.98769
0.435587
1.50901
1.01639
0.945575
0.924706
1.03102
0.99862
0.95283
1.02084
0.925803
0.998401
0.972063
0.974363
0.953615
0.970441
0.907776
0.955296
1.01021
0.926319
0.925938
1.00046
0.979822
0.966306
0.989988
0.843582
1.14166
1.05974
0.937875
1.00884
0.992995
1.05905
0.880265
0.940935
1.01588
0.978504
0.976824
0.983462
0.95341
0.955825
1.02062
0.957999
1.00293
0.946085
1.00533
0.976944
0.92061
1.05134
0.921028
0.962844
0.99474
0.970784
0.99616
1.00581
0.916431
0.978315
0.935843
0.973144
0.951972
0.975858
0.966375
0.948482
1.02299
1.0099
0.948592
0.970444
0.876818
0.992945
0.961039
0.977297
0.958346
0.977849
0.968701
0.818656
1.1382
0.980273
0.980172
0.952542
0.969432
0.984942
0.985534
0.995835
0.956647
0.973639
0.975127
1.04535
0.938216
0.97013
1.00197
0.948079
1.00671
0.969449
0.972344
0.967211
0.9635
1.03243
0.922823
0.960915
0.993096
0.984982
1.00205
0.952489
0.989277
1.01817
0.951344
0.944552
1.00825
1.0011
0.993836
1.0036
0.960266
0.973644
1.00394
0.938065
1.02163
0.961929
0.972198
0.59106
1.32488
0.992927
0.929063
0.96976
0.973782
1.02349
0.95269
0.952176
0.953748
0.993019
0.985763
0.965236
1.00026
0.971638
0.97821
0.962556
0.94289
0.988189
1.01132
1.00796
0.93636
1.01848
0.957037
0.888647
1.07279
0.970253
0.954193
0.968505
0.972444
1.03969
0.939003
0.993461
0.989191
1.23448
0.732423
0.972142
0.972915
0.839835
1.06614
1.02027
0.940239
0.944469
1.04028
1.03952
0.897114
0.976489
0.974502
0.985263
0.991319
1.00946
0.968911
0.96767
0.999763
0.913252
1.02279
0.997416
0.955484
0.905164
1.06619
0.947793
1.01387
0.864401
1.05908
0.95389
0.987764
0.938227
1.00014
1.04322
0.925289
1.00785
0.964613
0.939285
1.01058
0.984805
0.99304
0.989857
0.99375
0.984624
0.971239
0.985644
1.00486
0.996096
0.972958
0.921366
1.01422
0.806149
1.14628
0.98614
0.978386
0.87122
1.09327
0.938164
1.00096
0.978903
0.983654
1.00138
0.974016
0.981436
0.980313
0.561838
1.37231
0.979367
1.00984
1.01886
0.959491
1.02021
0.901492
1.13771
0.797706
0.960502
0.973884
0.923567
1.02248
1.02191
0.936132
0.957123
0.96215
0.924803
1.08381
0.937915
0.996347
1.03347
0.905444
0.849402
1.08845
0.961541
0.977764
0.889123
1.04141
0.965113
1.0297
1.02355
0.938786
1.10639
0.854859
0.937695
1.03492
0.966999
0.979284
0.860708
1.04796
1.02859
0.964479
0.97638
0.988223
1.00038
0.986998
0.843866
1.01373
0.901579
1.0128
0.990073
0.950142
0.961546
0.953141
0.9824
0.95906
0.974344
0.975263
0.95604
0.995379
0.983163
0.997773
1.02688
0.959843
0.912187
1.02946
0.783781
1.1538
0.960635
1.02636
0.984818
0.9657
0.969852
0.950063
0.183172
1.76933
0.956183
0.970242
0.990604
0.95839
0.954808
1.01433
0.915824
1.02697
0.977368
0.944376
0.984151
0.993778
0.992104
0.984201
0.962348
0.970247
1.01751
0.986342
0.94161
1.0067
1.03115
0.912852
0.974478
0.981256
0.991407
0.994393
0.958306
1.00483
0.963794
1.01291
0.967567
0.935389
0.965955
1.00817
0.995574
0.992622
1.04212
0.92623
0.938701
1.01669
1.02815
0.950996
1.08338
0.865534
0.946592
0.974376
0.999368
0.960983
0.975951
0.94437
0.96716
0.98592
0.958022
0.99113
0.965013
0.986684
0.763328
0.942543
0.954474
0.995429
0.833118
1.13288
0.991379
0.94213
0.985823
0.937767
0.971128
0.966222
1.01194
0.950556
0.89217
1.01778
0.963507
0.989453
0.981054
0.959157
0.940383
0.981697
0.982477
0.974252
0.97765
0.974462
0.68094
0.926348
0.972973
1.00355
0.938853
1.01873
0.970716
0.937349
1.01125
0.95681
1.04582
0.80743
0.932635
1.0257
0.98635
0.960615
0.960788
1.00355
0.987792
0.933354
0.949383
1.00288
0.990244
0.945112
0.954516
0.973351
1.03511
0.951383
1.01334
0.946985
0.996024
0.944971
1.0033
0.973819
1.00849
0.96218
0.955422
0.981206
0.917306
0.998148
0.954888
0.972184
0.946573
1.02758
0.99689
0.9824
0.88247
1.05672
0.985305
0.976483
0.964993
0.992103
0.995662
0.96145
0.970614
0.9923
1.25935
0.637887
0.939911
0.99578
1.01125
0.982853
0.943057
0.969518
1.004
0.943846
0.921295
1.02017
0.973773
0.954465
0.987606
0.982875
1.00219
0.95645
0.997696
0.979229
0.53206
1.42659
0.955823
0.962375
0.9568
1.00723
0.557992
1.40471
0.986728
0.973206
0.897929
1.01339
0.964878
0.992449
0.937605
1.0395
0.979533
0.955561
1.00673
0.980092
0.935486
1.00611
1.00599
0.970558
0.982926
0.965194
0.99115
0.960569
0.984108
0.981831
0.99627
0.984636
0.936643
0.993476
0.957982
0.999007
0.980108
1.00318
1.0361
0.911487
0.959974
0.950373
0.869991
1.0905
0.967867
1.00521
1.01542
0.953233
0.906104
1.06117
0.97487
0.936046
0.966181
0.984787
1.0822
0.825686
0.994213
0.948129
0.929954
0.982292
0.994255
0.973465
1.04873
0.935655
0.99103
0.984992
0.949706
1.02006
0.989627
0.973733
0.980911
0.991986
0.972757
1.00308
0.957701
0.967041
1.14514
0.805487
0.957368
0.983638
0.957891
1.00372
0.936912
0.985536
1.00333
0.974143
0.941664
0.950593
1.01651
0.972195
0.920839
1.01578
0.982559
0.981166
0.986926
0.965353
0.942868
0.991199
1.11315
0.833061
0.979215
0.952363
1.0129
0.982171
1.01993
0.949508
0.92376
1.01848
1.0042
0.977931
0.990177
1.00396
0.945275
1.002
0.970809
1.00878
1.02514
0.880359
0.962907
0.96462
0.972194
0.981424
0.992705
0.955264
0.709526
1.24144
1.0003
0.95557
0.95023
1.00129
0.963009
1.00136
0.907394
1.02392
0.995816
0.974759
0.943389
1.00465
0.971826
0.957358
1.03202
0.931916
0.990219
0.968904
0.981511
0.966632
0.966281
0.997497
1.00464
0.971867
0.988836
0.995317
1.02298
0.92654
0.972
0.995659
0.964702
0.988841
0.979052
1.00701
1.02929
0.938065
0.973328
0.986408
0.94046
1.01226
0.960798
0.991884
0.975106
1.00186
0.978017
0.988296
0.959265
0.997674
0.995193
0.944964
0.896076
1.04949
1.19308
0.767449
0.992897
0.91517
0.969968
0.982316
0.960805
0.952472
1.15225
0.782089
0.985729
0.987458
0.983634
0.975617
1.0145
0.955017
0.982983
0.983219
0.98421
1.00407
0.923049
1.0188
1.01545
0.967894
0.991941
0.952254
0.972034
1.0049
1.0368
0.912832
1.00106
0.946499
0.933508
1.04319
0.97917
0.992972
0.988221
0.964059
0.987098
0.95409
0.97476
0.977918
0.971059
1.00043
0.960482
1.00129
0.901834
0.982504
0.997859
0.950962
1.00328
0.962226
0.963518
0.974953
0.859659
1.10422
0.884098
1.0692
0.910403
0.96709
0.964535
0.95355
0.954169
1.00643
0.962969
0.949762
1.00184
0.961652
0.936502
1.04741
0.969442
0.974006
0.901854
0.963294
0.99089
0.967436
1.01191
0.970836
0.906603
1.02323
0.933973
1.0125
0.959429
0.978669
1.00606
0.957552
1.00716
0.958202
1.01155
0.97149
1.06897
0.905896
0.978248
0.977861
1.07475
0.886183
1.00561
0.959699
0.976274
0.884597
0.972759
0.979348
1.14087
0.838474
0.943042
1.00681
1.04184
0.92063
0.862837
1.07154
0.984962
0.988867
0.994238
0.981219
0.999376
0.989666
0.875478
1.10501
0.960132
0.969554
0.997163
0.990388
0.980091
0.997919
0.952913
0.953963
1.0142
0.943604
0.958954
0.974946
0.927815
1.00414
0.969445
0.998411
0.987464
0.972821
0.961689
0.989423
1.03534
0.921249
0.918668
1.00645
0.926771
1.0136
1.20126
0.765256
0.917427
1.02335
0.726384
1.20202
1.01472
0.915434
1.01247
0.937672
0.984615
0.938183
1.07902
0.845572
0.926067
1.0392
0.982403
0.9504
0.987614
0.976466
0.988248
0.922713
1.00556
0.914754
0.960958
0.95432
0.992335
0.964164
1.00572
0.950384
0.990736
0.997931
0.960289
0.938415
1.11068
0.853016
0.943439
0.988006
1.01129
0.942105
1.12858
0.822175
0.994565
1.00159
0.94775
1.02277
1.01307
0.905375
0.91882
1.05384
0.972332
0.983571
1.01602
0.893253
0.955576
0.97719
1.21953
0.707744
1.01408
0.965297
0.966214
0.971664
0.991258
0.951886
0.988959
0.991183
0.988013
0.969224
0.9761
0.960503
0.994885
0.933436
0.988295
0.895516
1.00142
0.979406
1.01926
0.955843
0.967768
0.97209
0.960872
1.00021
1.02215
0.942128
0.967892
0.991293
0.941572
0.977557
1.03339
0.926906
0.983487
0.981448
0.99473
0.962556
1.00656
0.945735
0.921864
1.00837
0.982265
0.985024
1.2562
0.711
0.971868
0.973608
0.943966
1.02108
0.993621
0.977458
1.21199
0.684673
1.00697
0.949437
0.991317
0.969543
0.979155
0.967395
0.945225
0.988471
0.975079
0.942098
1.00267
0.972829
0.983321
0.984176
1.00588
0.984168
0.986893
0.953089
0.956092
0.99493
0.944588
1.02731
0.950454
0.974121
0.953535
0.995582
1.00774
0.97821
0.955173
0.993315
0.991075
0.982873
0.905405
1.05386
0.934006
1.03048
1.01949
0.979481
0.959323
0.944019
0.982692
1.00626
0.971603
0.987849
0.996715
0.964671
1.02651
0.908046
0.992161
0.985944
0.998197
0.974763
1.00634
0.969546
0.911123
1.03265
0.957784
0.9675
1.01511
0.921998
0.993131
0.978351
1.01905
0.933723
1.00704
0.953025
0.93436
0.964199
0.965752
0.983038
0.968014
0.999086
0.965582
0.954847
0.955292
1.02545
0.936178
0.954913
0.962753
0.994733
0.988348
0.994258
0.975208
1.02953
0.957753
1.00432
1.1289
0.818092
0.931619
1.00076
0.955693
1.00508
1.06258
0.887139
0.991205
0.964823
0.970425
0.992577
0.843064
0.981926
1.31526
0.541588
0.980249
0.959878
1.02551
0.889656
0.972003
1.01394
1.04181
0.917568
0.99177
0.967165
0.947165
0.966013
0.997378
0.96864
1.13152
0.860292
0.965286
0.990994
0.984983
0.971821
0.952725
0.978558
0.974466
0.983368
0.951489
0.968621
1.00755
0.977092
0.953801
0.965955
1.00774
0.966517
0.998267
0.979864
0.879527
1.05845
1.04246
0.941713
0.913733
1.03028
0.980301
0.986709
1.0338
0.950377
0.992628
0.947983
0.981057
0.974368
0.925696
0.968419
0.942844
1.03191
0.987971
0.975815
1.01947
0.917658
0.947832
1.00919
0.949746
1.02349
1.00995
0.9667
0.963198
0.97733
0.798883
1.17817
1.09258
0.850654
0.975642
0.987551
0.980395
0.994533
0.887579
1.07878
0.784124
1.16453
1.05157
0.867607
0.949649
1.00449
1.00298
0.988684
0.966122
0.981027
0.983613
0.949724
0.97434
0.985568
0.953305
1.03256
0.982782
0.957987
0.949614
0.998814
0.957633
0.959395
0.863705
1.11934
1.00081
0.956578
1.00732
0.941007
1.03705
0.923305
1.06514
0.902087
1.25647
0.669766
0.975339
1.00113
0.99583
1.00226
0.974374
0.990365
1.1364
0.801708
0.972714
0.981592
0.986178
0.963319
0.962713
1.01472
0.922837
1.02234
0.924236
0.980843
0.971004
0.995497
0.987918
0.961452
0.874237
1.12279
0.966882
1.00471
1.10326
0.84791
0.780407
1.14478
0.91442
1.03259
0.95053
0.932536
1.05129
0.867912
0.99235
0.951332
0.998819
0.980853
0.921761
1.01376
0.974132
0.995223
0.966341
1.00399
1.09284
0.871816
0.972453
0.966072
0.988724
0.993983
0.996132
0.961963
1.05101
0.925731
1.0223
0.992796
0.943469
0.974627
1.06024
0.905406
0.9931
0.954289
0.966678
0.967373
0.964176
0.991777
1.00393
0.948043
0.933376
0.992666
0.19459
1.76037
0.967041
0.962651
0.993294
0.980835
0.960226
0.983152
0.928491
1.01358
0.999692
0.959025
0.990397
0.991706
0.942201
1.02773
0.988336
0.962808
0.988501
0.97198
1.00662
0.961304
0.957237
0.974218
0.98536
1.00064
1.20668
0.757673
0.979449
0.994858
0.945503
0.96724
0.960228
0.982767
1.01662
0.956324
0.969699
1.01759
0.982824
0.994661
0.943894
0.966294
0.911988
1.02692
0.98715
1.00595
1.00136
0.972842
1.69586
0.285125
0.983641
0.969999
1.22722
0.711745
0.97793
0.990548
0.953818
0.961599
0.988374
0.995846
0.976381
0.950597
0.936747
1.00903
1.00748
0.9821
1.00277
0.976933
0.979809
0.952932
0.938651
0.96629
1.02023
0.966437
0.963874
1.0115
0.963954
0.972392
1.01054
0.975429
1.01374
0.947129
0.99908
0.980032
0.961484
0.975152
0.988937
0.924177
0.941577
0.962505
0.960882
0.975083
0.923303
0.97049
0.960704
0.9689
0.974693
1.01009
0.978817
0.969826
0.969236
0.972259
1.00492
0.98544
0.879892
1.0871
1.00849
0.975435
0.965969
0.973594
1.01076
0.959014
1.0159
0.940014
1.06602
0.913967
0.961818
0.958148
0.995671
0.970039
1.02166
0.931301
0.967422
0.997278
0.93742
1.01739
1.00455
0.934041
0.964804
0.976895
0.983987
0.997896
0.984605
0.992341
0.977484
0.968264
0.967937
0.994607
0.968468
1.01134
0.998389
0.963291
0.969995
0.99889
0.754813
1.23534
0.999672
0.977303
0.969082
0.992627
0.949041
0.99887
1.0392
0.917239
0.987835
0.936135
1.01573
0.977159
0.935129
0.987567
0.918106
1.04839
0.977756
0.976467
0.834716
0.962375
1.00568
0.981971
1.01145
0.957721
0.97505
1.00029
1.02138
0.964256
1.20524
0.713492
0.958848
0.990434
1.06877
0.906259
0.893818
1.04555
0.967475
0.974201
0.987185
0.967201
0.936731
0.98245
1.03442
0.940962
0.970142
1.0044
0.933907
1.0485
1.02086
0.980895
0.969891
0.989871
0.978007
1.01863
0.955879
1.04485
0.97945
0.982703
0.936535
1.05657
0.941083
1.01176
1.05365
0.887923
0.986349
0.949332
0.997514
0.945195
0.961804
1.00836
0.907741
0.99018
0.990763
0.961121
0.964037
0.979855
0.976504
0.959788
0.954207
0.978212
0.973057
0.987466
0.980671
0.984573
1.05077
0.896984
0.953013
0.980719
1.01073
0.940165
0.955863
1.00284
0.986019
0.999346
0.970047
0.986013
0.957335
1.00164
1.00912
0.963941
0.986684
0.971136
0.969497
1.01986
0.997963
0.982431
0.958354
0.947463
1.0233
0.951461
0.697288
1.26516
0.975778
1.0068
0.940886
0.966086
0.986049
0.940501
0.983741
0.958161
0.995462
0.98685
0.997132
0.976316
0.964302
0.970668
0.964431
0.990847
0.938506
0.930666
0.954466
0.989168
0.999572
0.954303
0.97568
0.9799
0.975554
1.00134
0.875226
1.05436
1.03507
0.933774
1.08646
0.846315
