0.1 1.125 1.79897
0.1 5.625 3.81199
0.1 7.875 3.82874
0.1 10.125 1.89319
0.1 12.375 2.29305
0.1 14.625 3.00067
0.1 16.875 3.13057
0.1 19.125 2.47886
0.1 21.375 1.56269
0.1 23.625 1.62121
0.1 25.875 2.10205
0.1 28.125 2.4321
0.1 30.375 2.57195
0.1 32.625 2.52374
0.1 34.875 2.82628
0.1 37.125 4.13974
0.1 39.375 4.08175
0.1 41.625 3.23011
0.1 43.875 3.12848
0.3 1.125 3.77455
0.3 3.375 3.38902
0.3 5.625 3.09964
0.3 7.875 3.77412
0.3 10.125 3.84417
0.3 12.375 4.01618
0.3 14.625 4.13814
0.3 16.875 3.67694
0.3 19.125 4.09554
0.3 21.375 4.08448
0.3 23.625 4.08735
0.3 25.875 4.09483
0.3 28.125 3.88146
0.3 30.375 3.95254
0.3 32.625 3.93393
0.3 34.875 3.86781
0.3 37.125 4.03901
0.3 39.375 4.09283
0.3 41.625 3.83497
0.3 43.875 3.95619
0.5 1.125 3.67985
0.5 3.375 3.00077
0.5 5.625 3.73086
0.5 7.875 3.9375
0.5 10.125 3.96272
0.5 12.375 3.93297
0.5 14.625 4.01512
0.5 16.875 3.90578
0.5 19.125 3.94161
0.5 21.375 3.88832
0.5 23.625 4.02671
0.5 25.875 3.97361
0.5 28.125 3.8848
0.5 30.375 4.02159
0.5 32.625 3.9085
0.5 34.875 3.88632
0.5 37.125 3.97314
0.5 39.375 3.7143
0.5 41.625 3.99389
0.5 43.875 3.9048
0.7 1.125 3.29077
0.7 3.375 3.31557
0.7 5.625 3.86196
0.7 7.875 3.81809
0.7 10.125 3.83434
0.7 12.375 3.85319
0.7 14.625 3.86412
0.7 16.875 3.84761
0.7 19.125 3.73064
0.7 21.375 3.76989
0.7 23.625 3.79404
0.7 25.875 3.82789
0.7 28.125 3.67249
0.7 30.375 3.82601
0.7 32.625 3.76462
0.7 34.875 3.82005
0.7 37.125 3.84012
0.7 39.375 3.84068
0.7 41.625 3.83575
0.7 43.875 3.64208
0.9 1.125 3.18279
0.9 3.375 3.31832
0.9 5.625 3.47051
0.9 7.875 3.49624
0.9 10.125 3.49672
0.9 12.375 3.47365
0.9 14.625 3.44811
0.9 16.875 3.41551
0.9 19.125 3.44442
0.9 21.375 3.51755
0.9 23.625 3.51813
0.9 25.875 3.58408
0.9 28.125 3.57684
0.9 30.375 3.58045
0.9 32.625 3.61736
0.9 34.875 3.64696
0.9 37.125 3.62121
0.9 39.375 3.54944
0.9 41.625 3.70128
0.9 43.875 3.60567
1.1 1.125 2.36877
1.1 3.375 2.7849
1.1 5.625 2.71298
1.1 7.875 2.71371
1.1 10.125 2.81774
1.1 12.375 2.82178
1.1 14.625 2.81353
1.1 16.875 2.85138
1.1 19.125 2.9019
1.1 21.375 3.01856
1.1 23.625 2.89601
1.1 25.875 2.96672
1.1 28.125 3.1907
1.1 30.375 3.11837
1.1 32.625 3.27419
1.1 34.875 3.34363
1.1 37.125 3.32162
1.1 39.375 3.35315
1.1 41.625 3.37009
1.1 43.875 3.29885
1.3 1.125 1.63388
1.3 3.375 1.59681
1.3 5.625 1.69232
1.3 7.875 1.73575
1.3 10.125 1.71251
1.3 12.375 1.8074
1.3 14.625 1.83525
1.3 16.875 1.91542
1.3 19.125 2.03607
1.3 21.375 1.99161
1.3 23.625 2.15047
1.3 25.875 2.22147
1.3 28.125 2.30412
1.3 30.375 2.48076
1.3 32.625 2.54035
1.3 34.875 2.60867
1.3 37.125 2.70978
1.3 39.375 2.77199
1.3 41.625 2.80587
1.3 43.875 2.86253
1.5 1.125 0.816977
1.5 3.375 0.8532
1.5 5.625 0.899465
1.5 7.875 0.890294
1.5 10.125 1.03164
1.5 12.375 1.00891
1.5 14.625 1.02435
1.5 16.875 1.00902
1.5 19.125 1.04698
1.5 21.375 1.2155
1.5 23.625 1.25603
1.5 25.875 1.29137
1.5 28.125 1.42336
1.5 30.375 1.49566
1.5 32.625 1.56567
1.5 34.875 1.7869
1.5 37.125 1.8466
1.5 39.375 1.949
1.5 41.625 2.03599
1.5 43.875 2.18718
1.7 1.125 0.438951
1.7 3.375 0.50601
1.7 5.625 0.491898
1.7 7.875 0.520595
1.7 10.125 0.550572
1.7 12.375 0.548921
1.7 14.625 0.556755
1.7 16.875 0.58462
1.7 19.125 0.569678
1.7 21.375 0.581452
1.7 23.625 0.630831
1.7 25.875 0.660003
1.7 28.125 0.726212
1.7 30.375 0.836596
1.7 32.625 0.801548
1.7 34.875 0.895261
1.7 37.125 0.934432
1.7 39.375 1.03847
1.7 41.625 1.02931
1.7 43.875 1.13241
1.9 1.125 0.277534
1.9 3.375 0.297938
1.9 5.625 0.30454
1.9 7.875 0.315517
1.9 10.125 0.334427
1.9 12.375 0.342065
1.9 14.625 0.341849
1.9 16.875 0.340449
1.9 19.125 0.354998
1.9 21.375 0.366081
1.9 23.625 0.367029
1.9 25.875 0.366197
1.9 28.125 0.41403
1.9 30.375 0.425925
1.9 32.625 0.478239
1.9 34.875 0.49696
1.9 37.125 0.513738
1.9 39.375 0.61844
1.9 41.625 0.638847
1.9 43.875 0.708718
2.1 1.125 0.178765
2.1 3.375 0.190115
2.1 5.625 0.198131
2.1 7.875 0.193071
2.1 10.125 0.206887
2.1 12.375 0.216814
2.1 14.625 0.226026
2.1 16.875 0.227257
2.1 19.125 0.229948
2.1 21.375 0.228951
2.1 23.625 0.23568
2.1 25.875 0.234291
2.1 28.125 0.2497
2.1 30.375 0.282799
2.1 32.625 0.308052
2.1 34.875 0.318669
2.1 37.125 0.350542
2.1 39.375 0.367917
2.1 41.625 0.373228
2.1 43.875 0.393452
2.3 1.125 0.124548
2.3 3.375 0.139221
2.3 5.625 0.141948
2.3 7.875 0.140374
2.3 10.125 0.14947
2.3 12.375 0.143654
2.3 14.625 0.149912
2.3 16.875 0.152879
2.3 19.125 0.155576
2.3 21.375 0.15536
2.3 23.625 0.169944
2.3 25.875 0.159871
2.3 28.125 0.189468
2.3 30.375 0.197687
2.3 32.625 0.198357
2.3 34.875 0.212422
2.3 37.125 0.217563
2.3 39.375 0.23327
2.3 41.625 0.227395
2.3 43.875 0.228438
2.5 1.125 0.081076
2.5 3.375 0.110125
2.5 5.625 0.10187
2.5 7.875 0.104508
2.5 10.125 0.104288
2.5 12.375 0.104571
2.5 14.625 0.101403
2.5 16.875 0.104579
2.5 19.125 0.104694
2.5 21.375 0.108729
2.5 23.625 0.113883
2.5 25.875 0.11835
2.5 28.125 0.130186
2.5 30.375 0.138575
2.5 32.625 0.146235
2.5 34.875 0.144436
2.5 37.125 0.154765
2.5 39.375 0.152271
2.5 41.625 0.153271
2.5 43.875 0.148984
2.7 1.125 0.0766871
2.7 3.375 0.0793411
2.7 5.625 0.0844586
2.7 7.875 0.0793607
2.7 10.125 0.0775025
2.7 12.375 0.0796253
2.7 14.625 0.0798929
2.7 16.875 0.0769214
2.7 19.125 0.0790443
2.7 21.375 0.0809724
2.7 23.625 0.0872763
2.7 25.875 0.0892003
2.7 28.125 0.0967151
2.7 30.375 0.101289
2.7 32.625 0.104937
2.7 34.875 0.103629
2.7 37.125 0.103778
2.7 39.375 0.105807
2.7 41.625 0.103408
2.7 43.875 0.105775
2.9 1.125 0.060099
2.9 3.375 0.0634115
2.9 5.625 0.0612018
2.9 7.875 0.0611978
2.9 10.125 0.0583157
2.9 12.375 0.0627118
2.9 14.625 0.0614873
2.9 16.875 0.05869
2.9 19.125 0.0615794
2.9 21.375 0.0630283
2.9 23.625 0.0697042
2.9 25.875 0.071348
2.9 28.125 0.0707537
2.9 30.375 0.0748775
2.9 32.625 0.0730545
2.9 34.875 0.07449
2.9 37.125 0.0764677
2.9 39.375 0.0737822
2.9 41.625 0.0767506
2.9 43.875 0.0710072
3.1 1.125 0.0477176
3.1 3.375 0.0498253
3.1 5.625 0.0485319
3.1 7.875 0.0474419
3.1 10.125 0.0483433
3.1 12.375 0.0507418
3.1 14.625 0.0505448
3.1 16.875 0.0509261
3.1 19.125 0.0508792
3.1 21.375 0.0533548
3.1 23.625 0.0551971
3.1 25.875 0.0615177
3.1 28.125 0.0591032
3.1 30.375 0.060811
3.1 32.625 0.0592365
3.1 34.875 0.0577676
3.1 37.125 0.0575096
3.1 39.375 0.0578573
3.1 41.625 0.0568048
3.1 43.875 0.0556909
3.3 1.125 0.0397328
3.3 3.375 0.0402933
3.3 5.625 0.0398972
3.3 7.875 0.0411434
3.3 10.125 0.0391423
3.3 12.375 0.0397116
3.3 14.625 0.0421367
3.3 16.875 0.0402677
3.3 19.125 0.0426716
3.3 21.375 0.0446384
3.3 23.625 0.0466
3.3 25.875 0.0471734
3.3 28.125 0.0475617
3.3 30.375 0.047713
3.3 32.625 0.0486702
3.3 34.875 0.0479908
3.3 37.125 0.0506881
3.3 39.375 0.0489527
3.3 41.625 0.0464486
3.3 43.875 0.0460648
3.5 1.125 0.0322566
3.5 3.375 0.0332304
3.5 5.625 0.0339743
3.5 7.875 0.0314571
3.5 10.125 0.0319451
3.5 12.375 0.0316957
3.5 14.625 0.0325441
3.5 16.875 0.0347106
3.5 19.125 0.0359711
3.5 21.375 0.0371949
3.5 23.625 0.0376698
3.5 25.875 0.038485
3.5 28.125 0.0410288
3.5 30.375 0.0413434
3.5 32.625 0.0401583
3.5 34.875 0.0390782
3.5 37.125 0.0399259
3.5 39.375 0.0393717
3.5 41.625 0.0529026
3.5 43.875 0.0355318
3.7 1.125 0.0291861
3.7 3.375 0.0279259
3.7 5.625 0.0279321
3.7 7.875 0.0270759
3.7 10.125 0.0280815
3.7 12.375 0.0272092
3.7 14.625 0.0276259
3.7 16.875 0.0305158
3.7 19.125 0.0346868
3.7 21.375 0.0316582
3.7 23.625 0.0317316
3.7 25.875 0.0308513
3.7 28.125 0.0302508
3.7 30.375 0.0326963
3.7 32.625 0.033044
3.7 34.875 0.0318772
3.7 37.125 0.0324972
3.7 39.375 0.031561
3.7 41.625 0.0305396
3.7 43.875 0.0319189
3.9 1.125 0.0242295
3.9 3.375 0.023601
3.9 5.625 0.0255021
3.9 7.875 0.0252436
3.9 10.125 0.0252149
3.9 12.375 0.0243056
3.9 14.625 0.0247595
3.9 16.875 0.02519
3.9 19.125 0.0278607
3.9 21.375 0.0257053
3.9 23.625 0.02654
3.9 25.875 0.0272404
3.9 28.125 0.0247041
3.9 30.375 0.0257505
3.9 32.625 0.0260604
3.9 34.875 0.0251722
3.9 37.125 0.0265847
3.9 39.375 0.0254834
3.9 41.625 0.0255535
3.9 43.875 0.0264547
4.1 1.125 0.0212179
4.1 3.375 0.020939
4.1 5.625 0.0215507
4.1 7.875 0.0224503
4.1 10.125 0.0210378
4.1 12.375 0.0207661
4.1 14.625 0.0210945
4.1 16.875 0.0221407
4.1 19.125 0.0234103
4.1 21.375 0.0241913
4.1 23.625 0.0233711
4.1 25.875 0.0224974
4.1 28.125 0.0222842
4.1 30.375 0.023425
4.1 32.625 0.0225606
4.1 34.875 0.0213414
4.1 37.125 0.0222588
4.1 39.375 0.0222002
4.1 41.625 0.0214757
4.1 43.875 0.0210151
4.3 1.125 0.0183082
4.3 3.375 0.0181533
4.3 5.625 0.0178599
4.3 7.875 0.0187564
4.3 10.125 0.0185418
4.3 12.375 0.0181067
4.3 14.625 0.0186236
4.3 16.875 0.019647
4.3 19.125 0.0205866
4.3 21.375 0.0209586
4.3 23.625 0.0215684
4.3 25.875 0.0200299
4.3 28.125 0.0194833
4.3 30.375 0.0195974
4.3 32.625 0.0182772
4.3 34.875 0.0176579
4.3 37.125 0.0173666
4.3 39.375 0.0166847
4.3 41.625 0.0177371
4.3 43.875 0.0183102
4.5 1.125 0.0156315
4.5 3.375 0.0154554
4.5 5.625 0.0161918
4.5 7.875 0.0157343
4.5 10.125 0.0153177
4.5 12.375 0.0161171
4.5 14.625 0.0168162
4.5 16.875 0.0172863
4.5 19.125 0.0163789
4.5 21.375 0.0163199
4.5 23.625 0.0164874
4.5 25.875 0.0182229
4.5 28.125 0.0176161
4.5 30.375 0.0169588
4.5 32.625 0.0161534
4.5 34.875 0.0163886
4.5 37.125 0.0144266
4.5 39.375 0.0139608
4.5 41.625 0.0145467
4.5 43.875 0.0146429
4.7 1.125 0.0142304
4.7 3.375 0.012929
4.7 5.625 0.0125581
4.7 7.875 0.0130034
4.7 10.125 0.012729
4.7 12.375 0.0126104
4.7 14.625 0.014287
4.7 16.875 0.0142772
4.7 19.125 0.0152267
4.7 21.375 0.01508
4.7 23.625 0.015425
4.7 25.875 0.0146326
4.7 28.125 0.0140776
4.7 30.375 0.0140047
4.7 32.625 0.0145509
4.7 34.875 0.0138516
4.7 37.125 0.0134601
4.7 39.375 0.0132567
4.7 41.625 0.012605
4.7 43.875 0.0126214
4.9 1.125 0.0104269
4.9 3.375 0.0105552
4.9 5.625 0.0108484
4.9 7.875 0.0119631
4.9 10.125 0.0109246
4.9 12.375 0.0104045
4.9 14.625 0.0120298
4.9 16.875 0.0129414
4.9 19.125 0.0121295
4.9 21.375 0.0126228
4.9 23.625 0.0122877
4.9 25.875 0.0121991
4.9 28.125 0.0125882
4.9 30.375 0.0119362
4.9 32.625 0.0124638
4.9 34.875 0.0122993
4.9 37.125 0.0110925
4.9 39.375 0.0118208
4.9 41.625 0.0111313
4.9 43.875 0.0307069
5.1 1.125 0.0168339
5.1 3.375 0.0107275
5.1 5.625 0.0099614
5.1 7.875 0.00965011
5.1 10.125 0.00898463
5.1 12.375 0.00880892
5.1 14.625 0.00997744
5.1 16.875 0.0109491
5.1 19.125 0.0110108
5.1 21.375 0.0107014
5.1 23.625 0.0179399
5.1 25.875 0.0107956
5.1 28.125 0.0108632
5.1 30.375 0.0110161
5.1 32.625 0.0106806
5.1 34.875 0.0104173
5.1 37.125 0.0101028
5.1 39.375 0.00970779
5.1 41.625 0.0098764
5.1 43.875 0.009885
5.3 1.125 0.00811665
5.3 3.375 0.00845979
5.3 5.625 0.00862081
5.3 7.875 0.00915719
5.3 10.125 0.00851342
5.3 12.375 0.0088967
5.3 14.625 0.00882105
5.3 16.875 0.00951405
5.3 19.125 0.009473
5.3 21.375 0.00945435
5.3 23.625 0.00968034
5.3 25.875 0.00981397
5.3 28.125 0.00906186
5.3 30.375 0.00899133
5.3 32.625 0.0090227
5.3 34.875 0.00944707
5.3 37.125 0.00914256
5.3 39.375 0.0153511
5.3 41.625 0.00891184
5.3 43.875 0.00842892
5.5 1.125 0.00767023
5.5 3.375 0.00762941
5.5 5.625 0.00744615
5.5 7.875 0.00784547
5.5 10.125 0.00742342
5.5 12.375 0.00791631
5.5 14.625 0.00862516
5.5 16.875 0.00838357
5.5 19.125 0.00808998
5.5 21.375 0.00861229
5.5 23.625 0.00799099
5.5 25.875 0.00813916
5.5 28.125 0.00890561
5.5 30.375 0.00802093
5.5 32.625 0.00832547
5.5 34.875 0.00820327
5.5 37.125 0.0075884
5.5 39.375 0.00752035
5.5 41.625 0.00811262
5.5 43.875 0.0081036
5.7 1.125 0.0066334
5.7 3.375 0.00702397
5.7 5.625 0.00641771
5.7 7.875 0.00645254
5.7 10.125 0.00672245
5.7 12.375 0.00700707
5.7 14.625 0.00737976
5.7 16.875 0.0121367
5.7 19.125 0.00751764
5.7 21.375 0.00752067
5.7 23.625 0.00757789
5.7 25.875 0.00917224
5.7 28.125 0.0151517
5.7 30.375 0.00714646
5.7 32.625 0.0127099
5.7 34.875 0.00679139
5.7 37.125 0.006885
5.7 39.375 0.00717868
5.7 41.625 0.00782959
5.7 43.875 0.00723894
5.9 1.125 0.00592674
5.9 3.375 0.0101134
5.9 5.625 0.00562959
5.9 7.875 0.00598734
5.9 10.125 0.00612416
5.9 12.375 0.00691864
5.9 14.625 0.00665341
5.9 16.875 0.00636419
5.9 19.125 0.00646879
5.9 21.375 0.00644806
5.9 23.625 0.00628486
5.9 25.875 0.00614579
5.9 28.125 0.00663562
5.9 30.375 0.0062668
5.9 32.625 0.00659942
5.9 34.875 0.00591828
5.9 37.125 0.00671644
5.9 39.375 0.00675309
5.9 41.625 0.00642398
5.9 43.875 0.00683789
6.1 1.125 0.00528772
6.1 3.375 0.00604715
6.1 5.625 0.00557071
6.1 7.875 0.00531864
6.1 10.125 0.00653597
6.1 12.375 0.00600835
6.1 14.625 0.00569665
6.1 16.875 0.0057094
6.1 19.125 0.0057524
6.1 21.375 0.00577101
6.1 23.625 0.00600872
6.1 25.875 0.0060351
6.1 28.125 0.00534872
6.1 30.375 0.00605343
6.1 32.625 0.00548764
6.1 34.875 0.00593961
6.1 37.125 0.00591866
6.1 39.375 0.00605617
6.1 41.625 0.00607876
6.1 43.875 0.00654051
6.3 1.125 0.00762052
6.3 3.375 0.0103167
6.3 5.625 0.00546768
6.3 7.875 0.00503555
6.3 10.125 0.00508556
6.3 12.375 0.00545064
6.3 14.625 0.00568532
6.3 16.875 0.00548585
6.3 19.125 0.00574149
6.3 21.375 0.00545025
6.3 23.625 0.00539913
6.3 25.875 0.0055309
6.3 28.125 0.00537354
6.3 30.375 0.00531331
6.3 32.625 0.00538099
6.3 34.875 0.0049612
6.3 37.125 0.00531656
6.3 39.375 0.00520523
6.3 41.625 0.00560263
6.3 43.875 0.00535283
6.5 1.125 0.00473533
6.5 3.375 0.00474069
6.5 5.625 0.0119695
6.5 7.875 0.00475578
6.5 10.125 0.00532148
6.5 12.375 0.00490677
6.5 14.625 0.00560138
6.5 16.875 0.0050688
6.5 19.125 0.0132833
6.5 21.375 0.00468919
6.5 23.625 0.00495471
6.5 25.875 0.00502674
6.5 28.125 0.00469018
6.5 30.375 0.00501484
6.5 32.625 0.00487653
6.5 34.875 0.00471282
6.5 37.125 0.00511746
6.5 39.375 0.00487226
6.5 41.625 0.00502898
6.5 43.875 0.00496171
6.7 1.125 0.00446585
6.7 3.375 0.0043467
6.7 5.625 0.00394479
6.7 7.875 0.00475335
6.7 10.125 0.00439939
6.7 12.375 0.00443305
6.7 14.625 0.00502223
6.7 16.875 0.00497967
6.7 19.125 0.00457598
6.7 21.375 0.00483246
6.7 23.625 0.00476352
6.7 25.875 0.0046007
6.7 28.125 0.00452203
6.7 30.375 0.00430219
6.7 32.625 0.00428343
6.7 34.875 0.00441283
6.7 37.125 0.00470905
6.7 39.375 0.00433665
6.7 41.625 0.0048167
6.7 43.875 0.00487286
6.9 1.125 0.00399991
6.9 3.375 0.00439311
6.9 5.625 0.00423515
6.9 7.875 0.00405564
6.9 10.125 0.00457957
6.9 12.375 0.00451423
6.9 14.625 0.00432663
6.9 16.875 0.00430006
6.9 19.125 0.00438081
6.9 21.375 0.0103249
6.9 23.625 0.00658403
6.9 25.875 0.00446106
6.9 28.125 0.0039565
6.9 30.375 0.0114387
6.9 32.625 0.00424821
6.9 34.875 0.0042912
6.9 37.125 0.00419072
6.9 39.375 0.00901973
6.9 41.625 0.00446637
6.9 43.875 0.00473711
7.1 1.125 0.004212
7.1 3.375 0.00400944
7.1 5.625 0.00403529
7.1 7.875 0.00358097
7.1 10.125 0.00396868
7.1 12.375 0.00390085
7.1 14.625 0.00440624
7.1 16.875 0.00441793
7.1 19.125 0.00422161
7.1 21.375 0.00410191
7.1 23.625 0.00392802
7.1 25.875 0.00409504
7.1 28.125 0.00428556
7.1 30.375 0.00398198
7.1 32.625 0.00361835
7.1 34.875 0.00410039
7.1 37.125 0.00789976
7.1 39.375 0.00411152
7.1 41.625 0.00404905
7.1 43.875 0.00393514
7.3 1.125 0.0121623
7.3 3.375 0.0118655
7.3 5.625 0.00386738
7.3 7.875 0.0037611
7.3 10.125 0.00385594
7.3 12.375 0.00416543
7.3 14.625 0.00394989
7.3 16.875 0.00369543
7.3 19.125 0.00394944
7.3 21.375 0.00384875
7.3 23.625 0.00358428
7.3 25.875 0.00379181
7.3 28.125 0.00369509
7.3 30.375 0.00381113
7.3 32.625 0.00346105
7.3 34.875 0.00345803
7.3 37.125 0.00331477
7.3 39.375 0.00352483
7.3 41.625 0.00364833
7.3 43.875 0.010551
7.5 1.125 0.00350452
7.5 3.375 0.00341563
7.5 5.625 0.00328289
7.5 7.875 0.0033409
7.5 10.125 0.00378492
7.5 12.375 0.00364708
7.5 14.625 0.00896965
7.5 16.875 0.00363648
7.5 19.125 0.00506798
7.5 21.375 0.00354261
7.5 23.625 0.00361446
7.5 25.875 0.00585543
7.5 28.125 0.00350174
7.5 30.375 0.00333719
7.5 32.625 0.00391161
7.5 34.875 0.00316697
7.5 37.125 0.00368611
7.5 39.375 0.004716
7.5 41.625 0.00349092
7.5 43.875 0.00374371
7.7 1.125 0.00476824
7.7 3.375 0.0114092
7.7 5.625 0.00301433
7.7 7.875 0.00333238
7.7 10.125 0.00307801
7.7 12.375 0.00351559
7.7 14.625 0.00818524
7.7 16.875 0.00356424
7.7 19.125 0.00372565
7.7 21.375 0.00355663
7.7 23.625 0.00869546
7.7 25.875 0.00371419
7.7 28.125 0.00337475
7.7 30.375 0.0034691
7.7 32.625 0.00338676
7.7 34.875 0.00352264
7.7 37.125 0.00338868
7.7 39.375 0.00332472
7.7 41.625 0.00339545
7.7 43.875 0.00363155
7.9 1.125 0.00306837
7.9 3.375 0.00306863
7.9 5.625 0.0033254
7.9 7.875 0.00371633
7.9 10.125 0.00345833
7.9 12.375 0.00649037
7.9 14.625 0.00405297
7.9 16.875 0.011219
7.9 19.125 0.00336529
7.9 21.375 0.00394901
7.9 23.625 0.00372931
7.9 25.875 0.0034289
7.9 28.125 0.00316599
7.9 30.375 0.0033214
7.9 32.625 0.00812696
7.9 34.875 0.003504
7.9 37.125 0.00319864
7.9 39.375 0.00342786
7.9 41.625 0.00927469
7.9 43.875 0.00315465
8.1 1.125 0.00295963
8.1 3.375 0.00307354
8.1 5.625 0.00305195
8.1 7.875 0.00343771
8.1 10.125 0.00334536
8.1 12.375 0.00566984
8.1 14.625 0.003201
8.1 16.875 0.0121948
8.1 19.125 0.00390538
8.1 21.375 0.00306645
8.1 23.625 0.00308214
8.1 25.875 0.0104205
8.1 28.125 0.00319368
8.1 30.375 0.00313384
8.1 32.625 0.00304122
8.1 34.875 0.00353033
8.1 37.125 0.00309301
8.1 39.375 0.00331244
8.1 41.625 0.00329347
8.1 43.875 0.00281584
8.3 1.125 0.00356778
8.3 3.375 0.00843237
8.3 5.625 0.00284793
8.3 7.875 0.00334342
8.3 10.125 0.00321537
8.3 12.375 0.00309328
8.3 14.625 0.00304749
8.3 16.875 0.0029918
8.3 19.125 0.00283947
8.3 21.375 0.00323184
8.3 23.625 0.00311015
8.3 25.875 0.0126199
8.3 28.125 0.00288523
8.3 30.375 0.00321244
8.3 32.625 0.00337534
8.3 34.875 0.00313501
8.3 37.125 0.00320383
8.3 39.375 0.00343873
8.3 41.625 0.00311548
8.3 43.875 0.00331465
8.5 1.125 0.00338805
8.5 3.375 0.00277488
8.5 5.625 0.00245343
8.5 7.875 0.00329402
8.5 10.125 0.00297823
8.5 12.375 0.00322541
8.5 14.625 0.00295267
8.5 16.875 0.00331138
8.5 19.125 0.00297555
8.5 21.375 0.00292902
8.5 23.625 0.00284043
8.5 25.875 0.003071
8.5 28.125 0.00279414
8.5 30.375 0.00323076
8.5 32.625 0.00299968
8.5 34.875 0.00321643
8.5 37.125 0.00283829
8.5 39.375 0.0027218
8.5 41.625 0.0030259
8.5 43.875 0.00379543
8.7 1.125 0.00304866
8.7 3.375 0.00363463
8.7 5.625 0.00293909
8.7 7.875 0.00276165
8.7 10.125 0.00305709
8.7 12.375 0.0033342
8.7 14.625 0.00385313
8.7 16.875 0.00267959
8.7 19.125 0.00295187
8.7 21.375 0.00262683
8.7 23.625 0.00343204
8.7 25.875 0.00306163
8.7 28.125 0.0100628
8.7 30.375 0.00266048
8.7 32.625 0.00656951
8.7 34.875 0.0030461
8.7 37.125 0.00340807
8.7 39.375 0.00280662
8.7 41.625 0.0163013
8.7 43.875 0.00289416
8.9 1.125 0.00290505
8.9 3.375 0.00301576
8.9 5.625 0.00364315
8.9 7.875 0.00283534
8.9 10.125 0.00320963
8.9 12.375 0.00295241
8.9 14.625 0.00290656
8.9 16.875 0.00305565
8.9 19.125 0.00263051
8.9 21.375 0.00279982
8.9 23.625 0.00624911
8.9 25.875 0.00283964
8.9 28.125 0.00296142
8.9 30.375 0.00652699
8.9 32.625 0.00495476
8.9 34.875 0.0065702
8.9 37.125 0.00278937
8.9 39.375 0.00716243
8.9 41.625 0.00265422
8.9 43.875 0.00278859
9.1 1.125 0.0136483
9.1 3.375 0.00268463
9.1 5.625 0.0024254
9.1 7.875 0.00304375
9.1 10.125 0.00261821
9.1 12.375 0.00261235
9.1 14.625 0.00253095
9.1 16.875 0.00436375
9.1 19.125 0.00282134
9.1 21.375 0.0028531
9.1 23.625 0.00284701
9.1 25.875 0.0026682
9.1 28.125 0.0119241
9.1 30.375 0.00385262
9.1 32.625 0.00327141
9.1 34.875 0.00311272
9.1 37.125 0.00309455
9.1 39.375 0.00257259
9.1 41.625 0.00255017
9.1 43.875 0.00272968
9.3 1.125 0.00255674
9.3 3.375 0.00261697
9.3 5.625 0.00275835
9.3 7.875 0.00273219
9.3 10.125 0.00420099
9.3 12.375 0.00347165
9.3 14.625 0.00335858
9.3 16.875 0.00260106
9.3 19.125 0.00291686
9.3 21.375 0.00285605
9.3 23.625 0.00251787
9.3 25.875 0.00247657
9.3 28.125 0.00292979
9.3 30.375 0.00280923
9.3 32.625 0.00276697
9.3 34.875 0.00266182
9.3 37.125 0.00267191
9.3 39.375 0.0290614
9.3 41.625 0.0123847
9.3 43.875 0.00282329
9.5 1.125 0.00427638
9.5 3.375 0.00294485
9.5 5.625 0.00264923
9.5 7.875 0.00258417
9.5 10.125 0.00309235
9.5 12.375 0.00243871
9.5 14.625 0.0028007
9.5 16.875 0.00279162
9.5 19.125 0.00272592
9.5 21.375 0.00242898
9.5 23.625 0.00250508
9.5 25.875 0.00229726
9.5 28.125 0.00371694
9.5 30.375 0.00519024
9.5 32.625 0.0023695
9.5 34.875 0.00433735
9.5 37.125 0.00262113
9.5 39.375 0.00236308
9.5 41.625 0.00244011
9.5 43.875 0.00872794
9.7 1.125 0.00354087
9.7 3.375 0.00313871
9.7 5.625 0.00293214
9.7 7.875 0.00249224
9.7 10.125 0.00262819
9.7 12.375 0.00261076
9.7 14.625 0.00254162
9.7 16.875 0.00271614
9.7 19.125 0.00269852
9.7 21.375 0.00327002
9.7 23.625 0.00243976
9.7 25.875 0.00240601
9.7 28.125 0.00275607
9.7 30.375 0.00264756
9.7 32.625 0.00283586
9.7 34.875 0.00271293
9.7 37.125 0.002916
9.7 39.375 0.0059072
9.7 41.625 0.00243162
9.7 43.875 0.00229418
9.9 1.125 0.0192694
9.9 3.375 0.00253902
9.9 5.625 0.0025737
9.9 7.875 0.0205362
9.9 10.125 0.00228672
9.9 12.375 0.007937
9.9 14.625 0.0187072
9.9 16.875 0.00693307
9.9 19.125 0.00267277
9.9 21.375 0.0120156
9.9 23.625 0.00290519
9.9 25.875 0.00284149
9.9 28.125 0.00243442
9.9 30.375 0.00263721
9.9 32.625 0.0024085
9.9 34.875 0.00251038
9.9 37.125 0.00288005
9.9 39.375 0.00266093
9.9 41.625 0.00324856
9.9 43.875 0.00266791
10.1 1.125 0.00259415
10.1 3.375 0.00300406
10.1 5.625 0.00245728
10.1 7.875 0.00270553
10.1 10.125 0.00263672
10.1 12.375 0.00254632
10.1 14.625 0.00496599
10.1 16.875 0.00261678
10.1 19.125 0.00220615
10.1 21.375 0.00238446
10.1 23.625 0.00254081
10.1 25.875 0.00287609
10.1 28.125 0.00298793
10.1 30.375 0.0119307
10.1 32.625 0.00253679
10.1 34.875 0.00627327
10.1 37.125 0.00266054
10.1 39.375 0.00266943
10.1 41.625 0.00257512
10.1 43.875 0.00312844
10.3 1.125 0.00258736
10.3 3.375 0.00296803
10.3 5.625 0.00447392
10.3 7.875 0.0202693
10.3 10.125 0.00301269
10.3 12.375 0.00269517
10.3 14.625 0.00257613
10.3 16.875 0.0028627
10.3 19.125 0.002766
10.3 21.375 0.00258394
10.3 23.625 0.0194307
10.3 25.875 0.0023214
10.3 28.125 0.00235604
10.3 30.375 0.0026207
10.3 32.625 0.00242895
10.3 34.875 0.00295997
10.3 37.125 0.00241015
10.3 39.375 0.00247476
10.3 41.625 0.00257845
10.3 43.875 0.00329669
10.5 1.125 0.00364833
10.5 3.375 0.00243617
10.5 5.625 0.00285987
10.5 7.875 0.00325185
10.5 10.125 0.00310947
10.5 12.375 0.00246399
10.5 14.625 0.00244365
10.5 16.875 0.0034842
10.5 19.125 0.00267683
10.5 21.375 0.00297432
10.5 23.625 0.00367363
10.5 25.875 0.00241511
10.5 28.125 0.00240236
10.5 30.375 0.00260394
10.5 32.625 0.00218518
10.5 34.875 0.00264259
10.5 37.125 0.00278385
10.5 39.375 0.00334986
10.5 41.625 0.00348272
10.5 43.875 0.0136337
10.7 1.125 0.00315454
10.7 3.375 0.0122935
10.7 5.625 0.00282565
10.7 7.875 0.00281422
10.7 10.125 0.00234905
10.7 12.375 0.00235144
10.7 14.625 0.00215256
10.7 16.875 0.00760758
10.7 19.125 0.00256061
10.7 21.375 0.00259417
10.7 23.625 0.00230947
10.7 25.875 0.00541972
10.7 28.125 0.0193157
10.7 30.375 0.00240068
10.7 32.625 0.00262479
10.7 34.875 0.00247214
10.7 37.125 0.00248692
10.7 39.375 0.00243889
10.7 41.625 0.00249389
10.7 43.875 0.0218049
10.9 1.125 0.00314118
10.9 3.375 0.00198625
10.9 5.625 0.00273128
10.9 7.875 0.00236261
10.9 10.125 0.00261594
10.9 12.375 0.0186155
10.9 14.625 0.00211014
10.9 16.875 0.00243189
10.9 19.125 0.00581201
10.9 21.375 0.0269369
10.9 23.625 0.0032094
10.9 25.875 0.00316307
10.9 28.125 0.00232586
10.9 30.375 0.00304659
10.9 32.625 0.00287125
10.9 34.875 0.00263341
10.9 37.125 0.00220159
10.9 39.375 0.00348236
10.9 41.625 0.00283606
10.9 43.875 0.00233078
11.1 1.125 0.00286467
11.1 3.375 0.0597226
11.1 5.625 0.00230479
11.1 7.875 0.0022958
11.1 10.125 0.00258776
11.1 12.375 0.00298601
11.1 14.625 0.00263662
11.1 16.875 0.00949345
11.1 19.125 0.031404
11.1 21.375 0.00246661
11.1 23.625 0.00254736
11.1 25.875 0.00272387
11.1 28.125 0.00248199
11.1 30.375 0.00276075
11.1 32.625 0.00201069
11.1 34.875 0.00235748
11.1 37.125 0.00219608
11.1 39.375 0.00237906
11.1 41.625 0.00252357
11.1 43.875 0.00231487
11.3 1.125 0.00259368
11.3 3.375 0.00306027
11.3 5.625 0.00259664
11.3 7.875 0.0114966
11.3 10.125 0.00246549
11.3 12.375 0.021301
11.3 14.625 0.00281752
11.3 16.875 0.00213541
11.3 19.125 0.00922443
11.3 21.375 0.00227492
11.3 23.625 0.00260715
11.3 25.875 0.0026339
11.3 28.125 0.00356441
11.3 30.375 0.00249784
11.3 32.625 0.00247949
11.3 34.875 0.00335
11.3 37.125 0.00254233
11.3 39.375 0.0141445
11.3 41.625 0.00265387
11.3 43.875 0.00207069
11.5 1.125 0.00206857
11.5 3.375 0.00212037
11.5 5.625 0.00215739
11.5 7.875 0.00250338
11.5 10.125 0.00236794
11.5 12.375 0.00434185
11.5 14.625 0.0038105
11.5 16.875 0.00220752
11.5 19.125 0.00274612
11.5 21.375 0.00573804
11.5 23.625 0.00242035
11.5 25.875 0.00233584
11.5 28.125 0.0237743
11.5 30.375 0.00239638
11.5 32.625 0.00344091
11.5 34.875 0.00441861
11.5 37.125 0.00217946
11.5 39.375 0.0308672
11.5 41.625 0.00261907
11.5 43.875 0.00280424
11.7 1.125 0.00228916
11.7 3.375 0.00217562
11.7 5.625 0.00241634
11.7 7.875 0.00247424
11.7 10.125 0.00233511
11.7 12.375 0.0026257
11.7 14.625 0.0279112
11.7 16.875 0.00234165
11.7 19.125 0.00211429
11.7 21.375 0.00249195
11.7 23.625 0.00560681
11.7 25.875 0.0026897
11.7 28.125 0.00300873
11.7 30.375 0.00237492
11.7 32.625 0.00279022
11.7 34.875 0.00265215
11.7 37.125 0.00249542
11.7 39.375 0.00260578
11.7 41.625 0.00244057
11.7 43.875 0.00418674
11.9 1.125 0.00434502
11.9 3.375 0.0134607
11.9 5.625 0.00240806
11.9 7.875 0.027717
11.9 10.125 0.00217829
11.9 12.375 0.00224614
11.9 14.625 0.00242437
11.9 16.875 0.0026527
11.9 19.125 0.00330254
11.9 21.375 0.00240006
11.9 23.625 0.0197382
11.9 25.875 0.00236146
11.9 28.125 0.00278825
11.9 30.375 0.00216048
11.9 32.625 0.00231423
11.9 34.875 0.031977
11.9 37.125 0.00306279
11.9 39.375 0.00265327
11.9 41.625 0.00247048
11.9 43.875 0.00222302
12.1 1.125 0.00260743
12.1 3.375 0.00294237
12.1 5.625 0.00256656
12.1 7.875 0.00332296
12.1 10.125 0.00320385
12.1 12.375 0.00208249
12.1 14.625 0.00256256
12.1 16.875 0.00258238
12.1 19.125 0.00264652
12.1 21.375 0.00231683
12.1 23.625 0.0241142
12.1 25.875 0.00211683
12.1 28.125 0.00865307
12.1 30.375 0.00656197
12.1 32.625 0.00302679
12.1 34.875 0.002139
12.1 37.125 0.0104497
12.1 39.375 0.00213578
12.1 41.625 0.00239411
12.1 43.875 0.00260213
12.3 1.125 0.0153875
12.3 3.375 0.00224986
12.3 5.625 0.00229192
12.3 7.875 0.0024869
12.3 10.125 0.00247457
12.3 12.375 0.00434834
12.3 14.625 0.0325466
12.3 16.875 0.036326
12.3 19.125 0.00211604
12.3 21.375 0.00211874
12.3 23.625 0.0307879
12.3 25.875 0.0024459
12.3 28.125 0.00898161
12.3 30.375 0.00284315
12.3 32.625 0.0020918
12.3 34.875 0.00227096
12.3 37.125 0.00306037
12.3 39.375 0.00221935
12.3 41.625 0.00226511
12.3 43.875 0.00309692
12.5 1.125 0.00307718
12.5 3.375 0.00265147
12.5 5.625 0.00237467
12.5 7.875 0.0175275
12.5 10.125 0.02424
12.5 12.375 0.042332
12.5 14.625 0.00487265
12.5 16.875 0.0036221
12.5 19.125 0.00216119
12.5 21.375 0.00213524
12.5 23.625 0.00343329
12.5 25.875 0.00223016
12.5 28.125 0.0496754
12.5 30.375 0.0022113
12.5 32.625 0.0022017
12.5 34.875 0.00516415
12.5 37.125 0.0327413
12.5 39.375 0.01711
12.5 41.625 0.00242717
12.5 43.875 0.00214769
12.7 1.125 0.0185281
12.7 3.375 0.00483878
12.7 5.625 0.0168368
12.7 7.875 0.00228874
12.7 10.125 0.00220873
12.7 12.375 0.0405544
12.7 14.625 0.0250988
12.7 16.875 0.00248629
12.7 19.125 0.0122466
12.7 21.375 0.00225992
12.7 23.625 0.00384948
12.7 25.875 0.00209862
12.7 28.125 0.00241096
12.7 30.375 0.00258784
12.7 32.625 0.00323395
12.7 34.875 0.00285582
12.7 37.125 0.00642542
12.7 39.375 0.00320457
12.7 41.625 0.00305523
12.7 43.875 0.00243377
12.9 1.125 0.0062439
12.9 3.375 0.0367179
12.9 5.625 0.0387925
12.9 7.875 0.00622736
12.9 10.125 0.00363682
12.9 12.375 0.00574688
12.9 14.625 0.00267581
12.9 16.875 0.00630461
12.9 19.125 0.004988
12.9 21.375 0.0396785
12.9 23.625 0.00222198
12.9 25.875 0.00214718
12.9 28.125 0.00272317
12.9 30.375 0.0021669
12.9 32.625 0.00448729
12.9 34.875 0.00529053
12.9 37.125 0.00243195
12.9 39.375 0.00228123
12.9 41.625 0.00847586
12.9 43.875 0.00425274
13.1 1.125 0.00286781
13.1 3.375 0.00507867
13.1 5.625 0.00197995
13.1 7.875 0.00256371
13.1 10.125 0.0135315
13.1 12.375 0.0022941
13.1 14.625 0.0408913
13.1 16.875 0.00207354
13.1 19.125 0.0172285
13.1 21.375 0.0158351
13.1 23.625 0.00555093
13.1 25.875 0.00657617
13.1 28.125 0.00225529
13.1 30.375 0.00223554
13.1 32.625 0.00328153
13.1 34.875 0.0028697
13.1 37.125 0.00209781
13.1 39.375 0.0022882
13.1 41.625 0.00485227
13.1 43.875 0.0413001
13.3 1.125 0.00484022
13.3 3.375 0.00695059
13.3 5.625 0.00544069
13.3 7.875 0.00261851
13.3 10.125 0.0073897
13.3 12.375 0.0421723
13.3 14.625 0.00588309
13.3 16.875 0.0102136
13.3 19.125 0.00227273
13.3 21.375 0.00833343
13.3 23.625 0.00186145
13.3 25.875 0.0295324
13.3 28.125 0.00237839
13.3 30.375 0.00280588
13.3 32.625 0.00352379
13.3 34.875 0.0027977
13.3 37.125 0.00242386
13.3 39.375 0.00294019
13.3 41.625 0.00201509
13.3 43.875 0.00912529
13.5 1.125 0.00324943
13.5 3.375 0.0144954
13.5 5.625 0.00360073
13.5 7.875 0.0200791
13.5 10.125 0.0305245
13.5 12.375 0.00314345
13.5 14.625 0.0497582
13.5 16.875 0.00211573
13.5 19.125 0.0312777
13.5 21.375 0.00506675
13.5 23.625 0.0369076
13.5 25.875 0.0101049
13.5 28.125 0.00537034
13.5 30.375 0.00266572
13.5 32.625 0.00306156
13.5 34.875 0.00203992
13.5 37.125 0.0559111
13.5 39.375 0.00259663
13.5 41.625 0.00648346
13.5 43.875 0.00244964
13.7 1.125 0.0101532
13.7 3.375 0.00336669
13.7 5.625 0.00214751
13.7 7.875 0.00271591
13.7 10.125 0.0577364
13.7 12.375 0.00215443
13.7 14.625 0.00195337
13.7 16.875 0.0034678
13.7 19.125 0.00273513
13.7 21.375 0.00845133
13.7 23.625 0.00231111
13.7 25.875 0.00328974
13.7 28.125 0.00825664
13.7 30.375 0.00261742
13.7 32.625 0.00580332
13.7 34.875 0.00225713
13.7 37.125 0.00304197
13.7 39.375 0.0016127
13.7 41.625 0.00268103
13.7 43.875 0.0394519
13.9 1.125 0.00635766
13.9 3.375 0.00195077
13.9 5.625 0.00269898
13.9 7.875 0.00301317
13.9 10.125 0.0180303
13.9 12.375 0.00319759
13.9 14.625 0.0101355
13.9 16.875 0.0021499
13.9 19.125 0.0247201
13.9 21.375 0.00959868
13.9 23.625 0.0223654
13.9 25.875 0.00282133
13.9 28.125 0.040977
13.9 30.375 0.0058675
13.9 32.625 0.00458151
13.9 34.875 0.00228192
13.9 37.125 0.00724684
13.9 39.375 0.00222797
13.9 41.625 0.00320109
13.9 43.875 0.00257731
