0.1 1.125 0.255966
0.1 3.375 0.253447
0.1 5.625 0.25006
0.1 7.875 0.249281
0.1 10.125 0.249707
0.1 12.375 0.25742
0.1 14.625 0.243478
0.1 16.875 0.252917
0.1 19.125 0.254585
0.1 21.375 0.252245
0.1 23.625 0.248572
0.1 25.875 0.251376
0.1 28.125 0.241135
0.1 30.375 0.253456
0.1 32.625 0.257943
0.1 34.875 0.252988
0.1 37.125 0.25512
0.1 39.375 0.252051
0.1 41.625 0.252211
0.1 43.875 0.258073
0.3 1.125 0.241596
0.3 3.375 0.243141
0.3 5.625 0.244187
0.3 7.875 0.239916
0.3 10.125 0.242204
0.3 12.375 0.241401
0.3 14.625 0.24215
0.3 16.875 0.244976
0.3 19.125 0.24283
0.3 21.375 0.241143
0.3 23.625 0.243053
0.3 25.875 0.240138
0.3 28.125 0.240204
0.3 30.375 0.240307
0.3 32.625 0.239424
0.3 34.875 0.244023
0.3 37.125 0.244669
0.3 39.375 0.23759
0.3 41.625 0.246519
0.3 43.875 0.242448
0.5 1.125 0.229941
0.5 3.375 0.228769
0.5 5.625 0.233414
0.5 7.875 0.226855
0.5 10.125 0.231395
0.5 12.375 0.229014
0.5 14.625 0.233346
0.5 16.875 0.228215
0.5 19.125 0.228338
0.5 21.375 0.224357
0.5 23.625 0.232729
0.5 25.875 0.227724
0.5 28.125 0.221432
0.5 30.375 0.220813
0.5 32.625 0.227228
0.5 34.875 0.225595
0.5 37.125 0.227344
0.5 39.375 0.235745
0.5 41.625 0.225277
0.5 43.875 0.228827
0.7 1.125 0.21733
0.7 3.375 0.215426
0.7 5.625 0.216543
0.7 7.875 0.214423
0.7 10.125 0.212005
0.7 12.375 0.213372
0.7 14.625 0.213416
0.7 16.875 0.21239
0.7 19.125 0.201794
0.7 21.375 0.212441
0.7 23.625 0.209691
0.7 25.875 0.204673
0.7 28.125 0.212125
0.7 30.375 0.204934
0.7 32.625 0.207351
0.7 34.875 0.212607
0.7 37.125 0.205152
0.7 39.375 0.211737
0.7 41.625 0.211037
0.7 43.875 0.203805
0.9 1.125 0.189453
0.9 3.375 0.190063
0.9 5.625 0.190413
0.9 7.875 0.186184
0.9 10.125 0.186436
0.9 12.375 0.186008
0.9 14.625 0.190403
0.9 16.875 0.176019
0.9 19.125 0.185992
0.9 21.375 0.186499
0.9 23.625 0.177239
0.9 25.875 0.179082
0.9 28.125 0.173617
0.9 30.375 0.163549
0.9 32.625 0.179284
0.9 34.875 0.177287
0.9 37.125 0.169697
0.9 39.375 0.188727
0.9 41.625 0.184297
0.9 43.875 0.187857
1.1 1.125 0.148624
1.1 3.375 0.150887
1.1 5.625 0.150572
1.1 7.875 0.145832
1.1 10.125 0.14518
1.1 12.375 0.148017
1.1 14.625 0.151268
1.1 16.875 0.146378
1.1 19.125 0.152829
1.1 21.375 0.143986
1.1 23.625 0.141673
1.1 25.875 0.146238
1.1 28.125 0.152069
1.1 30.375 0.139375
1.1 32.625 0.143058
1.1 34.875 0.13389
1.1 37.125 0.156003
1.1 39.375 0.148562
1.1 41.625 0.165506
1.1 43.875 0.15844
1.3 1.125 0.104066
1.3 3.375 0.106122
1.3 5.625 0.1118
1.3 7.875 0.105041
1.3 10.125 0.104501
1.3 12.375 0.10784
1.3 14.625 0.111313
1.3 16.875 0.111701
1.3 19.125 0.109539
1.3 21.375 0.113059
1.3 23.625 0.113104
1.3 25.875 0.114678
1.3 28.125 0.114083
1.3 30.375 0.132544
1.3 32.625 0.123856
1.3 34.875 0.111138
1.3 37.125 0.100844
1.3 39.375 0.127494
1.3 41.625 0.132742
1.3 43.875 0.145512
1.5 1.125 0.06792
1.5 3.375 0.0675069
1.5 5.625 0.069117
1.5 7.875 0.0667001
1.5 10.125 0.0655518
1.5 12.375 0.0695967
1.5 14.625 0.0750052
1.5 16.875 0.0783597
1.5 19.125 0.0813497
1.5 21.375 0.0843592
1.5 23.625 0.075863
1.5 25.875 0.0880611
1.5 28.125 0.0881138
1.5 30.375 0.0834633
1.5 32.625 0.0903986
1.5 34.875 0.0861838
1.5 37.125 0.0963783
1.5 39.375 0.0937085
1.5 41.625 0.101946
1.5 43.875 0.108779
1.7 1.125 0.043824
1.7 3.375 0.0429545
1.7 5.625 0.0455042
1.7 7.875 0.0452515
1.7 10.125 0.0464915
1.7 12.375 0.0479981
1.7 14.625 0.0506739
1.7 16.875 0.0549056
1.7 19.125 0.0565278
1.7 21.375 0.0605378
1.7 23.625 0.0577051
1.7 25.875 0.0598606
1.7 28.125 0.0446742
1.7 30.375 0.0624299
1.7 32.625 0.05522
1.7 34.875 0.0581044
1.7 37.125 0.0613708
1.7 39.375 0.0722828
1.7 41.625 0.062042
1.7 43.875 0.0635979
1.9 1.125 0.0276498
1.9 3.375 0.0282568
1.9 5.625 0.0300417
1.9 7.875 0.029378
1.9 10.125 0.0293801
1.9 12.375 0.0304889
1.9 14.625 0.0307904
1.9 16.875 0.0297683
1.9 19.125 0.0313987
1.9 21.375 0.0396194
1.9 23.625 0.0328991
1.9 25.875 0.0409138
1.9 28.125 0.0405788
1.9 30.375 0.0422901
1.9 32.625 0.0370173
1.9 34.875 0.0413221
1.9 37.125 0.0450804
1.9 39.375 0.0387987
1.9 41.625 0.047599
1.9 43.875 0.0405513
2.1 1.125 0.0165633
2.1 3.375 0.0155824
2.1 5.625 0.0159807
2.1 7.875 0.0161354
2.1 10.125 0.0154522
2.1 12.375 0.0160863
2.1 14.625 0.0209432
2.1 16.875 0.0192061
2.1 19.125 0.0244066
2.1 21.375 0.0323288
2.1 23.625 0.0291294
2.1 25.875 0.0232474
2.1 28.125 0.0268425
2.1 30.375 0.0292866
2.1 32.625 0.0272112
2.1 34.875 0.0314406
2.1 37.125 0.0345637
2.1 39.375 0.0302265
2.1 41.625 0.0297423
2.1 43.875 0.0339605
2.3 1.125 0.00822336
2.3 3.375 0.00883714
2.3 5.625 0.00891828
2.3 7.875 0.00929108
2.3 10.125 0.0107053
2.3 12.375 0.0116042
2.3 14.625 0.0120878
2.3 16.875 0.0137005
2.3 19.125 0.0138792
2.3 21.375 0.013206
2.3 23.625 0.0164152
2.3 25.875 0.0143361
2.3 28.125 0.0195828
2.3 30.375 0.0185847
2.3 32.625 0.0194857
2.3 34.875 0.0199753
2.3 37.125 0.0234489
2.3 39.375 0.0231977
2.3 41.625 0.0250297
2.3 43.875 0.0241187
2.5 1.125 0.00613281
2.5 3.375 0.00590112
2.5 5.625 0.0055482
2.5 7.875 0.00568912
2.5 10.125 0.00556795
2.5 12.375 0.0063293
2.5 14.625 0.00597283
2.5 16.875 0.00640173
2.5 19.125 0.00680388
2.5 21.375 0.00847035
2.5 23.625 0.00890995
2.5 25.875 0.0093781
2.5 28.125 0.010906
2.5 30.375 0.0124654
2.5 32.625 0.0138145
2.5 34.875 0.0137351
2.5 37.125 0.0152776
2.5 39.375 0.0150987
2.5 41.625 0.0136288
2.5 43.875 0.0173256
2.7 1.125 0.0057068
2.7 3.375 0.00524687
2.7 5.625 0.00516659
2.7 7.875 0.00543381
2.7 10.125 0.00493506
2.7 12.375 0.00654129
2.7 14.625 0.00459894
2.7 16.875 0.0053551
2.7 19.125 0.0051031
2.7 21.375 0.00552244
2.7 23.625 0.00646921
2.7 25.875 0.00564052
2.7 28.125 0.0083099
2.7 30.375 0.00691519
2.7 32.625 0.00837981
2.7 34.875 0.00906098
2.7 37.125 0.00902565
2.7 39.375 0.0104175
2.7 41.625 0.011089
2.7 43.875 0.0126949
2.9 1.125 0.00548188
2.9 3.375 0.00571824
2.9 5.625 0.00410473
2.9 7.875 0.00515243
2.9 10.125 0.0050076
2.9 12.375 0.00469115
2.9 14.625 0.00388122
2.9 16.875 0.00421057
2.9 19.125 0.00495022
2.9 21.375 0.00494629
2.9 23.625 0.00564302
2.9 25.875 0.00451582
2.9 28.125 0.00621499
2.9 30.375 0.00509455
2.9 32.625 0.00560528
2.9 34.875 0.00638333
2.9 37.125 0.00670993
2.9 39.375 0.00750113
2.9 41.625 0.00757661
2.9 43.875 0.00814635
3.1 1.125 0.0041088
3.1 3.375 0.00411993
3.1 5.625 0.00371152
3.1 7.875 0.00522799
3.1 10.125 0.00503598
3.1 12.375 0.00428953
3.1 14.625 0.00460725
3.1 16.875 0.00396597
3.1 19.125 0.0043059
3.1 21.375 0.00433125
3.1 23.625 0.00490278
3.1 25.875 0.0042729
3.1 28.125 0.00555679
3.1 30.375 0.00577449
3.1 32.625 0.00469018
3.1 34.875 0.00429677
3.1 37.125 0.00485744
3.1 39.375 0.00571854
3.1 41.625 0.00618534
3.1 43.875 0.00606768
3.3 1.125 0.00519905
3.3 3.375 0.00399481
3.3 5.625 0.00589538
3.3 7.875 0.00376606
3.3 10.125 0.004016
3.3 12.375 0.0046642
3.3 14.625 0.00326778
3.3 16.875 0.00532304
3.3 19.125 0.00406537
3.3 21.375 0.00327268
3.3 23.625 0.00502292
3.3 25.875 0.00524045
3.3 28.125 0.00382702
3.3 30.375 0.00498005
3.3 32.625 0.00469511
3.3 34.875 0.00480368
3.3 37.125 0.00451285
3.3 39.375 0.00433525
3.3 41.625 0.00449786
3.3 43.875 0.00566351
3.5 1.125 0.00536958
3.5 3.375 0.00392605
3.5 5.625 0.00367486
3.5 7.875 0.0038973
3.5 10.125 0.00346329
3.5 12.375 0.00300741
3.5 14.625 0.00382164
3.5 16.875 0.00417313
3.5 19.125 0.00813506
3.5 21.375 0.00411572
3.5 23.625 0.00484852
3.5 25.875 0.00434514
3.5 28.125 0.00414559
3.5 30.375 0.00410032
3.5 32.625 0.00372303
3.5 34.875 0.0040284
3.5 37.125 0.00399065
3.5 39.375 0.00393377
3.5 41.625 0.00378477
3.5 43.875 0.0035025
3.7 1.125 0.00461064
3.7 3.375 0.00405813
3.7 5.625 0.00347864
3.7 7.875 0.00413571
3.7 10.125 0.00401897
3.7 12.375 0.00725571
3.7 14.625 0.00287759
3.7 16.875 0.00359891
3.7 19.125 0.00364411
3.7 21.375 0.00382515
3.7 23.625 0.0040088
3.7 25.875 0.0039978
3.7 28.125 0.00381802
3.7 30.375 0.00429332
3.7 32.625 0.00405264
3.7 34.875 0.00389454
3.7 37.125 0.00404001
3.7 39.375 0.00398551
3.7 41.625 0.00340661
3.7 43.875 0.00312464
3.9 1.125 0.00375666
3.9 3.375 0.00389954
3.9 5.625 0.00346561
3.9 7.875 0.00332409
3.9 10.125 0.00401998
3.9 12.375 0.00367566
3.9 14.625 0.00336102
3.9 16.875 0.00389118
3.9 19.125 0.00416862
3.9 21.375 0.00485359
3.9 23.625 0.0049027
3.9 25.875 0.00413868
3.9 28.125 0.00380957
3.9 30.375 0.00332216
3.9 32.625 0.00496747
3.9 34.875 0.00369842
3.9 37.125 0.00344808
3.9 39.375 0.00315337
3.9 41.625 0.00287724
3.9 43.875 0.00339962
4.1 1.125 0.00354189
4.1 3.375 0.00354169
4.1 5.625 0.00382552
4.1 7.875 0.00361542
4.1 10.125 0.00392653
4.1 12.375 0.00398419
4.1 14.625 0.00325709
4.1 16.875 0.0051728
4.1 19.125 0.00377418
4.1 21.375 0.0035614
4.1 23.625 0.00374061
4.1 25.875 0.00358246
4.1 28.125 0.00367691
4.1 30.375 0.00427982
4.1 32.625 0.00379455
4.1 34.875 0.00329971
4.1 37.125 0.0031905
4.1 39.375 0.00352597
4.1 41.625 0.00450201
4.1 43.875 0.00289329
4.3 1.125 0.00343249
4.3 3.375 0.00328912
4.3 5.625 0.00311595
4.3 7.875 0.00311363
4.3 10.125 0.00332281
4.3 12.375 0.00472627
4.3 14.625 0.00347745
4.3 16.875 0.00400349
4.3 19.125 0.00426419
4.3 21.375 0.00472625
4.3 23.625 0.00336387
4.3 25.875 0.00466264
4.3 28.125 0.00362967
4.3 30.375 0.00344478
4.3 32.625 0.00329707
4.3 34.875 0.00322748
4.3 37.125 0.00276015
4.3 39.375 0.00245992
4.3 41.625 0.00314971
4.3 43.875 0.00252622
4.5 1.125 0.00323702
4.5 3.375 0.00311524
4.5 5.625 0.00404031
4.5 7.875 0.00309042
4.5 10.125 0.00359989
4.5 12.375 0.0055587
4.5 14.625 0.00381936
4.5 16.875 0.00355823
4.5 19.125 0.0034469
4.5 21.375 0.00406274
4.5 23.625 0.0038707
4.5 25.875 0.00509716
4.5 28.125 0.00331326
4.5 30.375 0.00333678
4.5 32.625 0.00309786
4.5 34.875 0.00333215
4.5 37.125 0.00325069
4.5 39.375 0.0024847
4.5 41.625 0.00309105
4.5 43.875 0.00230477
4.7 1.125 0.00322183
4.7 3.375 0.00270185
4.7 5.625 0.00430836
4.7 7.875 0.00276465
4.7 10.125 0.00295227
4.7 12.375 0.00312852
4.7 14.625 0.00275861
4.7 16.875 0.00314933
4.7 19.125 0.00302383
4.7 21.375 0.00295748
4.7 23.625 0.00358118
4.7 25.875 0.00353722
4.7 28.125 0.00363992
4.7 30.375 0.00365577
4.7 32.625 0.00295019
4.7 34.875 0.00309393
4.7 37.125 0.00313704
4.7 39.375 0.00327523
4.7 41.625 0.00272081
4.7 43.875 0.00239888
4.9 1.125 0.00264921
4.9 3.375 0.00267674
4.9 5.625 0.00423458
4.9 7.875 0.00266196
4.9 10.125 0.00280391
4.9 12.375 0.00267876
4.9 14.625 0.00322679
4.9 16.875 0.00324616
4.9 19.125 0.00275343
4.9 21.375 0.00324104
4.9 23.625 0.00331761
4.9 25.875 0.00385391
4.9 28.125 0.00302909
4.9 30.375 0.00290655
4.9 32.625 0.00300412
4.9 34.875 0.00247952
4.9 37.125 0.00330238
4.9 39.375 0.00329163
4.9 41.625 0.00286444
4.9 43.875 0.00246846
5.1 1.125 0.00279754
5.1 3.375 0.00256939
5.1 5.625 0.00235965
5.1 7.875 0.00470517
5.1 10.125 0.00220501
5.1 12.375 0.00214495
5.1 14.625 0.00266999
5.1 16.875 0.00259354
5.1 19.125 0.0025909
5.1 21.375 0.00264147
5.1 23.625 0.00290777
5.1 25.875 0.00344996
5.1 28.125 0.00305395
5.1 30.375 0.00267682
5.1 32.625 0.00267828
5.1 34.875 0.00243297
5.1 37.125 0.0024816
5.1 39.375 0.00363757
5.1 41.625 0.00258809
5.1 43.875 0.00255369
5.3 1.125 0.0027153
5.3 3.375 0.00250449
5.3 5.625 0.00259698
5.3 7.875 0.00254924
5.3 10.125 0.00250341
5.3 12.375 0.00235224
5.3 14.625 0.00240224
5.3 16.875 0.00289315
5.3 19.125 0.00271753
5.3 21.375 0.00268858
5.3 23.625 0.00277904
5.3 25.875 0.00316804
5.3 28.125 0.00246354
5.3 30.375 0.00300602
5.3 32.625 0.00270463
5.3 34.875 0.00287652
5.3 37.125 0.00256345
5.3 39.375 0.00288159
5.3 41.625 0.00446641
5.3 43.875 0.00309094
5.5 1.125 0.00222346
5.5 3.375 0.0024452
5.5 5.625 0.00240226
5.5 7.875 0.00288481
5.5 10.125 0.00298365
5.5 12.375 0.00281189
5.5 14.625 0.0021232
5.5 16.875 0.00262031
5.5 19.125 0.00234353
5.5 21.375 0.00226706
5.5 23.625 0.00250969
5.5 25.875 0.00278251
5.5 28.125 0.00229524
5.5 30.375 0.00284346
5.5 32.625 0.0026216
5.5 34.875 0.00252937
5.5 37.125 0.002888
5.5 39.375 0.00292029
5.5 41.625 0.00268483
5.5 43.875 0.00353141
5.7 1.125 0.0030554
5.7 3.375 0.0023036
5.7 5.625 0.00296874
5.7 7.875 0.00290419
5.7 10.125 0.00255732
5.7 12.375 0.00226011
5.7 14.625 0.00205605
5.7 16.875 0.00261412
5.7 19.125 0.00268863
5.7 21.375 0.00288201
5.7 23.625 0.00339142
5.7 25.875 0.00256776
5.7 28.125 0.00250698
5.7 30.375 0.00387852
5.7 32.625 0.00249458
5.7 34.875 0.00242754
5.7 37.125 0.00301385
5.7 39.375 0.00279277
5.7 41.625 0.00250148
5.7 43.875 0.00323043
5.9 1.125 0.00238559
5.9 3.375 0.00250475
5.9 5.625 0.00277969
5.9 7.875 0.00215605
5.9 10.125 0.00389538
5.9 12.375 0.00263382
5.9 14.625 0.00172186
5.9 16.875 0.00241294
5.9 19.125 0.00232547
5.9 21.375 0.00175527
5.9 23.625 0.00234813
5.9 25.875 0.00251484
5.9 28.125 0.00244225
5.9 30.375 0.00485424
5.9 32.625 0.00351635
5.9 34.875 0.0020529
5.9 37.125 0.0022985
5.9 39.375 0.00282211
5.9 41.625 0.00277854
5.9 43.875 0.0023903
6.1 1.125 0.0026926
6.1 3.375 0.00309555
6.1 5.625 0.00277027
6.1 7.875 0.00194471
6.1 10.125 0.00332711
6.1 12.375 0.00347571
6.1 14.625 0.00211676
6.1 16.875 0.00261436
6.1 19.125 0.00236759
6.1 21.375 0.00300541
6.1 23.625 0.00237194
6.1 25.875 0.00266832
6.1 28.125 0.00209571
6.1 30.375 0.00238968
6.1 32.625 0.0026515
6.1 34.875 0.00255549
6.1 37.125 0.00240165
6.1 39.375 0.00219053
6.1 41.625 0.00287725
6.1 43.875 0.00251982
6.3 1.125 0.00334843
6.3 3.375 0.00246517
6.3 5.625 0.00336841
6.3 7.875 0.00231995
6.3 10.125 0.00293794
6.3 12.375 0.00262115
6.3 14.625 0.00247824
6.3 16.875 0.00203264
6.3 19.125 0.00227849
6.3 21.375 0.00281898
6.3 23.625 0.00204714
6.3 25.875 0.00235983
6.3 28.125 0.00231037
6.3 30.375 0.00211214
6.3 32.625 0.00223415
6.3 34.875 0.0027837
6.3 37.125 0.00256153
6.3 39.375 0.002394
6.3 41.625 0.00301331
6.3 43.875 0.00555222
6.5 1.125 0.00279754
6.5 3.375 0.00288885
6.5 5.625 0.00282226
6.5 7.875 0.00228511
6.5 10.125 0.00297965
6.5 12.375 0.00225656
6.5 14.625 0.00258734
6.5 16.875 0.00250895
6.5 19.125 0.00307432
6.5 21.375 0.00279679
6.5 23.625 0.0025126
6.5 25.875 0.0025665
6.5 28.125 0.00201534
6.5 30.375 0.00239728
6.5 32.625 0.00259019
6.5 34.875 0.00257666
6.5 37.125 0.00203596
6.5 39.375 0.00305542
6.5 41.625 0.00246723
6.5 43.875 0.00264552
6.7 1.125 0.00241801
6.7 3.375 0.00236372
6.7 5.625 0.00218971
6.7 7.875 0.00223832
6.7 10.125 0.00238034
6.7 12.375 0.00307375
6.7 14.625 0.002989
6.7 16.875 0.00249344
6.7 19.125 0.00202336
6.7 21.375 0.00233245
6.7 23.625 0.00257567
6.7 25.875 0.00243167
6.7 28.125 0.00245128
6.7 30.375 0.00175069
6.7 32.625 0.00198283
6.7 34.875 0.0021813
6.7 37.125 0.00249032
6.7 39.375 0.00198028
6.7 41.625 0.00316109
6.7 43.875 0.00247005
6.9 1.125 0.0023309
6.9 3.375 0.00220395
6.9 5.625 0.00243524
6.9 7.875 0.00297652
6.9 10.125 0.00224405
6.9 12.375 0.00262034
6.9 14.625 0.00209692
6.9 16.875 0.00256295
6.9 19.125 0.00260296
6.9 21.375 0.00243113
6.9 23.625 0.00181647
6.9 25.875 0.00262323
6.9 28.125 0.00222052
6.9 30.375 0.00347403
6.9 32.625 0.0027612
6.9 34.875 0.00227795
6.9 37.125 0.00188945
6.9 39.375 0.00222041
6.9 41.625 0.00272852
6.9 43.875 0.00238706
7.1 1.125 0.00213463
7.1 3.375 0.00232567
7.1 5.625 0.00330327
7.1 7.875 0.00511236
7.1 10.125 0.00289795
7.1 12.375 0.00244113
7.1 14.625 0.00294752
7.1 16.875 0.00262785
7.1 19.125 0.00258222
7.1 21.375 0.00242452
7.1 23.625 0.002747
7.1 25.875 0.00145947
7.1 28.125 0.00197193
7.1 30.375 0.00190566
7.1 32.625 0.00211547
7.1 34.875 0.00400398
7.1 37.125 0.00253126
7.1 39.375 0.00245461
7.1 41.625 0.00228283
7.1 43.875 0.00233823
7.3 1.125 0.00224928
7.3 3.375 0.00255533
7.3 5.625 0.00204254
7.3 7.875 0.00187128
7.3 10.125 0.00197354
7.3 12.375 0.00245648
7.3 14.625 0.00245351
7.3 16.875 0.00255291
7.3 19.125 0.00225224
7.3 21.375 0.00236397
7.3 23.625 0.00258782
7.3 25.875 0.00248641
7.3 28.125 0.00234741
7.3 30.375 0.00322603
7.3 32.625 0.00172736
7.3 34.875 0.00212857
7.3 37.125 0.00233528
7.3 39.375 0.0027742
7.3 41.625 0.00216459
7.3 43.875 0.00576602
7.5 1.125 0.00260701
7.5 3.375 0.00153762
7.5 5.625 0.00206717
7.5 7.875 0.00226365
7.5 10.125 0.00218926
7.5 12.375 0.00243042
7.5 14.625 0.00208222
7.5 16.875 0.00247312
7.5 19.125 0.00236989
7.5 21.375 0.00264896
7.5 23.625 0.00251915
7.5 25.875 0.00272941
7.5 28.125 0.00242713
7.5 30.375 0.00259842
7.5 32.625 0.00257082
7.5 34.875 0.00241317
7.5 37.125 0.00255505
7.5 39.375 0.00234801
7.5 41.625 0.00235256
7.5 43.875 0.00272268
7.7 1.125 0.00207323
7.7 3.375 0.0026779
7.7 5.625 0.0017473
7.7 7.875 0.00163437
7.7 10.125 0.00275791
7.7 12.375 0.00262702
7.7 14.625 0.00210921
7.7 16.875 0.00205549
7.7 19.125 0.002056
7.7 21.375 0.00187218
7.7 23.625 0.00616533
7.7 25.875 0.00198418
7.7 28.125 0.00235371
7.7 30.375 0.003264
7.7 32.625 0.00202462
7.7 34.875 0.00305919
7.7 37.125 0.00248814
7.7 39.375 0.00217839
7.7 41.625 0.00230299
7.7 43.875 0.0022035
7.9 1.125 0.00198928
7.9 3.375 0.00145762
7.9 5.625 0.00216185
7.9 7.875 0.00165683
7.9 10.125 0.00215225
7.9 12.375 0.00164868
7.9 14.625 0.00167063
7.9 16.875 0.00219109
7.9 19.125 0.00201346
7.9 21.375 0.00195186
7.9 23.625 0.00226966
7.9 25.875 0.00216174
7.9 28.125 0.00285828
7.9 30.375 0.0024146
7.9 32.625 0.0021378
7.9 34.875 0.00260841
7.9 37.125 0.00242425
7.9 39.375 0.00242547
7.9 41.625 0.00227794
7.9 43.875 0.00190592
8.1 1.125 0.0024957
8.1 3.375 0.00158794
8.1 5.625 0.00197125
8.1 7.875 0.00325152
8.1 10.125 0.00223386
8.1 12.375 0.00209872
8.1 14.625 0.00191369
8.1 16.875 0.00211861
8.1 19.125 0.00223641
8.1 21.375 0.00209566
8.1 23.625 0.00286825
8.1 25.875 0.00216093
8.1 28.125 0.00222745
8.1 30.375 0.0021805
8.1 32.625 0.00304186
8.1 34.875 0.00188937
8.1 37.125 0.00213641
8.1 39.375 0.00326763
8.1 41.625 0.0024133
8.1 43.875 0.00223329
8.3 1.125 0.00237954
8.3 3.375 0.0021133
8.3 5.625 0.00230866
8.3 7.875 0.0013915
8.3 10.125 0.00164707
8.3 12.375 0.00208294
8.3 14.625 0.00240934
8.3 16.875 0.00261062
8.3 19.125 0.00176888
8.3 21.375 0.00192496
8.3 23.625 0.0021299
8.3 25.875 0.00165269
8.3 28.125 0.00216846
8.3 30.375 0.00244004
8.3 32.625 0.00245657
8.3 34.875 0.00243017
8.3 37.125 0.00161892
8.3 39.375 0.0023104
8.3 41.625 0.00211052
8.3 43.875 0.00234568
8.5 1.125 0.00185568
8.5 3.375 0.00268948
8.5 5.625 0.00188991
8.5 7.875 0.00223387
8.5 10.125 0.00180478
8.5 12.375 0.00220441
8.5 14.625 0.00196311
8.5 16.875 0.00188626
8.5 19.125 0.00211529
8.5 21.375 0.00165574
8.5 23.625 0.00191107
8.5 25.875 0.0019595
8.5 28.125 0.00170774
8.5 30.375 0.00192083
8.5 32.625 0.00239508
8.5 34.875 0.00226098
8.5 37.125 0.00247552
8.5 39.375 0.00192997
8.5 41.625 0.00187659
8.5 43.875 0.004377
8.7 1.125 0.00157323
8.7 3.375 0.00311412
8.7 5.625 0.00265172
8.7 7.875 0.00227716
8.7 10.125 0.0024691
8.7 12.375 0.00384268
8.7 14.625 0.00202166
8.7 16.875 0.00226085
8.7 19.125 0.00156171
8.7 21.375 0.00161512
8.7 23.625 0.00249768
8.7 25.875 0.00203869
8.7 28.125 0.00178551
8.7 30.375 0.00245464
8.7 32.625 0.0024194
8.7 34.875 0.00235871
8.7 37.125 0.00226069
8.7 39.375 0.0021049
8.7 41.625 0.0016145
8.7 43.875 0.00278787
8.9 1.125 0.00275768
8.9 3.375 0.00239516
8.9 5.625 0.00213272
8.9 7.875 0.0019272
8.9 10.125 0.00182552
8.9 12.375 0.00213411
8.9 14.625 0.00280753
8.9 16.875 0.00285214
8.9 19.125 0.00255651
8.9 21.375 0.00176614
8.9 23.625 0.00325966
8.9 25.875 0.00207601
8.9 28.125 0.00156409
8.9 30.375 0.00246982
8.9 32.625 0.00262627
8.9 34.875 0.00214965
8.9 37.125 0.00196823
8.9 39.375 0.00244709
8.9 41.625 0.00199049
8.9 43.875 0.00200577
9.1 1.125 0.00261477
9.1 3.375 0.0022011
9.1 5.625 0.0029288
9.1 7.875 0.00234733
9.1 10.125 0.00201426
9.1 12.375 0.00212567
9.1 14.625 0.00221011
9.1 16.875 0.00171255
9.1 19.125 0.00181743
9.1 21.375 0.00223474
9.1 23.625 0.0018423
9.1 25.875 0.00547463
9.1 28.125 0.003647
9.1 30.375 0.00290742
9.1 32.625 0.0014924
9.1 34.875 0.00173282
9.1 37.125 0.00310666
9.1 39.375 0.00215849
9.1 41.625 0.00290723
9.1 43.875 0.00242081
9.3 1.125 0.002227
9.3 3.375 0.00289738
9.3 5.625 0.00152184
9.3 7.875 0.00170658
9.3 10.125 0.00273735
9.3 12.375 0.002171
9.3 14.625 0.00219535
9.3 16.875 0.00202067
9.3 19.125 0.00228157
9.3 21.375 0.00165729
9.3 23.625 0.00217997
9.3 25.875 0.00283492
9.3 28.125 0.00135117
9.3 30.375 0.00227008
9.3 32.625 0.00229355
9.3 34.875 0.00186809
9.3 37.125 0.00168149
9.3 39.375 0.00235514
9.3 41.625 0.00221359
9.3 43.875 0.00209256
9.5 1.125 0.00227727
9.5 3.375 0.00214544
9.5 5.625 0.00335289
9.5 7.875 0.00218789
9.5 10.125 0.00225189
9.5 12.375 0.00262362
9.5 14.625 0.00221192
9.5 16.875 0.00175229
9.5 19.125 0.00246361
9.5 21.375 0.00181167
9.5 23.625 0.00228908
9.5 25.875 0.00220211
9.5 28.125 0.00171558
9.5 30.375 0.00158607
9.5 32.625 0.00218053
9.5 34.875 0.00140167
9.5 37.125 0.00215428
9.5 39.375 0.00193964
9.5 41.625 0.0016357
9.5 43.875 0.00189435
9.7 1.125 0.0021194
9.7 3.375 0.00200521
9.7 5.625 0.00200161
9.7 7.875 0.00206922
9.7 10.125 0.00248134
9.7 12.375 0.00263087
9.7 14.625 0.00221209
9.7 16.875 0.00139452
9.7 19.125 0.0020705
9.7 21.375 0.00247886
9.7 23.625 0.0016177
9.7 25.875 0.00240956
9.7 28.125 0.00304006
9.7 30.375 0.00197786
9.7 32.625 0.0017136
9.7 34.875 0.00207039
9.7 37.125 0.00182034
9.7 39.375 0.00337051
9.7 41.625 0.00245168
9.7 43.875 0.00294186
9.9 1.125 0.00190053
9.9 3.375 0.00156863
9.9 5.625 0.00194291
9.9 7.875 0.00239897
9.9 10.125 0.00309458
9.9 12.375 0.00204323
9.9 14.625 0.00233684
9.9 16.875 0.00221267
9.9 19.125 0.00207483
9.9 21.375 0.00170359
9.9 23.625 0.00243379
9.9 25.875 0.00194868
9.9 28.125 0.00184291
9.9 30.375 0.00230439
9.9 32.625 0.00387355
9.9 34.875 0.00193209
9.9 39.375 0.0014826
9.9 41.625 0.00254511
9.9 43.875 0.00208023
10.1 1.125 0.00165185
10.1 3.375 0.00158135
10.1 5.625 0.00196928
10.1 7.875 0.00207856
10.1 10.125 0.00223712
10.1 12.375 0.00189365
10.1 14.625 0.0019302
10.1 16.875 0.00253143
10.1 19.125 0.00330712
10.1 21.375 0.003587
10.1 23.625 0.00271667
10.1 25.875 0.00180864
10.1 28.125 0.00158793
10.1 30.375 0.00216775
10.1 32.625 0.0037164
10.1 37.125 0.00245925
10.1 39.375 0.00316075
10.1 41.625 0.00167029
10.1 43.875 0.00211678
10.3 1.125 0.00250277
10.3 3.375 0.00252966
10.3 5.625 0.00202851
10.3 7.875 0.00239076
10.3 10.125 0.00146793
10.3 12.375 0.00211584
10.3 14.625 0.00199542
10.3 16.875 0.00188918
10.3 19.125 0.00197281
10.3 21.375 0.00217792
10.3 23.625 0.00239456
10.3 25.875 0.00242151
10.3 28.125 0.00243953
10.3 30.375 0.00167658
10.3 32.625 0.00176186
10.3 34.875 0.00336078
10.3 37.125 0.0282629
10.3 39.375 0.00198748
10.3 41.625 0.00349821
10.3 43.875 0.00148807
10.5 1.125 0.00189531
10.5 5.625 0.00262293
10.5 10.125 0.00159143
10.5 12.375 0.0021777
10.5 14.625 0.00165088
10.5 16.875 0.00170229
10.5 19.125 0.00167128
10.5 21.375 0.00157419
10.5 23.625 0.00211968
10.5 25.875 0.00260573
10.5 28.125 0.0025038
10.5 30.375 0.00340519
10.5 32.625 0.00194196
10.5 34.875 0.00219688
10.5 37.125 0.00234784
10.5 39.375 0.00268587
10.5 41.625 0.00236841
10.5 43.875 0.00154033
10.7 1.125 0.00221814
10.7 3.375 0.00218917
10.7 5.625 0.0023442
10.7 7.875 0.00179039
10.7 12.375 0.00234577
10.7 14.625 0.0019045
10.7 16.875 0.00193071
10.7 19.125 0.00172315
10.7 21.375 0.00307515
10.7 23.625 0.00202095
10.7 25.875 0.00196529
10.7 28.125 0.00234318
10.7 30.375 0.00225665
10.7 32.625 0.00234034
10.7 34.875 0.00142307
10.7 39.375 0.00230326
10.7 41.625 0.00252617
10.7 43.875 0.00301322
10.9 1.125 0.00164825
10.9 3.375 0.00112138
10.9 5.625 0.00460582
10.9 7.875 0.0014114
10.9 10.125 0.00188091
10.9 12.375 0.00220283
10.9 14.625 0.00231545
10.9 16.875 0.0020386
10.9 21.375 0.00234218
10.9 23.625 0.00162614
10.9 25.875 0.00244567
10.9 28.125 0.00312551
10.9 30.375 0.0025662
10.9 32.625 0.00312601
10.9 34.875 0.00408484
10.9 37.125 0.0021088
10.9 39.375 0.00198728
10.9 41.625 0.00206284
10.9 43.875 0.00197446
11.1 1.125 0.00201032
11.1 5.625 0.00303839
11.1 10.125 0.0013133
11.1 12.375 0.00201519
11.1 19.125 0.00207083
11.1 21.375 0.00145378
11.1 23.625 0.00205087
11.1 25.875 0.00287304
11.1 28.125 0.00240922
11.1 30.375 0.00522328
11.1 32.625 0.00171113
11.1 34.875 0.00370816
11.1 37.125 0.00154815
11.1 39.375 0.002721
11.1 41.625 0.00214443
11.1 43.875 0.00176133
11.3 1.125 0.00205581
11.3 5.625 0.00189758
11.3 10.125 0.00244991
11.3 12.375 0.00226379
11.3 14.625 0.00200952
11.3 19.125 0.00220758
11.3 21.375 0.00276439
11.3 23.625 0.0027101
11.3 25.875 0.00178543
11.3 28.125 0.00191949
11.3 30.375 0.00288979
11.3 32.625 0.00286022
11.3 34.875 0.00249186
11.3 37.125 0.00173126
11.3 39.375 0.00360862
11.3 41.625 0.00215008
11.3 43.875 0.00167265
11.5 1.125 0.00173706
11.5 3.375 0.00149501
11.5 10.125 0.00198574
11.5 12.375 0.00217723
11.5 14.625 0.0013398
11.5 16.875 0.00174582
11.5 23.625 0.00119212
11.5 25.875 0.00107296
11.5 28.125 0.00227624
11.5 30.375 0.00210488
11.5 32.625 0.00195135
11.5 34.875 0.0025939
11.5 37.125 0.00223175
11.5 39.375 0.00262329
11.5 41.625 0.00271719
11.5 43.875 0.00181126
11.7 1.125 0.00199469
11.7 3.375 0.00293465
11.7 5.625 0.00251632
11.7 10.125 0.00132955
11.7 12.375 0.00184145
11.7 14.625 0.00168523
11.7 19.125 0.00144809
11.7 21.375 0.00404946
11.7 23.625 0.00239446
11.7 25.875 0.00275872
11.7 28.125 0.00140131
11.7 32.625 0.00192019
11.7 34.875 0.00187806
11.7 37.125 0.00189497
11.7 39.375 0.00223065
11.7 41.625 0.00154165
11.7 43.875 0.00172704
11.9 1.125 0.00249604
11.9 3.375 0.00180329
11.9 5.625 0.00230867
11.9 7.875 0.00171784
11.9 10.125 0.00219138
11.9 12.375 0.00231415
11.9 14.625 0.00255523
11.9 16.875 0.00145729
11.9 23.625 0.000913164
11.9 25.875 0.00171688
11.9 28.125 0.00185444
11.9 30.375 0.00248443
11.9 32.625 0.00186467
11.9 34.875 0.00193812
11.9 37.125 0.0021056
11.9 39.375 0.00256664
11.9 43.875 0.00283683
12.1 1.125 0.00149753
12.1 3.375 0.0020702
12.1 5.625 0.00174487
12.1 7.875 0.00233347
12.1 10.125 0.00162058
12.1 12.375 0.00208747
12.1 14.625 0.00175569
12.1 16.875 0.00124425
12.1 23.625 0.0016514
12.1 25.875 0.0014711
12.1 30.375 0.00139992
12.1 32.625 0.0024767
12.1 34.875 0.00179438
12.1 37.125 0.00278812
12.1 39.375 0.00286706
12.1 41.625 0.00190242
12.3 1.125 0.00165332
12.3 3.375 0.00250687
12.3 5.625 0.00191093
12.3 7.875 0.00269052
12.3 10.125 0.00233157
12.3 12.375 0.00185918
12.3 14.625 0.0027973
12.3 16.875 0.00346536
12.3 23.625 0.00155635
12.3 32.625 0.00136583
12.3 37.125 0.00190908
12.3 39.375 0.00312602
12.3 41.625 0.00268572
12.3 43.875 0.00138864
12.5 1.125 0.00173421
12.5 3.375 0.00158261
12.5 5.625 0.00147407
12.5 7.875 0.00126323
12.5 10.125 0.00200674
12.5 12.375 0.00229317
12.5 14.625 0.0020932
12.5 16.875 0.00319171
12.5 19.125 0.0015014
12.5 21.375 0.00229261
12.5 23.625 0.00141534
12.5 25.875 0.00186886
12.5 28.125 0.00215643
12.5 34.875 0.0018613
12.5 37.125 0.00180707
12.5 39.375 0.00509589
12.5 41.625 0.00120582
12.7 1.125 0.00162101
12.7 3.375 0.00330522
12.7 7.875 0.00163855
12.7 10.125 0.00234729
12.7 12.375 0.00182268
12.7 16.875 0.00184211
12.7 19.125 0.00288879
12.7 21.375 0.00272436
12.7 23.625 0.00136161
12.7 34.875 0.00198655
12.7 37.125 0.00194109
12.7 39.375 0.00268941
12.7 41.625 0.0245418
12.7 43.875 0.00175939
12.9 1.125 0.00267644
12.9 7.875 0.00161758
12.9 12.375 0.00170725
12.9 14.625 0.00212151
12.9 16.875 0.00157564
12.9 19.125 0.00199564
12.9 21.375 0.00120001
12.9 23.625 0.00232085
12.9 25.875 0.00454735
12.9 32.625 0.0019318
12.9 34.875 0.00213521
12.9 37.125 0.00153401
12.9 39.375 0.00202226
12.9 41.625 0.00145586
13.1 3.375 0.00151115
13.1 7.875 0.00210851
13.1 10.125 0.00186077
13.1 14.625 0.00133985
13.1 19.125 0.00199054
13.1 21.375 0.0014091
13.1 23.625 0.00159921
13.1 28.125 0.00180078
13.1 34.875 0.00185632
13.1 41.625 0.00198582
13.1 43.875 0.00212854
13.3 1.125 0.00218442
13.3 19.125 0.0018622
13.3 21.375 0.00137506
13.3 23.625 0.00223205
13.3 37.125 0.00310153
13.3 41.625 0.00347161
13.5 21.375 0.00224161
13.5 23.625 0.00207921
13.5 25.875 0.00245983
13.5 30.375 0.00142749
13.5 34.875 0.00454186
13.5 39.375 0.00210482
13.5 43.875 0.00153382
13.7 12.375 0.00160912
13.7 21.375 0.00146507
13.7 23.625 0.00286047
13.7 25.875 0.00177856
13.7 32.625 0.0016234
13.7 43.875 0.00145506
13.9 1.125 0.00123399
13.9 16.875 0.00318665
13.9 25.875 0.00180532
13.9 28.125 0.00162656
13.9 30.375 0.00191046
13.9 43.875 0.00272147
