0.1 1.125 1.6043
0.1 3.375 2.32186
0.1 5.625 3.75844
0.1 7.875 2.96844
0.1 10.125 2.41781
0.1 12.375 3.04763
0.1 14.625 3.19197
0.1 16.875 2.50326
0.1 19.125 2.51993
0.1 21.375 1.73259
0.1 23.625 2.30977
0.1 25.875 2.41754
0.1 30.375 2.48379
0.1 32.625 2.92614
0.1 34.875 2.0086
0.1 37.125 2.28799
0.1 39.375 2.35313
0.1 41.625 3.71682
0.1 43.875 2.95311
0.3 1.125 3.36128
0.3 3.375 3.35191
0.3 5.625 3.06817
0.3 7.875 3.68289
0.3 10.125 3.60987
0.3 12.375 3.6826
0.3 14.625 3.30684
0.3 16.875 3.52541
0.3 19.125 3.68824
0.3 21.375 3.7049
0.3 23.625 3.676
0.3 25.875 3.71321
0.3 28.125 3.52376
0.3 30.375 3.68736
0.3 32.625 3.66457
0.3 34.875 3.56306
0.3 37.125 3.5659
0.3 39.375 3.71275
0.3 41.625 3.67671
0.3 43.875 3.45491
0.5 1.125 3.26324
0.5 3.375 3.15237
0.5 5.625 3.46803
0.5 7.875 3.39169
0.5 10.125 3.60398
0.5 12.375 3.6332
0.5 14.625 3.51681
0.5 16.875 3.61142
0.5 19.125 3.51772
0.5 21.375 3.6378
0.5 23.625 3.63992
0.5 25.875 3.63888
0.5 28.125 3.63053
0.5 30.375 3.55099
0.5 32.625 3.55725
0.5 34.875 3.57237
0.5 37.125 3.62131
0.5 39.375 3.5296
0.5 41.625 3.52821
0.5 43.875 3.53353
0.7 1.125 3.18201
0.7 3.375 3.10639
0.7 5.625 3.40797
0.7 7.875 3.46297
0.7 10.125 3.43501
0.7 12.375 3.41892
0.7 14.625 3.38385
0.7 16.875 3.39429
0.7 19.125 3.47304
0.7 21.375 3.43452
0.7 23.625 3.43961
0.7 25.875 3.42019
0.7 28.125 3.46783
0.7 30.375 3.44657
0.7 32.625 3.394
0.7 34.875 3.39788
0.7 37.125 3.46964
0.7 39.375 3.39052
0.7 41.625 3.4121
0.7 43.875 3.45007
0.9 1.125 2.9771
0.9 3.375 3.05402
0.9 5.625 3.13103
0.9 7.875 3.18347
0.9 10.125 3.07242
0.9 12.375 3.18836
0.9 14.625 3.18273
0.9 16.875 3.10959
0.9 19.125 3.1015
0.9 21.375 3.18534
0.9 23.625 3.20757
0.9 25.875 3.12646
0.9 28.125 3.18324
0.9 30.375 3.22455
0.9 32.625 3.30102
0.9 34.875 3.20637
0.9 37.125 3.32685
0.9 39.375 3.29165
0.9 41.625 3.23925
0.9 43.875 3.19
1.1 1.125 2.2997
1.1 3.375 2.43809
1.1 5.625 2.47633
1.1 7.875 2.53201
1.1 10.125 2.51949
1.1 12.375 2.56011
1.1 14.625 2.56859
1.1 16.875 2.55091
1.1 19.125 2.60327
1.1 21.375 2.68142
1.1 23.625 2.69111
1.1 25.875 2.73975
1.1 28.125 2.87663
1.1 30.375 2.85403
1.1 32.625 2.97117
1.1 34.875 3.00473
1.1 37.125 3.05337
1.1 39.375 2.96048
1.1 41.625 3.07508
1.1 43.875 2.98307
1.3 1.125 1.36823
1.3 3.375 1.4732
1.3 5.625 1.53091
1.3 7.875 1.56807
1.3 10.125 1.66299
1.3 12.375 1.64017
1.3 14.625 1.64922
1.3 16.875 1.725
1.3 19.125 1.70901
1.3 21.375 1.89979
1.3 23.625 2.01765
1.3 25.875 1.96409
1.3 28.125 2.11549
1.3 30.375 2.1813
1.3 32.625 2.30968
1.3 34.875 2.40027
1.3 37.125 2.42896
1.3 39.375 2.53971
1.3 41.625 2.41418
1.3 43.875 2.5287
1.5 1.125 0.735191
1.5 3.375 0.819337
1.5 5.625 0.79805
1.5 7.875 0.829779
1.5 10.125 0.85703
1.5 12.375 0.916417
1.5 14.625 0.903532
1.5 16.875 0.986289
1.5 19.125 0.98381
1.5 21.375 1.00436
1.5 23.625 1.13991
1.5 25.875 1.20148
1.5 28.125 1.26283
1.5 30.375 1.37416
1.5 32.625 1.4596
1.5 34.875 1.55316
1.5 37.125 1.65288
1.5 39.375 1.86873
1.5 41.625 1.92371
1.5 43.875 1.80635
1.7 1.125 0.439364
1.7 3.375 0.456085
1.7 5.625 0.469405
1.7 7.875 0.472958
1.7 10.125 0.515251
1.7 12.375 0.503675
1.7 14.625 0.50503
1.7 16.875 0.521527
1.7 19.125 0.485918
1.7 21.375 0.544001
1.7 23.625 0.575167
1.7 25.875 0.618595
1.7 28.125 0.647788
1.7 30.375 0.712952
1.7 32.625 0.784673
1.7 34.875 0.819096
1.7 37.125 0.825365
1.7 39.375 0.925593
1.7 41.625 0.983422
1.7 43.875 0.934386
1.9 1.125 0.254941
1.9 3.375 0.273133
1.9 5.625 0.284949
1.9 7.875 0.292508
1.9 10.125 0.287411
1.9 12.375 0.310735
1.9 14.625 0.317745
1.9 16.875 0.311545
1.9 19.125 0.328058
1.9 21.375 0.333957
1.9 23.625 0.341455
1.9 25.875 0.357121
1.9 28.125 0.364028
1.9 30.375 0.391447
1.9 32.625 0.449108
1.9 34.875 0.473188
1.9 37.125 0.468029
1.9 39.375 0.498778
1.9 41.625 0.60686
1.9 43.875 0.592261
2.1 1.125 0.170006
2.1 3.375 0.178658
2.1 5.625 0.182396
2.1 7.875 0.18475
2.1 10.125 0.186004
2.1 12.375 0.195832
2.1 14.625 0.205737
2.1 16.875 0.210653
2.1 19.125 0.201609
2.1 21.375 0.213051
2.1 23.625 0.216469
2.1 25.875 0.216824
2.1 28.125 0.219985
2.1 30.375 0.254665
2.1 32.625 0.270585
2.1 34.875 0.288931
2.1 37.125 0.317753
2.1 39.375 0.319254
2.1 41.625 0.339234
2.1 43.875 0.347471
2.3 1.125 0.11548
2.3 3.375 0.129264
2.3 5.625 0.126318
2.3 7.875 0.129103
2.3 10.125 0.130723
2.3 12.375 0.137588
2.3 14.625 0.134451
2.3 16.875 0.141732
2.3 19.125 0.144674
2.3 21.375 0.139619
2.3 23.625 0.144814
2.3 25.875 0.148403
2.3 28.125 0.164009
2.3 30.375 0.173864
2.3 32.625 0.180433
2.3 34.875 0.190562
2.3 37.125 0.206318
2.3 39.375 0.204246
2.3 41.625 0.208454
2.3 43.875 0.208283
2.5 1.125 0.0829272
2.5 3.375 0.0904846
2.5 5.625 0.0919237
2.5 7.875 0.0946603
2.5 10.125 0.0950749
2.5 12.375 0.0935868
2.5 14.625 0.0906321
2.5 16.875 0.0940278
2.5 19.125 0.0973762
2.5 21.375 0.0945604
2.5 23.625 0.103472
2.5 25.875 0.111086
2.5 28.125 0.114134
2.5 30.375 0.122243
2.5 32.625 0.130793
2.5 34.875 0.137541
2.5 37.125 0.145742
2.5 39.375 0.136811
2.5 41.625 0.136451
2.5 43.875 0.140771
2.7 1.125 0.0739092
2.7 3.375 0.0735274
2.7 5.625 0.0731928
2.7 7.875 0.0701777
2.7 10.125 0.0703752
2.7 12.375 0.0693235
2.7 14.625 0.0688802
2.7 16.875 0.0709087
2.7 19.125 0.0683333
2.7 21.375 0.0705045
2.7 23.625 0.0780887
2.7 25.875 0.0805546
2.7 28.125 0.0868733
2.7 30.375 0.089669
2.7 32.625 0.0958693
2.7 34.875 0.0995912
2.7 37.125 0.0934212
2.7 39.375 0.0923825
2.7 41.625 0.0944243
2.7 43.875 0.0923924
2.9 1.125 0.0542258
2.9 3.375 0.0571924
2.9 5.625 0.0548727
2.9 7.875 0.0558893
2.9 10.125 0.0550998
2.9 12.375 0.0563775
2.9 14.625 0.0549158
2.9 16.875 0.0562852
2.9 19.125 0.0559477
2.9 21.375 0.058223
2.9 23.625 0.0648624
2.9 25.875 0.0631545
2.9 28.125 0.0661938
2.9 30.375 0.0668975
2.9 32.625 0.0679131
2.9 34.875 0.0659164
2.9 37.125 0.066682
2.9 39.375 0.0667324
2.9 41.625 0.0673599
2.9 43.875 0.067526
3.1 1.125 0.0463476
3.1 3.375 0.0449975
3.1 5.625 0.0448454
3.1 7.875 0.0453589
3.1 10.125 0.042409
3.1 12.375 0.0443996
3.1 14.625 0.0431613
3.1 16.875 0.0454442
3.1 19.125 0.0464475
3.1 21.375 0.0485831
3.1 23.625 0.0507875
3.1 25.875 0.0519619
3.1 28.125 0.0546347
3.1 30.375 0.0556362
3.1 32.625 0.0529586
3.1 34.875 0.0520286
3.1 37.125 0.0535041
3.1 39.375 0.052803
3.1 41.625 0.0518786
3.1 43.875 0.05014
3.3 1.125 0.0369422
3.3 3.375 0.0354265
3.3 5.625 0.0363596
3.3 7.875 0.0348223
3.3 10.125 0.0373526
3.3 12.375 0.0361495
3.3 14.625 0.0363125
3.3 16.875 0.036572
3.3 19.125 0.0365347
3.3 21.375 0.0411814
3.3 23.625 0.041906
3.3 25.875 0.0413879
3.3 28.125 0.0440618
3.3 30.375 0.042847
3.3 32.625 0.0452527
3.3 34.875 0.0438302
3.3 37.125 0.0423858
3.3 39.375 0.0438585
3.3 41.625 0.0435867
3.3 43.875 0.0426553
3.5 1.125 0.0289171
3.5 3.375 0.0294581
3.5 5.625 0.0303612
3.5 7.875 0.0280689
3.5 10.125 0.030053
3.5 12.375 0.0278005
3.5 14.625 0.0296985
3.5 16.875 0.0291808
3.5 19.125 0.0310924
3.5 21.375 0.0308945
3.5 23.625 0.0358323
3.5 25.875 0.034101
3.5 28.125 0.0352137
3.5 30.375 0.0340371
3.5 32.625 0.0358037
3.5 34.875 0.0340962
3.5 37.125 0.0360367
3.5 39.375 0.0350048
3.5 41.625 0.0378833
3.5 43.875 0.0319767
3.7 1.125 0.0270772
3.7 3.375 0.024543
3.7 5.625 0.0259112
3.7 7.875 0.0247272
3.7 10.125 0.0249295
3.7 12.375 0.0247895
3.7 14.625 0.0253388
3.7 16.875 0.0256194
3.7 19.125 0.0271772
3.7 21.375 0.0280847
3.7 23.625 0.0277594
3.7 25.875 0.0288225
3.7 28.125 0.0292686
3.7 30.375 0.0295147
3.7 32.625 0.0282135
3.7 34.875 0.0286331
3.7 37.125 0.0296641
3.7 39.375 0.0277431
3.7 41.625 0.0283425
3.7 43.875 0.0284331
3.9 1.125 0.0230196
3.9 3.375 0.0215985
3.9 5.625 0.022795
3.9 7.875 0.0231117
3.9 10.125 0.022057
3.9 12.375 0.0212877
3.9 14.625 0.024135
3.9 16.875 0.0223939
3.9 19.125 0.0220096
3.9 21.375 0.0241098
3.9 23.625 0.0244915
3.9 25.875 0.0237007
3.9 28.125 0.0230853
3.9 30.375 0.0246436
3.9 32.625 0.0241278
3.9 34.875 0.0241295
3.9 37.125 0.0241547
3.9 39.375 0.0230045
3.9 41.625 0.023432
3.9 43.875 0.0241962
4.1 1.125 0.019071
4.1 3.375 0.0188492
4.1 5.625 0.0185605
4.1 7.875 0.0199973
4.1 10.125 0.0192047
4.1 12.375 0.0186653
4.1 14.625 0.0253892
4.1 16.875 0.0209212
4.1 19.125 0.022256
4.1 21.375 0.0223621
4.1 23.625 0.0215034
4.1 25.875 0.0204284
4.1 28.125 0.0200887
4.1 30.375 0.0196419
4.1 32.625 0.0197697
4.1 34.875 0.0193304
4.1 37.125 0.0193422
4.1 39.375 0.0199378
4.1 41.625 0.0194028
4.1 43.875 0.0198282
4.3 1.125 0.0165513
4.3 3.375 0.0163046
4.3 5.625 0.0164899
4.3 7.875 0.0175464
4.3 10.125 0.0159033
4.3 12.375 0.0158728
4.3 14.625 0.0171604
4.3 16.875 0.0192002
4.3 19.125 0.0187753
4.3 21.375 0.0190335
4.3 23.625 0.0182008
4.3 25.875 0.0183113
4.3 28.125 0.0184477
4.3 30.375 0.0162023
4.3 32.625 0.0164664
4.3 34.875 0.0155446
4.3 37.125 0.0165109
4.3 39.375 0.016405
4.3 41.625 0.0162673
4.3 43.875 0.016507
4.5 1.125 0.0134081
4.5 3.375 0.0135298
4.5 5.625 0.0140076
4.5 7.875 0.0134328
4.5 10.125 0.0140365
4.5 12.375 0.0139714
4.5 14.625 0.0159232
4.5 16.875 0.0153369
4.5 19.125 0.0157381
4.5 21.375 0.0163342
4.5 23.625 0.0157377
4.5 25.875 0.014877
4.5 28.125 0.015859
4.5 30.375 0.0158424
4.5 32.625 0.0145194
4.5 34.875 0.0135058
4.5 37.125 0.0138823
4.5 39.375 0.0126838
4.5 41.625 0.0131353
4.5 43.875 0.01381
4.7 1.125 0.0124052
4.7 3.375 0.0195724
4.7 5.625 0.0121083
4.7 7.875 0.0113458
4.7 10.125 0.0115386
4.7 12.375 0.011994
4.7 14.625 0.0120971
4.7 16.875 0.013759
4.7 19.125 0.0139933
4.7 21.375 0.0146687
4.7 23.625 0.0190214
4.7 25.875 0.0130691
4.7 28.125 0.0130369
4.7 30.375 0.0129305
4.7 32.625 0.013475
4.7 34.875 0.0133019
4.7 37.125 0.0122849
4.7 39.375 0.0118088
4.7 41.625 0.0112544
4.7 43.875 0.0103264
4.9 1.125 0.0112964
4.9 3.375 0.0103564
4.9 5.625 0.00993762
4.9 7.875 0.0104269
4.9 10.125 0.0103871
4.9 12.375 0.0100595
4.9 14.625 0.0115504
4.9 16.875 0.0114868
4.9 19.125 0.0109472
4.9 21.375 0.0118567
4.9 23.625 0.0115453
4.9 25.875 0.0117652
4.9 28.125 0.0112215
4.9 30.375 0.0109899
4.9 32.625 0.0110301
4.9 34.875 0.0108058
4.9 37.125 0.0111929
4.9 39.375 0.0104657
4.9 41.625 0.00939376
4.9 43.875 0.010214
5.1 1.125 0.00874696
5.1 3.375 0.00862131
5.1 5.625 0.00903828
5.1 7.875 0.00850871
5.1 10.125 0.00894249
5.1 12.375 0.00876161
5.1 14.625 0.00986026
5.1 16.875 0.00979488
5.1 19.125 0.0103546
5.1 21.375 0.009952
5.1 23.625 0.010326
5.1 25.875 0.00989102
5.1 28.125 0.00989782
5.1 30.375 0.0097314
5.1 32.625 0.00969182
5.1 34.875 0.0100232
5.1 37.125 0.00958019
5.1 39.375 0.00954614
5.1 41.625 0.00898478
5.1 43.875 0.00802175
5.3 1.125 0.00739163
5.3 3.375 0.00781942
5.3 5.625 0.00793463
5.3 7.875 0.00764447
5.3 10.125 0.00745861
5.3 12.375 0.00769719
5.3 14.625 0.00887647
5.3 16.875 0.00879471
5.3 19.125 0.0086348
5.3 21.375 0.0083083
5.3 23.625 0.00870375
5.3 25.875 0.00881224
5.3 28.125 0.00810538
5.3 30.375 0.00871626
5.3 32.625 0.00888032
5.3 34.875 0.00889657
5.3 37.125 0.014238
5.3 39.375 0.00810027
5.3 41.625 0.0171251
5.3 43.875 0.00833652
5.5 1.125 0.00725918
5.5 3.375 0.00666694
5.5 5.625 0.00687835
5.5 7.875 0.00679733
5.5 10.125 0.006512
5.5 12.375 0.00675049
5.5 14.625 0.00706205
5.5 16.875 0.00746912
5.5 19.125 0.0072772
5.5 21.375 0.013503
5.5 23.625 0.00755078
5.5 25.875 0.00790121
5.5 28.125 0.00753622
5.5 30.375 0.00706582
5.5 32.625 0.00674965
5.5 34.875 0.00753054
5.5 37.125 0.00720569
5.5 39.375 0.00742925
5.5 41.625 0.00756516
5.5 43.875 0.0073007
5.7 1.125 0.00631722
5.7 3.375 0.00641192
5.7 5.625 0.0066189
5.7 7.875 0.00587962
5.7 10.125 0.00633211
5.7 12.375 0.00643541
5.7 14.625 0.00685945
5.7 16.875 0.0110027
5.7 19.125 0.00655929
5.7 21.375 0.00677514
5.7 23.625 0.00688722
5.7 25.875 0.00677543
5.7 28.125 0.00714967
5.7 30.375 0.00677478
5.7 32.625 0.00671963
5.7 34.875 0.00659082
5.7 37.125 0.00705533
5.7 39.375 0.00662086
5.7 41.625 0.00687758
5.7 43.875 0.00683705
5.9 1.125 0.00581462
5.9 3.375 0.00538143
5.9 5.625 0.0051775
5.9 7.875 0.00550484
5.9 10.125 0.00631835
5.9 12.375 0.00590689
5.9 14.625 0.00605539
5.9 16.875 0.00977709
5.9 19.125 0.00628769
5.9 21.375 0.00628218
5.9 23.625 0.00635199
5.9 25.875 0.00666538
5.9 28.125 0.00603302
5.9 30.375 0.00579314
5.9 32.625 0.00607507
5.9 34.875 0.00570892
5.9 37.125 0.00621829
5.9 39.375 0.0057479
5.9 41.625 0.00642198
5.9 43.875 0.006325
6.1 1.125 0.0050171
6.1 3.375 0.00523906
6.1 5.625 0.00514925
6.1 7.875 0.00510682
6.1 10.125 0.00525147
6.1 12.375 0.00573162
6.1 14.625 0.0055224
6.1 16.875 0.0050716
6.1 19.125 0.00549027
6.1 21.375 0.00532777
6.1 23.625 0.00552994
6.1 25.875 0.00533922
6.1 28.125 0.00538583
6.1 30.375 0.00523941
6.1 32.625 0.00534917
6.1 34.875 0.00512757
6.1 37.125 0.00933213
6.1 39.375 0.00564348
6.1 41.625 0.00583343
6.1 43.875 0.00623181
6.3 1.125 0.00463488
6.3 3.375 0.0046762
6.3 5.625 0.00472124
6.3 7.875 0.00485614
6.3 10.125 0.00524205
6.3 12.375 0.00503515
6.3 14.625 0.00540474
6.3 16.875 0.00496051
6.3 19.125 0.00509465
6.3 21.375 0.0049797
6.3 23.625 0.00463791
6.3 25.875 0.00515756
6.3 28.125 0.0048045
6.3 30.375 0.00498681
6.3 32.625 0.00473073
6.3 34.875 0.0047931
6.3 37.125 0.00492891
6.3 39.375 0.0048807
6.3 41.625 0.0054184
6.3 43.875 0.00516563
6.5 1.125 0.00436344
6.5 3.375 0.00444859
6.5 5.625 0.0116613
6.5 7.875 0.0044767
6.5 10.125 0.00506085
6.5 12.375 0.00472441
6.5 14.625 0.00529901
6.5 16.875 0.0125008
6.5 19.125 0.00477313
6.5 21.375 0.00445161
6.5 23.625 0.00457339
6.5 25.875 0.00466704
6.5 28.125 0.00457833
6.5 30.375 0.0043668
6.5 32.625 0.0043027
6.5 34.875 0.00422865
6.5 37.125 0.00463718
6.5 39.375 0.00470045
6.5 41.625 0.0046329
6.5 43.875 0.00454136
6.7 1.125 0.00846174
6.7 3.375 0.00401779
6.7 5.625 0.0044407
6.7 7.875 0.00427742
6.7 10.125 0.0116208
6.7 12.375 0.00447072
6.7 14.625 0.00459155
6.7 16.875 0.00440223
6.7 19.125 0.00427365
6.7 21.375 0.00474587
6.7 23.625 0.0041326
6.7 25.875 0.00409371
6.7 28.125 0.00404282
6.7 30.375 0.00451856
6.7 32.625 0.00433121
6.7 34.875 0.00418106
6.7 37.125 0.00462011
6.7 39.375 0.00423253
6.7 41.625 0.00439791
6.7 43.875 0.00431103
6.9 1.125 0.00395062
6.9 3.375 0.00398511
6.9 5.625 0.00421209
6.9 7.875 0.00526556
6.9 10.125 0.00405088
6.9 12.375 0.0043301
6.9 14.625 0.00484505
6.9 16.875 0.00400142
6.9 19.125 0.00428966
6.9 21.375 0.00401244
6.9 23.625 0.00384358
6.9 25.875 0.00455482
6.9 28.125 0.0077725
6.9 30.375 0.0177519
6.9 32.625 0.00371915
6.9 34.875 0.00443439
6.9 37.125 0.00464244
6.9 39.375 0.00408375
6.9 41.625 0.00493704
6.9 43.875 0.00402116
7.1 1.125 0.00379483
7.1 3.375 0.00450814
7.1 5.625 0.00381164
7.1 7.875 0.0038227
7.1 10.125 0.00391259
7.1 12.375 0.00377217
7.1 14.625 0.014614
7.1 16.875 0.00362516
7.1 19.125 0.00412194
7.1 21.375 0.00397353
7.1 23.625 0.00353893
7.1 25.875 0.00409269
7.1 28.125 0.00390348
7.1 30.375 0.00367659
7.1 32.625 0.0040111
7.1 34.875 0.00355925
7.1 37.125 0.00398027
7.1 39.375 0.00401216
7.1 41.625 0.0114814
7.1 43.875 0.00506464
7.3 1.125 0.00344605
7.3 3.375 0.0036954
7.3 5.625 0.00343426
7.3 7.875 0.00314661
7.3 10.125 0.00437231
7.3 12.375 0.00398872
7.3 14.625 0.00382564
7.3 16.875 0.00395085
7.3 19.125 0.00393159
7.3 21.375 0.00386799
7.3 23.625 0.00381557
7.3 25.875 0.00360552
7.3 28.125 0.00482099
7.3 30.375 0.00352971
7.3 32.625 0.00411439
7.3 34.875 0.00431152
7.3 37.125 0.0036645
7.3 39.375 0.00369815
7.3 41.625 0.00338196
7.3 43.875 0.00365907
7.5 1.125 0.0198701
7.5 3.375 0.00340007
7.5 5.625 0.00353751
7.5 7.875 0.00338304
7.5 10.125 0.00424723
7.5 12.375 0.00343539
7.5 14.625 0.00350486
7.5 16.875 0.00358883
7.5 19.125 0.00363907
7.5 21.375 0.00372954
7.5 23.625 0.00321264
7.5 25.875 0.00381358
7.5 28.125 0.0036772
7.5 30.375 0.00337846
7.5 32.625 0.00353202
7.5 34.875 0.0117402
7.5 37.125 0.00311247
7.5 39.375 0.00358724
7.5 41.625 0.00345765
7.5 43.875 0.00343725
7.7 1.125 0.00308116
7.7 3.375 0.00336926
7.7 5.625 0.00314206
7.7 7.875 0.00286744
7.7 10.125 0.00326933
7.7 12.375 0.00331424
7.7 14.625 0.00330472
7.7 16.875 0.00386812
7.7 19.125 0.00481358
7.7 21.375 0.00374919
7.7 23.625 0.0174385
7.7 25.875 0.00340373
7.7 28.125 0.00708638
7.7 30.375 0.00353439
7.7 32.625 0.00335784
7.7 34.875 0.00361656
7.7 37.125 0.00339284
7.7 39.375 0.00344748
7.7 41.625 0.00302552
7.7 43.875 0.00333152
7.9 1.125 0.00326385
7.9 3.375 0.00307637
7.9 5.625 0.003308
7.9 7.875 0.00304377
7.9 10.125 0.00334615
7.9 12.375 0.00323935
7.9 14.625 0.0038067
7.9 16.875 0.00297406
7.9 19.125 0.00367231
7.9 21.375 0.00313934
7.9 23.625 0.00289535
7.9 25.875 0.00314285
7.9 28.125 0.00333812
7.9 30.375 0.00328347
7.9 32.625 0.00334442
7.9 34.875 0.0103644
7.9 37.125 0.00352566
7.9 39.375 0.00308456
7.9 41.625 0.00286254
7.9 43.875 0.00292172
8.1 1.125 0.00294567
8.1 3.375 0.0112157
8.1 5.625 0.00319102
8.1 7.875 0.00299929
8.1 10.125 0.00280494
8.1 12.375 0.00344303
8.1 14.625 0.0030881
8.1 16.875 0.0041595
8.1 19.125 0.00316454
8.1 21.375 0.00298326
8.1 23.625 0.00321467
8.1 25.875 0.00627168
8.1 28.125 0.00297206
8.1 30.375 0.00339132
8.1 32.625 0.00385595
8.1 34.875 0.00301534
8.1 37.125 0.00304634
8.1 39.375 0.00296935
8.1 41.625 0.00295466
8.1 43.875 0.00340086
8.3 1.125 0.00306782
8.3 3.375 0.0135406
8.3 5.625 0.00309538
8.3 7.875 0.00431455
8.3 10.125 0.00530966
8.3 12.375 0.00664196
8.3 14.625 0.00352612
8.3 16.875 0.00296739
8.3 19.125 0.00304039
8.3 21.375 0.00317867
8.3 23.625 0.00272707
8.3 25.875 0.00318061
8.3 28.125 0.00328611
8.3 30.375 0.00295566
8.3 32.625 0.00299155
8.3 34.875 0.00295524
8.3 37.125 0.00291473
8.3 39.375 0.00303104
8.3 41.625 0.0112784
8.3 43.875 0.00303418
8.5 1.125 0.00301226
8.5 3.375 0.00255939
8.5 5.625 0.0029016
8.5 7.875 0.00267703
8.5 10.125 0.0028781
8.5 12.375 0.00566931
8.5 14.625 0.00280112
8.5 16.875 0.00310441
8.5 19.125 0.00297641
8.5 21.375 0.00288287
8.5 23.625 0.00296714
8.5 25.875 0.00268591
8.5 28.125 0.00282299
8.5 30.375 0.00282067
8.5 32.625 0.00296102
8.5 34.875 0.00306931
8.5 37.125 0.00276018
8.5 39.375 0.00288873
8.5 41.625 0.00328687
8.5 43.875 0.0178471
8.7 1.125 0.00253149
8.7 3.375 0.00287905
8.7 5.625 0.00280708
8.7 7.875 0.00257222
8.7 10.125 0.00302968
8.7 12.375 0.00297705
8.7 14.625 0.00294738
8.7 16.875 0.00252796
8.7 19.125 0.00568418
8.7 21.375 0.00288527
8.7 23.625 0.00264329
8.7 25.875 0.00276057
8.7 28.125 0.00269779
8.7 30.375 0.00275363
8.7 32.625 0.00257791
8.7 34.875 0.0028715
8.7 37.125 0.00274974
8.7 39.375 0.0028575
8.7 41.625 0.00262393
8.7 43.875 0.00288844
8.9 1.125 0.0025731
8.9 3.375 0.00274332
8.9 5.625 0.00298206
8.9 7.875 0.00305961
8.9 10.125 0.00299547
8.9 12.375 0.00328772
8.9 14.625 0.00326141
8.9 16.875 0.00334394
8.9 19.125 0.00288895
8.9 21.375 0.00293667
8.9 23.625 0.0178025
8.9 25.875 0.00290502
8.9 28.125 0.00281286
8.9 30.375 0.00328581
8.9 32.625 0.00313212
8.9 34.875 0.00281347
8.9 37.125 0.00426095
8.9 39.375 0.00279465
8.9 41.625 0.0028541
8.9 43.875 0.00339675
9.1 1.125 0.00518988
9.1 3.375 0.00267764
9.1 5.625 0.0028747
9.1 7.875 0.00337609
9.1 10.125 0.00337724
9.1 12.375 0.00266495
9.1 14.625 0.00285331
9.1 16.875 0.00255397
9.1 19.125 0.0028134
9.1 21.375 0.0026432
9.1 23.625 0.00355498
9.1 25.875 0.00959006
9.1 28.125 0.00263894
9.1 30.375 0.00379551
9.1 32.625 0.0119854
9.1 34.875 0.00407649
9.1 37.125 0.00273213
9.1 39.375 0.00335779
9.1 41.625 0.0032606
9.1 43.875 0.00236488
9.3 1.125 0.00248311
9.3 3.375 0.00268353
9.3 5.625 0.00287416
9.3 7.875 0.00276521
9.3 10.125 0.00278104
9.3 12.375 0.00261238
9.3 14.625 0.00363995
9.3 16.875 0.00271297
9.3 19.125 0.00320587
9.3 21.375 0.00269768
9.3 23.625 0.00309377
9.3 25.875 0.00265203
9.3 28.125 0.00342006
9.3 30.375 0.00253623
9.3 32.625 0.00313284
9.3 34.875 0.00270908
9.3 37.125 0.00261584
9.3 39.375 0.00260947
9.3 41.625 0.00258947
9.3 43.875 0.00257704
9.5 1.125 0.00235891
9.5 3.375 0.00238912
9.5 5.625 0.00338905
9.5 7.875 0.0027052
9.5 10.125 0.00394532
9.5 12.375 0.00284779
9.5 14.625 0.00291678
9.5 16.875 0.00267053
9.5 19.125 0.00289238
9.5 21.375 0.0026356
9.5 23.625 0.00249754
9.5 25.875 0.00346413
9.5 28.125 0.00242325
9.5 30.375 0.0026446
9.5 32.625 0.00943821
9.5 34.875 0.00265544
9.5 37.125 0.00239641
9.5 39.375 0.00246478
9.5 41.625 0.00581484
9.5 43.875 0.00811056
9.7 1.125 0.0025502
9.7 3.375 0.00308292
9.7 5.625 0.00227947
9.7 7.875 0.0157501
9.7 10.125 0.00281075
9.7 12.375 0.00248768
9.7 14.625 0.00308166
9.7 16.875 0.00221411
9.7 19.125 0.00238453
9.7 21.375 0.00232089
9.7 23.625 0.00265041
9.7 25.875 0.00382987
9.7 28.125 0.00254167
9.7 30.375 0.00266143
9.7 32.625 0.00252334
9.7 34.875 0.0028487
9.7 37.125 0.00237446
9.7 39.375 0.00249303
9.7 41.625 0.003829
9.7 43.875 0.00294673
9.9 1.125 0.00486722
9.9 3.375 0.00247987
9.9 5.625 0.00250536
9.9 7.875 0.00260259
9.9 10.125 0.00261246
9.9 12.375 0.00280208
9.9 14.625 0.00251668
9.9 16.875 0.00264755
9.9 19.125 0.00354779
9.9 21.375 0.0145787
9.9 23.625 0.00259338
9.9 25.875 0.00240717
9.9 28.125 0.00260305
9.9 30.375 0.0196929
9.9 32.625 0.00288682
9.9 34.875 0.00255
9.9 37.125 0.00232587
9.9 39.375 0.00341535
9.9 41.625 0.00262867
9.9 43.875 0.00263006
10.1 1.125 0.00239513
10.1 3.375 0.00250965
10.1 5.625 0.00268177
10.1 7.875 0.00244978
10.1 10.125 0.00251141
10.1 12.375 0.00257561
10.1 14.625 0.0190286
10.1 16.875 0.00886121
10.1 19.125 0.00304668
10.1 21.375 0.00257973
10.1 23.625 0.00251385
10.1 25.875 0.00520521
10.1 28.125 0.00279166
10.1 30.375 0.00270546
10.1 32.625 0.00258123
10.1 34.875 0.00281114
10.1 37.125 0.00242868
10.1 39.375 0.00256018
10.1 41.625 0.00220279
10.1 43.875 0.00262288
10.3 1.125 0.00258939
10.3 3.375 0.00373384
10.3 5.625 0.0027372
10.3 7.875 0.002637
10.3 10.125 0.00266723
10.3 12.375 0.00231552
10.3 14.625 0.0210868
10.3 16.875 0.00258362
10.3 19.125 0.00257938
10.3 21.375 0.00496465
10.3 23.625 0.00933282
10.3 25.875 0.00232232
10.3 28.125 0.00344671
10.3 30.375 0.0024968
10.3 32.625 0.00417514
10.3 34.875 0.0051486
10.3 37.125 0.00325374
10.3 39.375 0.00245235
10.3 41.625 0.00234029
10.3 43.875 0.002302
10.5 1.125 0.00225102
10.5 3.375 0.0180023
10.5 5.625 0.00199891
10.5 7.875 0.00262251
10.5 10.125 0.00406864
10.5 12.375 0.00266559
10.5 14.625 0.00284231
10.5 16.875 0.0026365
10.5 19.125 0.00272847
10.5 21.375 0.00352357
10.5 23.625 0.00244943
10.5 25.875 0.0023644
10.5 28.125 0.00219787
10.5 30.375 0.00246802
10.5 32.625 0.00261074
10.5 34.875 0.0196482
10.5 37.125 0.0019678
10.5 39.375 0.00236458
10.5 41.625 0.00257853
10.5 43.875 0.00363702
10.7 1.125 0.00218084
10.7 3.375 0.0240536
10.7 5.625 0.00303008
10.7 7.875 0.00361676
10.7 10.125 0.00248367
10.7 12.375 0.00347347
10.7 14.625 0.0023841
10.7 16.875 0.0278411
10.7 19.125 0.00239494
10.7 21.375 0.00232826
10.7 23.625 0.00239707
10.7 25.875 0.00200566
10.7 28.125 0.0189159
10.7 30.375 0.00277945
10.7 32.625 0.00245822
10.7 34.875 0.0284333
10.7 37.125 0.00328966
10.7 39.375 0.00251416
10.7 41.625 0.00268595
10.7 43.875 0.00427773
10.9 1.125 0.00245804
10.9 3.375 0.00394958
10.9 5.625 0.00402913
10.9 7.875 0.00287759
10.9 10.125 0.00255611
10.9 12.375 0.0124692
10.9 14.625 0.00280512
10.9 16.875 0.00245214
10.9 19.125 0.00226159
10.9 21.375 0.00220982
10.9 23.625 0.0024376
10.9 25.875 0.00728424
10.9 28.125 0.00275125
10.9 30.375 0.00336667
10.9 32.625 0.00243168
10.9 34.875 0.00199792
10.9 37.125 0.00247853
10.9 39.375 0.00274118
10.9 41.625 0.00244354
10.9 43.875 0.00246874
11.1 1.125 0.00249969
11.1 3.375 0.00699309
11.1 5.625 0.00275507
11.1 7.875 0.00281158
11.1 10.125 0.00254014
11.1 12.375 0.0251421
11.1 14.625 0.0251627
11.1 16.875 0.00288826
11.1 19.125 0.0021695
11.1 21.375 0.00259568
11.1 23.625 0.00292517
11.1 25.875 0.00448828
11.1 28.125 0.0281387
11.1 30.375 0.00420723
11.1 32.625 0.00223243
11.1 34.875 0.00291435
11.1 37.125 0.00248713
11.1 39.375 0.00201141
11.1 41.625 0.00208486
11.1 43.875 0.00257649
11.3 1.125 0.00215836
11.3 3.375 0.00262304
11.3 5.625 0.00231491
11.3 7.875 0.00197791
11.3 10.125 0.0267725
11.3 12.375 0.0028102
11.3 14.625 0.0201147
11.3 16.875 0.00529805
11.3 19.125 0.00273971
11.3 21.375 0.00406866
11.3 23.625 0.00247783
11.3 25.875 0.0314017
11.3 28.125 0.00324746
11.3 30.375 0.00258083
11.3 32.625 0.00288178
11.3 34.875 0.00226733
11.3 37.125 0.0161086
11.3 39.375 0.00640268
11.3 41.625 0.00293048
11.3 43.875 0.0074343
11.5 1.125 0.0020489
11.5 3.375 0.00233587
11.5 5.625 0.00357987
11.5 7.875 0.00251184
11.5 10.125 0.00258944
11.5 12.375 0.00253993
11.5 14.625 0.00264075
11.5 16.875 0.00243587
11.5 19.125 0.00496994
11.5 21.375 0.0032497
11.5 23.625 0.00729463
11.5 25.875 0.022118
11.5 28.125 0.0132705
11.5 30.375 0.00217649
11.5 32.625 0.0213165
11.5 34.875 0.00402414
11.5 37.125 0.003156
11.5 39.375 0.0237464
11.5 41.625 0.00207288
11.5 43.875 0.00250919
11.7 1.125 0.00218766
11.7 3.375 0.00238542
11.7 5.625 0.0103646
11.7 7.875 0.00287414
11.7 10.125 0.0022952
11.7 12.375 0.00219176
11.7 14.625 0.00219957
11.7 16.875 0.00307279
11.7 19.125 0.00320305
11.7 21.375 0.00264549
11.7 23.625 0.00422536
11.7 25.875 0.00270301
11.7 28.125 0.0020531
11.7 30.375 0.00283161
11.7 32.625 0.00229992
11.7 34.875 0.0086255
11.7 37.125 0.00224722
11.7 39.375 0.00219577
11.7 41.625 0.0267086
11.7 43.875 0.00529871
11.9 1.125 0.00249391
11.9 3.375 0.00184343
11.9 5.625 0.0106508
11.9 7.875 0.00268349
11.9 10.125 0.00505553
11.9 12.375 0.00191746
11.9 14.625 0.00203437
11.9 16.875 0.00225938
11.9 19.125 0.00181871
11.9 21.375 0.00307891
11.9 23.625 0.00215554
11.9 25.875 0.00988986
11.9 28.125 0.0019956
11.9 30.375 0.00231809
11.9 32.625 0.00207306
11.9 34.875 0.00260839
11.9 37.125 0.0110668
11.9 39.375 0.0018762
11.9 41.625 0.00263204
11.9 43.875 0.0465641
12.1 1.125 0.0019238
12.1 3.375 0.00812161
12.1 5.625 0.00231048
12.1 7.875 0.0115225
12.1 10.125 0.00812914
12.1 12.375 0.00250203
12.1 14.625 0.0168467
12.1 16.875 0.0348385
12.1 19.125 0.00267997
12.1 21.375 0.00777379
12.1 23.625 0.00281021
12.1 25.875 0.00372568
12.1 28.125 0.00351672
12.1 30.375 0.00240794
12.1 32.625 0.00260025
12.1 34.875 0.00220929
12.1 37.125 0.00225423
12.1 39.375 0.0022381
12.1 41.625 0.0147312
12.1 43.875 0.00343944
12.3 1.125 0.00262241
12.3 3.375 0.0034562
12.3 5.625 0.00207372
12.3 7.875 0.00210877
12.3 10.125 0.00256027
12.3 12.375 0.00235589
12.3 14.625 0.0603526
12.3 16.875 0.019575
12.3 19.125 0.00258337
12.3 21.375 0.00259015
12.3 23.625 0.0027374
12.3 25.875 0.00278121
12.3 28.125 0.00257047
12.3 30.375 0.00265119
12.3 32.625 0.00258707
12.3 34.875 0.00268022
12.3 37.125 0.02767
12.3 39.375 0.00229763
12.3 41.625 0.00218084
12.3 43.875 0.0174968
12.5 1.125 0.00484245
12.5 3.375 0.0032063
12.5 5.625 0.0399789
12.5 7.875 0.00303924
12.5 10.125 0.0113122
12.5 12.375 0.0286367
12.5 14.625 0.00235818
12.5 16.875 0.0337581
12.5 19.125 0.0205987
12.5 21.375 0.0150885
12.5 23.625 0.00210899
12.5 25.875 0.00226509
12.5 28.125 0.00261554
12.5 30.375 0.00293659
12.5 32.625 0.0023173
12.5 34.875 0.00205115
12.5 37.125 0.00451909
12.5 39.375 0.00274068
12.5 41.625 0.00388668
12.5 43.875 0.00201645
12.7 1.125 0.00315709
12.7 3.375 0.00273023
12.7 5.625 0.00236439
12.7 7.875 0.00208231
12.7 10.125 0.00214479
12.7 12.375 0.019374
12.7 14.625 0.00446506
12.7 16.875 0.0019957
12.7 19.125 0.0174446
12.7 21.375 0.0277264
12.7 23.625 0.0019862
12.7 25.875 0.00216161
12.7 28.125 0.0385697
12.7 30.375 0.00307794
12.7 32.625 0.00276391
12.7 34.875 0.00250896
12.7 37.125 0.0221008
12.7 39.375 0.0030969
12.7 41.625 0.00209009
12.7 43.875 0.00586283
12.9 1.125 0.00196843
12.9 3.375 0.00504602
12.9 5.625 0.0258858
12.9 7.875 0.00251952
12.9 10.125 0.00620019
12.9 12.375 0.00742993
12.9 14.625 0.00435661
12.9 16.875 0.00271171
12.9 19.125 0.00254637
12.9 21.375 0.0031183
12.9 23.625 0.00228937
12.9 25.875 0.0159049
12.9 28.125 0.00395533
12.9 30.375 0.00229327
12.9 32.625 0.00278494
12.9 34.875 0.00285591
12.9 37.125 0.00213061
12.9 39.375 0.00211348
12.9 41.625 0.0417224
12.9 43.875 0.00563222
13.1 1.125 0.00320124
13.1 3.375 0.00369118
13.1 5.625 0.0673804
13.1 7.875 0.00431233
13.1 10.125 0.00215719
13.1 12.375 0.00527738
13.1 14.625 0.00220358
13.1 16.875 0.00239124
13.1 19.125 0.00338704
13.1 21.375 0.00252932
13.1 23.625 0.00356988
13.1 25.875 0.0369456
13.1 28.125 0.00332782
13.1 30.375 0.0146147
13.1 32.625 0.00264878
13.1 34.875 0.00238819
13.1 37.125 0.00198677
13.1 39.375 0.00295033
13.1 41.625 0.00228541
13.1 43.875 0.00569189
13.3 1.125 0.00278453
13.3 3.375 0.00475163
13.3 5.625 0.00741736
13.3 7.875 0.00253315
13.3 10.125 0.00240155
13.3 12.375 0.00198702
13.3 14.625 0.0344866
13.3 16.875 0.00201022
13.3 19.125 0.00366337
13.3 21.375 0.0223756
13.3 23.625 0.00296721
13.3 25.875 0.00236198
13.3 28.125 0.00212508
13.3 30.375 0.00199801
13.3 32.625 0.00510326
13.3 34.875 0.00323971
13.3 37.125 0.00246892
13.3 39.375 0.00302325
13.3 41.625 0.00380908
13.3 43.875 0.00379507
13.5 1.125 0.0634387
13.5 3.375 0.00517958
13.5 5.625 0.0618356
13.5 7.875 0.00351976
13.5 10.125 0.00334718
13.5 12.375 0.0290927
13.5 14.625 0.0837683
13.5 16.875 0.0046804
13.5 19.125 0.00203609
13.5 21.375 0.00400694
13.5 23.625 0.017764
13.5 25.875 0.0393469
13.5 28.125 0.0179208
13.5 30.375 0.00325787
13.5 32.625 0.00364329
13.5 34.875 0.00281909
13.5 37.125 0.00184105
13.5 39.375 0.00311251
13.5 41.625 0.00256666
13.5 43.875 0.00350636
13.7 1.125 0.00204319
13.7 3.375 0.00202442
13.7 5.625 0.0530062
13.7 7.875 0.00953011
13.7 10.125 0.00219374
13.7 12.375 0.00367466
13.7 14.625 0.00292786
13.7 16.875 0.00496116
13.7 19.125 0.00344682
13.7 21.375 0.025184
13.7 23.625 0.0136959
13.7 25.875 0.00226998
13.7 28.125 0.0273531
13.7 30.375 0.00180191
13.7 32.625 0.0019593
13.7 34.875 0.00268593
13.7 37.125 0.022616
13.7 39.375 0.0171158
13.7 41.625 0.00233224
13.7 43.875 0.00196903
13.9 1.125 0.058017
13.9 3.375 0.00473994
13.9 5.625 0.0021402
13.9 7.875 0.0027021
13.9 10.125 0.00403752
13.9 12.375 0.00422585
13.9 14.625 0.0215159
13.9 16.875 0.00218406
13.9 19.125 0.00305771
13.9 21.375 0.0188855
13.9 23.625 0.00164784
13.9 25.875 0.00628952
13.9 28.125 0.0363687
13.9 30.375 0.00258851
13.9 32.625 0.00910281
13.9 34.875 0.00235285
13.9 37.125 0.00679675
13.9 39.375 0.00967981
13.9 41.625 0.00229627
13.9 43.875 0.0035623
