0.1 1.125 2.962
0.1 3.375 3.66442
0.1 5.625 3.63471
0.1 7.875 3.52187
0.1 10.125 3.33232
0.1 12.375 2.54637
0.1 14.625 2.31323
0.1 16.875 3.78923
0.1 19.125 2.31742
0.1 21.375 2.4064
0.1 23.625 3.17597
0.1 25.875 3.08743
0.1 28.125 3.64905
0.1 30.375 1.96218
0.1 32.625 2.95056
0.1 34.875 2.08201
0.1 37.125 2.58488
0.1 39.375 4.08989
0.1 41.625 4.15982
0.1 43.875 2.75021
0.3 1.125 3.93997
0.3 3.375 3.64613
0.3 5.625 3.30946
0.3 7.875 3.93683
0.3 10.125 4.07643
0.3 12.375 3.91665
0.3 14.625 3.92538
0.3 16.875 4.09101
0.3 19.125 4.09809
0.3 21.375 4.11271
0.3 23.625 4.10426
0.3 25.875 3.9659
0.3 28.125 3.77363
0.3 30.375 4.12301
0.3 32.625 3.93504
0.3 34.875 3.73301
0.3 37.125 4.07271
0.3 39.375 4.12153
0.3 41.625 4.13462
0.3 43.875 4.12287
0.5 1.125 3.37869
0.5 3.375 3.37197
0.5 5.625 3.94165
0.5 7.875 3.80885
0.5 10.125 3.96797
0.5 12.375 4.0148
0.5 14.625 3.92175
0.5 16.875 3.87725
0.5 19.125 4.03144
0.5 21.375 3.97813
0.5 23.625 4.03122
0.5 25.875 3.97625
0.5 28.125 4.0085
0.5 30.375 4.04837
0.5 32.625 3.95471
0.5 34.875 3.89131
0.5 37.125 3.93042
0.5 39.375 3.89552
0.5 41.625 3.9631
0.5 43.875 3.95326
0.7 1.125 3.50543
0.7 3.375 3.47352
0.7 5.625 3.72862
0.7 7.875 3.76641
0.7 10.125 3.81029
0.7 12.375 3.68492
0.7 14.625 3.80149
0.7 16.875 3.7222
0.7 19.125 3.77052
0.7 21.375 3.80026
0.7 23.625 3.83847
0.7 25.875 3.81313
0.7 28.125 3.69981
0.7 30.375 3.87324
0.7 32.625 3.88374
0.7 34.875 3.88313
0.7 37.125 3.83722
0.7 39.375 3.83059
0.7 41.625 3.70483
0.7 43.875 3.81796
0.9 1.125 3.18602
0.9 3.375 3.38057
0.9 5.625 3.40501
0.9 7.875 3.42492
0.9 10.125 3.28978
0.9 12.375 3.49109
0.9 14.625 3.49348
0.9 16.875 3.51737
0.9 19.125 3.46424
0.9 21.375 3.5489
0.9 23.625 3.39832
0.9 25.875 3.56043
0.9 28.125 3.62905
0.9 30.375 3.45266
0.9 32.625 3.63512
0.9 34.875 3.62638
0.9 37.125 3.6027
0.9 39.375 3.61883
0.9 41.625 3.62654
0.9 43.875 3.60105
1.1 1.125 2.28975
1.1 3.375 2.64624
1.1 5.625 2.72006
1.1 7.875 2.62838
1.1 10.125 2.6506
1.1 12.375 2.72609
1.1 14.625 2.63255
1.1 16.875 2.90191
1.1 19.125 2.91015
1.1 21.375 2.96315
1.1 23.625 2.87459
1.1 25.875 3.11915
1.1 28.125 3.09766
1.1 30.375 3.14387
1.1 32.625 3.21441
1.1 34.875 3.24632
1.1 37.125 3.28469
1.1 39.375 3.27321
1.1 41.625 3.39184
1.1 43.875 3.3017
1.3 1.125 1.52907
1.3 3.375 1.79215
1.3 5.625 1.72197
1.3 7.875 1.72147
1.3 10.125 1.79486
1.3 12.375 1.88841
1.3 14.625 1.73893
1.3 16.875 1.84477
1.3 19.125 1.9254
1.3 21.375 2.09693
1.3 23.625 2.11473
1.3 25.875 2.23388
1.3 28.125 2.34356
1.3 30.375 2.39178
1.3 32.625 2.55389
1.3 34.875 2.70503
1.3 37.125 2.73291
1.3 39.375 2.69022
1.3 41.625 2.7364
1.3 43.875 2.81676
1.5 1.125 0.793842
1.5 3.375 0.906053
1.5 5.625 0.915989
1.5 7.875 1.00205
1.5 10.125 1.01607
1.5 12.375 1.00488
1.5 14.625 0.976254
1.5 16.875 0.956191
1.5 19.125 1.1197
1.5 21.375 1.14214
1.5 23.625 1.25174
1.5 25.875 1.29305
1.5 28.125 1.42232
1.5 30.375 1.40314
1.5 32.625 1.56997
1.5 34.875 1.72275
1.5 37.125 1.85605
1.5 39.375 1.94954
1.5 41.625 1.96627
1.5 43.875 1.96148
1.7 1.125 0.486109
1.7 3.375 0.488103
1.7 5.625 0.508074
1.7 7.875 0.534861
1.7 10.125 0.523341
1.7 12.375 0.54234
1.7 14.625 0.552621
1.7 16.875 0.564322
1.7 19.125 0.597966
1.7 21.375 0.606358
1.7 23.625 0.626677
1.7 25.875 0.666554
1.7 28.125 0.720218
1.7 30.375 0.739604
1.7 32.625 0.855763
1.7 34.875 1.00304
1.7 37.125 1.0042
1.7 39.375 1.08896
1.7 41.625 1.17544
1.7 43.875 1.12376
1.9 1.125 0.268314
1.9 3.375 0.294683
1.9 5.625 0.296134
1.9 7.875 0.308295
1.9 10.125 0.321918
1.9 12.375 0.345059
1.9 14.625 0.32923
1.9 16.875 0.332342
1.9 19.125 0.354474
1.9 21.375 0.349626
1.9 23.625 0.381136
1.9 25.875 0.398082
1.9 28.125 0.41459
1.9 30.375 0.427366
1.9 32.625 0.489835
1.9 34.875 0.511967
1.9 37.125 0.543235
1.9 39.375 0.62619
1.9 41.625 0.654605
1.9 43.875 0.655044
2.1 1.125 0.188516
2.1 3.375 0.190688
2.1 5.625 0.195832
2.1 7.875 0.204066
2.1 10.125 0.208239
2.1 12.375 0.225336
2.1 14.625 0.219202
2.1 16.875 0.223851
2.1 19.125 0.22657
2.1 21.375 0.232084
2.1 23.625 0.241793
2.1 25.875 0.253135
2.1 28.125 0.257606
2.1 30.375 0.279086
2.1 32.625 0.285176
2.1 34.875 0.306598
2.1 37.125 0.370318
2.1 39.375 0.353354
2.1 41.625 0.379653
2.1 43.875 0.361638
2.3 1.125 0.148114
2.3 3.375 0.133751
2.3 5.625 0.141785
2.3 7.875 0.142239
2.3 10.125 0.142901
2.3 12.375 0.143614
2.3 14.625 0.150571
2.3 16.875 0.151889
2.3 19.125 0.158915
2.3 21.375 0.15891
2.3 23.625 0.16246
2.3 25.875 0.165067
2.3 28.125 0.17227
2.3 30.375 0.183493
2.3 32.625 0.187197
2.3 34.875 0.210942
2.3 37.125 0.210871
2.3 39.375 0.213358
2.3 41.625 0.229713
2.3 43.875 0.219355
2.5 1.125 0.0993864
2.5 3.375 0.111047
2.5 5.625 0.111599
2.5 7.875 0.102574
2.5 10.125 0.106074
2.5 12.375 0.107355
2.5 14.625 0.104243
2.5 16.875 0.102974
2.5 19.125 0.101279
2.5 21.375 0.109118
2.5 23.625 0.120017
2.5 25.875 0.125646
2.5 28.125 0.128029
2.5 30.375 0.135608
2.5 32.625 0.139885
2.5 34.875 0.144771
2.5 37.125 0.148254
2.5 39.375 0.147292
2.5 41.625 0.146961
2.5 43.875 0.164994
2.7 1.125 0.0825511
2.7 3.375 0.0814176
2.7 5.625 0.0814837
2.7 7.875 0.080404
2.7 10.125 0.0806623
2.7 12.375 0.07829
2.7 14.625 0.079087
2.7 16.875 0.0775204
2.7 19.125 0.0811185
2.7 21.375 0.0842748
2.7 23.625 0.0834008
2.7 25.875 0.0870232
2.7 28.125 0.0915048
2.7 30.375 0.0998813
2.7 32.625 0.0983388
2.7 34.875 0.106287
2.7 37.125 0.102045
2.7 39.375 0.100892
2.7 41.625 0.101327
2.7 43.875 0.101592
2.9 1.125 0.0600436
2.9 3.375 0.0636619
2.9 5.625 0.062661
2.9 7.875 0.0616267
2.9 10.125 0.0624749
2.9 12.375 0.0625465
2.9 14.625 0.061747
2.9 16.875 0.0643558
2.9 19.125 0.0619625
2.9 21.375 0.0686841
2.9 23.625 0.0703929
2.9 25.875 0.084489
2.9 28.125 0.0761848
2.9 30.375 0.0726993
2.9 32.625 0.0738545
2.9 34.875 0.0743383
2.9 37.125 0.0739345
2.9 39.375 0.0730684
2.9 41.625 0.0712724
2.9 43.875 0.0706863
3.1 1.125 0.0518498
3.1 3.375 0.0511466
3.1 5.625 0.0498925
3.1 7.875 0.0480892
3.1 10.125 0.0493882
3.1 12.375 0.0527147
3.1 14.625 0.0514091
3.1 16.875 0.0529046
3.1 19.125 0.0515677
3.1 21.375 0.0536778
3.1 23.625 0.0555237
3.1 25.875 0.0582028
3.1 28.125 0.0574388
3.1 30.375 0.0602571
3.1 32.625 0.0602901
3.1 34.875 0.0580203
3.1 37.125 0.0595881
3.1 39.375 0.0571306
3.1 41.625 0.0572717
3.1 43.875 0.0541247
3.3 1.125 0.041651
3.3 3.375 0.0398027
3.3 5.625 0.0427453
3.3 7.875 0.0417212
3.3 10.125 0.038915
3.3 12.375 0.0420931
3.3 14.625 0.0439307
3.3 16.875 0.0401767
3.3 19.125 0.042271
3.3 21.375 0.0436654
3.3 23.625 0.0453214
3.3 25.875 0.0477974
3.3 28.125 0.0503541
3.3 30.375 0.0486893
3.3 32.625 0.0471858
3.3 34.875 0.0480855
3.3 37.125 0.0485812
3.3 39.375 0.0474365
3.3 41.625 0.0440707
3.3 43.875 0.0473148
3.5 1.125 0.0332264
3.5 3.375 0.0347033
3.5 5.625 0.0331144
3.5 7.875 0.0338461
3.5 10.125 0.032036
3.5 12.375 0.0323899
3.5 14.625 0.0319934
3.5 16.875 0.0395014
3.5 19.125 0.0336785
3.5 21.375 0.0369386
3.5 23.625 0.0356778
3.5 25.875 0.0380159
3.5 28.125 0.0395836
3.5 30.375 0.0398357
3.5 32.625 0.0399793
3.5 34.875 0.0374513
3.5 37.125 0.0383044
3.5 39.375 0.0386831
3.5 41.625 0.039982
3.5 43.875 0.0399494
3.7 1.125 0.0309097
3.7 3.375 0.0287817
3.7 5.625 0.0296516
3.7 7.875 0.0305275
3.7 10.125 0.0289505
3.7 12.375 0.029058
3.7 14.625 0.0277788
3.7 16.875 0.028756
3.7 19.125 0.031065
3.7 21.375 0.0315042
3.7 23.625 0.0307521
3.7 25.875 0.0328627
3.7 28.125 0.0341028
3.7 30.375 0.032907
3.7 32.625 0.0308502
3.7 34.875 0.0316019
3.7 37.125 0.0314234
3.7 39.375 0.0340145
3.7 41.625 0.0317357
3.7 43.875 0.0331636
3.9 1.125 0.0249388
3.9 3.375 0.0256962
3.9 5.625 0.025538
3.9 7.875 0.0242448
3.9 10.125 0.0260152
3.9 12.375 0.0253303
3.9 14.625 0.0239354
3.9 16.875 0.0258502
3.9 19.125 0.0251249
3.9 21.375 0.0276254
3.9 23.625 0.0262993
3.9 25.875 0.0268903
3.9 28.125 0.0277381
3.9 30.375 0.0268935
3.9 32.625 0.0274668
3.9 34.875 0.0264684
3.9 37.125 0.0263892
3.9 39.375 0.0259927
3.9 41.625 0.025761
3.9 43.875 0.027877
4.1 1.125 0.0215326
4.1 3.375 0.0220435
4.1 5.625 0.0208594
4.1 7.875 0.0206779
4.1 10.125 0.0205086
4.1 12.375 0.0221327
4.1 14.625 0.0220297
4.1 16.875 0.0231235
4.1 19.125 0.0242996
4.1 21.375 0.0237187
4.1 23.625 0.0244118
4.1 25.875 0.0237548
4.1 28.125 0.0228973
4.1 30.375 0.0225564
4.1 32.625 0.0222801
4.1 34.875 0.0207875
4.1 37.125 0.0217372
4.1 39.375 0.0215042
4.1 41.625 0.0212014
4.1 43.875 0.0223419
4.3 1.125 0.017054
4.3 3.375 0.0175506
4.3 5.625 0.0176769
4.3 7.875 0.017889
4.3 10.125 0.0169904
4.3 12.375 0.0183072
4.3 14.625 0.0190648
4.3 16.875 0.0208028
4.3 19.125 0.0218917
4.3 21.375 0.0211451
4.3 23.625 0.0207844
4.3 25.875 0.0186547
4.3 28.125 0.0198216
4.3 30.375 0.0186727
4.3 32.625 0.0193441
4.3 34.875 0.0174331
4.3 37.125 0.0189964
4.3 39.375 0.0184188
4.3 41.625 0.0187442
4.3 43.875 0.0186954
4.5 1.125 0.0149699
4.5 3.375 0.0201033
4.5 5.625 0.0155222
4.5 7.875 0.0156079
4.5 10.125 0.0150271
4.5 12.375 0.0190559
4.5 14.625 0.0151831
4.5 16.875 0.0167396
4.5 19.125 0.0170819
4.5 21.375 0.0174417
4.5 23.625 0.0164719
4.5 25.875 0.0164116
4.5 28.125 0.0262243
4.5 30.375 0.0161852
4.5 32.625 0.016146
4.5 34.875 0.0163034
4.5 37.125 0.0164138
4.5 39.375 0.015356
4.5 41.625 0.0151691
4.5 43.875 0.0153698
4.7 1.125 0.0138797
4.7 3.375 0.0127963
4.7 5.625 0.0141089
4.7 7.875 0.01345
4.7 10.125 0.0131614
4.7 12.375 0.0125856
4.7 14.625 0.0143233
4.7 16.875 0.0140445
4.7 19.125 0.0141771
4.7 21.375 0.0149894
4.7 23.625 0.0207214
4.7 25.875 0.014782
4.7 28.125 0.0142229
4.7 30.375 0.013898
4.7 32.625 0.0147546
4.7 34.875 0.0141449
4.7 37.125 0.0136295
4.7 39.375 0.0142006
4.7 41.625 0.0131772
4.7 43.875 0.0134793
4.9 1.125 0.0114237
4.9 3.375 0.0121385
4.9 5.625 0.0115963
4.9 7.875 0.0116189
4.9 10.125 0.0108223
4.9 12.375 0.0117346
4.9 14.625 0.0122059
4.9 16.875 0.0123073
4.9 19.125 0.0120791
4.9 21.375 0.0124674
4.9 23.625 0.0121589
4.9 25.875 0.0119137
4.9 28.125 0.0123802
4.9 30.375 0.0116012
4.9 32.625 0.0114425
4.9 34.875 0.0125435
4.9 37.125 0.0123267
4.9 39.375 0.0118805
4.9 41.625 0.0114106
4.9 43.875 0.0115171
5.1 1.125 0.00980641
5.1 3.375 0.0114743
5.1 5.625 0.0100618
5.1 7.875 0.00941773
5.1 10.125 0.00987504
5.1 12.375 0.010857
5.1 14.625 0.0100066
5.1 16.875 0.0106884
5.1 19.125 0.0110965
5.1 21.375 0.0108307
5.1 23.625 0.0104941
5.1 25.875 0.010827
5.1 28.125 0.0101868
5.1 30.375 0.0106384
5.1 32.625 0.0105275
5.1 34.875 0.01089
5.1 37.125 0.0103773
5.1 39.375 0.0103501
5.1 41.625 0.0101789
5.1 43.875 0.0134603
5.3 1.125 0.00872175
5.3 3.375 0.00884007
5.3 5.625 0.00830168
5.3 7.875 0.00881083
5.3 10.125 0.0097279
5.3 12.375 0.0084499
5.3 14.625 0.0097273
5.3 16.875 0.00900767
5.3 19.125 0.00955166
5.3 21.375 0.0099307
5.3 23.625 0.00979116
5.3 25.875 0.00944776
5.3 28.125 0.00913694
5.3 30.375 0.00981605
5.3 32.625 0.00913021
5.3 34.875 0.00928169
5.3 37.125 0.00930043
5.3 39.375 0.00907536
5.3 41.625 0.00899551
5.3 43.875 0.00890906
5.5 1.125 0.00802726
5.5 3.375 0.00745613
5.5 5.625 0.00755269
5.5 7.875 0.00824168
5.5 10.125 0.00768249
5.5 12.375 0.00808784
5.5 14.625 0.00799686
5.5 16.875 0.00873255
5.5 19.125 0.00841851
5.5 21.375 0.00825086
5.5 23.625 0.00825038
5.5 25.875 0.00836888
5.5 28.125 0.00841169
5.5 30.375 0.00838511
5.5 32.625 0.00837277
5.5 34.875 0.00788202
5.5 37.125 0.0078655
5.5 39.375 0.00851138
5.5 41.625 0.00766428
5.5 43.875 0.012598
5.7 1.125 0.00704871
5.7 3.375 0.0070485
5.7 5.625 0.00682222
5.7 7.875 0.006865
5.7 10.125 0.006968
5.7 12.375 0.00696553
5.7 14.625 0.00748631
5.7 16.875 0.0075874
5.7 19.125 0.00733849
5.7 21.375 0.00738555
5.7 23.625 0.00765971
5.7 25.875 0.0100844
5.7 28.125 0.00732819
5.7 30.375 0.00744604
5.7 32.625 0.00720206
5.7 34.875 0.00687689
5.7 37.125 0.0119329
5.7 39.375 0.00722626
5.7 41.625 0.00799405
5.7 43.875 0.00786923
5.9 1.125 0.00594857
5.9 3.375 0.00897276
5.9 5.625 0.00603728
5.9 7.875 0.00588241
5.9 10.125 0.0111449
5.9 12.375 0.00627296
5.9 14.625 0.00636234
5.9 16.875 0.00676408
5.9 19.125 0.00654311
5.9 21.375 0.00627511
5.9 23.625 0.00669098
5.9 25.875 0.00637582
5.9 28.125 0.00670236
5.9 30.375 0.00685489
5.9 32.625 0.00593114
5.9 34.875 0.00603692
5.9 37.125 0.00721797
5.9 39.375 0.00689689
5.9 41.625 0.0062913
5.9 43.875 0.0065417
6.1 1.125 0.00571876
6.1 3.375 0.00507302
6.1 5.625 0.00573211
6.1 7.875 0.00546049
6.1 10.125 0.00602498
6.1 12.375 0.00572812
6.1 14.625 0.00922553
6.1 16.875 0.00637743
6.1 19.125 0.00607918
6.1 21.375 0.00596918
6.1 23.625 0.00621638
6.1 25.875 0.00581022
6.1 28.125 0.00548801
6.1 30.375 0.00571165
6.1 32.625 0.00582247
6.1 34.875 0.00558309
6.1 37.125 0.012123
6.1 39.375 0.00679565
6.1 41.625 0.00792152
6.1 43.875 0.00617372
6.3 1.125 0.0055757
6.3 3.375 0.0050319
6.3 5.625 0.00548925
6.3 7.875 0.00542352
6.3 10.125 0.00561823
6.3 12.375 0.00551588
6.3 14.625 0.00586845
6.3 16.875 0.00586331
6.3 19.125 0.00507615
6.3 21.375 0.00580236
6.3 23.625 0.00531902
6.3 25.875 0.00558244
6.3 28.125 0.00528381
6.3 30.375 0.00533334
6.3 32.625 0.00564281
6.3 34.875 0.00562446
6.3 37.125 0.00508861
6.3 39.375 0.00560075
6.3 41.625 0.00537224
6.3 43.875 0.00526814
6.5 1.125 0.0120927
6.5 3.375 0.00464504
6.5 5.625 0.00464637
6.5 7.875 0.00456165
6.5 10.125 0.00469571
6.5 12.375 0.00505643
6.5 14.625 0.00485103
6.5 16.875 0.00553102
6.5 19.125 0.00508892
6.5 21.375 0.00502
6.5 23.625 0.00514916
6.5 25.875 0.00482286
6.5 28.125 0.00494394
6.5 30.375 0.00485013
6.5 32.625 0.00477649
6.5 34.875 0.00502369
6.5 37.125 0.00458222
6.5 39.375 0.00504215
6.5 41.625 0.00503009
6.5 43.875 0.00488275
6.7 1.125 0.00433292
6.7 3.375 0.00922873
6.7 5.625 0.00430627
6.7 7.875 0.00468667
6.7 10.125 0.00469249
6.7 12.375 0.00481276
6.7 14.625 0.00553899
6.7 16.875 0.00550104
6.7 19.125 0.00553045
6.7 21.375 0.00517704
6.7 23.625 0.00487346
6.7 25.875 0.00466614
6.7 28.125 0.0050046
6.7 30.375 0.00575158
6.7 32.625 0.00444604
6.7 34.875 0.00455835
6.7 37.125 0.00503385
6.7 39.375 0.0048927
6.7 41.625 0.00492918
6.7 43.875 0.00490585
6.9 1.125 0.00426136
6.9 3.375 0.00623948
6.9 5.625 0.00398195
6.9 7.875 0.00416852
6.9 10.125 0.00452556
6.9 12.375 0.00478346
6.9 14.625 0.00466705
6.9 16.875 0.00470894
6.9 19.125 0.00466272
6.9 21.375 0.00442204
6.9 23.625 0.00421153
6.9 25.875 0.00411962
6.9 28.125 0.00426812
6.9 30.375 0.00402597
6.9 32.625 0.00695667
6.9 34.875 0.00410922
6.9 37.125 0.00421853
6.9 39.375 0.00445299
6.9 41.625 0.00415874
6.9 43.875 0.0045847
7.1 1.125 0.00380508
7.1 3.375 0.00478448
7.1 5.625 0.00395484
7.1 7.875 0.00385026
7.1 10.125 0.0115476
7.1 12.375 0.00416832
7.1 14.625 0.00414672
7.1 16.875 0.00403776
7.1 19.125 0.00427932
7.1 21.375 0.00458406
7.1 23.625 0.00374895
7.1 25.875 0.0040556
7.1 28.125 0.00425125
7.1 30.375 0.00380449
7.1 32.625 0.00449012
7.1 34.875 0.00384967
7.1 37.125 0.0041268
7.1 39.375 0.00404462
7.1 41.625 0.00421518
7.1 43.875 0.00394606
7.3 1.125 0.00339155
7.3 3.375 0.00353723
7.3 5.625 0.00426052
7.3 7.875 0.00389712
7.3 10.125 0.00671589
7.3 12.375 0.00395296
7.3 14.625 0.00387387
7.3 16.875 0.00392838
7.3 19.125 0.00396782
7.3 21.375 0.00421091
7.3 23.625 0.00418301
7.3 25.875 0.00371898
7.3 28.125 0.00389314
7.3 30.375 0.00388315
7.3 32.625 0.00346902
7.3 34.875 0.00379777
7.3 37.125 0.00381025
7.3 39.375 0.00390917
7.3 41.625 0.00385167
7.3 43.875 0.00348094
7.5 1.125 0.00343913
7.5 3.375 0.00431082
7.5 5.625 0.0072678
7.5 7.875 0.00432266
7.5 10.125 0.0125011
7.5 12.375 0.00413932
7.5 14.625 0.00348891
7.5 16.875 0.00368669
7.5 19.125 0.00378515
7.5 21.375 0.00433994
7.5 23.625 0.0034362
7.5 25.875 0.00353559
7.5 28.125 0.00345807
7.5 30.375 0.00343719
7.5 32.625 0.00888303
7.5 34.875 0.0125341
7.5 37.125 0.00406194
7.5 39.375 0.00381843
7.5 41.625 0.00383678
7.5 43.875 0.00355415
7.7 1.125 0.00360383
7.7 3.375 0.00417355
7.7 5.625 0.0117281
7.7 7.875 0.00361868
7.7 10.125 0.00342087
7.7 12.375 0.00325726
7.7 14.625 0.00807426
7.7 16.875 0.00334065
7.7 19.125 0.0036348
7.7 21.375 0.00310437
7.7 23.625 0.0093564
7.7 25.875 0.00321703
7.7 28.125 0.00349417
7.7 30.375 0.00327203
7.7 32.625 0.00371058
7.7 34.875 0.0122756
7.7 37.125 0.00313721
7.7 39.375 0.00370876
7.7 41.625 0.00350758
7.7 43.875 0.00359761
7.9 1.125 0.00319155
7.9 3.375 0.0029515
7.9 5.625 0.0113822
7.9 7.875 0.00318858
7.9 10.125 0.00330456
7.9 12.375 0.00337666
7.9 14.625 0.00358428
7.9 16.875 0.00378016
7.9 19.125 0.0123856
7.9 21.375 0.00314163
7.9 23.625 0.00331364
7.9 25.875 0.0200591
7.9 28.125 0.00319631
7.9 30.375 0.00364915
7.9 32.625 0.0033444
7.9 34.875 0.0128191
7.9 37.125 0.0127405
7.9 39.375 0.00361596
7.9 41.625 0.00314407
7.9 43.875 0.00318005
8.1 1.125 0.00293539
8.1 3.375 0.00346245
8.1 5.625 0.00328051
8.1 7.875 0.00303668
8.1 10.125 0.00318328
8.1 12.375 0.00343474
8.1 14.625 0.00307527
8.1 16.875 0.00914911
8.1 19.125 0.00377609
8.1 21.375 0.00311232
8.1 23.625 0.0028697
8.1 25.875 0.0115698
8.1 28.125 0.0132494
8.1 30.375 0.00327269
8.1 32.625 0.00312404
8.1 34.875 0.0124978
8.1 37.125 0.00358356
8.1 39.375 0.00341705
8.1 41.625 0.00318057
8.1 43.875 0.00331715
8.3 1.125 0.00273305
8.3 3.375 0.00285961
8.3 5.625 0.00281737
8.3 7.875 0.00303788
8.3 10.125 0.0031425
8.3 12.375 0.00327052
8.3 14.625 0.00302055
8.3 16.875 0.0027928
8.3 19.125 0.00295317
8.3 21.375 0.00305249
8.3 23.625 0.00303892
8.3 25.875 0.00318784
8.3 28.125 0.00345019
8.3 30.375 0.0031544
8.3 32.625 0.00308576
8.3 34.875 0.00312921
8.3 37.125 0.0031973
8.3 39.375 0.00292746
8.3 41.625 0.00319113
8.3 43.875 0.0128402
8.5 1.125 0.0027965
8.5 3.375 0.0106399
8.5 5.625 0.00276681
8.5 7.875 0.0025989
8.5 10.125 0.00289103
8.5 12.375 0.00299281
8.5 14.625 0.00308468
8.5 16.875 0.00308928
8.5 19.125 0.0108459
8.5 21.375 0.00348858
8.5 23.625 0.00315938
8.5 25.875 0.00274505
8.5 28.125 0.00300381
8.5 30.375 0.00748401
8.5 32.625 0.00311068
8.5 34.875 0.00285201
8.5 37.125 0.0128968
8.5 39.375 0.00269366
8.5 41.625 0.00281866
8.5 43.875 0.00634276
8.7 1.125 0.00401217
8.7 3.375 0.00301111
8.7 5.625 0.0143455
8.7 7.875 0.0165945
8.7 10.125 0.00297571
8.7 12.375 0.00295291
8.7 14.625 0.00291596
8.7 16.875 0.00302441
8.7 19.125 0.00283395
8.7 21.375 0.00278869
8.7 23.625 0.00266439
8.7 25.875 0.00277879
8.7 28.125 0.0031994
8.7 30.375 0.00276379
8.7 32.625 0.0029423
8.7 34.875 0.00271588
8.7 37.125 0.00276946
8.7 39.375 0.00282599
8.7 41.625 0.00294702
8.7 43.875 0.00301645
8.9 1.125 0.00280154
8.9 3.375 0.0026688
8.9 5.625 0.00454734
8.9 7.875 0.00266505
8.9 10.125 0.0031133
8.9 12.375 0.00318533
8.9 14.625 0.0026189
8.9 16.875 0.00275964
8.9 19.125 0.00299951
8.9 21.375 0.00293552
8.9 23.625 0.00293633
8.9 25.875 0.00247454
8.9 28.125 0.00276636
8.9 30.375 0.0026465
8.9 32.625 0.0032545
8.9 34.875 0.00724102
8.9 37.125 0.00273523
8.9 39.375 0.00273266
8.9 41.625 0.00251818
8.9 43.875 0.00313358
9.1 1.125 0.00275631
9.1 3.375 0.0026768
9.1 5.625 0.00296308
9.1 7.875 0.00288766
9.1 10.125 0.00278137
9.1 12.375 0.00296497
9.1 14.625 0.0142308
9.1 16.875 0.00499745
9.1 19.125 0.0026415
9.1 21.375 0.00285386
9.1 23.625 0.00274136
9.1 25.875 0.00286381
9.1 28.125 0.00281859
9.1 30.375 0.00262953
9.1 32.625 0.00272904
9.1 34.875 0.00291677
9.1 37.125 0.00286533
9.1 39.375 0.00267789
9.1 41.625 0.00285004
9.1 43.875 0.00283243
9.3 1.125 0.00256724
9.3 3.375 0.00262089
9.3 5.625 0.00247108
9.3 7.875 0.00282136
9.3 10.125 0.00272726
9.3 12.375 0.00281105
9.3 14.625 0.00306852
9.3 16.875 0.00291003
9.3 19.125 0.00267615
9.3 21.375 0.00276056
9.3 23.625 0.00296703
9.3 25.875 0.00299579
9.3 28.125 0.00278514
9.3 30.375 0.00283694
9.3 32.625 0.00274315
9.3 34.875 0.00258012
9.3 37.125 0.00245606
9.3 39.375 0.00348208
9.3 41.625 0.00290161
9.3 43.875 0.0113429
9.5 1.125 0.00248886
9.5 3.375 0.00275527
9.5 5.625 0.0025687
9.5 7.875 0.00237239
9.5 10.125 0.00282452
9.5 12.375 0.0026332
9.5 14.625 0.00264749
9.5 16.875 0.00373364
9.5 19.125 0.00260771
9.5 21.375 0.00245964
9.5 23.625 0.00482039
9.5 25.875 0.00265507
9.5 28.125 0.00256923
9.5 30.375 0.0022887
9.5 32.625 0.00269482
9.5 34.875 0.00254564
9.5 37.125 0.00290194
9.5 39.375 0.00308614
9.5 41.625 0.00261612
9.5 43.875 0.00295542
9.7 1.125 0.00260163
9.7 3.375 0.00248041
9.7 5.625 0.00266201
9.7 7.875 0.00432299
9.7 10.125 0.00235036
9.7 12.375 0.00398136
9.7 14.625 0.00258164
9.7 16.875 0.00260843
9.7 19.125 0.00249243
9.7 21.375 0.00260523
9.7 23.625 0.00249347
9.7 25.875 0.00351246
9.7 28.125 0.00245394
9.7 30.375 0.002488
9.7 32.625 0.00278284
9.7 34.875 0.00225323
9.7 37.125 0.00246849
9.7 39.375 0.00287401
9.7 41.625 0.00296866
9.7 43.875 0.0025198
9.9 1.125 0.00280347
9.9 3.375 0.00289989
9.9 5.625 0.00227328
9.9 7.875 0.00237128
9.9 10.125 0.00533928
9.9 12.375 0.0024832
9.9 14.625 0.00253781
9.9 16.875 0.00274202
9.9 19.125 0.00364613
9.9 21.375 0.00269042
9.9 23.625 0.00256268
9.9 25.875 0.00270905
9.9 28.125 0.00339406
9.9 30.375 0.00296583
9.9 32.625 0.00231394
9.9 34.875 0.0024812
9.9 37.125 0.00250015
9.9 39.375 0.00244879
9.9 41.625 0.00250875
9.9 43.875 0.00280437
10.1 1.125 0.0234325
10.1 3.375 0.00232952
10.1 5.625 0.00279612
10.1 7.875 0.00361181
10.1 10.125 0.00262879
10.1 12.375 0.00246315
10.1 14.625 0.00465016
10.1 16.875 0.00278399
10.1 19.125 0.0022421
10.1 21.375 0.00256922
10.1 23.625 0.00271929
10.1 25.875 0.0187511
10.1 28.125 0.00393213
10.1 30.375 0.0053226
10.1 32.625 0.00263583
10.1 34.875 0.00236832
10.1 37.125 0.00244033
10.1 39.375 0.00264693
10.1 41.625 0.00288793
10.1 43.875 0.00256403
10.3 1.125 0.00476232
10.3 3.375 0.00254431
10.3 5.625 0.00305253
10.3 7.875 0.00244976
10.3 10.125 0.00287116
10.3 12.375 0.0027005
10.3 14.625 0.013567
10.3 16.875 0.0025887
10.3 19.125 0.00433917
10.3 21.375 0.0128269
10.3 23.625 0.002116
10.3 25.875 0.00240728
10.3 28.125 0.00250841
10.3 30.375 0.0021877
10.3 32.625 0.00255556
10.3 34.875 0.00346783
10.3 37.125 0.00236575
10.3 39.375 0.00230006
10.3 41.625 0.00258899
10.3 43.875 0.00258182
10.5 1.125 0.00325725
10.5 3.375 0.00252229
10.5 5.625 0.00229087
10.5 7.875 0.00202566
10.5 10.125 0.00376355
10.5 12.375 0.00493206
10.5 14.625 0.00836855
10.5 16.875 0.00260204
10.5 19.125 0.00196653
10.5 21.375 0.00266788
10.5 23.625 0.0190808
10.5 25.875 0.00251008
10.5 28.125 0.00260633
10.5 30.375 0.0028315
10.5 32.625 0.00234133
10.5 34.875 0.00638501
10.5 37.125 0.00503612
10.5 39.375 0.00214076
10.5 41.625 0.00251917
10.5 43.875 0.00383608
10.7 1.125 0.00215572
10.7 3.375 0.00239708
10.7 5.625 0.00257376
10.7 7.875 0.0023183
10.7 10.125 0.00271755
10.7 12.375 0.00310226
10.7 14.625 0.0163961
10.7 16.875 0.00228132
10.7 19.125 0.00187327
10.7 21.375 0.00442742
10.7 23.625 0.00987792
10.7 25.875 0.00264408
10.7 28.125 0.00233442
10.7 30.375 0.00225217
10.7 32.625 0.00285104
10.7 34.875 0.00243242
10.7 37.125 0.00221594
10.7 39.375 0.00235233
10.7 41.625 0.00306377
10.7 43.875 0.00230303
10.9 1.125 0.00222864
10.9 3.375 0.00240026
10.9 5.625 0.00246228
10.9 7.875 0.00270441
10.9 10.125 0.00227621
10.9 12.375 0.00513215
10.9 14.625 0.00238962
10.9 16.875 0.00255976
10.9 19.125 0.00226413
10.9 21.375 0.0230256
10.9 23.625 0.00222549
10.9 25.875 0.00291438
10.9 28.125 0.0149746
10.9 30.375 0.00266304
10.9 32.625 0.00255706
10.9 34.875 0.00618528
10.9 37.125 0.00812093
10.9 39.375 0.00235795
10.9 41.625 0.00235793
10.9 43.875 0.00225794
11.1 1.125 0.00749926
11.1 3.375 0.00263385
11.1 5.625 0.00241974
11.1 7.875 0.00225884
11.1 10.125 0.00232928
11.1 12.375 0.00236524
11.1 14.625 0.00526823
11.1 16.875 0.00240866
11.1 19.125 0.00227594
11.1 21.375 0.00225275
11.1 23.625 0.00304127
11.1 25.875 0.00293509
11.1 28.125 0.00333016
11.1 30.375 0.00263528
11.1 32.625 0.00251067
11.1 34.875 0.00261615
11.1 37.125 0.00296022
11.1 39.375 0.00237648
11.1 41.625 0.00251934
11.1 43.875 0.00220362
11.3 1.125 0.00245872
11.3 3.375 0.0212525
11.3 5.625 0.00240388
11.3 7.875 0.0026843
11.3 10.125 0.0207746
11.3 12.375 0.00258991
11.3 14.625 0.00244456
11.3 16.875 0.00214243
11.3 19.125 0.00209329
11.3 21.375 0.00366943
11.3 23.625 0.0225101
11.3 25.875 0.00262688
11.3 28.125 0.00281425
11.3 30.375 0.00581794
11.3 32.625 0.00248911
11.3 34.875 0.0126506
11.3 37.125 0.00425266
11.3 39.375 0.00266881
11.3 41.625 0.00222317
11.3 43.875 0.00244746
11.5 1.125 0.00248665
11.5 3.375 0.00216994
11.5 5.625 0.00255474
11.5 7.875 0.00412097
11.5 10.125 0.00247142
11.5 12.375 0.00223973
11.5 14.625 0.00285717
11.5 16.875 0.00234453
11.5 19.125 0.00241493
11.5 21.375 0.00213567
11.5 23.625 0.00279314
11.5 25.875 0.00228164
11.5 28.125 0.00214461
11.5 30.375 0.00220445
11.5 32.625 0.00227973
11.5 34.875 0.00241434
11.5 37.125 0.00279655
11.5 39.375 0.00303656
11.5 41.625 0.00206948
11.5 43.875 0.00249332
11.7 1.125 0.00228139
11.7 3.375 0.00263947
11.7 5.625 0.00251914
11.7 7.875 0.00215885
11.7 10.125 0.00259379
11.7 12.375 0.00259102
11.7 14.625 0.00615352
11.7 16.875 0.00261444
11.7 19.125 0.00306326
11.7 21.375 0.00230481
11.7 23.625 0.00319829
11.7 25.875 0.00274081
11.7 28.125 0.00231735
11.7 30.375 0.00245163
11.7 32.625 0.00211276
11.7 34.875 0.0137195
11.7 37.125 0.00200075
11.7 39.375 0.00260372
11.7 41.625 0.00209247
11.7 43.875 0.00191031
11.9 1.125 0.00237276
11.9 3.375 0.00247403
11.9 5.625 0.00306514
11.9 7.875 0.00252197
11.9 10.125 0.0020854
11.9 12.375 0.00226434
11.9 14.625 0.00207346
11.9 16.875 0.00227601
11.9 19.125 0.00190057
11.9 21.375 0.00237503
11.9 23.625 0.0020329
11.9 25.875 0.00252943
11.9 28.125 0.00240274
11.9 30.375 0.00228848
11.9 32.625 0.00309244
11.9 34.875 0.00273985
11.9 37.125 0.00204371
11.9 39.375 0.00233997
11.9 41.625 0.00249274
11.9 43.875 0.00244224
12.1 1.125 0.00218
12.1 3.375 0.00198726
12.1 5.625 0.00257658
12.1 7.875 0.00400542
12.1 10.125 0.00366055
12.1 12.375 0.00259479
12.1 14.625 0.00241392
12.1 16.875 0.00197712
12.1 19.125 0.00283793
12.1 21.375 0.00309493
12.1 23.625 0.00201977
12.1 25.875 0.00226687
12.1 28.125 0.00232774
12.1 30.375 0.00236293
12.1 32.625 0.00222517
12.1 34.875 0.00229224
12.1 37.125 0.00239754
12.1 39.375 0.0022175
12.1 41.625 0.00225345
12.1 43.875 0.0176269
12.3 1.125 0.0139175
12.3 3.375 0.00269413
12.3 5.625 0.00219696
12.3 7.875 0.00246002
12.3 10.125 0.00240979
12.3 12.375 0.00204898
12.3 14.625 0.0311964
12.3 16.875 0.00197206
12.3 19.125 0.00252993
12.3 21.375 0.00532616
12.3 23.625 0.00273552
12.3 25.875 0.00210616
12.3 28.125 0.00202473
12.3 30.375 0.00279573
12.3 32.625 0.00231548
12.3 34.875 0.00205664
12.3 37.125 0.00522326
12.3 39.375 0.00228268
12.3 41.625 0.00309791
12.3 43.875 0.00339022
12.5 1.125 0.00188904
12.5 3.375 0.00207626
12.5 5.625 0.0300821
12.5 7.875 0.00232252
12.5 10.125 0.0694829
12.5 12.375 0.00264488
12.5 14.625 0.00190284
12.5 16.875 0.00234287
12.5 19.125 0.00220794
12.5 21.375 0.00220013
12.5 23.625 0.00214511
12.5 25.875 0.00194028
12.5 28.125 0.00244249
12.5 30.375 0.00232629
12.5 32.625 0.00262803
12.5 34.875 0.00288624
12.5 37.125 0.00724938
12.5 39.375 0.013536
12.5 41.625 0.00202649
12.5 43.875 0.00559232
12.7 1.125 0.00514865
12.7 3.375 0.00222051
12.7 5.625 0.00201605
12.7 7.875 0.00217269
12.7 10.125 0.0287472
12.7 12.375 0.00222471
12.7 14.625 0.0357117
12.7 16.875 0.0231743
12.7 19.125 0.0054621
12.7 21.375 0.00210094
12.7 23.625 0.00354536
12.7 25.875 0.00206143
12.7 28.125 0.00297263
12.7 30.375 0.00208293
12.7 32.625 0.0626523
12.7 34.875 0.00248257
12.7 37.125 0.00258759
12.7 39.375 0.0036545
12.7 41.625 0.00254287
12.7 43.875 0.00245247
12.9 1.125 0.00327787
12.9 3.375 0.00251517
12.9 5.625 0.00203028
12.9 7.875 0.0246225
12.9 10.125 0.00209166
12.9 12.375 0.0346806
12.9 14.625 0.00497473
12.9 16.875 0.00247697
12.9 19.125 0.00651668
12.9 21.375 0.00683322
12.9 23.625 0.00567888
12.9 25.875 0.00216175
12.9 28.125 0.00237237
12.9 30.375 0.00722514
12.9 32.625 0.00203474
12.9 34.875 0.0020237
12.9 37.125 0.00202083
12.9 39.375 0.00201424
12.9 41.625 0.0023823
12.9 43.875 0.0410228
13.1 1.125 0.0371457
13.1 3.375 0.0021122
13.1 5.625 0.00237528
13.1 7.875 0.0465139
13.1 10.125 0.0033927
13.1 12.375 0.0023396
13.1 14.625 0.00216642
13.1 16.875 0.0119948
13.1 19.125 0.00407468
13.1 21.375 0.00247522
13.1 23.625 0.00247237
13.1 25.875 0.00203103
13.1 28.125 0.00230384
13.1 30.375 0.0371961
13.1 32.625 0.00183357
13.1 34.875 0.00241171
13.1 37.125 0.00270148
13.1 39.375 0.00246896
13.1 41.625 0.00187265
13.1 43.875 0.00529249
13.3 1.125 0.00351314
13.3 3.375 0.0019081
13.3 5.625 0.00202936
13.3 7.875 0.00199044
13.3 10.125 0.0467177
13.3 12.375 0.003213
13.3 14.625 0.00212803
13.3 16.875 0.00197896
13.3 19.125 0.00193108
13.3 21.375 0.00247624
13.3 23.625 0.00336799
13.3 25.875 0.00234388
13.3 28.125 0.0025868
13.3 30.375 0.00236695
13.3 32.625 0.00207585
13.3 34.875 0.00246763
13.3 37.125 0.00752917
13.3 39.375 0.00244477
13.3 41.625 0.0025808
13.3 43.875 0.0160142
13.5 1.125 0.0020384
13.5 3.375 0.0324322
13.5 5.625 0.00228378
13.5 7.875 0.00196402
13.5 10.125 0.0166006
13.5 12.375 0.00263266
13.5 14.625 0.00182462
13.5 16.875 0.00199864
13.5 19.125 0.0195829
13.5 21.375 0.00605251
13.5 23.625 0.00553824
13.5 25.875 0.00340938
13.5 28.125 0.00325384
13.5 30.375 0.00334906
13.5 32.625 0.00259178
13.5 34.875 0.00218465
13.5 37.125 0.00227771
13.5 39.375 0.00254253
13.5 41.625 0.00234916
13.5 43.875 0.00217623
13.7 1.125 0.00217718
13.7 3.375 0.00248494
13.7 5.625 0.00230467
13.7 7.875 0.00409648
13.7 10.125 0.00199191
13.7 12.375 0.00220368
13.7 14.625 0.00230458
13.7 16.875 0.00244828
13.7 19.125 0.00909353
13.7 21.375 0.00428751
13.7 23.625 0.0410902
13.7 25.875 0.0027761
13.7 28.125 0.00284264
13.7 30.375 0.00181099
13.7 32.625 0.00177485
13.7 34.875 0.00217942
13.7 37.125 0.00240567
13.7 39.375 0.00238322
13.7 41.625 0.00491388
13.7 43.875 0.00238536
13.9 1.125 0.00613422
13.9 3.375 0.00189759
13.9 5.625 0.00212362
13.9 7.875 0.00276917
13.9 10.125 0.00230891
13.9 12.375 0.00289409
13.9 14.625 0.0020067
13.9 16.875 0.00235827
13.9 19.125 0.00362595
13.9 21.375 0.00231286
13.9 23.625 0.00209373
13.9 25.875 0.0035755
13.9 28.125 0.00230718
13.9 30.375 0.0111626
13.9 32.625 0.00199987
13.9 34.875 0.00334519
13.9 37.125 0.00202721
13.9 39.375 0.0103767
13.9 41.625 0.00227585
13.9 43.875 0.00452421
