0.1 1.125 2.83683
0.1 3.375 2.39927
0.1 5.625 2.64169
0.1 7.875 1.92662
0.1 10.125 1.71756
0.1 12.375 1.9341
0.1 14.625 2.21728
0.1 16.875 1.77827
0.1 19.125 1.63287
0.1 21.375 2.30291
0.1 23.625 2.22775
0.1 25.875 2.54213
0.1 30.375 1.61085
0.1 34.875 2.0861
0.1 37.125 2.62405
0.1 39.375 1.94846
0.1 41.625 2.26316
0.1 43.875 2.4913
0.3 1.125 2.88046
0.3 3.375 2.48098
0.3 5.625 2.76587
0.3 7.875 2.69142
0.3 10.125 2.85576
0.3 12.375 2.8485
0.3 14.625 2.79884
0.3 16.875 2.76097
0.3 19.125 2.64494
0.3 21.375 2.76641
0.3 23.625 2.83981
0.3 25.875 2.85524
0.3 28.125 2.87966
0.3 30.375 2.84536
0.3 32.625 2.77462
0.3 34.875 2.78531
0.3 37.125 2.73707
0.3 39.375 2.77002
0.3 41.625 2.87329
0.3 43.875 2.77269
0.5 1.125 2.59334
0.5 3.375 2.55351
0.5 5.625 2.65768
0.5 7.875 2.78225
0.5 10.125 2.71594
0.5 12.375 2.80745
0.5 14.625 2.79692
0.5 16.875 2.79067
0.5 19.125 2.7369
0.5 21.375 2.72918
0.5 23.625 2.77308
0.5 25.875 2.68431
0.5 28.125 2.78303
0.5 30.375 2.75225
0.5 32.625 2.79618
0.5 34.875 2.72521
0.5 37.125 2.76015
0.5 39.375 2.75122
0.5 41.625 2.77439
0.5 43.875 2.81404
0.7 1.125 2.30247
0.7 3.375 2.36273
0.7 5.625 2.6613
0.7 7.875 2.62801
0.7 10.125 2.6623
0.7 12.375 2.67638
0.7 14.625 2.5757
0.7 16.875 2.65031
0.7 19.125 2.655
0.7 21.375 2.63533
0.7 23.625 2.6232
0.7 25.875 2.68774
0.7 28.125 2.64646
0.7 30.375 2.5765
0.7 32.625 2.63466
0.7 34.875 2.66737
0.7 37.125 2.67837
0.7 39.375 2.63343
0.7 41.625 2.70833
0.7 43.875 2.64815
0.9 1.125 2.27379
0.9 3.375 2.34454
0.9 5.625 2.38281
0.9 7.875 2.34424
0.9 10.125 2.36613
0.9 12.375 2.34723
0.9 14.625 2.46334
0.9 16.875 2.34176
0.9 19.125 2.43185
0.9 21.375 2.423
0.9 23.625 2.40042
0.9 25.875 2.42426
0.9 28.125 2.40761
0.9 30.375 2.4554
0.9 32.625 2.52433
0.9 34.875 2.56251
0.9 37.125 2.48121
0.9 39.375 2.52556
0.9 41.625 2.53714
0.9 43.875 2.48797
1.1 1.125 1.73438
1.1 3.375 1.89433
1.1 5.625 1.81842
1.1 7.875 1.86294
1.1 10.125 1.92107
1.1 12.375 1.93121
1.1 14.625 2.02498
1.1 16.875 1.90906
1.1 19.125 1.90795
1.1 21.375 1.97606
1.1 23.625 2.10565
1.1 25.875 2.03605
1.1 28.125 2.12172
1.1 30.375 2.22515
1.1 32.625 2.18269
1.1 34.875 2.25421
1.1 37.125 2.2656
1.1 39.375 2.32526
1.1 41.625 2.31146
1.1 43.875 2.31433
1.3 1.125 1.06111
1.3 3.375 1.13047
1.3 5.625 1.04309
1.3 7.875 1.14372
1.3 10.125 1.14677
1.3 12.375 1.17414
1.3 14.625 1.21832
1.3 16.875 1.3539
1.3 19.125 1.27223
1.3 21.375 1.38399
1.3 23.625 1.40213
1.3 25.875 1.5099
1.3 28.125 1.47172
1.3 30.375 1.56446
1.3 32.625 1.70327
1.3 34.875 1.72651
1.3 37.125 1.75209
1.3 39.375 1.96699
1.3 41.625 1.88834
1.3 43.875 1.95677
1.5 1.125 0.565027
1.5 3.375 0.608317
1.5 5.625 0.57129
1.5 7.875 0.621562
1.5 10.125 0.651844
1.5 12.375 0.63984
1.5 14.625 0.68663
1.5 16.875 0.656546
1.5 19.125 0.6894
1.5 21.375 0.777193
1.5 23.625 0.789734
1.5 25.875 0.900737
1.5 28.125 0.908117
1.5 30.375 0.987206
1.5 32.625 1.0829
1.5 34.875 1.15984
1.5 37.125 1.20633
1.5 39.375 1.21646
1.5 41.625 1.28184
1.5 43.875 1.31839
1.7 1.125 0.315012
1.7 3.375 0.320651
1.7 5.625 0.332142
1.7 7.875 0.340721
1.7 10.125 0.348198
1.7 12.375 0.358777
1.7 14.625 0.360136
1.7 16.875 0.371721
1.7 19.125 0.381631
1.7 21.375 0.406069
1.7 23.625 0.412463
1.7 25.875 0.457366
1.7 28.125 0.483364
1.7 30.375 0.503268
1.7 32.625 0.55671
1.7 34.875 0.621736
1.7 37.125 0.659121
1.7 39.375 0.648992
1.7 41.625 0.723558
1.7 43.875 0.800829
1.9 1.125 0.188908
1.9 3.375 0.207511
1.9 5.625 0.202867
1.9 7.875 0.212418
1.9 10.125 0.21306
1.9 12.375 0.219565
1.9 14.625 0.222414
1.9 16.875 0.230452
1.9 19.125 0.238229
1.9 21.375 0.243621
1.9 23.625 0.237826
1.9 25.875 0.257365
1.9 28.125 0.268911
1.9 30.375 0.277295
1.9 32.625 0.313547
1.9 34.875 0.315579
1.9 37.125 0.343221
1.9 39.375 0.395378
1.9 41.625 0.439493
1.9 43.875 0.411115
2.1 1.125 0.123665
2.1 3.375 0.135046
2.1 5.625 0.128974
2.1 7.875 0.137853
2.1 10.125 0.139045
2.1 12.375 0.151622
2.1 14.625 0.147595
2.1 16.875 0.147974
2.1 19.125 0.153311
2.1 21.375 0.152679
2.1 23.625 0.161429
2.1 25.875 0.167457
2.1 28.125 0.174181
2.1 30.375 0.182297
2.1 32.625 0.200179
2.1 34.875 0.210079
2.1 37.125 0.21674
2.1 39.375 0.223972
2.1 41.625 0.227612
2.1 43.875 0.235077
2.3 1.125 0.0918042
2.3 3.375 0.0956328
2.3 5.625 0.0929608
2.3 7.875 0.0948491
2.3 10.125 0.097935
2.3 12.375 0.0976922
2.3 14.625 0.0997669
2.3 16.875 0.101326
2.3 19.125 0.105238
2.3 21.375 0.10717
2.3 23.625 0.123705
2.3 25.875 0.120328
2.3 28.125 0.11628
2.3 30.375 0.131747
2.3 32.625 0.134149
2.3 34.875 0.14334
2.3 37.125 0.146191
2.3 39.375 0.14552
2.3 41.625 0.144351
2.3 43.875 0.146419
2.5 1.125 0.0678643
2.5 3.375 0.0721694
2.5 5.625 0.0722501
2.5 7.875 0.0708776
2.5 10.125 0.0696407
2.5 12.375 0.0697256
2.5 14.625 0.0687263
2.5 16.875 0.0739835
2.5 19.125 0.0772091
2.5 21.375 0.0777901
2.5 23.625 0.0794078
2.5 25.875 0.0804995
2.5 28.125 0.0825907
2.5 30.375 0.0953341
2.5 32.625 0.0940517
2.5 34.875 0.0983119
2.5 37.125 0.0966543
2.5 39.375 0.0983588
2.5 41.625 0.0948672
2.5 43.875 0.0978931
2.7 1.125 0.054224
2.7 3.375 0.0540839
2.7 5.625 0.0536229
2.7 7.875 0.0525065
2.7 10.125 0.0547966
2.7 12.375 0.0531245
2.7 14.625 0.0547192
2.7 16.875 0.0525227
2.7 19.125 0.0568056
2.7 21.375 0.0554496
2.7 23.625 0.063841
2.7 25.875 0.0626683
2.7 28.125 0.0639353
2.7 30.375 0.0685738
2.7 32.625 0.0690742
2.7 34.875 0.0645409
2.7 37.125 0.0688358
2.7 39.375 0.0656708
2.7 41.625 0.0680524
2.7 43.875 0.0674418
2.9 1.125 0.0425997
2.9 3.375 0.0423084
2.9 5.625 0.0411514
2.9 7.875 0.0424712
2.9 10.125 0.042503
2.9 12.375 0.0421924
2.9 14.625 0.0449909
2.9 16.875 0.0456341
2.9 19.125 0.0432479
2.9 21.375 0.0477992
2.9 23.625 0.0461738
2.9 25.875 0.0478394
2.9 28.125 0.0483995
2.9 30.375 0.0504893
2.9 32.625 0.0504887
2.9 34.875 0.0492965
2.9 37.125 0.0507488
2.9 39.375 0.0498709
2.9 41.625 0.0489723
2.9 43.875 0.0466981
3.1 1.125 0.0339136
3.1 3.375 0.034548
3.1 5.625 0.0344292
3.1 7.875 0.0334565
3.1 10.125 0.0336181
3.1 12.375 0.0350432
3.1 14.625 0.0364216
3.1 16.875 0.0356086
3.1 19.125 0.0372246
3.1 21.375 0.0349556
3.1 23.625 0.0376606
3.1 25.875 0.0400497
3.1 28.125 0.0412805
3.1 30.375 0.0397891
3.1 32.625 0.0395431
3.1 34.875 0.0399662
3.1 37.125 0.0385029
3.1 39.375 0.037299
3.1 41.625 0.0378279
3.1 43.875 0.0401131
3.3 1.125 0.0278805
3.3 3.375 0.0285774
3.3 5.625 0.0269518
3.3 7.875 0.0271931
3.3 10.125 0.0285554
3.3 12.375 0.0278965
3.3 14.625 0.0275046
3.3 16.875 0.0281273
3.3 19.125 0.029301
3.3 21.375 0.0297022
3.3 23.625 0.0292893
3.3 25.875 0.0316245
3.3 28.125 0.033242
3.3 30.375 0.0316945
3.3 32.625 0.0323809
3.3 34.875 0.0333928
3.3 37.125 0.0313278
3.3 39.375 0.0315402
3.3 41.625 0.0313932
3.3 43.875 0.0287784
3.5 1.125 0.0224997
3.5 3.375 0.023211
3.5 5.625 0.0224313
3.5 7.875 0.0229
3.5 10.125 0.0246588
3.5 12.375 0.0226725
3.5 14.625 0.0233045
3.5 16.875 0.0228458
3.5 19.125 0.0228722
3.5 21.375 0.0262677
3.5 23.625 0.0263205
3.5 25.875 0.0267958
3.5 28.125 0.0277612
3.5 30.375 0.0277599
3.5 32.625 0.0271782
3.5 34.875 0.026299
3.5 37.125 0.0266092
3.5 39.375 0.0279634
3.5 41.625 0.0264967
3.5 43.875 0.0357425
3.7 1.125 0.0191201
3.7 3.375 0.0204249
3.7 5.625 0.0198315
3.7 7.875 0.0200352
3.7 10.125 0.020252
3.7 12.375 0.0193934
3.7 14.625 0.0194093
3.7 16.875 0.0201797
3.7 19.125 0.0198783
3.7 21.375 0.0208033
3.7 23.625 0.0210443
3.7 25.875 0.0226051
3.7 28.125 0.0207701
3.7 30.375 0.0210144
3.7 32.625 0.0217337
3.7 34.875 0.0217867
3.7 37.125 0.0214641
3.7 39.375 0.021595
3.7 41.625 0.0223792
3.7 43.875 0.0223356
3.9 1.125 0.0161575
3.9 3.375 0.0163308
3.9 5.625 0.0163089
3.9 7.875 0.0166987
3.9 10.125 0.0160588
3.9 12.375 0.0170718
3.9 14.625 0.0172503
3.9 16.875 0.0186895
3.9 19.125 0.0198114
3.9 21.375 0.0174551
3.9 23.625 0.017903
3.9 25.875 0.0191355
3.9 28.125 0.0181624
3.9 30.375 0.0181877
3.9 32.625 0.0180677
3.9 34.875 0.0187635
3.9 37.125 0.0176853
3.9 39.375 0.0185468
3.9 41.625 0.0198731
3.9 43.875 0.018031
4.1 1.125 0.0137095
4.1 3.375 0.0152565
4.1 5.625 0.0146718
4.1 7.875 0.0138351
4.1 10.125 0.0149586
4.1 12.375 0.0143059
4.1 14.625 0.0215204
4.1 16.875 0.0151231
4.1 19.125 0.0157592
4.1 21.375 0.0168688
4.1 23.625 0.0168573
4.1 25.875 0.016102
4.1 28.125 0.0152639
4.1 30.375 0.0151031
4.1 32.625 0.0223939
4.1 34.875 0.0154885
4.1 37.125 0.0145582
4.1 39.375 0.0146207
4.1 41.625 0.0145535
4.1 43.875 0.0155972
4.3 1.125 0.0127936
4.3 3.375 0.0123815
4.3 5.625 0.0145184
4.3 7.875 0.0117198
4.3 10.125 0.0119391
4.3 12.375 0.0120002
4.3 14.625 0.0132828
4.3 16.875 0.0129711
4.3 19.125 0.015168
4.3 21.375 0.0135139
4.3 23.625 0.0131611
4.3 25.875 0.0135729
4.3 28.125 0.0143
4.3 30.375 0.0133425
4.3 32.625 0.0166013
4.3 34.875 0.0137078
4.3 37.125 0.0129557
4.3 39.375 0.0135385
4.3 41.625 0.0124536
4.3 43.875 0.0125475
4.5 1.125 0.0101033
4.5 3.375 0.00981932
4.5 5.625 0.0106997
4.5 7.875 0.0157082
4.5 10.125 0.0105475
4.5 12.375 0.0106902
4.5 14.625 0.0108069
4.5 16.875 0.0115029
4.5 19.125 0.0117325
4.5 21.375 0.0115942
4.5 23.625 0.0118291
4.5 25.875 0.0110832
4.5 28.125 0.0113827
4.5 30.375 0.0112393
4.5 32.625 0.0109343
4.5 34.875 0.0117438
4.5 37.125 0.0108983
4.5 39.375 0.010229
4.5 41.625 0.0108752
4.5 43.875 0.0103805
4.7 1.125 0.0109573
4.7 3.375 0.00929001
4.7 5.625 0.00833912
4.7 7.875 0.00884916
4.7 10.125 0.0139345
4.7 12.375 0.00994552
4.7 14.625 0.00971701
4.7 16.875 0.010309
4.7 19.125 0.0101397
4.7 21.375 0.0101343
4.7 23.625 0.0104596
4.7 25.875 0.00990973
4.7 28.125 0.00957607
4.7 30.375 0.009936
4.7 32.625 0.0101812
4.7 34.875 0.0100276
4.7 37.125 0.00977331
4.7 39.375 0.00943408
4.7 41.625 0.00923863
4.7 43.875 0.00925747
4.9 1.125 0.0110738
4.9 3.375 0.00768153
4.9 5.625 0.00810257
4.9 7.875 0.00812261
4.9 10.125 0.00799026
4.9 12.375 0.00788902
4.9 14.625 0.010209
4.9 16.875 0.00877723
4.9 19.125 0.0109353
4.9 21.375 0.00871401
4.9 23.625 0.00879808
4.9 25.875 0.00894404
4.9 28.125 0.00783777
4.9 30.375 0.0129007
4.9 32.625 0.00871594
4.9 34.875 0.00841525
4.9 37.125 0.00875434
4.9 39.375 0.00855413
4.9 41.625 0.00815894
4.9 43.875 0.00842892
5.1 1.125 0.0127353
5.1 3.375 0.00725747
5.1 5.625 0.011708
5.1 7.875 0.00821145
5.1 10.125 0.0073222
5.1 12.375 0.00719856
5.1 14.625 0.00750504
5.1 16.875 0.00816526
5.1 19.125 0.00829024
5.1 21.375 0.00831513
5.1 23.625 0.00767189
5.1 25.875 0.00812164
5.1 28.125 0.00809835
5.1 30.375 0.00822861
5.1 32.625 0.0107964
5.1 34.875 0.00927926
5.1 37.125 0.00823146
5.1 39.375 0.0073623
5.1 41.625 0.00795285
5.1 43.875 0.00723554
5.3 1.125 0.00668926
5.3 3.375 0.00652768
5.3 5.625 0.00627674
5.3 7.875 0.00666654
5.3 10.125 0.00646473
5.3 12.375 0.00643308
5.3 14.625 0.00714776
5.3 16.875 0.00707906
5.3 19.125 0.00653681
5.3 21.375 0.00756656
5.3 23.625 0.0065872
5.3 25.875 0.00649713
5.3 28.125 0.0070038
5.3 30.375 0.0117408
5.3 32.625 0.00693995
5.3 34.875 0.00662974
5.3 37.125 0.00643769
5.3 39.375 0.00585649
5.3 41.625 0.00694325
5.3 43.875 0.00684706
5.5 1.125 0.00578003
5.5 3.375 0.0058775
5.5 5.625 0.00584386
5.5 7.875 0.00983222
5.5 10.125 0.00586894
5.5 12.375 0.00593113
5.5 14.625 0.00601902
5.5 16.875 0.00697191
5.5 19.125 0.0119649
5.5 21.375 0.00645348
5.5 23.625 0.00643089
5.5 25.875 0.00672626
5.5 28.125 0.00629717
5.5 30.375 0.006359
5.5 32.625 0.00969407
5.5 34.875 0.00635702
5.5 37.125 0.00624965
5.5 39.375 0.00595896
5.5 41.625 0.00645852
5.5 43.875 0.00625095
5.7 1.125 0.00537822
5.7 3.375 0.00527465
5.7 5.625 0.00948454
5.7 7.875 0.00512625
5.7 10.125 0.00515414
5.7 12.375 0.00549496
5.7 14.625 0.00567273
5.7 16.875 0.0100398
5.7 19.125 0.0106321
5.7 21.375 0.00560534
5.7 23.625 0.00545371
5.7 25.875 0.00618056
5.7 28.125 0.00574621
5.7 30.375 0.00564097
5.7 32.625 0.00541909
5.7 34.875 0.00532533
5.7 37.125 0.0055814
5.7 39.375 0.00581326
5.7 41.625 0.00563308
5.7 43.875 0.00600263
5.9 1.125 0.00814909
5.9 3.375 0.00450012
5.9 5.625 0.00498275
5.9 7.875 0.00476628
5.9 10.125 0.0091573
5.9 12.375 0.00510401
5.9 14.625 0.00507028
5.9 16.875 0.00520406
5.9 19.125 0.00537623
5.9 21.375 0.00495467
5.9 23.625 0.00544212
5.9 25.875 0.00598642
5.9 28.125 0.00491185
5.9 30.375 0.0054874
5.9 32.625 0.00506368
5.9 34.875 0.00505303
5.9 37.125 0.00669047
5.9 39.375 0.00472119
5.9 41.625 0.00485818
5.9 43.875 0.00495983
6.1 1.125 0.00426057
6.1 3.375 0.00450217
6.1 5.625 0.0117963
6.1 7.875 0.00434473
6.1 10.125 0.00432327
6.1 12.375 0.0046427
6.1 14.625 0.00476497
6.1 16.875 0.00958981
6.1 19.125 0.00459939
6.1 21.375 0.00509626
6.1 23.625 0.00450906
6.1 25.875 0.00565541
6.1 28.125 0.00459228
6.1 30.375 0.00447719
6.1 32.625 0.00472663
6.1 34.875 0.00463088
6.1 37.125 0.00415491
6.1 39.375 0.00527013
6.1 41.625 0.00451641
6.1 43.875 0.00453802
6.3 1.125 0.00423077
6.3 3.375 0.00382075
6.3 5.625 0.00425666
6.3 7.875 0.00432563
6.3 10.125 0.00501289
6.3 12.375 0.00429329
6.3 14.625 0.00441414
6.3 16.875 0.00678945
6.3 19.125 0.00444045
6.3 21.375 0.00472117
6.3 23.625 0.00426171
6.3 25.875 0.00431083
6.3 28.125 0.00439366
6.3 30.375 0.00434512
6.3 32.625 0.00415867
6.3 34.875 0.0041196
6.3 37.125 0.00429274
6.3 39.375 0.00439428
6.3 41.625 0.00411167
6.3 43.875 0.00433005
6.5 1.125 0.00384315
6.5 3.375 0.00410562
6.5 5.625 0.00357175
6.5 7.875 0.00523662
6.5 10.125 0.00419224
6.5 12.375 0.00406437
6.5 14.625 0.00382539
6.5 16.875 0.00377529
6.5 19.125 0.00402243
6.5 21.375 0.00801366
6.5 23.625 0.00416488
6.5 25.875 0.00398814
6.5 28.125 0.00392368
6.5 30.375 0.00389924
6.5 32.625 0.00407911
6.5 34.875 0.00380817
6.5 37.125 0.00402831
6.5 39.375 0.00419536
6.5 41.625 0.00388426
6.5 43.875 0.00403635
6.7 1.125 0.00869118
6.7 3.375 0.00517145
6.7 5.625 0.00351878
6.7 7.875 0.0037827
6.7 10.125 0.00408765
6.7 12.375 0.00384312
6.7 14.625 0.00407009
6.7 16.875 0.00376719
6.7 19.125 0.00361717
6.7 21.375 0.0037453
6.7 23.625 0.00389888
6.7 25.875 0.00378222
6.7 28.125 0.00381633
6.7 30.375 0.00359219
6.7 32.625 0.00344377
6.7 34.875 0.00370822
6.7 37.125 0.00461446
6.7 39.375 0.00441138
6.7 41.625 0.00399739
6.7 43.875 0.00383262
6.9 1.125 0.00356224
6.9 3.375 0.00352559
6.9 5.625 0.00408208
6.9 7.875 0.00347386
6.9 10.125 0.00359413
6.9 12.375 0.00373808
6.9 14.625 0.00379696
6.9 16.875 0.00354618
6.9 19.125 0.00393034
6.9 21.375 0.00375935
6.9 23.625 0.00366479
6.9 25.875 0.00339469
6.9 28.125 0.00339955
6.9 30.375 0.00351657
6.9 32.625 0.00334447
6.9 34.875 0.00338867
6.9 37.125 0.00352586
6.9 39.375 0.00382621
6.9 41.625 0.00411281
6.9 43.875 0.00399244
7.1 1.125 0.0101467
7.1 3.375 0.00319372
7.1 5.625 0.00362008
7.1 7.875 0.00336444
7.1 10.125 0.00354206
7.1 12.375 0.00348649
7.1 14.625 0.00342951
7.1 16.875 0.00391615
7.1 19.125 0.0036038
7.1 21.375 0.00366613
7.1 23.625 0.0033035
7.1 25.875 0.00328632
7.1 28.125 0.00332125
7.1 30.375 0.0106933
7.1 32.625 0.00355164
7.1 34.875 0.00340622
7.1 37.125 0.00323015
7.1 39.375 0.00352799
7.1 41.625 0.00315385
7.1 43.875 0.00348876
7.3 1.125 0.00451236
7.3 3.375 0.00296569
7.3 5.625 0.00316556
7.3 7.875 0.00330632
7.3 10.125 0.00322435
7.3 12.375 0.00940667
7.3 14.625 0.00319943
7.3 16.875 0.00358509
7.3 19.125 0.00359763
7.3 21.375 0.0139849
7.3 23.625 0.00622347
7.3 25.875 0.00840832
7.3 28.125 0.00337037
7.3 30.375 0.00282931
7.3 32.625 0.00319356
7.3 34.875 0.00417808
7.3 37.125 0.00307526
7.3 39.375 0.00338827
7.3 41.625 0.00317446
7.3 43.875 0.00360673
7.5 1.125 0.00282817
7.5 3.375 0.0107456
7.5 5.625 0.00497304
7.5 7.875 0.00640131
7.5 10.125 0.0080866
7.5 12.375 0.002968
7.5 14.625 0.00326899
7.5 16.875 0.00280606
7.5 19.125 0.00381286
7.5 21.375 0.00399665
7.5 23.625 0.0052696
7.5 25.875 0.00312982
7.5 28.125 0.00320979
7.5 30.375 0.00321796
7.5 32.625 0.00311671
7.5 34.875 0.00357917
7.5 37.125 0.00313706
7.5 39.375 0.00316951
7.5 41.625 0.0095759
7.5 43.875 0.00302729
7.7 1.125 0.00311875
7.7 3.375 0.00333276
7.7 5.625 0.00290384
7.7 7.875 0.0030428
7.7 10.125 0.00278584
7.7 12.375 0.00925634
7.7 14.625 0.00345721
7.7 16.875 0.00301397
7.7 19.125 0.00328889
7.7 21.375 0.00293736
7.7 23.625 0.00324377
7.7 25.875 0.00301169
7.7 28.125 0.0032031
7.7 30.375 0.00296716
7.7 32.625 0.0033511
7.7 34.875 0.00304559
7.7 37.125 0.00393182
7.7 39.375 0.00278508
7.7 41.625 0.00399666
7.7 43.875 0.00300266
7.9 1.125 0.00780975
7.9 3.375 0.00316597
7.9 5.625 0.0129592
7.9 7.875 0.0028506
7.9 10.125 0.00288108
7.9 12.375 0.00379705
7.9 14.625 0.00280559
7.9 16.875 0.00282176
7.9 19.125 0.00293185
7.9 21.375 0.0114272
7.9 23.625 0.00292745
7.9 25.875 0.00314443
7.9 28.125 0.00296102
7.9 30.375 0.0029897
7.9 32.625 0.00297092
7.9 34.875 0.00294098
7.9 37.125 0.00292732
7.9 39.375 0.00278559
7.9 41.625 0.00280433
7.9 43.875 0.00296994
8.1 1.125 0.00277902
8.1 3.375 0.00357743
8.1 5.625 0.00254676
8.1 7.875 0.00379187
8.1 10.125 0.00308117
8.1 12.375 0.00424865
8.1 14.625 0.00322523
8.1 16.875 0.00307418
8.1 19.125 0.0114133
8.1 21.375 0.00284295
8.1 23.625 0.00311146
8.1 25.875 0.00275805
8.1 28.125 0.00312275
8.1 30.375 0.00291395
8.1 32.625 0.00262136
8.1 34.875 0.00272707
8.1 37.125 0.00275045
8.1 39.375 0.00294773
8.1 41.625 0.00294967
8.1 43.875 0.00274359
8.3 1.125 0.00256482
8.3 3.375 0.0120036
8.3 5.625 0.00247531
8.3 7.875 0.00268141
8.3 10.125 0.0105214
8.3 12.375 0.00300586
8.3 14.625 0.00311239
8.3 16.875 0.00373948
8.3 19.125 0.00549175
8.3 21.375 0.00271246
8.3 23.625 0.00660515
8.3 25.875 0.00268148
8.3 28.125 0.0028015
8.3 30.375 0.00268851
8.3 32.625 0.00311545
8.3 34.875 0.00267755
8.3 37.125 0.00265559
8.3 39.375 0.00288334
8.3 41.625 0.00281179
8.3 43.875 0.00278526
8.5 1.125 0.00513346
8.5 3.375 0.00260868
8.5 5.625 0.00722923
8.5 7.875 0.00225897
8.5 10.125 0.00287904
8.5 12.375 0.00476835
8.5 14.625 0.00305442
8.5 16.875 0.0028159
8.5 19.125 0.00250476
8.5 21.375 0.00301892
8.5 23.625 0.00268538
8.5 25.875 0.00267409
8.5 28.125 0.00608089
8.5 30.375 0.00284473
8.5 32.625 0.00260847
8.5 34.875 0.00314653
8.5 37.125 0.00353711
8.5 39.375 0.00268087
8.5 41.625 0.0028413
8.5 43.875 0.00303216
8.7 1.125 0.00229547
8.7 3.375 0.00288555
8.7 5.625 0.0029607
8.7 7.875 0.00290994
8.7 10.125 0.0151317
8.7 12.375 0.00271302
8.7 14.625 0.00284986
8.7 16.875 0.00278
8.7 19.125 0.00285572
8.7 21.375 0.00271688
8.7 23.625 0.00243456
8.7 25.875 0.0028588
8.7 28.125 0.00332611
8.7 30.375 0.00264395
8.7 32.625 0.00303112
8.7 34.875 0.0143198
8.7 37.125 0.00273654
8.7 39.375 0.00268955
8.7 41.625 0.00276114
8.7 43.875 0.00232259
8.9 1.125 0.00262436
8.9 3.375 0.00263148
8.9 5.625 0.00253474
8.9 7.875 0.00284873
8.9 10.125 0.0026917
8.9 12.375 0.00253313
8.9 14.625 0.00322105
8.9 16.875 0.00286064
8.9 19.125 0.00266766
8.9 21.375 0.00234106
8.9 23.625 0.00262568
8.9 25.875 0.00253246
8.9 28.125 0.00276316
8.9 30.375 0.00258424
8.9 32.625 0.00266873
8.9 34.875 0.00257318
8.9 37.125 0.00274993
8.9 39.375 0.00245246
8.9 41.625 0.00250451
8.9 43.875 0.00292268
9.1 1.125 0.00213888
9.1 3.375 0.00255691
9.1 5.625 0.00234722
9.1 7.875 0.00274786
9.1 10.125 0.00256071
9.1 12.375 0.0028331
9.1 14.625 0.00239214
9.1 16.875 0.00232776
9.1 19.125 0.00258152
9.1 21.375 0.00290864
9.1 23.625 0.00363625
9.1 25.875 0.00252861
9.1 28.125 0.00252399
9.1 30.375 0.00280954
9.1 32.625 0.00483998
9.1 34.875 0.00270792
9.1 37.125 0.00263258
9.1 39.375 0.00250087
9.1 41.625 0.00339239
9.1 43.875 0.00244706
9.3 1.125 0.00262038
9.3 3.375 0.00236117
9.3 5.625 0.00264482
9.3 7.875 0.00266103
9.3 10.125 0.00276899
9.3 12.375 0.00270744
9.3 14.625 0.00293579
9.3 16.875 0.00275591
9.3 19.125 0.00248252
9.3 21.375 0.00236374
9.3 23.625 0.00296522
9.3 25.875 0.00375228
9.3 28.125 0.00252692
9.3 30.375 0.00254164
9.3 32.625 0.00483581
9.3 34.875 0.00243947
9.3 37.125 0.0027326
9.3 39.375 0.00262603
9.3 41.625 0.00284683
9.3 43.875 0.0025402
9.5 1.125 0.0027609
9.5 3.375 0.00230456
9.5 5.625 0.0024899
9.5 7.875 0.00248011
9.5 10.125 0.00245571
9.5 12.375 0.00270366
9.5 14.625 0.00240416
9.5 16.875 0.00226308
9.5 19.125 0.00238627
9.5 21.375 0.0023267
9.5 23.625 0.00240504
9.5 25.875 0.00249834
9.5 28.125 0.00256513
9.5 30.375 0.00271754
9.5 32.625 0.00799482
9.5 34.875 0.00233087
9.5 37.125 0.00230269
9.5 39.375 0.00254216
9.5 41.625 0.00263262
9.5 43.875 0.00250392
9.7 1.125 0.0026777
9.7 3.375 0.00236695
9.7 5.625 0.00263752
9.7 7.875 0.00554342
9.7 10.125 0.00273155
9.7 12.375 0.00276288
9.7 14.625 0.0102552
9.7 16.875 0.00206429
9.7 19.125 0.00252921
9.7 21.375 0.00227709
9.7 23.625 0.00264835
9.7 25.875 0.00257824
9.7 28.125 0.0026871
9.7 30.375 0.00248472
9.7 32.625 0.00253572
9.7 34.875 0.00245638
9.7 37.125 0.00246455
9.7 39.375 0.0110249
9.7 41.625 0.00268578
9.7 43.875 0.00260421
9.9 1.125 0.00499727
9.9 3.375 0.00254572
9.9 5.625 0.00242757
9.9 7.875 0.0028967
9.9 10.125 0.00265728
9.9 12.375 0.00246107
9.9 14.625 0.00255914
9.9 16.875 0.00241649
9.9 19.125 0.00298108
9.9 21.375 0.00256685
9.9 23.625 0.00231527
9.9 25.875 0.00230417
9.9 28.125 0.00248799
9.9 30.375 0.00215526
9.9 32.625 0.00236286
9.9 34.875 0.00246025
9.9 37.125 0.00236393
9.9 39.375 0.00237942
9.9 41.625 0.00223772
9.9 43.875 0.00230026
10.1 1.125 0.00277011
10.1 3.375 0.00235751
10.1 5.625 0.00248961
10.1 7.875 0.0023091
10.1 10.125 0.00225888
10.1 12.375 0.00280787
10.1 14.625 0.00260951
10.1 16.875 0.00227473
10.1 19.125 0.00273275
10.1 21.375 0.00238288
10.1 23.625 0.00255491
10.1 25.875 0.00223384
10.1 28.125 0.0020712
10.1 30.375 0.00251553
10.1 32.625 0.0023713
10.1 34.875 0.00286108
10.1 37.125 0.00285343
10.1 39.375 0.00235321
10.1 41.625 0.0024386
10.1 43.875 0.00259648
10.3 1.125 0.00264541
10.3 3.375 0.00325933
10.3 5.625 0.00234314
10.3 7.875 0.00277804
10.3 10.125 0.00204592
10.3 12.375 0.00256869
10.3 14.625 0.00286763
10.3 16.875 0.0026487
10.3 19.125 0.00298497
10.3 21.375 0.00231193
10.3 23.625 0.00227638
10.3 25.875 0.00252611
10.3 28.125 0.0021354
10.3 30.375 0.00236535
10.3 32.625 0.00268821
10.3 34.875 0.00236943
10.3 37.125 0.0142596
10.3 39.375 0.00220896
10.3 41.625 0.00249308
10.3 43.875 0.00466227
10.5 1.125 0.00627091
10.5 3.375 0.00252934
10.5 5.625 0.00229613
10.5 7.875 0.00347477
10.5 10.125 0.00312756
10.5 12.375 0.00231543
10.5 14.625 0.0226525
10.5 16.875 0.00220629
10.5 19.125 0.00212114
10.5 21.375 0.00635677
10.5 23.625 0.00218301
10.5 25.875 0.00209799
10.5 28.125 0.00293261
10.5 30.375 0.0161783
10.5 32.625 0.00262371
10.5 34.875 0.00211144
10.5 37.125 0.00254695
10.5 39.375 0.00343107
10.5 41.625 0.00295242
10.5 43.875 0.00217419
10.7 1.125 0.0020818
10.7 3.375 0.0027826
10.7 5.625 0.00294221
10.7 7.875 0.00244518
10.7 10.125 0.00320433
10.7 12.375 0.00274876
10.7 14.625 0.00323376
10.7 16.875 0.0123032
10.7 19.125 0.00237336
10.7 21.375 0.00220244
10.7 23.625 0.00238834
10.7 25.875 0.00226878
10.7 28.125 0.0127317
10.7 30.375 0.00247863
10.7 32.625 0.00250636
10.7 34.875 0.00214517
10.7 37.125 0.00244442
10.7 39.375 0.00223979
10.7 41.625 0.00250412
10.7 43.875 0.00220037
10.9 1.125 0.00216413
10.9 3.375 0.00319737
10.9 5.625 0.00209698
10.9 7.875 0.00299311
10.9 10.125 0.00219796
10.9 12.375 0.00273533
10.9 14.625 0.00229621
10.9 16.875 0.00255811
10.9 19.125 0.0021086
10.9 21.375 0.00229324
10.9 23.625 0.002319
10.9 25.875 0.00378227
10.9 28.125 0.00223802
10.9 30.375 0.00240959
10.9 32.625 0.00231289
10.9 34.875 0.00182071
10.9 37.125 0.00255224
10.9 39.375 0.00232464
10.9 41.625 0.00489451
10.9 43.875 0.00241105
11.1 1.125 0.00231907
11.1 3.375 0.00244009
11.1 5.625 0.00239047
11.1 7.875 0.00288555
11.1 10.125 0.00225813
11.1 12.375 0.00234009
11.1 14.625 0.00225597
11.1 16.875 0.00239518
11.1 19.125 0.00213052
11.1 21.375 0.0224157
11.1 23.625 0.00195
11.1 25.875 0.0019754
11.1 28.125 0.00295807
11.1 30.375 0.00240752
11.1 32.625 0.00208275
11.1 34.875 0.00206833
11.1 37.125 0.00246842
11.1 39.375 0.00274875
11.1 41.625 0.00219276
11.1 43.875 0.00220983
11.3 1.125 0.00263235
11.3 3.375 0.00217179
11.3 5.625 0.00243681
11.3 7.875 0.00194665
11.3 10.125 0.00244218
11.3 12.375 0.00235776
11.3 14.625 0.00219788
11.3 16.875 0.00228758
11.3 19.125 0.00227481
11.3 21.375 0.00224524
11.3 23.625 0.00224483
11.3 25.875 0.00225173
11.3 28.125 0.0020175
11.3 30.375 0.0022141
11.3 32.625 0.00227373
11.3 34.875 0.00256845
11.3 37.125 0.00197148
11.3 39.375 0.00250688
11.3 41.625 0.00246973
11.3 43.875 0.00241412
11.5 1.125 0.00235583
11.5 3.375 0.00210335
11.5 5.625 0.00296587
11.5 7.875 0.00215884
11.5 10.125 0.00224468
11.5 12.375 0.00211132
11.5 14.625 0.00232626
11.5 16.875 0.00215963
11.5 19.125 0.00228716
11.5 21.375 0.00219935
11.5 23.625 0.00229695
11.5 25.875 0.0495938
11.5 28.125 0.00263325
11.5 30.375 0.00202868
11.5 32.625 0.00453685
11.5 34.875 0.00222904
11.5 37.125 0.00302991
11.5 39.375 0.00247466
11.5 41.625 0.00232442
11.5 43.875 0.00237111
11.7 1.125 0.00220265
11.7 3.375 0.00233138
11.7 5.625 0.00205102
11.7 7.875 0.00211792
11.7 10.125 0.00225805
11.7 12.375 0.00204556
11.7 14.625 0.00252886
11.7 16.875 0.0033052
11.7 19.125 0.00223284
11.7 21.375 0.00209527
11.7 23.625 0.00222648
11.7 25.875 0.00303798
11.7 28.125 0.00269386
11.7 30.375 0.00281336
11.7 32.625 0.0022844
11.7 34.875 0.00240226
11.7 37.125 0.00249493
11.7 39.375 0.00215032
11.7 41.625 0.00217026
11.7 43.875 0.00245243
11.9 1.125 0.00236876
11.9 3.375 0.00236408
11.9 5.625 0.0020214
11.9 7.875 0.00208178
11.9 10.125 0.00228779
11.9 12.375 0.00241137
11.9 14.625 0.00266461
11.9 16.875 0.00407477
11.9 19.125 0.00192317
11.9 21.375 0.0022082
11.9 23.625 0.00217802
11.9 25.875 0.00188338
11.9 28.125 0.00195463
11.9 30.375 0.00251999
11.9 32.625 0.00204591
11.9 34.875 0.00226328
11.9 37.125 0.00229052
11.9 39.375 0.0026271
11.9 41.625 0.0028202
11.9 43.875 0.0147369
12.1 1.125 0.0023456
12.1 3.375 0.00255646
12.1 5.625 0.00204757
12.1 7.875 0.00280707
12.1 10.125 0.00224468
12.1 12.375 0.0034177
12.1 14.625 0.00208696
12.1 16.875 0.00191845
12.1 19.125 0.00223591
12.1 21.375 0.00210072
12.1 23.625 0.0026486
12.1 25.875 0.00222633
12.1 28.125 0.00223346
12.1 30.375 0.00313547
12.1 32.625 0.00202869
12.1 34.875 0.0323469
12.1 37.125 0.00280959
12.1 39.375 0.00281316
12.1 41.625 0.00260431
12.1 43.875 0.00309701
12.3 1.125 0.00222943
12.3 3.375 0.00246232
12.3 5.625 0.00216775
12.3 7.875 0.00180862
12.3 10.125 0.00200865
12.3 12.375 0.00192978
12.3 14.625 0.00248415
12.3 16.875 0.00197775
12.3 19.125 0.00221478
12.3 21.375 0.00221359
12.3 23.625 0.00203901
12.3 25.875 0.00162994
12.3 28.125 0.00217898
12.3 30.375 0.0220749
12.3 32.625 0.00204934
12.3 34.875 0.00195061
12.3 37.125 0.0037033
12.3 39.375 0.00668415
12.3 41.625 0.00203965
12.3 43.875 0.00185646
12.5 1.125 0.00411564
12.5 3.375 0.00228612
12.5 5.625 0.00220486
12.5 7.875 0.00243216
12.5 10.125 0.00203114
12.5 12.375 0.00201828
12.5 14.625 0.00242964
12.5 16.875 0.00226679
12.5 19.125 0.00201172
12.5 21.375 0.00336138
12.5 23.625 0.0017115
12.5 25.875 0.00207787
12.5 28.125 0.00199954
12.5 30.375 0.00198256
12.5 32.625 0.00320853
12.5 34.875 0.00340736
12.5 37.125 0.0018051
12.5 39.375 0.00221139
12.5 41.625 0.00287872
12.5 43.875 0.00229391
12.7 1.125 0.00239402
12.7 3.375 0.00234122
12.7 5.625 0.00193975
12.7 7.875 0.00191275
12.7 10.125 0.00293279
12.7 12.375 0.00232055
12.7 14.625 0.00225626
12.7 16.875 0.00196182
12.7 19.125 0.00263695
12.7 21.375 0.00260361
12.7 23.625 0.00399396
12.7 25.875 0.00192934
12.7 28.125 0.0775505
12.7 30.375 0.00208293
12.7 32.625 0.00302565
12.7 34.875 0.00294718
12.7 37.125 0.00201907
12.7 39.375 0.00367203
12.7 41.625 0.00242203
12.7 43.875 0.00228583
12.9 1.125 0.032902
12.9 3.375 0.00236285
12.9 5.625 0.00230095
12.9 7.875 0.00354684
12.9 10.125 0.00202561
12.9 12.375 0.0057072
12.9 14.625 0.00205134
12.9 16.875 0.00230968
12.9 19.125 0.00224524
12.9 21.375 0.00248775
12.9 23.625 0.00285668
12.9 25.875 0.00242958
12.9 28.125 0.00257235
12.9 30.375 0.00255679
12.9 32.625 0.00206592
12.9 34.875 0.00218375
12.9 37.125 0.00210927
12.9 39.375 0.00188055
12.9 41.625 0.00245293
12.9 43.875 0.00229623
13.1 1.125 0.0021617
13.1 3.375 0.0354693
13.1 5.625 0.00237473
13.1 7.875 0.00236491
13.1 10.125 0.00228271
13.1 12.375 0.00340891
13.1 14.625 0.00249801
13.1 16.875 0.00217228
13.1 19.125 0.00232568
13.1 21.375 0.00197007
13.1 23.625 0.0025638
13.1 25.875 0.00261359
13.1 28.125 0.00223409
13.1 30.375 0.00232882
13.1 32.625 0.00210363
13.1 34.875 0.00207358
13.1 37.125 0.0317702
13.1 39.375 0.00190866
13.1 41.625 0.00211429
13.1 43.875 0.00255671
13.3 1.125 0.00303944
13.3 3.375 0.00196541
13.3 5.625 0.00221501
13.3 7.875 0.00713589
13.3 10.125 0.00209335
13.3 12.375 0.00260716
13.3 14.625 0.00227491
13.3 16.875 0.00189303
13.3 19.125 0.00256722
13.3 21.375 0.00257545
13.3 23.625 0.00188155
13.3 25.875 0.00288584
13.3 28.125 0.00272452
13.3 30.375 0.00265108
13.3 32.625 0.00392333
13.3 34.875 0.00202038
13.3 37.125 0.00265596
13.3 39.375 0.00273746
13.3 41.625 0.00218345
13.3 43.875 0.00511635
13.5 1.125 0.00207937
13.5 3.375 0.00208235
13.5 5.625 0.00186407
13.5 7.875 0.00206157
13.5 10.125 0.00241123
13.5 12.375 0.00248406
13.5 14.625 0.00205035
13.5 16.875 0.00253699
13.5 19.125 0.0027776
13.5 21.375 0.00212821
13.5 23.625 0.00417712
13.5 25.875 0.00289872
13.5 28.125 0.00179915
13.5 30.375 0.0594646
13.5 32.625 0.00241325
13.5 34.875 0.00208792
13.5 37.125 0.00257803
13.5 39.375 0.00748296
13.5 41.625 0.00262836
13.5 43.875 0.00218303
13.7 1.125 0.00231164
13.7 3.375 0.0016565
13.7 5.625 0.00224173
13.7 7.875 0.00215432
13.7 10.125 0.0020339
13.7 12.375 0.00468291
13.7 14.625 0.00219276
13.7 16.875 0.00392532
13.7 19.125 0.0017745
13.7 21.375 0.0032163
13.7 23.625 0.00214633
13.7 25.875 0.0027985
13.7 28.125 0.00239911
13.7 30.375 0.00238164
13.7 32.625 0.00233112
13.7 34.875 0.00216546
13.7 37.125 0.00294568
13.7 39.375 0.00266982
13.7 41.625 0.00246301
13.7 43.875 0.0223143
13.9 1.125 0.00267852
13.9 3.375 0.00156283
13.9 5.625 0.00198668
13.9 7.875 0.00170349
13.9 10.125 0.00206387
13.9 12.375 0.00209206
13.9 14.625 0.00202565
13.9 16.875 0.00233431
13.9 19.125 0.0027947
13.9 21.375 0.012208
13.9 23.625 0.00191762
13.9 25.875 0.00244375
13.9 28.125 0.00200981
13.9 30.375 0.00483129
13.9 32.625 0.00386398
13.9 34.875 0.00216034
13.9 37.125 0.00241508
13.9 39.375 0.00423756
13.9 41.625 0.00234106
13.9 43.875 0.00374745
