0.1 1.125 0.459235
0.1 3.375 0.591469
0.1 5.625 0.575498
0.1 7.875 0.556085
0.1 10.125 0.582247
0.1 12.375 0.580333
0.1 14.625 0.58542
0.1 16.875 0.575716
0.1 19.125 0.580023
0.1 21.375 0.535519
0.1 23.625 0.588028
0.1 25.875 0.560725
0.1 28.125 0.588712
0.1 30.375 0.582621
0.1 32.625 0.472828
0.1 34.875 0.579462
0.1 37.125 0.589639
0.1 39.375 0.59555
0.1 41.625 0.589072
0.1 43.875 0.58985
0.3 1.125 0.541142
0.3 3.375 0.564636
0.3 5.625 0.583306
0.3 7.875 0.587103
0.3 10.125 0.568782
0.3 12.375 0.577828
0.3 14.625 0.565398
0.3 16.875 0.567068
0.3 19.125 0.57638
0.3 21.375 0.56073
0.3 23.625 0.579736
0.3 25.875 0.566167
0.3 28.125 0.564759
0.3 30.375 0.562128
0.3 32.625 0.559485
0.3 34.875 0.534079
0.3 37.125 0.565491
0.3 39.375 0.522578
0.3 41.625 0.568596
0.3 43.875 0.567273
0.5 1.125 0.55644
0.5 3.375 0.561628
0.5 5.625 0.560094
0.5 7.875 0.56158
0.5 10.125 0.559849
0.5 12.375 0.553812
0.5 14.625 0.552664
0.5 16.875 0.562199
0.5 19.125 0.559988
0.5 21.375 0.558815
0.5 23.625 0.553607
0.5 25.875 0.550164
0.5 28.125 0.557631
0.5 30.375 0.556734
0.5 32.625 0.54148
0.5 34.875 0.530629
0.5 37.125 0.542297
0.5 39.375 0.553798
0.5 41.625 0.546565
0.5 43.875 0.549101
0.7 1.125 0.516373
0.7 3.375 0.533942
0.7 5.625 0.536982
0.7 7.875 0.521954
0.7 10.125 0.526077
0.7 12.375 0.525226
0.7 14.625 0.520704
0.7 16.875 0.530102
0.7 19.125 0.521295
0.7 21.375 0.513845
0.7 23.625 0.518154
0.7 25.875 0.523539
0.7 28.125 0.518935
0.7 30.375 0.52858
0.7 32.625 0.517032
0.7 34.875 0.512741
0.7 37.125 0.517733
0.7 39.375 0.530577
0.7 41.625 0.518753
0.7 43.875 0.519128
0.9 1.125 0.471394
0.9 3.375 0.469032
0.9 5.625 0.47639
0.9 7.875 0.480321
0.9 10.125 0.476964
0.9 12.375 0.466529
0.9 14.625 0.470486
0.9 16.875 0.466848
0.9 19.125 0.463609
0.9 21.375 0.473307
0.9 23.625 0.470822
0.9 25.875 0.476373
0.9 28.125 0.467661
0.9 30.375 0.481606
0.9 32.625 0.466471
0.9 34.875 0.477352
0.9 37.125 0.46541
0.9 39.375 0.459759
0.9 41.625 0.486294
0.9 43.875 0.468509
1.1 1.125 0.380534
1.1 3.375 0.375339
1.1 5.625 0.386352
1.1 7.875 0.387038
1.1 10.125 0.38984
1.1 12.375 0.370389
1.1 14.625 0.372645
1.1 16.875 0.394826
1.1 19.125 0.384017
1.1 21.375 0.389959
1.1 23.625 0.386489
1.1 25.875 0.375885
1.1 28.125 0.383974
1.1 30.375 0.40845
1.1 32.625 0.38472
1.1 34.875 0.413601
1.1 37.125 0.408268
1.1 39.375 0.437714
1.1 41.625 0.407092
1.1 43.875 0.434139
1.3 1.125 0.243694
1.3 3.375 0.256615
1.3 5.625 0.241508
1.3 7.875 0.229886
1.3 10.125 0.242699
1.3 12.375 0.256875
1.3 14.625 0.250014
1.3 16.875 0.291241
1.3 19.125 0.288618
1.3 21.375 0.278699
1.3 23.625 0.287779
1.3 25.875 0.285626
1.3 28.125 0.319067
1.3 30.375 0.327459
1.3 32.625 0.338565
1.3 34.875 0.348884
1.3 37.125 0.330451
1.3 39.375 0.330814
1.3 41.625 0.335237
1.3 43.875 0.368372
1.5 1.125 0.147286
1.5 3.375 0.140911
1.5 5.625 0.14247
1.5 7.875 0.152691
1.5 10.125 0.162179
1.5 12.375 0.15602
1.5 14.625 0.176593
1.5 16.875 0.177088
1.5 19.125 0.201303
1.5 21.375 0.202863
1.5 23.625 0.189098
1.5 25.875 0.189964
1.5 28.125 0.201145
1.5 30.375 0.205349
1.5 32.625 0.236248
1.5 34.875 0.246797
1.5 37.125 0.24838
1.5 39.375 0.240339
1.5 41.625 0.256471
1.5 43.875 0.277796
1.7 1.125 0.080415
1.7 3.375 0.0821629
1.7 5.625 0.0859552
1.7 7.875 0.0936053
1.7 10.125 0.104473
1.7 12.375 0.100054
1.7 14.625 0.103912
1.7 16.875 0.104448
1.7 19.125 0.104741
1.7 21.375 0.108916
1.7 23.625 0.113429
1.7 25.875 0.131632
1.7 28.125 0.126372
1.7 30.375 0.134153
1.7 32.625 0.143936
1.7 34.875 0.137905
1.7 37.125 0.161838
1.7 39.375 0.136438
1.7 41.625 0.144404
1.7 43.875 0.167937
1.9 1.125 0.051154
1.9 3.375 0.0554259
1.9 5.625 0.0535285
1.9 7.875 0.0548269
1.9 10.125 0.0601519
1.9 12.375 0.0609282
1.9 14.625 0.0708396
1.9 16.875 0.0772538
1.9 19.125 0.0658682
1.9 21.375 0.0722996
1.9 23.625 0.0672842
1.9 25.875 0.0732901
1.9 28.125 0.0785616
1.9 30.375 0.0868113
1.9 32.625 0.0826259
1.9 34.875 0.0883448
1.9 37.125 0.095392
1.9 39.375 0.0937985
1.9 41.625 0.102361
1.9 43.875 0.102076
2.1 1.125 0.0334718
2.1 3.375 0.0336654
2.1 5.625 0.0372889
2.1 7.875 0.0341243
2.1 10.125 0.0370807
2.1 12.375 0.0395431
2.1 14.625 0.0397399
2.1 16.875 0.044536
2.1 19.125 0.0446307
2.1 21.375 0.0459254
2.1 23.625 0.0497763
2.1 25.875 0.0503391
2.1 28.125 0.050183
2.1 30.375 0.0505432
2.1 32.625 0.0542356
2.1 34.875 0.0592017
2.1 37.125 0.0602446
2.1 39.375 0.0602725
2.1 41.625 0.0664577
2.1 43.875 0.0637802
2.3 1.125 0.0212545
2.3 3.375 0.0201039
2.3 5.625 0.0238682
2.3 7.875 0.0214168
2.3 10.125 0.0216993
2.3 12.375 0.0231172
2.3 14.625 0.0243605
2.3 16.875 0.0271582
2.3 19.125 0.0273933
2.3 21.375 0.0312115
2.3 23.625 0.0319878
2.3 25.875 0.034087
2.3 28.125 0.0339701
2.3 30.375 0.0348902
2.3 32.625 0.0357414
2.3 34.875 0.0370415
2.3 37.125 0.0412315
2.3 39.375 0.0402584
2.3 41.625 0.0415839
2.3 43.875 0.0430911
2.5 1.125 0.0138841
2.5 3.375 0.0147441
2.5 5.625 0.0140648
2.5 7.875 0.0129385
2.5 10.125 0.0129096
2.5 12.375 0.0130291
2.5 14.625 0.013435
2.5 16.875 0.0150815
2.5 19.125 0.0155087
2.5 21.375 0.0176363
2.5 23.625 0.0172056
2.5 25.875 0.020068
2.5 28.125 0.0234405
2.5 30.375 0.0252428
2.5 32.625 0.0286069
2.5 34.875 0.0269602
2.5 37.125 0.0278115
2.5 39.375 0.0285317
2.5 41.625 0.0254142
2.5 43.875 0.0279378
2.7 1.125 0.0136145
2.7 3.375 0.0129506
2.7 5.625 0.0138744
2.7 7.875 0.0129702
2.7 10.125 0.0119356
2.7 12.375 0.0121557
2.7 14.625 0.0117354
2.7 16.875 0.0109346
2.7 19.125 0.0119071
2.7 21.375 0.0111399
2.7 23.625 0.0126398
2.7 25.875 0.0147208
2.7 28.125 0.0156452
2.7 30.375 0.017051
2.7 32.625 0.0180199
2.7 34.875 0.0185164
2.7 37.125 0.0193228
2.7 39.375 0.0200186
2.7 41.625 0.0215775
2.7 43.875 0.0171494
2.9 1.125 0.0119455
2.9 3.375 0.0104703
2.9 5.625 0.011826
2.9 7.875 0.0106359
2.9 10.125 0.00957484
2.9 12.375 0.010778
2.9 14.625 0.0106465
2.9 16.875 0.0102139
2.9 19.125 0.0113732
2.9 21.375 0.0128315
2.9 23.625 0.0113974
2.9 25.875 0.011981
2.9 28.125 0.0116362
2.9 30.375 0.0121361
2.9 32.625 0.0120042
2.9 34.875 0.0125227
2.9 37.125 0.0142252
2.9 39.375 0.0141852
2.9 41.625 0.015056
2.9 43.875 0.0147968
3.1 1.125 0.00987761
3.1 3.375 0.00949076
3.1 5.625 0.00924436
3.1 7.875 0.0106684
3.1 10.125 0.00976519
3.1 12.375 0.00894085
3.1 14.625 0.00980506
3.1 16.875 0.0103036
3.1 19.125 0.00883189
3.1 21.375 0.0103687
3.1 23.625 0.0101023
3.1 25.875 0.0101999
3.1 28.125 0.0121966
3.1 30.375 0.0117102
3.1 32.625 0.0110717
3.1 34.875 0.0102727
3.1 37.125 0.0103605
3.1 39.375 0.0108623
3.1 41.625 0.0117968
3.1 43.875 0.0131718
3.3 1.125 0.00957574
3.3 3.375 0.0086063
3.3 5.625 0.00946064
3.3 7.875 0.00823336
3.3 10.125 0.00899587
3.3 12.375 0.00931438
3.3 14.625 0.008629
3.3 16.875 0.00882993
3.3 19.125 0.0100371
3.3 21.375 0.00888043
3.3 23.625 0.00861468
3.3 25.875 0.00945586
3.3 28.125 0.00990984
3.3 30.375 0.00914755
3.3 32.625 0.0100759
3.3 34.875 0.00964884
3.3 37.125 0.0107764
3.3 39.375 0.00940877
3.3 41.625 0.0100698
3.3 43.875 0.010406
3.5 1.125 0.00924024
3.5 3.375 0.00794127
3.5 5.625 0.00811126
3.5 7.875 0.0150753
3.5 10.125 0.0090079
3.5 12.375 0.00946775
3.5 14.625 0.00809464
3.5 16.875 0.00995571
3.5 19.125 0.00771234
3.5 21.375 0.00874109
3.5 23.625 0.00844445
3.5 25.875 0.00858871
3.5 28.125 0.00877922
3.5 30.375 0.0094821
3.5 32.625 0.00938322
3.5 34.875 0.00835572
3.5 37.125 0.00945317
3.5 39.375 0.00966245
3.5 41.625 0.00815226
3.5 43.875 0.00793494
3.7 1.125 0.00855378
3.7 3.375 0.00815775
3.7 5.625 0.00803157
3.7 7.875 0.0085099
3.7 10.125 0.00874886
3.7 12.375 0.00829089
3.7 14.625 0.00780812
3.7 16.875 0.00990409
3.7 19.125 0.00884966
3.7 21.375 0.0100841
3.7 23.625 0.00734354
3.7 25.875 0.008012
3.7 28.125 0.00981153
3.7 30.375 0.00896239
3.7 32.625 0.0084646
3.7 34.875 0.00939437
3.7 37.125 0.00812406
3.7 39.375 0.00839367
3.7 41.625 0.00768642
3.7 43.875 0.00864264
3.9 1.125 0.00807368
3.9 3.375 0.00875232
3.9 5.625 0.00720847
3.9 7.875 0.00767039
3.9 10.125 0.00828579
3.9 12.375 0.00715639
3.9 14.625 0.00875551
3.9 16.875 0.00805198
3.9 19.125 0.0103087
3.9 21.375 0.00998631
3.9 23.625 0.00822992
3.9 25.875 0.00855113
3.9 28.125 0.0087213
3.9 30.375 0.009419
3.9 32.625 0.00793334
3.9 34.875 0.00777303
3.9 37.125 0.00822288
3.9 39.375 0.00719699
3.9 41.625 0.0069694
3.9 43.875 0.00797088
4.1 1.125 0.00798287
4.1 3.375 0.00788225
4.1 5.625 0.00621299
4.1 7.875 0.00794652
4.1 10.125 0.00684355
4.1 12.375 0.00765015
4.1 14.625 0.00849448
4.1 16.875 0.00796379
4.1 19.125 0.00795391
4.1 21.375 0.00828045
4.1 23.625 0.00866111
4.1 25.875 0.00705006
4.1 28.125 0.0100006
4.1 30.375 0.00762086
4.1 32.625 0.00833835
4.1 34.875 0.00734907
4.1 37.125 0.00640816
4.1 39.375 0.00680951
4.1 41.625 0.00689677
4.1 43.875 0.00687358
4.3 1.125 0.00667171
4.3 3.375 0.00960359
4.3 5.625 0.00770443
4.3 7.875 0.00686895
4.3 10.125 0.00802954
4.3 12.375 0.00748105
4.3 14.625 0.00678677
4.3 16.875 0.00777489
4.3 19.125 0.00749039
4.3 21.375 0.00760244
4.3 23.625 0.00753709
4.3 25.875 0.00788408
4.3 28.125 0.00806437
4.3 30.375 0.00699393
4.3 32.625 0.00732157
4.3 34.875 0.00669291
4.3 37.125 0.007138
4.3 39.375 0.00671849
4.3 41.625 0.00706526
4.3 43.875 0.00641339
4.5 1.125 0.00611884
4.5 3.375 0.00608077
4.5 5.625 0.00654666
4.5 7.875 0.00671987
4.5 10.125 0.00669303
4.5 12.375 0.00707007
4.5 14.625 0.00715574
4.5 16.875 0.00681578
4.5 19.125 0.00713301
4.5 21.375 0.00692731
4.5 23.625 0.00720024
4.5 25.875 0.0078354
4.5 28.125 0.00678735
4.5 30.375 0.00667266
4.5 32.625 0.00698657
4.5 34.875 0.00645175
4.5 37.125 0.00649569
4.5 39.375 0.00652201
4.5 41.625 0.00674493
4.5 43.875 0.00560408
4.7 1.125 0.00655812
4.7 3.375 0.00666525
4.7 5.625 0.00629908
4.7 7.875 0.00700039
4.7 10.125 0.0069035
4.7 12.375 0.00686768
4.7 14.625 0.00750345
4.7 16.875 0.00696687
4.7 19.125 0.00815974
4.7 21.375 0.00626048
4.7 23.625 0.00631166
4.7 25.875 0.00765336
4.7 28.125 0.007315
4.7 30.375 0.00644181
4.7 32.625 0.0061531
4.7 34.875 0.00632453
4.7 37.125 0.00587504
4.7 39.375 0.00600824
4.7 41.625 0.00725819
4.7 43.875 0.00634274
4.9 1.125 0.0057188
4.9 3.375 0.00622
4.9 5.625 0.00593893
4.9 7.875 0.00620165
4.9 10.125 0.0061879
4.9 12.375 0.00591572
4.9 14.625 0.00660561
4.9 16.875 0.00600987
4.9 19.125 0.00656586
4.9 21.375 0.00573871
4.9 23.625 0.00650107
4.9 25.875 0.00756094
4.9 28.125 0.0062511
4.9 30.375 0.00614769
4.9 32.625 0.00695235
4.9 34.875 0.00570541
4.9 37.125 0.00617744
4.9 39.375 0.00729218
4.9 41.625 0.00688798
4.9 43.875 0.00723725
5.1 1.125 0.0138847
5.1 3.375 0.00565756
5.1 5.625 0.00709895
5.1 7.875 0.00577075
5.1 10.125 0.00569146
5.1 12.375 0.00643461
5.1 14.625 0.00680086
5.1 16.875 0.00665831
5.1 19.125 0.00623382
5.1 21.375 0.00655976
5.1 23.625 0.00720605
5.1 25.875 0.00630957
5.1 28.125 0.00617252
5.1 30.375 0.00550464
5.1 32.625 0.00874665
5.1 34.875 0.005803
5.1 37.125 0.00630361
5.1 39.375 0.00800505
5.1 41.625 0.00605982
5.1 43.875 0.00499516
5.3 1.125 0.00580718
5.3 3.375 0.00616929
5.3 5.625 0.00520588
5.3 7.875 0.00587553
5.3 10.125 0.0058878
5.3 12.375 0.00728169
5.3 14.625 0.00601862
5.3 16.875 0.00642772
5.3 19.125 0.00555343
5.3 21.375 0.00616202
5.3 23.625 0.00689317
5.3 25.875 0.00627629
5.3 28.125 0.00622554
5.3 30.375 0.00625955
5.3 32.625 0.00696516
5.3 34.875 0.00634272
5.3 37.125 0.00616415
5.3 39.375 0.00566162
5.3 41.625 0.00678942
5.3 43.875 0.00763317
5.5 1.125 0.0059568
5.5 3.375 0.00624313
5.5 5.625 0.00534649
5.5 7.875 0.00563382
5.5 10.125 0.00447892
5.5 12.375 0.00586206
5.5 14.625 0.00570084
5.5 16.875 0.00730227
5.5 19.125 0.00529816
5.5 21.375 0.00538377
5.5 23.625 0.0152166
5.5 25.875 0.00634348
5.5 28.125 0.00528761
5.5 30.375 0.00642879
5.5 32.625 0.00587055
5.5 34.875 0.00619707
5.5 37.125 0.00625673
5.5 39.375 0.00593441
5.5 41.625 0.0063484
5.5 43.875 0.00646972
5.7 1.125 0.00581264
5.7 3.375 0.00554862
5.7 5.625 0.0054249
5.7 7.875 0.00717405
5.7 10.125 0.00584385
5.7 12.375 0.00578444
5.7 14.625 0.00457702
5.7 16.875 0.0216875
5.7 19.125 0.00508804
5.7 21.375 0.00583523
5.7 23.625 0.00658809
5.7 25.875 0.00529971
5.7 28.125 0.00547856
5.7 30.375 0.00587154
5.7 32.625 0.00594571
5.7 34.875 0.00558009
5.7 37.125 0.00588738
5.7 39.375 0.00565846
5.7 41.625 0.00703432
5.7 43.875 0.00562031
5.9 1.125 0.00636432
5.9 3.375 0.00603389
5.9 5.625 0.00501881
5.9 7.875 0.00735004
5.9 10.125 0.0226634
5.9 12.375 0.00682791
5.9 14.625 0.00555202
5.9 16.875 0.00606588
5.9 19.125 0.0056127
5.9 21.375 0.00516467
5.9 23.625 0.00559819
5.9 25.875 0.00550961
5.9 28.125 0.00509123
5.9 30.375 0.00453076
5.9 32.625 0.00633268
5.9 34.875 0.00541905
5.9 37.125 0.00594302
5.9 39.375 0.00554046
5.9 41.625 0.00649323
5.9 43.875 0.00704996
6.1 1.125 0.00594414
6.1 3.375 0.00527035
6.1 5.625 0.00642845
6.1 7.875 0.00423641
6.1 10.125 0.00522852
6.1 12.375 0.00559275
6.1 14.625 0.00678666
6.1 16.875 0.00588694
6.1 19.125 0.00524029
6.1 21.375 0.00558419
6.1 23.625 0.00518834
6.1 25.875 0.00580457
6.1 28.125 0.00543507
6.1 30.375 0.00506611
6.1 32.625 0.00618006
6.1 34.875 0.00485123
6.1 37.125 0.00552472
6.1 39.375 0.00532878
6.1 41.625 0.00536241
6.1 43.875 0.00556031
6.3 1.125 0.00546906
6.3 3.375 0.00530605
6.3 5.625 0.0056681
6.3 7.875 0.03353
6.3 10.125 0.0117748
6.3 12.375 0.00615708
6.3 14.625 0.00702628
6.3 16.875 0.00776673
6.3 19.125 0.00568193
6.3 21.375 0.00590691
6.3 23.625 0.00661091
6.3 25.875 0.00544035
6.3 28.125 0.00540046
6.3 30.375 0.00492723
6.3 32.625 0.00496922
6.3 34.875 0.00582987
6.3 37.125 0.00632859
6.3 39.375 0.0050609
6.3 41.625 0.00543216
6.3 43.875 0.0052026
6.5 1.125 0.00674929
6.5 3.375 0.00563223
6.5 5.625 0.0050254
6.5 7.875 0.00544768
6.5 10.125 0.00458417
6.5 12.375 0.00382581
6.5 14.625 0.00617261
6.5 16.875 0.00502171
6.5 19.125 0.0053751
6.5 21.375 0.00559505
6.5 23.625 0.005505
6.5 25.875 0.00485425
6.5 28.125 0.00511446
6.5 30.375 0.00501314
6.5 32.625 0.00584067
6.5 34.875 0.00502603
6.5 37.125 0.00549071
6.5 39.375 0.00464488
6.5 41.625 0.00469858
6.5 43.875 0.00500215
6.7 1.125 0.00549702
6.7 3.375 0.00511558
6.7 5.625 0.00635736
6.7 7.875 0.00635767
6.7 10.125 0.0055355
6.7 12.375 0.00593945
6.7 14.625 0.00587421
6.7 16.875 0.00553074
6.7 19.125 0.00620205
6.7 21.375 0.00453135
6.7 23.625 0.00578121
6.7 25.875 0.00584161
6.7 28.125 0.00587661
6.7 30.375 0.0358662
6.7 32.625 0.0049453
6.7 34.875 0.00538921
6.7 37.125 0.0044349
6.7 39.375 0.00458812
6.7 41.625 0.00520454
6.7 43.875 0.00566683
6.9 1.125 0.00522127
6.9 3.375 0.00656263
6.9 5.625 0.00546127
6.9 7.875 0.00592393
6.9 10.125 0.00669523
6.9 12.375 0.00537977
6.9 14.625 0.00585799
6.9 16.875 0.00478411
6.9 19.125 0.00536111
6.9 21.375 0.00547729
6.9 23.625 0.00457198
6.9 25.875 0.00476762
6.9 28.125 0.00529301
6.9 30.375 0.00489324
6.9 32.625 0.00755551
6.9 34.875 0.00679498
6.9 37.125 0.00584164
6.9 39.375 0.00516866
6.9 41.625 0.00487185
6.9 43.875 0.00688236
7.1 1.125 0.00500478
7.1 3.375 0.00483894
7.1 5.625 0.00603864
7.1 7.875 0.00527395
7.1 10.125 0.00552137
7.1 12.375 0.00560519
7.1 14.625 0.00594172
7.1 16.875 0.00554224
7.1 19.125 0.00573752
7.1 21.375 0.00602899
7.1 23.625 0.00525268
7.1 25.875 0.0056024
7.1 28.125 0.0188411
7.1 30.375 0.00639925
7.1 32.625 0.0054059
7.1 34.875 0.00513458
7.1 37.125 0.00584526
7.1 39.375 0.00550975
7.1 41.625 0.00563932
7.1 43.875 0.00496501
7.3 1.125 0.00563424
7.3 3.375 0.00468077
7.3 5.625 0.00550952
7.3 7.875 0.00544451
7.3 10.125 0.00469707
7.3 12.375 0.00553071
7.3 14.625 0.00464857
7.3 16.875 0.00729884
7.3 19.125 0.0052756
7.3 21.375 0.00613645
7.3 23.625 0.00537572
7.3 25.875 0.00556127
7.3 28.125 0.00640185
7.3 30.375 0.00424195
7.3 32.625 0.00524714
7.3 34.875 0.00476817
7.3 37.125 0.00510268
7.3 39.375 0.00572819
7.3 41.625 0.00504123
7.3 43.875 0.00519414
7.5 1.125 0.0190357
7.5 3.375 0.028979
7.5 5.625 0.00503931
7.5 7.875 0.00395724
7.5 10.125 0.00648371
7.5 12.375 0.00511394
7.5 14.625 0.00548271
7.5 16.875 0.00577255
7.5 19.125 0.00480704
7.5 21.375 0.00529919
7.5 23.625 0.00600668
7.5 25.875 0.00647343
7.5 28.125 0.00452198
7.5 30.375 0.00540652
7.5 32.625 0.00586453
7.5 34.875 0.00504238
7.5 37.125 0.00578413
7.5 39.375 0.00504046
7.5 41.625 0.00413361
7.5 43.875 0.00489672
7.7 1.125 0.00507766
7.7 3.375 0.00554372
7.7 5.625 0.00501063
7.7 7.875 0.00536787
7.7 10.125 0.00566603
7.7 12.375 0.00536719
7.7 14.625 0.00484707
7.7 16.875 0.00639204
7.7 19.125 0.00646945
7.7 21.375 0.00500042
7.7 23.625 0.00448203
7.7 25.875 0.00460705
7.7 28.125 0.0045766
7.7 30.375 0.00605789
7.7 32.625 0.00544588
7.7 34.875 0.00441859
7.7 37.125 0.00487606
7.7 39.375 0.00577301
7.7 41.625 0.00537034
7.7 43.875 0.00408889
7.9 1.125 0.00532928
7.9 3.375 0.00576578
7.9 5.625 0.00540104
7.9 7.875 0.00617869
7.9 10.125 0.00445183
7.9 12.375 0.00531662
7.9 14.625 0.00541813
7.9 16.875 0.00450259
7.9 19.125 0.00587185
7.9 21.375 0.00540112
7.9 23.625 0.00605695
7.9 25.875 0.00513197
7.9 28.125 0.0038483
7.9 30.375 0.00614263
7.9 32.625 0.00441333
7.9 34.875 0.00602173
7.9 37.125 0.00568324
7.9 39.375 0.00535746
7.9 41.625 0.00403723
7.9 43.875 0.00498676
8.1 1.125 0.00589937
8.1 3.375 0.00618648
8.1 5.625 0.00586607
8.1 7.875 0.00398624
8.1 10.125 0.00355243
8.1 12.375 0.00582613
8.1 14.625 0.00472083
8.1 16.875 0.0050777
8.1 19.125 0.00598115
8.1 21.375 0.00676294
8.1 23.625 0.00511698
8.1 25.875 0.00522322
8.1 28.125 0.00475863
8.1 30.375 0.00513487
8.1 32.625 0.00419994
8.1 34.875 0.00580403
8.1 37.125 0.00575858
8.1 39.375 0.00777218
8.1 41.625 0.00500559
8.1 43.875 0.0051793
8.3 1.125 0.00399835
8.3 3.375 0.00516337
8.3 5.625 0.00587787
8.3 7.875 0.0134929
8.3 10.125 0.00805067
8.3 12.375 0.00466647
8.3 14.625 0.00530926
8.3 16.875 0.00552317
8.3 19.125 0.00533527
8.3 21.375 0.00499793
8.3 23.625 0.00621391
8.3 25.875 0.00523073
8.3 28.125 0.00398526
8.3 30.375 0.00462963
8.3 32.625 0.00693351
8.3 34.875 0.00467149
8.3 37.125 0.00483955
8.3 39.375 0.00554956
8.3 41.625 0.00639401
8.3 43.875 0.00590968
8.5 1.125 0.00458902
8.5 3.375 0.0047867
8.5 5.625 0.00404424
8.5 7.875 0.00792486
8.5 10.125 0.00419181
8.5 12.375 0.00558881
8.5 14.625 0.00568176
8.5 16.875 0.00468936
8.5 19.125 0.00451678
8.5 21.375 0.00483116
8.5 25.875 0.00481705
8.5 28.125 0.00397838
8.5 30.375 0.0366437
8.5 32.625 0.00546464
8.5 34.875 0.00455288
8.5 37.125 0.00480478
8.5 39.375 0.00623922
8.5 41.625 0.00477013
8.5 43.875 0.00429444
8.7 1.125 0.00451377
8.7 3.375 0.00508131
8.7 5.625 0.00821951
8.7 7.875 0.00390672
8.7 10.125 0.00526489
8.7 12.375 0.00501351
8.7 14.625 0.00460615
8.7 16.875 0.00691006
8.7 19.125 0.00392564
8.7 21.375 0.0046971
8.7 23.625 0.00355585
8.7 25.875 0.00571887
8.7 28.125 0.00498427
8.7 30.375 0.00470706
8.7 32.625 0.0218709
8.7 34.875 0.00560526
8.7 37.125 0.00467996
8.7 39.375 0.00545924
8.7 41.625 0.00452473
8.9 1.125 0.00663768
8.9 3.375 0.00449725
8.9 5.625 0.00438145
8.9 7.875 0.00450822
8.9 10.125 0.00494683
8.9 12.375 0.00461052
8.9 14.625 0.0044451
8.9 16.875 0.0056852
8.9 19.125 0.00366807
8.9 21.375 0.0173561
8.9 23.625 0.00494403
8.9 25.875 0.00356817
8.9 28.125 0.0057382
8.9 30.375 0.00415562
8.9 32.625 0.00532258
8.9 34.875 0.00686531
8.9 37.125 0.00527338
8.9 39.375 0.00402717
8.9 43.875 0.0043253
9.1 1.125 0.00575067
9.1 5.625 0.00604424
9.1 7.875 0.0040299
9.1 10.125 0.00540716
9.1 12.375 0.0043455
9.1 14.625 0.00436471
9.1 16.875 0.00528118
9.1 19.125 0.00433826
9.1 21.375 0.00691553
9.1 25.875 0.00374251
9.1 28.125 0.00519989
9.1 30.375 0.00406901
9.1 32.625 0.00499922
9.1 34.875 0.00420488
9.1 37.125 0.00620102
9.1 39.375 0.0049497
9.1 41.625 0.00424101
9.1 43.875 0.00550117
9.3 1.125 0.00533678
9.3 3.375 0.00625427
9.3 5.625 0.00350564
9.3 7.875 0.00501081
9.3 10.125 0.00403585
9.3 12.375 0.00495745
9.3 14.625 0.00430463
9.3 16.875 0.00477288
9.3 19.125 0.0036686
9.3 25.875 0.00379288
9.3 28.125 0.0040579
9.3 30.375 0.0045707
9.3 32.625 0.00382848
9.3 34.875 0.0035477
9.3 37.125 0.00553239
9.3 39.375 0.00423468
9.3 41.625 0.00420877
9.3 43.875 0.00642775
9.5 1.125 0.00429744
9.5 3.375 0.00366439
9.5 5.625 0.00470223
9.5 7.875 0.0044769
9.5 10.125 0.00439484
9.5 12.375 0.00618117
9.5 14.625 0.00504193
9.5 16.875 0.00559131
9.5 19.125 0.00553001
9.5 21.375 0.00781393
9.5 28.125 0.00553217
9.5 30.375 0.00465018
9.5 32.625 0.0044478
9.5 34.875 0.0057905
9.5 37.125 0.00456124
9.5 39.375 0.00908601
9.5 41.625 0.00431207
9.7 1.125 0.00447655
9.7 3.375 0.00467772
9.7 5.625 0.00341251
9.7 7.875 0.0042949
9.7 10.125 0.00390202
9.7 12.375 0.00392624
9.7 14.625 0.00438195
9.7 16.875 0.00353917
9.7 21.375 0.00491562
9.7 25.875 0.00449337
9.7 28.125 0.0054846
9.7 30.375 0.00451721
9.7 32.625 0.00435563
9.7 34.875 0.00411093
9.7 37.125 0.00370313
9.7 39.375 0.00509165
9.7 41.625 0.00429041
9.7 43.875 0.00446893
9.9 1.125 0.00503296
9.9 3.375 0.00532518
9.9 5.625 0.00452902
9.9 7.875 0.00635367
9.9 10.125 0.00474988
9.9 12.375 0.00441105
9.9 14.625 0.0047159
9.9 16.875 0.00559196
9.9 21.375 0.00608044
9.9 23.625 0.00492585
9.9 25.875 0.00424138
9.9 28.125 0.0046198
9.9 30.375 0.0044654
9.9 32.625 0.0040792
9.9 39.375 0.00521235
9.9 41.625 0.00427646
9.9 43.875 0.00882369
10.1 1.125 0.0039458
10.1 3.375 0.00511521
10.1 5.625 0.00405609
10.1 10.125 0.00430516
10.1 12.375 0.00578334
10.1 14.625 0.00604372
10.1 16.875 0.0055759
10.1 19.125 0.00404421
10.1 23.625 0.00578318
10.1 25.875 0.00520266
10.1 28.125 0.00413547
10.1 30.375 0.00421263
10.1 32.625 0.00446984
10.1 39.375 0.00517455
10.1 41.625 0.00490537
10.1 43.875 0.00489132
10.3 1.125 0.00472533
10.3 3.375 0.00641152
10.3 10.125 0.00393166
10.3 12.375 0.00433115
10.3 14.625 0.00639369
10.3 16.875 0.00714745
10.3 19.125 0.00329225
10.3 21.375 0.00683621
10.3 23.625 0.00275151
10.3 25.875 0.00833168
10.3 28.125 0.00778051
10.3 30.375 0.00485766
10.3 41.625 0.00418756
10.3 43.875 0.0048137
10.5 1.125 0.00672075
10.5 10.125 0.00497646
10.5 14.625 0.0036955
10.5 16.875 0.00417986
10.5 21.375 0.00423244
10.5 23.625 0.00474586
10.5 25.875 0.00470154
10.5 28.125 0.00456847
10.5 30.375 0.00530938
10.5 32.625 0.00430921
10.5 41.625 0.00453565
10.5 43.875 0.00485816
10.7 1.125 0.00531545
10.7 5.625 0.00451124
10.7 10.125 0.00328641
10.7 12.375 0.00489328
10.7 14.625 0.00358075
10.7 19.125 0.00427517
10.7 21.375 0.00474244
10.7 23.625 0.00605522
10.7 25.875 0.00726114
10.7 28.125 0.00459827
10.7 41.625 0.00569038
10.7 43.875 0.00506014
10.9 1.125 0.0058883
10.9 14.625 0.00404827
10.9 16.875 0.00425378
10.9 21.375 0.00354197
10.9 25.875 0.00398736
10.9 28.125 0.00567764
10.9 30.375 0.00535402
10.9 39.375 0.00538517
10.9 41.625 0.00549201
10.9 43.875 0.00488186
11.1 1.125 0.00459659
11.1 19.125 0.00594241
11.1 23.625 0.00431441
11.1 25.875 0.00439922
11.1 28.125 0.0057418
11.1 30.375 0.00482692
11.1 41.625 0.00416555
11.3 7.875 0.00653679
11.3 14.625 0.0048778
11.3 25.875 0.00464653
11.3 28.125 0.00608176
11.3 30.375 0.00486198
11.3 39.375 0.00521693
11.3 41.625 0.00551614
11.5 1.125 0.00441158
11.5 12.375 0.00329997
11.5 23.625 0.00480312
11.5 30.375 0.00333975
11.5 32.625 0.00799467
11.5 34.875 0.00788361
11.5 37.125 0.00454452
11.5 39.375 0.00413608
11.5 41.625 0.00469815
11.7 1.125 0.00629683
11.7 34.875 0.00361022
11.7 37.125 0.00414957
11.9 1.125 0.00400796
11.9 10.125 0.00569608
11.9 12.375 0.00543157
11.9 14.625 0.00572229
11.9 32.625 0.00542283
11.9 37.125 0.00388162
12.1 1.125 0.00484556
12.1 12.375 0.00389653
12.1 19.125 0.00387593
12.1 39.375 0.00374427
12.3 10.125 0.0063723
12.3 14.625 0.00426455
12.3 23.625 0.00680495
12.3 34.875 0.00375894
12.3 37.125 0.00464108
12.3 39.375 0.0054495
12.5 5.625 0.00702
12.5 10.125 0.00459969
12.5 12.375 0.00538211
12.5 14.625 0.00387995
12.5 21.375 0.00648288
12.7 37.125 0.00379809
12.7 39.375 0.00502391
12.9 10.125 0.00565524
12.9 19.125 0.00691466
13.1 21.375 0.00433801
13.1 41.625 0.00432436
13.3 30.375 0.00387959
13.3 43.875 0.00276244
13.7 28.125 0.00548717
13.7 43.875 0.00539396
