0.1 1.125 2.46547
0.1 3.375 2.46097
0.1 5.625 1.55133
0.1 7.875 1.37148
0.1 10.125 0.978118
0.1 12.375 1.97343
0.1 14.625 2.14931
0.1 16.875 2.46574
0.1 19.125 2.25561
0.1 21.375 2.42129
0.1 23.625 2.39222
0.1 25.875 2.47482
0.1 28.125 2.03633
0.1 30.375 2.18223
0.1 34.875 2.38726
0.1 37.125 2.45665
0.1 39.375 2.45947
0.1 41.625 2.4441
0.3 1.125 2.42661
0.3 3.375 2.38041
0.3 5.625 2.34993
0.3 7.875 2.38218
0.3 10.125 2.37295
0.3 12.375 2.36001
0.3 14.625 2.44948
0.3 16.875 2.3125
0.3 19.125 2.38294
0.3 21.375 2.36186
0.3 23.625 2.35326
0.3 25.875 2.16851
0.3 28.125 2.41883
0.3 30.375 2.44438
0.3 32.625 2.31321
0.3 34.875 2.42
0.3 37.125 2.41899
0.3 39.375 2.39369
0.3 41.625 2.37379
0.3 43.875 2.31376
0.5 1.125 2.34864
0.5 3.375 2.35166
0.5 5.625 2.35504
0.5 7.875 2.08694
0.5 10.125 2.31726
0.5 12.375 2.29804
0.5 14.625 2.35375
0.5 16.875 2.39152
0.5 19.125 2.28977
0.5 21.375 2.38898
0.5 23.625 2.3495
0.5 25.875 2.3424
0.5 28.125 2.32785
0.5 30.375 2.32563
0.5 32.625 2.35238
0.5 34.875 2.38142
0.5 37.125 2.34312
0.5 39.375 2.39858
0.5 41.625 2.38515
0.5 43.875 2.40911
0.7 1.125 2.17051
0.7 3.375 2.22173
0.7 5.625 2.22378
0.7 7.875 2.22638
0.7 10.125 2.20899
0.7 12.375 2.23946
0.7 14.625 2.26701
0.7 16.875 2.26142
0.7 19.125 2.24354
0.7 21.375 2.22452
0.7 23.625 2.21788
0.7 25.875 2.26254
0.7 28.125 2.21971
0.7 30.375 2.21344
0.7 32.625 2.20655
0.7 34.875 2.24745
0.7 37.125 2.2726
0.7 39.375 2.24015
0.7 41.625 2.29905
0.7 43.875 2.27572
0.9 1.125 1.94701
0.9 3.375 1.94629
0.9 5.625 2.04843
0.9 7.875 2.03358
0.9 10.125 1.94462
0.9 12.375 1.97097
0.9 14.625 1.9994
0.9 16.875 1.97683
0.9 19.125 2.04412
0.9 21.375 2.00982
0.9 23.625 2.02456
0.9 25.875 2.00237
0.9 28.125 2.07457
0.9 30.375 2.07043
0.9 32.625 2.15607
0.9 34.875 2.0646
0.9 37.125 2.11708
0.9 39.375 2.09014
0.9 41.625 2.12528
0.9 43.875 2.16927
1.1 1.125 1.34309
1.1 3.375 1.42122
1.1 5.625 1.50092
1.1 7.875 1.40991
1.1 10.125 1.45317
1.1 12.375 1.53811
1.1 14.625 1.49537
1.1 16.875 1.52827
1.1 19.125 1.60719
1.1 21.375 1.60279
1.1 23.625 1.7054
1.1 25.875 1.71309
1.1 28.125 1.73737
1.1 30.375 1.78397
1.1 32.625 1.77452
1.1 34.875 1.81868
1.1 37.125 1.8687
1.1 39.375 1.94134
1.1 41.625 1.92552
1.1 43.875 1.92435
1.3 1.125 0.795574
1.3 3.375 0.772156
1.3 5.625 0.855754
1.3 7.875 0.802844
1.3 10.125 0.86124
1.3 12.375 0.829277
1.3 14.625 0.944335
1.3 16.875 0.910087
1.3 19.125 0.97581
1.3 21.375 1.09146
1.3 23.625 1.05465
1.3 25.875 1.15709
1.3 28.125 1.19833
1.3 30.375 1.19426
1.3 32.625 1.35105
1.3 34.875 1.3776
1.3 37.125 1.49137
1.3 39.375 1.51212
1.3 41.625 1.52876
1.3 43.875 1.56676
1.5 1.125 0.401413
1.5 3.375 0.413292
1.5 5.625 0.443709
1.5 7.875 0.425608
1.5 10.125 0.427822
1.5 12.375 0.461819
1.5 14.625 0.508402
1.5 16.875 0.461267
1.5 19.125 0.503932
1.5 21.375 0.519675
1.5 23.625 0.552652
1.5 25.875 0.627304
1.5 28.125 0.610181
1.5 30.375 0.740998
1.5 32.625 0.697743
1.5 34.875 0.794658
1.5 37.125 0.888884
1.5 39.375 0.861327
1.5 41.625 1.04273
1.5 43.875 1.03555
1.7 1.125 0.229146
1.7 3.375 0.249908
1.7 5.625 0.260639
1.7 7.875 0.256333
1.7 10.125 0.262788
1.7 12.375 0.262988
1.7 14.625 0.26505
1.7 16.875 0.260384
1.7 19.125 0.290569
1.7 21.375 0.290994
1.7 23.625 0.297375
1.7 25.875 0.307386
1.7 28.125 0.33243
1.7 30.375 0.354927
1.7 32.625 0.380007
1.7 34.875 0.382354
1.7 37.125 0.410919
1.7 39.375 0.486537
1.7 41.625 0.486026
1.7 43.875 0.54653
1.9 1.125 0.143389
1.9 3.375 0.150782
1.9 5.625 0.159048
1.9 7.875 0.158867
1.9 10.125 0.156985
1.9 12.375 0.16526
1.9 14.625 0.168318
1.9 16.875 0.170614
1.9 19.125 0.168266
1.9 21.375 0.177562
1.9 23.625 0.190081
1.9 25.875 0.20003
1.9 28.125 0.199048
1.9 30.375 0.20665
1.9 32.625 0.219137
1.9 34.875 0.222354
1.9 37.125 0.238468
1.9 39.375 0.251546
1.9 41.625 0.263217
1.9 43.875 0.271267
2.1 1.125 0.0979095
2.1 3.375 0.106109
2.1 5.625 0.101796
2.1 7.875 0.103239
2.1 10.125 0.101547
2.1 12.375 0.107249
2.1 14.625 0.111603
2.1 16.875 0.111285
2.1 19.125 0.108713
2.1 21.375 0.115884
2.1 23.625 0.126475
2.1 25.875 0.124198
2.1 28.125 0.130254
2.1 30.375 0.130887
2.1 32.625 0.139782
2.1 34.875 0.148142
2.1 37.125 0.151095
2.1 39.375 0.157895
2.1 41.625 0.155513
2.1 43.875 0.160487
2.3 1.125 0.0765221
2.3 3.375 0.0712273
2.3 5.625 0.0709488
2.3 7.875 0.078955
2.3 10.125 0.0737784
2.3 12.375 0.0727321
2.3 14.625 0.0811558
2.3 16.875 0.0783751
2.3 19.125 0.0796127
2.3 21.375 0.0743016
2.3 23.625 0.0830535
2.3 25.875 0.0909153
2.3 28.125 0.0901519
2.3 30.375 0.0920137
2.3 32.625 0.0992266
2.3 34.875 0.100421
2.3 37.125 0.103102
2.3 39.375 0.101011
2.3 41.625 0.109507
2.3 43.875 0.107875
2.5 1.125 0.0535974
2.5 3.375 0.0538957
2.5 5.625 0.0533404
2.5 7.875 0.0561618
2.5 10.125 0.0520529
2.5 12.375 0.053355
2.5 14.625 0.0560811
2.5 16.875 0.0545672
2.5 19.125 0.0567481
2.5 21.375 0.0572573
2.5 23.625 0.0579129
2.5 25.875 0.0632891
2.5 28.125 0.0646411
2.5 30.375 0.06834
2.5 32.625 0.0679805
2.5 34.875 0.0708983
2.5 37.125 0.0698073
2.5 39.375 0.0688295
2.5 41.625 0.0702732
2.5 43.875 0.0687233
2.7 1.125 0.0421534
2.7 3.375 0.0411662
2.7 5.625 0.0409935
2.7 7.875 0.0407462
2.7 10.125 0.0404562
2.7 12.375 0.0400602
2.7 14.625 0.041544
2.7 16.875 0.0431282
2.7 19.125 0.041544
2.7 21.375 0.0452525
2.7 23.625 0.0472356
2.7 25.875 0.0452166
2.7 28.125 0.0467525
2.7 30.375 0.0513672
2.7 32.625 0.049188
2.7 34.875 0.0473522
2.7 37.125 0.0470545
2.7 39.375 0.0480321
2.7 41.625 0.0469837
2.7 43.875 0.0486921
2.9 1.125 0.0329335
2.9 3.375 0.0334817
2.9 5.625 0.0337872
2.9 7.875 0.0332129
2.9 10.125 0.0325585
2.9 12.375 0.0331687
2.9 14.625 0.0317333
2.9 16.875 0.0354051
2.9 19.125 0.0341439
2.9 21.375 0.0362385
2.9 23.625 0.0367052
2.9 25.875 0.0361623
2.9 28.125 0.0387658
2.9 30.375 0.0362908
2.9 32.625 0.038837
2.9 34.875 0.040662
2.9 37.125 0.0367854
2.9 39.375 0.0366064
2.9 41.625 0.0361547
2.9 43.875 0.0361916
3.1 1.125 0.0260014
3.1 3.375 0.0307047
3.1 5.625 0.0257449
3.1 7.875 0.0251683
3.1 10.125 0.0271448
3.1 12.375 0.0289422
3.1 14.625 0.027111
3.1 16.875 0.0277444
3.1 19.125 0.0273643
3.1 21.375 0.0281623
3.1 23.625 0.0295964
3.1 25.875 0.0293593
3.1 28.125 0.0291409
3.1 30.375 0.0290571
3.1 32.625 0.0304539
3.1 34.875 0.0295708
3.1 37.125 0.030849
3.1 39.375 0.0292655
3.1 41.625 0.0297941
3.1 43.875 0.0290408
3.3 1.125 0.0221558
3.3 3.375 0.0211521
3.3 5.625 0.0223784
3.3 7.875 0.0221907
3.3 10.125 0.0211068
3.3 12.375 0.0223722
3.3 14.625 0.0220442
3.3 16.875 0.0231611
3.3 19.125 0.0232924
3.3 21.375 0.0245211
3.3 23.625 0.0243423
3.3 25.875 0.0253471
3.3 28.125 0.0243516
3.3 30.375 0.0250539
3.3 32.625 0.0246047
3.3 34.875 0.0241245
3.3 37.125 0.0251106
3.3 39.375 0.0253571
3.3 41.625 0.024532
3.3 43.875 0.0287419
3.5 1.125 0.018526
3.5 3.375 0.0180554
3.5 5.625 0.0174707
3.5 7.875 0.0169582
3.5 10.125 0.0180017
3.5 12.375 0.0163711
3.5 14.625 0.0175632
3.5 16.875 0.0183588
3.5 19.125 0.018708
3.5 21.375 0.0194672
3.5 23.625 0.0200171
3.5 25.875 0.0200447
3.5 28.125 0.021044
3.5 30.375 0.0206193
3.5 32.625 0.0215434
3.5 34.875 0.020689
3.5 37.125 0.0206045
3.5 39.375 0.0200384
3.5 41.625 0.0194759
3.5 43.875 0.0206683
3.7 1.125 0.0140964
3.7 3.375 0.0145914
3.7 5.625 0.0150725
3.7 7.875 0.0152932
3.7 10.125 0.0139083
3.7 12.375 0.0145582
3.7 14.625 0.0145752
3.7 16.875 0.0154675
3.7 19.125 0.0141528
3.7 21.375 0.0167884
3.7 23.625 0.0157934
3.7 25.875 0.016102
3.7 28.125 0.0159089
3.7 30.375 0.0176916
3.7 32.625 0.0160554
3.7 34.875 0.015931
3.7 37.125 0.0170184
3.7 39.375 0.0172724
3.7 41.625 0.0169884
3.7 43.875 0.0165369
3.9 1.125 0.0123794
3.9 3.375 0.0125457
3.9 5.625 0.0119944
3.9 7.875 0.0119438
3.9 10.125 0.0125515
3.9 12.375 0.013948
3.9 14.625 0.0124302
3.9 16.875 0.012826
3.9 19.125 0.0136132
3.9 21.375 0.0142274
3.9 23.625 0.013874
3.9 25.875 0.0136913
3.9 28.125 0.0132609
3.9 30.375 0.0131714
3.9 32.625 0.0141642
3.9 34.875 0.0131342
3.9 37.125 0.0145618
3.9 39.375 0.0142689
3.9 41.625 0.0139387
3.9 43.875 0.0131682
4.1 1.125 0.0112266
4.1 3.375 0.0110124
4.1 5.625 0.0108951
4.1 7.875 0.0103647
4.1 10.125 0.011097
4.1 12.375 0.0104607
4.1 14.625 0.0118185
4.1 16.875 0.0115497
4.1 19.125 0.0120832
4.1 21.375 0.0120403
4.1 23.625 0.0119712
4.1 25.875 0.0113335
4.1 28.125 0.0112492
4.1 30.375 0.0112102
4.1 32.625 0.0116787
4.1 34.875 0.0120663
4.1 37.125 0.0118159
4.1 39.375 0.0122039
4.1 41.625 0.0116355
4.1 43.875 0.0118629
4.3 1.125 0.0100503
4.3 3.375 0.00996654
4.3 5.625 0.00993677
4.3 7.875 0.00956809
4.3 10.125 0.0180299
4.3 12.375 0.0103596
4.3 14.625 0.0103264
4.3 16.875 0.00997806
4.3 19.125 0.0104659
4.3 21.375 0.0107416
4.3 23.625 0.0104554
4.3 25.875 0.00963296
4.3 28.125 0.00957075
4.3 30.375 0.00967724
4.3 32.625 0.0091417
4.3 34.875 0.0100668
4.3 37.125 0.00927375
4.3 39.375 0.0104113
4.3 41.625 0.0096652
4.3 43.875 0.0102247
4.5 1.125 0.00832053
4.5 3.375 0.00822197
4.5 5.625 0.00832449
4.5 7.875 0.00853079
4.5 10.125 0.00844076
4.5 12.375 0.00804067
4.5 14.625 0.00915151
4.5 16.875 0.00902183
4.5 19.125 0.00989685
4.5 21.375 0.00892747
4.5 23.625 0.00838131
4.5 25.875 0.00856371
4.5 28.125 0.00850821
4.5 30.375 0.00885072
4.5 32.625 0.0104465
4.5 34.875 0.00854429
4.5 37.125 0.00811214
4.5 39.375 0.00847877
4.5 41.625 0.00887323
4.5 43.875 0.00833989
4.7 1.125 0.00734062
4.7 3.375 0.00865871
4.7 5.625 0.00691094
4.7 7.875 0.00719765
4.7 10.125 0.00718001
4.7 12.375 0.00742012
4.7 14.625 0.00784361
4.7 16.875 0.00804007
4.7 19.125 0.00785012
4.7 21.375 0.0079006
4.7 23.625 0.00729918
4.7 25.875 0.0079488
4.7 28.125 0.00765646
4.7 30.375 0.00790099
4.7 32.625 0.00752646
4.7 34.875 0.00795178
4.7 37.125 0.0077508
4.7 39.375 0.00734556
4.7 41.625 0.00684348
4.7 43.875 0.00714351
4.9 1.125 0.00597059
4.9 3.375 0.00646466
4.9 5.625 0.00663826
4.9 7.875 0.00652067
4.9 10.125 0.00769839
4.9 12.375 0.00627906
4.9 14.625 0.00730747
4.9 16.875 0.00702567
4.9 19.125 0.00694188
4.9 21.375 0.00681986
4.9 23.625 0.00644764
4.9 25.875 0.00673223
4.9 28.125 0.00693619
4.9 30.375 0.0111572
4.9 32.625 0.0067538
4.9 34.875 0.00634855
4.9 37.125 0.00653268
4.9 39.375 0.00660709
4.9 41.625 0.00642403
4.9 43.875 0.00665339
5.1 1.125 0.00576892
5.1 3.375 0.00532833
5.1 5.625 0.00554844
5.1 7.875 0.00616619
5.1 10.125 0.00898897
5.1 12.375 0.00605033
5.1 14.625 0.00641865
5.1 16.875 0.00618952
5.1 19.125 0.0061746
5.1 21.375 0.00617805
5.1 23.625 0.00920773
5.1 25.875 0.00601246
5.1 28.125 0.00583446
5.1 30.375 0.00540144
5.1 32.625 0.00606579
5.1 34.875 0.00600273
5.1 37.125 0.00562479
5.1 39.375 0.00555005
5.1 41.625 0.00575672
5.1 43.875 0.0112414
5.3 1.125 0.00527282
5.3 3.375 0.00465051
5.3 5.625 0.00533933
5.3 7.875 0.00540186
5.3 10.125 0.00560357
5.3 12.375 0.00811959
5.3 14.625 0.00543083
5.3 16.875 0.00551356
5.3 19.125 0.0053142
5.3 21.375 0.00556755
5.3 23.625 0.00575575
5.3 25.875 0.00603065
5.3 28.125 0.00567978
5.3 30.375 0.00566401
5.3 32.625 0.00555225
5.3 34.875 0.00519288
5.3 37.125 0.00495363
5.3 39.375 0.00524818
5.3 41.625 0.00547682
5.3 43.875 0.00502319
5.5 1.125 0.00480347
5.5 3.375 0.00504806
5.5 5.625 0.004696
5.5 7.875 0.00472865
5.5 10.125 0.00486952
5.5 12.375 0.00478579
5.5 14.625 0.00523069
5.5 16.875 0.00554503
5.5 19.125 0.00504972
5.5 21.375 0.0052067
5.5 23.625 0.00451993
5.5 25.875 0.00542534
5.5 28.125 0.00503718
5.5 30.375 0.00494883
5.5 32.625 0.00436627
5.5 34.875 0.00604355
5.5 37.125 0.00501052
5.5 39.375 0.00467106
5.5 41.625 0.00436081
5.5 43.875 0.00472275
5.7 1.125 0.00475159
5.7 3.375 0.0045085
5.7 5.625 0.00432672
5.7 7.875 0.00430619
5.7 10.125 0.0044933
5.7 12.375 0.00485823
5.7 14.625 0.00463994
5.7 16.875 0.00475136
5.7 19.125 0.0049283
5.7 21.375 0.00471887
5.7 23.625 0.00462969
5.7 25.875 0.00422774
5.7 28.125 0.00395919
5.7 30.375 0.00466254
5.7 32.625 0.00418871
5.7 34.875 0.00440052
5.7 37.125 0.00461036
5.7 39.375 0.00487041
5.7 41.625 0.0045711
5.7 43.875 0.00472237
5.9 1.125 0.0040541
5.9 3.375 0.00399013
5.9 5.625 0.00408941
5.9 7.875 0.0041622
5.9 10.125 0.00400414
5.9 12.375 0.00466472
5.9 14.625 0.00405197
5.9 16.875 0.00403554
5.9 19.125 0.00458139
5.9 21.375 0.00454653
5.9 23.625 0.00415555
5.9 25.875 0.00432131
5.9 28.125 0.00407836
5.9 30.375 0.00423162
5.9 32.625 0.0042866
5.9 34.875 0.00464173
5.9 37.125 0.00405053
5.9 39.375 0.00439634
5.9 41.625 0.00378766
5.9 43.875 0.00390338
6.1 1.125 0.00376169
6.1 3.375 0.00367516
6.1 5.625 0.00521552
6.1 7.875 0.00332283
6.1 10.125 0.00376366
6.1 12.375 0.00395639
6.1 14.625 0.00389837
6.1 16.875 0.00440617
6.1 19.125 0.00395733
6.1 21.375 0.00415872
6.1 23.625 0.00389279
6.1 25.875 0.00915985
6.1 28.125 0.00370087
6.1 30.375 0.00389532
6.1 32.625 0.00381887
6.1 34.875 0.00415961
6.1 37.125 0.00398055
6.1 39.375 0.00379398
6.1 41.625 0.00393602
6.1 43.875 0.00381028
6.3 1.125 0.00369763
6.3 3.375 0.00361092
6.3 5.625 0.00402371
6.3 7.875 0.00357512
6.3 10.125 0.00379304
6.3 12.375 0.00387981
6.3 14.625 0.00409071
6.3 16.875 0.00365412
6.3 19.125 0.00374165
6.3 21.375 0.00390387
6.3 23.625 0.00363688
6.3 25.875 0.00395827
6.3 28.125 0.00354621
6.3 30.375 0.00366572
6.3 32.625 0.00344308
6.3 34.875 0.0038388
6.3 37.125 0.00362553
6.3 39.375 0.00798711
6.3 41.625 0.00351084
6.3 43.875 0.00342084
6.5 1.125 0.00361599
6.5 3.375 0.00353369
6.5 5.625 0.003387
6.5 7.875 0.00353343
6.5 10.125 0.00362756
6.5 12.375 0.00370616
6.5 14.625 0.00388916
6.5 16.875 0.00370451
6.5 19.125 0.0036565
6.5 21.375 0.00334191
6.5 23.625 0.00333694
6.5 25.875 0.00355133
6.5 28.125 0.00354976
6.5 30.375 0.00358249
6.5 32.625 0.00355448
6.5 34.875 0.00395745
6.5 37.125 0.00312843
6.5 39.375 0.00378618
6.5 41.625 0.00343077
6.5 43.875 0.00370772
6.7 1.125 0.003374
6.7 3.375 0.00330945
6.7 5.625 0.00405617
6.7 7.875 0.0031227
6.7 10.125 0.00387243
6.7 12.375 0.00322867
6.7 14.625 0.00371791
6.7 16.875 0.00327133
6.7 19.125 0.00343903
6.7 21.375 0.0036366
6.7 23.625 0.00336848
6.7 25.875 0.00323883
6.7 28.125 0.00338268
6.7 30.375 0.00318821
6.7 32.625 0.00314702
6.7 34.875 0.00352111
6.7 37.125 0.00343696
6.7 39.375 0.00350999
6.7 41.625 0.00351261
6.7 43.875 0.00342577
6.9 1.125 0.00365631
6.9 3.375 0.00323818
6.9 5.625 0.0030575
6.9 7.875 0.00327624
6.9 10.125 0.00312055
6.9 12.375 0.00321525
6.9 14.625 0.00315819
6.9 16.875 0.00326647
6.9 19.125 0.00312684
6.9 21.375 0.0034765
6.9 23.625 0.00328028
6.9 25.875 0.00348596
6.9 28.125 0.00308213
6.9 30.375 0.00346308
6.9 32.625 0.0033889
6.9 34.875 0.00333868
6.9 37.125 0.00515664
6.9 39.375 0.0029973
6.9 41.625 0.00296394
6.9 43.875 0.00283133
7.1 1.125 0.00298015
7.1 3.375 0.00298812
7.1 5.625 0.00309912
7.1 7.875 0.00290942
7.1 10.125 0.00310732
7.1 12.375 0.00347742
7.1 14.625 0.00318778
7.1 16.875 0.00270707
7.1 19.125 0.0038288
7.1 21.375 0.00296228
7.1 23.625 0.0030253
7.1 25.875 0.00310074
7.1 28.125 0.00989626
7.1 30.375 0.0032031
7.1 32.625 0.00473683
7.1 34.875 0.00314015
7.1 37.125 0.00335236
7.1 39.375 0.00290545
7.1 41.625 0.00327097
7.1 43.875 0.00522505
7.3 1.125 0.00294822
7.3 3.375 0.00337918
7.3 5.625 0.00335418
7.3 7.875 0.00314956
7.3 10.125 0.00297837
7.3 12.375 0.00309707
7.3 14.625 0.00303463
7.3 16.875 0.00476364
7.3 19.125 0.00275937
7.3 21.375 0.00292665
7.3 23.625 0.00282314
7.3 25.875 0.00307427
7.3 28.125 0.00298755
7.3 30.375 0.0026926
7.3 32.625 0.00390198
7.3 34.875 0.00315955
7.3 37.125 0.00317364
7.3 39.375 0.00278024
7.3 41.625 0.0032063
7.3 43.875 0.00293258
7.5 1.125 0.0030374
7.5 3.375 0.00274549
7.5 5.625 0.002961
7.5 7.875 0.0031775
7.5 10.125 0.00299129
7.5 12.375 0.00296938
7.5 14.625 0.00306021
7.5 16.875 0.0096331
7.5 19.125 0.00278595
7.5 21.375 0.00274828
7.5 23.625 0.00287374
7.5 25.875 0.00310144
7.5 28.125 0.00294562
7.5 30.375 0.00277019
7.5 32.625 0.0026728
7.5 34.875 0.00281649
7.5 37.125 0.00260773
7.5 39.375 0.00284466
7.5 41.625 0.00259502
7.5 43.875 0.0029911
7.7 1.125 0.00252719
7.7 3.375 0.00277492
7.7 5.625 0.00369172
7.7 7.875 0.00281926
7.7 10.125 0.0030349
7.7 12.375 0.00286081
7.7 14.625 0.00268359
7.7 16.875 0.00350392
7.7 19.125 0.00282221
7.7 21.375 0.00279636
7.7 23.625 0.00275256
7.7 25.875 0.00279066
7.7 28.125 0.00294063
7.7 30.375 0.00246286
7.7 32.625 0.00261184
7.7 34.875 0.00278278
7.7 37.125 0.00265078
7.7 39.375 0.00260916
7.7 41.625 0.00252202
7.7 43.875 0.00253599
7.9 1.125 0.0025835
7.9 3.375 0.00286124
7.9 5.625 0.00261855
7.9 7.875 0.00297021
7.9 10.125 0.00258028
7.9 12.375 0.00278837
7.9 14.625 0.00248664
7.9 16.875 0.00324504
7.9 19.125 0.00263355
7.9 21.375 0.0026503
7.9 23.625 0.00275127
7.9 25.875 0.00295969
7.9 28.125 0.00290091
7.9 30.375 0.00275717
7.9 32.625 0.00267576
7.9 34.875 0.00307791
7.9 37.125 0.00293396
7.9 39.375 0.0028364
7.9 41.625 0.002656
7.9 43.875 0.00273262
8.1 1.125 0.00395975
8.1 3.375 0.00278373
8.1 5.625 0.00298993
8.1 7.875 0.00272657
8.1 10.125 0.00259729
8.1 12.375 0.00275213
8.1 14.625 0.00299532
8.1 16.875 0.00270083
8.1 19.125 0.00260538
8.1 21.375 0.00302129
8.1 23.625 0.00251477
8.1 25.875 0.00296974
8.1 28.125 0.0025924
8.1 30.375 0.00268437
8.1 32.625 0.00308098
8.1 34.875 0.00236875
8.1 37.125 0.00260758
8.1 39.375 0.00266758
8.1 41.625 0.0027018
8.1 43.875 0.00260752
8.3 1.125 0.00242863
8.3 3.375 0.00253143
8.3 5.625 0.00241633
8.3 7.875 0.00286947
8.3 10.125 0.00276272
8.3 12.375 0.00259415
8.3 14.625 0.0107367
8.3 16.875 0.00271951
8.3 19.125 0.00417573
8.3 21.375 0.0024293
8.3 23.625 0.00274767
8.3 25.875 0.00244913
8.3 28.125 0.00262055
8.3 30.375 0.00241016
8.3 32.625 0.00254837
8.3 34.875 0.00307491
8.3 37.125 0.00260735
8.3 39.375 0.00288033
8.3 41.625 0.00276016
8.3 43.875 0.00259419
8.5 1.125 0.00239692
8.5 3.375 0.00259736
8.5 5.625 0.00273899
8.5 7.875 0.00284132
8.5 10.125 0.00275016
8.5 12.375 0.00339825
8.5 14.625 0.00257274
8.5 16.875 0.00254041
8.5 19.125 0.00265254
8.5 21.375 0.00273025
8.5 23.625 0.0025291
8.5 25.875 0.00272897
8.5 28.125 0.0101798
8.5 30.375 0.00239491
8.5 32.625 0.00277468
8.5 34.875 0.00250711
8.5 37.125 0.00279725
8.5 39.375 0.00248596
8.5 41.625 0.00233575
8.5 43.875 0.00420188
8.7 1.125 0.0035188
8.7 3.375 0.0023029
8.7 5.625 0.00232819
8.7 7.875 0.00276427
8.7 10.125 0.00276042
8.7 12.375 0.00246219
8.7 14.625 0.00241458
8.7 16.875 0.00250295
8.7 19.125 0.0021108
8.7 21.375 0.0030498
8.7 23.625 0.00263617
8.7 25.875 0.00254317
8.7 28.125 0.00253752
8.7 30.375 0.00664948
8.7 32.625 0.00258275
8.7 34.875 0.00246491
8.7 37.125 0.00226486
8.7 39.375 0.00245562
8.7 41.625 0.00565796
8.7 43.875 0.00267876
8.9 1.125 0.00256186
8.9 3.375 0.00231414
8.9 5.625 0.00265519
8.9 7.875 0.00232645
8.9 10.125 0.00313169
8.9 12.375 0.00260073
8.9 14.625 0.00238153
8.9 16.875 0.00253103
8.9 19.125 0.00253028
8.9 21.375 0.00254389
8.9 23.625 0.00231435
8.9 25.875 0.00257527
8.9 28.125 0.0109828
8.9 30.375 0.00258059
8.9 32.625 0.00265362
8.9 34.875 0.00430068
8.9 37.125 0.00246326
8.9 39.375 0.0023648
8.9 41.625 0.00254144
8.9 43.875 0.00241811
9.1 1.125 0.00254464
9.1 3.375 0.00247513
9.1 5.625 0.00259858
9.1 7.875 0.0023536
9.1 10.125 0.00267965
9.1 12.375 0.0200572
9.1 14.625 0.00258056
9.1 16.875 0.00210667
9.1 19.125 0.00251371
9.1 21.375 0.00268111
9.1 23.625 0.00257447
9.1 25.875 0.00263839
9.1 28.125 0.00273955
9.1 30.375 0.017509
9.1 32.625 0.0025628
9.1 34.875 0.00237613
9.1 37.125 0.0024521
9.1 39.375 0.00245053
9.1 41.625 0.00234744
9.1 43.875 0.00251305
9.3 1.125 0.00252717
9.3 3.375 0.00209779
9.3 5.625 0.00282866
9.3 7.875 0.00322259
9.3 10.125 0.00251685
9.3 12.375 0.0027123
9.3 14.625 0.00240793
9.3 16.875 0.00345065
9.3 19.125 0.00265257
9.3 21.375 0.00266276
9.3 23.625 0.0172362
9.3 25.875 0.0196067
9.3 28.125 0.00262414
9.3 30.375 0.00239193
9.3 32.625 0.00277061
9.3 34.875 0.00257037
9.3 37.125 0.00248897
9.3 39.375 0.00244802
9.3 41.625 0.00245675
9.3 43.875 0.00230205
9.5 1.125 0.00288135
9.5 3.375 0.00243689
9.5 5.625 0.00305697
9.5 7.875 0.00220535
9.5 10.125 0.00232333
9.5 12.375 0.00229635
9.5 14.625 0.0024223
9.5 16.875 0.0025552
9.5 19.125 0.00301408
9.5 21.375 0.00366888
9.5 23.625 0.00210045
9.5 25.875 0.0023018
9.5 28.125 0.00229034
9.5 30.375 0.00271346
9.5 32.625 0.00219474
9.5 34.875 0.00202979
9.5 37.125 0.00207605
9.5 39.375 0.00221411
9.5 41.625 0.00241794
9.5 43.875 0.00233544
9.7 1.125 0.00285342
9.7 3.375 0.00239593
9.7 5.625 0.0206008
9.7 7.875 0.00215349
9.7 10.125 0.00260038
9.7 12.375 0.00253393
9.7 14.625 0.0021895
9.7 16.875 0.00243069
9.7 19.125 0.00205873
9.7 21.375 0.00286986
9.7 23.625 0.0025207
9.7 25.875 0.00258024
9.7 28.125 0.00230782
9.7 30.375 0.00235213
9.7 32.625 0.002268
9.7 34.875 0.00243427
9.7 37.125 0.00234066
9.7 39.375 0.00201362
9.7 41.625 0.0024489
9.7 43.875 0.00250296
9.9 1.125 0.00243122
9.9 3.375 0.00260019
9.9 5.625 0.0200364
9.9 7.875 0.0192952
9.9 10.125 0.0019676
9.9 12.375 0.00266224
9.9 14.625 0.00290008
9.9 16.875 0.00198672
9.9 19.125 0.00436484
9.9 21.375 0.00263121
9.9 23.625 0.00224878
9.9 25.875 0.00207706
9.9 28.125 0.002293
9.9 30.375 0.00225519
9.9 32.625 0.00193335
9.9 34.875 0.00273253
9.9 37.125 0.0019079
9.9 39.375 0.00238743
9.9 41.625 0.00296083
9.9 43.875 0.00265089
10.1 1.125 0.00243516
10.1 3.375 0.00245141
10.1 5.625 0.00228208
10.1 7.875 0.00245262
10.1 10.125 0.00281052
10.1 12.375 0.00262434
10.1 14.625 0.00237595
10.1 16.875 0.00315896
10.1 19.125 0.00229162
10.1 21.375 0.00226039
10.1 23.625 0.00211097
10.1 25.875 0.0026318
10.1 28.125 0.0019704
10.1 30.375 0.00209645
10.1 32.625 0.00225179
10.1 34.875 0.00261777
10.1 37.125 0.00716242
10.1 39.375 0.00219062
10.1 41.625 0.00204667
10.1 43.875 0.00262874
10.3 1.125 0.00211356
10.3 3.375 0.00219978
10.3 5.625 0.00228912
10.3 7.875 0.00193561
10.3 10.125 0.00224854
10.3 12.375 0.00217173
10.3 14.625 0.00238248
10.3 16.875 0.00325801
10.3 19.125 0.00357538
10.3 21.375 0.00241512
10.3 23.625 0.00251914
10.3 25.875 0.00214213
10.3 28.125 0.00257253
10.3 30.375 0.00258468
10.3 32.625 0.00202408
10.3 34.875 0.00502663
10.3 37.125 0.0022603
10.3 39.375 0.0021047
10.3 41.625 0.00287653
10.3 43.875 0.0020365
10.5 1.125 0.00376545
10.5 3.375 0.00233852
10.5 5.625 0.00262432
10.5 7.875 0.0023826
10.5 10.125 0.00249984
10.5 12.375 0.00265457
10.5 14.625 0.00242195
10.5 16.875 0.002356
10.5 19.125 0.00299456
10.5 21.375 0.00261563
10.5 23.625 0.002202
10.5 25.875 0.00214671
10.5 28.125 0.00225832
10.5 30.375 0.00232201
10.5 32.625 0.00236619
10.5 34.875 0.00218135
10.5 37.125 0.0035089
10.5 39.375 0.00285985
10.5 41.625 0.00219877
10.5 43.875 0.00204328
10.7 1.125 0.0023574
10.7 3.375 0.00254377
10.7 5.625 0.00469424
10.7 7.875 0.0023361
10.7 10.125 0.0102396
10.7 12.375 0.00281272
10.7 14.625 0.00203883
10.7 16.875 0.0022701
10.7 19.125 0.00236258
10.7 21.375 0.00211897
10.7 23.625 0.0128975
10.7 25.875 0.0019776
10.7 28.125 0.00214133
10.7 30.375 0.00252931
10.7 32.625 0.00287117
10.7 34.875 0.00291123
10.7 37.125 0.00309307
10.7 39.375 0.00561301
10.7 41.625 0.00257819
10.7 43.875 0.0022802
10.9 1.125 0.00240109
10.9 3.375 0.00241169
10.9 5.625 0.00220437
10.9 7.875 0.00433149
10.9 10.125 0.00323333
10.9 12.375 0.00319307
10.9 14.625 0.0023477
10.9 16.875 0.00211228
10.9 19.125 0.002036
10.9 21.375 0.0022459
10.9 23.625 0.00220535
10.9 25.875 0.0018868
10.9 28.125 0.00247755
10.9 30.375 0.00220289
10.9 32.625 0.00265821
10.9 34.875 0.00334078
10.9 37.125 0.00253219
10.9 39.375 0.0021
10.9 41.625 0.00249465
10.9 43.875 0.00257395
11.1 1.125 0.00227255
11.1 3.375 0.0031367
11.1 5.625 0.00383055
11.1 7.875 0.00293458
11.1 10.125 0.00223881
11.1 12.375 0.00269743
11.1 14.625 0.00237814
11.1 16.875 0.00171371
11.1 19.125 0.00242645
11.1 21.375 0.00265578
11.1 23.625 0.00248646
11.1 25.875 0.002416
11.1 28.125 0.00255336
11.1 30.375 0.0034652
11.1 32.625 0.0020396
11.1 34.875 0.00255678
11.1 37.125 0.00187539
11.1 39.375 0.00242675
11.1 41.625 0.00219943
11.1 43.875 0.00253257
11.3 1.125 0.0055117
11.3 3.375 0.00222097
11.3 5.625 0.0025835
11.3 7.875 0.00283771
11.3 10.125 0.00224223
11.3 12.375 0.00234665
11.3 14.625 0.00212436
11.3 16.875 0.00213642
11.3 19.125 0.00272603
11.3 21.375 0.00241424
11.3 23.625 0.0132363
11.3 25.875 0.00240784
11.3 28.125 0.0021874
11.3 30.375 0.00309357
11.3 32.625 0.00330465
11.3 34.875 0.00244378
11.3 37.125 0.00225959
11.3 39.375 0.00244629
11.3 41.625 0.00163543
11.3 43.875 0.00191115
11.5 1.125 0.00251498
11.5 3.375 0.00231034
11.5 5.625 0.00226363
11.5 7.875 0.00236893
11.5 10.125 0.00272188
11.5 12.375 0.00295793
11.5 14.625 0.00251041
11.5 16.875 0.00220682
11.5 19.125 0.0562866
11.5 21.375 0.00215275
11.5 23.625 0.00216957
11.5 25.875 0.00220868
11.5 28.125 0.00193112
11.5 30.375 0.00210183
11.5 32.625 0.00227959
11.5 34.875 0.0020371
11.5 37.125 0.00333669
11.5 39.375 0.00252792
11.5 41.625 0.00259338
11.5 43.875 0.00173738
11.7 1.125 0.0026234
11.7 3.375 0.0026601
11.7 5.625 0.00204432
11.7 7.875 0.0246774
11.7 10.125 0.00202532
11.7 12.375 0.00230135
11.7 14.625 0.00237004
11.7 16.875 0.00295411
11.7 19.125 0.00238731
11.7 21.375 0.0027623
11.7 23.625 0.00463052
11.7 25.875 0.00211577
11.7 28.125 0.00209411
11.7 30.375 0.00248673
11.7 32.625 0.00203723
11.7 34.875 0.00244286
11.7 37.125 0.00281067
11.7 39.375 0.00226574
11.7 41.625 0.00230079
11.7 43.875 0.002221
11.9 1.125 0.00974271
11.9 3.375 0.00212792
11.9 5.625 0.00232149
11.9 7.875 0.00238562
11.9 10.125 0.00193759
11.9 12.375 0.0120057
11.9 14.625 0.00491574
11.9 16.875 0.00255764
11.9 19.125 0.00320677
11.9 21.375 0.00243873
11.9 23.625 0.00278756
11.9 25.875 0.00185609
11.9 28.125 0.00175736
11.9 30.375 0.0030467
11.9 32.625 0.00224766
11.9 34.875 0.00373234
11.9 37.125 0.00196478
11.9 39.375 0.00178674
11.9 41.625 0.00261294
11.9 43.875 0.0107242
12.1 1.125 0.00235051
12.1 3.375 0.00298732
12.1 5.625 0.00193209
12.1 7.875 0.00501286
12.1 10.125 0.00228426
12.1 12.375 0.00174703
12.1 14.625 0.00224914
12.1 16.875 0.00249289
12.1 19.125 0.0430726
12.1 21.375 0.00217793
12.1 23.625 0.0026794
12.1 25.875 0.00261842
12.1 28.125 0.00289429
12.1 30.375 0.00291342
12.1 32.625 0.00239016
12.1 34.875 0.00205918
12.1 37.125 0.0021948
12.1 39.375 0.00233092
12.1 41.625 0.00184172
12.1 43.875 0.00176661
12.3 1.125 0.00270799
12.3 3.375 0.00214557
12.3 5.625 0.0020145
12.3 7.875 0.00521103
12.3 10.125 0.00224635
12.3 12.375 0.00252716
12.3 14.625 0.00185272
12.3 16.875 0.00220445
12.3 19.125 0.00179268
12.3 21.375 0.00231611
12.3 23.625 0.00210481
12.3 25.875 0.00175475
12.3 28.125 0.00203709
12.3 30.375 0.00268277
12.3 32.625 0.0649288
12.3 34.875 0.00218912
12.3 37.125 0.0029235
12.3 39.375 0.00211219
12.3 41.625 0.00255924
12.3 43.875 0.0213508
12.5 1.125 0.00257672
12.5 3.375 0.00334333
12.5 5.625 0.00205877
12.5 7.875 0.00168879
12.5 10.125 0.00284075
12.5 12.375 0.00182646
12.5 14.625 0.00890302
12.5 16.875 0.00214103
12.5 19.125 0.00242858
12.5 21.375 0.00262266
12.5 23.625 0.00212151
12.5 25.875 0.00359475
12.5 28.125 0.00207232
12.5 30.375 0.0016956
12.5 32.625 0.00168876
12.5 34.875 0.00242255
12.5 37.125 0.0021537
12.5 39.375 0.00317434
12.5 41.625 0.00656009
12.5 43.875 0.00347983
12.7 1.125 0.00379026
12.7 3.375 0.0024621
12.7 5.625 0.00324537
12.7 7.875 0.00207732
12.7 10.125 0.00214917
12.7 12.375 0.00240238
12.7 14.625 0.00212972
12.7 16.875 0.00440518
12.7 19.125 0.00246708
12.7 21.375 0.00237884
12.7 23.625 0.00202838
12.7 25.875 0.00338532
12.7 28.125 0.0027439
12.7 30.375 0.00347912
12.7 32.625 0.00387462
12.7 34.875 0.00178954
12.7 37.125 0.00232566
12.7 39.375 0.00457522
12.7 41.625 0.00392989
12.7 43.875 0.00717678
12.9 1.125 0.00277796
12.9 3.375 0.0024561
12.9 5.625 0.00192666
12.9 7.875 0.00279273
12.9 10.125 0.00317469
12.9 12.375 0.00202986
12.9 14.625 0.00211094
12.9 16.875 0.00220567
12.9 19.125 0.00288034
12.9 21.375 0.00298753
12.9 23.625 0.00228339
12.9 25.875 0.00222529
12.9 28.125 0.00191994
12.9 30.375 0.0031874
12.9 32.625 0.00682818
12.9 34.875 0.00216017
12.9 37.125 0.0021799
12.9 39.375 0.00172016
12.9 41.625 0.00193701
12.9 43.875 0.00206304
13.1 1.125 0.00277375
13.1 3.375 0.00257823
13.1 5.625 0.00232226
13.1 7.875 0.00230816
13.1 10.125 0.00219971
13.1 12.375 0.00279764
13.1 14.625 0.00295246
13.1 16.875 0.0025222
13.1 19.125 0.00212385
13.1 21.375 0.00258321
13.1 23.625 0.00252275
13.1 25.875 0.00152725
13.1 28.125 0.00353809
13.1 30.375 0.00194943
13.1 32.625 0.00304196
13.1 34.875 0.00280057
13.1 37.125 0.00302692
13.1 39.375 0.00264753
13.1 41.625 0.00220321
13.1 43.875 0.00208117
13.3 1.125 0.00243637
13.3 3.375 0.00157777
13.3 5.625 0.00373506
13.3 7.875 0.00282809
13.3 10.125 0.00216456
13.3 12.375 0.00284733
13.3 14.625 0.0019868
13.3 16.875 0.00202915
13.3 19.125 0.00170021
13.3 21.375 0.0023739
13.3 23.625 0.00256881
13.3 25.875 0.00371321
13.3 28.125 0.00229061
13.3 30.375 0.00193193
13.3 32.625 0.00160334
13.3 34.875 0.0014912
13.3 37.125 0.00249711
13.3 39.375 0.00389675
13.3 41.625 0.00307203
13.3 43.875 0.00196812
13.5 1.125 0.00225316
13.5 3.375 0.0018574
13.5 5.625 0.00191828
13.5 7.875 0.0897561
13.5 10.125 0.00227795
13.5 12.375 0.00284948
13.5 14.625 0.00222604
13.5 16.875 0.00257291
13.5 19.125 0.0135369
13.5 21.375 0.00149485
13.5 23.625 0.00286798
13.5 25.875 0.0373769
13.5 28.125 0.00166421
13.5 30.375 0.00183157
13.5 32.625 0.00346206
13.5 34.875 0.0018794
13.5 37.125 0.00421402
13.5 39.375 0.00181426
13.5 41.625 0.00462585
13.5 43.875 0.0380769
13.7 1.125 0.00254483
13.7 3.375 0.00660811
13.7 5.625 0.00185245
13.7 7.875 0.00224092
13.7 10.125 0.00225901
13.7 12.375 0.0022011
13.7 14.625 0.00775393
13.7 16.875 0.00378248
13.7 19.125 0.0023786
13.7 21.375 0.00207676
13.7 23.625 0.00254108
13.7 25.875 0.00228621
13.7 28.125 0.00188997
13.7 30.375 0.00382044
13.7 32.625 0.00694824
13.7 34.875 0.00427945
13.7 37.125 0.00185664
13.7 39.375 0.00571408
13.7 41.625 0.0279821
13.7 43.875 0.00360823
13.9 1.125 0.0030937
13.9 3.375 0.00240301
13.9 5.625 0.00231998
13.9 7.875 0.00421239
13.9 10.125 0.00228062
13.9 12.375 0.00225424
13.9 14.625 0.00189861
13.9 16.875 0.00369097
13.9 19.125 0.00325972
13.9 21.375 0.00294766
13.9 23.625 0.0014602
13.9 25.875 0.00213429
13.9 28.125 0.00233547
13.9 30.375 0.0039729
13.9 32.625 0.00236812
13.9 34.875 0.00233912
13.9 37.125 0.00332292
13.9 39.375 0.00257071
13.9 41.625 0.00493051
13.9 43.875 0.00170663
