1.8125
2.13027
1.99471
1.92514
1.98949
1.95468
1.89175
2.02624
2.02229
2.00274
1.81839
2.16014
1.84601
2.13452
2.01306
1.93417
2.37882
1.52135
1.9658
1.89096
1.90341
1.9338
1.95354
2.01223
2.00045
1.97853
1.95564
2.01541
1.68966
2.24875
2.08136
1.86917
1.88497
1.97179
2.17796
1.7485
1.9999
1.94269
1.9953
1.93691
1.82464
1.96408
2.01509
1.94763
2.02218
1.90832
1.98197
1.97393
2.02723
1.95553
2.01559
1.96284
1.8021
2.18692
1.85956
2.0562
1.99307
1.945
2.34666
1.61213
1.97219
1.96171
1.56638
2.43732
2.15465
1.63295
1.9893
1.97869
1.99954
1.93178
1.9882
1.95039
1.9464
1.99229
2.23837
1.71317
2.00632
1.97069
1.9534
1.97722
1.93179
2.01695
2.00275
1.96409
1.98184
1.98252
2.00181
1.914
1.81046
2.11013
1.94517
2.00712
1.99892
1.95286
1.86323
2.03435
1.99389
1.9242
1.86979
2.07063
1.94641
2.00961
1.9844
1.98783
2.02358
1.91594
2.03971
1.95525
1.93046
1.99251
1.90757
2.06321
2.06842
1.87723
1.99034
1.95212
1.58646
2.31877
1.81245
2.10681
2.01215
1.94397
1.97193
1.94219
1.84477
2.01101
2.16336
1.71087
2.00253
1.95208
1.73772
2.16753
1.93756
1.97727
1.95607
1.99965
2.44084
1.45833
1.99349
1.93636
2.01892
1.9402
1.99032
1.93772
1.99215
1.9702
1.89915
2.024
1.93638
1.96456
1.92481
2.04824
1.91541
2.01409
1.9878
1.97127
2.02915
1.94536
1.71429
2.18762
2.04416
1.97544
2.03793
1.91923
1.93451
2.0209
1.98286
1.9548
2.01951
1.95362
1.87276
1.93907
1.9825
1.9859
1.89729
2.06346
1.86372
2.11844
1.98937
1.96875
1.66616
2.25385
1.96309
1.97598
2.01665
1.97209
1.98905
1.96681
1.96012
2.00447
2.13267
1.78736
1.91451
1.97608
2.05206
1.89899
2.01705
1.93889
1.94674
1.93763
1.87238
2.08692
1.95809
2.00726
1.86279
2.03404
1.98244
1.90922
2.07665
1.90009
1.95775
1.96431
2.00608
1.97145
2.1904
1.7504
1.98563
1.99748
1.94364
1.96168
1.95702
1.9827
2.13572
1.82356
2.00318
1.94874
1.76634
2.13108
2.06714
1.8811
2.0824
1.8482
1.93578
2.02355
1.7302
2.20843
2.01776
1.95468
1.95016
2.01072
1.95978
1.98209
1.9862
1.99317
2.0286
1.92501
1.81941
2.07999
1.99455
1.96745
1.94474
2.05788
2.00041
1.85568
2.51473
1.39657
2.1911
1.77609
1.91916
2.00219
1.93824
1.97353
2.16733
1.61758
2.00637
1.9811
1.95529
2.05964
2.00459
1.94297
1.94963
1.98616
1.98815
1.93808
1.9578
2.00815
2.07992
1.87851
1.92697
2.01282
1.97805
1.96665
2.01899
1.9623
1.91021
1.98167
1.96961
1.94247
1.98598
1.945
2.16633
1.78605
1.94451
2.02394
2.01993
1.91968
1.84412
2.14466
1.96388
1.96675
2.06793
1.88385
1.8309
2.16586
1.96465
1.85797
2.20265
1.77767
2.03806
1.97279
1.76767
2.175
1.69029
2.19773
1.99973
1.94986
2.04147
1.94988
1.63608
2.26435
1.78067
2.06153
1.97698
2.00476
2.02783
1.93405
2.02259
1.91588
1.97254
1.9494
1.97304
1.93554
1.93008
2.02741
1.95968
1.98739
2.38398
1.5219
1.95783
1.96931
2.02617
1.932
1.95435
2.00675
1.98293
2.00566
1.8865
2.06564
1.94613
1.91589
1.90152
1.96986
1.98742
1.98822
1.87809
2.09619
1.87427
2.09176
2.04612
1.88277
1.85721
2.00682
1.97243
1.97923
1.85989
1.99277
2.02791
1.89813
1.97944
1.99388
2.21863
1.70389
1.96718
1.97761
1.98563
1.93275
1.84
2.14072
1.9533
1.96153
2.02742
1.87847
1.23965
2.72189
1.97887
1.97873
1.96935
2.04141
1.99831
1.94175
1.97706
1.99193
1.87041
2.06649
1.92709
2.01549
1.99516
1.9566
1.99705
1.97865
1.90488
2.0052
1.97663
1.97558
2.00151
1.95454
1.95559
2.01133
1.98449
1.91108
1.96891
1.94843
1.97312
1.96014
1.30519
2.1717
2.0359
1.96535
1.94815
2.00318
2.00699
1.94453
1.97267
1.92304
1.95885
1.9745
1.97351
1.9229
1.9369
1.9265
1.98748
1.9695
2.00222
1.972
2.04118
1.9406
1.90012
2.04862
2.00803
1.92728
1.98015
1.9575
2.03774
1.95771
1.99833
1.94447
1.87653
2.09151
2.00295
1.97518
2.01129
1.95676
2.29554
1.62923
1.91344
1.98129
1.95649
2.00371
2.16274
1.73751
1.93389
1.99786
2.35555
1.52994
1.94686
1.98403
1.97371
1.98564
2.04274
1.83611
1.88993
2.09752
1.86577
1.99199
1.72853
2.21645
1.97754
2.02088
1.76741
2.12273
1.98078
2.00094
2.00665
1.95672
1.93993
1.92393
2.15843
1.81588
1.77825
2.16998
1.87411
2.0398
1.95529
1.95289
1.88448
1.99314
1.93236
1.9802
1.96335
1.93653
2.02901
1.9705
1.93932
1.95325
1.97797
1.96305
1.80308
2.11389
1.72979
2.24049
1.96922
1.90867
1.9664
1.96773
1.90371
2.03932
2.11642
1.85027
1.95185
1.99296
1.96435
1.94473
2.22171
1.70911
1.94817
2.00602
1.70386
2.241
1.95783
1.96184
2.06363
1.88677
1.96366
1.97379
1.95787
1.82931
1.97581
1.95601
2.07984
1.82989
1.90256
2.01342
1.96139
1.99954
1.9825
1.95689
1.93966
1.94585
1.98143
1.98209
2.32917
1.62953
1.98558
2.00885
1.98992
1.96867
1.96911
1.94778
1.98595
1.96215
1.97024
1.96489
2.09619
1.87136
1.94488
1.94141
2.03299
1.92334
1.83146
2.09931
1.91547
2.05626
1.96659
1.9915
1.61136
2.2999
1.68793
2.25523
1.99668
1.93486
1.94429
2.00701
1.60091
2.31118
2.03637
1.93512
1.90632
2.06763
2.08889
1.82187
1.76161
2.17676
1.94863
1.99741
2.16216
1.74823
1.95184
1.99867
1.99503
1.92928
2.04767
1.91682
2.2838
1.67239
1.98862
1.99067
1.97171
1.934
1.99906
1.91051
1.56677
2.12014
1.94835
1.95249
1.77395
2.14099
2.08711
1.78954
2.00462
1.9687
1.98813
1.97639
1.9441
2.01447
1.97794
1.99287
1.98846
1.94647
2.07849
1.85897
1.95968
2.01393
1.95358
1.97058
1.95827
1.91506
1.92017
1.97026
1.98527
1.96529
1.93855
2.01159
1.98534
1.95559
2.03946
1.89065
2.0144
1.96799
2.30174
1.64292
1.88776
2.04617
1.95692
1.98745
1.94431
1.97223
1.88476
2.00711
1.95966
1.99744
2.05725
1.94551
1.9877
1.95081
1.9385
1.97379
1.98206
1.90129
1.97899
1.94256
1.90436
1.96084
2.25132
1.68406
2.11657
1.75882
1.94819
1.98136
2.00075
1.96702
1.8108
2.05155
2.05022
1.93109
1.93329
2.0155
1.88938
2.0953
1.96388
1.95262
1.95827
1.99031
1.97565
1.97603
1.76484
2.09332
1.98918
1.94855
1.92155
2.03051
2.18203
1.81518
1.95463
1.98582
1.86707
2.10589
1.9178
2.03424
1.96197
1.96752
1.8607
2.10364
2.03342
1.91947
2.02071
1.95894
2.0336
1.87972
1.92911
2.00096
2.01163
1.9481
1.90011
1.98739
1.98624
1.94297
1.9838
1.98756
2.33701
1.53244
2.02315
1.88382
1.9534
1.93793
2.00077
1.95394
1.98494
1.94322
2.00532
1.97873
1.89974
2.04731
1.97841
1.98326
1.96627
1.96069
1.81996
2.05444
1.93206
2.00004
1.96926
1.9573
1.37213
2.58693
1.90962
2.0135
1.93067
2.00424
1.97431
1.91931
1.97362
1.91707
1.96271
2.0128
1.98375
1.99168
1.94638
1.93128
1.93643
2.03423
1.96565
2.01769
1.99905
1.96436
2.07225
1.87309
1.96923
1.97586
1.98151
2.00918
1.87383
2.0923
1.96564
2.00199
1.932
1.98102
2.01555
1.90696
1.79347
2.13291
1.94089
1.98787
2.00886
1.86316
1.96373
2.01426
1.96868
1.96335
2.00845
1.88181
1.96514
1.95176
2.0094
1.89982
2.0453
1.88427
2.07094
1.87572
2.08989
1.88013
1.9465
2.02392
1.96017
1.95366
2.04621
1.91742
1.74144
2.14581
1.981
1.9799
2.27123
1.64033
2.01541
1.8996
2.01883
1.9449
1.90239
2.04112
2.02813
1.95772
2.09171
1.84187
2.09867
1.82985
1.9851
1.87144
1.96391
1.98807
2.18502
1.7942
2.09684
1.7897
1.99414
1.91302
1.98963
1.98232
1.75791
2.21636
2.22095
1.56643
2.0011
1.97201
2.02164
1.94374
1.89263
2.06926
1.95812
1.97557
1.95339
2.00469
2.03535
1.90492
1.88717
1.98179
2.00763
1.91362
1.99406
1.91036
1.91047
1.9884
1.7882
2.15754
1.92234
2.00398
1.86409
2.08508
1.98343
1.95826
2.08246
1.8454
1.98088
1.98
1.96657
1.98402
1.99493
1.92376
2.04263
1.91288
1.98885
1.96369
2.01533
1.93415
1.91065
2.06732
2.07746
1.89981
2.00094
1.88524
2.00758
1.97394
1.83087
2.11111
1.86475
2.05558
1.89686
2.06036
1.91479
2.05746
1.94439
1.97292
1.96449
1.99206
1.90825
2.07296
1.99587
1.95774
2.15897
1.75525
2.01685
1.98533
2.13835
1.82713
1.97335
2.00159
2.10903
1.85469
1.96004
1.98797
1.91861
2.01285
1.96029
1.95066
1.99934
1.92835
2.04615
1.89795
2.0225
1.9371
1.983
1.9887
1.96416
1.95411
2.31811
1.62747
2.02938
1.92326
1.99411
1.96478
2.12402
1.8275
2.04283
1.91516
2.35928
1.62322
1.96638
1.96052
2.02594
1.9522
1.94904
2.02262
1.88487
2.03086
2.00469
1.97986
2.02838
1.8651
1.99969
1.93046
2.00007
1.9613
2.15912
1.77745
1.93117
1.94908
1.92743
1.99573
2.02594
1.93384
1.96115
2.01281
1.98487
1.98896
1.84456
1.97521
1.95917
1.95506
1.9846
1.96954
1.90342
1.96086
1.9669
1.99843
2.11447
1.84305
1.95357
2.03655
1.96764
1.97544
1.89106
2.09127
2.12329
1.82496
2.0334
1.96713
1.93136
1.99288
1.88212
1.94976
1.93949
1.98094
1.92066
1.98331
1.88507
2.00865
1.93638
1.92215
1.95543
2.00199
2.4603
1.42402
1.89156
2.01082
1.97494
1.97275
1.56671
2.35569
1.86504
1.94223
1.96595
2.01217
2.00471
1.95659
1.93428
2.00947
1.96774
1.99909
2.06464
1.85319
1.84945
2.04145
2.00041
1.89756
1.97442
1.96636
2.00068
2.00813
1.92789
2.04999
1.98892
1.97366
1.98356
1.9771
2.06964
1.83511
1.98344
1.99758
1.93242
2.0058
1.97032
1.98907
2.01477
1.9736
1.98677
1.95605
1.98453
2.00041
1.96362
1.99195
1.97457
1.97426
1.71449
2.16709
2.03913
1.86122
1.94022
1.98239
1.88749
1.99593
2.03786
1.93591
1.91144
1.97598
1.83618
1.97324
2.11244
1.83047
1.96567
1.93666
1.98969
1.92344
1.98176
1.97441
2.02093
1.93288
2.00506
1.93923
1.90285
2.05678
2.19402
1.75593
1.99029
1.98963
2.02876
1.96539
1.61643
2.32627
2.18589
1.72419
2.2151
1.70267
1.98087
1.95284
1.7306
2.2348
1.70811
2.23273
1.97151
1.97565
1.94731
1.96336
2.02548
1.87981
1.99611
1.91688
1.94106
2.01043
1.97647
1.93243
2.1308
1.78392
2.04615
1.94731
2.08476
1.83583
1.83818
2.10751
2.13403
1.77496
1.81174
2.07718
2.02036
1.98587
2.01202
1.97027
1.9666
2.01712
1.98786
1.95671
1.72526
2.23115
2.05296
1.84733
1.95492
1.97474
1.98897
2.00121
1.98003
1.92747
1.87824
2.06732
1.93483
2.02688
1.71262
2.2181
1.92196
2.03169
2.02265
1.9626
1.97447
1.98153
1.94805
2.01788
1.85869
2.10917
1.9606
1.97046
1.96074
1.98398
1.99529
1.93053
1.8244
2.11537
1.9621
2.01653
1.95487
2.0025
1.99096
1.96373
2.02373
1.92284
2.13456
1.75581
2.14976
1.78023
1.8004
2.15961
1.9765
1.97255
1.69994
2.2255
1.69809
2.18781
1.9428
2.01939
2.30996
1.6084
2.13134
1.79512
2.0577
1.82247
2.01034
1.95712
1.92386
1.98076
1.9836
1.9671
1.74888
2.14123
2.00208
1.95412
1.98102
2.00941
1.96647
1.94566
2.02478
1.94223
1.99821
1.93142
1.99053
1.96398
1.96208
2.03486
2.00079
1.89654
1.91803
2.05522
1.86959
1.97697
1.88373
2.06173
2.1508
1.76426
1.95053
1.99009
1.86682
1.95479
2.10972
1.84572
1.98388
2.00556
1.95987
1.98009
2.00063
1.97798
2.02095
1.93474
2.34233
1.59792
1.94321
1.98399
1.998
1.76118
2.30602
1.64401
1.95378
2.0155
1.73847
2.24318
1.59869
2.33355
2.03337
1.91896
2.00708
1.9145
1.93931
1.97997
1.83311
2.00553
1.95443
1.96229
1.38748
2.52877
1.56403
2.36212
1.9389
1.9895
1.8744
2.05927
1.89945
1.9621
1.93795
1.98317
1.98788
1.96855
1.85923
1.98888
1.96982
1.99636
1.7547
1.94966
1.96791
1.99081
1.79752
2.00083
2.05143
1.92285
1.95428
2.04459
2.51334
1.43808
2.01885
1.92395
1.90804
2.04456
1.91403
1.98211
1.80687
1.96512
1.973
1.96778
1.9925
1.99376
2.06726
1.86702
1.94866
1.95359
2.01197
1.96053
1.9692
1.93849
2.18407
1.77545
2.02154
1.92591
1.26943
2.65115
1.9785
2.00283
1.87776
2.03176
1.5608
2.38845
2.0676
1.86463
1.9419
1.9756
1.85085
2.07213
1.93938
2.00684
1.93488
2.01776
1.97508
1.92548
2.03764
1.93561
2.35208
1.60304
1.90716
2.06374
1.22594
2.66363
1.80042
2.11334
1.99717
1.90738
1.97931
1.98407
2.01044
1.90736
2.01502
1.97566
1.93415
2.05187
1.80513
2.13393
1.91519
2.05628
1.95188
2.01467
1.9873
2.00233
1.9699
1.97665
1.96345
1.98548
1.99398
1.92037
1.98626
1.98881
1.51745
2.40922
1.98505
1.98467
2.29331
1.63585
2.26707
1.69266
2.01796
1.92873
1.79183
2.15704
1.91873
2.04861
2.0158
1.95344
1.92147
1.98747
2.02752
1.90063
1.98969
1.91492
2.01759
1.98369
2.01919
1.92909
1.97355
2.01319
1.44075
2.49881
1.98895
1.81105
1.93366
1.96323
1.96244
1.95165
2.0493
1.81094
1.93848
1.9746
1.95564
2.03083
2.03126
1.93005
1.95014
1.99549
1.89868
2.05411
2.01562
1.935
1.90625
2.03263
1.93763
2.01512
2.00876
1.90912
1.97662
1.98088
1.98798
1.94109
1.96594
1.9618
1.95781
1.98639
1.95232
1.99436
1.84189
2.1066
1.81288
2.13074
1.93132
1.99558
1.86349
1.91913
1.45038
2.44639
2.22349
1.70042
2.44281
1.47775
1.94865
1.98719
1.99459
1.98116
1.93129
1.9701
1.98565
1.9604
1.9743
1.9723
1.9662
1.9807
1.92327
1.87478
2.02618
1.84643
1.97307
1.96029
2.00368
1.97015
1.92791
1.99318
1.99067
1.99308
1.9985
1.91891
1.95991
1.99213
1.89528
2.01188
2.02061
1.97336
1.99946
1.97275
1.95624
2.0037
2.04931
1.86896
1.7959
2.09475
2.06925
1.81856
2.09253
1.8708
2.03451
1.91413
2.02876
1.96979
2.03546
1.94159
2.24903
1.71933
2.03837
1.90847
1.99325
1.95495
1.87079
2.01669
1.95002
1.94127
1.99952
1.96011
1.99032
1.96628
1.96435
1.98199
2.00187
1.9776
2.32892
1.61192
1.98584
1.97756
2.003
1.97578
1.9064
1.98123
2.00613
1.9591
1.91526
1.99549
1.81603
2.14681
1.97273
2.00248
1.99603
1.96313
2.20086
1.73167
2.01091
1.9338
2.12296
1.8271
1.90854
1.97207
1.84814
2.09478
1.92324
2.02317
1.88898
2.05664
1.96317
1.98133
2.0007
1.92713
1.91967
2.05988
2.00603
1.89846
2.01861
1.97763
1.97954
1.95236
1.86771
2.06482
1.66923
2.23896
1.99026
1.98187
1.95675
1.95901
1.85358
2.01753
1.96661
2.02525
2.00026
1.9561
1.37399
2.59522
1.94054
2.02155
1.98405
2.0002
1.67847
2.22138
2.17025
1.73983
1.96604
1.90964
2.02946
1.74665
1.98792
1.97151
1.99707
1.97316
2.02626
1.9518
2.00118
1.94923
2.51556
1.4154
2.41345
1.48332
2.00113
1.9612
1.96552
1.92634
1.90425
2.02161
2.0029
1.95199
2.015
1.93973
1.91465
2.0278
1.94687
1.96421
1.9741
1.94663
2.01358
1.97266
1.94171
1.96558
2.21039
1.72356
1.97608
1.98424
1.88583
2.02203
1.90742
2.00168
1.9981
1.94531
1.97375
1.91287
1.95838
1.97805
1.94414
2.00856
2.15714
1.7329
2.1884
1.80637
2.12545
1.80263
1.9787
1.94285
2.05477
1.92527
2.2351
1.69888
1.96198
1.97802
1.97104
1.95179
2.08431
1.83558
1.93546
2.01129
2.06266
1.90902
1.98307
1.94972
2.26019
1.72314
1.91158
2.01816
2.05843
1.83931
1.98737
1.96275
1.83124
2.11611
2.01435
1.9476
1.98808
1.96748
2.27706
1.65529
2.08572
1.90363
1.69162
2.2713
2.3214
1.58712
2.25366
1.51676
1.87209
1.9258
1.97986
1.98856
1.85768
2.05966
2.01354
1.95792
1.81787
2.09667
1.96666
2.02063
2.10172
1.85411
1.9809
1.94774
2.0171
1.89426
1.94058
1.95864
2.10794
1.86459
1.95704
1.98373
1.94705
1.97123
1.93156
2.007
1.93786
1.99972
1.89544
1.99729
1.99774
1.93629
1.99327
1.93778
1.821
2.11751
1.97557
1.98697
2.00239
1.94681
1.9023
2.06786
1.69902
2.24224
1.97374
1.93846
1.94691
1.94281
1.99399
1.89381
1.98079
2.01592
1.99801
1.96203
1.91738
2.02235
1.94937
1.99018
2.02147
1.93065
1.99109
1.94994
1.95311
1.99488
1.7837
2.17737
2.09366
1.64625
1.9302
1.99828
1.99419
1.97875
1.99638
1.94376
1.96884
2.00191
1.96997
2.00387
2.03097
1.95302
1.75657
2.20562
1.99579
1.94825
1.99587
1.94474
1.94421
2
1.95786
2.01475
2.01662
1.94763
1.90664
2.02322
1.33031
2.58874
1.96396
2.01335
1.89495
2.01631
1.93675
1.89414
2.27148
1.64815
1.97843
1.95795
1.88862
2.08548
2.30144
1.67089
2.20738
1.75054
1.94805
1.99384
1.49846
2.4273
1.95464
2.015
1.62842
2.32158
2.32861
1.62369
1.97036
1.99144
1.96078
1.92558
1.75458
2.17944
1.97647
2.01854
2.0515
1.87967
1.99323
1.93254
1.99537
1.96317
2.22504
1.7375
1.98451
1.84491
1.93146
1.98104
1.97015
1.98426
1.96205
1.95674
1.91237
2.0236
1.98442
1.94213
2.01359
1.95983
2.02161
1.92974
2.0544
1.87215
2.00479
1.96652
1.90355
2.00672
1.96411
1.99578
1.93603
1.99072
2.01884
1.90623
1.93816
2.03003
1.92175
1.99531
1.74425
2.21064
2.30594
1.66648
2.00049
1.92368
2.01772
1.87975
1.95934
2.00546
1.96574
1.92958
1.44601
2.47678
1.94744
1.99262
1.95496
1.94436
1.99133
1.95544
2.11357
1.86121
1.89604
1.97581
1.9638
2.01744
1.80416
2.09411
1.8919
2.03673
2.00502
1.83348
1.95803
1.9488
2.02321
1.96166
1.94366
1.9434
1.89202
2.00998
1.88017
1.96633
1.97045
1.97577
1.97252
1.9446
1.95931
2.00429
1.88057
2.0591
2.03112
1.9208
1.91805
2.01151
1.93155
2.0236
1.94085
1.99475
2.14621
1.8059
1.96153
1.99185
2.09327
1.88451
1.94109
2.03324
1.90422
1.96832
2.02619
1.92977
1.9797
1.94161
1.98012
1.97225
1.93767
1.97135
1.95202
1.89834
2.00175
1.9854
1.92953
2.01722
1.955
1.95049
1.97745
1.96074
1.62532
2.3107
2.01355
1.93244
1.88417
2.03019
1.86391
2.05168
2.1184
1.84863
1.99784
1.95035
1.64452
2.2712
1.93869
2.00415
1.97
2.00652
2.00232
1.93031
1.86398
2.09172
2.29861
1.62246
2.33623
1.64202
1.95789
2.00091
1.92354
2.03745
1.88706
1.99878
2.06799
1.9085
1.99527
1.89989
1.97007
2.00252
1.93886
1.91378
1.97067
1.96608
1.89567
2.05579
1.96784
1.93055
1.98394
1.93952
1.99878
1.9838
2.74672
1.18202
1.83539
2.12474
2.34587
1.56973
1.92228
2.04697
1.97497
1.97892
1.97558
1.97161
1.98135
1.9399
1.96652
2.0017
1.86963
2.05602
1.98746
1.82798
1.90262
1.98172
1.80419
2.1511
2.00354
1.98854
1.92532
2.01772
1.95922
1.99187
1.93838
1.98637
1.97383
1.95018
1.91879
2.0225
1.76773
2.18279
1.95709
2.01155
2.01088
1.92284
1.94436
2.03349
2.03517
1.94349
2.03409
1.87758
2.07129
1.84555
2.38634
1.52612
1.95901
1.99629
2.03005
1.92239
2.04989
1.8663
2.21791
1.73236
2.37177
1.55837
2.02126
1.98297
1.97637
1.98079
2.0573
1.89419
2.12595
1.81219
1.83105
2.13597
2.03092
1.89008
2.00573
1.91245
1.93301
1.9725
1.96054
2.00672
2.02397
1.96743
2.08
1.8708
2.00905
1.95493
2.02598
1.90171
1.92366
2.06182
1.97869
1.97138
1.94703
1.98275
1.95505
1.92381
1.97354
1.92503
1.90372
2.06998
2.04187
1.88539
1.88873
1.96772
1.93685
2.02706
2.06248
1.83804
1.98302
1.96751
2.01303
1.91913
1.95097
1.98223
1.95246
1.96001
1.98799
1.95212
2.00696
1.95662
1.69303
2.24576
1.95896
1.94201
1.9266
2.00519
1.9627
1.998
1.14906
2.70035
1.80781
2.06212
2.01026
1.96049
1.98054
1.96355
1.87547
2.09342
1.98809
1.94517
2.01162
1.96594
1.95739
1.95977
1.93825
2.0013
1.95504
1.99044
1.93411
2.00349
2.00017
1.98804
1.4277
2.49143
2.00352
1.94789
1.9473
2.01237
1.91712
2.03623
2.07943
1.89226
1.92216
1.99865
1.88363
2.03384
1.69682
2.23205
1.90592
1.98133
1.99615
1.96902
1.9935
1.96862
2.02384
1.90905
1.98419
1.97759
2.00984
1.98262
1.78398
2.11023
1.89874
1.94166
1.86501
2.02064
2.05834
1.92359
1.99077
1.95658
2.03238
1.95257
1.49068
2.38447
1.99482
1.9728
1.90877
2.03682
1.9924
1.99122
2.03472
1.93266
2.01859
1.97864
1.90994
1.99444
1.93999
1.99564
2.0064
1.95185
1.8494
2.0795
1.98955
1.92146
2.04626
1.89714
1.99556
1.96705
2.02344
1.93106
2.09978
1.79445
1.93345
1.95717
1.94519
1.99752
2.06678
1.84179
1.99344
1.95712
1.99172
2.0033
1.76817
2.15551
1.94002
2.01887
1.92266
1.99663
2.08549
1.87037
2.00695
1.96831
2.01939
1.94337
1.82711
2.10529
1.64614
2.28376
1.50679
2.43158
1.96556
1.97704
1.93381
1.98281
2.09729
1.88836
2.03883
1.84788
2.09754
1.86622
1.99106
1.88523
2.08453
1.8305
1.8962
2.06794
1.99667
1.95014
1.876
1.97698
1.72751
2.20751
1.98415
2.01328
1.9943
1.98079
1.9531
1.96231
2.01748
1.94894
1.97806
1.94373
2.0368
1.92386
2.10145
1.82563
1.9348
2.05339
2.02003
1.94427
1.95711
2.01984
1.91786
1.99259
2.05266
1.88795
1.98518
1.95438
1.92937
2.01806
1.93702
2.00597
1.97268
1.98305
1.96982
1.96953
1.98247
1.77946
2.03743
1.90077
1.89963
2.04221
1.97262
1.98067
2.00918
1.87353
1.97044
1.94587
1.93461
2.00501
1.5619
2.34961
1.98871
2.00143
1.82942
2.10178
1.97452
2.00148
1.98026
1.89547
2.23128
1.73696
2.03201
1.89772
1.9318
2.00927
1.82544
2.1337
1.97814
1.9815
2.01594
1.9135
1.96718
1.94318
1.76666
2.2073
2.02204
1.96118
1.98817
1.92335
1.96365
1.98769
2.04836
1.89127
1.8136
2.14478
2.00773
1.94327
2.16583
1.77822
1.94592
1.97026
1.87693
2.01943
2.08398
1.84613
2.02396
1.95991
1.77504
2.14858
1.97858
1.98664
1.89424
2.01813
2.47156
1.42562
1.92157
1.96293
1.98333
1.98613
1.99884
1.93228
2.08546
1.8891
1.99761
1.92775
1.9952
1.91007
2.04301
1.86412
2.49855
1.45208
1.93248
1.95586
1.94247
2.01843
1.91953
1.99427
1.97256
1.97548
1.94831
2.01947
2.03334
1.92446
2.03939
1.92726
2.47792
1.45212
1.99119
1.99085
1.97314
1.91693
1.94198
1.99977
2.25846
1.69313
1.96455
1.95683
1.90363
2.02642
1.98377
1.95334
2.14106
1.78207
2.01507
1.92341
1.94334
2.00125
1.99696
1.99886
1.98119
1.93127
1.95814
1.96142
1.69973
2.20606
1.97335
1.97868
1.9797
1.98396
2.30505
1.6321
1.97
1.97871
2.3654
1.55156
1.96573
2.01502
1.97214
1.9406
1.99646
1.97276
1.65666
2.22706
1.9618
1.96876
2.01564
1.97907
1.88665
2.02146
1.77193
2.0837
2.05765
1.93517
2.07882
1.92119
2.01964
1.94053
1.96863
1.96609
1.76309
2.19842
2.02415
1.92752
1.94264
2.01442
1.95207
2.01624
1.98513
1.94984
1.96162
1.9614
2.06359
1.87127
1.9876
1.99666
1.80667
1.88696
1.99105
2.009
1.96721
1.99526
1.97299
2.00689
2.03105
1.94033
1.93239
2.05113
2.01144
1.91837
2.01149
1.92314
2.13946
1.77384
2.00793
1.97388
2.01156
1.98103
1.97351
1.986
2.0705
1.87789
2.0084
1.94314
1.98969
1.99123
1.91558
2.02256
2.19425
1.76421
1.79352
2.11763
1.90777
2.05408
1.6251
2.24288
1.96939
1.94826
1.88722
2.0864
1.95979
1.97781
1.91392
1.94279
1.93744
2.00549
1.75179
2.18627
2.03442
1.91
1.93173
2.01818
1.94734
1.99995
1.95695
1.9936
1.4425
2.49731
1.95762
1.95586
2.01503
1.90258
2.00096
1.97712
1.98152
1.98574
2.00879
1.9701
1.87969
2.08245
1.9201
1.97799
1.80998
2.14861
2.01339
1.95423
2.04192
1.89894
2.00787
1.94841
1.8487
2.05245
2.00246
1.97523
2.29971
1.64415
2.00562
1.92863
1.94455
1.95309
1.94532
2.04506
1.93515
2.03457
1.96391
1.98387
1.88386
2.07718
2.51179
1.40546
1.94345
2.01289
1.90084
2.01557
2.0064
1.96468
1.95416
1.97179
1.94954
1.92297
2.02308
1.94016
1.99339
1.94032
1.96238
1.98572
1.72102
2.19173
2.42274
1.48098
2.02653
1.84482
2.002
1.93376
1.97916
1.96193
1.93211
2.02275
2.23485
1.70818
1.94736
2.01113
2.15795
1.84121
1.87276
2.02298
2.47605
1.45787
1.82904
2.12302
2.00034
1.9805
1.83713
2.11213
1.9267
1.99702
1.93075
1.98563
2.04105
1.88577
1.99621
1.93933
1.96311
1.96262
1.96624
1.94454
1.97201
1.97588
1.62681
2.2329
2.02232
1.8917
2.00214
1.98243
2.08879
1.8472
1.94329
1.98416
1.97719
1.97325
1.89454
2.01343
2.49544
1.41434
2.00945
1.98681
1.78654
2.14841
1.98493
1.99254
2.00586
1.99965
2.0445
1.90685
1.92503
2.01571
1.67023
2.29973
1.94068
1.98411
1.96981
1.96508
2.01354
1.91475
2.00738
1.95864
1.99422
1.95524
1.97664
1.9716
1.90054
2.07364
1.9519
1.99848
1.94454
1.99547
1.83093
2.11354
2.04181
1.88712
1.95316
2.01543
1.96896
1.95668
2.09561
1.8854
1.97295
1.93645
1.99393
1.96047
1.98044
1.91543
1.95555
2.00234
1.98703
1.89997
1.84835
2.05879
1.98976
1.95023
1.96343
1.99928
2.00119
1.95004
1.93637
2.01785
1.98712
1.83027
1.9152
2.05392
1.98926
1.96093
2.08166
1.93453
1.96299
1.96074
2.00452
1.94038
2.04196
1.65405
1.67403
2.19557
1.94701
2.04374
1.92639
2.02238
2.10471
1.86815
2.05867
1.88914
2.0175
1.971
2.06057
1.82724
2.12585
1.84682
1.82356
2.08828
1.99228
1.9638
2.01457
1.94772
1.92175
1.96946
1.75817
2.14047
1.99119
1.97094
2.06792
1.969
2.05795
1.92844
1.99121
1.97232
1.9846
1.96276
1.97971
1.98714
1.8166
2.11135
1.88052
2.039
1.53243
2.33776
1.93064
1.98769
2.43572
1.48357
1.99539
1.91314
1.96524
1.96293
2.05889
1.8853
1.75675
2.20087
1.9725
1.94626
1.93841
2.01497
2.28711
1.66362
2.01426
1.95983
2.01909
1.93385
1.9964
1.95548
2.04351
1.88228
1.93365
1.96289
1.96553
1.97585
2.09022
1.88483
2.03003
1.91129
1.97642
1.95952
1.9792
1.95207
1.81044
2.11032
1.98225
1.94056
2.00694
1.96599
1.91097
2.02105
1.94695
1.89816
2.0238
1.94947
2.16227
1.79254
2.06706
1.87477
2.20191
1.66331
1.97899
1.96752
1.92448
2.01404
2.01159
1.93105
1.73583
2.2514
1.8444
2.10626
1.97171
1.97084
2.06091
1.9019
2.00262
1.93612
2.05279
1.87868
1.97502
1.98676
1.60102
2.30253
1.99218
1.97445
2.01666
1.9506
1.5943
2.29595
1.92588
2.04243
1.95126
1.97847
2.36463
1.54941
1.98069
1.98291
1.94401
1.96693
2.00471
1.92832
1.90823
2.02711
1.94372
2.00231
1.95479
1.9843
1.97573
1.98162
2.07356
1.85308
1.9138
2.05789
2.00268
1.92499
2.20095
1.77212
1.99807
1.97574
1.99433
1.96901
2.05119
1.89153
2.04529
1.90303
1.912
1.99919
1.89921
1.97608
1.92667
1.99558
2.01709
1.96934
2.028
1.84091
1.87976
2.08869
2.0053
1.79611
1.94957
1.99476
1.94699
2.02193
1.88704
2.05074
1.96769
1.92781
1.95434
2.0099
2.00631
1.95523
1.99656
1.9691
1.89757
2.03149
1.98736
1.96111
1.98137
1.96318
1.93239
2.02855
2.00313
1.95691
2.03264
1.97262
2.18438
1.75812
1.98277
1.97149
2.10176
1.83556
1.88685
1.97882
1.98897
1.918
2.09413
1.8136
1.96498
1.98803
2.06015
1.91093
2.00193
1.93382
1.96716
1.98663
1.84113
2.02084
2.0351
1.88216
1.72136
2.19006
2.00865
1.88759
1.91628
2.03747
2.01689
1.97801
1.99016
1.90496
1.98384
1.95421
1.93987
1.9959
2.02733
1.95801
1.8658
2.07837
1.92183
2.04428
1.99321
1.94979
2.04869
1.89829
2.00285
1.97579
1.97152
1.98781
1.99092
1.95182
1.96051
1.98692
1.96532
1.95189
2.14038
1.81893
1.94041
1.99097
1.94531
1.97962
1.93837
2.01758
1.98518
1.96303
1.95843
1.97041
2.04568
1.95478
2.04275
1.89159
1.93396
2.01688
1.86801
1.98266
1.95001
1.97794
1.97626
1.96358
1.9655
1.96369
2.02965
1.95553
2.08932
1.84622
2.02156
1.94474
1.99922
1.98329
1.72846
2.21261
1.93982
1.99312
2.02525
1.94741
1.93064
2.04401
1.88454
2.0185
1.9434
2.01856
1.98176
1.97517
1.98783
1.92918
1.93898
2.00465
1.96406
1.91023
1.9619
1.97359
1.87242
2.0242
1.98
1.93216
1.94449
1.98291
2.00843
1.91093
1.70963
2.19727
2.31549
1.62971
1.95208
2.00169
2.00567
1.92783
2.09785
1.82651
2.05413
1.87474
1.9384
1.94563
1.78399
2.13168
1.92434
1.99655
2.04871
1.92558
2.00991
1.92961
1.71803
2.17595
1.9521
1.96944
1.94369
1.96443
1.96966
1.97326
1.58543
2.31351
1.97773
1.9815
2.31412
1.66159
1.97519
1.98149
1.95084
2.01057
1.96969
1.93222
1.93835
1.94269
2.32309
1.63931
1.75739
2.1425
1.91324
2.0312
2.03176
1.91623
2.24563
1.65604
1.51435
2.35761
1.99156
1.93148
1.68178
2.20802
2.49324
1.45861
1.97205
1.98676
1.92296
1.98085
1.94505
2.03321
2.01649
1.97476
2.00041
1.97181
1.96551
1.99444
2.03412
1.88247
1.98528
1.98356
1.60444
2.31021
1.9955
1.99005
1.88994
1.92048
1.96997
1.98676
1.99392
1.95425
2.00542
1.94616
2.00076
1.94919
1.95803
2.01478
1.9801
1.9263
1.93757
2.00676
1.99172
1.89206
2.0256
1.92077
1.87576
2.00086
1.98758
2.02337
1.99346
1.86635
2.12614
1.8425
1.78663
2.09547
1.94019
1.97772
1.97222
1.9616
1.97462
1.97759
1.92921
1.97843
2.00179
1.98154
1.95127
1.97457
2.02049
1.87513
1.97166
1.98197
1.82135
2.12373
2.02872
1.92117
2.02449
1.97599
1.96068
1.98781
1.93172
1.99991
1.95417
1.98382
2.00328
1.89414
2.22127
1.65036
1.96489
1.9914
1.98903
1.98325
2.01784
1.98225
1.93061
2.03289
1.95223
1.95588
1.87655
2.04602
1.9848
1.94341
2.08916
1.80248
1.75921
2.14812
1.95936
1.9366
1.89142
2.10807
2.02109
1.88453
1.78036
2.15554
2.00074
1.92628
1.70109
2.19289
1.99391
1.91436
1.90562
2.03166
1.7675
2.07859
2.13054
1.73422
1.89779
2.04149
2.00183
1.93234
1.91742
1.97899
1.99897
1.92361
2.01804
1.95254
2.00606
1.90025
1.95333
2.01299
2.09547
1.80098
1.97263
1.96988
1.99738
1.93692
2.01782
1.9407
1.93067
1.98864
2.06608
1.84859
1.91769
2.00095
1.9939
1.898
1.96446
1.96912
1.92469
1.91076
1.9551
1.95676
1.9983
1.96934
1.997
1.97536
1.93496
1.97814
2.15681
1.7731
1.9903
1.94652
1.85994
2.08019
2.2355
1.67776
1.67751
2.15972
2
1.95911
1.9734
1.94982
1.88717
2.08697
1.70029
2.20033
1.99545
1.98921
2.24562
1.65453
2.03654
1.90093
1.87688
2.10122
2.31224
1.55126
1.89749
2.01033
1.9218
2.0143
1.78076
2.17046
1.95137
1.98931
1.98385
1.99189
2.08296
1.92779
1.93719
1.99815
1.97302
1.99338
2.22235
1.71308
1.92284
2.03153
2.13717
1.75595
1.97148
1.95437
1.88529
2.04131
1.78035
2.12267
2.00887
1.95802
2.0102
1.95818
2.0157
1.92365
1.9804
1.97495
1.94551
2.02094
1.99517
1.92726
1.87193
2.08251
1.9114
1.97848
1.8742
2.07965
1.91931
1.94852
1.46519
2.46612
2.02915
1.95388
2.37557
1.56758
2.00004
1.95619
1.90632
2.06906
2.06355
1.8335
2.03042
1.87997
1.92929
1.98854
2.35959
1.59717
2.01492
1.92553
1.98861
1.99687
1.94101
1.98436
1.96896
2.00557
2.02266
1.92077
2.00409
1.96431
2.0925
1.86982
1.97557
1.94971
1.91656
2.03908
1.99833
1.98369
1.94256
2.01932
1.59714
2.32647
1.81096
2.10119
2.0596
1.83998
1.96462
1.97445
1.9524
1.98466
1.95634
1.99367
1.94541
1.96758
2.26298
1.71935
1.93171
2.01535
1.94658
2.00215
1.95395
1.98423
1.95035
1.96834
1.93514
1.99451
1.98968
1.98449
2.001
1.98905
1.96565
2.00915
2.01311
1.94133
1.97353
1.9351
2.04938
1.9077
2.09147
1.81577
1.7564
2.09995
1.88684
2.00719
1.92899
1.8093
1.96074
1.96186
2.01637
1.94434
1.57576
2.32355
1.96461
1.99747
1.96763
1.95897
1.9815
1.99344
1.95191
2.01652
1.94091
2.01731
1.93598
2.01544
1.96217
1.85947
1.94149
2.00902
1.86978
2.00621
1.93728
2.00373
1.93359
2.02278
1.98886
1.93184
1.88951
2.02846
1.90004
2.01175
1.90797
1.99341
1.69063
2.24571
1.99761
1.89963
1.99097
1.9483
1.99089
1.94621
1.93878
2.01029
1.97792
1.95542
1.85131
2.09922
1.87114
2.10267
2.04965
1.95208
2.00324
1.98322
1.94566
1.97179
1.98393
1.97998
1.98132
1.92909
1.96625
2.00855
1.79026
2.06874
1.9373
2.02987
1.62548
2.31626
2.00889
1.91986
1.96939
2.00366
1.98125
1.98653
1.85206
2.06621
2.10062
1.84199
1.64019
2.25123
1.97358
1.97346
1.89267
2.04526
2.22367
1.6783
1.93553
2.04143
2.07292
1.89695
1.69435
2.24603
1.95549
1.98052
1.79094
2.12371
1.95114
1.99724
1.90128
2.06366
1.94927
2.00228
1.99051
1.95095
2.4325
1.43925
2.00039
1.94933
1.97681
1.95363
2.10835
1.82956
1.96395
1.97823
1.98127
1.91593
1.22193
2.71652
1.9304
2.01118
2.00663
1.92992
2.01307
1.96934
1.95871
1.95152
2.01376
1.93306
2.46888
1.43865
1.92259
2.01105
1.96616
1.98844
1.62725
2.26648
1.98861
1.9685
1.97309
1.99211
2.0003
1.93561
1.93138
2.03037
1.9623
1.96595
1.90597
2.0396
2.01969
1.91745
2.00687
1.93653
1.82452
2.11813
1.99877
1.91509
1.99802
1.97679
2.06158
1.91404
1.98374
1.98274
1.92774
2.00254
2.06668
1.87205
2.14487
1.79043
2.10095
1.80293
1.89943
2.02566
2.41384
1.55124
1.38834
2.50684
1.94388
1.9769
1.93973
1.98266
1.98671
1.96098
1.98122
1.96589
2.03885
1.93295
2.1
1.84748
2.04362
1.90795
2.04997
1.86721
1.98192
1.92965
2.11188
1.82472
1.9451
1.97171
1.91335
1.98759
2.10696
1.88567
1.98531
1.95216
2.01081
1.92194
1.84113
2.1108
2.01728
1.9628
1.86047
2.04583
1.97925
1.94887
1.9115
2.024
2.04694
1.90552
1.94722
1.97309
1.8462
2.10034
2.72237
1.16278
2.02756
1.90014
2.07639
1.89011
1.90222
2.02602
1.76685
2.13271
2.00103
1.91972
2.00388
1.96447
1.90069
2.00898
1.71285
2.25011
1.9146
2.02139
2.02194
1.90146
2.02046
1.96022
2.11509
1.79942
1.95984
1.88994
1.96638
1.96026
1.97863
1.94148
1.7961
2.23609
2.05934
1.88136
1.84186
2.08618
1.98718
1.95025
2.27635
1.57404
1.96793
1.9678
1.93919
1.94307
2.13526
1.82313
1.97975
1.9258
2.03247
1.91368
1.92114
1.96588
1.99363
1.97143
1.94224
2.01608
1.98094
1.93552
2.27435
1.67927
2.14789
1.78455
1.95741
2.00376
2.00096
1.95413
1.94855
1.92439
2.01205
1.85713
2.02663
1.93894
1.97293
1.88938
1.95199
2.02185
1.95922
1.98495
1.8943
2.09446
1.84506
1.99391
1.98744
1.97225
2.19832
1.7756
1.92628
2.02476
1.96561
1.99661
1.99867
1.96958
1.9682
1.96171
1.99316
1.97959
1.96346
1.97775
2.2714
1.6538
2.0106
1.93717
2.04225
1.94979
1.94215
1.99953
1.71378
2.23601
2.11776
1.82668
1.94445
2.00752
1.9919
1.96061
2.00223
1.90516
1.96341
1.96776
1.98428
1.95429
1.98989
1.9479
1.97825
1.96878
1.98611
1.9206
1.95718
1.98131
1.95041
1.94769
1.89338
2.04242
1.98168
2.00977
1.98196
1.95225
2.09655
1.83645
1.94856
2.0118
2.05537
1.9105
1.79092
2.1577
2.0517
1.9395
1.91593
1.98987
1.86938
2.07814
1.99047
1.94734
1.69406
2.22289
1.96776
1.97798
2.08773
1.89229
1.89465
2.07293
2.28114
1.65686
2.01221
1.87704
1.95397
1.93893
2.39084
1.58354
1.90685
1.94891
2.01922
1.94081
2.07083
1.83372
1.96557
1.96828
2.19327
1.78464
2.0159
1.98439
1.94588
2.01374
2.06068
1.83822
2.07961
1.81998
1.97647
1.94897
1.77474
2.16985
2.19908
1.73829
2.01863
1.91212
1.91733
2.08558
2.07071
1.83894
2.02161
1.94713
1.88555
2.06501
1.98073
1.94159
1.9955
1.88561
2.04524
1.93166
2.03569
1.8947
1.92597
1.98019
1.95145
1.98507
1.94543
1.9498
1.94387
1.98195
2.00247
1.94443
1.94683
1.95973
1.95691
1.96036
1.9537
1.98979
1.9558
1.98492
2.09881
1.8452
1.99084
1.98041
1.98871
1.89412
2.34458
1.57924
1.96205
1.93649
1.09012
2.786
1.90419
1.99762
2.07732
1.8571
2.08702
1.87431
1.96722
1.97923
1.74814
2.20445
1.91484
2.03781
1.91905
1.99866
1.96404
1.95853
1.93867
2.02885
1.92082
2.00877
1.47247
2.46576
1.7364
2.03571
1.69737
2.2075
1.93641
1.96608
1.94636
1.98838
1.99941
1.98666
1.98512
2.02049
1.90569
1.96861
1.99401
1.86929
2.38391
1.57478
1.80695
2.00425
2.24408
1.65071
1.9958
1.94568
1.95782
2.00097
1.94624
1.96129
2.07272
1.86289
1.8428
2.07314
1.9174
2.04718
1.97673
1.9784
1.89999
2.0258
1.94727
2.00502
1.98608
1.96283
1.9355
2.01418
1.43757
2.4791
1.96895
1.99018
1.82922
2.06797
1.93192
1.98019
1.95
1.99424
2.00824
1.98479
1.83433
2.11126
1.95177
2.00412
1.98001
1.98985
1.91765
1.94123
2.1614
1.7386
1.83039
2.11172
1.90681
1.98476
2.02628
1.92964
1.88275
2.06438
1.72379
2.14401
1.93088
2.01204
1.75098
2.13414
1.86062
2.06199
1.90513
1.98084
1.43282
2.51694
1.98506
1.96932
2.04796
1.90142
2.01874
1.96058
1.98273
1.93993
2.00853
1.96711
2.00892
1.96364
1.93003
2.00311
2.46456
1.40951
1.98996
1.95631
1.25905
2.68079
1.96091
1.97882
1.99769
1.9762
1.95955
1.97035
1.97151
1.98399
2.00705
1.93585
2.06648
1.88306
1.96041
1.96171
1.86579
2.0823
1.9018
2.01659
1.84549
2.08794
2.02168
1.94347
1.95724
1.96801
2.03516
1.90223
1.96054
1.98105
2.00785
1.97719
2.0994
1.86971
1.88103
2.02867
1.89132
2.04111
2.07302
1.90034
1.88525
2.0499
1.94011
1.99725
1.95646
2.01658
1.86104
2.08953
1.83137
2.08344
1.87464
2.04904
1.95098
1.98756
1.98811
1.94647
2.2775
1.60156
2.01261
1.92071
2.44612
1.50912
1.97279
2.00568
1.961
1.97013
1.94695
1.99382
2.0485
1.88041
1.92879
1.9732
1.93208
2.0344
2.01642
1.8598
2.20904
1.57011
1.97966
1.99849
1.94383
1.96289
1.8158
2.12394
2.00307
1.97679
1.95738
1.91622
2.00553
1.98149
1.91095
2.01138
1.94669
2.03152
2.00566
1.94553
2.16167
1.79461
1.98067
2.02018
2.12267
1.79546
1.96477
2.00095
1.95481
1.97895
1.99623
1.92991
1.99475
1.9829
2.00101
1.97531
1.88486
2.02588
1.98977
1.94573
1.82195
2.13035
1.98032
1.98642
1.95058
2.02193
2.11352
1.84013
1.52836
2.4006
2.30223
1.54383
1.93435
2.04398
1.94057
2.0026
2.48957
1.46343
1.92865
2.0381
2.02403
1.93054
1.5807
2.3425
1.99999
1.97876
1.93013
1.964
1.93857
2.00806
2.00253
1.86053
1.94772
2.01862
1.95989
1.98201
1.96832
2.01562
2.25757
1.68462
2.0007
1.89041
1.97658
1.97489
2.06699
1.85925
1.98524
1.95065
1.93743
2.01182
1.99711
1.88987
1.90736
1.99636
1.98709
1.9717
1.94336
2.02931
1.83265
2.16098
1.96114
1.94529
1.9381
2.03189
1.87163
2.08281
1.88964
2.06528
2.31252
1.5994
1.84158
2.09672
1.95666
1.99811
2.00973
1.9296
1.95975
2.01494
1.71537
2.1861
1.99701
1.97993
2.19148
1.68133
2.13354
1.82931
1.97253
1.93884
1.96006
1.9674
1.95582
1.99359
2.00097
1.9384
1.93472
2.01137
1.98234
1.9549
1.63833
2.2886
1.9961
1.91869
1.97217
1.95229
1.90152
2.03858
2.08717
1.83223
2.01486
1.93042
2.24211
1.70219
1.95127
1.96108
1.60641
2.26695
1.64025
2.23666
2.0174
1.80039
1.99887
1.92272
1.9869
1.94978
1.99286
1.96685
1.97258
1.95589
1.81283
2.03058
2.10479
1.85391
2.06171
1.91773
2.00057
1.96043
1.90885
1.94844
1.95694
1.97215
1.93983
1.9635
2.03748
1.92916
1.91115
2.06704
1.97194
1.97442
1.76497
2.15348
1.88714
2.00391
1.9698
2.02646
1.39936
2.50484
2.02149
1.89654
1.9022
2.04568
2.07688
1.88521
1.94128
1.98685
1.8528
2.12095
2.06241
1.90788
1.93997
2.0522
1.95936
1.97179
1.87475
2.0246
2.02903
1.92929
2.37245
1.58326
1.91972
1.9624
1.98184
1.96235
1.98143
1.93933
1.96562
2.02156
1.96249
1.96164
2.16528
1.71158
2.00518
1.95487
2.0505
1.85775
2.01411
1.94899
1.89622
2.04016
1.96016
1.99459
1.97544
2.02683
1.96444
2.01366
1.86172
2.1204
1.97353
1.96888
1.99827
1.95353
2.01872
1.90352
2.00481
1.93518
2.10136
1.80167
1.89745
2.01005
1.94829
1.9524
1.7035
2.21148
2.07555
1.89713
1.94684
1.95922
1.98394
1.98089
2.24592
1.62828
1.98636
1.99085
1.89833
2.01766
1.9716
1.94714
2.00157
1.93165
1.98184
1.9692
1.97522
1.98977
1.84539
2.0658
2.15867
1.74779
1.96477
1.90291
1.95372
2.01249
1.93995
2.01128
1.95129
2.01782
1.98479
1.9482
1.92169
2.02266
1.90361
1.9949
2.00795
1.98327
1.86656
1.95199
1.95502
2.03229
2.04945
1.8627
2.08244
1.86745
1.89567
2.0473
1.95687
1.98353
2.03963
1.95055
1.98051
1.94652
1.98419
2.01563
1.96861
1.9827
2.0269
1.92354
1.52153
2.40352
1.9782
1.97708
2.01873
1.93948
1.97228
1.95178
1.97742
1.96382
1.76642
2.22208
1.94851
1.99553
2.17689
1.685
1.8962
1.95002
2.28371
1.65769
1.91338
1.94179
2.01163
1.94167
2.04517
1.90528
2.04642
1.90558
1.87653
2.11407
2.23305
1.69471
1.86489
2.09911
1.9161
2.03719
2.00073
1.95376
1.86963
2.01844
2.0194
1.97675
1.83036
2.14808
1.79356
2.15696
1.82192
2.11717
2.03887
1.88221
1.98635
1.93506
1.97005
1.93655
1.99454
1.97738
2.00682
1.98055
1.98541
1.94042
2.05178
1.87363
1.93714
2.01259
1.96199
1.99169
1.94908
2.03267
1.98054
2.00335
2.29236
1.66267
1.96649
1.97172
1.95587
1.97445
1.98778
1.96251
1.98119
1.98066
1.9609
1.98098
1.98628
2.00122
2.00479
2.00326
1.79756
1.97972
1.98297
1.92954
1.87529
2.05359
2.1153
1.73677
1.79027
2.04769
1.75609
2.20437
1.36238
2.58785
2.06976
1.90911
1.98106
1.95209
1.91893
1.99491
2.02387
1.94799
1.94462
1.97588
2.06792
1.86188
1.93677
2.00881
1.95087
1.98945
1.83228
2.06246
2.01554
1.93251
1.97198
1.9614
1.96325
1.97458
1.96271
2.02268
1.88539
2.03832
1.93495
2.00253
1.93354
2.00586
2.19281
1.76265
1.9296
2.06684
1.96376
1.98352
2.00938
1.93389
1.94749
1.97412
1.98013
1.98251
2.0949
1.89155
1.96609
1.86117
1.97978
2.00624
1.93086
2.0316
2.00535
1.93762
1.95719
2.03445
1.90318
2.03671
1.8399
2.00898
1.95309
2.01969
1.88047
2.02235
1.92554
1.96165
2.00779
1.94833
1.83931
2.11494
1.83558
2.1148
1.86322
2.09726
1.9739
1.96203
1.99614
1.9695
2.01272
1.97956
1.94304
1.99783
1.93646
1.98475
1.83644
2.06434
1.97263
1.96164
1.88664
2.04984
1.95942
2.00859
1.99138
1.88953
1.9712
1.88554
1.97181
1.98984
1.78763
2.0739
1.85658
2.03157
1.98115
1.93769
2.03573
1.9299
1.95007
1.99632
1.957
1.96032
2.0667
1.85193
2.00057
1.97731
1.94492
1.98727
2.0893
1.8918
1.99104
1.99284
1.89118
1.97622
1.87543
2.02837
1.95833
1.98186
1.98286
1.77947
1.95257
1.99105
2.06794
1.91339
2.03056
1.92915
1.89874
1.99796
1.98268
2.00525
1.9152
1.97678
1.97471
1.99855
1.98248
1.99884
1.85418
2.03888
1.99781
1.94738
1.90288
2.07201
1.94339
1.9985
1.95862
1.99949
1.85342
2.07241
1.35463
2.62646
1.98792
1.98405
1.9047
2.01449
1.97888
1.93813
1.98271
1.93519
1.99908
1.97525
1.79219
2.19873
1.93232
1.94206
1.95473
1.947
1.97637
1.95896
1.99125
1.97648
1.97734
1.9498
2.11946
1.84344
1.97798
1.9717
1.96257
2.00711
1.85707
2.06732
1.96356
1.98466
1.47691
2.47116
1.96168
2.00599
1.92629
2.00196
2.00201
1.97909
1.98962
1.95817
1.97375
1.97756
1.97006
2.03704
2.01102
1.95356
1.93089
2.01139
2.09504
1.88755
2.09724
1.79009
2.09212
1.85804
2.45221
1.43673
1.82109
2.13347
1.69959
2.16735
2.01855
1.95176
1.91991
2.07799
2.00025
1.92825
2.01141
1.95122
2.51326
1.43364
1.95661
2.04406
1.93717
2.01312
1.94981
1.97054
2.0396
1.86766
1.98651
1.95773
1.92545
2.02331
1.87054
1.97514
1.7362
2.15283
2.25414
1.63937
2.07317
1.90736
2.03493
1.91871
1.98719
1.96388
2.02496
1.93773
1.9592
1.99396
1.99472
1.93779
1.91808
2.04325
2.00963
1.96231
1.98555
1.8436
2.04135
1.92617
1.97246
1.93105
1.77472
2.13944
1.98974
1.93276
2.03376
1.92711
1.98792
1.95852
1.93925
1.92907
1.94614
1.98296
1.97948
1.94448
1.9803
1.98501
1.90984
2.02874
1.97726
1.95471
2.00665
1.94543
2.01221
1.91889
1.99586
1.94668
1.91968
1.98377
2.02955
1.88697
2.20205
1.71965
1.96912
1.96532
2.00828
1.93409
1.99239
1.94031
1.95325
2.03059
1.96817
1.91312
1.93416
2.01047
1.40063
2.53065
1.93111
2.02607
2.15809
1.7755
1.892
1.99486
1.8818
2.02752
1.92032
2.05515
1.74295
2.11874
2.00502
1.96624
1.56133
2.41244
1.98138
1.96621
1.78377
2.18797
2.02034
1.92817
2.01713
1.9139
2.21346
1.73311
1.96952
1.85503
1.91514
2.02241
1.99904
1.92996
1.98211
1.99317
2.0419
1.90664
1.75942
2.1762
1.97763
1.97365
1.80861
2.16408
1.94943
2.03613
1.97949
1.99749
2.02146
1.97777
1.9587
1.93972
1.9624
2.02491
2.14161
1.79458
2.02978
1.92022
2.00418
1.96455
1.96531
2.0011
2.00246
1.98725
1.92715
1.96243
1.80889
2.11729
1.9592
1.95796
1.91628
2.03276
1.98212
1.99997
1.96164
1.99126
1.98417
1.96183
1.943
1.98931
2.05169
1.94732
1.92237
2.02397
2.31736
1.61737
1.97546
1.98002
2.03787
1.95938
1.88416
2.0311
1.94463
1.94469
1.99284
1.94744
1.99707
1.97966
1.87846
2.03527
2.00748
1.86797
1.9648
1.95974
1.96307
1.9623
2.14678
1.67079
1.93801
1.97755
1.83282
2.11015
1.99823
1.92461
1.65684
2.23834
1.89328
1.97753
2.04868
1.89115
1.96243
1.95916
1.97073
1.92029
1.95064
1.97581
2.03113
1.94282
1.98298
1.99207
1.97463
1.97205
1.98565
2.00756
2.02063
1.90978
2.13499
1.84486
1.95459
2.03022
1.85739
2.07126
2.01296
1.95083
1.60061
2.3549
1.99262
1.97369
2.00327
1.92179
1.97019
2.01434
1.87256
2.0374
1.99056
1.94191
1.9249
1.87843
1.99245
1.98013
2.16145
1.77146
1.91616
2.05412
2.01202
1.97122
2.02881
1.856
1.98488
1.93867
2.1179
1.79775
1.51609
2.45276
1.93755
1.98062
1.98965
1.9737
2.19187
1.77455
1.99986
1.93656
1.88549
2.04245
1.7332
2.19416
2.01648
1.93562
1.96561
1.98683
1.99962
1.94191
1.9977
1.98554
1.86933
2.02046
1.96141
1.97834
1.94634
2.01632
1.9963
1.94067
1.97379
1.88176
1.98182
1.93535
2.01627
1.95173
1.93269
2.03737
2.10524
1.82927
1.97598
1.9733
1.98872
1.99302
1.99052
1.96357
2.012
1.97897
2.10458
1.82323
1.96841
2.01358
2.0194
1.93554
2.0282
1.94343
1.86978
1.96123
1.92396
1.97711
1.82069
2.14067
1.91961
1.93108
2.02918
1.89131
1.97286
1.98387
1.84266
2.10802
2.01215
1.93327
1.98938
1.93843
2.17479
1.81373
1.9346
2.02716
2.01911
1.94554
2.00758
1.94104
1.96886
1.99584
1.93426
1.98743
2.0674
1.77762
2.18399
1.7587
1.99545
1.95315
2.03285
1.9413
1.93465
1.98915
1.95671
1.99081
1.96802
1.95957
1.95285
2.00261
