0.1 1.125 3.69212
0.1 3.375 2.74644
0.1 5.625 2.36006
0.1 7.875 2.42485
0.1 10.125 2.51821
0.1 12.375 2.14808
0.1 14.625 2.54833
0.1 16.875 3.07652
0.1 19.125 3.71462
0.1 21.375 3.68707
0.1 23.625 3.36972
0.1 28.125 3.02005
0.1 30.375 3.70295
0.1 32.625 3.34276
0.1 34.875 3.6629
0.1 37.125 3.66932
0.1 39.375 3.65955
0.1 41.625 3.71239
0.1 43.875 3.18616
0.3 1.125 3.44339
0.3 3.375 3.10123
0.3 5.625 3.49683
0.3 7.875 3.38033
0.3 10.125 3.63963
0.3 12.375 3.565
0.3 14.625 3.52463
0.3 16.875 3.50773
0.3 19.125 3.50685
0.3 21.375 3.69051
0.3 23.625 3.50495
0.3 25.875 3.32619
0.3 28.125 3.65076
0.3 30.375 3.63871
0.3 32.625 3.54711
0.3 34.875 3.63533
0.3 37.125 3.42931
0.3 39.375 3.48693
0.3 41.625 3.55371
0.3 43.875 3.63774
0.5 1.125 3.4868
0.5 3.375 3.52104
0.5 5.625 3.49674
0.5 7.875 3.42472
0.5 10.125 3.5131
0.5 12.375 3.57829
0.5 14.625 3.5652
0.5 16.875 3.54089
0.5 19.125 3.59655
0.5 21.375 3.51631
0.5 23.625 3.52048
0.5 25.875 3.60753
0.5 28.125 3.50972
0.5 30.375 3.60717
0.5 32.625 3.42587
0.5 34.875 3.59292
0.5 37.125 3.54978
0.5 39.375 3.54532
0.5 41.625 3.51858
0.5 43.875 3.52492
0.7 1.125 3.13363
0.7 3.375 3.34071
0.7 5.625 3.3166
0.7 7.875 3.35899
0.7 10.125 3.28457
0.7 12.375 3.41445
0.7 14.625 3.34587
0.7 16.875 3.35391
0.7 19.125 3.31469
0.7 21.375 3.38274
0.7 23.625 3.39373
0.7 25.875 3.38498
0.7 28.125 3.40981
0.7 30.375 3.44146
0.7 32.625 3.39812
0.7 34.875 3.42465
0.7 37.125 3.42872
0.7 39.375 3.41873
0.7 41.625 3.38308
0.7 43.875 3.40389
0.9 1.125 2.84044
0.9 3.375 2.97747
0.9 5.625 3.03761
0.9 7.875 3.00684
0.9 10.125 2.91519
0.9 12.375 2.92972
0.9 14.625 2.92234
0.9 16.875 3.09785
0.9 19.125 3.06446
0.9 21.375 3.00307
0.9 23.625 3.13068
0.9 25.875 3.12832
0.9 28.125 3.1811
0.9 30.375 3.18792
0.9 32.625 3.15594
0.9 34.875 3.13369
0.9 37.125 3.22336
0.9 39.375 3.1974
0.9 41.625 3.22266
0.9 43.875 3.15315
1.1 1.125 2.08284
1.1 3.375 2.20951
1.1 5.625 2.12792
1.1 7.875 2.21832
1.1 10.125 2.26984
1.1 12.375 2.23528
1.1 14.625 2.19087
1.1 16.875 2.32546
1.1 19.125 2.42863
1.1 21.375 2.50705
1.1 23.625 2.50104
1.1 25.875 2.67355
1.1 28.125 2.60848
1.1 30.375 2.65863
1.1 32.625 2.67561
1.1 34.875 2.85987
1.1 37.125 2.80691
1.1 39.375 2.86465
1.1 41.625 2.83316
1.1 43.875 2.97215
1.3 1.125 1.31378
1.3 3.375 1.28097
1.3 5.625 1.2579
1.3 7.875 1.26667
1.3 10.125 1.26758
1.3 12.375 1.44272
1.3 14.625 1.47873
1.3 16.875 1.46435
1.3 19.125 1.55168
1.3 21.375 1.57416
1.3 23.625 1.64763
1.3 25.875 1.74481
1.3 28.125 1.87753
1.3 30.375 1.81252
1.3 32.625 1.98766
1.3 34.875 2.04246
1.3 37.125 2.10898
1.3 39.375 2.24568
1.3 41.625 2.33988
1.3 43.875 2.3093
1.5 1.125 0.645591
1.5 3.375 0.648003
1.5 5.625 0.678403
1.5 7.875 0.720548
1.5 10.125 0.637192
1.5 12.375 0.659083
1.5 14.625 0.72192
1.5 16.875 0.748358
1.5 19.125 0.821349
1.5 21.375 0.850945
1.5 23.625 0.839148
1.5 25.875 0.917461
1.5 28.125 1.08547
1.5 30.375 1.11076
1.5 32.625 1.25336
1.5 34.875 1.26949
1.5 37.125 1.36657
1.5 39.375 1.5198
1.5 41.625 1.61593
1.5 43.875 1.57015
1.7 1.125 0.36434
1.7 3.375 0.366165
1.7 5.625 0.387197
1.7 7.875 0.376784
1.7 10.125 0.393221
1.7 12.375 0.40322
1.7 14.625 0.40235
1.7 16.875 0.450178
1.7 19.125 0.461299
1.7 21.375 0.446867
1.7 23.625 0.468033
1.7 25.875 0.498726
1.7 28.125 0.516669
1.7 30.375 0.52304
1.7 32.625 0.607782
1.7 34.875 0.611941
1.7 37.125 0.602266
1.7 39.375 0.683549
1.7 41.625 0.725902
1.7 43.875 0.749549
1.9 1.125 0.215986
1.9 3.375 0.223722
1.9 5.625 0.233274
1.9 7.875 0.24215
1.9 10.125 0.249413
1.9 12.375 0.238192
1.9 14.625 0.25546
1.9 16.875 0.265052
1.9 19.125 0.268051
1.9 21.375 0.270877
1.9 23.625 0.279927
1.9 25.875 0.281229
1.9 28.125 0.298101
1.9 30.375 0.326597
1.9 32.625 0.320174
1.9 34.875 0.351418
1.9 37.125 0.362267
1.9 39.375 0.372094
1.9 41.625 0.39085
1.9 43.875 0.403723
2.1 1.125 0.142018
2.1 3.375 0.154524
2.1 5.625 0.151645
2.1 7.875 0.159548
2.1 10.125 0.168518
2.1 12.375 0.161272
2.1 14.625 0.173265
2.1 16.875 0.173627
2.1 19.125 0.173621
2.1 21.375 0.173983
2.1 23.625 0.177946
2.1 25.875 0.189308
2.1 28.125 0.193378
2.1 30.375 0.198672
2.1 32.625 0.212404
2.1 34.875 0.233543
2.1 37.125 0.239291
2.1 39.375 0.237733
2.1 41.625 0.239965
2.1 43.875 0.250271
2.3 1.125 0.108292
2.3 3.375 0.115958
2.3 5.625 0.112122
2.3 7.875 0.113576
2.3 10.125 0.110796
2.3 12.375 0.110387
2.3 14.625 0.115036
2.3 16.875 0.120443
2.3 19.125 0.127795
2.3 21.375 0.125674
2.3 23.625 0.12801
2.3 25.875 0.130603
2.3 28.125 0.138666
2.3 30.375 0.148341
2.3 32.625 0.151979
2.3 34.875 0.15405
2.3 37.125 0.150252
2.3 39.375 0.153246
2.3 41.625 0.157234
2.3 43.875 0.160538
2.5 1.125 0.0819614
2.5 3.375 0.0872516
2.5 5.625 0.0808966
2.5 7.875 0.0859815
2.5 10.125 0.0823814
2.5 12.375 0.0841035
2.5 14.625 0.0868267
2.5 16.875 0.0838808
2.5 19.125 0.0889308
2.5 21.375 0.0904765
2.5 23.625 0.103885
2.5 25.875 0.0994086
2.5 28.125 0.103993
2.5 30.375 0.105273
2.5 32.625 0.110566
2.5 34.875 0.108019
2.5 37.125 0.106648
2.5 39.375 0.104172
2.5 41.625 0.107583
2.5 43.875 0.107855
2.7 1.125 0.0608814
2.7 3.375 0.0639957
2.7 5.625 0.0658303
2.7 7.875 0.0656279
2.7 10.125 0.0645296
2.7 12.375 0.064445
2.7 14.625 0.0659267
2.7 16.875 0.0655424
2.7 19.125 0.071305
2.7 21.375 0.0700031
2.7 23.625 0.0717211
2.7 25.875 0.0750169
2.7 28.125 0.0776849
2.7 30.375 0.0778702
2.7 32.625 0.0801517
2.7 34.875 0.0743141
2.7 37.125 0.0795602
2.7 39.375 0.0806409
2.7 41.625 0.077128
2.7 43.875 0.0782672
2.9 1.125 0.0517478
2.9 3.375 0.0508758
2.9 5.625 0.0604066
2.9 7.875 0.0513784
2.9 10.125 0.0502293
2.9 12.375 0.0514442
2.9 14.625 0.0516564
2.9 16.875 0.0518743
2.9 19.125 0.0530465
2.9 21.375 0.0570109
2.9 23.625 0.0577956
2.9 25.875 0.0589029
2.9 28.125 0.0608199
2.9 30.375 0.0608272
2.9 32.625 0.0600043
2.9 34.875 0.0577339
2.9 37.125 0.0586487
2.9 39.375 0.0578576
2.9 41.625 0.0559666
2.9 43.875 0.0564849
3.1 1.125 0.0411926
3.1 3.375 0.0416397
3.1 5.625 0.0404347
3.1 7.875 0.0424033
3.1 10.125 0.0424448
3.1 12.375 0.0412306
3.1 14.625 0.0435883
3.1 16.875 0.0441486
3.1 19.125 0.0457802
3.1 21.375 0.0459789
3.1 23.625 0.044413
3.1 25.875 0.0469929
3.1 28.125 0.0492849
3.1 30.375 0.0475339
3.1 32.625 0.0456417
3.1 34.875 0.0499592
3.1 37.125 0.0454732
3.1 39.375 0.0463966
3.1 41.625 0.0466793
3.1 43.875 0.0478641
3.3 1.125 0.0342535
3.3 3.375 0.0335143
3.3 5.625 0.0334723
3.3 7.875 0.0322118
3.3 10.125 0.0332911
3.3 12.375 0.0345263
3.3 14.625 0.0338269
3.3 16.875 0.0336062
3.3 19.125 0.0380594
3.3 21.375 0.0466614
3.3 23.625 0.0376506
3.3 25.875 0.0384873
3.3 28.125 0.0387686
3.3 30.375 0.0451255
3.3 32.625 0.0392768
3.3 34.875 0.0392443
3.3 37.125 0.0566
3.3 39.375 0.0380912
3.3 41.625 0.0363722
3.3 43.875 0.0343961
3.5 1.125 0.0265656
3.5 3.375 0.0271534
3.5 5.625 0.0273904
3.5 7.875 0.0269617
3.5 10.125 0.0267873
3.5 12.375 0.0283555
3.5 14.625 0.028126
3.5 16.875 0.0286219
3.5 19.125 0.030361
3.5 21.375 0.0310673
3.5 23.625 0.0299718
3.5 25.875 0.0317706
3.5 28.125 0.0310933
3.5 30.375 0.0317636
3.5 32.625 0.0323042
3.5 34.875 0.0322317
3.5 37.125 0.0306164
3.5 39.375 0.0297213
3.5 41.625 0.0313056
3.5 43.875 0.031202
3.7 1.125 0.0211432
3.7 3.375 0.0232887
3.7 5.625 0.0225244
3.7 7.875 0.0235543
3.7 10.125 0.02387
3.7 12.375 0.021893
3.7 14.625 0.0236444
3.7 16.875 0.0234845
3.7 19.125 0.0217357
3.7 21.375 0.0252216
3.7 23.625 0.0248243
3.7 25.875 0.0261515
3.7 28.125 0.025866
3.7 30.375 0.0275519
3.7 32.625 0.025224
3.7 34.875 0.0268088
3.7 37.125 0.025832
3.7 39.375 0.0258525
3.7 41.625 0.0268988
3.7 43.875 0.0257631
3.9 1.125 0.0193707
3.9 3.375 0.0191015
3.9 5.625 0.0193294
3.9 7.875 0.018242
3.9 10.125 0.0189037
3.9 12.375 0.019877
3.9 14.625 0.0214335
3.9 16.875 0.0205226
3.9 19.125 0.0213357
3.9 21.375 0.0217095
3.9 23.625 0.0207585
3.9 25.875 0.0210308
3.9 28.125 0.0216031
3.9 30.375 0.0219822
3.9 32.625 0.0213027
3.9 34.875 0.0220117
3.9 37.125 0.0219847
3.9 39.375 0.0212897
3.9 41.625 0.0217829
3.9 43.875 0.0217036
4.1 1.125 0.0158907
4.1 3.375 0.0171856
4.1 5.625 0.0190525
4.1 7.875 0.0169376
4.1 10.125 0.0161829
4.1 12.375 0.0167818
4.1 14.625 0.017691
4.1 16.875 0.0181629
4.1 19.125 0.01706
4.1 21.375 0.0171649
4.1 23.625 0.0183778
4.1 25.875 0.0180415
4.1 28.125 0.0175427
4.1 30.375 0.0176301
4.1 32.625 0.0181044
4.1 34.875 0.0172463
4.1 37.125 0.0175688
4.1 39.375 0.0178408
4.1 41.625 0.0181312
4.1 43.875 0.0182962
4.3 1.125 0.0212202
4.3 3.375 0.0145527
4.3 5.625 0.014753
4.3 7.875 0.013866
4.3 10.125 0.0141205
4.3 12.375 0.0139608
4.3 14.625 0.0152706
4.3 16.875 0.0240193
4.3 19.125 0.0155284
4.3 21.375 0.0155539
4.3 23.625 0.0149794
4.3 25.875 0.0207885
4.3 28.125 0.0153169
4.3 30.375 0.0156702
4.3 32.625 0.0156823
4.3 34.875 0.0159341
4.3 37.125 0.0152206
4.3 39.375 0.0152494
4.3 41.625 0.0148886
4.3 43.875 0.0156978
4.5 1.125 0.0113611
4.5 3.375 0.0118754
4.5 5.625 0.0116099
4.5 7.875 0.0127574
4.5 10.125 0.0123438
4.5 12.375 0.0124449
4.5 14.625 0.012977
4.5 16.875 0.0199998
4.5 19.125 0.0138208
4.5 21.375 0.0131165
4.5 23.625 0.0130374
4.5 25.875 0.013386
4.5 28.125 0.0156504
4.5 30.375 0.0122961
4.5 32.625 0.0115924
4.5 34.875 0.0133312
4.5 37.125 0.0129861
4.5 39.375 0.0124596
4.5 41.625 0.0121553
4.5 43.875 0.0124058
4.7 1.125 0.0105466
4.7 3.375 0.0102647
4.7 5.625 0.0111088
4.7 7.875 0.00982222
4.7 10.125 0.0107373
4.7 12.375 0.0102438
4.7 14.625 0.011189
4.7 16.875 0.0113702
4.7 19.125 0.0173817
4.7 21.375 0.0111471
4.7 23.625 0.0110712
4.7 25.875 0.0113258
4.7 28.125 0.0106915
4.7 30.375 0.0110379
4.7 32.625 0.0110017
4.7 34.875 0.0109928
4.7 37.125 0.0108328
4.7 39.375 0.0108795
4.7 41.625 0.0111532
4.7 43.875 0.0108027
4.9 1.125 0.00854449
4.9 3.375 0.0085788
4.9 5.625 0.00958875
4.9 7.875 0.0128179
4.9 10.125 0.0100835
4.9 12.375 0.0093248
4.9 14.625 0.00983227
4.9 16.875 0.0100404
4.9 19.125 0.00889067
4.9 21.375 0.00975921
4.9 23.625 0.00971915
4.9 25.875 0.00956442
4.9 28.125 0.0107846
4.9 30.375 0.00998081
4.9 32.625 0.00954713
4.9 34.875 0.00895221
4.9 37.125 0.00905803
4.9 39.375 0.00927344
4.9 41.625 0.010542
4.9 43.875 0.0086529
5.1 1.125 0.00846971
5.1 3.375 0.00852895
5.1 5.625 0.00754862
5.1 7.875 0.0150574
5.1 10.125 0.00853228
5.1 12.375 0.00881942
5.1 14.625 0.00839692
5.1 16.875 0.00911872
5.1 19.125 0.00909493
5.1 21.375 0.00889159
5.1 23.625 0.00839652
5.1 25.875 0.00823093
5.1 28.125 0.00876756
5.1 30.375 0.0151568
5.1 32.625 0.0131452
5.1 34.875 0.00853672
5.1 37.125 0.00858549
5.1 39.375 0.00949275
5.1 41.625 0.00948881
5.1 43.875 0.00853142
5.3 1.125 0.00717559
5.3 3.375 0.00728743
5.3 5.625 0.00668098
5.3 7.875 0.00744569
5.3 10.125 0.00717387
5.3 12.375 0.0137785
5.3 14.625 0.00777769
5.3 16.875 0.00776554
5.3 19.125 0.00750949
5.3 21.375 0.00759899
5.3 23.625 0.00742086
5.3 25.875 0.00876401
5.3 28.125 0.00749477
5.3 30.375 0.00726564
5.3 32.625 0.00948626
5.3 34.875 0.00727702
5.3 37.125 0.00721572
5.3 39.375 0.00757266
5.3 41.625 0.00748312
5.3 43.875 0.00682347
5.5 1.125 0.00613275
5.5 3.375 0.0059998
5.5 5.625 0.00669117
5.5 7.875 0.00684659
5.5 10.125 0.00665862
5.5 12.375 0.00669899
5.5 14.625 0.00732856
5.5 16.875 0.0069082
5.5 19.125 0.00694901
5.5 21.375 0.0119215
5.5 23.625 0.00715324
5.5 25.875 0.00656263
5.5 28.125 0.00699448
5.5 30.375 0.00849917
5.5 32.625 0.00704084
5.5 34.875 0.00670202
5.5 37.125 0.00630106
5.5 39.375 0.00676825
5.5 41.625 0.00704111
5.5 43.875 0.0062626
5.7 1.125 0.00571034
5.7 3.375 0.00547767
5.7 5.625 0.0057008
5.7 7.875 0.00532855
5.7 10.125 0.00562248
5.7 12.375 0.00656507
5.7 14.625 0.0060628
5.7 16.875 0.00613916
5.7 19.125 0.00638796
5.7 21.375 0.00615901
5.7 23.625 0.00704181
5.7 25.875 0.00638994
5.7 28.125 0.00583661
5.7 30.375 0.00644101
5.7 32.625 0.00633685
5.7 34.875 0.00609704
5.7 37.125 0.00594601
5.7 39.375 0.00592145
5.7 41.625 0.00541564
5.7 43.875 0.00578314
5.9 1.125 0.00532287
5.9 3.375 0.00484482
5.9 5.625 0.00473609
5.9 7.875 0.0111012
5.9 10.125 0.00487819
5.9 12.375 0.0054456
5.9 14.625 0.00602097
5.9 16.875 0.00641837
5.9 19.125 0.00585795
5.9 21.375 0.00573718
5.9 23.625 0.00516107
5.9 25.875 0.00577321
5.9 28.125 0.00536153
5.9 30.375 0.00530499
5.9 32.625 0.00564947
5.9 34.875 0.00531178
5.9 37.125 0.00532625
5.9 39.375 0.00578216
5.9 41.625 0.00964506
5.9 43.875 0.00509509
6.1 1.125 0.00550654
6.1 3.375 0.0064351
6.1 5.625 0.00455274
6.1 7.875 0.00467125
6.1 10.125 0.0055618
6.1 12.375 0.00472601
6.1 14.625 0.00484596
6.1 16.875 0.00521403
6.1 19.125 0.00499493
6.1 21.375 0.00482135
6.1 23.625 0.00491128
6.1 25.875 0.00500161
6.1 28.125 0.00491084
6.1 30.375 0.00471576
6.1 32.625 0.00480262
6.1 34.875 0.0051964
6.1 37.125 0.00493852
6.1 39.375 0.00500972
6.1 41.625 0.00491303
6.1 43.875 0.00482379
6.3 1.125 0.00469038
6.3 3.375 0.00423698
6.3 5.625 0.00430604
6.3 7.875 0.00468099
6.3 10.125 0.00445793
6.3 12.375 0.0136389
6.3 14.625 0.00452306
6.3 16.875 0.00487935
6.3 19.125 0.00476822
6.3 21.375 0.00422751
6.3 23.625 0.00474288
6.3 25.875 0.00486118
6.3 28.125 0.00482677
6.3 30.375 0.00478017
6.3 32.625 0.00444197
6.3 34.875 0.00488481
6.3 37.125 0.0044514
6.3 39.375 0.00442971
6.3 41.625 0.00469364
6.3 43.875 0.00477844
6.5 1.125 0.0042465
6.5 3.375 0.0040575
6.5 5.625 0.00424703
6.5 7.875 0.00463526
6.5 10.125 0.00446793
6.5 12.375 0.00442729
6.5 14.625 0.0043111
6.5 16.875 0.00455118
6.5 19.125 0.0141725
6.5 21.375 0.00453811
6.5 23.625 0.00409676
6.5 25.875 0.00420366
6.5 28.125 0.00434275
6.5 30.375 0.00413628
6.5 32.625 0.00442477
6.5 34.875 0.00457702
6.5 37.125 0.00395217
6.5 39.375 0.00426949
6.5 41.625 0.00435209
6.5 43.875 0.00413711
6.7 1.125 0.00407639
6.7 3.375 0.00461411
6.7 5.625 0.00354087
6.7 7.875 0.00410205
6.7 10.125 0.00524646
6.7 12.375 0.0117108
6.7 14.625 0.0041547
6.7 16.875 0.00414648
6.7 19.125 0.00410839
6.7 21.375 0.00824881
6.7 23.625 0.00402309
6.7 25.875 0.0038555
6.7 28.125 0.00388147
6.7 30.375 0.00382499
6.7 32.625 0.0123295
6.7 34.875 0.00415954
6.7 37.125 0.004051
6.7 39.375 0.00432436
6.7 41.625 0.00420157
6.7 43.875 0.00426253
6.9 1.125 0.00393863
6.9 3.375 0.00362061
6.9 5.625 0.0036682
6.9 7.875 0.00384522
6.9 10.125 0.0052131
6.9 12.375 0.00951271
6.9 14.625 0.00386811
6.9 16.875 0.00386824
6.9 19.125 0.00395676
6.9 21.375 0.00367935
6.9 23.625 0.00362276
6.9 25.875 0.00361446
6.9 28.125 0.00355623
6.9 30.375 0.00374938
6.9 32.625 0.0115529
6.9 34.875 0.00403161
6.9 37.125 0.00404994
6.9 39.375 0.00367083
6.9 41.625 0.00364467
6.9 43.875 0.00394865
7.1 1.125 0.00375873
7.1 3.375 0.00456909
7.1 5.625 0.00355433
7.1 7.875 0.00367282
7.1 10.125 0.00396274
7.1 12.375 0.00369928
7.1 14.625 0.00380607
7.1 16.875 0.00368199
7.1 19.125 0.00346002
7.1 21.375 0.00357542
7.1 23.625 0.00371498
7.1 25.875 0.0032111
7.1 28.125 0.0117306
7.1 30.375 0.00367498
7.1 32.625 0.00315284
7.1 34.875 0.00346313
7.1 37.125 0.00351217
7.1 39.375 0.00350963
7.1 41.625 0.00335396
7.1 43.875 0.00349029
7.3 1.125 0.00330407
7.3 3.375 0.00315835
7.3 5.625 0.00802661
7.3 7.875 0.00323343
7.3 10.125 0.00330307
7.3 12.375 0.00398341
7.3 14.625 0.00375536
7.3 16.875 0.00321192
7.3 19.125 0.00387743
7.3 21.375 0.00508598
7.3 23.625 0.00321044
7.3 25.875 0.00331877
7.3 28.125 0.00310131
7.3 30.375 0.00334111
7.3 32.625 0.00313014
7.3 34.875 0.00327214
7.3 37.125 0.00340005
7.3 39.375 0.00331531
7.3 41.625 0.00322461
7.3 43.875 0.00353705
7.5 1.125 0.00416936
7.5 3.375 0.00335943
7.5 5.625 0.00378917
7.5 7.875 0.00350649
7.5 10.125 0.00346074
7.5 12.375 0.00350781
7.5 14.625 0.00344783
7.5 16.875 0.0135535
7.5 19.125 0.00353339
7.5 21.375 0.00333782
7.5 23.625 0.0079393
7.5 25.875 0.00315685
7.5 28.125 0.00376875
7.5 30.375 0.00342734
7.5 32.625 0.00316341
7.5 34.875 0.00328497
7.5 37.125 0.00451842
7.5 39.375 0.00354952
7.5 41.625 0.00316078
7.5 43.875 0.00313273
7.7 1.125 0.00357497
7.7 3.375 0.00296149
7.7 5.625 0.00294449
7.7 7.875 0.00596044
7.7 10.125 0.0117733
7.7 12.375 0.0035025
7.7 14.625 0.00360547
7.7 16.875 0.0136885
7.7 19.125 0.00301902
7.7 21.375 0.00885511
7.7 23.625 0.00299091
7.7 25.875 0.00306198
7.7 28.125 0.00443353
7.7 30.375 0.00312395
7.7 32.625 0.00296897
7.7 34.875 0.00312567
7.7 37.125 0.00304476
7.7 39.375 0.00313784
7.7 41.625 0.00317308
7.7 43.875 0.00319496
7.9 1.125 0.00288323
7.9 3.375 0.00319528
7.9 5.625 0.00308501
7.9 7.875 0.00462607
7.9 10.125 0.00336622
7.9 12.375 0.00320114
7.9 14.625 0.00491599
7.9 16.875 0.00304627
7.9 19.125 0.0121727
7.9 21.375 0.0033845
7.9 23.625 0.00351448
7.9 25.875 0.00277782
7.9 28.125 0.00306489
7.9 30.375 0.00302549
7.9 32.625 0.00291424
7.9 34.875 0.00295484
7.9 37.125 0.00324697
7.9 39.375 0.00278528
7.9 41.625 0.00302373
7.9 43.875 0.00302469
8.1 1.125 0.00273934
8.1 3.375 0.00275315
8.1 5.625 0.00292186
8.1 7.875 0.0145497
8.1 10.125 0.00287533
8.1 12.375 0.00309524
8.1 14.625 0.00306703
8.1 16.875 0.00298736
8.1 19.125 0.00474833
8.1 21.375 0.00332886
8.1 23.625 0.00695124
8.1 25.875 0.0126738
8.1 28.125 0.00302353
8.1 30.375 0.00296249
8.1 32.625 0.00461354
8.1 34.875 0.00295294
8.1 37.125 0.002954
8.1 39.375 0.00341289
8.1 41.625 0.00272418
8.1 43.875 0.00287688
8.3 1.125 0.00309873
8.3 3.375 0.00268471
8.3 5.625 0.0030176
8.3 7.875 0.00284954
8.3 10.125 0.00285246
8.3 12.375 0.00299301
8.3 14.625 0.0026294
8.3 16.875 0.00310287
8.3 19.125 0.00308976
8.3 21.375 0.00284054
8.3 23.625 0.00285557
8.3 25.875 0.0029184
8.3 28.125 0.00278344
8.3 30.375 0.00390941
8.3 32.625 0.00309262
8.3 34.875 0.00311598
8.3 37.125 0.00266866
8.3 39.375 0.00258245
8.3 41.625 0.00355352
8.3 43.875 0.00304304
8.5 1.125 0.00870767
8.5 3.375 0.00264848
8.5 5.625 0.0168575
8.5 7.875 0.00332454
8.5 10.125 0.0030795
8.5 12.375 0.00255668
8.5 14.625 0.00283204
8.5 16.875 0.00292601
8.5 19.125 0.00268118
8.5 21.375 0.00273423
8.5 23.625 0.00263231
8.5 25.875 0.00317844
8.5 28.125 0.00282653
8.5 30.375 0.00285325
8.5 32.625 0.00354303
8.5 34.875 0.00268313
8.5 37.125 0.00264769
8.5 39.375 0.00256136
8.5 41.625 0.00299841
8.5 43.875 0.00366489
8.7 1.125 0.00266196
8.7 3.375 0.00258476
8.7 5.625 0.00270551
8.7 7.875 0.00312696
8.7 10.125 0.0027909
8.7 12.375 0.00297773
8.7 14.625 0.00277356
8.7 16.875 0.00254631
8.7 19.125 0.00246301
8.7 21.375 0.00256305
8.7 23.625 0.00261706
8.7 25.875 0.00265613
8.7 28.125 0.00286728
8.7 30.375 0.00364311
8.7 32.625 0.00292131
8.7 34.875 0.00257834
8.7 37.125 0.00314144
8.7 39.375 0.00251073
8.7 41.625 0.00276282
8.7 43.875 0.00267097
8.9 1.125 0.00277153
8.9 3.375 0.00253875
8.9 5.625 0.00269415
8.9 7.875 0.00297341
8.9 10.125 0.00595936
8.9 12.375 0.00274689
8.9 14.625 0.0026008
8.9 16.875 0.0124431
8.9 19.125 0.0024297
8.9 21.375 0.00269249
8.9 23.625 0.00250137
8.9 25.875 0.00252956
8.9 28.125 0.00277739
8.9 30.375 0.00308617
8.9 32.625 0.00299826
8.9 34.875 0.00275323
8.9 37.125 0.00318213
8.9 39.375 0.00276442
8.9 41.625 0.00274596
8.9 43.875 0.0026541
9.1 1.125 0.00273019
9.1 3.375 0.00328639
9.1 5.625 0.00233716
9.1 7.875 0.00255293
9.1 10.125 0.0145782
9.1 12.375 0.00250881
9.1 14.625 0.0216278
9.1 16.875 0.00294885
9.1 19.125 0.00292064
9.1 21.375 0.00290778
9.1 23.625 0.00293612
9.1 25.875 0.00273195
9.1 28.125 0.00229632
9.1 30.375 0.00258949
9.1 32.625 0.00280163
9.1 34.875 0.0026612
9.1 37.125 0.00281117
9.1 39.375 0.0026386
9.1 41.625 0.00264617
9.1 43.875 0.00254286
9.3 1.125 0.00261031
9.3 3.375 0.00233302
9.3 5.625 0.00257179
9.3 7.875 0.00315229
9.3 10.125 0.00244221
9.3 12.375 0.00250409
9.3 14.625 0.00231944
9.3 16.875 0.0023886
9.3 19.125 0.00253729
9.3 21.375 0.00228238
9.3 23.625 0.0028337
9.3 25.875 0.00262914
9.3 28.125 0.00285633
9.3 30.375 0.00242074
9.3 32.625 0.00240877
9.3 34.875 0.00261578
9.3 37.125 0.00258742
9.3 39.375 0.00632817
9.3 41.625 0.00272928
9.3 43.875 0.00275678
9.5 1.125 0.00260979
9.5 3.375 0.00247084
9.5 5.625 0.00237235
9.5 7.875 0.00264962
9.5 10.125 0.00245261
9.5 12.375 0.0024966
9.5 14.625 0.00252927
9.5 16.875 0.00248372
9.5 19.125 0.00239031
9.5 21.375 0.00275492
9.5 23.625 0.00237636
9.5 25.875 0.00238991
9.5 28.125 0.00293164
9.5 30.375 0.00265543
9.5 32.625 0.00241814
9.5 34.875 0.0027747
9.5 37.125 0.00241119
9.5 39.375 0.00207116
9.5 41.625 0.0182954
9.5 43.875 0.00255706
9.7 1.125 0.00242541
9.7 3.375 0.00230336
9.7 5.625 0.00332585
9.7 7.875 0.00289533
9.7 10.125 0.00232355
9.7 12.375 0.00280045
9.7 14.625 0.0024005
9.7 16.875 0.00235837
9.7 19.125 0.00238478
9.7 21.375 0.00349906
9.7 23.625 0.00228817
9.7 25.875 0.00253483
9.7 28.125 0.00215749
9.7 30.375 0.00290976
9.7 32.625 0.00277485
9.7 34.875 0.00864173
9.7 37.125 0.00236423
9.7 39.375 0.00246638
9.7 41.625 0.00250153
9.7 43.875 0.0162536
9.9 1.125 0.00494518
9.9 3.375 0.00276919
9.9 5.625 0.00703451
9.9 7.875 0.00332606
9.9 10.125 0.00241604
9.9 12.375 0.00255904
9.9 14.625 0.00304872
9.9 16.875 0.00345458
9.9 19.125 0.00208448
9.9 21.375 0.00235402
9.9 23.625 0.002399
9.9 25.875 0.00290234
9.9 28.125 0.00212221
9.9 30.375 0.00264796
9.9 32.625 0.00214756
9.9 34.875 0.0024522
9.9 37.125 0.00232718
9.9 39.375 0.00274077
9.9 41.625 0.0025487
9.9 43.875 0.00240898
10.1 1.125 0.00252622
10.1 3.375 0.00314007
10.1 5.625 0.00273038
10.1 7.875 0.00254634
10.1 10.125 0.00248764
10.1 12.375 0.00723913
10.1 14.625 0.00285888
10.1 16.875 0.00260499
10.1 19.125 0.00349472
10.1 21.375 0.00246848
10.1 23.625 0.0022582
10.1 25.875 0.00235418
10.1 28.125 0.00240721
10.1 30.375 0.00231895
10.1 32.625 0.00294742
10.1 34.875 0.00224478
10.1 37.125 0.00276442
10.1 39.375 0.00238613
10.1 41.625 0.0027166
10.1 43.875 0.00255526
10.3 1.125 0.00251067
10.3 3.375 0.00218287
10.3 5.625 0.00212651
10.3 7.875 0.00284768
10.3 10.125 0.00233305
10.3 12.375 0.00225701
10.3 14.625 0.0198479
10.3 16.875 0.0310288
10.3 19.125 0.0168405
10.3 21.375 0.00217034
10.3 23.625 0.00240611
10.3 25.875 0.00614588
10.3 28.125 0.0023575
10.3 30.375 0.00214492
10.3 32.625 0.0249397
10.3 34.875 0.00250468
10.3 37.125 0.00226498
10.3 39.375 0.0031952
10.3 41.625 0.00252669
10.3 43.875 0.00228104
10.5 1.125 0.00219636
10.5 3.375 0.00195951
10.5 5.625 0.00267381
10.5 7.875 0.00238135
10.5 10.125 0.00243888
10.5 12.375 0.00246708
10.5 14.625 0.00237365
10.5 16.875 0.0237518
10.5 19.125 0.0258593
10.5 21.375 0.00202718
10.5 23.625 0.00208588
10.5 25.875 0.00201022
10.5 28.125 0.00286083
10.5 30.375 0.00302621
10.5 32.625 0.00256656
10.5 34.875 0.00264068
10.5 37.125 0.00219298
10.5 39.375 0.00203517
10.5 41.625 0.00237142
10.5 43.875 0.00245174
10.7 1.125 0.00238473
10.7 3.375 0.00214051
10.7 5.625 0.00293213
10.7 7.875 0.00262094
10.7 10.125 0.00234013
10.7 12.375 0.00222414
10.7 14.625 0.00232627
10.7 16.875 0.0024538
10.7 19.125 0.00234485
10.7 21.375 0.00225109
10.7 23.625 0.00228363
10.7 25.875 0.0148557
10.7 28.125 0.00253268
10.7 30.375 0.00227592
10.7 32.625 0.00228026
10.7 34.875 0.00271112
10.7 37.125 0.00221816
10.7 39.375 0.00278812
10.7 41.625 0.0147632
10.7 43.875 0.0022445
10.9 1.125 0.00225013
10.9 3.375 0.0037483
10.9 5.625 0.00233289
10.9 7.875 0.00226111
10.9 10.125 0.00225684
10.9 12.375 0.00262978
10.9 14.625 0.00243714
10.9 16.875 0.00217647
10.9 19.125 0.00293652
10.9 21.375 0.0023539
10.9 23.625 0.00298401
10.9 25.875 0.00243841
10.9 28.125 0.00238067
10.9 30.375 0.00293364
10.9 32.625 0.00248018
10.9 34.875 0.00209369
10.9 37.125 0.00227621
10.9 39.375 0.00233755
10.9 41.625 0.00242807
10.9 43.875 0.00268752
11.1 1.125 0.00266799
11.1 3.375 0.00234319
11.1 5.625 0.002569
11.1 7.875 0.00225199
11.1 10.125 0.00232549
11.1 12.375 0.00244869
11.1 14.625 0.00229593
11.1 16.875 0.00248885
11.1 19.125 0.0023383
11.1 21.375 0.00237501
11.1 23.625 0.00204056
11.1 25.875 0.00421034
11.1 28.125 0.0021967
11.1 30.375 0.00287473
11.1 32.625 0.00283227
11.1 34.875 0.00248688
11.1 37.125 0.00223298
11.1 39.375 0.00234224
11.1 41.625 0.00261782
11.1 43.875 0.00315815
11.3 1.125 0.00255986
11.3 3.375 0.00406453
11.3 5.625 0.00248947
11.3 7.875 0.00450398
11.3 10.125 0.00232558
11.3 12.375 0.00255866
11.3 14.625 0.00238591
11.3 16.875 0.00267703
11.3 19.125 0.00229252
11.3 21.375 0.00221112
11.3 23.625 0.00201074
11.3 25.875 0.00221281
11.3 28.125 0.00512149
11.3 30.375 0.00241186
11.3 32.625 0.00263672
11.3 34.875 0.00226753
11.3 37.125 0.00235312
11.3 39.375 0.00251218
11.3 41.625 0.00264327
11.3 43.875 0.0275134
11.5 1.125 0.00206404
11.5 3.375 0.00202634
11.5 5.625 0.00252913
11.5 7.875 0.00250073
11.5 10.125 0.00214386
11.5 12.375 0.00313726
11.5 14.625 0.00227092
11.5 16.875 0.00246574
11.5 19.125 0.00282572
11.5 21.375 0.00244667
11.5 23.625 0.00302339
11.5 25.875 0.00212117
11.5 28.125 0.0036418
11.5 30.375 0.00253728
11.5 32.625 0.00554045
11.5 34.875 0.00239012
11.5 37.125 0.00256261
11.5 39.375 0.00210503
11.5 41.625 0.00293744
11.5 43.875 0.00212301
11.7 1.125 0.00248486
11.7 3.375 0.00228686
11.7 5.625 0.00256563
11.7 7.875 0.00241984
11.7 10.125 0.00259268
11.7 12.375 0.00223748
11.7 14.625 0.00229468
11.7 16.875 0.00289869
11.7 19.125 0.0022009
11.7 21.375 0.00272287
11.7 23.625 0.00197013
11.7 25.875 0.00245747
11.7 28.125 0.00306367
11.7 30.375 0.00200578
11.7 32.625 0.00239518
11.7 34.875 0.0203728
11.7 37.125 0.00248527
11.7 39.375 0.00287121
11.7 41.625 0.00245206
11.7 43.875 0.002221
11.9 1.125 0.00217835
11.9 3.375 0.00202917
11.9 5.625 0.00216855
11.9 7.875 0.00284227
11.9 10.125 0.002029
11.9 12.375 0.00290874
11.9 14.625 0.00213291
11.9 16.875 0.00241839
11.9 19.125 0.00215089
11.9 21.375 0.00233373
11.9 23.625 0.00236906
11.9 25.875 0.00265047
11.9 28.125 0.00227567
11.9 30.375 0.0021065
11.9 32.625 0.00282187
11.9 34.875 0.00267065
11.9 37.125 0.029531
11.9 39.375 0.00250847
11.9 41.625 0.00810673
11.9 43.875 0.00204115
12.1 1.125 0.00226073
12.1 3.375 0.00227044
12.1 5.625 0.00405568
12.1 7.875 0.00221964
12.1 10.125 0.00241153
12.1 12.375 0.00247081
12.1 14.625 0.00227719
12.1 16.875 0.00231145
12.1 19.125 0.00225696
12.1 21.375 0.00233611
12.1 23.625 0.00220304
12.1 25.875 0.00235412
12.1 28.125 0.00223236
12.1 30.375 0.00258515
12.1 32.625 0.00199567
12.1 34.875 0.00223966
12.1 37.125 0.00237636
12.1 39.375 0.00621411
12.1 41.625 0.0024117
12.1 43.875 0.00232693
12.3 1.125 0.00567641
12.3 3.375 0.00268583
12.3 5.625 0.00461294
12.3 7.875 0.0100909
12.3 10.125 0.0024003
12.3 12.375 0.00205615
12.3 14.625 0.00208716
12.3 16.875 0.00262438
12.3 19.125 0.00245815
12.3 21.375 0.00277697
12.3 23.625 0.00197751
12.3 25.875 0.00201061
12.3 28.125 0.00229001
12.3 30.375 0.00214354
12.3 32.625 0.00241568
12.3 34.875 0.00234697
12.3 37.125 0.00303849
12.3 39.375 0.00203272
12.3 41.625 0.00243654
12.3 43.875 0.00272894
12.5 1.125 0.00207673
12.5 3.375 0.00658483
12.5 5.625 0.00243433
12.5 7.875 0.03463
12.5 10.125 0.00214787
12.5 12.375 0.00287623
12.5 14.625 0.00226336
12.5 16.875 0.00237491
12.5 19.125 0.00243844
12.5 21.375 0.0038879
12.5 23.625 0.00315524
12.5 25.875 0.00266385
12.5 28.125 0.00282153
12.5 30.375 0.00220794
12.5 32.625 0.00191013
12.5 34.875 0.00237238
12.5 37.125 0.00254161
12.5 39.375 0.00223061
12.5 41.625 0.0364027
12.5 43.875 0.00202185
12.7 1.125 0.00252503
12.7 3.375 0.00238092
12.7 5.625 0.00245032
12.7 7.875 0.00211799
12.7 10.125 0.00213784
12.7 12.375 0.0027516
12.7 14.625 0.0228015
12.7 16.875 0.0386905
12.7 19.125 0.00722195
12.7 21.375 0.00245185
12.7 23.625 0.0026634
12.7 25.875 0.0021463
12.7 28.125 0.00297917
12.7 30.375 0.0027982
12.7 32.625 0.00575577
12.7 34.875 0.00307036
12.7 37.125 0.00297567
12.7 39.375 0.0017459
12.7 41.625 0.00351141
12.7 43.875 0.00234184
12.9 1.125 0.00281938
12.9 3.375 0.00193028
12.9 5.625 0.00231646
12.9 7.875 0.00234052
12.9 10.125 0.00284548
12.9 12.375 0.00239113
12.9 14.625 0.00477656
12.9 16.875 0.00246428
12.9 19.125 0.00344333
12.9 21.375 0.00201522
12.9 23.625 0.00697022
12.9 25.875 0.0026676
12.9 28.125 0.00227512
12.9 30.375 0.0023308
12.9 32.625 0.00250003
12.9 34.875 0.00268195
12.9 37.125 0.0024988
12.9 39.375 0.0032106
12.9 41.625 0.012306
12.9 43.875 0.00274456
13.1 1.125 0.00280142
13.1 3.375 0.00243421
13.1 5.625 0.00218268
13.1 7.875 0.00218588
13.1 10.125 0.00214715
13.1 12.375 0.00231761
13.1 14.625 0.0028356
13.1 16.875 0.0121776
13.1 19.125 0.00276105
13.1 21.375 0.00283077
13.1 23.625 0.00245901
13.1 25.875 0.00204395
13.1 28.125 0.00211121
13.1 30.375 0.00170859
13.1 32.625 0.00187858
13.1 34.875 0.0404557
13.1 37.125 0.00360419
13.1 39.375 0.00265221
13.1 41.625 0.00526461
13.1 43.875 0.0072235
13.3 1.125 0.0025241
13.3 3.375 0.0019945
13.3 5.625 0.00275586
13.3 7.875 0.00278826
13.3 10.125 0.00208747
13.3 12.375 0.00239812
13.3 14.625 0.00256251
13.3 16.875 0.00189798
13.3 19.125 0.00191779
13.3 21.375 0.00183524
13.3 23.625 0.00215678
13.3 25.875 0.00415959
13.3 28.125 0.00366829
13.3 30.375 0.00215378
13.3 32.625 0.00279568
13.3 34.875 0.00299111
13.3 37.125 0.00312751
13.3 39.375 0.00198693
13.3 41.625 0.0018473
13.3 43.875 0.00259029
13.5 1.125 0.00228195
13.5 3.375 0.00218074
13.5 5.625 0.00263619
13.5 7.875 0.00219946
13.5 10.125 0.00210474
13.5 12.375 0.00198602
13.5 14.625 0.00262285
13.5 16.875 0.00265848
13.5 19.125 0.00249009
13.5 21.375 0.00234639
13.5 23.625 0.00285547
13.5 25.875 0.00674126
13.5 28.125 0.00200694
13.5 30.375 0.00229001
13.5 32.625 0.00214848
13.5 34.875 0.00175991
13.5 37.125 0.00237603
13.5 39.375 0.00276305
13.5 41.625 0.00235386
13.5 43.875 0.00310853
13.7 1.125 0.00246166
13.7 3.375 0.00193997
13.7 5.625 0.00267998
13.7 7.875 0.00215722
13.7 10.125 0.00239942
13.7 12.375 0.00168903
13.7 14.625 0.00232655
13.7 16.875 0.00583449
13.7 19.125 0.00187368
13.7 21.375 0.00255057
13.7 23.625 0.00293749
13.7 25.875 0.00232854
13.7 28.125 0.0257124
13.7 30.375 0.00298701
13.7 32.625 0.00284615
13.7 34.875 0.00260052
13.7 37.125 0.00221189
13.7 39.375 0.00257148
13.7 41.625 0.00224466
13.7 43.875 0.00342207
13.9 1.125 0.00196066
13.9 3.375 0.00221212
13.9 5.625 0.0016447
13.9 7.875 0.00210965
13.9 10.125 0.0024445
13.9 12.375 0.00209096
13.9 14.625 0.0154495
13.9 16.875 0.00232912
13.9 19.125 0.0017825
13.9 21.375 0.00292039
13.9 23.625 0.00849883
13.9 25.875 0.00203421
13.9 28.125 0.00186161
13.9 30.375 0.00232249
13.9 32.625 0.00275032
13.9 34.875 0.00287431
13.9 37.125 0.00154057
13.9 39.375 0.00216927
13.9 41.625 0.00267195
13.9 43.875 0.00358201
