1.03289
0.937475
0.963427
1.0109
1.00624
0.962759
0.957917
0.999804
0.968536
1.00779
0.994333
0.982037
1.0081
0.981858
0.873486
1.02741
1.05249
0.958732
0.944273
1.01432
0.9915
1.00186
0.963186
1.00732
0.999893
0.965374
1.03329
0.893733
0.985379
1.01051
0.911456
1.05839
0.988903
0.987316
0.92566
0.984301
0.999824
0.958732
0.969094
1.01621
0.989972
0.985732
0.880873
1.08148
1.00366
0.965162
1.00874
0.969714
0.915268
1.01314
0.98681
0.952055
0.952142
1.01509
0.945723
0.993438
0.963647
0.984418
0.974496
0.969359
1.02125
0.972076
0.978948
0.976853
0.916484
1.06244
0.941629
1.02638
0.986981
0.963056
0.965499
1.04265
0.970706
1.00023
0.987554
0.991187
0.994067
0.950168
1.01143
0.962158
0.942508
1.00283
1.01789
0.968478
0.834518
1.14448
0.989995
0.970585
0.947263
1.0194
0.949916
0.992675
0.961779
0.987456
0.994014
0.979331
0.858693
1.1262
1.02401
0.964189
1.04475
0.941982
1.04499
0.951434
1.15865
0.821962
1.0039
0.995766
0.997267
0.973332
0.977119
0.993055
0.946556
1.03742
1.00801
0.977679
0.953955
0.934684
0.937454
0.994691
0.938572
1.0187
1.04256
0.908481
0.964428
1.00012
0.995703
0.967567
0.982465
1.00212
0.957814
0.963034
0.997975
0.987346
0.981167
0.991087
0.968685
1.01319
0.992471
0.98609
0.960269
0.998894
1.03719
0.932836
0.942612
1.03777
0.970391
0.962377
0.962821
1.01152
1.02893
0.947042
0.965721
1.01502
0.983596
0.988435
0.989275
0.978128
1.04916
0.933477
0.956675
0.99709
0.911016
1.07829
1.00465
0.995351
0.969413
1.01898
0.969274
1.0238
1.0863
0.860287
0.886978
1.06194
0.795377
1.12086
1.03976
0.935383
1.01338
0.97044
1.11488
0.864657
1.13316
0.842772
0.991213
0.973016
1.01814
0.966836
0.998985
0.965356
0.996413
0.993158
1.01389
0.953246
0.976263
1.00894
0.926528
1.01838
0.954798
0.937583
1.04447
0.923139
0.986662
0.990644
0.978043
1.01162
0.993156
0.968764
0.993512
0.979316
1.05781
0.904059
1.01028
0.996276
1.22313
0.759223
0.968516
1.01759
0.920667
0.978322
1.005
0.875844
1.05421
0.922819
0.988102
0.99895
1.0097
0.955249
0.978842
0.985993
1.15539
0.826825
0.977262
1.004
1.04782
0.926395
0.973517
0.971741
0.984721
0.989074
0.892325
1.0432
0.971561
1.01571
1.0223
0.94808
1.03056
0.943909
0.916778
1.04397
1.29656
0.66827
0.979584
0.990463
0.962302
0.982723
0.925638
1.03989
0.996129
0.97521
0.708842
1.26092
0.985926
0.9803
0.949386
1.02134
0.930402
1.03551
0.994279
0.989753
0.98518
1.00594
0.944002
0.963202
0.965444
0.972501
1.01157
0.909346
0.983406
0.974305
0.978558
0.979755
1.05209
0.938887
0.998787
0.98234
0.992103
0.959111
0.984779
0.991342
1.01812
0.945215
1.0676
0.86213
0.97398
0.998757
0.869462
1.09884
0.9788
0.985546
1.00066
0.945102
0.916363
1.07971
1.11042
0.856247
0.989706
0.994912
1.08823
0.899788
0.940874
1.00959
0.956201
1.0668
0.98557
0.992888
0.977836
0.983909
1.00027
1.00713
1.13429
0.851036
1.10639
0.882267
0.979442
0.973919
1.00495
0.965893
0.975853
0.999878
0.942061
0.985172
0.950995
1.05402
1.00269
0.986627
0.975954
1.00096
0.978529
1.01199
0.973599
1.01873
0.990312
1.00357
1.03031
0.963113
1.00988
1.01358
0.996846
0.969363
1.03119
0.940308
0.954748
1.01274
1.01473
0.930714
1.10063
0.880712
0.986253
0.992677
1.02582
0.98846
0.978309
0.971732
0.978329
1.00082
0.953332
1.02644
0.981479
0.970538
1.11521
0.858368
1.05174
0.916391
1.02268
0.970824
0.987129
0.99867
0.890917
1.00352
1.02207
0.99867
0.830363
1.13259
1.01955
0.962929
0.987053
0.9967
0.968863
0.991976
1.00218
0.971278
0.953641
1.01099
0.948759
1.01629
0.974759
0.9741
0.981278
0.99104
0.940391
1.03684
0.972144
0.988596
0.979445
1.02135
0.994325
0.992754
1.00605
0.994276
0.806277
1.177
0.937004
1.05855
0.967961
1.01484
1.0439
0.949979
0.961994
1.02114
1.02362
0.935959
0.93661
1.05512
0.9724
0.951314
0.986588
1.02319
0.962959
0.981698
0.96046
0.996235
1.09111
0.88541
0.95928
0.999373
1.09703
0.851803
0.946058
1.03951
1.00119
0.960115
0.989201
0.97327
0.940717
1.01042
0.988217
1.00328
1.10722
0.880704
1.02172
0.967746
1.03036
0.935092
0.990835
0.960274
0.960442
0.990716
1.08458
0.904071
0.981597
0.973635
0.975083
0.977249
1.0454
0.959885
0.964477
1.02046
1.04152
0.956258
1.00805
0.99578
1.00718
0.957381
0.940289
0.992665
1.04309
0.918195
0.983991
0.973661
0.992121
1.00608
0.970474
0.987132
1.05394
0.939243
0.950462
0.997645
0.96559
0.968087
1.01706
0.960397
0.995932
0.978394
0.983544
0.999456
1.00782
0.97141
1.00545
0.959812
0.987572
0.95224
1.03181
0.967333
0.990303
0.976568
0.935292
1.01128
0.968685
0.97492
1.01409
0.936548
1.06101
0.934238
1.0021
1.00307
0.968061
0.997839
0.999299
0.998219
0.953635
1.01762
1.04104
0.957496
1.11325
0.832374
0.982884
0.986869
0.989323
1.00014
0.925296
1.03464
1.00765
0.967414
1.03238
0.935773
1.06387
0.870085
1.02032
0.958122
0.943129
1.05082
0.974937
1.01886
1.03746
0.95314
1.02704
0.978859
0.990857
0.981234
0.966757
0.959832
0.991684
1.00478
1.00452
0.945569
0.979939
0.999512
0.969132
0.999226
0.97465
0.950769
0.9894
0.997715
1.02106
0.957594
0.969543
0.998846
0.887457
1.08436
0.982147
0.989419
0.968056
1.01376
0.870143
1.09561
1.00716
0.956987
1.01664
0.972654
0.974252
1.01012
1.02153
0.965926
1.01187
0.984001
0.957789
0.991187
0.966518
1.00424
1.01259
0.941703
0.962377
0.991009
0.995884
0.984047
1.02514
0.984379
0.97314
0.979127
1.00947
0.993286
1.00145
0.968991
0.979797
1.00599
0.956928
1.04273
0.992382
0.949024
0.98446
1.01277
0.909386
1.06894
1.0173
0.961394
1.11101
0.826931
1.18394
0.704235
0.940371
1.03496
0.979147
0.971177
0.922962
1.02364
1.01278
0.968645
0.979089
0.990419
0.994462
0.988158
0.993612
0.975263
0.969546
1.02133
0.988119
1.00112
0.963973
0.998763
0.982861
0.959237
0.988843
0.968232
1.03453
0.94436
1.02246
0.948111
1.00168
0.989826
0.934215
1.01797
0.979885
0.982565
1.00461
0.970209
0.988876
0.986348
1.00342
0.975852
1.0043
0.996292
0.987719
1.01333
0.930519
1.0017
1.0323
0.974781
0.84398
1.11937
0.923114
1.03042
0.861369
1.10634
0.937667
1.02358
1.02263
0.947885
1.01895
0.87795
1.04175
0.935034
0.956819
0.988584
0.991801
0.989257
0.946415
0.997798
1.00149
0.939298
0.931384
1.01259
0.985926
1.02033
1.01428
0.969842
0.977062
0.993094
0.968
0.983465
1.02741
0.920113
1.02486
0.958103
0.959231
0.968506
1.00167
0.847284
1.01576
0.990097
0.918354
1.03317
0.701176
1.24373
1.04453
0.915322
0.987055
0.982579
0.98732
0.983744
1.15094
0.834094
1.01433
0.948201
1.1112
0.867951
0.984738
0.994413
0.92782
1.0426
0.981062
0.985471
0.934979
1.04686
1.03137
0.961317
0.995472
0.974772
1.00225
0.98402
0.944605
1.02563
0.970133
0.986877
1.00496
0.971086
0.640984
1.34088
0.935661
1.05166
0.949131
1.01663
1.09151
0.872566
1.04499
0.933327
1.01723
0.972746
0.974415
0.978931
0.869208
1.11252
0.994515
0.984518
0.971385
0.993907
0.84447
1.11973
1.02147
0.977307
1.00633
0.984734
1.16799
0.827588
0.983322
0.975455
0.965819
0.993885
0.973428
1.03053
0.888914
1.08254
0.990902
0.992
1.06032
0.897213
1.06035
0.921865
0.95245
1.00862
1.18582
0.773398
0.945621
1.0406
0.951424
0.995584
0.967057
1.00082
0.969435
0.971823
1.00484
0.944258
0.990194
0.985538
0.984332
0.976461
1.00855
0.834956
0.77095
1.1864
0.990075
0.924468
0.924348
1.04214
0.988338
1.00035
0.997678
1.00007
1.02058
0.955506
0.961711
1.03925
1.01916
0.986968
0.986668
0.965244
0.937181
1.04143
0.965764
1.0071
0.880251
1.10021
0.99644
0.975395
0.762962
1.20973
1.0752
0.866327
1.01726
0.962715
0.987028
0.982879
0.968825
0.950548
0.979168
1.00689
0.972771
0.999654
0.959488
1.01194
0.988463
0.976608
0.989965
0.979133
0.970396
1.00503
0.981153
1.01758
1.06413
0.928831
1.00016
1.0017
1.00468
0.955002
1.00768
0.965091
0.973207
1.00606
0.98042
0.968142
0.926083
1.02325
0.964374
0.989908
1.05159
0.919069
0.947695
1.0396
1.01901
0.971891
1.08892
0.882661
1.03559
0.947525
1.35546
0.578324
0.90669
1.04887
0.999699
0.939554
1.01143
0.942857
0.993669
1.00611
1.02901
0.960483
0.912133
1.08072
0.995798
0.969759
0.980235
0.983712
1.04396
0.955756
1.02417
0.983691
0.987669
0.994691
1.02844
0.967992
1.03412
0.912534
1.10591
0.872283
0.962668
1.0132
1.04069
0.944509
0.93716
1.02619
1.03476
0.9403
1.01661
0.968631
0.931481
1.03224
1.01218
0.989971
1.05898
0.930272
0.972317
1.02669
0.995439
0.984134
1.07491
0.916892
0.977175
1.0082
0.957168
0.986951
0.819481
1.15333
1.00765
0.972959
0.827429
1.14093
0.956846
1.01521
0.992758
0.98894
1.04088
0.942523
1.02309
0.965732
1.00837
0.966685
1.15156
0.789178
1.00732
0.977725
0.966132
1.01496
0.96674
0.996666
1.01869
0.978108
0.98719
0.98424
0.987985
0.964069
0.993154
1.00892
1.06936
0.911298
0.940911
1.03047
0.848957
1.06983
0.996995
0.968297
0.979793
0.994603
0.967956
0.958977
0.951069
1.02576
0.99131
0.973276
0.982666
1.00767
0.969705
1.01386
0.995821
0.984433
0.994355
0.941921
0.962052
1.02979
0.979109
1.04061
1.00105
0.982446
1.01066
0.971672
1.09729
0.822061
0.979433
0.975598
0.976327
0.969862
0.970197
1.00954
0.978069
0.990683
0.983132
0.975669
0.834193
1.10357
0.997983
0.992865
0.975456
0.956055
0.889276
1.10713
0.985304
0.981915
0.906218
1.06488
0.92543
1.01825
1.02459
0.985505
0.967883
1.04016
0.988795
1.02414
0.967862
1.02294
0.995523
1.0175
0.989469
0.993895
1.08486
0.881647
0.804969
1.1633
0.983008
0.945051
1.02896
0.955045
0.820048
1.14755
0.947219
1.02476
0.772231
1.2128
0.841759
1.14752
0.976795
0.993666
1.00153
0.991374
1.00073
0.963738
0.977603
0.977354
1.05599
0.929973
0.978266
0.991547
0.964352
1.00016
0.965166
0.983154
1.0849
0.894276
0.85489
1.08705
0.979649
0.982352
1.00268
0.983846
0.996854
0.973927
1.02748
0.949005
0.990476
0.982491
0.914299
1.05755
0.98349
1.01232
0.980649
1.00525
1.05544
0.927247
1.00687
0.940734
1.00495
0.94276
1.01872
0.969188
0.953236
1.03817
0.994692
0.977982
1.0216
0.979155
0.987062
0.991725
1.00299
0.982228
0.992834
0.982015
1.0452
0.950503
1.10513
0.887788
1.01168
0.977143
0.986433
1.00702
0.9734
1.03367
0.989813
0.995845
1.01916
0.956015
1.03074
0.949591
0.897219
1.04741
0.96176
1.02701
1.01044
0.94138
1.01201
0.983327
0.985958
0.946023
1.06379
0.91685
0.999818
0.975143
0.98377
0.97195
0.966917
0.982611
0.983425
0.996761
0.743764
1.22588
0.974637
1.00604
0.981385
0.970993
1.02022
0.939587
0.992819
0.995516
0.968299
0.995225
0.943046
0.986339
1.03571
0.98042
0.986186
1.01599
0.890405
1.06709
0.998718
0.977394
0.973415
1.03171
1.18619
0.759377
1.1269
0.834156
1.03309
0.927314
0.964662
0.982786
1.04984
0.945521
0.976271
1.00179
0.989051
0.998574
0.995462
0.970015
1.06891
0.906184
1.00266
0.973237
0.969813
1.02148
0.983202
0.956899
0.992665
1.00076
1.15817
0.814353
0.920333
1.03806
0.969806
1.02592
0.836767
1.11087
0.980328
1.00453
0.981585
1.01204
1.12899
0.836147
0.968265
1.00397
1.02744
0.944416
0.949238
1.02865
0.997462
0.992483
0.980778
0.974252
0.694127
1.28173
1.00346
0.987475
0.987387
1.00361
0.995396
0.99008
0.962516
1.04212
0.946911
1.02166
1.00345
1.01599
1.01222
0.96652
0.994434
1.00212
0.977653
0.96137
0.975957
0.992789
0.962458
0.998495
1.11123
0.875153
1.00216
0.983033
0.814171
1.15266
0.998318
0.996242
0.989961
0.996836
0.992073
0.988435
1.25946
0.724199
0.991931
0.974831
0.972378
1.00469
0.895049
1.08746
1.02976
0.936134
0.877306
1.09853
0.997541
0.948525
0.82479
1.0897
1.14725
0.822084
1.00051
0.971541
0.978219
0.991903
1.04746
0.952263
0.996998
0.995432
0.928946
1.04933
1.02479
0.980189
1.01074
0.964819
0.872301
1.07782
0.971471
0.950235
0.932025
1.0483
0.952059
1.02063
1.04483
0.93832
1.01195
0.989418
1.04351
0.921459
1.02472
0.931746
1.03088
0.929108
1.01646
0.971597
0.863835
1.11477
0.984661
0.990328
0.967861
1.01937
1.03387
0.967204
1.01761
0.965348
0.9968
1.00097
0.973399
0.994335
0.916108
1.04938
0.995379
1.01106
1.07267
0.895095
1.07184
0.907974
0.993891
0.97558
0.865029
0.995565
1.04587
0.921456
0.997888
0.987987
0.97876
0.982179
1.0134
0.983258
1.05243
0.933039
0.947336
1.03211
0.986462
0.980475
0.995673
0.975177
0.98138
0.962738
0.990059
1.00301
0.975634
0.990118
0.996827
0.970315
0.982138
0.987993
0.927663
0.936658
1.00036
0.995664
0.878195
0.981257
0.986683
0.970271
0.9802
0.95271
0.975924
1.02072
0.968389
0.999532
0.962627
1.02704
0.978178
0.947732
1.01391
0.976369
0.965562
1.01779
0.7981
1.09507
1.00073
0.992245
0.977105
0.989296
1.05865
0.923492
0.997161
0.976501
0.987387
0.987415
1.10681
0.837714
0.974658
1.00781
0.974714
0.991359
0.973404
1.03895
0.946088
1.02125
0.968567
0.987822
0.976323
0.987246
0.988865
0.981619
0.996016
0.992541
1.04543
0.898874
0.963199
0.991024
1.02596
0.955879
0.955715
1.04009
0.961274
1.01541
0.95942
1.02689
1.01908
0.996169
1.01818
0.967989
1.00456
0.985122
0.899237
1.09128
0.950813
0.99463
0.999588
0.990188
1.01273
0.989106
1.02171
0.951381
1.0578
0.908651
0.579329
1.38895
0.997801
0.953595
0.924393
1.00291
0.965406
1.02335
1.02621
0.925985
1.01296
0.949187
0.983502
1.00924
1.00132
0.965729
0.975386
1.0048
1.00668
0.979233
0.899058
1.07438
0.751626
1.22267
1.11823
0.875016
0.984958
0.992194
1.00696
0.97689
1.0483
0.923755
0.985234
0.995078
1.02961
0.946557
1.04939
0.918515
0.991038
0.976018
0.992447
0.970423
0.975425
1.02515
0.983174
0.989421
0.902249
1.07646
1.03121
0.936605
1.00891
1.00453
0.977611
0.969682
0.985683
0.983774
0.950262
1.02921
0.958732
1.03008
1.00501
0.968071
0.977026
0.986723
1.01137
0.984322
1.1688
0.762139
1.00407
0.968801
1.02854
0.962391
0.983997
0.992241
1.00139
1.00911
0.903687
1.0467
1.02024
0.941702
0.967789
1.00671
0.87414
1.06312
0.981515
0.980333
1.15158
0.844169
1.14055
0.787343
1.01394
0.979501
0.986611
0.98075
0.829085
1.13744
1.01337
0.953244
0.96796
1.00795
1.0317
0.949077
0.965344
1.00686
0.996212
1.0012
1.04986
0.932472
0.971418
1.00288
1.0154
0.962362
0.99139
0.998932
0.980105
0.992885
0.952032
1.01085
0.967356
0.978363
0.940471
1.03656
0.991536
0.958105
1.02151
0.950327
0.982733
0.983364
1.11595
0.892601
0.950241
0.971831
0.96164
1.01875
1.01875
0.977499
0.977375
1.0151
1.18762
0.805132
1.03981
0.927807
0.974931
0.999143
1.00802
0.975506
1.03931
0.971421
0.979747
1.01839
1.04109
0.918105
0.680161
0.995565
1.00034
0.966405
1.05121
0.938433
0.964089
1.00917
0.987092
0.998088
1.04262
0.955016
1.00269
0.967632
0.987144
0.997064
0.940644
1.00272
0.949237
1.04038
1.0049
0.959962
1.02106
0.975341
0.983353
0.997603
1.01507
0.965328
1.12633
0.84488
0.986746
0.987986
0.997115
0.988358
1.05024
0.935893
0.898712
1.08023
0.984846
0.942844
0.979403
0.997333
1.01155
0.956
1.01094
1.00175
0.984938
1.01802
0.932884
1.05674
0.967233
0.982086
1.00008
0.977826
1.00844
0.983759
0.981577
0.942159
0.972964
0.986449
1.24995
0.730905
1.03248
0.945543
0.937037
0.998281
0.957017
1.01707
0.60516
1.36213
1.03041
0.969003
1.02691
0.985892
0.970834
1.00999
0.991479
1.0127
0.950926
1.0399
1.01479
0.950755
0.983796
1.00028
0.944105
1.01462
0.988934
0.99327
0.92743
1.0533
1.03027
0.928471
1.01031
0.957501
0.996423
0.984623
0.977457
0.994001
1.04561
0.918854
1.17335
0.813828
0.998141
0.993275
1.01018
0.969214
1.01127
0.96559
0.936534
1.00324
0.932159
1.02047
1.01447
0.967187
0.946419
1.00974
0.98293
1.0049
0.962424
0.991619
0.961071
0.996526
0.818582
1.13223
1.0073
0.983033
0.995965
0.972966
0.963352
0.998647
0.987565
0.977037
0.923391
1.00651
1.00931
0.967499
1.24546
0.756146
0.992551
0.983493
1.02063
0.98996
1.03907
0.94361
1.01066
0.986736
1.04198
0.916823
1.01672
0.977137
0.925392
1.03252
0.982041
1.01088
1.02981
0.962803
0.955918
1.02343
1.06569
0.926192
0.980658
1.01283
0.977824
0.986573
0.986532
0.961966
1.03807
0.941997
1.06423
0.913413
1.02115
0.965578
0.821525
1.13078
1.01272
0.947981
1.11194
0.782426
1.04033
0.962323
0.859762
1.14591
1.01367
0.967766
1.0524
0.917441
1.00639
0.939964
0.915763
1.03776
1.01304
0.98412
1.06556
0.904191
0.989535
0.993216
0.7941
1.1877
0.959374
1.0169
0.974133
0.940537
0.978042
0.977085
0.825548
1.16827
1.02137
0.952608
0.959005
1.0045
0.966408
0.999219
0.889941
1.08749
1.08724
0.846369
0.980673
0.973488
0.999285
0.980723
1.02166
0.967537
0.958379
0.992763
0.986513
0.981762
1.01433
0.96439
0.947063
1.01939
0.988964
0.981401
1.0642
0.934076
0.987939
1.02124
0.895541
1.10208
0.992655
0.987891
0.967552
1.0371
1.03144
0.933475
1.05385
0.929852
0.993759
1.00255
0.912328
1.07143
0.954095
0.992158
0.958425
1.01514
1.00713
0.979947
0.984296
0.987001
0.990359
0.962857
0.973761
0.978056
0.990365
0.989984
0.758055
1.21968
0.997695
0.999873
0.925241
1.01927
0.790905
1.15938
0.963497
1.01113
1.01099
0.958691
0.969823
1.00057
0.991129
0.970362
0.971916
1.00612
1.01154
0.980628
1.23138
0.757668
0.869123
0.957267
1.01095
0.95886
0.925536
1.02211
1.06776
0.916456
0.977039
0.988026
0.99486
0.993166
1.05141
0.963138
0.962914
0.977482
1.00247
0.974119
0.980557
1.00998
1.00247
0.967002
1.00417
0.985015
1.22332
0.749133
0.91241
1.03607
1.01932
0.989153
0.965885
0.982083
1.07413
0.883161
0.947359
1.02717
0.94428
1.0018
0.92315
1.06989
1.02644
0.972044
0.930617
1.04413
0.984406
0.968322
0.990253
0.985163
0.949778
0.973518
1.02568
0.942483
0.992421
1.00282
0.982899
0.99005
0.991665
0.98317
1.08157
0.897471
0.922548
1.05595
0.947625
1.01531
0.853036
1.02971
1.01964
0.968692
1.00534
0.969689
1.01197
0.96657
0.97605
1.02615
0.973371
0.979005
1.01849
0.930834
0.951605
0.978744
0.940323
1.01896
0.976308
0.978954
0.955239
0.993133
0.971106
0.987394
0.977167
1.00524
0.992583
0.947747
0.959
1.01566
1.00844
0.978025
0.960965
1.02777
0.968848
1.0074
1.04594
0.929154
1.05935
0.930051
0.979634
0.969931
1.11799
0.881929
0.989269
0.999756
1.02404
0.981618
1.0296
0.953841
0.953052
1.02374
0.957478
1.01949
0.920599
1.01446
0.97383
1.01594
0.998434
0.945507
0.776392
1.20136
1.04865
0.911084
0.997068
0.986627
0.951026
1.00539
0.923073
1.03471
0.993932
0.951154
1.03268
0.896211
0.941288
1.02556
1.04786
0.767665
1.01001
0.969484
1.00472
0.973322
1.19565
0.755897
0.987262
1.01578
0.830281
1.10093
1.01994
0.975371
1.02356
0.938112
0.986456
1.00545
0.960755
1.0141
1.05684
0.924206
0.988411
0.941949
1.21122
0.749774
0.992905
0.980502
1.00167
1.00314
1.22833
0.714162
0.988552
0.990798
0.983874
0.955434
0.990761
1.00595
0.940642
1.0164
0.938555
1.02905
0.981177
1.00354
0.837911
1.14056
0.959115
0.989819
0.967836
1.04043
1.0431
0.908447
0.971506
1.00742
1.01789
0.98829
1.02059
0.913964
1.00182
0.986775
0.975447
1.01227
0.825276
1.14104
1.07612
0.896285
0.708746
1.26059
0.990803
0.990032
1.00731
0.981966
0.865042
1.10593
1.05479
0.87347
1.04467
0.954312
0.994568
0.981056
1.10498
0.875411
0.97824
1.0204
0.997376
0.963266
1.02182
0.972782
1.00287
0.981382
1.01193
0.981716
0.947435
0.993902
1.00538
0.994181
0.688778
1.25149
0.994514
0.981003
0.736747
1.19353
0.931925
1.02399
1.01593
0.968008
1.0063
0.97654
0.97004
0.999338
1.1262
0.874321
0.964797
1.008
1.12379
0.840767
1.12255
0.858077
1.02388
0.95134
1.02911
0.970353
0.987293
0.959908
1.06933
0.891887
0.963004
1.00341
1.06895
0.905942
0.869224
1.09845
0.984245
1.00881
1.00138
0.994937
0.99559
0.947156
0.985463
0.986642
0.93211
1.03316
0.997558
1.00476
0.988499
0.993291
0.967232
0.983934
0.971856
0.974908
1.05317
0.902627
0.997268
0.977268
0.968833
0.968185
0.815787
1.16019
1.04115
0.882972
1.01801
0.948652
0.960493
0.94145
1.0309
0.967515
1.06884
0.953177
0.822313
1.16308
0.97436
1.00039
0.966523
1.01061
0.89526
1.05207
0.814487
1.16276
1.01344
0.986608
1.24837
0.719948
0.963119
0.997382
1.01182
0.971752
0.983177
0.992479
0.961574
0.986078
0.946266
0.997241
0.993121
0.976169
0.816776
1.12607
0.939612
1.06344
0.994839
0.985338
1.00169
0.994371
0.993695
0.99366
0.96577
1.04179
0.998932
0.963799
0.927208
0.983926
1.03559
0.957473
1.07376
0.8882
0.913981
1.06362
0.870274
1.08893
0.724125
1.22786
1.05122
0.957188
0.990818
0.980646
0.968355
1.02836
1.00725
0.986392
0.918173
1.07269
0.982886
0.902242
1.00216
0.958896
0.95179
0.943362
0.654709
1.24979
1.06525
0.910309
1.00395
0.954502
1.00389
0.958618
0.828044
1.11834
0.979187
0.986336
1.01603
0.975089
0.938757
1.02257
0.993833
0.965254
1.0062
0.988081
1.0449
0.892831
0.952008
1.02332
0.951255
1.00051
0.992311
0.963287
0.9855
0.990794
0.97615
0.998794
0.987576
0.999409
0.936481
0.999797
0.976015
1.01367
0.989583
0.964693
0.984084
1.00036
1.05874
0.923227
0.995848
0.989706
0.984006
0.986019
0.954077
1.00204
0.987859
0.987381
1.00976
0.977652
1.05672
0.901113
0.934098
1.01368
0.95536
1.01729
1.00388
0.977071
1.0088
0.965271
1.01744
0.914013
0.928986
0.99767
0.994749
0.994402
0.9976
0.928285
0.990236
1.00224
1.00572
1.00149
0.883497
1.09191
1.19417
0.802581
1.02378
0.938522
0.988091
0.986312
1.18465
0.778451
0.967631
1.01292
1.00387
0.978604
0.966267
1.00312
0.964177
0.997321
0.969693
1.01252
1.00215
0.976118
0.958984
1.01905
0.969627
1.01743
0.98691
0.977592
0.979414
1.02176
0.966724
1.00112
1.00224
0.977024
1.01376
0.950391
0.965015
0.978479
1.03508
0.944987
1.0429
0.879076
0.977116
0.991538
0.903915
1.06058
0.966457
0.976662
1.00139
0.960144
0.985682
0.989795
1.01035
0.947481
0.934991
1.00263
0.948951
1.02662
0.997303
0.996285
0.991946
0.983501
0.949041
1.04233
0.989759
0.978554
1.00265
0.994564
0.939978
1.03953
0.986074
0.971905
0.997059
0.974067
1.02182
0.956863
0.961215
0.997417
1.03434
0.974027
0.972673
0.973122
0.924756
1.05163
0.97565
1.04085
0.995478
0.990774
1.00533
0.981582
0.951028
0.990213
0.960405
1.01468
0.984474
0.973504
0.998141
0.870472
1.06183
0.900322
0.990287
1.02289
0.985198
0.973202
1.04619
0.951232
0.975618
1.00357
1.03324
0.937195
1.00696
0.959378
1.03651
0.959972
1.05532
0.911068
0.921326
1.0906
1.00146
0.993556
1.08433
0.874532
0.972161
0.98896
0.961204
1.02113
1.13613
0.847159
0.899627
1.08087
0.984123
0.971966
1.09191
0.846264
0.999834
0.973565
0.937509
1.05704
1.01714
0.921504
1.02349
0.954374
0.988436
0.972386
0.872617
1.0926
0.950942
1.01652
0.955643
0.992161
1.00974
0.931976
0.945139
0.991689
0.93663
1.05705
1.23892
0.74714
1.02066
0.968524
0.977049
0.945996
1.06794
0.899172
0.997182
0.996386
0.935995
0.986104
1.03149
0.948575
1.0415
0.923327
0.949326
1.05115
1.03759
0.962488
1.01297
0.959556
0.974603
1.00171
0.979604
0.984864
1.00926
0.984284
0.95927
1.02205
0.984241
1.00597
0.989471
1.00925
1.08678
0.893476
0.927013
1.03512
0.95026
1.01865
1.00891
0.970206
0.84081
1.13683
0.897088
1.07437
0.974639
1.02899
0.995418
0.991276
0.984043
1.0021
0.688718
1.27458
0.968719
1.01721
0.993179
0.97364
0.965792
0.992027
1.24291
0.688557
1.00763
0.987054
1.00688
0.996468
0.926104
1.01541
1.21432
0.756459
1.03393
0.93317
0.964866
1.02973
0.965108
0.981669
1.01245
0.932361
0.998002
1.00055
0.980857
1.01637
1.11585
0.878398
0.975149
0.982097
0.99844
1.00215
0.913538
1.02594
0.952854
0.994578
0.982706
0.983078
1.12174
0.860412
0.98608
0.998577
0.97244
1.02371
0.979639
0.995891
0.993995
0.981413
0.979444
1.00206
1.00498
0.993279
0.989886
0.990618
1.10067
0.895662
0.984551
0.993117
0.756065
1.2172
0.979257
0.993788
0.97102
1.02514
1.00742
0.970463
0.95925
1.02012
1.00976
0.962339
1.03002
0.932713
0.992194
0.948112
0.981218
0.972255
1.00844
0.979854
1.01189
0.982922
0.968553
1.0045
0.975527
1.03499
0.997756
1.0071
0.980936
1.02404
0.916846
1.04647
0.997063
0.970365
0.96774
0.985675
0.979014
0.98945
0.946517
1.00551
0.988447
1.01451
0.948183
1.03004
0.927304
1.07533
0.980217
1.00797
0.953166
1.00576
0.977502
1.00788
0.985142
0.968853
1.06236
0.91506
1.03684
0.931546
0.973767
0.997738
1.00074
0.988693
0.922973
1.06947
1.01653
0.980977
0.976896
1.00252
1.00866
0.965739
0.998663
0.940582
0.998228
0.973705
0.892175
1.04146
1.01917
0.871937
0.944788
1.03631
1.03877
0.978944
1.02659
0.921494
0.985769
0.990864
1.05974
0.927799
1.00981
0.987166
0.967154
1.02445
0.977829
1.03182
0.998965
0.986258
0.617996
1.33961
0.76121
1.20754
0.984984
0.991499
0.982344
0.975796
0.972131
0.992848
0.976649
0.997717
0.94444
0.976506
0.972581
1.05445
0.974969
1.02848
0.995387
0.983736
1.05506
0.918386
1.0174
0.966389
0.972651
1.00052
0.988988
1.00586
0.991293
0.972453
0.936668
0.994875
1.02806
0.94907
0.995773
0.983726
0.99439
0.994911
0.972225
1.00329
0.997876
0.942873
0.951285
1.02896
1.00981
0.966433
0.81108
1.11409
1.02124
0.947878
0.981233
0.982444
0.980675
0.964476
0.937478
1.06604
0.937966
1.01565
0.999122
0.9801
0.952476
1.00837
0.995423
0.979625
0.976513
0.9436
1.01797
0.923919
1.00166
0.986412
0.974542
1.00314
0.947888
1.05508
1.0016
0.969524
0.99698
0.981439
0.94882
0.999462
0.974854
1.02124
1.02027
0.984483
0.953323
1.01176
0.947943
1.02418
0.977689
1.02661
0.93515
0.986867
1.00684
0.97717
1.03037
0.92611
0.952641
1.01721
1.02267
0.948024
0.981188
0.987747
0.985854
1.01867
1.0007
1.01253
0.955841
0.99266
0.979848
0.964506
1.0193
0.943006
0.985691
0.99674
0.996731
0.98627
1.03497
0.940558
0.947926
1.01795
0.967007
0.961977
0.901549
1.03209
0.987775
0.982142
1.00883
0.940627
0.757507
1.20203
0.996079
0.997043
0.973785
0.992096
1.03992
0.967908
0.98914
0.998383
0.991732
0.986167
0.993206
0.988445
0.947098
1.00097
1.08219
0.876438
0.935356
1.05644
1.00059
0.99293
1.04446
0.938492
0.992537
0.982793
0.926698
1.01714
1.14637
0.841269
1.0066
0.947392
0.956419
1.02001
0.998625
0.993783
1.03663
0.939164
0.980968
0.99061
1.00934
0.96418
1.15708
0.742101
1.31253
0.67453
1.0094
0.979318
0.99252
0.981259
1.01204
1.0011
0.994476
0.995857
0.976227
1.00753
0.961204
1.00684
0.961906
1.01631
1.00275
0.980242
1.04687
0.904884
1.00633
0.998795
0.990495
0.979609
0.973447
1.0027
0.996777
1.00142
0.935312
1.00927
0.998363
1.00259
1.00457
0.995633
1.09401
0.857475
0.970752
1.00535
0.702137
1.28925
1.01719
0.987527
0.994798
0.98454
0.950792
0.981373
0.9755
0.98418
1.05077
0.945909
0.987586
1.0139
0.936885
1.07187
1.01577
0.929871
0.993921
0.948063
0.991131
1.02464
0.969569
1.01443
0.992472
0.982218
0.980522
0.995697
1.00724
0.983459
0.990406
1.00219
0.984164
0.952349
1.01705
0.972045
0.991664
1.00592
0.982965
0.954588
0.924581
1.03615
0.921499
1.04063
0.978651
0.991079
0.965103
0.967655
0.974704
0.975674
0.940616
1.02722
0.992648
0.975915
0.99117
0.985171
1.01349
0.970129
0.966769
1.01878
0.919168
1.06139
0.959036
1.02644
1.05115
0.958475
1.02158
0.959746
1.03305
0.918278
0.965307
0.999514
1.01188
0.956776
1.04439
0.94976
0.968657
0.992864
0.919792
1.06128
0.977823
1.01824
0.954056
1.00895
0.981106
0.987992
1.01096
0.976317
1.00621
0.920463
1.01292
0.967629
1.02864
0.920636
1.01344
0.947917
0.975905
1.00695
0.955012
1.01677
0.96597
0.976408
0.95961
1.0357
0.864359
1.09235
1.01626
0.944895
1.24983
0.710327
1.02851
0.963885
0.967436
0.976421
0.997337
0.986323
0.993945
0.972183
0.954101
1.02674
0.92419
1.05266
0.994522
0.980662
0.931537
1.03323
0.833959
1.15157
0.992912
1.00099
0.972452
1.00175
0.972287
0.994893
0.942557
1.0362
0.99518
1.00401
0.967998
0.967893
0.958793
1.02466
0.955748
0.999456
0.967322
0.991496
1.0894
0.917921
0.99519
0.992157
0.949241
1.02329
0.839687
1.14344
0.981963
0.99345
0.989003
0.980864
1.05767
0.949828
0.790602
1.1322
1.12798
0.855125
0.995326
0.954086
0.847927
1.11077
0.996038
0.983526
0.992811
0.936326
0.98224
1.01003
0.972851
1.00879
0.996097
0.968486
0.979676
1.01031
0.965826
1.00066
1.00443
0.993271
0.863606
1.07351
1.04467
0.923167
0.978393
1.01001
0.977266
0.988271
1.13
0.837707
0.977899
1.00245
0.887054
1.08554
0.949202
1.00661
1.01874
0.965778
0.88545
1.06723
0.980146
0.972879
0.97664
1.00486
1.02821
0.960187
0.943752
1.03761
1.17122
0.8224
0.816364
1.15343
1.00585
1.00071
0.962552
0.969796
0.851382
1.07826
1.04753
0.935049
1.006
0.982718
1.0125
0.96542
0.979306
0.982376
0.970813
1.02735
0.941851
1.02687
0.959322
1.02392
1.0007
0.977344
0.765379
1.16559
1.00637
0.985142
0.977111
0.976589
1.14262
0.835535
1.04676
0.880687
1.00812
0.935534
1.03574
0.941466
1.01182
0.964873
0.789574
1.17977
1.07616
0.887533
1.06683
0.924089
0.975752
0.97757
1.02626
0.955993
0.983174
1.02953
0.980383
0.992592
0.965826
0.987011
1.03413
0.931931
0.988884
0.977852
0.843845
1.14043
0.987314
0.991228
0.969911
0.988694
0.98803
0.965713
0.989343
0.969087
0.976129
0.978172
0.981406
0.963184
0.992539
0.970619
0.971778
0.973082
1.02668
0.953213
0.860755
1.11137
0.989756
0.965037
1.00331
1.0267
0.961948
1.02558
0.868883
1.08013
1.02571
0.95089
0.954745
1.0005
1.0015
0.950951
0.986689
0.984878
0.974156
0.986845
1.0885
0.912084
0.969601
0.989021
0.996087
0.971609
1.10445
0.827096
0.956432
0.965101
0.765395
1.20814
1.25022
0.737468
0.910674
1.02511
0.898997
1.06192
1.02098
0.983789
1.06536
0.905078
0.998349
0.97274
0.993302
0.947423
0.965043
1.01183
1.05737
0.931851
0.964875
1.02106
1.0062
0.966033
0.919219
0.944354
0.986299
1.0087
0.921175
1.03003
0.977893
0.971577
0.948416
1.05914
0.974444
0.996205
1.03232
0.96409
0.980618
0.996702
1.0405
0.947367
0.967294
1.00974
1.03518
0.963748
1.05749
0.932945
0.995535
0.959855
1.01373
0.945992
1.01056
0.896743
1.1585
0.811354
1.06075
0.89899
0.864928
1.08055
0.994019
0.982224
0.975897
1.00338
0.994516
0.943985
0.990776
0.988306
0.984957
0.992199
0.96285
0.970738
1.00612
0.993454
0.993734
0.981323
0.950851
0.95924
1.005
0.981728
0.984567
1.00413
0.979356
0.996941
0.975913
0.950739
0.965215
1.00767
0.962438
1.00043
0.97722
0.992873
1.00293
0.968139
1.02996
0.946258
0.998921
1.00553
0.991825
1.01358
0.986518
0.989509
0.99851
0.970063
0.858073
1.07612
1.06129
0.956196
0.985964
0.970532
0.923408
1.04829
0.965999
0.973651
0.861011
1.12307
0.981543
1.00218
1.0166
0.955866
0.992429
0.989851
0.965147
1.00641
1.12874
0.846506
0.983592
1.00856
1.20734
0.783164
1.13902
0.855932
0.93273
1.00688
0.961087
1.01907
0.806888
1.15889
1.02329
0.947239
1.00732
0.978074
1.01967
0.996518
1.02818
0.928263
1.00758
0.967928
0.981994
0.97945
1.02739
0.903279
0.97079
0.999846
0.975204
1.00074
0.933624
1.00574
1.02225
0.953053
0.91646
1.07737
0.980153
0.996231
0.993032
0.98525
1.05444
0.928062
0.963041
1.01039
1.16608
0.793227
0.995897
0.97546
0.979035
0.995828
0.982945
1.03231
1.00226
0.945988
1.00975
0.99126
0.992399
0.990939
0.908575
1.08809
1.11674
0.853736
1.00873
0.946975
0.989831
0.884652
1.02636
0.978025
0.793373
1.17852
1.05397
0.923962
0.775057
1.21007
1.0036
0.984024
1.10651
0.872502
0.985346
0.996902
1.05874
0.874043
0.997222
0.957588
1.1096
0.883195
1.00986
0.989048
0.999955
0.979026
0.995527
0.984114
1.01693
0.907631
0.89714
1.08652
1.02347
0.917579
0.994467
0.986718
1.00095
1.01085
1.00388
0.964717
1.04772
0.943195
0.993709
0.980336
1.00095
0.962921
0.944236
1.01662
0.957894
0.986189
0.969438
0.986381
1.02633
0.992454
1.07909
0.860494
0.968351
0.985495
1.25221
0.694873
0.898683
1.06162
0.991571
0.994447
0.982486
1.00961
1.05607
0.938096
1.01738
0.915379
0.996216
0.971667
0.989451
1.00429
0.906182
1.06834
0.956008
0.954808
0.997208
0.968434
0.96883
0.985876
1.04434
0.92101
1.0445
0.938537
0.991594
0.971064
1.06767
0.898705
1.0165
0.975121
0.968604
1.02336
0.948652
1.00242
0.989668
0.998525
0.674582
1.31138
1.13548
0.825857
0.934602
1.0376
1.0063
1.0015
0.971629
0.950402
1.05029
0.953282
1.0228
0.963577
0.873153
1.07357
1.19547
0.785652
0.986635
1.01006
0.997515
0.947585
1.10217
0.875279
0.904622
1.04275
1.03321
0.943804
0.999205
1.00476
1.01463
0.924709
1.01416
0.932254
0.992469
0.972791
0.971893
0.990118
0.802442
1.17682
0.993159
1.00165
0.967505
0.981748
1.0123
0.984975
0.995255
0.976074
0.962613
1.04773
1.00263
0.981355
0.920862
1.04148
0.94059
1.02847
0.921044
1.0204
0.994453
1.01393
0.999174
0.960384
0.966788
1.00889
1.00515
0.974069
1.00299
0.978754
1.19699
0.794224
0.955103
0.970299
0.97763
0.97751
0.992854
0.976252
0.970571
1.02382
1.02496
0.972269
0.953678
1.02188
0.990925
0.978353
0.956739
1.00874
0.984431
0.999938
0.937463
1.02428
0.925843
1.01677
1.06361
0.93672
0.987151
0.985834
1.00232
0.979699
1.17987
0.783215
1.08569
0.884498
0.986242
0.978934
0.923394
1.05672
1.03886
0.951321
1.05848
0.933316
0.935286
1.02337
0.969451
1.02161
0.908635
0.984957
0.957951
1.02864
0.985349
0.99912
1.01353
0.970233
1.00621
0.986814
0.883143
1.05716
1.01924
0.928176
1.01276
0.958413
1.01184
0.967468
0.946381
1.01353
0.941135
1.01635
0.99358
0.955103
0.997698
0.983903
1.00148
0.979617
0.979065
1.0072
0.94521
1.01156
0.924919
1.0179
0.976222
0.95661
0.822958
1.14305
0.846483
1.10191
1.02975
0.925999
0.989778
0.932279
0.960482
1.02339
0.999775
0.973719
0.905912
1.09506
0.914259
1.08093
1.04019
0.900111
0.989792
0.969915
0.747377
1.21531
1.0947
0.849878
1.0184
1.00129
0.957572
1.01018
0.901182
1.09761
1.0073
0.952024
0.995803
0.978949
0.814672
1.16378
1.18764
0.812934
1.02103
0.970978
0.996708
0.987005
0.994282
1.01189
1.01632
0.955019
0.972738
0.950386
0.966675
0.97877
1.03143
0.941097
1.09238
0.869071
1.04366
0.903904
1.07877
0.915828
0.983461
1.00118
1.02057
0.948709
0.79011
1.17153
0.947063
1.00854
0.938089
1.04982
0.975711
1.00305
1.14485
0.80899
1.01271
0.969119
0.915036
1.07617
0.98491
0.963425
0.996919
0.989755
0.933972
1.03579
1.02008
0.966516
0.953638
1.02508
0.938028
1.04785
0.867315
1.07121
0.982324
1.01391
0.990581
1.00386
0.984344
0.989247
1.03562
0.92218
0.951102
1.02997
0.978845
1.0309
0.989007
0.992782
0.977471
0.996794
0.979399
0.950016
0.985193
0.976001
0.902136
1.08599
0.760059
1.20493
0.963532
1.00165
1.00779
0.969919
1.01095
0.976123
0.931468
1.04498
0.998086
0.976601
1.05025
0.949151
0.977845
0.981387
0.985844
0.984513
0.973657
0.98553
1.00664
0.951224
0.986099
0.940343
0.803244
1.15137
0.971197
0.908186
1.00331
0.954705
1.05543
0.942957
0.858856
1.12182
0.997275
0.98925
0.996845
0.994026
0.971655
0.985396
1.01404
0.961966
0.941581
0.983272
1.00863
0.955231
0.980818
0.982022
1.00147
0.975452
0.960289
1.01075
1.0795
0.93806
0.975633
0.991843
0.992869
1.00315
0.977785
0.99692
1.02093
0.961902
0.969859
1.02166
0.986703
0.991639
0.991287
0.998014
0.997472
1.01454
1.00893
0.962223
0.999867
1.00322
0.989208
0.995685
0.994462
0.955817
0.997703
0.993182
0.964687
0.997578
1.02098
0.994606
0.990499
0.98359
0.990816
0.992446
0.867664
1.08046
0.994545
0.969502
0.991916
0.993107
0.972189
0.942774
1.07362
0.873296
0.870314
1.05016
1.11932
0.86265
0.99869
0.962235
0.911675
1.08351
0.953634
1.03114
0.967609
0.980949
0.987723
0.951465
0.950986
1.05663
1.11329
0.787587
0.992872
1.0064
1.09802
0.890271
0.97812
0.972166
1.00457
0.936856
1.00528
0.968629
0.990497
0.991601
0.995423
0.989106
1.01351
0.967261
0.964075
1.0171
1.39435
0.588516
0.997379
0.955137
0.976056
0.960107
0.967335
0.964726
0.97901
1.01279
0.997882
0.984568
0.973337
1.02956
0.988298
1.00715
0.914684
1.05359
0.932184
1.0417
0.997511
0.976548
1.00115
0.973565
0.99038
0.994048
0.974723
1.01339
1.07434
0.898741
0.994473
1.00392
0.993961
0.995081
1.00964
0.980988
0.990067
0.993725
0.983546
1.00178
0.746285
1.22789
1.01331
1.00854
0.996134
0.97181
0.986865
0.983527
0.919643
1.04296
0.95871
1.02111
1.05713
0.863994
0.961495
1.00024
1.01745
0.96213
0.953418
0.996428
1.03478
0.97928
0.97917
1.01477
0.993563
1.00276
1.06681
0.895587
1.00974
0.567541
0.912629
1.00562
0.960821
1.03056
0.97118
1.00207
0.981166
0.993213
0.988128
0.973232
0.986014
0.987216
0.989674
0.986353
0.996094
0.973331
0.956358
1.02627
0.94203
1.0373
1.09969
0.895536
1.0454
0.948967
1.03619
0.969912
0.998355
0.938499
1.01522
0.968812
1.02173
0.961548
0.978438
0.984658
0.969909
1.0265
0.973681
0.959506
0.980483
0.967258
1.00281
0.982384
0.979498
0.945482
1.04907
0.955457
0.98936
0.996023
1.05886
0.960371
0.94437
1.02208
0.928731
1.07057
0.8938
1.04966
0.965447
0.972547
0.986022
0.988666
0.985433
0.995669
0.977974
0.994383
1.02071
0.976043
0.861324
1.0742
0.982555
0.957157
1.08986
0.902769
1.02602
0.912533
0.989026
0.946662
0.928416
1.01742
1.02145
0.9735
1.04297
0.953451
1.04186
0.932885
0.924643
1.05795
0.98801
0.993321
1.05046
0.935018
0.991035
0.975251
0.850943
1.1321
1.00299
1.00357
0.659479
1.2967
0.981896
0.978456
0.904335
1.0914
0.787291
1.20294
1.00907
0.938723
0.984461
0.970774
0.865519
1.13526
0.996956
0.992609
0.974659
0.981531
0.994208
0.993264
0.969858
1.03333
0.640487
1.33181
1.02987
0.91878
0.984563
1.0028
0.99889
1.0169
0.970187
0.995581
1.02907
0.916059
1.00043
1.00232
0.974352
0.978255
0.866053
1.09664
1.07803
0.884057
0.961089
0.979215
0.999814
0.991677
0.77471
1.18648
0.958376
0.988306
0.96082
1.00926
0.992188
0.990149
0.954677
1.00819
0.946864
0.959868
0.974928
0.991941
0.976945
0.988895
0.983293
0.977805
0.987531
0.939957
0.990303
0.987531
1.00489
0.986801
0.975559
0.992287
0.966354
0.957198
1.01819
0.945885
1.02183
0.956018
0.909839
1.06215
0.953954
1.01704
0.983531
0.988605
0.941585
1.03246
1.00056
0.967027
1.00469
0.95954
0.965317
0.992811
0.986538
0.996127
0.98118
0.988501
1.09539
0.890492
0.978461
0.993162
0.917851
1.04522
1.02047
0.946332
0.975054
0.991594
0.981189
0.97341
1.01425
0.976467
1.02039
0.913187
0.983601
0.989311
0.837851
1.08733
0.875219
1.05299
1.03954
0.925278
1.01582
0.99662
0.986128
0.985693
0.938836
1.02831
0.977147
0.957543
0.991678
0.968965
0.97634
1.01466
0.97406
1.01064
0.958855
0.976412
0.958246
1.01151
0.831621
1.12941
0.957396
1.00767
0.991797
0.968516
0.988617
0.998235
0.994822
1.01625
1.14856
0.815037
1.01853
0.979525
0.810347
1.16581
1.02946
0.950602
0.995957
0.986241
0.976721
0.997588
1.01888
0.95375
0.927058
1.05622
0.984025
0.987191
0.961325
1.00021
0.993089
0.976312
0.996539
0.965943
0.96594
1.01239
0.989981
1.0007
0.967263
0.994308
0.937832
1.00378
0.973137
0.964424
0.981906
1.0153
0.985628
0.993588
1.03154
0.940021
0.961419
1.01579
0.925736
1.0475
0.981346
1.01743
1.01502
0.940435
1.2442
0.730951
1.00237
0.960127
0.956938
1.0155
0.969295
0.990344
0.827053
1.13141
0.955445
1.01447
1.01057
0.972828
0.933308
1.0216
0.993985
0.955167
0.944636
1.0336
1.02587
0.977006
0.983778
1.00582
0.983667
0.984829
0.975505
1.01621
0.998543
0.996105
0.98073
1.01619
1.00488
0.988633
0.972916
1.03034
0.954067
1.0336
0.762871
1.20958
1.00019
0.960564
1.00545
0.928951
1.04097
0.923468
0.973808
0.991547
0.970464
1.00996
1.11668
0.850797
1.01351
0.973976
1.03004
0.964802
0.992971
0.956078
1.0097
0.968574
0.988535
0.9833
0.872243
1.08766
0.983539
0.972039
1.04401
0.939827
0.944957
1.02323
1.00821
0.986759
0.974593
0.993426
1.01452
0.990959
0.987909
0.953336
0.933998
1.01895
1.02247
0.971441
1.03625
0.953569
1.01475
0.962999
0.970346
1.01156
0.913438
1.07544
1.0726
0.849678
0.907019
1.05257
0.992399
1.00958
0.727918
1.22028
0.926213
1.05518
1.01312
0.982605
1.02111
0.979726
1.0837
0.871524
1.01782
0.941667
0.964432
0.930295
1.09658
0.828887
0.99471
0.993781
0.969341
0.999911
0.985197
0.954503
0.9547
0.997827
0.933279
1.01699
0.993307
0.979264
0.967928
0.888942
1.00548
0.99646
0.956884
0.968616
0.977927
1.00088
1.07926
0.90325
1.00823
0.963033
1.11416
0.898938
0.873317
0.999599
1.02
0.952356
1.00595
0.954867
1.00228
0.983736
0.994572
0.980291
0.968881
0.970698
0.979582
1.00156
0.917117
1.07058
1.01784
0.987175
1.0129
0.963769
1.03738
0.941611
0.795101
1.19641
1.07364
0.887634
1.04606
0.865855
0.975661
0.993479
0.969134
1.00743
0.953966
1.00393
0.978275
1.00021
1.00706
0.961345
0.998497
0.959002
0.99208
0.957694
0.970972
0.999639
0.957288
0.992862
0.797893
1.17905
0.99202
0.99125
1.08212
0.895995
0.945718
1.0329
0.97805
0.989478
0.64779
1.32813
0.99804
0.981277
0.962489
1.01048
0.990959
0.981714
0.96347
1.05742
0.981255
0.993875
0.991831
0.949846
1.21142
0.736228
1.00943
0.977627
0.992923
0.997552
1.00295
0.961963
0.970733
0.999783
1.00524
0.944889
0.936311
1.00949
0.988996
0.975636
0.922405
1.09317
1.01889
0.941903
0.987147
0.988226
0.977705
0.998172
0.943119
0.993688
1.10592
0.859707
0.844059
1.1433
0.956169
0.996806
0.726843
1.22691
0.974049
1.00991
1.04038
0.971865
1.02716
0.943118
1.0239
0.959262
0.980144
0.981289
0.963534
1.01542
1.02479
0.944922
1.18937
0.735824
1.08792
0.867091
0.998268
0.977602
0.985702
1.01638
0.998102
0.958181
0.965714
0.992508
0.977908
1.00893
0.783209
1.16426
1.1057
0.86789
0.938792
1.04694
0.954388
1.00457
1.2364
0.743366
1.00908
0.972554
0.998214
0.986249
0.985949
0.976554
0.97362
1.01778
1.01167
0.931523
0.884616
1.08072
0.947774
1.01999
1.00293
0.983662
1.01438
1.00221
1.05971
0.903518
0.89777
1.06707
0.979336
0.997274
0.971981
1.03556
0.932173
1.05413
0.999474
0.99127
1.14724
0.806775
0.958139
0.970451
1.01313
0.936237
0.978202
0.987924
0.943513
1.03573
0.897959
1.09587
1.00041
0.963261
1.27844
0.691105
1.01229
0.995885
0.930189
1.04241
1.01111
0.986088
1.01962
0.91152
0.978637
0.986769
1.26023
0.706672
0.999075
1.01071
0.966636
0.963988
0.968302
0.981472
0.948144
1.02174
0.969479
0.979623
0.865105
1.12544
0.969823
0.936955
1.07452
0.922684
0.976876
0.988437
0.949888
1.03214
0.977841
1.0074
0.987796
0.981367
0.950667
0.991969
0.930212
0.986157
0.991529
0.970705
1.10169
0.861137
0.975207
1.00625
0.956683
0.962706
1.04157
0.974967
0.986733
0.986132
1.0445
0.937003
0.989848
1.00402
1.09578
0.883887
0.985124
0.981685
1.00747
0.863027
0.999678
0.957524
0.985306
0.930067
0.980563
0.983704
0.947922
1.01538
1.00815
0.997991
1.03548
0.944781
1.25693
0.671935
0.985235
1.00057
0.906117
1.02129
1.02544
0.934379
0.950623
1.04075
1.06209
0.906636
0.992314
1.0067
0.981419
0.979156
0.972574
1.00204
1.00124
0.978966
0.827576
1.13099
1.07545
0.882294
0.983376
0.965638
1.0387
0.94054
0.977162
0.998084
0.977888
1.01453
0.976976
0.981124
1.04241
0.930414
0.995844
0.973297
1.00725
0.974857
1.00699
0.979545
0.986663
1.0162
0.995604
0.943077
0.969213
0.987226
0.939737
1.02078
0.913415
1.03178
0.917964
1.02262
0.965404
0.998987
0.946646
0.985273
0.985233
0.917463
1.01725
0.956694
0.942897
1.04161
0.967105
1.01302
0.944983
1.02302
0.994602
0.946014
0.89711
1.075
0.980525
0.983377
0.949543
1.02841
0.984025
0.960905
0.969855
0.986768
1.1144
0.849941
1.03961
0.972304
1.07919
0.892803
0.987498
0.995628
0.992977
0.955141
0.978141
0.997863
0.841066
1.1299
0.975232
1.02108
0.961878
1.00499
1.00377
0.952315
0.972635
1.01896
1.00005
0.970964
0.994339
0.995502
0.912586
1.06066
0.993326
0.961953
1.03855
0.916154
1.03144
0.94137
1.00455
0.959559
0.951895
1.01267
0.979931
0.832847
1.00227
0.98013
0.975855
1.02304
1.01106
0.973455
0.994974
0.984428
1.00413
0.995211
1.02232
0.969746
0.972407
0.997688
0.974815
0.97586
0.963165
0.979386
1.03427
0.950863
0.983125
0.957874
0.9202
0.997357
1.004
0.936707
0.951957
1.02919
0.977745
0.976435
1.01532
0.957604
0.828859
1.1458
0.996296
0.999205
0.962253
1.02198
0.984826
0.9864
1.00388
1.00171
0.888307
1.0771
1.00149
0.955212
0.970069
0.964606
0.764619
1.21375
0.984822
1.00474
0.887116
1.08411
1.03436
0.954344
0.977869
0.99714
0.891835
1.10156
0.997281
0.992222
1.08131
0.87912
0.94699
0.971323
0.982899
1.00108
1.00318
0.970249
0.984182
0.994381
1.01133
0.965868
0.988528
0.973041
1.01717
0.97926
0.974636
0.983887
0.953859
0.958487
0.909423
1.06129
0.95159
1.0103
1.03953
0.978759
1.00408
0.986893
0.959154
1.00398
0.985495
0.990119
1.16371
0.826999
1.00449
0.961289
0.975174
1.00499
1.0096
0.931934
1.00112
0.969899
1.01943
0.976367
1.02654
0.914753
1.00219
0.969064
1.00498
0.94671
0.968027
1.01754
0.886073
1.01553
0.975485
0.996852
1.01946
0.976389
0.996071
0.997457
1.00426
0.972242
0.983794
0.966253
0.985351
0.990133
1.00598
0.960594
0.991396
0.988356
0.93881
1.00762
0.995194
0.989338
1.00026
0.993182
0.98456
0.986466
0.877345
1.06234
0.952039
0.958561
1.02131
0.940916
0.963281
1.03362
1.12399
0.83788
0.998916
0.951296
1.11049
0.862855
0.970289
1.02822
0.975592
0.974507
0.970699
1.01599
0.99349
1.00314
0.979024
0.985654
0.905695
1.07545
0.928174
1.03288
1.00603
0.962542
0.831101
1.13664
0.937992
0.979198
1.00343
0.942878
0.979097
0.990385
0.970801
1.00128
0.998764
0.984878
0.984434
1.00346
0.991371
1.01057
0.982162
0.959119
0.94699
0.979979
0.990168
0.958996
0.984976
0.980527
1.01349
0.948183
0.974922
0.997602
0.968491
1.00491
0.932607
1.05567
0.950397
1.03359
0.958262
1.00637
0.912284
1.08844
1.03934
0.941774
1.00063
0.991786
1.02164
0.929684
1.01156
0.971423
0.968606
1.01664
1.09751
0.869072
1.02115
0.974877
1.20206
0.768801
1.06713
0.930706
0.981223
0.968222
1.02327
0.944031
0.947074
1.04347
1.04841
0.915429
1.04687
0.917081
0.934434
1.05271
0.997143
0.978277
0.976546
1.01405
0.953775
1.0345
0.989195
0.984186
0.752254
1.20291
0.990279
0.998938
0.908469
0.96211
0.996105
0.98313
0.985711
0.994816
0.96983
1.01673
0.963796
1.01352
0.998568
0.973783
0.929594
1.04443
1.08722
0.882546
0.953353
1.01906
1.09722
0.82204
1.0327
0.946545
1.10743
0.875953
1.05298
0.937098
1.01944
0.96432
0.990457
0.95006
0.953771
0.999384
0.9814
0.969118
0.912005
1.03065
1.11351
0.88282
1.02374
0.964801
0.962292
1.04038
0.874675
1.09
1.02558
0.962121
0.965956
1.01694
0.981251
0.998839
1.00002
0.96278
1.02314
0.956202
0.94182
1.03488
0.982361
1.00745
0.983546
0.968529
0.877677
1.02704
1.00429
0.973754
0.836624
1.14511
0.994006
0.982742
0.998283
0.99982
0.999811
0.99437
1.04736
0.893967
0.947648
1.01248
1.01726
0.968565
0.771626
1.21199
0.989948
0.976869
0.978327
1.00699
1.02611
0.94546
1.0531
0.925029
0.959424
0.985775
0.896063
0.992697
1.19311
0.779184
0.964852
1.00662
0.995977
0.946209
0.938276
1.05104
1.0116
0.988425
0.993333
0.963715
1.02873
0.944097
0.954898
0.988847
0.961782
0.999582
0.845161
1.12886
0.912681
1.07301
1.25397
0.713637
1.01626
0.97582
1.00028
0.953454
0.850861
1.11742
0.982846
1.01203
0.993793
1.01253
1.0213
0.935906
0.690095
1.26108
0.985063
0.960029
1.02359
0.888393
0.971924
0.998069
0.971051
1.0158
0.983358
0.988074
0.965339
1.02028
0.953418
0.993224
0.959292
1.03039
1.02006
0.968066
0.992292
0.986309
1.06949
0.95087
1.02864
0.952555
0.971722
0.99388
0.878263
1.10706
0.993156
0.981083
0.97508
1.02381
1.00663
0.982186
0.969101
1.00892
1.01711
0.936543
1.03612
0.923082
0.91645
1.06577
1.01656
0.96736
1.03579
0.938543
0.978883
1.01434
0.979521
0.93898
1.01257
0.953724
1.00133
1.00237
0.930396
1.00758
0.905478
1.07257
1.08431
0.90673
0.952564
1.0324
0.970299
0.973438
0.991941
0.942715
0.982162
0.953543
0.973061
1.01391
0.953503
0.985983
0.987789
0.997028
0.989935
0.979944
0.973548
0.992902
0.993921
0.978744
0.932494
1.00193
1.00811
0.990761
1.00003
0.972019
0.961055
0.986924
0.973451
0.989745
1.07148
0.918706
0.845893
1.14318
1.03803
0.899284
0.971991
0.994385
1.00137
0.945669
0.999572
0.996109
0.989468
0.977149
0.949259
1.00801
0.965906
0.972339
0.993372
0.989327
0.842882
1.10237
0.889347
1.07666
1.00093
0.968142
0.997706
0.988788
1.00511
0.997551
0.977462
0.975207
0.967859
0.979884
0.788529
1.11845
1.00883
0.936171
1.00545
0.960675
1.01447
0.978052
1.00793
0.995413
0.965079
1.0186
1.10405
0.847807
0.859352
1.11313
1.01864
0.962488
1.0716
0.872941
0.996354
0.973172
0.977331
0.981048
0.998108
0.997812
1.08506
0.750639
0.997767
1.00436
0.990649
0.985599
0.96328
1.00338
1.00095
0.978538
0.93883
1.04171
0.958213
0.878472
0.918784
1.06612
0.973374
0.999323
0.990372
0.940731
0.957737
1.00612
0.9936
1.00559
0.990874
0.9774
0.91798
1.02254
1.03088
0.956706
0.95339
0.986961
0.854372
1.07937
0.973594
1.01573
1.14278
0.779786
0.968571
0.979737
0.988046
0.992841
0.975948
1.01729
0.973533
0.988349
0.968499
0.989092
1.00358
0.984502
1.00043
0.950959
0.978494
0.992342
0.994526
0.987534
0.955455
0.997624
0.933163
1.04423
0.90748
1.04332
0.965014
0.998092
0.993909
0.974896
1.00207
0.969881
0.924162
1.06479
0.894974
1.04591
1.02199
0.983287
0.924355
1.05149
0.998108
0.963217
0.995135
0.986561
0.945277
1.02413
0.972254
1.0159
0.962523
1.02343
0.991138
0.987483
0.965611
1.00342
0.981517
1.02374
1.01915
0.969748
1.00112
0.981956
0.974909
0.986293
0.939739
1.01306
1.02025
0.967923
0.957898
0.998049
1.00674
0.982087
1.00868
0.996028
1.02075
0.976044
0.962813
0.999181
0.948969
1.00884
1.09588
0.895818
1.00616
0.959744
1.07189
0.874957
0.960929
1.00945
1.10231
0.835457
0.821377
1.15256
0.776591
1.20213
1.00382
0.97021
0.900332
1.08263
1.00448
0.982994
1.08607
0.896911
0.979701
1.00619
1.00621
0.960108
0.987009
1.00704
0.972842
1.00007
0.990324
0.975103
0.968497
1.03282
0.94645
0.998694
0.945202
0.999644
0.926504
1.04193
0.985195
0.991382
0.972101
1.00757
0.873037
0.959868
0.987391
0.996002
0.976349
1.00566
0.927766
1.0518
0.93523
1.02519
0.963024
0.994419
0.976496
1.00705
1.13621
0.811189
0.855405
1.07947
0.946138
1.02996
0.978759
1.01201
0.988182
0.942892
1.04921
0.913722
0.974358
1.01641
0.825494
1.12739
1.00413
0.939563
1.03427
0.932306
0.979072
0.979696
0.956045
1.02591
1.14963
0.790162
0.925102
1.06001
0.956837
1.00575
0.9773
0.992224
0.976861
0.989304
0.986249
0.991635
1.0501
0.937275
0.998748
0.949299
0.985253
1.01818
1.06812
0.932532
0.975419
0.947688
0.972846
1.04024
0.965305
1.02798
1.14917
0.760928
0.988739
0.95895
1.01719
0.962685
0.994344
0.99084
0.986327
1.00915
0.935673
1.01959
1.0591
0.945978
0.986614
0.9683
1.05484
0.909247
1.0406
0.937055
0.97486
0.995986
0.932796
1.04707
0.989641
1.00812
1.03347
0.90016
1.0002
0.98394
0.993997
0.964373
0.87044
1.10761
0.966943
0.983316
0.960117
0.991292
0.993472
0.965224
1.00473
0.992659
1.01325
1.00456
0.977482
0.975113
1.0038
0.997144
1.02214
0.934416
0.958428
1.00946
0.983418
0.980598
1.0138
0.967046
0.971883
1.00736
1.03221
0.955888
0.887191
0.95666
