0.1 1.125 0.334779
0.1 3.375 0.338225
0.1 5.625 0.339207
0.1 7.875 0.343094
0.1 10.125 0.335436
0.1 12.375 0.335973
0.1 14.625 0.336304
0.1 16.875 0.333958
0.1 19.125 0.340377
0.1 21.375 0.33915
0.1 23.625 0.33014
0.1 25.875 0.323864
0.1 28.125 0.341131
0.1 30.375 0.326913
0.1 32.625 0.327638
0.1 34.875 0.337884
0.1 37.125 0.342459
0.1 39.375 0.326936
0.1 41.625 0.33484
0.1 43.875 0.330743
0.3 1.125 0.323072
0.3 3.375 0.330866
0.3 5.625 0.320501
0.3 7.875 0.324298
0.3 10.125 0.327885
0.3 12.375 0.328425
0.3 14.625 0.326861
0.3 16.875 0.323082
0.3 19.125 0.322976
0.3 21.375 0.323885
0.3 23.625 0.324724
0.3 25.875 0.319429
0.3 28.125 0.326179
0.3 30.375 0.324862
0.3 32.625 0.324591
0.3 34.875 0.324745
0.3 37.125 0.326799
0.3 39.375 0.321567
0.3 41.625 0.324288
0.3 43.875 0.325175
0.5 1.125 0.314872
0.5 3.375 0.31781
0.5 5.625 0.317711
0.5 7.875 0.315119
0.5 10.125 0.309558
0.5 12.375 0.3146
0.5 14.625 0.307837
0.5 16.875 0.311929
0.5 19.125 0.30321
0.5 21.375 0.309477
0.5 23.625 0.308992
0.5 25.875 0.310523
0.5 28.125 0.311678
0.5 30.375 0.308411
0.5 32.625 0.306976
0.5 34.875 0.299241
0.5 37.125 0.306739
0.5 39.375 0.307911
0.5 41.625 0.310855
0.5 43.875 0.30448
0.7 1.125 0.292977
0.7 3.375 0.293074
0.7 5.625 0.29617
0.7 7.875 0.290085
0.7 10.125 0.288066
0.7 12.375 0.28694
0.7 14.625 0.297206
0.7 16.875 0.291925
0.7 19.125 0.286581
0.7 21.375 0.28438
0.7 23.625 0.284741
0.7 25.875 0.280514
0.7 28.125 0.287673
0.7 30.375 0.288264
0.7 32.625 0.276884
0.7 34.875 0.27889
0.7 37.125 0.280303
0.7 39.375 0.276269
0.7 41.625 0.288577
0.7 43.875 0.286461
0.9 1.125 0.262634
0.9 3.375 0.263933
0.9 5.625 0.257859
0.9 7.875 0.260258
0.9 10.125 0.257879
0.9 12.375 0.253711
0.9 14.625 0.252803
0.9 16.875 0.251711
0.9 19.125 0.24868
0.9 21.375 0.249673
0.9 23.625 0.245813
0.9 25.875 0.256658
0.9 28.125 0.254032
0.9 30.375 0.253155
0.9 32.625 0.255015
0.9 34.875 0.250511
0.9 37.125 0.249566
0.9 39.375 0.259368
0.9 41.625 0.254506
0.9 43.875 0.240845
1.1 1.125 0.203836
1.1 3.375 0.202397
1.1 5.625 0.201704
1.1 7.875 0.201935
1.1 10.125 0.208617
1.1 12.375 0.211984
1.1 14.625 0.205842
1.1 16.875 0.193359
1.1 19.125 0.20406
1.1 21.375 0.200426
1.1 23.625 0.213908
1.1 25.875 0.198968
1.1 28.125 0.214157
1.1 30.375 0.217663
1.1 32.625 0.219224
1.1 34.875 0.212159
1.1 37.125 0.226468
1.1 39.375 0.21786
1.1 41.625 0.22902
1.1 43.875 0.207025
1.3 1.125 0.12959
1.3 3.375 0.137886
1.3 5.625 0.141187
1.3 7.875 0.135117
1.3 10.125 0.136943
1.3 12.375 0.144088
1.3 14.625 0.147132
1.3 16.875 0.14661
1.3 19.125 0.148441
1.3 21.375 0.156888
1.3 23.625 0.158676
1.3 25.875 0.157146
1.3 28.125 0.149919
1.3 30.375 0.155803
1.3 32.625 0.165134
1.3 34.875 0.159759
1.3 37.125 0.181163
1.3 39.375 0.172869
1.3 41.625 0.188371
1.3 43.875 0.189282
1.5 1.125 0.0830966
1.5 3.375 0.0833678
1.5 5.625 0.081939
1.5 7.875 0.0889139
1.5 10.125 0.0872986
1.5 12.375 0.094869
1.5 14.625 0.0959347
1.5 16.875 0.093738
1.5 19.125 0.0958664
1.5 21.375 0.094743
1.5 23.625 0.0928406
1.5 25.875 0.110205
1.5 28.125 0.131877
1.5 30.375 0.117203
1.5 32.625 0.1274
1.5 34.875 0.115086
1.5 37.125 0.128727
1.5 39.375 0.121172
1.5 41.625 0.139755
1.5 43.875 0.142495
1.7 1.125 0.0540514
1.7 3.375 0.0518275
1.7 5.625 0.0526791
1.7 7.875 0.0545294
1.7 10.125 0.0572789
1.7 12.375 0.0560283
1.7 14.625 0.0571395
1.7 16.875 0.0687278
1.7 19.125 0.062838
1.7 21.375 0.0592762
1.7 23.625 0.0709505
1.7 25.875 0.0656633
1.7 28.125 0.0632815
1.7 30.375 0.0754209
1.7 32.625 0.0784269
1.7 34.875 0.0777614
1.7 37.125 0.0691525
1.7 39.375 0.0985295
1.7 41.625 0.0856005
1.7 43.875 0.0792236
1.9 1.125 0.0336805
1.9 3.375 0.033504
1.9 5.625 0.0332696
1.9 7.875 0.0332863
1.9 10.125 0.0380442
1.9 12.375 0.0393417
1.9 14.625 0.0392929
1.9 16.875 0.0376062
1.9 19.125 0.0393586
1.9 21.375 0.0446303
1.9 23.625 0.0424989
1.9 25.875 0.0446284
1.9 28.125 0.0423631
1.9 30.375 0.0466319
1.9 32.625 0.0529071
1.9 34.875 0.0515614
1.9 37.125 0.0583609
1.9 39.375 0.053702
1.9 41.625 0.0536514
1.9 43.875 0.0572195
2.1 1.125 0.0202729
2.1 3.375 0.0216777
2.1 5.625 0.0205204
2.1 7.875 0.0204066
2.1 10.125 0.022134
2.1 12.375 0.0241988
2.1 14.625 0.0242283
2.1 16.875 0.0271241
2.1 19.125 0.0273571
2.1 21.375 0.0281295
2.1 23.625 0.027242
2.1 25.875 0.0328196
2.1 28.125 0.0330697
2.1 30.375 0.0354549
2.1 32.625 0.0315541
2.1 34.875 0.0330016
2.1 37.125 0.0388382
2.1 39.375 0.0372657
2.1 41.625 0.0424488
2.1 43.875 0.0372367
2.3 1.125 0.0107721
2.3 3.375 0.011242
2.3 5.625 0.0108441
2.3 7.875 0.0111946
2.3 10.125 0.0121835
2.3 12.375 0.0126484
2.3 14.625 0.0122851
2.3 16.875 0.0140907
2.3 19.125 0.0140684
2.3 21.375 0.0151555
2.3 23.625 0.0189695
2.3 25.875 0.0174888
2.3 28.125 0.0212875
2.3 30.375 0.0213196
2.3 32.625 0.0222648
2.3 34.875 0.0245228
2.3 37.125 0.0244539
2.3 39.375 0.0288929
2.3 41.625 0.0263352
2.3 43.875 0.0254864
2.5 1.125 0.00677889
2.5 3.375 0.00715592
2.5 5.625 0.00725235
2.5 7.875 0.00704556
2.5 10.125 0.00737197
2.5 12.375 0.00685391
2.5 14.625 0.0089975
2.5 16.875 0.00790826
2.5 19.125 0.0088142
2.5 21.375 0.00990326
2.5 23.625 0.0101852
2.5 25.875 0.0113439
2.5 28.125 0.0132221
2.5 30.375 0.0138234
2.5 32.625 0.0153931
2.5 34.875 0.0164828
2.5 37.125 0.0168746
2.5 39.375 0.0175151
2.5 41.625 0.017822
2.5 43.875 0.0181281
2.7 1.125 0.00646499
2.7 3.375 0.00642979
2.7 5.625 0.00771092
2.7 7.875 0.00732952
2.7 10.125 0.00595083
2.7 12.375 0.00631997
2.7 14.625 0.00597202
2.7 16.875 0.00539897
2.7 19.125 0.00596338
2.7 21.375 0.00620456
2.7 23.625 0.00626376
2.7 25.875 0.00652348
2.7 28.125 0.00755143
2.7 30.375 0.0089824
2.7 32.625 0.00908907
2.7 34.875 0.0100018
2.7 37.125 0.0118009
2.7 39.375 0.0101503
2.7 41.625 0.0123369
2.7 43.875 0.0111069
2.9 1.125 0.00571782
2.9 3.375 0.00573839
2.9 5.625 0.00509181
2.9 7.875 0.00563824
2.9 10.125 0.00509763
2.9 12.375 0.00632163
2.9 14.625 0.00577258
2.9 16.875 0.00492074
2.9 19.125 0.00528315
2.9 21.375 0.00589884
2.9 23.625 0.00574202
2.9 25.875 0.00561195
2.9 28.125 0.00595714
2.9 30.375 0.00578453
2.9 32.625 0.00636472
2.9 34.875 0.00662727
2.9 37.125 0.00760406
2.9 39.375 0.00846076
2.9 41.625 0.00822802
2.9 43.875 0.00986794
3.1 1.125 0.00507797
3.1 3.375 0.00537846
3.1 5.625 0.00498478
3.1 7.875 0.00569188
3.1 10.125 0.00440095
3.1 12.375 0.00482392
3.1 14.625 0.00472375
3.1 16.875 0.00363869
3.1 19.125 0.00447484
3.1 21.375 0.00484639
3.1 23.625 0.00527133
3.1 25.875 0.00550038
3.1 28.125 0.00534334
3.1 30.375 0.00538889
3.1 32.625 0.00535422
3.1 34.875 0.00541197
3.1 37.125 0.00519403
3.1 39.375 0.00646978
3.1 41.625 0.0065783
3.1 43.875 0.00731543
3.3 1.125 0.00468758
3.3 3.375 0.00481606
3.3 5.625 0.00435551
3.3 7.875 0.00480765
3.3 10.125 0.00357702
3.3 12.375 0.00430366
3.3 14.625 0.00493033
3.3 16.875 0.00402791
3.3 19.125 0.00427479
3.3 21.375 0.00481301
3.3 23.625 0.00481399
3.3 25.875 0.00421845
3.3 28.125 0.00464336
3.3 30.375 0.00529932
3.3 32.625 0.00478495
3.3 34.875 0.00485165
3.3 37.125 0.00578633
3.3 39.375 0.004667
3.3 41.625 0.00540778
3.3 43.875 0.00523645
3.5 1.125 0.00454341
3.5 3.375 0.00514297
3.5 5.625 0.00466132
3.5 7.875 0.00389963
3.5 10.125 0.00548328
3.5 12.375 0.00506933
3.5 14.625 0.00448165
3.5 16.875 0.00354007
3.5 19.125 0.00303654
3.5 21.375 0.00488783
3.5 23.625 0.00413128
3.5 25.875 0.00479094
3.5 28.125 0.00508884
3.5 30.375 0.00491847
3.5 32.625 0.00399988
3.5 34.875 0.00463027
3.5 37.125 0.0043209
3.5 39.375 0.00492728
3.5 41.625 0.0043617
3.5 43.875 0.00410507
3.7 1.125 0.00469714
3.7 3.375 0.00451149
3.7 5.625 0.00472463
3.7 7.875 0.00472779
3.7 10.125 0.00383835
3.7 12.375 0.00450712
3.7 14.625 0.00396312
3.7 16.875 0.00333279
3.7 19.125 0.00361413
3.7 21.375 0.00559757
3.7 23.625 0.0050047
3.7 25.875 0.00432456
3.7 28.125 0.00556693
3.7 30.375 0.00425993
3.7 32.625 0.0048443
3.7 34.875 0.00482425
3.7 37.125 0.00444943
3.7 39.375 0.00436796
3.7 41.625 0.00382405
3.7 43.875 0.00361086
3.9 1.125 0.00414637
3.9 3.375 0.00393125
3.9 5.625 0.00437981
3.9 7.875 0.00419004
3.9 10.125 0.00426401
3.9 12.375 0.00376207
3.9 14.625 0.00425772
3.9 16.875 0.00475503
3.9 19.125 0.00535249
3.9 21.375 0.00424939
3.9 23.625 0.00495201
3.9 25.875 0.00399924
3.9 28.125 0.00489884
3.9 30.375 0.00448439
3.9 32.625 0.00422651
3.9 34.875 0.0043419
3.9 37.125 0.00396837
3.9 39.375 0.00371505
3.9 41.625 0.0036306
3.9 43.875 0.00343087
4.1 1.125 0.0035194
4.1 3.375 0.00413392
4.1 5.625 0.00355354
4.1 7.875 0.00374204
4.1 10.125 0.0037857
4.1 12.375 0.00332469
4.1 14.625 0.00383935
4.1 16.875 0.00458473
4.1 19.125 0.00361963
4.1 21.375 0.0036505
4.1 23.625 0.0044348
4.1 25.875 0.00403618
4.1 28.125 0.00429175
4.1 30.375 0.00369429
4.1 32.625 0.00375069
4.1 34.875 0.00391396
4.1 37.125 0.00328213
4.1 39.375 0.00381893
4.1 41.625 0.0035131
4.1 43.875 0.00380352
4.3 1.125 0.00339741
4.3 3.375 0.0034516
4.3 5.625 0.00351284
4.3 7.875 0.00388597
4.3 10.125 0.00320014
4.3 12.375 0.0031121
4.3 14.625 0.00467359
4.3 16.875 0.0039599
4.3 19.125 0.00463853
4.3 21.375 0.00335865
4.3 23.625 0.00322719
4.3 25.875 0.00424815
4.3 28.125 0.00364756
4.3 30.375 0.00395112
4.3 32.625 0.00374546
4.3 34.875 0.00358671
4.3 37.125 0.00327705
4.3 39.375 0.00315584
4.3 41.625 0.00304177
4.3 43.875 0.00321345
4.5 1.125 0.00345236
4.5 3.375 0.0033132
4.5 5.625 0.00369857
4.5 7.875 0.00326093
4.5 10.125 0.00363958
4.5 12.375 0.00337462
4.5 14.625 0.00363996
4.5 16.875 0.00384895
4.5 19.125 0.00296991
4.5 21.375 0.00338127
4.5 23.625 0.00403933
4.5 25.875 0.00443433
4.5 28.125 0.00395647
4.5 30.375 0.00373572
4.5 32.625 0.00454382
4.5 34.875 0.00311402
4.5 37.125 0.00348064
4.5 39.375 0.00303363
4.5 41.625 0.00279437
4.5 43.875 0.00279405
4.7 1.125 0.00305925
4.7 3.375 0.0028742
4.7 5.625 0.00373933
4.7 7.875 0.0032252
4.7 10.125 0.00297478
4.7 12.375 0.00300784
4.7 14.625 0.00326641
4.7 16.875 0.00389146
4.7 19.125 0.003591
4.7 21.375 0.00354255
4.7 23.625 0.00369651
4.7 25.875 0.00355455
4.7 28.125 0.00391978
4.7 30.375 0.00329434
4.7 32.625 0.00351527
4.7 34.875 0.00336237
4.7 37.125 0.00276058
4.7 39.375 0.00289531
4.7 41.625 0.00300979
4.7 43.875 0.00275187
4.9 1.125 0.00286338
4.9 3.375 0.00277586
4.9 5.625 0.00262584
4.9 7.875 0.0042554
4.9 10.125 0.00259853
4.9 12.375 0.00267267
4.9 14.625 0.00305519
4.9 16.875 0.00335831
4.9 19.125 0.00290781
4.9 21.375 0.00356694
4.9 23.625 0.00326165
4.9 25.875 0.00337625
4.9 28.125 0.00359333
4.9 30.375 0.00278177
4.9 32.625 0.00307123
4.9 34.875 0.00313081
4.9 37.125 0.00275677
4.9 39.375 0.00284253
4.9 41.625 0.00288124
4.9 43.875 0.00276855
5.1 1.125 0.00280769
5.1 3.375 0.00274227
5.1 5.625 0.00314256
5.1 7.875 0.00297651
5.1 10.125 0.00256419
5.1 12.375 0.00262306
5.1 14.625 0.00239484
5.1 16.875 0.00268799
5.1 19.125 0.00285453
5.1 21.375 0.00308448
5.1 23.625 0.00329116
5.1 25.875 0.00315699
5.1 28.125 0.00297056
5.1 30.375 0.00333229
5.1 32.625 0.00303944
5.1 34.875 0.00288312
5.1 37.125 0.00317673
5.1 39.375 0.00290815
5.1 41.625 0.00257792
5.1 43.875 0.00278704
5.3 1.125 0.00290169
5.3 3.375 0.00311649
5.3 5.625 0.00252928
5.3 7.875 0.00228447
5.3 10.125 0.00263787
5.3 12.375 0.0024495
5.3 14.625 0.00242105
5.3 16.875 0.00261225
5.3 19.125 0.00268047
5.3 21.375 0.00282099
5.3 23.625 0.00240039
5.3 25.875 0.00375887
5.3 28.125 0.00281874
5.3 30.375 0.00369407
5.3 32.625 0.00265775
5.3 34.875 0.00280148
5.3 37.125 0.00308815
5.3 39.375 0.00228009
5.3 41.625 0.00280821
5.3 43.875 0.00306209
5.5 1.125 0.00262889
5.5 3.375 0.00226945
5.5 5.625 0.00275088
5.5 7.875 0.00769444
5.5 10.125 0.00197104
5.5 12.375 0.00286581
5.5 14.625 0.0022313
5.5 16.875 0.00293135
5.5 19.125 0.00242964
5.5 21.375 0.00276855
5.5 23.625 0.00262717
5.5 25.875 0.00265337
5.5 28.125 0.00362006
5.5 30.375 0.00273745
5.5 32.625 0.00294475
5.5 34.875 0.00274115
5.5 37.125 0.00267515
5.5 39.375 0.0031568
5.5 41.625 0.00316699
5.5 43.875 0.00314419
5.7 1.125 0.0028147
5.7 3.375 0.00258357
5.7 5.625 0.00200886
5.7 7.875 0.00263382
5.7 10.125 0.00318453
5.7 12.375 0.00278793
5.7 14.625 0.00278718
5.7 16.875 0.00223702
5.7 19.125 0.00234434
5.7 21.375 0.00249571
5.7 23.625 0.00298017
5.7 25.875 0.00245553
5.7 28.125 0.00253742
5.7 30.375 0.00262051
5.7 32.625 0.00554038
5.7 34.875 0.0030058
5.7 37.125 0.00223698
5.7 39.375 0.00276858
5.7 41.625 0.00250156
5.7 43.875 0.00347355
5.9 1.125 0.00291384
5.9 3.375 0.00280582
5.9 5.625 0.00203009
5.9 7.875 0.0021989
5.9 10.125 0.00229411
5.9 12.375 0.00216107
5.9 14.625 0.00268137
5.9 16.875 0.00269384
5.9 19.125 0.00311255
5.9 21.375 0.0027102
5.9 23.625 0.00272722
5.9 25.875 0.00234672
5.9 28.125 0.00264076
5.9 30.375 0.00249242
5.9 32.625 0.00233329
5.9 34.875 0.00297814
5.9 37.125 0.00255767
5.9 39.375 0.00284076
5.9 41.625 0.0029398
5.9 43.875 0.00282955
6.1 1.125 0.00252852
6.1 3.375 0.00292758
6.1 5.625 0.00287829
6.1 7.875 0.00301549
6.1 10.125 0.00268363
6.1 12.375 0.00221222
6.1 14.625 0.00214288
6.1 16.875 0.00257589
6.1 19.125 0.00296499
6.1 21.375 0.00283063
6.1 23.625 0.00282992
6.1 25.875 0.00235608
6.1 28.125 0.00257554
6.1 30.375 0.00228098
6.1 32.625 0.00275094
6.1 34.875 0.00238462
6.1 37.125 0.00244372
6.1 39.375 0.00279376
6.1 41.625 0.00282005
6.1 43.875 0.00276468
6.3 1.125 0.00248438
6.3 3.375 0.00263678
6.3 5.625 0.00247711
6.3 7.875 0.002542
6.3 10.125 0.00309036
6.3 12.375 0.0033429
6.3 14.625 0.0025553
6.3 16.875 0.00281125
6.3 19.125 0.002499
6.3 21.375 0.00273501
6.3 23.625 0.00256049
6.3 25.875 0.00217873
6.3 28.125 0.00231231
6.3 30.375 0.00303555
6.3 32.625 0.00245839
6.3 34.875 0.00245409
6.3 37.125 0.00292361
6.3 39.375 0.00256333
6.3 41.625 0.00258938
6.3 43.875 0.00277052
6.5 1.125 0.00260711
6.5 3.375 0.00215855
6.5 5.625 0.00282973
6.5 7.875 0.00235742
6.5 10.125 0.00221027
6.5 12.375 0.00247188
6.5 14.625 0.00236013
6.5 16.875 0.00311413
6.5 19.125 0.00324434
6.5 21.375 0.00296596
6.5 23.625 0.00263919
6.5 25.875 0.00380641
6.5 28.125 0.00229957
6.5 30.375 0.00240514
6.5 32.625 0.0094467
6.5 34.875 0.0028021
6.5 37.125 0.00236025
6.5 39.375 0.00295595
6.5 41.625 0.00255694
6.5 43.875 0.00304151
6.7 1.125 0.0026406
6.7 3.375 0.0023565
6.7 5.625 0.00226156
6.7 7.875 0.00274741
6.7 10.125 0.00251287
6.7 12.375 0.0028504
6.7 14.625 0.00296706
6.7 16.875 0.00253096
6.7 19.125 0.00279771
6.7 21.375 0.00273556
6.7 23.625 0.00261563
6.7 25.875 0.00261034
6.7 28.125 0.00260175
6.7 30.375 0.00315486
6.7 32.625 0.00387717
6.7 34.875 0.00220833
6.7 37.125 0.00332802
6.7 39.375 0.00227702
6.7 41.625 0.00255055
6.7 43.875 0.00252487
6.9 1.125 0.00242161
6.9 3.375 0.00242684
6.9 5.625 0.0029399
6.9 7.875 0.00349458
6.9 10.125 0.00215072
6.9 12.375 0.00218725
6.9 14.625 0.00255484
6.9 16.875 0.00268375
6.9 19.125 0.00249994
6.9 21.375 0.00237938
6.9 23.625 0.00271487
6.9 25.875 0.00259207
6.9 28.125 0.00302228
6.9 30.375 0.00193782
6.9 32.625 0.00330449
6.9 34.875 0.00346542
6.9 37.125 0.00254981
6.9 39.375 0.00298307
6.9 41.625 0.00249964
6.9 43.875 0.00224723
7.1 1.125 0.00233061
7.1 3.375 0.00233368
7.1 5.625 0.00228354
7.1 7.875 0.00284466
7.1 10.125 0.00349461
7.1 12.375 0.00230283
7.1 14.625 0.00260793
7.1 16.875 0.00222203
7.1 19.125 0.0024149
7.1 21.375 0.00220568
7.1 23.625 0.00242661
7.1 25.875 0.00243885
7.1 28.125 0.00240616
7.1 30.375 0.00207262
7.1 32.625 0.00231964
7.1 34.875 0.00176709
7.1 37.125 0.00235402
7.1 39.375 0.00243873
7.1 41.625 0.00242671
7.1 43.875 0.00218829
7.3 1.125 0.00454044
7.3 3.375 0.002455
7.3 5.625 0.00225433
7.3 7.875 0.00236942
7.3 10.125 0.00228644
7.3 12.375 0.00265448
7.3 14.625 0.00249682
7.3 16.875 0.00278993
7.3 19.125 0.0026975
7.3 21.375 0.00246819
7.3 23.625 0.00312694
7.3 25.875 0.00232976
7.3 28.125 0.00237585
7.3 30.375 0.00230382
7.3 32.625 0.00203692
7.3 34.875 0.00211149
7.3 37.125 0.00249639
7.3 39.375 0.00271036
7.3 41.625 0.00284579
7.3 43.875 0.0023375
7.5 1.125 0.00289521
7.5 3.375 0.00225035
7.5 5.625 0.0022442
7.5 7.875 0.00236764
7.5 10.125 0.00233775
7.5 12.375 0.0024549
7.5 14.625 0.00239319
7.5 16.875 0.00248729
7.5 19.125 0.00235843
7.5 21.375 0.00267797
7.5 23.625 0.00267067
7.5 25.875 0.0081146
7.5 28.125 0.0019427
7.5 30.375 0.00295239
7.5 32.625 0.00286652
7.5 34.875 0.00224663
7.5 37.125 0.00219952
7.5 39.375 0.0025057
7.5 41.625 0.00236236
7.5 43.875 0.0021431
7.7 1.125 0.00213959
7.7 3.375 0.00248019
7.7 5.625 0.00237883
7.7 7.875 0.00226003
7.7 10.125 0.00197373
7.7 12.375 0.00231465
7.7 14.625 0.00218508
7.7 16.875 0.00199626
7.7 19.125 0.002527
7.7 21.375 0.00238739
7.7 23.625 0.00223122
7.7 25.875 0.0023628
7.7 28.125 0.0030009
7.7 30.375 0.00260485
7.7 32.625 0.00207153
7.7 34.875 0.00246146
7.7 37.125 0.00264751
7.7 39.375 0.00175854
7.7 41.625 0.00223856
7.7 43.875 0.00189289
7.9 1.125 0.00242404
7.9 3.375 0.00217882
7.9 5.625 0.00248675
7.9 7.875 0.00229181
7.9 10.125 0.00205763
7.9 12.375 0.00194579
7.9 14.625 0.00280981
7.9 16.875 0.00198425
7.9 19.125 0.00213459
7.9 21.375 0.00535106
7.9 23.625 0.00210447
7.9 25.875 0.00244243
7.9 28.125 0.0019885
7.9 30.375 0.00209192
7.9 32.625 0.00298217
7.9 34.875 0.00267196
7.9 37.125 0.00223407
7.9 39.375 0.00260157
7.9 41.625 0.00267877
7.9 43.875 0.00153566
8.1 1.125 0.00243464
8.1 3.375 0.00197321
8.1 5.625 0.00219844
8.1 7.875 0.00237808
8.1 10.125 0.00205517
8.1 12.375 0.00255112
8.1 14.625 0.0019733
8.1 16.875 0.00207247
8.1 19.125 0.002433
8.1 21.375 0.0019688
8.1 23.625 0.00228267
8.1 25.875 0.00215734
8.1 28.125 0.00179109
8.1 30.375 0.00224155
8.1 32.625 0.00310883
8.1 34.875 0.00255799
8.1 37.125 0.00224831
8.1 39.375 0.00234842
8.1 41.625 0.00261601
8.1 43.875 0.00233378
8.3 1.125 0.0018909
8.3 3.375 0.00539489
8.3 5.625 0.00192234
8.3 7.875 0.00251695
8.3 10.125 0.00206285
8.3 12.375 0.00238018
8.3 14.625 0.00168598
8.3 16.875 0.00244606
8.3 19.125 0.00325685
8.3 21.375 0.00282987
8.3 23.625 0.00183312
8.3 25.875 0.00210692
8.3 28.125 0.00222232
8.3 30.375 0.00195948
8.3 32.625 0.00239486
8.3 34.875 0.00233874
8.3 37.125 0.00216808
8.3 39.375 0.002553
8.3 41.625 0.00251586
8.3 43.875 0.00228479
8.5 1.125 0.0029547
8.5 3.375 0.00215346
8.5 5.625 0.00227204
8.5 7.875 0.0023441
8.5 10.125 0.00258495
8.5 12.375 0.00224184
8.5 14.625 0.00254304
8.5 16.875 0.001791
8.5 19.125 0.00247709
8.5 21.375 0.00267659
8.5 23.625 0.00207618
8.5 25.875 0.00254627
8.5 28.125 0.00416395
8.5 30.375 0.00206582
8.5 32.625 0.00239416
8.5 34.875 0.00230074
8.5 37.125 0.00223759
8.5 39.375 0.00206804
8.5 41.625 0.00171225
8.5 43.875 0.00250185
8.7 1.125 0.00233312
8.7 3.375 0.00193699
8.7 5.625 0.00182474
8.7 7.875 0.00214457
8.7 10.125 0.00281505
8.7 12.375 0.00266393
8.7 14.625 0.00319891
8.7 16.875 0.00180487
8.7 19.125 0.00215512
8.7 21.375 0.00236947
8.7 23.625 0.00232753
8.7 25.875 0.00221905
8.7 28.125 0.0025306
8.7 30.375 0.0027261
8.7 32.625 0.00211635
8.7 34.875 0.00197095
8.7 37.125 0.00242491
8.7 39.375 0.00211282
8.7 41.625 0.00194961
8.7 43.875 0.0024859
8.9 1.125 0.0027731
8.9 3.375 0.00225659
8.9 5.625 0.00155074
8.9 7.875 0.00225183
8.9 10.125 0.00190115
8.9 12.375 0.00185935
8.9 14.625 0.00196963
8.9 16.875 0.00216867
8.9 19.125 0.00874522
8.9 21.375 0.0020303
8.9 23.625 0.0218336
8.9 25.875 0.00270166
8.9 28.125 0.00271711
8.9 30.375 0.00215509
8.9 32.625 0.00169607
8.9 34.875 0.00165875
8.9 37.125 0.00225939
8.9 39.375 0.00270548
8.9 41.625 0.00244081
8.9 43.875 0.00275874
9.1 1.125 0.00249884
9.1 3.375 0.00240879
9.1 5.625 0.00182
9.1 7.875 0.00218731
9.1 10.125 0.00173677
9.1 12.375 0.00263186
9.1 14.625 0.00241979
9.1 16.875 0.00307311
9.1 19.125 0.00220512
9.1 21.375 0.00344753
9.1 23.625 0.00151182
9.1 25.875 0.00255618
9.1 28.125 0.00170611
9.1 30.375 0.00252655
9.1 32.625 0.0023785
9.1 34.875 0.00195147
9.1 37.125 0.00192257
9.1 39.375 0.00201211
9.1 41.625 0.00222235
9.1 43.875 0.00223698
9.3 1.125 0.00216403
9.3 3.375 0.00227193
9.3 5.625 0.00246232
9.3 7.875 0.00220141
9.3 10.125 0.0031484
9.3 12.375 0.00249755
9.3 14.625 0.0020941
9.3 16.875 0.00171356
9.3 19.125 0.00240411
9.3 21.375 0.0021657
9.3 23.625 0.00196435
9.3 25.875 0.00243097
9.3 28.125 0.00270965
9.3 30.375 0.00309974
9.3 32.625 0.00232553
9.3 34.875 0.00221785
9.3 37.125 0.00212199
9.3 39.375 0.00242335
9.3 41.625 0.00264075
9.3 43.875 0.00287345
9.5 1.125 0.00234271
9.5 3.375 0.00216549
9.5 5.625 0.00202825
9.5 7.875 0.00268878
9.5 10.125 0.00271911
9.5 12.375 0.00175326
9.5 14.625 0.00204202
9.5 16.875 0.00185165
9.5 19.125 0.00277221
9.5 21.375 0.00180663
9.5 23.625 0.00253321
9.5 25.875 0.00161604
9.5 28.125 0.0024927
9.5 30.375 0.00218411
9.5 32.625 0.00293298
9.5 34.875 0.00218554
9.5 37.125 0.00204429
9.5 39.375 0.00218036
9.5 41.625 0.00235401
9.5 43.875 0.00209219
9.7 1.125 0.00265497
9.7 3.375 0.00237733
9.7 5.625 0.00146593
9.7 7.875 0.00237031
9.7 10.125 0.00231058
9.7 12.375 0.00203068
9.7 14.625 0.00196607
9.7 16.875 0.002109
9.7 19.125 0.0028902
9.7 21.375 0.00226657
9.7 23.625 0.00226507
9.7 25.875 0.00143165
9.7 28.125 0.002004
9.7 30.375 0.00456998
9.7 32.625 0.00261202
9.7 34.875 0.0018355
9.7 37.125 0.00179684
9.7 39.375 0.00213177
9.7 41.625 0.00219636
9.7 43.875 0.00205143
9.9 1.125 0.00222561
9.9 3.375 0.00189778
9.9 5.625 0.00200731
9.9 7.875 0.00241519
9.9 10.125 0.00206375
9.9 12.375 0.00207046
9.9 14.625 0.00221087
9.9 16.875 0.00190691
9.9 19.125 0.00174693
9.9 21.375 0.00217508
9.9 23.625 0.00268552
9.9 25.875 0.00215439
9.9 28.125 0.0018567
9.9 30.375 0.00233161
9.9 32.625 0.00243335
9.9 34.875 0.00221476
9.9 37.125 0.00170511
9.9 39.375 0.00260251
9.9 41.625 0.00616759
9.9 43.875 0.00223082
10.1 1.125 0.0024276
10.1 3.375 0.00225411
10.1 5.625 0.0019014
10.1 7.875 0.00137254
10.1 10.125 0.0020435
10.1 12.375 0.00274323
10.1 14.625 0.00240103
10.1 16.875 0.00214984
10.1 19.125 0.00235575
10.1 21.375 0.00184112
10.1 23.625 0.00227746
10.1 25.875 0.0017883
10.1 28.125 0.00167796
10.1 30.375 0.0018036
10.1 32.625 0.00209978
10.1 34.875 0.00245765
10.1 37.125 0.00253825
10.1 39.375 0.00246604
10.1 41.625 0.00198584
10.1 43.875 0.00207137
10.3 1.125 0.00249612
10.3 3.375 0.00180933
10.3 5.625 0.00198082
10.3 7.875 0.00206654
10.3 10.125 0.00210465
10.3 12.375 0.0026373
10.3 14.625 0.00216039
10.3 16.875 0.00198743
10.3 19.125 0.00222475
10.3 21.375 0.00228994
10.3 23.625 0.00268469
10.3 25.875 0.00225648
10.3 28.125 0.00242286
10.3 30.375 0.00324297
10.3 32.625 0.00108302
10.3 34.875 0.00223254
10.3 39.375 0.00279684
10.3 41.625 0.00234564
10.3 43.875 0.00176616
10.5 1.125 0.00181019
10.5 5.625 0.00193277
10.5 7.875 0.00331319
10.5 10.125 0.00217997
10.5 12.375 0.0024474
10.5 14.625 0.0027262
10.5 16.875 0.00266088
10.5 19.125 0.0024406
10.5 21.375 0.00227074
10.5 23.625 0.00241497
10.5 25.875 0.00221617
10.5 28.125 0.00191974
10.5 30.375 0.00216927
10.5 32.625 0.00176516
10.5 34.875 0.00179586
10.5 37.125 0.00223375
10.5 39.375 0.0020413
10.5 41.625 0.00244391
10.5 43.875 0.0030743
10.7 1.125 0.00142602
10.7 3.375 0.00202102
10.7 5.625 0.00171138
10.7 7.875 0.00153003
10.7 10.125 0.00400034
10.7 12.375 0.00238005
10.7 14.625 0.0025929
10.7 16.875 0.00230595
10.7 19.125 0.00200177
10.7 21.375 0.00262135
10.7 23.625 0.00263182
10.7 25.875 0.00180418
10.7 28.125 0.00196188
10.7 30.375 0.00209166
10.7 32.625 0.00190517
10.7 34.875 0.00224178
10.7 37.125 0.00174992
10.7 39.375 0.00136496
10.7 41.625 0.00187906
10.7 43.875 0.0016068
10.9 1.125 0.00261484
10.9 3.375 0.00206727
10.9 5.625 0.00210353
10.9 7.875 0.00139457
10.9 10.125 0.00188051
10.9 12.375 0.00260063
10.9 14.625 0.00218982
10.9 16.875 0.00259689
10.9 19.125 0.00217448
10.9 21.375 0.00150744
10.9 23.625 0.00198261
10.9 25.875 0.00209236
10.9 28.125 0.00169843
10.9 30.375 0.00182513
10.9 32.625 0.00188473
10.9 34.875 0.00111078
10.9 37.125 0.00117475
10.9 39.375 0.00246843
10.9 41.625 0.00203185
10.9 43.875 0.00258233
11.1 1.125 0.00227398
11.1 7.875 0.00199396
11.1 10.125 0.00218935
11.1 12.375 0.00172289
11.1 14.625 0.00335268
11.1 16.875 0.00178863
11.1 19.125 0.00190136
11.1 21.375 0.00175629
11.1 23.625 0.00208905
11.1 25.875 0.00241802
11.1 28.125 0.00156303
11.1 30.375 0.00265185
11.1 32.625 0.00178737
11.1 34.875 0.00242422
11.1 37.125 0.00263282
11.1 39.375 0.00146165
11.1 41.625 0.00252402
11.1 43.875 0.00194932
11.3 1.125 0.00207778
11.3 3.375 0.0020719
11.3 5.625 0.0017449
11.3 7.875 0.00164235
11.3 10.125 0.00268661
11.3 12.375 0.00172325
11.3 14.625 0.0018446
11.3 16.875 0.00258653
11.3 19.125 0.00155792
11.3 21.375 0.00138719
11.3 23.625 0.00169237
11.3 25.875 0.00161089
11.3 28.125 0.00194258
11.3 30.375 0.00193511
11.3 32.625 0.00256088
11.3 34.875 0.00153522
11.3 37.125 0.00232187
11.3 39.375 0.00190186
11.3 41.625 0.00232876
11.3 43.875 0.00188246
11.5 1.125 0.00347269
11.5 5.625 0.00284984
11.5 7.875 0.00389049
11.5 10.125 0.0027032
11.5 12.375 0.00206649
11.5 14.625 0.002208
11.5 16.875 0.00378402
11.5 19.125 0.00215059
11.5 21.375 0.00194246
11.5 23.625 0.00210218
11.5 25.875 0.00215133
11.5 28.125 0.00283734
11.5 30.375 0.00175297
11.5 32.625 0.00258509
11.5 34.875 0.00244219
11.5 37.125 0.00293368
11.5 39.375 0.0022262
11.5 41.625 0.0020087
11.5 43.875 0.00101475
11.7 1.125 0.00179772
11.7 5.625 0.00252904
11.7 10.125 0.00260348
11.7 12.375 0.00186563
11.7 14.625 0.00203193
11.7 19.125 0.00162533
11.7 21.375 0.00392912
11.7 23.625 0.00242267
11.7 25.875 0.00301474
11.7 28.125 0.0214081
11.7 30.375 0.00179791
11.7 32.625 0.00212982
11.7 34.875 0.00203753
11.7 37.125 0.00268551
11.7 39.375 0.0032396
11.7 41.625 0.00196047
11.9 1.125 0.00266176
11.9 3.375 0.0015518
11.9 5.625 0.00225732
11.9 7.875 0.00314921
11.9 10.125 0.00225348
11.9 12.375 0.00272411
11.9 14.625 0.00140347
11.9 16.875 0.00182788
11.9 21.375 0.00168643
11.9 23.625 0.00157753
11.9 28.125 0.00229515
11.9 30.375 0.00219084
11.9 32.625 0.00136459
11.9 34.875 0.00232129
11.9 37.125 0.00180316
11.9 39.375 0.00302171
11.9 41.625 0.00183333
12.1 1.125 0.00237005
12.1 3.375 0.0017678
12.1 5.625 0.00246142
12.1 7.875 0.00190782
12.1 10.125 0.0033434
12.1 12.375 0.00270884
12.1 14.625 0.00172202
12.1 16.875 0.00244251
12.1 19.125 0.00157549
12.1 21.375 0.00160806
12.1 23.625 0.00290629
12.1 25.875 0.00235986
12.1 28.125 0.00341686
12.1 32.625 0.00199273
12.1 34.875 0.002012
12.1 37.125 0.00175846
12.1 39.375 0.00166049
12.1 41.625 0.00133559
12.1 43.875 0.00236392
12.3 1.125 0.00195663
12.3 3.375 0.00191082
12.3 5.625 0.00173536
12.3 7.875 0.00224361
12.3 10.125 0.00236556
12.3 12.375 0.00154933
12.3 14.625 0.0018104
12.3 16.875 0.00189322
12.3 19.125 0.00236385
12.3 23.625 0.00324255
12.3 25.875 0.00240716
12.3 28.125 0.00202362
12.3 32.625 0.0016266
12.3 34.875 0.00224783
12.3 37.125 0.00263137
12.3 41.625 0.00189865
12.5 1.125 0.0016524
12.5 5.625 0.0011235
12.5 7.875 0.00166383
12.5 10.125 0.00236329
12.5 12.375 0.0016604
12.5 14.625 0.00189179
12.5 16.875 0.00213229
12.5 19.125 0.00152543
12.5 21.375 0.0017244
12.5 23.625 0.0026304
12.5 25.875 0.00215329
12.5 28.125 0.00187671
12.5 34.875 0.00186
12.5 37.125 0.00233488
12.5 39.375 0.00107907
12.5 41.625 0.00134207
12.5 43.875 0.00115861
12.7 1.125 0.00146993
12.7 3.375 0.00186571
12.7 5.625 0.00247768
12.7 7.875 0.00247322
12.7 10.125 0.0020491
12.7 12.375 0.00150313
12.7 14.625 0.00117486
12.7 16.875 0.00275983
12.7 19.125 0.00245405
12.7 23.625 0.00443377
12.7 25.875 0.00229579
12.7 32.625 0.00200325
12.7 34.875 0.00195645
12.7 37.125 0.00166097
12.7 39.375 0.00238124
12.7 43.875 0.00159937
12.9 3.375 0.00157366
12.9 10.125 0.0030484
12.9 12.375 0.00213083
12.9 14.625 0.00139117
12.9 16.875 0.00316979
12.9 19.125 0.00294956
12.9 21.375 0.00208835
12.9 23.625 0.00164876
12.9 30.375 0.00125139
12.9 37.125 0.00332498
12.9 39.375 0.00320304
12.9 41.625 0.00346937
13.1 1.125 0.00201841
13.1 7.875 0.0021112
13.1 10.125 0.00148119
13.1 12.375 0.00278526
13.1 14.625 0.00286805
13.1 16.875 0.00272189
13.1 19.125 0.00351935
13.1 21.375 0.00238462
13.1 30.375 0.0022366
13.1 37.125 0.00214673
13.1 41.625 0.00288175
13.1 43.875 0.00437657
13.3 16.875 0.00176437
13.3 21.375 0.00193842
13.3 23.625 0.00190431
13.3 25.875 0.00209815
13.3 32.625 0.00138022
13.3 34.875 0.00192493
13.3 41.625 0.00172541
13.3 43.875 0.00202155
13.5 5.625 0.00211546
13.5 7.875 0.001664
13.5 19.125 0.00219483
13.5 21.375 0.00142814
13.5 23.625 0.00124596
13.5 30.375 0.00195878
13.5 37.125 0.00197038
13.5 43.875 0.00243502
13.7 10.125 0.00204027
13.7 12.375 0.00179201
13.7 21.375 0.00326367
13.7 23.625 0.00164506
13.7 25.875 0.00407235
13.7 28.125 0.00143595
13.7 30.375 0.00168314
13.7 32.625 0.00178282
13.7 43.875 0.00430498
13.9 1.125 0.00227734
13.9 16.875 0.00273317
13.9 21.375 0.00232314
13.9 23.625 0.00268062
13.9 25.875 0.00353251
13.9 28.125 0.00182006
13.9 32.625 0.0017566
