0.1 3.375 0.55249
0.1 5.625 0.610903
0.1 7.875 0.552597
0.1 10.125 0.571786
0.1 12.375 0.559789
0.1 14.625 0.578646
0.1 16.875 0.637258
0.1 19.125 0.633717
0.1 21.375 0.657437
0.1 23.625 0.64494
0.1 28.125 0.642272
0.1 30.375 0.639643
0.1 32.625 0.685538
0.1 34.875 0.556339
0.1 37.125 0.653995
0.1 39.375 0.574068
0.1 41.625 0.545086
0.1 43.875 0.606358
0.3 1.125 0.600002
0.3 3.375 0.58184
0.3 5.625 0.634653
0.3 7.875 0.610105
0.3 10.125 0.685875
0.3 12.375 0.671726
0.3 14.625 0.626619
0.3 16.875 0.63415
0.3 19.125 0.60957
0.3 21.375 0.674198
0.3 23.625 0.536021
0.3 25.875 0.636207
0.3 28.125 0.589901
0.3 30.375 0.645311
0.3 32.625 0.608209
0.3 34.875 0.593963
0.3 37.125 0.63582
0.3 39.375 0.446416
0.3 41.625 0.686882
0.3 43.875 0.552499
0.5 1.125 0.620433
0.5 3.375 0.664037
0.5 5.625 0.646854
0.5 7.875 0.6961
0.5 10.125 0.658921
0.5 12.375 0.660348
0.5 14.625 0.639353
0.5 16.875 0.656809
0.5 19.125 0.690333
0.5 21.375 0.616318
0.5 23.625 0.597031
0.5 25.875 0.539189
0.5 28.125 0.600279
0.5 30.375 0.624579
0.5 32.625 0.662601
0.5 34.875 0.636403
0.5 37.125 0.648338
0.5 39.375 0.623326
0.5 41.625 0.600075
0.5 43.875 0.577054
0.7 1.125 0.584777
0.7 3.375 0.595759
0.7 5.625 0.591505
0.7 7.875 0.612333
0.7 10.125 0.597745
0.7 12.375 0.595924
0.7 14.625 0.606045
0.7 16.875 0.581214
0.7 19.125 0.578172
0.7 21.375 0.548316
0.7 23.625 0.568364
0.7 25.875 0.622225
0.7 28.125 0.563771
0.7 30.375 0.561695
0.7 32.625 0.599943
0.7 34.875 0.613495
0.7 37.125 0.600203
0.7 39.375 0.579921
0.7 41.625 0.602274
0.7 43.875 0.64565
0.9 1.125 0.474439
0.9 3.375 0.522744
0.9 5.625 0.524825
0.9 7.875 0.513353
0.9 10.125 0.518152
0.9 12.375 0.503207
0.9 14.625 0.534627
0.9 16.875 0.494126
0.9 19.125 0.450511
0.9 21.375 0.523791
0.9 23.625 0.540498
0.9 25.875 0.463077
0.9 28.125 0.490909
0.9 30.375 0.565009
0.9 32.625 0.506905
0.9 34.875 0.53059
0.9 37.125 0.491022
0.9 39.375 0.52037
0.9 41.625 0.595454
0.9 43.875 0.497376
1.1 1.125 0.379713
1.1 3.375 0.373886
1.1 5.625 0.377465
1.1 7.875 0.387162
1.1 10.125 0.39071
1.1 12.375 0.38337
1.1 14.625 0.429039
1.1 16.875 0.355389
1.1 19.125 0.440725
1.1 21.375 0.375278
1.1 23.625 0.421328
1.1 25.875 0.417395
1.1 28.125 0.425476
1.1 30.375 0.464728
1.1 32.625 0.447267
1.1 34.875 0.45536
1.1 37.125 0.450721
1.1 39.375 0.473068
1.1 41.625 0.45916
1.1 43.875 0.451138
1.3 1.125 0.257511
1.3 3.375 0.245435
1.3 5.625 0.246912
1.3 7.875 0.270897
1.3 10.125 0.263729
1.3 12.375 0.272195
1.3 14.625 0.271232
1.3 16.875 0.29485
1.3 19.125 0.310307
1.3 21.375 0.276899
1.3 23.625 0.301197
1.3 25.875 0.290057
1.3 28.125 0.289208
1.3 30.375 0.275137
1.3 32.625 0.346594
1.3 34.875 0.341622
1.3 37.125 0.36034
1.3 39.375 0.346521
1.3 41.625 0.368512
1.3 43.875 0.333936
1.5 1.125 0.129484
1.5 3.375 0.156011
1.5 5.625 0.15195
1.5 7.875 0.162529
1.5 10.125 0.159774
1.5 12.375 0.158853
1.5 14.625 0.162705
1.5 16.875 0.204268
1.5 19.125 0.197153
1.5 21.375 0.180472
1.5 23.625 0.175768
1.5 25.875 0.216001
1.5 28.125 0.211287
1.5 30.375 0.213827
1.5 32.625 0.218652
1.5 34.875 0.222906
1.5 37.125 0.228354
1.5 39.375 0.241291
1.5 41.625 0.248568
1.5 43.875 0.250309
1.7 1.125 0.0807035
1.7 3.375 0.0935355
1.7 5.625 0.101778
1.7 7.875 0.103486
1.7 10.125 0.0975761
1.7 12.375 0.0999831
1.7 14.625 0.104751
1.7 16.875 0.11401
1.7 19.125 0.105647
1.7 21.375 0.103047
1.7 23.625 0.106202
1.7 25.875 0.136993
1.7 28.125 0.127993
1.7 30.375 0.132665
1.7 32.625 0.15494
1.7 34.875 0.126558
1.7 37.125 0.157757
1.7 39.375 0.135911
1.7 41.625 0.141125
1.7 43.875 0.165957
1.9 1.125 0.0559278
1.9 3.375 0.0660753
1.9 5.625 0.0737485
1.9 7.875 0.0623689
1.9 10.125 0.0639217
1.9 12.375 0.0625209
1.9 14.625 0.0671685
1.9 16.875 0.0641449
1.9 19.125 0.0679995
1.9 21.375 0.0656764
1.9 23.625 0.0833228
1.9 25.875 0.0790248
1.9 28.125 0.0809863
1.9 30.375 0.0835264
1.9 32.625 0.0829704
1.9 34.875 0.0866217
1.9 37.125 0.0887134
1.9 39.375 0.0918062
1.9 41.625 0.106816
1.9 43.875 0.104094
2.1 1.125 0.0423017
2.1 3.375 0.0401081
2.1 5.625 0.0506301
2.1 7.875 0.0416809
2.1 10.125 0.0505392
2.1 12.375 0.0406357
2.1 14.625 0.0397594
2.1 16.875 0.0431862
2.1 19.125 0.0451301
2.1 21.375 0.0427753
2.1 23.625 0.0503982
2.1 25.875 0.0638511
2.1 28.125 0.0559694
2.1 30.375 0.0526843
2.1 32.625 0.06507
2.1 34.875 0.0593135
2.1 37.125 0.0590462
2.1 39.375 0.0578201
2.1 41.625 0.0602151
2.1 43.875 0.0572169
2.3 1.125 0.0273627
2.3 3.375 0.0279514
2.3 5.625 0.0444204
2.3 7.875 0.0259431
2.3 10.125 0.026836
2.3 12.375 0.0267175
2.3 14.625 0.0310028
2.3 16.875 0.031684
2.3 19.125 0.0291962
2.3 21.375 0.0275686
2.3 23.625 0.0298305
2.3 25.875 0.0381425
2.3 28.125 0.0285683
2.3 30.375 0.0390256
2.3 32.625 0.0393302
2.3 34.875 0.0434588
2.3 37.125 0.0397388
2.3 39.375 0.038897
2.3 41.625 0.0430678
2.3 43.875 0.0459037
2.5 1.125 0.0360855
2.5 3.375 0.0283825
2.5 5.625 0.0230162
2.5 7.875 0.0202782
2.5 10.125 0.0197571
2.5 12.375 0.0202848
2.5 14.625 0.0213469
2.5 16.875 0.0183316
2.5 19.125 0.0197892
2.5 21.375 0.0241307
2.5 23.625 0.0208689
2.5 25.875 0.0191737
2.5 28.125 0.0237103
2.5 30.375 0.0252861
2.5 32.625 0.0244108
2.5 34.875 0.0260985
2.5 37.125 0.0239001
2.5 39.375 0.0251374
2.5 41.625 0.0272334
2.5 43.875 0.0268556
2.7 1.125 0.0220329
2.7 3.375 0.0205566
2.7 5.625 0.0235802
2.7 7.875 0.0181092
2.7 10.125 0.0207539
2.7 12.375 0.0162165
2.7 14.625 0.0245539
2.7 16.875 0.019858
2.7 19.125 0.0153444
2.7 21.375 0.0185848
2.7 23.625 0.0171336
2.7 25.875 0.0173558
2.7 28.125 0.0184868
2.7 30.375 0.0181881
2.7 32.625 0.0181165
2.7 34.875 0.0190966
2.7 37.125 0.0191745
2.7 39.375 0.0182946
2.7 41.625 0.0207739
2.7 43.875 0.0183463
2.9 1.125 0.0170737
2.9 3.375 0.0189587
2.9 5.625 0.0172523
2.9 7.875 0.0188457
2.9 10.125 0.0165375
2.9 12.375 0.01627
2.9 14.625 0.0164413
2.9 16.875 0.0130985
2.9 19.125 0.0159536
2.9 21.375 0.0183909
2.9 23.625 0.01753
2.9 25.875 0.0141736
2.9 28.125 0.0170811
2.9 30.375 0.0130546
2.9 32.625 0.0147911
2.9 34.875 0.0139349
2.9 37.125 0.0178496
2.9 39.375 0.016825
2.9 41.625 0.016069
2.9 43.875 0.0151659
3.1 1.125 0.0177292
3.1 3.375 0.0157992
3.1 5.625 0.0129643
3.1 7.875 0.0164421
3.1 10.125 0.0133341
3.1 12.375 0.0144591
3.1 14.625 0.0166424
3.1 16.875 0.0143868
3.1 19.125 0.0127917
3.1 21.375 0.0191637
3.1 23.625 0.0141262
3.1 25.875 0.0125467
3.1 28.125 0.0121356
3.1 30.375 0.0136581
3.1 32.625 0.016278
3.1 34.875 0.0131142
3.1 37.125 0.013833
3.1 39.375 0.0138871
3.1 41.625 0.0128884
3.1 43.875 0.0121874
3.3 1.125 0.0139354
3.3 3.375 0.013981
3.3 5.625 0.0179757
3.3 7.875 0.012709
3.3 10.125 0.0126426
3.3 12.375 0.0164036
3.3 14.625 0.013315
3.3 16.875 0.0134921
3.3 19.125 0.0162034
3.3 21.375 0.0163685
3.3 23.625 0.0141649
3.3 25.875 0.010205
3.3 28.125 0.0141992
3.3 30.375 0.0104084
3.3 32.625 0.0118574
3.3 34.875 0.0105881
3.3 37.125 0.012421
3.3 39.375 0.0111694
3.3 41.625 0.0126884
3.3 43.875 0.0108289
3.5 1.125 0.0145125
3.5 3.375 0.0121595
3.5 5.625 0.0125792
3.5 7.875 0.0137751
3.5 10.125 0.0134608
3.5 12.375 0.0103613
3.5 14.625 0.0104102
3.5 16.875 0.0138766
3.5 19.125 0.0119492
3.5 21.375 0.0113845
3.5 23.625 0.010457
3.5 25.875 0.00990183
3.5 28.125 0.0131137
3.5 30.375 0.0156151
3.5 32.625 0.0108255
3.5 34.875 0.0101823
3.5 37.125 0.0102415
3.5 39.375 0.0106064
3.5 41.625 0.00888714
3.5 43.875 0.0108362
3.7 1.125 0.0122172
3.7 3.375 0.0121239
3.7 5.625 0.0163992
3.7 7.875 0.0114595
3.7 10.125 0.0127362
3.7 12.375 0.0138362
3.7 14.625 0.0114011
3.7 16.875 0.0127701
3.7 19.125 0.0104753
3.7 21.375 0.00927703
3.7 23.625 0.0107641
3.7 25.875 0.0105267
3.7 28.125 0.0112604
3.7 30.375 0.0101522
3.7 32.625 0.0104792
3.7 34.875 0.0111569
3.7 37.125 0.00908411
3.7 39.375 0.00991574
3.7 41.625 0.00826972
3.7 43.875 0.00918413
3.9 1.125 0.00890824
3.9 3.375 0.011402
3.9 5.625 0.01583
3.9 7.875 0.00974697
3.9 10.125 0.0124093
3.9 12.375 0.0161699
3.9 14.625 0.0113173
3.9 16.875 0.0129342
3.9 19.125 0.00882184
3.9 21.375 0.0123026
3.9 23.625 0.00970661
3.9 25.875 0.0087733
3.9 28.125 0.0144389
3.9 30.375 0.0114687
3.9 32.625 0.00864494
3.9 34.875 0.00853663
3.9 37.125 0.00834889
3.9 39.375 0.00835152
3.9 41.625 0.00872794
3.9 43.875 0.00914451
4.1 1.125 0.013643
4.1 3.375 0.0101154
4.1 5.625 0.0107525
4.1 7.875 0.0120825
4.1 10.125 0.014882
4.1 12.375 0.00854338
4.1 14.625 0.0100611
4.1 16.875 0.00970806
4.1 19.125 0.0108713
4.1 21.375 0.0122683
4.1 23.625 0.00979438
4.1 25.875 0.00984879
4.1 28.125 0.00982273
4.1 30.375 0.00921556
4.1 32.625 0.00807499
4.1 34.875 0.00790681
4.1 37.125 0.00739982
4.1 39.375 0.00969503
4.1 41.625 0.00867575
4.1 43.875 0.00777295
4.3 1.125 0.0089376
4.3 3.375 0.00918703
4.3 5.625 0.0221712
4.3 7.875 0.00979916
4.3 10.125 0.00786102
4.3 12.375 0.0085027
4.3 14.625 0.00944741
4.3 16.875 0.00930675
4.3 19.125 0.00855226
4.3 21.375 0.0096627
4.3 23.625 0.00916636
4.3 25.875 0.00832993
4.3 28.125 0.00841116
4.3 30.375 0.00888987
4.3 32.625 0.00868107
4.3 34.875 0.00749572
4.3 37.125 0.00738867
4.3 39.375 0.00671087
4.3 41.625 0.00819926
4.3 43.875 0.00886544
4.5 1.125 0.0100846
4.5 3.375 0.00812778
4.5 5.625 0.0107758
4.5 7.875 0.00921564
4.5 10.125 0.00846728
4.5 12.375 0.00844583
4.5 14.625 0.0103093
4.5 16.875 0.0109093
4.5 19.125 0.00664174
4.5 21.375 0.00700742
4.5 23.625 0.0073019
4.5 25.875 0.00726994
4.5 28.125 0.00850531
4.5 30.375 0.0109767
4.5 32.625 0.00807685
4.5 34.875 0.0069303
4.5 37.125 0.00601824
4.5 39.375 0.00890273
4.5 41.625 0.00712014
4.5 43.875 0.00822391
4.7 1.125 0.00752171
4.7 3.375 0.0112461
4.7 5.625 0.0175428
4.7 7.875 0.021438
4.7 10.125 0.0081142
4.7 12.375 0.00842654
4.7 14.625 0.00649576
4.7 16.875 0.0083759
4.7 19.125 0.0104585
4.7 21.375 0.0076578
4.7 23.625 0.00752083
4.7 25.875 0.00802732
4.7 28.125 0.0097457
4.7 30.375 0.014345
4.7 32.625 0.00772704
4.7 34.875 0.00603707
4.7 37.125 0.00819371
4.7 39.375 0.00621307
4.7 41.625 0.00690218
4.7 43.875 0.00876845
4.9 1.125 0.0119262
4.9 3.375 0.00891059
4.9 5.625 0.019004
4.9 7.875 0.00764922
4.9 10.125 0.0157214
4.9 12.375 0.00775914
4.9 14.625 0.00872921
4.9 16.875 0.00983757
4.9 19.125 0.00793601
4.9 21.375 0.00802498
4.9 23.625 0.00682241
4.9 25.875 0.0147556
4.9 28.125 0.00964288
4.9 30.375 0.00714083
4.9 32.625 0.00661632
4.9 34.875 0.00600812
4.9 37.125 0.00680887
4.9 39.375 0.00692407
4.9 41.625 0.00724504
4.9 43.875 0.00810508
5.1 1.125 0.016023
5.1 3.375 0.0431272
5.1 5.625 0.0270822
5.1 7.875 0.00862631
5.1 10.125 0.00977765
5.1 12.375 0.00718905
5.1 14.625 0.0156984
5.1 16.875 0.00722845
5.1 19.125 0.0148133
5.1 21.375 0.0073524
5.1 23.625 0.00826866
5.1 25.875 0.00669426
5.1 28.125 0.00802045
5.1 30.375 0.00635689
5.1 32.625 0.00604012
5.1 34.875 0.00675056
5.1 37.125 0.00664977
5.1 39.375 0.00678079
5.1 41.625 0.00577095
5.1 43.875 0.00635104
5.3 1.125 0.0206903
5.3 3.375 0.00963806
5.3 5.625 0.00742248
5.3 7.875 0.0160324
5.3 10.125 0.0244744
5.3 12.375 0.00664367
5.3 14.625 0.00743241
5.3 16.875 0.0065288
5.3 19.125 0.0157971
5.3 21.375 0.00650824
5.3 23.625 0.00865999
5.3 25.875 0.0109678
5.3 28.125 0.00607439
5.3 30.375 0.00661603
5.3 32.625 0.00729641
5.3 34.875 0.00746977
5.3 37.125 0.00695048
5.3 39.375 0.00689833
5.3 41.625 0.00554468
5.3 43.875 0.00609199
5.5 1.125 0.0167656
5.5 3.375 0.00817548
5.5 5.625 0.00773798
5.5 7.875 0.0192661
5.5 10.125 0.00919938
5.5 12.375 0.0244341
5.5 14.625 0.00758651
5.5 16.875 0.0104712
5.5 19.125 0.00502405
5.5 21.375 0.00754929
5.5 23.625 0.0196654
5.5 25.875 0.00683564
5.5 28.125 0.00695266
5.5 30.375 0.0083395
5.5 32.625 0.00596977
5.5 34.875 0.00641017
5.5 37.125 0.00684305
5.5 39.375 0.00607055
5.5 41.625 0.00622783
5.5 43.875 0.0166986
5.7 1.125 0.00844666
5.7 3.375 0.00797321
5.7 5.625 0.0197585
5.7 7.875 0.00806573
5.7 10.125 0.00877669
5.7 12.375 0.017243
5.7 14.625 0.0170918
5.7 16.875 0.00641947
5.7 19.125 0.00772792
5.7 21.375 0.00651795
5.7 23.625 0.00857033
5.7 25.875 0.00914835
5.7 28.125 0.00810345
5.7 30.375 0.00920151
5.7 32.625 0.0168594
5.7 34.875 0.00648542
5.7 37.125 0.005797
5.7 39.375 0.00690444
5.7 41.625 0.00624546
5.7 43.875 0.00609689
5.9 1.125 0.00822183
5.9 3.375 0.00948983
5.9 5.625 0.0225706
5.9 7.875 0.0335904
5.9 10.125 0.0204984
5.9 12.375 0.00667136
5.9 14.625 0.0122938
5.9 16.875 0.0104329
5.9 19.125 0.00716288
5.9 21.375 0.00681383
5.9 23.625 0.0229746
5.9 25.875 0.00786651
5.9 28.125 0.0067233
5.9 30.375 0.00771745
5.9 32.625 0.00683598
5.9 34.875 0.00463395
5.9 37.125 0.00703064
5.9 39.375 0.00625886
5.9 41.625 0.00591121
5.9 43.875 0.00582458
6.1 1.125 0.0119865
6.1 3.375 0.0071124
6.1 5.625 0.00983569
6.1 7.875 0.00593684
6.1 10.125 0.00556458
6.1 12.375 0.00701048
6.1 14.625 0.00844072
6.1 16.875 0.00822565
6.1 19.125 0.00810803
6.1 21.375 0.00722812
6.1 23.625 0.00753388
6.1 25.875 0.00804477
6.1 28.125 0.00624618
6.1 30.375 0.00829741
6.1 32.625 0.00592423
6.1 34.875 0.00727053
6.1 37.125 0.00584669
6.1 39.375 0.006924
6.1 41.625 0.00560478
6.1 43.875 0.00645866
6.3 1.125 0.0113779
6.3 3.375 0.0118021
6.3 5.625 0.00747442
6.3 7.875 0.00584395
6.3 10.125 0.00513556
6.3 12.375 0.010048
6.3 14.625 0.0110671
6.3 16.875 0.0131261
6.3 19.125 0.00690594
6.3 21.375 0.0231576
6.3 23.625 0.00517513
6.3 25.875 0.00614571
6.3 28.125 0.00553705
6.3 30.375 0.00712085
6.3 32.625 0.00903115
6.3 34.875 0.00580278
6.3 37.125 0.00536323
6.3 39.375 0.00669701
6.3 41.625 0.00515439
6.3 43.875 0.00550665
6.5 1.125 0.00755075
6.5 3.375 0.0088503
6.5 5.625 0.00575015
6.5 7.875 0.00827475
6.5 10.125 0.00725803
6.5 12.375 0.0076341
6.5 14.625 0.00802692
6.5 16.875 0.00752021
6.5 19.125 0.0061804
6.5 21.375 0.0315026
6.5 23.625 0.0132211
6.5 25.875 0.00736385
6.5 28.125 0.00650819
6.5 30.375 0.00566318
6.5 32.625 0.0137307
6.5 34.875 0.0063208
6.5 37.125 0.005724
6.5 39.375 0.00730126
6.5 41.625 0.00752791
6.5 43.875 0.00923694
6.7 1.125 0.0081219
6.7 3.375 0.00836163
6.7 5.625 0.0086889
6.7 7.875 0.0086146
6.7 10.125 0.00683368
6.7 12.375 0.00870348
6.7 14.625 0.00823152
6.7 16.875 0.00620577
6.7 19.125 0.00522223
6.7 21.375 0.00687369
6.7 23.625 0.00747191
6.7 25.875 0.032766
6.7 28.125 0.00652895
6.7 30.375 0.0055547
6.7 32.625 0.00605202
6.7 34.875 0.00506785
6.7 37.125 0.00563089
6.7 39.375 0.0054561
6.7 41.625 0.00587759
6.7 43.875 0.0049993
6.9 1.125 0.0106589
6.9 3.375 0.00833618
6.9 5.625 0.0064551
6.9 7.875 0.0153907
6.9 10.125 0.0107598
6.9 12.375 0.0133444
6.9 14.625 0.00451654
6.9 16.875 0.0072276
6.9 19.125 0.00824486
6.9 21.375 0.00665986
6.9 23.625 0.00661184
6.9 25.875 0.00652291
6.9 28.125 0.00550501
6.9 30.375 0.00765346
6.9 32.625 0.00538923
6.9 34.875 0.00487156
6.9 37.125 0.00515819
6.9 39.375 0.00703823
6.9 41.625 0.00656252
6.9 43.875 0.00580407
7.1 1.125 0.00979352
7.1 3.375 0.00673871
7.1 5.625 0.00945863
7.1 7.875 0.0135327
7.1 10.125 0.00747762
7.1 12.375 0.0060739
7.1 14.625 0.00673787
7.1 16.875 0.00494678
7.1 19.125 0.010461
7.1 21.375 0.0051037
7.1 23.625 0.00538703
7.1 25.875 0.00641794
7.1 28.125 0.00385424
7.1 30.375 0.00588671
7.1 32.625 0.0051405
7.1 34.875 0.0111456
7.1 37.125 0.00597198
7.1 39.375 0.00561056
7.1 41.625 0.00483593
7.1 43.875 0.00576011
7.3 1.125 0.0264295
7.3 3.375 0.0246166
7.3 5.625 0.0328139
7.3 7.875 0.00697486
7.3 10.125 0.00760207
7.3 12.375 0.00966303
7.3 14.625 0.0067302
7.3 16.875 0.00899385
7.3 19.125 0.00776342
7.3 21.375 0.0175814
7.3 23.625 0.00437065
7.3 25.875 0.00427219
7.3 28.125 0.00434953
7.3 30.375 0.00462464
7.3 32.625 0.00656517
7.3 34.875 0.00487629
7.3 37.125 0.00577078
7.3 39.375 0.0057946
7.3 41.625 0.00768204
7.3 43.875 0.00722691
7.5 1.125 0.00994558
7.5 3.375 0.00644064
7.5 5.625 0.00725996
7.5 7.875 0.0069478
7.5 10.125 0.00554747
7.5 12.375 0.00638093
7.5 14.625 0.00888038
7.5 16.875 0.00857692
7.5 19.125 0.00531013
7.5 21.375 0.00641898
7.5 23.625 0.00644984
7.5 25.875 0.00514668
7.5 28.125 0.0065163
7.5 30.375 0.0222171
7.5 32.625 0.00440222
7.5 34.875 0.00678941
7.5 37.125 0.00933093
7.5 39.375 0.00570909
7.5 41.625 0.00477255
7.5 43.875 0.00542637
7.7 1.125 0.0143657
7.7 3.375 0.0162311
7.7 5.625 0.00615342
7.7 7.875 0.0269096
7.7 10.125 0.00936536
7.7 12.375 0.0118107
7.7 14.625 0.00577024
7.7 16.875 0.00523321
7.7 19.125 0.00657271
7.7 21.375 0.00796662
7.7 23.625 0.00692152
7.7 25.875 0.00487336
7.7 28.125 0.00798955
7.7 30.375 0.00695176
7.7 32.625 0.00543629
7.7 34.875 0.00504383
7.7 37.125 0.00667002
7.7 39.375 0.00800341
7.7 41.625 0.00419579
7.7 43.875 0.00561081
7.9 1.125 0.00850754
7.9 3.375 0.00989323
7.9 5.625 0.00750613
7.9 7.875 0.0303478
7.9 10.125 0.00562107
7.9 12.375 0.0107544
7.9 14.625 0.0120165
7.9 16.875 0.00523133
7.9 19.125 0.00610077
7.9 21.375 0.00984545
7.9 23.625 0.00592918
7.9 25.875 0.00687724
7.9 28.125 0.00564672
7.9 30.375 0.0067958
7.9 32.625 0.0050226
7.9 34.875 0.0052148
7.9 37.125 0.0346592
7.9 39.375 0.00497238
7.9 41.625 0.00348296
7.9 43.875 0.00636398
8.1 1.125 0.00868464
8.1 3.375 0.0538228
8.1 5.625 0.0117265
8.1 7.875 0.00690364
8.1 10.125 0.00559483
8.1 12.375 0.00474594
8.1 14.625 0.00663752
8.1 16.875 0.00758346
8.1 19.125 0.0076168
8.1 21.375 0.0059732
8.1 23.625 0.00619942
8.1 25.875 0.00991674
8.1 28.125 0.00773265
8.1 30.375 0.00527304
8.1 32.625 0.00527893
8.1 34.875 0.0103054
8.1 37.125 0.00544566
8.1 39.375 0.00565046
8.1 41.625 0.0074783
8.1 43.875 0.00536714
8.3 1.125 0.00885615
8.3 3.375 0.00900475
8.3 5.625 0.0464175
8.3 7.875 0.0226178
8.3 10.125 0.00405008
8.3 12.375 0.00586662
8.3 14.625 0.01092
8.3 16.875 0.043168
8.3 19.125 0.00391705
8.3 21.375 0.00461371
8.3 23.625 0.00648635
8.3 25.875 0.00644634
8.3 28.125 0.00422541
8.3 30.375 0.00476413
8.3 32.625 0.0379335
8.3 34.875 0.00499529
8.3 37.125 0.00433575
8.3 39.375 0.00659716
8.3 43.875 0.00494372
8.5 1.125 0.0189686
8.5 3.375 0.00573787
8.5 5.625 0.00476477
8.5 7.875 0.0167902
8.5 10.125 0.0168461
8.5 12.375 0.00794311
8.5 14.625 0.00566859
8.5 16.875 0.0189945
8.5 19.125 0.00759918
8.5 21.375 0.00688725
8.5 23.625 0.0123904
8.5 25.875 0.0074248
8.5 28.125 0.00720857
8.5 30.375 0.00796745
8.5 32.625 0.00384977
8.5 34.875 0.00534702
8.5 37.125 0.00475713
8.5 41.625 0.00853314
8.7 1.125 0.00483123
8.7 3.375 0.0103738
8.7 5.625 0.00662058
8.7 7.875 0.0118907
8.7 10.125 0.00889418
8.7 12.375 0.0196735
8.7 14.625 0.0138987
8.7 16.875 0.00591043
8.7 19.125 0.0129839
8.7 21.375 0.0121984
8.7 23.625 0.00614051
8.7 25.875 0.00403994
8.7 28.125 0.00556165
8.7 30.375 0.00712405
8.7 32.625 0.00562298
8.7 37.125 0.00430703
8.7 39.375 0.00623563
8.7 41.625 0.00654847
8.7 43.875 0.00537605
8.9 1.125 0.00897401
8.9 3.375 0.00949115
8.9 5.625 0.013681
8.9 7.875 0.00599239
8.9 10.125 0.00464259
8.9 12.375 0.0045458
8.9 14.625 0.00427293
8.9 19.125 0.0297773
8.9 21.375 0.00692668
8.9 23.625 0.00553962
8.9 28.125 0.00846866
8.9 30.375 0.00599582
8.9 32.625 0.00459515
8.9 34.875 0.00605807
8.9 37.125 0.00551166
8.9 39.375 0.00444306
8.9 41.625 0.00726692
9.1 1.125 0.00513533
9.1 3.375 0.00931539
9.1 5.625 0.00996983
9.1 7.875 0.0948023
9.1 10.125 0.00472427
9.1 12.375 0.0104194
9.1 14.625 0.00873554
9.1 19.125 0.0111612
9.1 21.375 0.00669304
9.1 23.625 0.0067081
9.1 25.875 0.00564156
9.1 28.125 0.00965156
9.1 32.625 0.00480689
9.1 34.875 0.00468875
9.1 37.125 0.00430147
9.1 39.375 0.00712091
9.1 41.625 0.00604359
9.1 43.875 0.00560921
9.3 1.125 0.0206101
9.3 3.375 0.00686161
9.3 5.625 0.0190259
9.3 7.875 0.00564965
9.3 10.125 0.0239485
9.3 12.375 0.00345312
9.3 14.625 0.0599215
9.3 16.875 0.00513077
9.3 21.375 0.00461067
9.3 23.625 0.00792093
9.3 25.875 0.0134974
9.3 32.625 0.0063253
9.3 34.875 0.00474585
9.3 37.125 0.00509099
9.3 41.625 0.00493118
9.3 43.875 0.00598913
9.5 1.125 0.0053213
9.5 3.375 0.00825534
9.5 5.625 0.0169937
9.5 7.875 0.0146146
9.5 10.125 0.0158519
9.5 12.375 0.0457622
9.5 14.625 0.00937598
9.5 16.875 0.00451072
9.5 19.125 0.011697
9.5 23.625 0.0041332
9.5 25.875 0.00785845
9.5 28.125 0.00508839
9.5 30.375 0.00940366
9.5 34.875 0.00575859
9.5 37.125 0.00888244
9.5 39.375 0.00610133
9.5 41.625 0.0635445
9.5 43.875 0.00508348
9.7 1.125 0.0128379
9.7 3.375 0.0383656
9.7 5.625 0.0273232
9.7 7.875 0.00773991
9.7 12.375 0.0043445
9.7 14.625 0.00361468
9.7 16.875 0.00580884
9.7 19.125 0.00440291
9.7 21.375 0.00451096
9.7 23.625 0.004939
9.7 25.875 0.00460597
9.7 28.125 0.00816286
9.7 34.875 0.00493812
9.7 37.125 0.00480379
9.7 39.375 0.00709548
9.7 43.875 0.00504677
9.9 1.125 0.0310395
9.9 3.375 0.0128492
9.9 5.625 0.0117786
9.9 7.875 0.0041015
9.9 10.125 0.0119365
9.9 12.375 0.00691331
9.9 19.125 0.00481875
9.9 23.625 0.00421884
9.9 30.375 0.01659
9.9 32.625 0.00514165
9.9 39.375 0.00604966
9.9 41.625 0.00531236
9.9 43.875 0.00460289
10.1 1.125 0.0368637
10.1 3.375 0.00829687
10.1 5.625 0.0152453
10.1 7.875 0.00548626
10.1 10.125 0.0280911
10.1 16.875 0.00872031
10.1 19.125 0.00930806
10.1 23.625 0.00467242
10.1 30.375 0.00472908
10.1 32.625 0.00608789
10.1 39.375 0.00852392
10.1 43.875 0.00436192
10.3 3.375 0.0160276
10.3 5.625 0.0206767
10.3 7.875 0.0125732
10.3 10.125 0.0100127
10.3 12.375 0.00466142
10.3 16.875 0.00726833
10.3 19.125 0.00664028
10.3 21.375 0.0134314
10.3 23.625 0.00682111
10.3 25.875 0.00589709
10.3 39.375 0.00384452
10.5 1.125 0.0593852
10.5 5.625 0.0138863
10.5 7.875 0.0152213
10.5 10.125 0.00861793
10.5 14.625 0.00667122
10.5 16.875 0.00420877
10.5 19.125 0.0238079
10.5 32.625 0.00693952
10.7 1.125 0.0330775
10.7 3.375 0.0129936
10.7 5.625 0.036177
10.7 10.125 0.0051659
10.7 12.375 0.0156137
10.7 16.875 0.0123992
10.7 21.375 0.00483184
10.7 23.625 0.00939165
10.7 25.875 0.00536371
10.9 1.125 0.0158819
10.9 12.375 0.0118767
10.9 23.625 0.00558838
11.1 1.125 0.0108116
11.1 7.875 0.0423985
11.1 10.125 0.0106266
11.1 14.625 0.00658572
11.1 16.875 0.0166284
11.1 28.125 0.0326592
11.1 43.875 0.00537722
11.3 1.125 0.0761244
11.3 3.375 0.0956766
11.3 10.125 0.00523955
11.3 16.875 0.00466621
11.3 21.375 0.00477214
11.3 23.625 0.0100159
11.3 28.125 0.0164362
11.3 30.375 0.00717775
11.3 34.875 0.0102886
11.3 39.375 0.00495933
11.5 3.375 0.0890856
11.5 5.625 0.0366382
11.5 12.375 0.0094956
11.5 14.625 0.00779524
11.5 23.625 0.0065454
11.5 37.125 0.0124344
11.7 7.875 0.00723407
11.7 25.875 0.00502122
11.9 5.625 0.0417732
11.9 7.875 0.0287785
11.9 10.125 0.00392752
11.9 14.625 0.0429667
11.9 30.375 0.00675648
12.1 1.125 0.00530482
12.1 5.625 0.0103781
12.3 3.375 0.0135381
12.3 5.625 0.00545542
12.3 37.125 0.0143186
12.5 1.125 0.0144699
12.5 12.375 0.00832324
12.7 7.875 0.0148961
12.7 16.875 0.00946909
12.9 3.375 0.0222894
12.9 7.875 0.0115364
12.9 14.625 0.128431
12.9 16.875 0.00458544
13.3 7.875 0.0354107
13.3 28.125 0.00633884
13.5 1.125 0.0448802
13.5 25.875 0.00788933
13.9 3.375 0.0254009
13.9 7.875 0.00869895
13.9 10.125 0.00603711
