0.1 1.125 0.423868
0.1 3.375 0.422701
0.1 5.625 0.413075
0.1 7.875 0.410187
0.1 10.125 0.413317
0.1 12.375 0.425778
0.1 14.625 0.408057
0.1 16.875 0.41323
0.1 19.125 0.409892
0.1 21.375 0.408181
0.1 23.625 0.423339
0.1 25.875 0.410699
0.1 28.125 0.4133
0.1 30.375 0.405211
0.1 32.625 0.423711
0.1 34.875 0.380855
0.1 37.125 0.424106
0.1 39.375 0.427466
0.1 41.625 0.427718
0.1 43.875 0.429675
0.3 1.125 0.412268
0.3 3.375 0.404671
0.3 5.625 0.407062
0.3 7.875 0.413511
0.3 10.125 0.412169
0.3 12.375 0.403142
0.3 14.625 0.408626
0.3 16.875 0.402038
0.3 19.125 0.406314
0.3 21.375 0.395194
0.3 23.625 0.404368
0.3 25.875 0.405858
0.3 28.125 0.403578
0.3 30.375 0.403238
0.3 32.625 0.411436
0.3 34.875 0.414344
0.3 37.125 0.405533
0.3 39.375 0.406226
0.3 41.625 0.400066
0.3 43.875 0.409961
0.5 1.125 0.394505
0.5 3.375 0.392591
0.5 5.625 0.398899
0.5 7.875 0.393031
0.5 10.125 0.393885
0.5 12.375 0.393528
0.5 14.625 0.393422
0.5 16.875 0.391901
0.5 19.125 0.392846
0.5 21.375 0.390834
0.5 23.625 0.391041
0.5 25.875 0.396918
0.5 28.125 0.394998
0.5 30.375 0.386954
0.5 32.625 0.384472
0.5 34.875 0.390311
0.5 37.125 0.3893
0.5 39.375 0.396141
0.5 41.625 0.392027
0.5 43.875 0.384066
0.7 1.125 0.376197
0.7 3.375 0.374931
0.7 5.625 0.372546
0.7 7.875 0.371812
0.7 10.125 0.377184
0.7 12.375 0.377154
0.7 14.625 0.374089
0.7 16.875 0.371694
0.7 19.125 0.366747
0.7 21.375 0.365224
0.7 23.625 0.364386
0.7 25.875 0.345995
0.7 28.125 0.364362
0.7 30.375 0.35314
0.7 32.625 0.342914
0.7 34.875 0.366325
0.7 37.125 0.339067
0.7 39.375 0.361273
0.7 41.625 0.369241
0.7 43.875 0.360937
0.9 1.125 0.334837
0.9 3.375 0.330898
0.9 5.625 0.33671
0.9 7.875 0.334046
0.9 10.125 0.328909
0.9 12.375 0.33235
0.9 14.625 0.329922
0.9 16.875 0.33443
0.9 19.125 0.324225
0.9 21.375 0.325885
0.9 23.625 0.320585
0.9 25.875 0.311511
0.9 28.125 0.301803
0.9 30.375 0.310934
0.9 32.625 0.314779
0.9 34.875 0.324894
0.9 37.125 0.329488
0.9 39.375 0.328753
0.9 41.625 0.33768
0.9 43.875 0.323195
1.1 1.125 0.265854
1.1 3.375 0.270165
1.1 5.625 0.25604
1.1 7.875 0.255419
1.1 10.125 0.262814
1.1 12.375 0.265093
1.1 14.625 0.273134
1.1 16.875 0.256869
1.1 19.125 0.254194
1.1 21.375 0.262787
1.1 23.625 0.273678
1.1 25.875 0.270898
1.1 28.125 0.255536
1.1 30.375 0.277748
1.1 32.625 0.265718
1.1 34.875 0.27413
1.1 37.125 0.265608
1.1 39.375 0.280885
1.1 41.625 0.292529
1.1 43.875 0.288627
1.3 1.125 0.183652
1.3 3.375 0.175576
1.3 5.625 0.182207
1.3 7.875 0.189478
1.3 10.125 0.186999
1.3 12.375 0.17842
1.3 14.625 0.208218
1.3 16.875 0.196861
1.3 19.125 0.194072
1.3 21.375 0.209386
1.3 23.625 0.201545
1.3 25.875 0.198323
1.3 28.125 0.203126
1.3 30.375 0.205473
1.3 32.625 0.228102
1.3 34.875 0.214545
1.3 37.125 0.226823
1.3 39.375 0.217528
1.3 41.625 0.231857
1.3 43.875 0.230568
1.5 1.125 0.109145
1.5 3.375 0.108189
1.5 5.625 0.112341
1.5 7.875 0.106951
1.5 10.125 0.113814
1.5 12.375 0.124267
1.5 14.625 0.128872
1.5 16.875 0.129176
1.5 19.125 0.135964
1.5 21.375 0.146471
1.5 23.625 0.149312
1.5 25.875 0.144844
1.5 28.125 0.15412
1.5 30.375 0.15004
1.5 32.625 0.154276
1.5 34.875 0.15803
1.5 37.125 0.17245
1.5 39.375 0.174327
1.5 41.625 0.169122
1.5 43.875 0.178129
1.7 1.125 0.0634178
1.7 3.375 0.065517
1.7 5.625 0.0656456
1.7 7.875 0.0715378
1.7 10.125 0.069584
1.7 12.375 0.0838756
1.7 14.625 0.0849954
1.7 16.875 0.092656
1.7 19.125 0.0890023
1.7 21.375 0.0985206
1.7 23.625 0.0964396
1.7 25.875 0.0924231
1.7 28.125 0.0961454
1.7 30.375 0.0998671
1.7 32.625 0.119606
1.7 34.875 0.0969242
1.7 37.125 0.106342
1.7 39.375 0.112034
1.7 41.625 0.105778
1.7 43.875 0.120681
1.9 1.125 0.0411326
1.9 3.375 0.040766
1.9 5.625 0.0424999
1.9 7.875 0.0437105
1.9 10.125 0.0486177
1.9 12.375 0.0481397
1.9 14.625 0.0494426
1.9 16.875 0.0516397
1.9 19.125 0.0546797
1.9 21.375 0.0473789
1.9 23.625 0.0653796
1.9 25.875 0.0629826
1.9 28.125 0.0633842
1.9 30.375 0.0589369
1.9 32.625 0.0687731
1.9 34.875 0.0709763
1.9 37.125 0.0740913
1.9 39.375 0.0722191
1.9 41.625 0.07376
1.9 43.875 0.088017
2.1 1.125 0.0271478
2.1 3.375 0.0266255
2.1 5.625 0.0253142
2.1 7.875 0.0257518
2.1 10.125 0.0288944
2.1 12.375 0.0286643
2.1 14.625 0.031481
2.1 16.875 0.0358352
2.1 19.125 0.0354067
2.1 21.375 0.0384306
2.1 23.625 0.0448156
2.1 25.875 0.038249
2.1 28.125 0.0403238
2.1 30.375 0.0461698
2.1 32.625 0.047538
2.1 34.875 0.0494682
2.1 37.125 0.050337
2.1 39.375 0.0491072
2.1 41.625 0.0509015
2.1 43.875 0.0487282
2.3 1.125 0.0141608
2.3 3.375 0.0150038
2.3 5.625 0.0155075
2.3 7.875 0.016253
2.3 10.125 0.0166042
2.3 12.375 0.0163283
2.3 14.625 0.0183973
2.3 16.875 0.0196049
2.3 19.125 0.0210492
2.3 21.375 0.0220257
2.3 23.625 0.0247689
2.3 25.875 0.0259677
2.3 28.125 0.0275304
2.3 30.375 0.029457
2.3 32.625 0.0293198
2.3 34.875 0.0294323
2.3 37.125 0.0302309
2.3 39.375 0.0337637
2.3 41.625 0.0330283
2.3 43.875 0.0325747
2.5 1.125 0.0087364
2.5 3.375 0.00806429
2.5 5.625 0.00857122
2.5 7.875 0.00942466
2.5 10.125 0.0092855
2.5 12.375 0.00909597
2.5 14.625 0.00991608
2.5 16.875 0.011135
2.5 19.125 0.0116234
2.5 21.375 0.0123943
2.5 23.625 0.013459
2.5 25.875 0.0151641
2.5 28.125 0.0170316
2.5 30.375 0.0178609
2.5 32.625 0.0191251
2.5 34.875 0.0206689
2.5 37.125 0.0212816
2.5 39.375 0.0203008
2.5 41.625 0.0212473
2.5 43.875 0.0240189
2.7 1.125 0.0078542
2.7 3.375 0.008165
2.7 5.625 0.00726279
2.7 7.875 0.00772603
2.7 10.125 0.00733228
2.7 12.375 0.00677205
2.7 14.625 0.00664204
2.7 16.875 0.00772086
2.7 19.125 0.00789172
2.7 21.375 0.00800148
2.7 23.625 0.00844655
2.7 25.875 0.00919904
2.7 28.125 0.00973608
2.7 30.375 0.0110447
2.7 32.625 0.0130677
2.7 34.875 0.0138797
2.7 37.125 0.0142458
2.7 39.375 0.0145372
2.7 41.625 0.0157521
2.7 43.875 0.0151614
2.9 1.125 0.00708705
2.9 3.375 0.00732407
2.9 5.625 0.00648433
2.9 7.875 0.00604994
2.9 10.125 0.00748944
2.9 12.375 0.0059038
2.9 14.625 0.00744986
2.9 16.875 0.00688937
2.9 19.125 0.00749376
2.9 21.375 0.00701539
2.9 23.625 0.00663618
2.9 25.875 0.0068582
2.9 28.125 0.00724144
2.9 30.375 0.00733862
2.9 32.625 0.0073766
2.9 34.875 0.00905296
2.9 37.125 0.00926677
2.9 39.375 0.010221
2.9 41.625 0.0104759
2.9 43.875 0.0108395
3.1 1.125 0.0057303
3.1 3.375 0.00624404
3.1 5.625 0.00749305
3.1 7.875 0.00569661
3.1 10.125 0.00564314
3.1 12.375 0.00534717
3.1 14.625 0.00814896
3.1 16.875 0.00568952
3.1 19.125 0.00569858
3.1 21.375 0.00582033
3.1 23.625 0.00681137
3.1 25.875 0.00620275
3.1 28.125 0.00540605
3.1 30.375 0.00621507
3.1 32.625 0.00676879
3.1 34.875 0.00588826
3.1 37.125 0.00684118
3.1 39.375 0.00711555
3.1 41.625 0.00840009
3.1 43.875 0.00977125
3.3 1.125 0.00537398
3.3 3.375 0.00547701
3.3 5.625 0.00512208
3.3 7.875 0.00870463
3.3 10.125 0.0111554
3.3 12.375 0.00560777
3.3 14.625 0.00522176
3.3 16.875 0.00581768
3.3 19.125 0.00514457
3.3 21.375 0.00592553
3.3 23.625 0.00530417
3.3 25.875 0.00534446
3.3 28.125 0.00616483
3.3 30.375 0.00590253
3.3 32.625 0.00562899
3.3 34.875 0.00633368
3.3 37.125 0.00533756
3.3 39.375 0.00585523
3.3 41.625 0.00577325
3.3 43.875 0.00664002
3.5 1.125 0.00531725
3.5 3.375 0.00512801
3.5 5.625 0.00514975
3.5 7.875 0.00539213
3.5 10.125 0.00400419
3.5 12.375 0.00509937
3.5 14.625 0.0051442
3.5 16.875 0.00535971
3.5 19.125 0.00597543
3.5 21.375 0.00561091
3.5 23.625 0.00504951
3.5 25.875 0.00484294
3.5 28.125 0.00577997
3.5 30.375 0.0056522
3.5 32.625 0.00551546
3.5 34.875 0.00534356
3.5 37.125 0.00534669
3.5 39.375 0.00550707
3.5 41.625 0.00537987
3.5 43.875 0.00450357
3.7 1.125 0.00501092
3.7 3.375 0.00493994
3.7 5.625 0.00483304
3.7 7.875 0.00453428
3.7 10.125 0.00494284
3.7 12.375 0.00513721
3.7 14.625 0.00492499
3.7 16.875 0.00573616
3.7 19.125 0.00558748
3.7 21.375 0.00466404
3.7 23.625 0.00513626
3.7 25.875 0.00483974
3.7 28.125 0.00485296
3.7 30.375 0.00482391
3.7 32.625 0.00530862
3.7 34.875 0.00478828
3.7 37.125 0.00495443
3.7 39.375 0.00467183
3.7 41.625 0.00469994
3.7 43.875 0.00413777
3.9 1.125 0.00473917
3.9 3.375 0.00446351
3.9 5.625 0.00437026
3.9 7.875 0.00442168
3.9 10.125 0.00434538
3.9 12.375 0.00861975
3.9 14.625 0.00447229
3.9 16.875 0.00498569
3.9 19.125 0.00463474
3.9 21.375 0.0051101
3.9 23.625 0.00396162
3.9 25.875 0.0044087
3.9 28.125 0.00433646
3.9 30.375 0.00470415
3.9 32.625 0.00478751
3.9 34.875 0.0047692
3.9 37.125 0.00416613
3.9 39.375 0.00396293
3.9 41.625 0.00384994
3.9 43.875 0.00411767
4.1 1.125 0.00402288
4.1 3.375 0.00426269
4.1 5.625 0.00405937
4.1 7.875 0.00420547
4.1 10.125 0.00459135
4.1 12.375 0.00408165
4.1 14.625 0.00511024
4.1 16.875 0.00422396
4.1 19.125 0.00439144
4.1 21.375 0.00456423
4.1 23.625 0.00526384
4.1 25.875 0.00443273
4.1 28.125 0.00412907
4.1 30.375 0.00474585
4.1 32.625 0.00479294
4.1 34.875 0.00372314
4.1 37.125 0.00437532
4.1 39.375 0.00359925
4.1 41.625 0.00423164
4.1 43.875 0.00388136
4.3 1.125 0.00397475
4.3 3.375 0.00401847
4.3 5.625 0.0036288
4.3 7.875 0.0039383
4.3 10.125 0.00379111
4.3 12.375 0.00379434
4.3 14.625 0.00415801
4.3 16.875 0.00417218
4.3 19.125 0.00395434
4.3 21.375 0.00393696
4.3 23.625 0.00459236
4.3 25.875 0.00396983
4.3 28.125 0.00461091
4.3 30.375 0.00407674
4.3 32.625 0.00385999
4.3 34.875 0.00381945
4.3 37.125 0.00362181
4.3 39.375 0.00363053
4.3 41.625 0.00362895
4.3 43.875 0.00357906
4.5 1.125 0.00401394
4.5 3.375 0.00346042
4.5 5.625 0.00361012
4.5 7.875 0.0037256
4.5 10.125 0.00301133
4.5 12.375 0.00419066
4.5 14.625 0.00351548
4.5 16.875 0.00368764
4.5 19.125 0.00420738
4.5 21.375 0.00365852
4.5 23.625 0.0044709
4.5 25.875 0.00357856
4.5 28.125 0.00395528
4.5 30.375 0.00377979
4.5 32.625 0.00406412
4.5 34.875 0.00319581
4.5 37.125 0.00394168
4.5 39.375 0.00316373
4.5 41.625 0.00379305
4.5 43.875 0.00326647
4.7 1.125 0.00351957
4.7 3.375 0.00367387
4.7 5.625 0.00313449
4.7 7.875 0.00320177
4.7 10.125 0.00363093
4.7 12.375 0.00337973
4.7 14.625 0.00333062
4.7 16.875 0.00324895
4.7 19.125 0.00337748
4.7 21.375 0.00368222
4.7 23.625 0.00362925
4.7 25.875 0.00412321
4.7 28.125 0.0039648
4.7 30.375 0.00366835
4.7 32.625 0.00336514
4.7 34.875 0.00319457
4.7 37.125 0.0031447
4.7 39.375 0.00308299
4.7 41.625 0.00356093
4.7 43.875 0.00315515
4.9 1.125 0.00352928
4.9 3.375 0.00514083
4.9 5.625 0.00309189
4.9 7.875 0.00320391
4.9 10.125 0.00350397
4.9 12.375 0.00319086
4.9 14.625 0.00336854
4.9 16.875 0.00359618
4.9 19.125 0.0035925
4.9 21.375 0.00361009
4.9 23.625 0.00350376
4.9 25.875 0.00322837
4.9 28.125 0.00368464
4.9 30.375 0.00345578
4.9 32.625 0.00301965
4.9 34.875 0.003341
4.9 37.125 0.00306534
4.9 39.375 0.00307119
4.9 41.625 0.00350939
4.9 43.875 0.00354152
5.1 1.125 0.00275908
5.1 3.375 0.00330036
5.1 5.625 0.00470989
5.1 7.875 0.00289013
5.1 10.125 0.00281691
5.1 12.375 0.00237046
5.1 14.625 0.00289919
5.1 16.875 0.00306419
5.1 19.125 0.00312908
5.1 21.375 0.00293688
5.1 23.625 0.00314783
5.1 25.875 0.00321915
5.1 28.125 0.00351164
5.1 30.375 0.00401745
5.1 32.625 0.00302135
5.1 34.875 0.00320447
5.1 37.125 0.00329293
5.1 39.375 0.0030746
5.1 41.625 0.00347675
5.1 43.875 0.00219523
5.3 1.125 0.0025282
5.3 3.375 0.00253973
5.3 5.625 0.00257565
5.3 7.875 0.00235885
5.3 10.125 0.00268953
5.3 12.375 0.00241691
5.3 14.625 0.00280868
5.3 16.875 0.00268627
5.3 19.125 0.00262882
5.3 21.375 0.0028721
5.3 23.625 0.00327184
5.3 25.875 0.00308231
5.3 28.125 0.00317805
5.3 30.375 0.00326598
5.3 32.625 0.00351133
5.3 34.875 0.00305203
5.3 37.125 0.00786955
5.3 39.375 0.00283056
5.3 41.625 0.00279896
5.3 43.875 0.00286922
5.5 1.125 0.00249793
5.5 3.375 0.0025505
5.5 5.625 0.00229014
5.5 7.875 0.00739747
5.5 10.125 0.00303485
5.5 12.375 0.00312255
5.5 14.625 0.00250618
5.5 16.875 0.0027772
5.5 19.125 0.00523365
5.5 21.375 0.00317694
5.5 23.625 0.00291481
5.5 25.875 0.0027292
5.5 28.125 0.00279754
5.5 30.375 0.0028954
5.5 32.625 0.0028949
5.5 34.875 0.00283549
5.5 37.125 0.00292423
5.5 39.375 0.00331013
5.5 41.625 0.00288764
5.5 43.875 0.0029967
5.7 1.125 0.00260804
5.7 3.375 0.00272509
5.7 5.625 0.00246284
5.7 7.875 0.00298079
5.7 10.125 0.00401859
5.7 12.375 0.00260455
5.7 14.625 0.00244992
5.7 16.875 0.00318113
5.7 19.125 0.00277104
5.7 21.375 0.00271756
5.7 23.625 0.00307694
5.7 25.875 0.00301398
5.7 28.125 0.00223781
5.7 30.375 0.00294716
5.7 32.625 0.00274829
5.7 34.875 0.00297299
5.7 37.125 0.00286403
5.7 39.375 0.00264319
5.7 41.625 0.00349089
5.7 43.875 0.00327689
5.9 1.125 0.00275497
5.9 3.375 0.00233993
5.9 5.625 0.00219227
5.9 7.875 0.00257467
5.9 10.125 0.00258363
5.9 12.375 0.00280468
5.9 14.625 0.00342064
5.9 16.875 0.00282072
5.9 19.125 0.00279069
5.9 21.375 0.00269928
5.9 23.625 0.00291368
5.9 25.875 0.00236979
5.9 28.125 0.00248449
5.9 30.375 0.00226819
5.9 32.625 0.00275245
5.9 34.875 0.00261395
5.9 37.125 0.0024454
5.9 39.375 0.00277233
5.9 41.625 0.00313859
5.9 43.875 0.00256599
6.1 1.125 0.00266547
6.1 3.375 0.00236453
6.1 5.625 0.00299319
6.1 7.875 0.0026439
6.1 10.125 0.00227052
6.1 12.375 0.00258869
6.1 14.625 0.00230751
6.1 16.875 0.00242981
6.1 19.125 0.00250221
6.1 21.375 0.00259212
6.1 23.625 0.00258784
6.1 25.875 0.00269398
6.1 28.125 0.00278281
6.1 30.375 0.00270656
6.1 32.625 0.00249556
6.1 34.875 0.00254818
6.1 37.125 0.00284495
6.1 39.375 0.00258382
6.1 41.625 0.00302503
6.1 43.875 0.00288164
6.3 1.125 0.00299074
6.3 3.375 0.00229204
6.3 5.625 0.00282733
6.3 7.875 0.00281703
6.3 10.125 0.00228271
6.3 12.375 0.00331145
6.3 14.625 0.00259948
6.3 16.875 0.00228648
6.3 19.125 0.0023914
6.3 21.375 0.00309504
6.3 23.625 0.0025956
6.3 25.875 0.00243367
6.3 28.125 0.00265992
6.3 30.375 0.00241163
6.3 32.625 0.00253073
6.3 34.875 0.0020618
6.3 37.125 0.00260379
6.3 39.375 0.00227318
6.3 41.625 0.00295223
6.3 43.875 0.00286354
6.5 1.125 0.00259071
6.5 3.375 0.00240625
6.5 5.625 0.00310171
6.5 7.875 0.00298904
6.5 10.125 0.00334645
6.5 12.375 0.0025206
6.5 14.625 0.00283414
6.5 16.875 0.00267165
6.5 19.125 0.00210814
6.5 21.375 0.00262924
6.5 23.625 0.00255543
6.5 25.875 0.00219329
6.5 28.125 0.00233567
6.5 30.375 0.00301226
6.5 32.625 0.00228517
6.5 34.875 0.00245911
6.5 37.125 0.00295093
6.5 39.375 0.00230421
6.5 41.625 0.00278579
6.5 43.875 0.00259498
6.7 1.125 0.00225777
6.7 3.375 0.00292344
6.7 5.625 0.00321316
6.7 7.875 0.00718282
6.7 10.125 0.00256432
6.7 12.375 0.00266808
6.7 14.625 0.00253843
6.7 16.875 0.00288183
6.7 19.125 0.00233573
6.7 21.375 0.00236946
6.7 23.625 0.00269939
6.7 25.875 0.00238535
6.7 28.125 0.00276671
6.7 30.375 0.00268687
6.7 32.625 0.00220852
6.7 34.875 0.00232076
6.7 37.125 0.00245893
6.7 39.375 0.00271399
6.7 41.625 0.00226584
6.7 43.875 0.0027599
6.9 1.125 0.00249454
6.9 3.375 0.00247639
6.9 5.625 0.00259879
6.9 7.875 0.00255962
6.9 10.125 0.0023946
6.9 12.375 0.00240034
6.9 14.625 0.00218921
6.9 16.875 0.00292142
6.9 19.125 0.00217691
6.9 21.375 0.00257587
6.9 23.625 0.00213254
6.9 25.875 0.002424
6.9 28.125 0.00179049
6.9 30.375 0.00231341
6.9 32.625 0.00335257
6.9 34.875 0.00253414
6.9 37.125 0.00250862
6.9 39.375 0.00202083
6.9 41.625 0.00269215
6.9 43.875 0.00274168
7.1 1.125 0.00225498
7.1 3.375 0.00257221
7.1 5.625 0.00286576
7.1 7.875 0.00255295
7.1 10.125 0.00230479
7.1 12.375 0.00395949
7.1 14.625 0.00249068
7.1 16.875 0.00262105
7.1 19.125 0.0029188
7.1 21.375 0.00254995
7.1 23.625 0.00277297
7.1 25.875 0.00249216
7.1 28.125 0.00271691
7.1 30.375 0.00205226
7.1 32.625 0.00260113
7.1 34.875 0.00221352
7.1 37.125 0.00250781
7.1 39.375 0.00242646
7.1 41.625 0.00261545
7.1 43.875 0.00236699
7.3 1.125 0.00294436
7.3 3.375 0.00264777
7.3 5.625 0.00198335
7.3 7.875 0.00212017
7.3 10.125 0.00234524
7.3 12.375 0.00229516
7.3 14.625 0.00264537
7.3 16.875 0.00257625
7.3 19.125 0.00272211
7.3 21.375 0.00248203
7.3 23.625 0.00262745
7.3 25.875 0.0020982
7.3 28.125 0.00238367
7.3 30.375 0.00182321
7.3 32.625 0.00254331
7.3 34.875 0.00241501
7.3 37.125 0.00235377
7.3 39.375 0.00248317
7.3 41.625 0.00236645
7.3 43.875 0.00236067
7.5 1.125 0.00212045
7.5 3.375 0.00214763
7.5 5.625 0.00248867
7.5 7.875 0.002061
7.5 10.125 0.00213812
7.5 12.375 0.00242176
7.5 14.625 0.00258518
7.5 16.875 0.00241792
7.5 19.125 0.00246067
7.5 21.375 0.00234065
7.5 23.625 0.00290672
7.5 25.875 0.00230214
7.5 28.125 0.00218161
7.5 30.375 0.00494859
7.5 32.625 0.00212621
7.5 34.875 0.00333229
7.5 37.125 0.00278685
7.5 39.375 0.0025451
7.5 41.625 0.00262513
7.5 43.875 0.00235868
7.7 1.125 0.00256077
7.7 3.375 0.0021987
7.7 5.625 0.00238371
7.7 7.875 0.00247371
7.7 10.125 0.0023581
7.7 12.375 0.0019217
7.7 14.625 0.00220248
7.7 16.875 0.00235239
7.7 19.125 0.0028168
7.7 21.375 0.00228219
7.7 23.625 0.00248145
7.7 25.875 0.0022928
7.7 28.125 0.00212155
7.7 30.375 0.00266717
7.7 32.625 0.00252587
7.7 34.875 0.00211204
7.7 37.125 0.0020369
7.7 39.375 0.00231454
7.7 41.625 0.00208261
7.7 43.875 0.00247926
7.9 1.125 0.00236075
7.9 3.375 0.00202609
7.9 5.625 0.00189542
7.9 7.875 0.00206426
7.9 10.125 0.00261147
7.9 12.375 0.00217853
7.9 14.625 0.00244777
7.9 16.875 0.00233064
7.9 19.125 0.00268663
7.9 21.375 0.00243501
7.9 23.625 0.0021569
7.9 25.875 0.00237466
7.9 28.125 0.00276566
7.9 30.375 0.00189348
7.9 32.625 0.00244181
7.9 34.875 0.00231509
7.9 37.125 0.00231616
7.9 39.375 0.00238073
7.9 41.625 0.00203118
7.9 43.875 0.00216985
8.1 1.125 0.00251975
8.1 3.375 0.0029845
8.1 5.625 0.00217631
8.1 7.875 0.00140587
8.1 10.125 0.00273017
8.1 12.375 0.00240078
8.1 14.625 0.00218645
8.1 16.875 0.00221732
8.1 19.125 0.0021478
8.1 21.375 0.00236291
8.1 23.625 0.00223109
8.1 25.875 0.00220454
8.1 28.125 0.00224754
8.1 30.375 0.00248564
8.1 32.625 0.00251026
8.1 34.875 0.00213998
8.1 37.125 0.00228001
8.1 39.375 0.0024347
8.1 41.625 0.00235889
8.1 43.875 0.00216085
8.3 1.125 0.00226042
8.3 3.375 0.0017276
8.3 5.625 0.00216183
8.3 7.875 0.00258837
8.3 10.125 0.0018678
8.3 12.375 0.0023562
8.3 14.625 0.0143668
8.3 16.875 0.00229794
8.3 19.125 0.00238718
8.3 21.375 0.00170302
8.3 23.625 0.00232435
8.3 25.875 0.00215357
8.3 28.125 0.00213849
8.3 30.375 0.00258289
8.3 32.625 0.0018991
8.3 34.875 0.00234956
8.3 37.125 0.00242566
8.3 39.375 0.00193753
8.3 41.625 0.00207909
8.3 43.875 0.00234437
8.5 1.125 0.0018628
8.5 3.375 0.00213217
8.5 5.625 0.0015473
8.5 7.875 0.00211626
8.5 10.125 0.00190318
8.5 12.375 0.00223619
8.5 14.625 0.00198644
8.5 16.875 0.0024911
8.5 19.125 0.00185659
8.5 21.375 0.00232119
8.5 23.625 0.00987571
8.5 25.875 0.00253967
8.5 28.125 0.00194737
8.5 30.375 0.00237461
8.5 32.625 0.00253998
8.5 34.875 0.0025733
8.5 37.125 0.00355923
8.5 39.375 0.0019922
8.5 41.625 0.00190913
8.5 43.875 0.00241454
8.7 1.125 0.00228514
8.7 3.375 0.00208103
8.7 5.625 0.00217509
8.7 7.875 0.0020414
8.7 10.125 0.00205429
8.7 12.375 0.00257733
8.7 14.625 0.00230277
8.7 16.875 0.00236221
8.7 19.125 0.002052
8.7 21.375 0.00205075
8.7 23.625 0.00349354
8.7 25.875 0.00269683
8.7 28.125 0.00250787
8.7 30.375 0.00214441
8.7 32.625 0.00247369
8.7 34.875 0.00246328
8.7 37.125 0.0020767
8.7 39.375 0.00235222
8.7 41.625 0.00184888
8.7 43.875 0.00201355
8.9 1.125 0.00234123
8.9 3.375 0.00203074
8.9 5.625 0.00188395
8.9 7.875 0.00222023
8.9 10.125 0.00233573
8.9 12.375 0.00161089
8.9 14.625 0.00248475
8.9 16.875 0.00222287
8.9 19.125 0.00227658
8.9 21.375 0.00176175
8.9 23.625 0.00194249
8.9 25.875 0.00239063
8.9 28.125 0.00186674
8.9 30.375 0.00198313
8.9 32.625 0.00532041
8.9 34.875 0.00221963
8.9 37.125 0.00215141
8.9 39.375 0.00226699
8.9 41.625 0.00213424
8.9 43.875 0.00186277
9.1 1.125 0.00216801
9.1 3.375 0.00174343
9.1 5.625 0.00412567
9.1 7.875 0.00294828
9.1 10.125 0.00201045
9.1 12.375 0.0024737
9.1 14.625 0.00224432
9.1 16.875 0.00166795
9.1 19.125 0.00221053
9.1 21.375 0.00123568
9.1 23.625 0.00220302
9.1 25.875 0.00234967
9.1 28.125 0.00203941
9.1 30.375 0.0028935
9.1 32.625 0.00205998
9.1 34.875 0.00173545
9.1 37.125 0.00201624
9.1 39.375 0.00249373
9.1 41.625 0.00210375
9.1 43.875 0.00490906
9.3 1.125 0.00229819
9.3 3.375 0.00299155
9.3 5.625 0.00224281
9.3 7.875 0.00166652
9.3 10.125 0.00259008
9.3 12.375 0.00252942
9.3 14.625 0.00272496
9.3 16.875 0.00184133
9.3 19.125 0.00222112
9.3 21.375 0.00224349
9.3 23.625 0.00171482
9.3 25.875 0.00270204
9.3 28.125 0.002053
9.3 30.375 0.00202076
9.3 32.625 0.00205091
9.3 34.875 0.00250617
9.3 37.125 0.00253128
9.3 39.375 0.00212297
9.3 41.625 0.00255526
9.3 43.875 0.00193164
9.5 1.125 0.00251071
9.5 3.375 0.00216538
9.5 5.625 0.00244586
9.5 7.875 0.00991099
9.5 10.125 0.00237232
9.5 12.375 0.00191557
9.5 14.625 0.00220704
9.5 16.875 0.00194873
9.5 19.125 0.00210906
9.5 21.375 0.0017636
9.5 23.625 0.00212448
9.5 25.875 0.00266359
9.5 28.125 0.00205004
9.5 30.375 0.00181053
9.5 32.625 0.00195728
9.5 34.875 0.00211378
9.5 37.125 0.00174173
9.5 39.375 0.00200374
9.5 41.625 0.00202274
9.5 43.875 0.00235552
9.7 1.125 0.00206877
9.7 3.375 0.00230408
9.7 5.625 0.00256797
9.7 7.875 0.00287032
9.7 10.125 0.00225258
9.7 12.375 0.00197794
9.7 14.625 0.00226629
9.7 16.875 0.00231572
9.7 19.125 0.0021048
9.7 21.375 0.00276913
9.7 23.625 0.00197341
9.7 25.875 0.0019212
9.7 28.125 0.00232404
9.7 30.375 0.00189257
9.7 32.625 0.00239039
9.7 34.875 0.00208175
9.7 37.125 0.00243495
9.7 39.375 0.00189133
9.7 41.625 0.00191376
9.7 43.875 0.00204342
9.9 1.125 0.0090294
9.9 3.375 0.00190101
9.9 5.625 0.00218745
9.9 7.875 0.00210694
9.9 10.125 0.00218401
9.9 12.375 0.00276444
9.9 14.625 0.00255088
9.9 16.875 0.00203028
9.9 19.125 0.00168789
9.9 21.375 0.00235279
9.9 23.625 0.00225236
9.9 25.875 0.00216407
9.9 28.125 0.00227901
9.9 30.375 0.00240886
9.9 32.625 0.00184596
9.9 34.875 0.00194054
9.9 37.125 0.00182919
9.9 39.375 0.00198966
9.9 41.625 0.0022848
9.9 43.875 0.00200488
10.1 1.125 0.00185552
10.1 3.375 0.00169342
10.1 5.625 0.00199262
10.1 7.875 0.00197499
10.1 10.125 0.00204737
10.1 12.375 0.00175476
10.1 14.625 0.00264663
10.1 16.875 0.0022286
10.1 19.125 0.00332686
10.1 21.375 0.0016902
10.1 23.625 0.00295226
10.1 25.875 0.00124798
10.1 28.125 0.00171871
10.1 30.375 0.00275191
10.1 32.625 0.00192378
10.1 34.875 0.00205874
10.1 37.125 0.00248558
10.1 39.375 0.00202696
10.1 41.625 0.00203175
10.1 43.875 0.00220532
10.3 1.125 0.00206044
10.3 3.375 0.0016663
10.3 5.625 0.00409413
10.3 7.875 0.00192502
10.3 10.125 0.00195422
10.3 12.375 0.00253366
10.3 14.625 0.0019399
10.3 16.875 0.00223131
10.3 19.125 0.00194881
10.3 21.375 0.00243079
10.3 23.625 0.00230749
10.3 25.875 0.00254008
10.3 28.125 0.00186031
10.3 30.375 0.00202247
10.3 32.625 0.00199134
10.3 34.875 0.00250939
10.3 37.125 0.00268956
10.3 39.375 0.00217935
10.3 41.625 0.00216033
10.3 43.875 0.00257226
10.5 1.125 0.00154337
10.5 3.375 0.00312271
10.5 5.625 0.00253791
10.5 7.875 0.00288246
10.5 10.125 0.00248813
10.5 12.375 0.00436565
10.5 14.625 0.0129751
10.5 16.875 0.00193976
10.5 19.125 0.00170416
10.5 21.375 0.00266034
10.5 23.625 0.0022696
10.5 25.875 0.0023621
10.5 28.125 0.00230028
10.5 30.375 0.00196455
10.5 32.625 0.00242401
10.5 34.875 0.00358461
10.5 37.125 0.00235373
10.5 39.375 0.00326809
10.5 41.625 0.00163128
10.5 43.875 0.00316246
10.7 1.125 0.00199983
10.7 3.375 0.00142935
10.7 5.625 0.00141176
10.7 7.875 0.00206448
10.7 10.125 0.00247992
10.7 12.375 0.00281671
10.7 14.625 0.00213226
10.7 16.875 0.00157963
10.7 19.125 0.00224374
10.7 21.375 0.00181421
10.7 23.625 0.00205899
10.7 25.875 0.00242033
10.7 28.125 0.00191959
10.7 30.375 0.00213491
10.7 32.625 0.00314625
10.7 34.875 0.0027666
10.7 37.125 0.00227169
10.7 39.375 0.00226831
10.7 41.625 0.00199202
10.7 43.875 0.00302034
10.9 1.125 0.0033851
10.9 3.375 0.00162003
10.9 7.875 0.00149617
10.9 10.125 0.00216553
10.9 12.375 0.00211231
10.9 14.625 0.00217295
10.9 16.875 0.00197107
10.9 19.125 0.00186565
10.9 21.375 0.0028117
10.9 23.625 0.00218901
10.9 25.875 0.00261355
10.9 28.125 0.00195036
10.9 30.375 0.00208371
10.9 32.625 0.00308963
10.9 34.875 0.0022961
10.9 37.125 0.00232808
10.9 39.375 0.00183627
10.9 41.625 0.00400175
10.9 43.875 0.00148024
11.1 1.125 0.00171525
11.1 3.375 0.00130324
11.1 5.625 0.00308118
11.1 7.875 0.00144669
11.1 10.125 0.00217977
11.1 12.375 0.00245812
11.1 14.625 0.00175218
11.1 16.875 0.0013131
11.1 19.125 0.00301836
11.1 21.375 0.00208945
11.1 23.625 0.00183483
11.1 25.875 0.00194872
11.1 28.125 0.0021664
11.1 30.375 0.00186864
11.1 32.625 0.00263112
11.1 34.875 0.00220067
11.1 37.125 0.00182883
11.1 39.375 0.00179044
11.1 41.625 0.00244586
11.1 43.875 0.00166713
11.3 1.125 0.00229553
11.3 3.375 0.00172451
11.3 5.625 0.00263145
11.3 7.875 0.00198101
11.3 10.125 0.00257358
11.3 12.375 0.00219706
11.3 14.625 0.00239645
11.3 16.875 0.00426365
11.3 19.125 0.00320792
11.3 21.375 0.00238961
11.3 23.625 0.00245568
11.3 25.875 0.00185812
11.3 28.125 0.00252154
11.3 30.375 0.00189863
11.3 32.625 0.00193523
11.3 34.875 0.00204916
11.3 37.125 0.00157131
11.3 39.375 0.00141119
11.3 41.625 0.00173911
11.3 43.875 0.00238566
11.5 1.125 0.00166296
11.5 3.375 0.00187369
11.5 5.625 0.00166259
11.5 7.875 0.00142789
11.5 10.125 0.00220298
11.5 12.375 0.00210648
11.5 14.625 0.00252469
11.5 16.875 0.00254208
11.5 19.125 0.00252767
11.5 21.375 0.00160367
11.5 23.625 0.00280999
11.5 25.875 0.00241723
11.5 28.125 0.00155149
11.5 30.375 0.00316609
11.5 32.625 0.00199234
11.5 34.875 0.00182151
11.5 37.125 0.00195671
11.5 39.375 0.00220348
11.5 41.625 0.00305947
11.5 43.875 0.00172495
11.7 1.125 0.00180706
11.7 3.375 0.00223363
11.7 5.625 0.00178907
11.7 7.875 0.00214298
11.7 10.125 0.00291485
11.7 12.375 0.00196853
11.7 14.625 0.00225078
11.7 16.875 0.00244274
11.7 19.125 0.0010955
11.7 21.375 0.00248159
11.7 23.625 0.00202792
11.7 25.875 0.0029967
11.7 28.125 0.00210169
11.7 30.375 0.00189252
11.7 32.625 0.00199211
11.7 34.875 0.0020799
11.7 37.125 0.00261232
11.7 39.375 0.00171124
11.7 41.625 0.00391705
11.7 43.875 0.00236808
11.9 1.125 0.00161578
11.9 3.375 0.00165995
11.9 5.625 0.00191747
11.9 7.875 0.00260376
11.9 10.125 0.00180839
11.9 12.375 0.00243958
11.9 14.625 0.00254528
11.9 16.875 0.00264704
11.9 19.125 0.00161528
11.9 21.375 0.00206362
11.9 23.625 0.00234075
11.9 25.875 0.0015351
11.9 28.125 0.00201409
11.9 30.375 0.00151636
11.9 32.625 0.0022232
11.9 34.875 0.00248125
11.9 37.125 0.00183307
11.9 39.375 0.00139798
11.9 41.625 0.00215154
12.1 1.125 0.00179781
12.1 3.375 0.00215627
12.1 5.625 0.00236274
12.1 7.875 0.00255117
12.1 10.125 0.00303783
12.1 12.375 0.00171936
12.1 14.625 0.00209146
12.1 16.875 0.00133988
12.1 19.125 0.0013947
12.1 21.375 0.00171851
12.1 23.625 0.00187854
12.1 25.875 0.00155324
12.1 28.125 0.00186424
12.1 30.375 0.00264958
12.1 32.625 0.00228349
12.1 34.875 0.00217858
12.1 37.125 0.00168765
12.1 39.375 0.00188863
12.1 41.625 0.00276815
12.1 43.875 0.00298394
12.3 1.125 0.00241128
12.3 3.375 0.00185046
12.3 5.625 0.00237646
12.3 7.875 0.00257494
12.3 10.125 0.00191778
12.3 12.375 0.00162061
12.3 14.625 0.00232394
12.3 16.875 0.00211985
12.3 19.125 0.00173595
12.3 21.375 0.00202458
12.3 23.625 0.00200543
12.3 25.875 0.0022334
12.3 30.375 0.00333723
12.3 32.625 0.00190228
12.3 34.875 0.00158006
12.3 37.125 0.00184371
12.3 39.375 0.00226594
12.3 41.625 0.00223968
12.3 43.875 0.00221358
12.5 1.125 0.0036624
12.5 3.375 0.00177609
12.5 5.625 0.00222376
12.5 7.875 0.0023894
12.5 10.125 0.00153403
12.5 12.375 0.00203048
12.5 14.625 0.00190002
12.5 16.875 0.00267635
12.5 19.125 0.00162061
12.5 21.375 0.00143894
12.5 23.625 0.00206386
12.5 25.875 0.00202315
12.5 28.125 0.00478894
12.5 30.375 0.00199373
12.5 32.625 0.00293178
12.5 34.875 0.00179689
12.5 37.125 0.00198859
12.5 39.375 0.00238072
12.5 41.625 0.00145899
12.5 43.875 0.00452767
12.7 1.125 0.00199994
12.7 3.375 0.00198315
12.7 5.625 0.00384396
12.7 7.875 0.002308
12.7 10.125 0.00264456
12.7 12.375 0.00249637
12.7 14.625 0.00213871
12.7 16.875 0.00133807
12.7 19.125 0.00277939
12.7 21.375 0.00247436
12.7 23.625 0.00317335
12.7 28.125 0.00265762
12.7 30.375 0.0017286
12.7 32.625 0.00278476
12.7 34.875 0.00197532
12.7 37.125 0.00183078
12.7 39.375 0.00143289
12.7 41.625 0.00311807
12.7 43.875 0.00300801
12.9 1.125 0.00165316
12.9 5.625 0.00167337
12.9 7.875 0.00189011
12.9 10.125 0.00209843
12.9 12.375 0.00252624
12.9 14.625 0.00143555
12.9 16.875 0.00210445
12.9 19.125 0.00186414
12.9 21.375 0.00272244
12.9 23.625 0.00166789
12.9 25.875 0.00165598
12.9 28.125 0.00145354
12.9 30.375 0.00174561
12.9 32.625 0.00209933
12.9 34.875 0.00164039
12.9 37.125 0.00269966
12.9 39.375 0.00203606
12.9 41.625 0.00235802
12.9 43.875 0.00247288
13.1 1.125 0.00207885
13.1 3.375 0.00265868
13.1 7.875 0.00175801
13.1 10.125 0.00174755
13.1 12.375 0.00266461
13.1 14.625 0.00162865
13.1 16.875 0.00145473
13.1 19.125 0.00149586
13.1 21.375 0.00136599
13.1 23.625 0.00282879
13.1 25.875 0.0015502
13.1 28.125 0.00303096
13.1 30.375 0.00160097
13.1 32.625 0.0017057
13.1 34.875 0.00145871
13.1 37.125 0.00206453
13.1 41.625 0.00385598
13.1 43.875 0.00210715
13.3 1.125 0.0026195
13.3 3.375 0.00145868
13.3 5.625 0.00339052
13.3 7.875 0.00160105
13.3 10.125 0.00460628
13.3 12.375 0.00287892
13.3 14.625 0.00188841
13.3 16.875 0.00140936
13.3 19.125 0.00234134
13.3 21.375 0.00173295
13.3 23.625 0.00180982
13.3 25.875 0.00183081
13.3 28.125 0.00173258
13.3 32.625 0.00216449
13.3 34.875 0.00349571
13.3 37.125 0.00190333
13.3 39.375 0.0021399
13.3 41.625 0.00206304
13.3 43.875 0.00182644
13.5 1.125 0.00201923
13.5 10.125 0.00280247
13.5 14.625 0.00210096
13.5 16.875 0.0015467
13.5 19.125 0.00364894
13.5 21.375 0.00179356
13.5 23.625 0.00153218
13.5 25.875 0.00331443
13.5 28.125 0.00244507
13.5 32.625 0.00182675
13.5 34.875 0.00180567
13.5 39.375 0.00203439
13.5 41.625 0.0012652
13.5 43.875 0.00160977
13.7 1.125 0.0139346
13.7 7.875 0.0118047
13.7 10.125 0.0021595
13.7 12.375 0.00402882
13.7 19.125 0.00328352
13.7 21.375 0.00204
13.7 23.625 0.00179826
13.7 25.875 0.00184719
13.7 28.125 0.00230762
13.7 30.375 0.00246929
13.7 32.625 0.00149368
13.7 34.875 0.00299212
13.7 37.125 0.00320998
13.7 39.375 0.00387602
13.7 41.625 0.00215838
13.7 43.875 0.0017466
13.9 1.125 0.00183489
13.9 3.375 0.00186616
13.9 5.625 0.00227282
13.9 7.875 0.00144318
13.9 10.125 0.00198699
13.9 12.375 0.0021933
13.9 16.875 0.00155859
13.9 23.625 0.00307732
13.9 25.875 0.00124467
13.9 28.125 0.00253546
13.9 30.375 0.00215563
13.9 32.625 0.00259685
13.9 34.875 0.00257274
13.9 37.125 0.00217162
13.9 39.375 0.00216459
13.9 43.875 0.00189708
