0.1 1.125 0.493823
0.1 3.375 0.503535
0.1 5.625 0.50112
0.1 7.875 0.504407
0.1 10.125 0.491568
0.1 12.375 0.491413
0.1 14.625 0.492851
0.1 16.875 0.49042
0.1 19.125 0.508997
0.1 21.375 0.505324
0.1 23.625 0.50304
0.1 25.875 0.503814
0.1 28.125 0.494537
0.1 30.375 0.471779
0.1 32.625 0.481538
0.1 34.875 0.504077
0.1 37.125 0.490141
0.1 39.375 0.512612
0.1 41.625 0.503436
0.1 43.875 0.490893
0.3 1.125 0.489691
0.3 3.375 0.494426
0.3 5.625 0.489573
0.3 7.875 0.484501
0.3 10.125 0.499611
0.3 12.375 0.492899
0.3 14.625 0.485426
0.3 16.875 0.47703
0.3 19.125 0.482884
0.3 21.375 0.483574
0.3 23.625 0.498644
0.3 25.875 0.489872
0.3 28.125 0.494723
0.3 30.375 0.476298
0.3 32.625 0.487355
0.3 34.875 0.488973
0.3 37.125 0.480209
0.3 39.375 0.485687
0.3 41.625 0.488929
0.3 43.875 0.485752
0.5 1.125 0.47678
0.5 3.375 0.473943
0.5 5.625 0.474791
0.5 7.875 0.479079
0.5 10.125 0.475406
0.5 12.375 0.484162
0.5 14.625 0.477366
0.5 16.875 0.468142
0.5 19.125 0.464305
0.5 21.375 0.473094
0.5 23.625 0.478941
0.5 25.875 0.467325
0.5 28.125 0.470469
0.5 30.375 0.468696
0.5 32.625 0.467599
0.5 34.875 0.469452
0.5 37.125 0.469742
0.5 39.375 0.472793
0.5 41.625 0.460635
0.5 43.875 0.472231
0.7 1.125 0.448935
0.7 3.375 0.443032
0.7 5.625 0.447341
0.7 7.875 0.443164
0.7 10.125 0.45063
0.7 12.375 0.445958
0.7 14.625 0.44634
0.7 16.875 0.437421
0.7 19.125 0.443877
0.7 21.375 0.448143
0.7 23.625 0.440998
0.7 25.875 0.436893
0.7 28.125 0.437301
0.7 30.375 0.432232
0.7 32.625 0.439216
0.7 34.875 0.444301
0.7 37.125 0.43898
0.7 39.375 0.430344
0.7 41.625 0.431774
0.7 43.875 0.436602
0.9 1.125 0.397396
0.9 3.375 0.394159
0.9 5.625 0.396395
0.9 7.875 0.393075
0.9 10.125 0.408391
0.9 12.375 0.402237
0.9 14.625 0.387198
0.9 16.875 0.386195
0.9 19.125 0.385393
0.9 21.375 0.393089
0.9 23.625 0.400192
0.9 25.875 0.383972
0.9 28.125 0.402474
0.9 30.375 0.388794
0.9 32.625 0.375359
0.9 34.875 0.388694
0.9 37.125 0.397905
0.9 39.375 0.404228
0.9 41.625 0.406118
0.9 43.875 0.387563
1.1 1.125 0.309771
1.1 3.375 0.3256
1.1 5.625 0.301075
1.1 7.875 0.312492
1.1 10.125 0.30595
1.1 12.375 0.308909
1.1 14.625 0.318969
1.1 16.875 0.324301
1.1 19.125 0.309967
1.1 21.375 0.328129
1.1 23.625 0.335119
1.1 25.875 0.321627
1.1 28.125 0.319725
1.1 30.375 0.336953
1.1 32.625 0.332736
1.1 34.875 0.342437
1.1 37.125 0.36421
1.1 39.375 0.337077
1.1 41.625 0.358124
1.1 43.875 0.361785
1.3 1.125 0.189965
1.3 3.375 0.19694
1.3 5.625 0.204041
1.3 7.875 0.202122
1.3 10.125 0.205805
1.3 12.375 0.202893
1.3 14.625 0.218246
1.3 16.875 0.228141
1.3 19.125 0.225798
1.3 21.375 0.22625
1.3 23.625 0.225629
1.3 25.875 0.247972
1.3 28.125 0.259271
1.3 30.375 0.248784
1.3 32.625 0.25743
1.3 34.875 0.275647
1.3 37.125 0.272318
1.3 39.375 0.285595
1.3 41.625 0.292545
1.3 43.875 0.293471
1.5 1.125 0.117317
1.5 3.375 0.116112
1.5 5.625 0.112974
1.5 7.875 0.11513
1.5 10.125 0.127759
1.5 12.375 0.136311
1.5 14.625 0.139402
1.5 16.875 0.137295
1.5 19.125 0.147833
1.5 21.375 0.154429
1.5 23.625 0.162454
1.5 25.875 0.153781
1.5 28.125 0.185984
1.5 30.375 0.161216
1.5 32.625 0.190749
1.5 34.875 0.176557
1.5 37.125 0.189119
1.5 39.375 0.211937
1.5 41.625 0.204534
1.5 43.875 0.221835
1.7 1.125 0.0669175
1.7 3.375 0.0703913
1.7 5.625 0.0710916
1.7 7.875 0.0720603
1.7 10.125 0.0775417
1.7 12.375 0.0836907
1.7 14.625 0.079666
1.7 16.875 0.0971334
1.7 19.125 0.0924412
1.7 21.375 0.092526
1.7 23.625 0.0943466
1.7 25.875 0.0904756
1.7 28.125 0.0841421
1.7 30.375 0.106235
1.7 32.625 0.106666
1.7 34.875 0.109906
1.7 37.125 0.116052
1.7 39.375 0.10395
1.7 41.625 0.115871
1.7 43.875 0.125071
1.9 1.125 0.0429946
1.9 3.375 0.0439083
1.9 5.625 0.0456188
1.9 7.875 0.0455356
1.9 10.125 0.047894
1.9 12.375 0.0537779
1.9 14.625 0.050545
1.9 16.875 0.0532094
1.9 19.125 0.055164
1.9 21.375 0.0502472
1.9 23.625 0.0547899
1.9 25.875 0.0627725
1.9 28.125 0.0581846
1.9 30.375 0.0595262
1.9 32.625 0.0689387
1.9 34.875 0.0691385
1.9 37.125 0.0754874
1.9 39.375 0.0765728
1.9 41.625 0.0864524
1.9 43.875 0.0748002
2.1 1.125 0.0272958
2.1 3.375 0.0270944
2.1 5.625 0.0279926
2.1 7.875 0.0281285
2.1 10.125 0.0272545
2.1 12.375 0.030663
2.1 14.625 0.0310727
2.1 16.875 0.0315766
2.1 19.125 0.0365779
2.1 21.375 0.0365987
2.1 23.625 0.0407144
2.1 25.875 0.0379795
2.1 28.125 0.0403025
2.1 30.375 0.0449074
2.1 32.625 0.0461562
2.1 34.875 0.0488185
2.1 37.125 0.0505683
2.1 39.375 0.0510592
2.1 41.625 0.0568504
2.1 43.875 0.0536937
2.3 1.125 0.0152457
2.3 3.375 0.0153729
2.3 5.625 0.0160579
2.3 7.875 0.0162783
2.3 10.125 0.0163117
2.3 12.375 0.0170088
2.3 14.625 0.0170951
2.3 16.875 0.0199817
2.3 19.125 0.0209216
2.3 21.375 0.020894
2.3 23.625 0.021537
2.3 25.875 0.0236528
2.3 28.125 0.0261389
2.3 30.375 0.0268489
2.3 32.625 0.0288276
2.3 34.875 0.0324492
2.3 37.125 0.0305594
2.3 39.375 0.0337224
2.3 41.625 0.0311328
2.3 43.875 0.0357011
2.5 1.125 0.00989555
2.5 3.375 0.0104464
2.5 5.625 0.00993587
2.5 7.875 0.0102266
2.5 10.125 0.0107207
2.5 12.375 0.0108228
2.5 14.625 0.0106956
2.5 16.875 0.0118567
2.5 19.125 0.0114471
2.5 21.375 0.0131369
2.5 23.625 0.0121719
2.5 25.875 0.0160758
2.5 28.125 0.0170525
2.5 30.375 0.019634
2.5 32.625 0.0213789
2.5 34.875 0.0227185
2.5 37.125 0.0228596
2.5 39.375 0.0226743
2.5 41.625 0.023649
2.5 43.875 0.0217479
2.7 1.125 0.00920496
2.7 3.375 0.0100352
2.7 5.625 0.0084808
2.7 7.875 0.0085245
2.7 10.125 0.00840395
2.7 12.375 0.00783113
2.7 14.625 0.00869359
2.7 16.875 0.0085522
2.7 19.125 0.0078027
2.7 21.375 0.00883186
2.7 23.625 0.00866824
2.7 25.875 0.0101943
2.7 28.125 0.0104345
2.7 30.375 0.0120051
2.7 32.625 0.0125693
2.7 34.875 0.0136199
2.7 37.125 0.0140669
2.7 39.375 0.0140094
2.7 41.625 0.0160813
2.7 43.875 0.0149611
2.9 1.125 0.00724013
2.9 3.375 0.00731935
2.9 5.625 0.00684894
2.9 7.875 0.00725321
2.9 10.125 0.00769566
2.9 12.375 0.00730319
2.9 14.625 0.00753649
2.9 16.875 0.00701542
2.9 19.125 0.00699456
2.9 21.375 0.00790065
2.9 23.625 0.00775427
2.9 25.875 0.00811178
2.9 28.125 0.00807106
2.9 30.375 0.00863026
2.9 32.625 0.00877522
2.9 34.875 0.00900109
2.9 37.125 0.00991754
2.9 39.375 0.009779
2.9 41.625 0.0106369
2.9 43.875 0.0106499
3.1 1.125 0.00643139
3.1 3.375 0.00626503
3.1 5.625 0.00613011
3.1 7.875 0.00610286
3.1 10.125 0.00669762
3.1 12.375 0.00608753
3.1 14.625 0.00594908
3.1 16.875 0.00782213
3.1 19.125 0.0065183
3.1 21.375 0.00617323
3.1 23.625 0.0060424
3.1 25.875 0.00732568
3.1 28.125 0.00708241
3.1 30.375 0.00750538
3.1 32.625 0.00640553
3.1 34.875 0.00746231
3.1 37.125 0.00708668
3.1 39.375 0.00812712
3.1 41.625 0.00829334
3.1 43.875 0.00900322
3.3 1.125 0.00624029
3.3 3.375 0.00517301
3.3 5.625 0.00536483
3.3 7.875 0.00524868
3.3 10.125 0.00578252
3.3 12.375 0.00525198
3.3 14.625 0.00507542
3.3 16.875 0.00711008
3.3 19.125 0.00519071
3.3 21.375 0.00561886
3.3 23.625 0.00562702
3.3 25.875 0.00604372
3.3 28.125 0.00647445
3.3 30.375 0.00598064
3.3 32.625 0.00589872
3.3 34.875 0.00633551
3.3 37.125 0.00583529
3.3 39.375 0.00661178
3.3 41.625 0.00592544
3.3 43.875 0.00675402
3.5 1.125 0.0056272
3.5 3.375 0.0048345
3.5 5.625 0.00499937
3.5 7.875 0.00510905
3.5 10.125 0.00479955
3.5 12.375 0.00487792
3.5 14.625 0.00503711
3.5 16.875 0.005453
3.5 19.125 0.00653435
3.5 21.375 0.00494798
3.5 23.625 0.00515684
3.5 25.875 0.00579762
3.5 28.125 0.00570883
3.5 30.375 0.00607171
3.5 32.625 0.00569844
3.5 34.875 0.00572908
3.5 37.125 0.00525897
3.5 39.375 0.00576854
3.5 41.625 0.00552162
3.5 43.875 0.00510766
3.7 1.125 0.00513237
3.7 3.375 0.00483169
3.7 5.625 0.00489949
3.7 7.875 0.0049917
3.7 10.125 0.00499559
3.7 12.375 0.00495885
3.7 14.625 0.00460853
3.7 16.875 0.00403605
3.7 19.125 0.00437512
3.7 21.375 0.00475807
3.7 23.625 0.00488522
3.7 25.875 0.00474676
3.7 28.125 0.00469575
3.7 30.375 0.00517097
3.7 32.625 0.00531475
3.7 34.875 0.0049282
3.7 37.125 0.00505583
3.7 39.375 0.00476884
3.7 41.625 0.00508712
3.7 43.875 0.00460146
3.9 1.125 0.00456618
3.9 3.375 0.00483605
3.9 5.625 0.00452924
3.9 7.875 0.00486184
3.9 10.125 0.00471926
3.9 12.375 0.00458313
3.9 14.625 0.00526303
3.9 16.875 0.00572987
3.9 19.125 0.00534372
3.9 21.375 0.00478222
3.9 23.625 0.00523291
3.9 25.875 0.004448
3.9 28.125 0.00455916
3.9 30.375 0.005127
3.9 32.625 0.00460459
3.9 34.875 0.0040819
3.9 37.125 0.00435227
3.9 39.375 0.00387084
3.9 41.625 0.00423247
3.9 43.875 0.00434372
4.1 1.125 0.00482508
4.1 3.375 0.00438932
4.1 5.625 0.00428933
4.1 7.875 0.00460314
4.1 10.125 0.00452955
4.1 12.375 0.00454526
4.1 14.625 0.00409121
4.1 16.875 0.00409592
4.1 19.125 0.00438763
4.1 21.375 0.00493174
4.1 23.625 0.0043404
4.1 25.875 0.00424069
4.1 28.125 0.00450813
4.1 30.375 0.00456177
4.1 32.625 0.00493034
4.1 34.875 0.00449019
4.1 37.125 0.00429764
4.1 39.375 0.00391285
4.1 41.625 0.00362348
4.1 43.875 0.00354626
4.3 1.125 0.0040838
4.3 3.375 0.00377146
4.3 5.625 0.00432374
4.3 7.875 0.00398143
4.3 10.125 0.0036591
4.3 12.375 0.00412159
4.3 14.625 0.00393965
4.3 16.875 0.00436013
4.3 19.125 0.00414416
4.3 21.375 0.00392572
4.3 23.625 0.00487343
4.3 25.875 0.00434629
4.3 28.125 0.00413739
4.3 30.375 0.00414315
4.3 32.625 0.0044802
4.3 34.875 0.00427663
4.3 37.125 0.0037727
4.3 39.375 0.00354916
4.3 41.625 0.004003
4.3 43.875 0.00353629
4.5 1.125 0.00364001
4.5 3.375 0.00378892
4.5 5.625 0.00368792
4.5 7.875 0.00375865
4.5 10.125 0.00378585
4.5 12.375 0.0039011
4.5 14.625 0.00398532
4.5 16.875 0.00383904
4.5 19.125 0.00445437
4.5 21.375 0.00432177
4.5 23.625 0.00393539
4.5 25.875 0.00474556
4.5 28.125 0.00381036
4.5 30.375 0.00412625
4.5 32.625 0.00407905
4.5 34.875 0.00354994
4.5 37.125 0.00385008
4.5 39.375 0.00408742
4.5 41.625 0.00353776
4.5 43.875 0.00372435
4.7 1.125 0.00326565
4.7 3.375 0.00332862
4.7 5.625 0.00358693
4.7 7.875 0.00353126
4.7 10.125 0.00306755
4.7 12.375 0.00361297
4.7 14.625 0.00386849
4.7 16.875 0.00338556
4.7 19.125 0.00330121
4.7 21.375 0.00390064
4.7 23.625 0.00453204
4.7 25.875 0.00374419
4.7 28.125 0.00364623
4.7 30.375 0.00348014
4.7 32.625 0.00340693
4.7 34.875 0.00383302
4.7 37.125 0.00360398
4.7 39.375 0.00304438
4.7 41.625 0.00346255
4.7 43.875 0.00293296
4.9 1.125 0.00333592
4.9 3.375 0.00266453
4.9 5.625 0.00333717
4.9 7.875 0.00316307
4.9 10.125 0.00327271
4.9 12.375 0.00494614
4.9 14.625 0.00319614
4.9 16.875 0.00342644
4.9 19.125 0.00412038
4.9 21.375 0.00392613
4.9 23.625 0.00325542
4.9 25.875 0.00337108
4.9 28.125 0.00336597
4.9 30.375 0.0032858
4.9 32.625 0.00328242
4.9 34.875 0.00333552
4.9 37.125 0.00347129
4.9 39.375 0.00319447
4.9 41.625 0.00334034
4.9 43.875 0.00335327
5.1 1.125 0.00304409
5.1 3.375 0.00306394
5.1 5.625 0.00304695
5.1 7.875 0.00331136
5.1 10.125 0.00296242
5.1 12.375 0.00317044
5.1 14.625 0.00475266
5.1 16.875 0.00333108
5.1 19.125 0.00296385
5.1 21.375 0.00312896
5.1 23.625 0.00323621
5.1 25.875 0.00385293
5.1 28.125 0.0032485
5.1 30.375 0.0033295
5.1 32.625 0.00328321
5.1 34.875 0.00290912
5.1 37.125 0.00356217
5.1 39.375 0.00330248
5.1 41.625 0.0033617
5.1 43.875 0.00257102
5.3 1.125 0.00328305
5.3 3.375 0.00278954
5.3 5.625 0.00282562
5.3 7.875 0.00232336
5.3 10.125 0.0029395
5.3 12.375 0.00269713
5.3 14.625 0.00316585
5.3 16.875 0.00322359
5.3 19.125 0.0028935
5.3 21.375 0.00326444
5.3 23.625 0.0031337
5.3 25.875 0.00330386
5.3 28.125 0.00297093
5.3 30.375 0.00266371
5.3 32.625 0.00356068
5.3 34.875 0.00297068
5.3 37.125 0.00338256
5.3 39.375 0.00234439
5.3 41.625 0.00262656
5.3 43.875 0.00256251
5.5 1.125 0.00296571
5.5 3.375 0.00306706
5.5 5.625 0.0027398
5.5 7.875 0.00245742
5.5 10.125 0.00265393
5.5 12.375 0.00245442
5.5 14.625 0.00264414
5.5 16.875 0.00286722
5.5 19.125 0.00281801
5.5 21.375 0.00300706
5.5 23.625 0.00280276
5.5 25.875 0.00318316
5.5 28.125 0.00277333
5.5 30.375 0.00303656
5.5 32.625 0.00264067
5.5 34.875 0.00241065
5.5 37.125 0.00274224
5.5 39.375 0.00295792
5.5 41.625 0.00395152
5.5 43.875 0.00361695
5.7 1.125 0.00294901
5.7 3.375 0.002763
5.7 5.625 0.00288956
5.7 7.875 0.00265813
5.7 10.125 0.00500051
5.7 12.375 0.00261593
5.7 14.625 0.00479099
5.7 16.875 0.00236606
5.7 19.125 0.00256962
5.7 21.375 0.00300221
5.7 23.625 0.00279854
5.7 25.875 0.00269084
5.7 28.125 0.00299858
5.7 30.375 0.00270965
5.7 32.625 0.00257987
5.7 34.875 0.00307409
5.7 37.125 0.00265057
5.7 39.375 0.0028256
5.7 41.625 0.00320105
5.7 43.875 0.00286246
5.9 1.125 0.0029173
5.9 3.375 0.00246203
5.9 5.625 0.00248556
5.9 7.875 0.00274043
5.9 10.125 0.0022125
5.9 12.375 0.00197903
5.9 14.625 0.002421
5.9 16.875 0.00232982
5.9 19.125 0.00243974
5.9 21.375 0.00233198
5.9 23.625 0.00272714
5.9 25.875 0.00252459
5.9 28.125 0.0033471
5.9 30.375 0.00254225
5.9 32.625 0.00278964
5.9 34.875 0.00215971
5.9 37.125 0.00275003
5.9 39.375 0.00271861
5.9 41.625 0.00306397
5.9 43.875 0.00271494
6.1 1.125 0.00291799
6.1 3.375 0.00256219
6.1 5.625 0.00254537
6.1 7.875 0.00265898
6.1 10.125 0.00304977
6.1 12.375 0.00333039
6.1 14.625 0.00282249
6.1 16.875 0.0027384
6.1 19.125 0.00651264
6.1 21.375 0.00322726
6.1 23.625 0.00248153
6.1 25.875 0.00256008
6.1 28.125 0.00271279
6.1 30.375 0.00251099
6.1 32.625 0.00250452
6.1 34.875 0.00335158
6.1 37.125 0.00275796
6.1 39.375 0.00288019
6.1 41.625 0.00295182
6.1 43.875 0.00263401
6.3 1.125 0.00261947
6.3 3.375 0.00247513
6.3 5.625 0.00308656
6.3 7.875 0.00252315
6.3 10.125 0.00260049
6.3 12.375 0.00330858
6.3 14.625 0.00327228
6.3 16.875 0.00254534
6.3 19.125 0.00263475
6.3 21.375 0.00252585
6.3 23.625 0.00261663
6.3 25.875 0.00244688
6.3 28.125 0.00258721
6.3 30.375 0.00320324
6.3 32.625 0.00272236
6.3 34.875 0.00280394
6.3 37.125 0.00238232
6.3 39.375 0.00252395
6.3 41.625 0.00248507
6.3 43.875 0.00281262
6.5 1.125 0.00287974
6.5 3.375 0.00280883
6.5 5.625 0.00274605
6.5 7.875 0.0030876
6.5 10.125 0.00259679
6.5 12.375 0.00282629
6.5 14.625 0.00295015
6.5 16.875 0.00308919
6.5 19.125 0.00275937
6.5 21.375 0.00264668
6.5 23.625 0.00262484
6.5 25.875 0.00249074
6.5 28.125 0.00283071
6.5 30.375 0.00200895
6.5 32.625 0.00264773
6.5 34.875 0.00236956
6.5 37.125 0.00243745
6.5 39.375 0.00265064
6.5 41.625 0.00252515
6.5 43.875 0.0053494
6.7 1.125 0.00269061
6.7 3.375 0.00250258
6.7 5.625 0.00250386
6.7 7.875 0.00247713
6.7 10.125 0.00237672
6.7 12.375 0.00256472
6.7 14.625 0.00254022
6.7 16.875 0.00259995
6.7 19.125 0.00267059
6.7 21.375 0.00307447
6.7 23.625 0.00289715
6.7 25.875 0.00252116
6.7 28.125 0.0068029
6.7 30.375 0.00262763
6.7 32.625 0.00252168
6.7 34.875 0.00243781
6.7 37.125 0.00248792
6.7 39.375 0.00237912
6.7 41.625 0.00233015
6.7 43.875 0.00243086
6.9 1.125 0.00297932
6.9 3.375 0.0021407
6.9 5.625 0.00269086
6.9 7.875 0.00240492
6.9 10.125 0.00291117
6.9 12.375 0.00268322
6.9 14.625 0.00221772
6.9 16.875 0.00264658
6.9 19.125 0.00234086
6.9 21.375 0.00248853
6.9 23.625 0.00247583
6.9 25.875 0.0029733
6.9 28.125 0.00239658
6.9 30.375 0.00218413
6.9 32.625 0.00248741
6.9 34.875 0.00243025
6.9 37.125 0.00268118
6.9 39.375 0.00265317
6.9 41.625 0.00269854
6.9 43.875 0.00270305
7.1 1.125 0.0026724
7.1 3.375 0.00241546
7.1 5.625 0.00486347
7.1 7.875 0.00237085
7.1 10.125 0.00245373
7.1 12.375 0.00249611
7.1 14.625 0.00230399
7.1 16.875 0.0025684
7.1 19.125 0.00262726
7.1 21.375 0.00213329
7.1 23.625 0.00251258
7.1 25.875 0.00266049
7.1 28.125 0.00287707
7.1 30.375 0.0020003
7.1 32.625 0.00252048
7.1 34.875 0.00321483
7.1 37.125 0.00246861
7.1 39.375 0.00258965
7.1 41.625 0.00240624
7.1 43.875 0.00290101
7.3 1.125 0.00262726
7.3 3.375 0.00226068
7.3 5.625 0.00223689
7.3 7.875 0.00225188
7.3 10.125 0.00322551
7.3 12.375 0.00240095
7.3 14.625 0.0025606
7.3 16.875 0.00250941
7.3 19.125 0.00268058
7.3 21.375 0.00221526
7.3 23.625 0.00267725
7.3 25.875 0.00227976
7.3 28.125 0.00226698
7.3 30.375 0.00188396
7.3 32.625 0.00228592
7.3 34.875 0.00259028
7.3 37.125 0.0022092
7.3 39.375 0.00276254
7.3 41.625 0.00208934
7.3 43.875 0.00291068
7.5 1.125 0.0023042
7.5 3.375 0.00210302
7.5 5.625 0.0023266
7.5 7.875 0.00238908
7.5 10.125 0.00254626
7.5 12.375 0.00210713
7.5 14.625 0.00230988
7.5 16.875 0.00226784
7.5 19.125 0.00226314
7.5 21.375 0.00255509
7.5 23.625 0.00228369
7.5 25.875 0.00209237
7.5 28.125 0.00255565
7.5 30.375 0.00194478
7.5 32.625 0.00242514
7.5 34.875 0.002503
7.5 37.125 0.00221903
7.5 39.375 0.00211663
7.5 41.625 0.00234226
7.5 43.875 0.00280585
7.7 1.125 0.00218373
7.7 3.375 0.00244373
7.7 5.625 0.00194333
7.7 7.875 0.00222701
7.7 10.125 0.00248838
7.7 12.375 0.00250532
7.7 14.625 0.00228831
7.7 16.875 0.0058344
7.7 19.125 0.00207294
7.7 21.375 0.00681652
7.7 23.625 0.00386587
7.7 25.875 0.00260935
7.7 28.125 0.00281611
7.7 30.375 0.00268613
7.7 32.625 0.00256838
7.7 34.875 0.00271666
7.7 37.125 0.00196092
7.7 39.375 0.00215843
7.7 41.625 0.00244606
7.7 43.875 0.00218694
7.9 1.125 0.00222091
7.9 3.375 0.00266732
7.9 5.625 0.00292401
7.9 7.875 0.00238881
7.9 10.125 0.00228906
7.9 12.375 0.00246118
7.9 14.625 0.00210369
7.9 16.875 0.00235358
7.9 19.125 0.00261541
7.9 21.375 0.00230222
7.9 23.625 0.00230589
7.9 25.875 0.00237121
7.9 28.125 0.0026636
7.9 30.375 0.00263758
7.9 32.625 0.00260711
7.9 34.875 0.00245757
7.9 37.125 0.00231824
7.9 39.375 0.00225074
7.9 41.625 0.00259879
7.9 43.875 0.00241975
8.1 1.125 0.00228253
8.1 3.375 0.00268414
8.1 5.625 0.00195034
8.1 7.875 0.00200993
8.1 10.125 0.00250243
8.1 12.375 0.00231407
8.1 14.625 0.00239648
8.1 16.875 0.00277467
8.1 19.125 0.00192768
8.1 21.375 0.00221801
8.1 23.625 0.00229987
8.1 25.875 0.00223323
8.1 28.125 0.00217782
8.1 30.375 0.00255905
8.1 32.625 0.00202667
8.1 34.875 0.00206726
8.1 37.125 0.0021213
8.1 39.375 0.00238713
8.1 41.625 0.00227423
8.1 43.875 0.00247508
8.3 1.125 0.00261784
8.3 3.375 0.00264528
8.3 5.625 0.00168455
8.3 7.875 0.00203207
8.3 10.125 0.0028627
8.3 12.375 0.00179324
8.3 14.625 0.00416562
8.3 16.875 0.0023456
8.3 19.125 0.00202951
8.3 21.375 0.00185911
8.3 23.625 0.0025429
8.3 25.875 0.00226295
8.3 28.125 0.0019793
8.3 30.375 0.00277019
8.3 32.625 0.00264276
8.3 34.875 0.00222097
8.3 37.125 0.00208783
8.3 39.375 0.00211157
8.3 41.625 0.00202175
8.3 43.875 0.00254901
8.5 1.125 0.00226862
8.5 3.375 0.0022307
8.5 5.625 0.00279212
8.5 7.875 0.00175973
8.5 10.125 0.00246669
8.5 12.375 0.00282777
8.5 14.625 0.00219352
8.5 16.875 0.00188918
8.5 19.125 0.00223252
8.5 21.375 0.00196417
8.5 23.625 0.00211035
8.5 25.875 0.00258577
8.5 28.125 0.00198598
8.5 30.375 0.0022647
8.5 32.625 0.00239813
8.5 34.875 0.00244663
8.5 37.125 0.002574
8.5 39.375 0.00289664
8.5 41.625 0.00196861
8.5 43.875 0.00255617
8.7 1.125 0.00228544
8.7 3.375 0.00241206
8.7 5.625 0.00202906
8.7 7.875 0.00182907
8.7 10.125 0.00249427
8.7 12.375 0.00179513
8.7 14.625 0.00274772
8.7 16.875 0.00201826
8.7 19.125 0.00249282
8.7 21.375 0.00221582
8.7 23.625 0.00184081
8.7 25.875 0.00177914
8.7 28.125 0.00201826
8.7 30.375 0.00225416
8.7 32.625 0.0023477
8.7 34.875 0.00195283
8.7 37.125 0.00218042
8.7 39.375 0.00229849
8.7 41.625 0.00267359
8.7 43.875 0.00280042
8.9 1.125 0.00211948
8.9 3.375 0.0024173
8.9 5.625 0.00237126
8.9 7.875 0.00247611
8.9 10.125 0.00219986
8.9 12.375 0.00292786
8.9 14.625 0.00215785
8.9 16.875 0.0020059
8.9 19.125 0.002051
8.9 21.375 0.00243123
8.9 23.625 0.00160089
8.9 25.875 0.00317962
8.9 28.125 0.00236588
8.9 30.375 0.00212698
8.9 32.625 0.00243382
8.9 34.875 0.00201765
8.9 37.125 0.00223798
8.9 39.375 0.00208977
8.9 41.625 0.0018715
8.9 43.875 0.00186586
9.1 1.125 0.00269487
9.1 3.375 0.00240842
9.1 5.625 0.00209195
9.1 7.875 0.00181552
9.1 10.125 0.0028089
9.1 12.375 0.00170583
9.1 14.625 0.00204982
9.1 16.875 0.00236768
9.1 19.125 0.0023541
9.1 21.375 0.00480917
9.1 23.625 0.00189876
9.1 25.875 0.00336339
9.1 28.125 0.00208805
9.1 30.375 0.00226683
9.1 32.625 0.0018453
9.1 34.875 0.00219856
9.1 37.125 0.00227296
9.1 39.375 0.00172254
9.1 41.625 0.00158661
9.1 43.875 0.00297381
9.3 1.125 0.00238081
9.3 3.375 0.00252004
9.3 5.625 0.00214493
9.3 7.875 0.00179562
9.3 10.125 0.00208885
9.3 12.375 0.00202139
9.3 14.625 0.00236195
9.3 16.875 0.00229291
9.3 19.125 0.00196475
9.3 21.375 0.00208395
9.3 23.625 0.00249625
9.3 25.875 0.00187181
9.3 28.125 0.00230985
9.3 30.375 0.00214224
9.3 32.625 0.00199847
9.3 34.875 0.00159311
9.3 37.125 0.00218803
9.3 39.375 0.0028694
9.3 41.625 0.00233146
9.3 43.875 0.00240129
9.5 1.125 0.00235099
9.5 3.375 0.00200512
9.5 5.625 0.00226891
9.5 7.875 0.00232912
9.5 10.125 0.00300893
9.5 12.375 0.00279384
9.5 14.625 0.00212474
9.5 16.875 0.00187791
9.5 19.125 0.00252764
9.5 21.375 0.0022763
9.5 23.625 0.00228096
9.5 25.875 0.00223952
9.5 28.125 0.00217962
9.5 30.375 0.00189484
9.5 32.625 0.0019485
9.5 34.875 0.0025987
9.5 37.125 0.00249368
9.5 39.375 0.00272328
9.5 41.625 0.00208895
9.5 43.875 0.00276273
9.7 1.125 0.00254224
9.7 3.375 0.00247967
9.7 5.625 0.00216523
9.7 7.875 0.00265408
9.7 10.125 0.00197208
9.7 12.375 0.0021451
9.7 14.625 0.00208404
9.7 16.875 0.00234841
9.7 19.125 0.00178693
9.7 21.375 0.00230917
9.7 23.625 0.00169813
9.7 25.875 0.00251906
9.7 28.125 0.00194262
9.7 30.375 0.00317672
9.7 32.625 0.00182686
9.7 34.875 0.002491
9.7 37.125 0.00194114
9.7 39.375 0.00218931
9.7 41.625 0.00202108
9.7 43.875 0.00226559
9.9 1.125 0.00168658
9.9 3.375 0.00255336
9.9 5.625 0.00226284
9.9 7.875 0.00156584
9.9 10.125 0.00209715
9.9 12.375 0.00221775
9.9 14.625 0.00239685
9.9 16.875 0.00226331
9.9 19.125 0.00199528
9.9 21.375 0.00249141
9.9 23.625 0.00172693
9.9 25.875 0.00191886
9.9 28.125 0.00206879
9.9 30.375 0.002588
9.9 32.625 0.00299693
9.9 34.875 0.00158281
9.9 37.125 0.00273681
9.9 39.375 0.00240051
9.9 41.625 0.00242382
9.9 43.875 0.00276523
10.1 1.125 0.00219229
10.1 3.375 0.00198077
10.1 5.625 0.00185296
10.1 7.875 0.00233158
10.1 10.125 0.00180085
10.1 12.375 0.00247548
10.1 14.625 0.00205453
10.1 16.875 0.00192582
10.1 19.125 0.00266761
10.1 21.375 0.00277855
10.1 23.625 0.00262567
10.1 25.875 0.00209857
10.1 28.125 0.00189084
10.1 30.375 0.00172784
10.1 32.625 0.00253299
10.1 34.875 0.00193102
10.1 37.125 0.00191143
10.1 39.375 0.00211116
10.1 41.625 0.00207096
10.1 43.875 0.00214615
10.3 1.125 0.00233813
10.3 3.375 0.00181114
10.3 5.625 0.00200963
10.3 7.875 0.00301747
10.3 10.125 0.00174775
10.3 12.375 0.00194009
10.3 14.625 0.00211205
10.3 16.875 0.00323642
10.3 19.125 0.00234741
10.3 21.375 0.00263603
10.3 23.625 0.00251883
10.3 25.875 0.00188292
10.3 28.125 0.00198623
10.3 30.375 0.0021362
10.3 32.625 0.00213262
10.3 34.875 0.00209696
10.3 37.125 0.00177985
10.3 39.375 0.00283717
10.3 41.625 0.00232498
10.3 43.875 0.00248299
10.5 1.125 0.00189483
10.5 3.375 0.00279127
10.5 5.625 0.00187803
10.5 7.875 0.00247203
10.5 10.125 0.00167981
10.5 12.375 0.00237505
10.5 14.625 0.00196961
10.5 16.875 0.00201108
10.5 19.125 0.00244717
10.5 21.375 0.00181769
10.5 23.625 0.00261358
10.5 25.875 0.00242767
10.5 28.125 0.00183581
10.5 30.375 0.00282158
10.5 32.625 0.00219328
10.5 34.875 0.00241986
10.5 37.125 0.00163075
10.5 39.375 0.00186775
10.5 41.625 0.00241841
10.5 43.875 0.00234613
10.7 1.125 0.00191126
10.7 3.375 0.00136261
10.7 5.625 0.001637
10.7 7.875 0.00184793
10.7 10.125 0.00183114
10.7 12.375 0.00213815
10.7 14.625 0.00245652
10.7 16.875 0.00195015
10.7 19.125 0.00184962
10.7 21.375 0.00175506
10.7 23.625 0.00324236
10.7 25.875 0.00265102
10.7 28.125 0.00238139
10.7 30.375 0.00222815
10.7 32.625 0.00216637
10.7 34.875 0.0026798
10.7 37.125 0.00282915
10.7 39.375 0.00194032
10.7 41.625 0.0017231
10.7 43.875 0.0020203
10.9 1.125 0.0016605
10.9 3.375 0.00259917
10.9 5.625 0.00130624
10.9 7.875 0.00190391
10.9 10.125 0.00249278
10.9 12.375 0.0023515
10.9 14.625 0.00153099
10.9 16.875 0.00231638
10.9 19.125 0.00228615
10.9 21.375 0.00146372
10.9 23.625 0.00188425
10.9 25.875 0.00205684
10.9 28.125 0.00217701
10.9 30.375 0.00264799
10.9 32.625 0.00143877
10.9 34.875 0.00172346
10.9 37.125 0.00144505
10.9 39.375 0.00239185
10.9 41.625 0.00230191
10.9 43.875 0.00241446
11.1 1.125 0.00184645
11.1 3.375 0.00173885
11.1 5.625 0.00199102
11.1 7.875 0.0017131
11.1 10.125 0.00186762
11.1 12.375 0.00263048
11.1 14.625 0.00258378
11.1 16.875 0.00308214
11.1 19.125 0.00240917
11.1 21.375 0.00229882
11.1 23.625 0.00212496
11.1 25.875 0.00223188
11.1 28.125 0.00256484
11.1 30.375 0.00269517
11.1 32.625 0.00218725
11.1 34.875 0.00226912
11.1 37.125 0.00219098
11.1 39.375 0.00228608
11.1 41.625 0.00204019
11.1 43.875 0.00224686
11.3 1.125 0.00226359
11.3 3.375 0.00178303
11.3 5.625 0.00198261
11.3 7.875 0.00229791
11.3 10.125 0.00236617
11.3 12.375 0.00188896
11.3 14.625 0.00228668
11.3 16.875 0.00148344
11.3 19.125 0.00212436
11.3 21.375 0.00401702
11.3 23.625 0.00220183
11.3 25.875 0.00195343
11.3 28.125 0.00264744
11.3 30.375 0.0019233
11.3 32.625 0.00275967
11.3 34.875 0.00236242
11.3 37.125 0.00267464
11.3 39.375 0.00226712
11.3 41.625 0.00175067
11.3 43.875 0.0018726
11.5 1.125 0.00247382
11.5 3.375 0.00214064
11.5 5.625 0.00130515
11.5 7.875 0.00249929
11.5 10.125 0.00206542
11.5 12.375 0.00264285
11.5 14.625 0.00183925
11.5 16.875 0.00203511
11.5 19.125 0.00223558
11.5 21.375 0.00177914
11.5 23.625 0.00202613
11.5 25.875 0.00180065
11.5 28.125 0.00337815
11.5 30.375 0.002354
11.5 32.625 0.00248564
11.5 34.875 0.00194288
11.5 37.125 0.00197447
11.5 39.375 0.00205174
11.5 41.625 0.00197273
11.5 43.875 0.00255446
11.7 1.125 0.00201009
11.7 3.375 0.00146376
11.7 5.625 0.00171761
11.7 7.875 0.0020473
11.7 10.125 0.00226714
11.7 12.375 0.00217324
11.7 14.625 0.00280753
11.7 16.875 0.000853866
11.7 19.125 0.00279431
11.7 21.375 0.00223949
11.7 23.625 0.00206081
11.7 25.875 0.00188396
11.7 28.125 0.00208829
11.7 30.375 0.00238474
11.7 32.625 0.00173276
11.7 34.875 0.00175249
11.7 37.125 0.00203675
11.7 39.375 0.00166571
11.7 41.625 0.00130882
11.7 43.875 0.00212403
11.9 1.125 0.00206041
11.9 3.375 0.00229775
11.9 5.625 0.00196552
11.9 7.875 0.00214207
11.9 10.125 0.00184649
11.9 12.375 0.00220324
11.9 14.625 0.00206145
11.9 16.875 0.00140756
11.9 19.125 0.00307627
11.9 21.375 0.00252714
11.9 23.625 0.00153031
11.9 25.875 0.00233069
11.9 28.125 0.00264037
11.9 30.375 0.00213686
11.9 32.625 0.00156494
11.9 34.875 0.00220161
11.9 37.125 0.00243848
11.9 39.375 0.00154631
11.9 41.625 0.00205284
11.9 43.875 0.00180085
12.1 1.125 0.00174698
12.1 3.375 0.00188763
12.1 5.625 0.00208084
12.1 7.875 0.00163643
12.1 10.125 0.00231783
12.1 12.375 0.00285183
12.1 14.625 0.00170692
12.1 16.875 0.00232722
12.1 19.125 0.00191567
12.1 21.375 0.00247102
12.1 23.625 0.00166804
12.1 25.875 0.00216983
12.1 28.125 0.00226774
12.1 30.375 0.00208041
12.1 32.625 0.00196512
12.1 34.875 0.00280374
12.1 37.125 0.00213137
12.1 39.375 0.00141256
12.1 41.625 0.00201931
12.1 43.875 0.00210733
12.3 1.125 0.00198554
12.3 3.375 0.00204944
12.3 5.625 0.0206958
12.3 7.875 0.001912
12.3 10.125 0.00236935
12.3 12.375 0.00215378
12.3 14.625 0.00241471
12.3 16.875 0.00211283
12.3 19.125 0.00161714
12.3 21.375 0.00204642
12.3 23.625 0.00258343
12.3 25.875 0.00345996
12.3 28.125 0.0018767
12.3 30.375 0.00142281
12.3 32.625 0.0027977
12.3 34.875 0.00241814
12.3 37.125 0.00184639
12.3 39.375 0.00150854
12.3 41.625 0.00197506
12.3 43.875 0.00230321
12.5 1.125 0.00154009
12.5 3.375 0.00202239
12.5 5.625 0.00230896
12.5 7.875 0.0022465
12.5 10.125 0.00160522
12.5 12.375 0.00178736
12.5 14.625 0.00319244
12.5 16.875 0.00432788
12.5 19.125 0.00186257
12.5 21.375 0.00251862
12.5 23.625 0.00218553
12.5 25.875 0.00126985
12.5 28.125 0.00235665
12.5 30.375 0.00345721
12.5 32.625 0.0020005
12.5 34.875 0.00135547
12.5 37.125 0.00152197
12.5 39.375 0.00227841
12.5 41.625 0.00150156
12.5 43.875 0.00217029
12.7 1.125 0.00231238
12.7 3.375 0.00171364
12.7 5.625 0.00206959
12.7 7.875 0.00226467
12.7 10.125 0.00156039
12.7 12.375 0.00186271
12.7 14.625 0.00152763
12.7 16.875 0.00179733
12.7 19.125 0.00200789
12.7 21.375 0.0031099
12.7 23.625 0.00165869
12.7 25.875 0.00217503
12.7 28.125 0.00317771
12.7 30.375 0.00158445
12.7 32.625 0.00158569
12.7 34.875 0.00177046
12.7 37.125 0.00188192
12.7 39.375 0.00369207
12.7 41.625 0.00133731
12.7 43.875 0.00167555
12.9 1.125 0.00223786
12.9 3.375 0.00140147
12.9 5.625 0.00169933
12.9 7.875 0.00221233
12.9 10.125 0.00297067
12.9 12.375 0.0015603
12.9 14.625 0.00141339
12.9 16.875 0.00255334
12.9 19.125 0.00523662
12.9 21.375 0.00389608
12.9 23.625 0.00155402
12.9 25.875 0.00256028
12.9 28.125 0.00134459
12.9 30.375 0.00217696
12.9 32.625 0.0013977
12.9 34.875 0.00314653
12.9 37.125 0.00165943
12.9 39.375 0.0154943
12.9 41.625 0.00318714
13.1 1.125 0.00210966
13.1 3.375 0.0018659
13.1 5.625 0.001579
13.1 7.875 0.00222711
13.1 10.125 0.00145362
13.1 12.375 0.00176686
13.1 14.625 0.00259599
13.1 16.875 0.00184497
13.1 19.125 0.00218807
13.1 21.375 0.00351799
13.1 23.625 0.00239765
13.1 25.875 0.00131138
13.1 28.125 0.00185245
13.1 30.375 0.00224301
13.1 32.625 0.00417667
13.1 34.875 0.00198915
13.1 37.125 0.00206131
13.1 39.375 0.00123066
13.1 41.625 0.00191204
13.1 43.875 0.00207091
13.3 1.125 0.00182315
13.3 3.375 0.00186048
13.3 5.625 0.00209282
13.3 7.875 0.0017849
13.3 10.125 0.00159275
13.3 12.375 0.00129482
13.3 14.625 0.00126861
13.3 16.875 0.00179302
13.3 19.125 0.00179412
13.3 21.375 0.00174413
13.3 23.625 0.0022004
13.3 25.875 0.00238261
13.3 28.125 0.00286067
13.3 30.375 0.00383581
13.3 32.625 0.00260019
13.3 34.875 0.00166605
13.3 37.125 0.0016369
13.3 41.625 0.00165474
13.5 1.125 0.00268527
13.5 3.375 0.00165235
13.5 5.625 0.00203123
13.5 7.875 0.0012768
13.5 10.125 0.00173901
13.5 12.375 0.00200135
13.5 14.625 0.00315023
13.5 16.875 0.00154776
13.5 19.125 0.00185514
13.5 21.375 0.00229224
13.5 23.625 0.00179104
13.5 25.875 0.00234392
13.5 28.125 0.00142193
13.5 30.375 0.00206126
13.5 32.625 0.00121363
13.5 34.875 0.00189572
13.5 37.125 0.00355406
13.5 39.375 0.00178559
13.5 43.875 0.00146143
13.7 7.875 0.000975573
13.7 10.125 0.00205326
13.7 16.875 0.00209727
13.7 19.125 0.00180407
13.7 21.375 0.00178552
13.7 23.625 0.00158117
13.7 25.875 0.00201545
13.7 28.125 0.00188593
13.7 30.375 0.00240089
13.7 32.625 0.0014812
13.7 34.875 0.00187098
13.7 39.375 0.00160121
13.7 41.625 0.00209114
13.7 43.875 0.00203668
13.9 1.125 0.00168422
13.9 5.625 0.0118968
13.9 7.875 0.00200491
13.9 12.375 0.0019865
13.9 16.875 0.00263362
13.9 19.125 0.00237757
13.9 21.375 0.00224729
13.9 23.625 0.00164339
13.9 25.875 0.00151953
13.9 28.125 0.00333367
13.9 30.375 0.000844282
13.9 32.625 0.0032524
13.9 34.875 0.00368809
13.9 37.125 0.00232286
13.9 39.375 0.00440933
13.9 41.625 0.00256587
13.9 43.875 0.00282709
