0.1 1.125 0.585731
0.1 3.375 0.582996
0.1 5.625 0.597984
0.1 7.875 0.533804
0.1 10.125 0.576342
0.1 12.375 0.560511
0.1 14.625 0.592809
0.1 16.875 0.49732
0.1 19.125 0.581455
0.1 21.375 0.504171
0.1 23.625 0.582461
0.1 25.875 0.588805
0.1 28.125 0.591052
0.1 30.375 0.537461
0.1 32.625 0.48703
0.1 34.875 0.546804
0.1 37.125 0.600338
0.1 39.375 0.551503
0.1 41.625 0.592659
0.1 43.875 0.578848
0.3 1.125 0.575956
0.3 3.375 0.582732
0.3 5.625 0.574382
0.3 7.875 0.579157
0.3 10.125 0.581273
0.3 12.375 0.569712
0.3 14.625 0.570692
0.3 16.875 0.570999
0.3 19.125 0.57318
0.3 21.375 0.565353
0.3 23.625 0.552683
0.3 25.875 0.570747
0.3 28.125 0.572793
0.3 30.375 0.57293
0.3 32.625 0.575747
0.3 34.875 0.562751
0.3 37.125 0.575063
0.3 39.375 0.568452
0.3 41.625 0.569838
0.3 43.875 0.571748
0.5 1.125 0.558623
0.5 3.375 0.560625
0.5 5.625 0.559064
0.5 7.875 0.53746
0.5 10.125 0.551837
0.5 12.375 0.562196
0.5 14.625 0.55499
0.5 16.875 0.552024
0.5 19.125 0.557797
0.5 21.375 0.55497
0.5 23.625 0.548943
0.5 25.875 0.540519
0.5 28.125 0.553114
0.5 30.375 0.554984
0.5 32.625 0.529762
0.5 34.875 0.544875
0.5 37.125 0.533966
0.5 39.375 0.549468
0.5 41.625 0.527286
0.5 43.875 0.556787
0.7 1.125 0.528208
0.7 3.375 0.521856
0.7 5.625 0.532644
0.7 7.875 0.519816
0.7 10.125 0.516858
0.7 12.375 0.518113
0.7 14.625 0.516908
0.7 16.875 0.516338
0.7 19.125 0.527556
0.7 21.375 0.52189
0.7 23.625 0.518163
0.7 25.875 0.509998
0.7 28.125 0.514489
0.7 30.375 0.512946
0.7 32.625 0.519214
0.7 34.875 0.505413
0.7 37.125 0.510216
0.7 39.375 0.514965
0.7 41.625 0.5115
0.7 43.875 0.507997
0.9 1.125 0.470542
0.9 3.375 0.462023
0.9 5.625 0.469444
0.9 7.875 0.460133
0.9 10.125 0.466058
0.9 12.375 0.474145
0.9 14.625 0.464441
0.9 16.875 0.465864
0.9 19.125 0.461239
0.9 21.375 0.456535
0.9 23.625 0.457072
0.9 25.875 0.456043
0.9 28.125 0.460756
0.9 30.375 0.467022
0.9 32.625 0.465357
0.9 34.875 0.443886
0.9 37.125 0.440642
0.9 39.375 0.473814
0.9 41.625 0.480692
0.9 43.875 0.46039
1.1 1.125 0.350655
1.1 3.375 0.362244
1.1 5.625 0.374312
1.1 7.875 0.360278
1.1 10.125 0.350705
1.1 12.375 0.370012
1.1 14.625 0.359065
1.1 16.875 0.365758
1.1 19.125 0.363077
1.1 21.375 0.361142
1.1 23.625 0.356762
1.1 25.875 0.382535
1.1 28.125 0.389868
1.1 30.375 0.384291
1.1 32.625 0.417148
1.1 34.875 0.394713
1.1 37.125 0.397213
1.1 39.375 0.409733
1.1 41.625 0.413483
1.1 43.875 0.406866
1.3 1.125 0.213568
1.3 3.375 0.235316
1.3 5.625 0.234095
1.3 7.875 0.227717
1.3 10.125 0.242256
1.3 12.375 0.255329
1.3 14.625 0.248668
1.3 16.875 0.235029
1.3 19.125 0.254825
1.3 21.375 0.279442
1.3 23.625 0.279874
1.3 25.875 0.289795
1.3 28.125 0.290895
1.3 30.375 0.294613
1.3 32.625 0.310575
1.3 34.875 0.320394
1.3 37.125 0.305672
1.3 39.375 0.302673
1.3 41.625 0.316372
1.3 43.875 0.351775
1.5 1.125 0.131576
1.5 3.375 0.125301
1.5 5.625 0.133966
1.5 7.875 0.137861
1.5 10.125 0.143127
1.5 12.375 0.141995
1.5 14.625 0.145419
1.5 16.875 0.155068
1.5 19.125 0.168715
1.5 21.375 0.171994
1.5 23.625 0.18734
1.5 25.875 0.202259
1.5 28.125 0.216107
1.5 30.375 0.209054
1.5 32.625 0.216027
1.5 34.875 0.229729
1.5 37.125 0.220403
1.5 39.375 0.240988
1.5 41.625 0.238156
1.5 43.875 0.22789
1.7 1.125 0.0758005
1.7 3.375 0.0774138
1.7 5.625 0.0808302
1.7 7.875 0.0838946
1.7 10.125 0.0840606
1.7 12.375 0.0863212
1.7 14.625 0.089294
1.7 16.875 0.102482
1.7 19.125 0.0989151
1.7 21.375 0.100745
1.7 23.625 0.124624
1.7 25.875 0.110284
1.7 28.125 0.131655
1.7 30.375 0.118568
1.7 32.625 0.124288
1.7 34.875 0.134467
1.7 37.125 0.143967
1.7 39.375 0.149568
1.7 41.625 0.152497
1.7 43.875 0.143612
1.9 1.125 0.0498602
1.9 3.375 0.0470641
1.9 5.625 0.0491645
1.9 7.875 0.0493668
1.9 10.125 0.054652
1.9 12.375 0.0572409
1.9 14.625 0.0560324
1.9 16.875 0.0616843
1.9 19.125 0.0691136
1.9 21.375 0.0738119
1.9 23.625 0.0667141
1.9 25.875 0.0734314
1.9 28.125 0.0751135
1.9 30.375 0.0751468
1.9 32.625 0.0747097
1.9 34.875 0.0864998
1.9 37.125 0.0889326
1.9 39.375 0.0799092
1.9 41.625 0.0898361
1.9 43.875 0.0870027
2.1 1.125 0.0317828
2.1 3.375 0.0308874
2.1 5.625 0.0346812
2.1 7.875 0.0324011
2.1 10.125 0.033405
2.1 12.375 0.0333065
2.1 14.625 0.0382512
2.1 16.875 0.0372817
2.1 19.125 0.0413454
2.1 21.375 0.0422175
2.1 23.625 0.0431876
2.1 25.875 0.0419026
2.1 28.125 0.0438099
2.1 30.375 0.0539915
2.1 32.625 0.0495464
2.1 34.875 0.0507358
2.1 37.125 0.0512282
2.1 39.375 0.0537681
2.1 41.625 0.0565205
2.1 43.875 0.0585251
2.3 1.125 0.0191361
2.3 3.375 0.0176656
2.3 5.625 0.0191961
2.3 7.875 0.0172628
2.3 10.125 0.0204945
2.3 12.375 0.0188472
2.3 14.625 0.0205624
2.3 16.875 0.0239771
2.3 19.125 0.026029
2.3 21.375 0.023611
2.3 23.625 0.0258838
2.3 25.875 0.0287694
2.3 28.125 0.0310312
2.3 30.375 0.0350249
2.3 32.625 0.0336198
2.3 34.875 0.0362424
2.3 37.125 0.0358862
2.3 39.375 0.0371228
2.3 41.625 0.0357682
2.3 43.875 0.0364847
2.5 1.125 0.0120976
2.5 3.375 0.0120705
2.5 5.625 0.0116501
2.5 7.875 0.0121458
2.5 10.125 0.0123408
2.5 12.375 0.0128958
2.5 14.625 0.013172
2.5 16.875 0.0128241
2.5 19.125 0.0137746
2.5 21.375 0.0158411
2.5 23.625 0.0173553
2.5 25.875 0.0179188
2.5 28.125 0.0186254
2.5 30.375 0.0207019
2.5 32.625 0.0209977
2.5 34.875 0.0232384
2.5 37.125 0.0245803
2.5 39.375 0.025208
2.5 41.625 0.0242708
2.5 43.875 0.0218566
2.7 1.125 0.0101262
2.7 3.375 0.0123589
2.7 5.625 0.0106804
2.7 7.875 0.0105434
2.7 10.125 0.0112577
2.7 12.375 0.00895391
2.7 14.625 0.00922224
2.7 16.875 0.00915248
2.7 19.125 0.0093121
2.7 21.375 0.0105184
2.7 23.625 0.0106209
2.7 25.875 0.012365
2.7 28.125 0.0131777
2.7 30.375 0.0140324
2.7 32.625 0.0135445
2.7 34.875 0.0153883
2.7 37.125 0.0158629
2.7 39.375 0.015696
2.7 41.625 0.0166049
2.7 43.875 0.0157603
2.9 1.125 0.00894496
2.9 3.375 0.00824055
2.9 5.625 0.00952545
2.9 7.875 0.00857474
2.9 10.125 0.00825819
2.9 12.375 0.00741797
2.9 14.625 0.00989192
2.9 16.875 0.00785802
2.9 19.125 0.0107495
2.9 21.375 0.00869076
2.9 23.625 0.00878891
2.9 25.875 0.00917846
2.9 28.125 0.00916969
2.9 30.375 0.00906296
2.9 32.625 0.00965954
2.9 34.875 0.00977126
2.9 37.125 0.0103472
2.9 39.375 0.0116621
2.9 41.625 0.0117565
2.9 43.875 0.0126391
3.1 1.125 0.00766559
3.1 3.375 0.00771591
3.1 5.625 0.00749506
3.1 7.875 0.00736091
3.1 10.125 0.00676643
3.1 12.375 0.00638302
3.1 14.625 0.00717835
3.1 16.875 0.00766706
3.1 19.125 0.00723038
3.1 21.375 0.00735648
3.1 23.625 0.00838295
3.1 25.875 0.00843825
3.1 28.125 0.00869677
3.1 30.375 0.00805504
3.1 32.625 0.00795844
3.1 34.875 0.00820379
3.1 37.125 0.00782481
3.1 39.375 0.00846581
3.1 41.625 0.00878925
3.1 43.875 0.00994243
3.3 1.125 0.00641358
3.3 3.375 0.00692293
3.3 5.625 0.00801743
3.3 7.875 0.00630042
3.3 10.125 0.00606166
3.3 12.375 0.00613235
3.3 14.625 0.00659623
3.3 16.875 0.00564154
3.3 19.125 0.00742793
3.3 21.375 0.0061895
3.3 23.625 0.00662723
3.3 25.875 0.00630073
3.3 28.125 0.00633178
3.3 30.375 0.00774638
3.3 32.625 0.00698356
3.3 34.875 0.00746695
3.3 37.125 0.00684958
3.3 39.375 0.00696691
3.3 41.625 0.00695831
3.3 43.875 0.00750323
3.5 1.125 0.00753265
3.5 3.375 0.00519106
3.5 5.625 0.00612701
3.5 7.875 0.00583756
3.5 10.125 0.00566721
3.5 12.375 0.00607849
3.5 14.625 0.00557224
3.5 16.875 0.00592403
3.5 19.125 0.00654062
3.5 21.375 0.00621968
3.5 23.625 0.00578311
3.5 25.875 0.00633636
3.5 28.125 0.0063152
3.5 30.375 0.00629677
3.5 32.625 0.00674581
3.5 34.875 0.00627497
3.5 37.125 0.00586104
3.5 39.375 0.00595362
3.5 41.625 0.00634781
3.5 43.875 0.00579143
3.7 1.125 0.00678862
3.7 3.375 0.00745339
3.7 5.625 0.00510037
3.7 7.875 0.00560652
3.7 10.125 0.00553126
3.7 12.375 0.00532046
3.7 14.625 0.00615212
3.7 16.875 0.00648075
3.7 19.125 0.00437334
3.7 21.375 0.00520923
3.7 23.625 0.00548839
3.7 25.875 0.00519471
3.7 28.125 0.00589554
3.7 30.375 0.00585628
3.7 32.625 0.00534972
3.7 34.875 0.00612592
3.7 37.125 0.00533595
3.7 39.375 0.00525531
3.7 41.625 0.00509171
3.7 43.875 0.00504852
3.9 1.125 0.00541546
3.9 3.375 0.0044183
3.9 5.625 0.00513675
3.9 7.875 0.00560048
3.9 10.125 0.00429205
3.9 12.375 0.00486731
3.9 14.625 0.00497384
3.9 16.875 0.00636045
3.9 19.125 0.00537036
3.9 21.375 0.00482657
3.9 23.625 0.00537311
3.9 25.875 0.00526816
3.9 28.125 0.0053992
3.9 30.375 0.00539792
3.9 32.625 0.00534786
3.9 34.875 0.00481987
3.9 37.125 0.00471353
3.9 39.375 0.00472226
3.9 41.625 0.00506012
3.9 43.875 0.0045131
4.1 1.125 0.00472705
4.1 3.375 0.00428986
4.1 5.625 0.00393979
4.1 7.875 0.00462737
4.1 10.125 0.00476511
4.1 12.375 0.00453581
4.1 14.625 0.00484884
4.1 16.875 0.00512529
4.1 19.125 0.00505148
4.1 21.375 0.00443888
4.1 23.625 0.00549487
4.1 25.875 0.00510708
4.1 28.125 0.00476493
4.1 30.375 0.00464638
4.1 32.625 0.00477088
4.1 34.875 0.00457194
4.1 37.125 0.00428201
4.1 39.375 0.00423005
4.1 41.625 0.00411048
4.1 43.875 0.00418468
4.3 1.125 0.00447191
4.3 3.375 0.00433242
4.3 5.625 0.00410192
4.3 7.875 0.00387491
4.3 10.125 0.00343188
4.3 12.375 0.00423977
4.3 14.625 0.00478177
4.3 16.875 0.0044522
4.3 19.125 0.00440141
4.3 21.375 0.00534555
4.3 23.625 0.00484292
4.3 25.875 0.00466083
4.3 28.125 0.00427662
4.3 30.375 0.00462099
4.3 32.625 0.00411929
4.3 34.875 0.00405861
4.3 37.125 0.0040887
4.3 39.375 0.00382673
4.3 41.625 0.00362684
4.3 43.875 0.00348384
4.5 1.125 0.00375566
4.5 3.375 0.003936
4.5 5.625 0.00397277
4.5 7.875 0.00576758
4.5 10.125 0.00380284
4.5 12.375 0.00443955
4.5 14.625 0.00434741
4.5 16.875 0.00400981
4.5 19.125 0.00400934
4.5 21.375 0.00433858
4.5 23.625 0.00422678
4.5 25.875 0.00398312
4.5 28.125 0.00429671
4.5 30.375 0.00398992
4.5 32.625 0.00373061
4.5 34.875 0.00355313
4.5 37.125 0.00386923
4.5 39.375 0.00384954
4.5 41.625 0.00379555
4.5 43.875 0.00353801
4.7 1.125 0.00336201
4.7 3.375 0.00328492
4.7 5.625 0.00351471
4.7 7.875 0.00358235
4.7 10.125 0.0034204
4.7 12.375 0.00345096
4.7 14.625 0.00483804
4.7 16.875 0.00377197
4.7 19.125 0.00395386
4.7 21.375 0.00428167
4.7 23.625 0.00346304
4.7 25.875 0.0041719
4.7 28.125 0.00402745
4.7 30.375 0.00416609
4.7 32.625 0.00375344
4.7 34.875 0.00354699
4.7 37.125 0.00326178
4.7 39.375 0.00339458
4.7 41.625 0.00366106
4.7 43.875 0.00353948
4.9 1.125 0.00331627
4.9 3.375 0.00326674
4.9 5.625 0.00324627
4.9 7.875 0.00331409
4.9 10.125 0.00343484
4.9 12.375 0.00340204
4.9 14.625 0.00329738
4.9 16.875 0.00338561
4.9 19.125 0.00334331
4.9 21.375 0.00366647
4.9 23.625 0.00375949
4.9 25.875 0.00336721
4.9 28.125 0.00328329
4.9 30.375 0.00327005
4.9 32.625 0.00340434
4.9 34.875 0.00353408
4.9 37.125 0.00341361
4.9 39.375 0.00306971
4.9 41.625 0.00342222
4.9 43.875 0.00336998
5.1 1.125 0.00298066
5.1 3.375 0.00342753
5.1 5.625 0.00340998
5.1 7.875 0.00299432
5.1 10.125 0.00349349
5.1 12.375 0.00333156
5.1 14.625 0.00311232
5.1 16.875 0.00353894
5.1 19.125 0.00306454
5.1 21.375 0.00357431
5.1 23.625 0.00344328
5.1 25.875 0.00327473
5.1 28.125 0.00371865
5.1 30.375 0.00361772
5.1 32.625 0.00312045
5.1 34.875 0.00337926
5.1 37.125 0.00294632
5.1 39.375 0.00388692
5.1 41.625 0.00340492
5.1 43.875 0.00743626
5.3 1.125 0.00471921
5.3 3.375 0.00308836
5.3 5.625 0.00335172
5.3 7.875 0.00275834
5.3 10.125 0.00292406
5.3 12.375 0.00307307
5.3 14.625 0.00315849
5.3 16.875 0.00322063
5.3 19.125 0.0030797
5.3 21.375 0.0029568
5.3 23.625 0.00339186
5.3 25.875 0.00309363
5.3 28.125 0.00306473
5.3 30.375 0.00379595
5.3 32.625 0.0032236
5.3 34.875 0.00349262
5.3 37.125 0.0029789
5.3 39.375 0.00299649
5.3 41.625 0.00296446
5.3 43.875 0.00365988
5.5 1.125 0.00311011
5.5 3.375 0.00302866
5.5 5.625 0.00277648
5.5 7.875 0.00261741
5.5 10.125 0.00298743
5.5 12.375 0.00292293
5.5 14.625 0.00355319
5.5 16.875 0.0029841
5.5 19.125 0.00331338
5.5 21.375 0.00427544
5.5 23.625 0.00286066
5.5 25.875 0.00479443
5.5 28.125 0.00312709
5.5 30.375 0.00493957
5.5 32.625 0.00318339
5.5 34.875 0.00306152
5.5 37.125 0.00317038
5.5 39.375 0.00324748
5.5 41.625 0.00297386
5.5 43.875 0.00344407
5.7 1.125 0.0027739
5.7 3.375 0.00285938
5.7 5.625 0.00269939
5.7 7.875 0.00309454
5.7 10.125 0.00303622
5.7 12.375 0.00253937
5.7 14.625 0.00266435
5.7 16.875 0.00309673
5.7 19.125 0.002992
5.7 21.375 0.00269784
5.7 23.625 0.00357373
5.7 25.875 0.00301255
5.7 28.125 0.00330384
5.7 30.375 0.00279197
5.7 32.625 0.00293652
5.7 34.875 0.00287273
5.7 37.125 0.00307813
5.7 39.375 0.00286445
5.7 41.625 0.00308383
5.7 43.875 0.00329761
5.9 1.125 0.00280487
5.9 3.375 0.00268767
5.9 5.625 0.00276971
5.9 7.875 0.00276658
5.9 10.125 0.00317283
5.9 12.375 0.00289674
5.9 14.625 0.0029814
5.9 16.875 0.00336251
5.9 19.125 0.00262271
5.9 21.375 0.00284177
5.9 23.625 0.00274869
5.9 25.875 0.00293577
5.9 28.125 0.00282459
5.9 30.375 0.00297791
5.9 32.625 0.00255943
5.9 34.875 0.00270557
5.9 37.125 0.00313387
5.9 39.375 0.00304998
5.9 41.625 0.00429521
5.9 43.875 0.00305976
6.1 1.125 0.00282278
6.1 3.375 0.00252793
6.1 5.625 0.00255982
6.1 7.875 0.00286857
6.1 10.125 0.00237387
6.1 12.375 0.00238404
6.1 14.625 0.00334855
6.1 16.875 0.00311005
6.1 19.125 0.00281325
6.1 21.375 0.00267434
6.1 23.625 0.00292269
6.1 25.875 0.00276544
6.1 28.125 0.00269262
6.1 30.375 0.00276418
6.1 32.625 0.00280429
6.1 34.875 0.00277472
6.1 37.125 0.00274407
6.1 39.375 0.00283355
6.1 41.625 0.002662
6.1 43.875 0.00328464
6.3 1.125 0.00264039
6.3 3.375 0.00254044
6.3 5.625 0.00275947
6.3 7.875 0.00299621
6.3 10.125 0.00233042
6.3 12.375 0.00268704
6.3 14.625 0.00281846
6.3 16.875 0.00295559
6.3 19.125 0.003077
6.3 21.375 0.00293856
6.3 23.625 0.002751
6.3 25.875 0.00332461
6.3 28.125 0.00268814
6.3 30.375 0.00268114
6.3 32.625 0.00284466
6.3 34.875 0.0027952
6.3 37.125 0.00303212
6.3 39.375 0.00279562
6.3 41.625 0.00276983
6.3 43.875 0.00320927
6.5 1.125 0.00292733
6.5 3.375 0.00277361
6.5 5.625 0.00241612
6.5 7.875 0.00235232
6.5 10.125 0.00220581
6.5 12.375 0.0032221
6.5 14.625 0.00277386
6.5 16.875 0.0023936
6.5 19.125 0.0027731
6.5 21.375 0.00280829
6.5 23.625 0.00261207
6.5 25.875 0.00260837
6.5 28.125 0.00278547
6.5 30.375 0.00244206
6.5 32.625 0.00285829
6.5 34.875 0.00258492
6.5 37.125 0.00248035
6.5 39.375 0.00233479
6.5 41.625 0.00264803
6.5 43.875 0.00254909
6.7 1.125 0.00241617
6.7 3.375 0.00263306
6.7 5.625 0.00278651
6.7 7.875 0.00289767
6.7 10.125 0.00269052
6.7 12.375 0.00264025
6.7 14.625 0.00290707
6.7 16.875 0.00253376
6.7 19.125 0.0026248
6.7 21.375 0.00265682
6.7 23.625 0.00268323
6.7 25.875 0.00255642
6.7 28.125 0.00334564
6.7 30.375 0.00290255
6.7 32.625 0.00227357
6.7 34.875 0.00226695
6.7 37.125 0.00264383
6.7 39.375 0.00250974
6.7 41.625 0.00255403
6.7 43.875 0.00220269
6.9 1.125 0.00238276
6.9 3.375 0.0020644
6.9 5.625 0.00286992
6.9 7.875 0.00241049
6.9 10.125 0.0026087
6.9 12.375 0.00271723
6.9 14.625 0.00260027
6.9 16.875 0.00236786
6.9 19.125 0.00274379
6.9 21.375 0.0024388
6.9 23.625 0.00271804
6.9 25.875 0.00280221
6.9 28.125 0.00247293
6.9 30.375 0.00261426
6.9 32.625 0.00230311
6.9 34.875 0.00264715
6.9 37.125 0.00271007
6.9 39.375 0.00236799
6.9 41.625 0.00256197
6.9 43.875 0.00252648
7.1 1.125 0.00261723
7.1 3.375 0.00253107
7.1 5.625 0.00241196
7.1 7.875 0.0029898
7.1 10.125 0.00286887
7.1 12.375 0.00252385
7.1 14.625 0.00262398
7.1 16.875 0.00275849
7.1 19.125 0.0026063
7.1 21.375 0.00234434
7.1 23.625 0.00263504
7.1 25.875 0.00242192
7.1 28.125 0.00259365
7.1 30.375 0.00282193
7.1 32.625 0.00290497
7.1 34.875 0.00272276
7.1 37.125 0.0030642
7.1 39.375 0.00244953
7.1 41.625 0.00268933
7.1 43.875 0.00244093
7.3 1.125 0.00623335
7.3 3.375 0.00216212
7.3 5.625 0.00227557
7.3 7.875 0.00249407
7.3 10.125 0.00687797
7.3 12.375 0.00291119
7.3 14.625 0.00235768
7.3 16.875 0.00251253
7.3 19.125 0.00247775
7.3 21.375 0.00231157
7.3 23.625 0.00279536
7.3 25.875 0.00236383
7.3 28.125 0.00264592
7.3 30.375 0.002477
7.3 32.625 0.00268175
7.3 34.875 0.00219065
7.3 37.125 0.00236486
7.3 39.375 0.0028126
7.3 41.625 0.00221882
7.3 43.875 0.0029199
7.5 1.125 0.00263071
7.5 3.375 0.00199467
7.5 5.625 0.00253758
7.5 7.875 0.00563045
7.5 10.125 0.00387226
7.5 12.375 0.00256524
7.5 14.625 0.00280937
7.5 16.875 0.0022337
7.5 19.125 0.00249959
7.5 21.375 0.00242565
7.5 23.625 0.00274581
7.5 25.875 0.00216867
7.5 28.125 0.00233775
7.5 30.375 0.00269354
7.5 32.625 0.00228718
7.5 34.875 0.0021557
7.5 37.125 0.00242056
7.5 39.375 0.00217963
7.5 41.625 0.00227841
7.5 43.875 0.00294088
7.7 1.125 0.00678587
7.7 3.375 0.00197813
7.7 5.625 0.00250402
7.7 7.875 0.00210361
7.7 10.125 0.00263615
7.7 12.375 0.00213279
7.7 14.625 0.00251034
7.7 16.875 0.00254228
7.7 19.125 0.00299227
7.7 21.375 0.00267676
7.7 23.625 0.00293072
7.7 25.875 0.00240853
7.7 28.125 0.00286785
7.7 30.375 0.0024777
7.7 32.625 0.00271391
7.7 34.875 0.00243881
7.7 37.125 0.00243256
7.7 39.375 0.00279008
7.7 41.625 0.00254399
7.7 43.875 0.00211823
7.9 1.125 0.00224184
7.9 3.375 0.00688237
7.9 5.625 0.00247593
7.9 7.875 0.00232757
7.9 10.125 0.00221415
7.9 12.375 0.00238119
7.9 14.625 0.00448023
7.9 16.875 0.00241979
7.9 19.125 0.00225019
7.9 21.375 0.0076549
7.9 23.625 0.00212206
7.9 25.875 0.00263428
7.9 28.125 0.00228583
7.9 30.375 0.00241532
7.9 32.625 0.00238796
7.9 34.875 0.00272786
7.9 37.125 0.00229106
7.9 39.375 0.00239621
7.9 41.625 0.00229796
7.9 43.875 0.00281848
8.1 1.125 0.00212125
8.1 3.375 0.00239758
8.1 5.625 0.00226327
8.1 7.875 0.00279037
8.1 10.125 0.00216537
8.1 12.375 0.00224261
8.1 14.625 0.0028382
8.1 16.875 0.00412775
8.1 19.125 0.00260616
8.1 21.375 0.00210653
8.1 23.625 0.00240559
8.1 25.875 0.0027604
8.1 28.125 0.00255099
8.1 30.375 0.00250726
8.1 32.625 0.00212957
8.1 34.875 0.00232619
8.1 37.125 0.00207042
8.1 39.375 0.002367
8.1 41.625 0.00988551
8.1 43.875 0.00224984
8.3 1.125 0.00246187
8.3 3.375 0.00210497
8.3 5.625 0.00201199
8.3 7.875 0.00262763
8.3 10.125 0.00215624
8.3 12.375 0.00197735
8.3 14.625 0.00229297
8.3 16.875 0.00207919
8.3 19.125 0.0021487
8.3 21.375 0.0024399
8.3 23.625 0.00239982
8.3 25.875 0.00196031
8.3 28.125 0.00230083
8.3 30.375 0.00209301
8.3 32.625 0.00242721
8.3 34.875 0.00227316
8.3 37.125 0.00238063
8.3 39.375 0.0022119
8.3 41.625 0.0022067
8.3 43.875 0.00241997
8.5 1.125 0.0021808
8.5 3.375 0.00274173
8.5 5.625 0.00227706
8.5 7.875 0.00280176
8.5 10.125 0.00214058
8.5 12.375 0.0024225
8.5 14.625 0.00215856
8.5 16.875 0.00238032
8.5 19.125 0.00211699
8.5 21.375 0.00219595
8.5 23.625 0.00203581
8.5 25.875 0.00228399
8.5 28.125 0.00265149
8.5 30.375 0.00219208
8.5 32.625 0.00234377
8.5 34.875 0.0026203
8.5 37.125 0.00188467
8.5 39.375 0.00212985
8.5 41.625 0.00217356
8.5 43.875 0.00226584
8.7 1.125 0.00529284
8.7 3.375 0.00249676
8.7 5.625 0.00199022
8.7 7.875 0.00210681
8.7 10.125 0.00208176
8.7 12.375 0.00238629
8.7 14.625 0.0022418
8.7 16.875 0.00190835
8.7 19.125 0.00262418
8.7 21.375 0.00207905
8.7 23.625 0.00239144
8.7 25.875 0.00283032
8.7 28.125 0.00211016
8.7 30.375 0.00911116
8.7 32.625 0.0025262
8.7 34.875 0.00232451
8.7 37.125 0.00246943
8.7 39.375 0.00240877
8.7 41.625 0.00185102
8.7 43.875 0.00195791
8.9 1.125 0.00224462
8.9 3.375 0.00197989
8.9 5.625 0.00258637
8.9 7.875 0.00211523
8.9 10.125 0.00211991
8.9 12.375 0.00262404
8.9 14.625 0.00208753
8.9 16.875 0.00220809
8.9 19.125 0.00248963
8.9 21.375 0.00280206
8.9 23.625 0.00236466
8.9 25.875 0.00228994
8.9 28.125 0.00219439
8.9 30.375 0.00237728
8.9 32.625 0.00222351
8.9 34.875 0.00231714
8.9 37.125 0.00225555
8.9 39.375 0.00267592
8.9 41.625 0.00189163
8.9 43.875 0.00245439
9.1 1.125 0.00176303
9.1 3.375 0.0018291
9.1 5.625 0.00211574
9.1 7.875 0.00203362
9.1 10.125 0.00185427
9.1 12.375 0.0023834
9.1 14.625 0.00177998
9.1 16.875 0.00256371
9.1 19.125 0.0029285
9.1 21.375 0.00188338
9.1 23.625 0.00230925
9.1 25.875 0.00182325
9.1 28.125 0.00246451
9.1 30.375 0.00228331
9.1 32.625 0.00221058
9.1 34.875 0.00187087
9.1 37.125 0.00201649
9.1 39.375 0.00206542
9.1 41.625 0.00205339
9.1 43.875 0.00240871
9.3 1.125 0.0019299
9.3 3.375 0.00184361
9.3 5.625 0.00331807
9.3 7.875 0.00212223
9.3 10.125 0.00279808
9.3 12.375 0.00205266
9.3 14.625 0.00212398
9.3 16.875 0.00228366
9.3 19.125 0.00200601
9.3 21.375 0.00266306
9.3 23.625 0.00214412
9.3 25.875 0.00201714
9.3 28.125 0.00225512
9.3 30.375 0.00249813
9.3 32.625 0.00235013
9.3 34.875 0.00305558
9.3 37.125 0.00203269
9.3 39.375 0.00246763
9.3 41.625 0.00259752
9.3 43.875 0.0027015
9.5 1.125 0.00230112
9.5 3.375 0.00197443
9.5 5.625 0.00255765
9.5 7.875 0.00225441
9.5 10.125 0.00229753
9.5 12.375 0.00208314
9.5 14.625 0.00235776
9.5 16.875 0.00196105
9.5 19.125 0.00192645
9.5 21.375 0.00183789
9.5 23.625 0.00201673
9.5 25.875 0.00239429
9.5 28.125 0.00189296
9.5 30.375 0.00228559
9.5 32.625 0.00235189
9.5 34.875 0.0115866
9.5 37.125 0.00219735
9.5 39.375 0.00205197
9.5 41.625 0.0022551
9.5 43.875 0.00310992
9.7 1.125 0.00217589
9.7 3.375 0.002515
9.7 5.625 0.00274603
9.7 7.875 0.00209065
9.7 10.125 0.00270241
9.7 12.375 0.00217429
9.7 14.625 0.00226076
9.7 16.875 0.00239023
9.7 19.125 0.00191424
9.7 21.375 0.00232992
9.7 23.625 0.0024858
9.7 25.875 0.00201872
9.7 28.125 0.00244209
9.7 30.375 0.00249822
9.7 32.625 0.00189334
9.7 34.875 0.00271758
9.7 37.125 0.00232094
9.7 39.375 0.00174364
9.7 41.625 0.00219999
9.7 43.875 0.00235623
9.9 1.125 0.00418602
9.9 3.375 0.00200537
9.9 5.625 0.00200986
9.9 7.875 0.00248945
9.9 10.125 0.00217338
9.9 12.375 0.0017584
9.9 14.625 0.0021804
9.9 16.875 0.00206019
9.9 19.125 0.001956
9.9 21.375 0.00175066
9.9 23.625 0.0024801
9.9 25.875 0.00190354
9.9 28.125 0.00235438
9.9 30.375 0.00214423
9.9 32.625 0.00244902
9.9 34.875 0.00235049
9.9 37.125 0.00281904
9.9 39.375 0.00280495
9.9 41.625 0.00229396
9.9 43.875 0.0023798
10.1 1.125 0.00226898
10.1 3.375 0.00221004
10.1 5.625 0.00330447
10.1 7.875 0.00211203
10.1 10.125 0.00212424
10.1 12.375 0.00199047
10.1 14.625 0.00192055
10.1 16.875 0.00272748
10.1 19.125 0.00221965
10.1 21.375 0.00227313
10.1 23.625 0.00188925
10.1 25.875 0.00246766
10.1 28.125 0.00208264
10.1 30.375 0.00242249
10.1 32.625 0.00480595
10.1 34.875 0.00189803
10.1 37.125 0.00208489
10.1 39.375 0.00226479
10.1 41.625 0.00287159
10.1 43.875 0.00224762
10.3 1.125 0.00163421
10.3 3.375 0.00307102
10.3 5.625 0.00199688
10.3 7.875 0.00167147
10.3 10.125 0.00175648
10.3 12.375 0.00250783
10.3 14.625 0.00241557
10.3 16.875 0.00234734
10.3 19.125 0.00188262
10.3 21.375 0.00226291
10.3 23.625 0.00201226
10.3 25.875 0.00201237
10.3 28.125 0.00236821
10.3 30.375 0.0024969
10.3 32.625 0.00185023
10.3 34.875 0.00185457
10.3 37.125 0.00214156
10.3 39.375 0.00244893
10.3 41.625 0.00400765
10.3 43.875 0.0022362
10.5 1.125 0.00241631
10.5 3.375 0.001102
10.5 5.625 0.00171183
10.5 7.875 0.00243475
10.5 10.125 0.00213087
10.5 12.375 0.00228225
10.5 14.625 0.00317328
10.5 16.875 0.0025728
10.5 19.125 0.0023082
10.5 21.375 0.0022343
10.5 23.625 0.00277499
10.5 25.875 0.00208841
10.5 28.125 0.00221207
10.5 30.375 0.00241182
10.5 32.625 0.00237601
10.5 34.875 0.00223501
10.5 37.125 0.00239377
10.5 39.375 0.00233677
10.5 41.625 0.00214335
10.5 43.875 0.00171732
10.7 1.125 0.00251287
10.7 3.375 0.00197015
10.7 5.625 0.00210366
10.7 7.875 0.0023966
10.7 10.125 0.00243957
10.7 12.375 0.00209138
10.7 14.625 0.00205026
10.7 16.875 0.00201906
10.7 19.125 0.00245427
10.7 21.375 0.0019401
10.7 23.625 0.00174839
10.7 25.875 0.00262943
10.7 28.125 0.00237153
10.7 30.375 0.00267939
10.7 32.625 0.00195075
10.7 34.875 0.0023692
10.7 37.125 0.0021201
10.7 39.375 0.0020897
10.7 41.625 0.00245909
10.7 43.875 0.0027817
10.9 1.125 0.00208155
10.9 3.375 0.00349455
10.9 5.625 0.00236163
10.9 7.875 0.00220666
10.9 10.125 0.00138468
10.9 12.375 0.00290061
10.9 14.625 0.00220762
10.9 16.875 0.00207061
10.9 19.125 0.00273143
10.9 21.375 0.00181191
10.9 23.625 0.00301819
10.9 25.875 0.00175685
10.9 28.125 0.00213018
10.9 30.375 0.00203952
10.9 32.625 0.00183922
10.9 34.875 0.00231574
10.9 37.125 0.00198741
10.9 39.375 0.00222704
10.9 41.625 0.00212454
10.9 43.875 0.00280459
11.1 1.125 0.0101589
11.1 3.375 0.00213626
11.1 5.625 0.00244679
11.1 7.875 0.00234426
11.1 10.125 0.0015635
11.1 12.375 0.00219528
11.1 14.625 0.00182668
11.1 16.875 0.00158625
11.1 19.125 0.0017923
11.1 21.375 0.00206639
11.1 23.625 0.00168335
11.1 25.875 0.00169982
11.1 28.125 0.0017957
11.1 30.375 0.00224126
11.1 32.625 0.00168552
11.1 34.875 0.00219274
11.1 37.125 0.00238056
11.1 39.375 0.00220594
11.1 41.625 0.0025605
11.1 43.875 0.0016317
11.3 1.125 0.00238311
11.3 3.375 0.00247685
11.3 5.625 0.00190267
11.3 7.875 0.00298092
11.3 10.125 0.00219586
11.3 12.375 0.00178615
11.3 14.625 0.00199845
11.3 16.875 0.00320413
11.3 19.125 0.00243461
11.3 21.375 0.00208166
11.3 23.625 0.00223817
11.3 25.875 0.00198452
11.3 28.125 0.00265454
11.3 30.375 0.00246753
11.3 32.625 0.00199417
11.3 34.875 0.00267533
11.3 37.125 0.00257054
11.3 39.375 0.00210456
11.3 41.625 0.0020304
11.3 43.875 0.00195276
11.5 1.125 0.00378135
11.5 3.375 0.00189477
11.5 5.625 0.00146598
11.5 7.875 0.00230985
11.5 10.125 0.00249305
11.5 12.375 0.00177894
11.5 14.625 0.00271995
11.5 16.875 0.00281993
11.5 19.125 0.00237797
11.5 21.375 0.00193093
11.5 23.625 0.00202243
11.5 25.875 0.00193689
11.5 28.125 0.00153275
11.5 30.375 0.00341311
11.5 32.625 0.00216454
11.5 34.875 0.00222804
11.5 37.125 0.00197773
11.5 39.375 0.00175063
11.5 41.625 0.00174058
11.5 43.875 0.00166173
11.7 1.125 0.00266345
11.7 3.375 0.00212112
11.7 5.625 0.00160775
11.7 7.875 0.0019429
11.7 10.125 0.0020155
11.7 12.375 0.0017009
11.7 14.625 0.00187211
11.7 16.875 0.00193948
11.7 19.125 0.00156576
11.7 21.375 0.00218366
11.7 23.625 0.00204104
11.7 25.875 0.00150832
11.7 28.125 0.00180725
11.7 30.375 0.00289718
11.7 32.625 0.00236909
11.7 34.875 0.00263071
11.7 37.125 0.00143352
11.7 39.375 0.00270603
11.7 41.625 0.0025426
11.7 43.875 0.00174154
11.9 1.125 0.0022072
11.9 3.375 0.00239517
11.9 5.625 0.00213751
11.9 7.875 0.00159687
11.9 10.125 0.00176701
11.9 12.375 0.0283713
11.9 14.625 0.00161074
11.9 16.875 0.00272593
11.9 19.125 0.00178997
11.9 21.375 0.00207868
11.9 23.625 0.0016114
11.9 25.875 0.00308567
11.9 28.125 0.00201895
11.9 30.375 0.00186213
11.9 32.625 0.00170713
11.9 34.875 0.0023843
11.9 37.125 0.00183025
11.9 39.375 0.00193091
11.9 41.625 0.00167227
11.9 43.875 0.00223213
12.1 1.125 0.0022721
12.1 3.375 0.0029168
12.1 5.625 0.00136331
12.1 7.875 0.00221908
12.1 10.125 0.00190557
12.1 12.375 0.0021348
12.1 14.625 0.00256381
12.1 16.875 0.00168187
12.1 19.125 0.00153158
12.1 21.375 0.00150937
12.1 23.625 0.00253153
12.1 25.875 0.00172165
12.1 28.125 0.00228121
12.1 30.375 0.00245185
12.1 32.625 0.00202768
12.1 34.875 0.00381227
12.1 37.125 0.00247486
12.1 39.375 0.00176952
12.1 41.625 0.00212113
12.1 43.875 0.00177716
12.3 1.125 0.00202162
12.3 3.375 0.00210166
12.3 5.625 0.00213837
12.3 7.875 0.00129271
12.3 10.125 0.00201956
12.3 12.375 0.00206758
12.3 14.625 0.00291063
12.3 16.875 0.00168414
12.3 19.125 0.00183937
12.3 21.375 0.00203816
12.3 23.625 0.00247679
12.3 25.875 0.00214959
12.3 28.125 0.00261277
12.3 30.375 0.00182096
12.3 32.625 0.00286825
12.3 34.875 0.001784
12.3 37.125 0.00306609
12.3 39.375 0.00239338
12.3 41.625 0.00271511
12.3 43.875 0.00228259
12.5 1.125 0.0018979
12.5 3.375 0.00249304
12.5 5.625 0.00165765
12.5 7.875 0.00175307
12.5 10.125 0.00206526
12.5 12.375 0.00215612
12.5 14.625 0.00265436
12.5 16.875 0.0020844
12.5 19.125 0.00173754
12.5 21.375 0.0031115
12.5 23.625 0.00156156
12.5 25.875 0.0015504
12.5 28.125 0.00175717
12.5 30.375 0.0018355
12.5 32.625 0.00168478
12.5 34.875 0.0014806
12.5 37.125 0.0013468
12.5 39.375 0.00221973
12.5 41.625 0.00214438
12.5 43.875 0.00174905
12.7 1.125 0.00164088
12.7 3.375 0.00325988
12.7 5.625 0.00197518
12.7 7.875 0.00187711
12.7 10.125 0.00176065
12.7 12.375 0.0027432
12.7 14.625 0.00410711
12.7 16.875 0.00291943
12.7 19.125 0.00276474
12.7 21.375 0.00237874
12.7 23.625 0.00195385
12.7 25.875 0.00236943
12.7 28.125 0.00160213
12.7 30.375 0.00193168
12.7 32.625 0.00161956
12.7 34.875 0.00305958
12.7 37.125 0.00227432
12.7 39.375 0.0018167
12.7 41.625 0.00277446
12.7 43.875 0.00150029
12.9 1.125 0.00160895
12.9 3.375 0.00160937
12.9 5.625 0.00178035
12.9 7.875 0.00274895
12.9 10.125 0.00187099
12.9 12.375 0.00176231
12.9 14.625 0.00305811
12.9 16.875 0.00235049
12.9 19.125 0.00221334
12.9 21.375 0.00157085
12.9 23.625 0.0019543
12.9 25.875 0.0021336
12.9 28.125 0.00172675
12.9 30.375 0.00223259
12.9 32.625 0.0017141
12.9 34.875 0.00354985
12.9 37.125 0.00138188
12.9 39.375 0.0027889
12.9 41.625 0.00163188
12.9 43.875 0.00356329
13.1 1.125 0.00278049
13.1 3.375 0.00153254
13.1 5.625 0.0041496
13.1 7.875 0.00136331
13.1 10.125 0.00152048
13.1 12.375 0.0014316
13.1 14.625 0.00154453
13.1 16.875 0.00107429
13.1 19.125 0.000840471
13.1 21.375 0.00173994
13.1 23.625 0.00171318
13.1 25.875 0.00198792
13.1 28.125 0.00200419
13.1 30.375 0.00135053
13.1 32.625 0.00178825
13.1 34.875 0.00221831
13.1 37.125 0.00216795
13.1 39.375 0.00183321
13.1 41.625 0.00254947
13.1 43.875 0.00133539
13.3 1.125 0.00195644
13.3 3.375 0.00501643
13.3 5.625 0.00213207
13.3 7.875 0.00209122
13.3 10.125 0.00192886
13.3 12.375 0.00224818
13.3 14.625 0.00349477
13.3 16.875 0.00233371
13.3 19.125 0.00162363
13.3 21.375 0.00156486
13.3 23.625 0.00182171
13.3 25.875 0.00260704
13.3 28.125 0.00321397
13.3 30.375 0.00232816
13.3 32.625 0.00200554
13.3 34.875 0.00253586
13.3 37.125 0.00202778
13.3 39.375 0.00212932
13.3 41.625 0.00227689
13.3 43.875 0.00182
13.5 1.125 0.00193666
13.5 3.375 0.00155801
13.5 5.625 0.0015581
13.5 7.875 0.00258927
13.5 10.125 0.00218269
13.5 12.375 0.00171708
13.5 14.625 0.00130752
13.5 16.875 0.00120703
13.5 19.125 0.00297225
13.5 21.375 0.00213419
13.5 23.625 0.00236144
13.5 25.875 0.0017691
13.5 28.125 0.00165468
13.5 32.625 0.00163705
13.5 34.875 0.0023022
13.5 37.125 0.00328239
13.5 39.375 0.00129467
13.5 41.625 0.00526954
13.5 43.875 0.00318794
13.7 1.125 0.00133329
13.7 3.375 0.00199473
13.7 5.625 0.00264678
13.7 7.875 0.00186246
13.7 10.125 0.00171757
13.7 12.375 0.0695847
13.7 14.625 0.00293573
13.7 16.875 0.00201722
13.7 19.125 0.00194326
13.7 21.375 0.00171679
13.7 23.625 0.0019609
13.7 25.875 0.00160234
13.7 28.125 0.00238249
13.7 30.375 0.00176337
13.7 32.625 0.00224128
13.7 34.875 0.00243714
13.7 37.125 0.00192343
13.7 41.625 0.00269694
13.7 43.875 0.00165283
13.9 1.125 0.00139582
13.9 3.375 0.00183124
13.9 7.875 0.00200217
13.9 10.125 0.00255991
13.9 14.625 0.00155786
13.9 16.875 0.00198803
13.9 19.125 0.00207127
13.9 21.375 0.00223088
13.9 23.625 0.00186038
13.9 25.875 0.00182049
13.9 28.125 0.00179254
13.9 30.375 0.00237326
13.9 32.625 0.00143503
13.9 39.375 0.00287226
13.9 41.625 0.00158794
13.9 43.875 0.00348399
