0.1 1.125 3.54061
0.1 3.375 3.93954
0.1 5.625 2.82673
0.1 7.875 3.51717
0.1 10.125 2.25295
0.1 12.375 3.47385
0.1 14.625 3.78108
0.1 16.875 3.91851
0.1 19.125 3.79889
0.1 21.375 3.89677
0.1 23.625 3.65851
0.1 25.875 2.58972
0.1 28.125 3.86648
0.1 30.375 4.51395
0.1 32.625 4.5149
0.1 34.875 3.51853
0.1 37.125 4.15466
0.1 39.375 3.66762
0.1 41.625 3.72047
0.1 43.875 4.11291
0.3 1.125 3.9061
0.3 3.375 3.82557
0.3 5.625 4.05857
0.3 7.875 3.64475
0.3 10.125 4.12076
0.3 12.375 3.62534
0.3 14.625 3.95368
0.3 16.875 3.94674
0.3 19.125 3.98857
0.3 21.375 4.4457
0.3 23.625 3.56069
0.3 25.875 4.007
0.3 28.125 3.89911
0.3 30.375 4.17981
0.3 32.625 3.60518
0.3 34.875 3.76376
0.3 37.125 4.08985
0.3 39.375 3.79271
0.3 41.625 4.15375
0.3 43.875 4.03619
0.5 1.125 3.73682
0.5 3.375 3.8129
0.5 5.625 3.62417
0.5 7.875 2.70962
0.5 10.125 2.87516
0.5 12.375 3.91208
0.5 14.625 4.02013
0.5 16.875 3.74366
0.5 19.125 3.77623
0.5 21.375 4.07694
0.5 23.625 3.94075
0.5 25.875 3.7924
0.5 28.125 3.91722
0.5 30.375 3.9428
0.5 32.625 4.18253
0.5 34.875 4.01211
0.5 37.125 4.10852
0.5 39.375 3.82892
0.5 41.625 3.95983
0.5 43.875 3.87111
0.7 1.125 3.59272
0.7 3.375 3.89095
0.7 5.625 3.41793
0.7 7.875 3.81843
0.7 10.125 3.46474
0.7 12.375 3.58495
0.7 14.625 3.54591
0.7 16.875 3.75817
0.7 19.125 3.65804
0.7 21.375 3.63239
0.7 23.625 3.68008
0.7 25.875 3.7765
0.7 28.125 3.952
0.7 30.375 3.72934
0.7 32.625 3.71923
0.7 34.875 3.80092
0.7 37.125 3.8303
0.7 39.375 3.81796
0.7 41.625 3.69044
0.7 43.875 3.8278
0.9 1.125 3.04369
0.9 3.375 3.13805
0.9 5.625 3.22196
0.9 7.875 3.34292
0.9 10.125 3.28143
0.9 12.375 3.34032
0.9 14.625 3.19336
0.9 16.875 3.20667
0.9 19.125 3.3823
0.9 21.375 3.22966
0.9 23.625 3.32686
0.9 25.875 3.36355
0.9 28.125 3.68138
0.9 30.375 3.35205
0.9 32.625 3.67304
0.9 34.875 3.22815
0.9 37.125 3.69001
0.9 39.375 3.72458
0.9 41.625 3.53932
0.9 43.875 3.59264
1.1 1.125 2.1128
1.1 3.375 2.00438
1.1 5.625 2.37327
1.1 7.875 2.22312
1.1 10.125 2.3906
1.1 12.375 2.32164
1.1 14.625 2.23893
1.1 16.875 2.53225
1.1 19.125 2.49487
1.1 21.375 2.62374
1.1 23.625 2.87508
1.1 25.875 2.81375
1.1 28.125 2.90105
1.1 30.375 2.88329
1.1 32.625 2.95208
1.1 34.875 2.98539
1.1 37.125 3.06772
1.1 39.375 3.28535
1.1 41.625 3.19718
1.1 43.875 3.25903
1.3 1.125 1.14409
1.3 3.375 1.17343
1.3 5.625 1.23077
1.3 7.875 1.25432
1.3 10.125 1.13704
1.3 12.375 1.25268
1.3 14.625 1.31157
1.3 16.875 1.31021
1.3 19.125 1.51188
1.3 21.375 1.50633
1.3 23.625 1.56476
1.3 25.875 1.64948
1.3 28.125 1.90924
1.3 30.375 1.91481
1.3 32.625 2.15311
1.3 34.875 2.16709
1.3 37.125 2.26529
1.3 39.375 2.27753
1.3 41.625 2.39607
1.3 43.875 2.72054
1.5 1.125 0.654313
1.5 3.375 0.660247
1.5 5.625 0.665251
1.5 7.875 0.660118
1.5 10.125 0.626148
1.5 12.375 0.698138
1.5 14.625 0.667055
1.5 16.875 0.732156
1.5 19.125 0.777569
1.5 21.375 0.7625
1.5 23.625 0.793433
1.5 25.875 0.849896
1.5 28.125 0.936192
1.5 30.375 1.00226
1.5 32.625 1.00031
1.5 34.875 1.10762
1.5 37.125 1.15417
1.5 39.375 1.33564
1.5 41.625 1.66014
1.5 43.875 1.57973
1.7 1.125 0.376994
1.7 3.375 0.39629
1.7 5.625 0.395986
1.7 7.875 0.39765
1.7 10.125 0.391493
1.7 12.375 0.40866
1.7 14.625 0.416991
1.7 16.875 0.4163
1.7 19.125 0.462202
1.7 21.375 0.46428
1.7 23.625 0.474549
1.7 25.875 0.479629
1.7 28.125 0.504165
1.7 30.375 0.479038
1.7 32.625 0.548988
1.7 34.875 0.593246
1.7 37.125 0.574055
1.7 39.375 0.565659
1.7 41.625 0.563629
1.7 43.875 0.576796
1.9 1.125 0.23916
1.9 3.375 0.250251
1.9 5.625 0.237491
1.9 7.875 0.246884
1.9 10.125 0.282584
1.9 12.375 0.270318
1.9 14.625 0.269333
1.9 16.875 0.246441
1.9 19.125 0.281198
1.9 21.375 0.256352
1.9 23.625 0.299345
1.9 25.875 0.295809
1.9 28.125 0.323052
1.9 30.375 0.317739
1.9 32.625 0.323754
1.9 34.875 0.352744
1.9 37.125 0.35385
1.9 39.375 0.390457
1.9 41.625 0.429858
1.9 43.875 0.366232
2.1 1.125 0.159048
2.1 3.375 0.161513
2.1 5.625 0.162493
2.1 7.875 0.166601
2.1 10.125 0.174788
2.1 12.375 0.17218
2.1 14.625 0.18601
2.1 16.875 0.184183
2.1 19.125 0.184558
2.1 21.375 0.184
2.1 23.625 0.184402
2.1 25.875 0.198773
2.1 28.125 0.206814
2.1 30.375 0.19521
2.1 32.625 0.215234
2.1 34.875 0.234833
2.1 37.125 0.258375
2.1 39.375 0.260256
2.1 41.625 0.249827
2.1 43.875 0.237555
2.3 1.125 0.110592
2.3 3.375 0.113065
2.3 5.625 0.13046
2.3 7.875 0.116344
2.3 10.125 0.114099
2.3 12.375 0.115177
2.3 14.625 0.129052
2.3 16.875 0.124562
2.3 19.125 0.1483
2.3 21.375 0.143131
2.3 23.625 0.143103
2.3 25.875 0.136582
2.3 28.125 0.154769
2.3 30.375 0.144462
2.3 32.625 0.145726
2.3 34.875 0.145693
2.3 37.125 0.156469
2.3 39.375 0.168409
2.3 41.625 0.161053
2.3 43.875 0.173075
2.5 1.125 0.107535
2.5 3.375 0.0881213
2.5 5.625 0.0828741
2.5 7.875 0.0916011
2.5 10.125 0.107658
2.5 12.375 0.0859247
2.5 14.625 0.0970841
2.5 16.875 0.0875189
2.5 19.125 0.0866658
2.5 21.375 0.105533
2.5 23.625 0.100959
2.5 25.875 0.113546
2.5 28.125 0.101336
2.5 30.375 0.113371
2.5 32.625 0.119207
2.5 34.875 0.112312
2.5 37.125 0.101394
2.5 39.375 0.10987
2.5 41.625 0.11757
2.5 43.875 0.117536
2.7 1.125 0.0848757
2.7 3.375 0.0694622
2.7 5.625 0.0705774
2.7 7.875 0.0682486
2.7 10.125 0.0847221
2.7 12.375 0.0868191
2.7 14.625 0.0754187
2.7 16.875 0.0761199
2.7 19.125 0.0713768
2.7 21.375 0.0723904
2.7 23.625 0.0721292
2.7 25.875 0.0840867
2.7 28.125 0.0796682
2.7 30.375 0.0912342
2.7 32.625 0.0782219
2.7 34.875 0.0801193
2.7 37.125 0.0927186
2.7 39.375 0.0772913
2.7 41.625 0.0786819
2.7 43.875 0.0796112
2.9 1.125 0.0647918
2.9 3.375 0.0600719
2.9 5.625 0.0666417
2.9 7.875 0.0584523
2.9 10.125 0.0529626
2.9 12.375 0.0603479
2.9 14.625 0.0586501
2.9 16.875 0.0692705
2.9 19.125 0.0713819
2.9 21.375 0.0568098
2.9 23.625 0.0631154
2.9 25.875 0.0889541
2.9 28.125 0.0751445
2.9 30.375 0.0638718
2.9 32.625 0.0673677
2.9 34.875 0.0660636
2.9 37.125 0.0672009
2.9 39.375 0.0912415
2.9 41.625 0.0794409
2.9 43.875 0.0683435
3.1 1.125 0.0494959
3.1 3.375 0.0563454
3.1 5.625 0.0537107
3.1 7.875 0.0593551
3.1 10.125 0.0508672
3.1 12.375 0.0741574
3.1 14.625 0.0468541
3.1 16.875 0.0477218
3.1 19.125 0.0558182
3.1 21.375 0.0489061
3.1 23.625 0.0659959
3.1 25.875 0.0521025
3.1 28.125 0.0517707
3.1 30.375 0.0495215
3.1 32.625 0.0540028
3.1 34.875 0.0498123
3.1 37.125 0.0726826
3.1 39.375 0.053681
3.1 41.625 0.0482236
3.1 43.875 0.0508699
3.3 1.125 0.03451
3.3 3.375 0.0410559
3.3 5.625 0.0341065
3.3 7.875 0.0558315
3.3 10.125 0.0423454
3.3 12.375 0.0377652
3.3 14.625 0.0353975
3.3 16.875 0.0402298
3.3 19.125 0.0355484
3.3 21.375 0.0482742
3.3 23.625 0.0417965
3.3 25.875 0.0394826
3.3 28.125 0.048243
3.3 30.375 0.0607755
3.3 32.625 0.0475585
3.3 34.875 0.0485769
3.3 37.125 0.0414968
3.3 39.375 0.0404474
3.3 41.625 0.0375226
3.3 43.875 0.0508109
3.5 1.125 0.0261202
3.5 3.375 0.0313328
3.5 5.625 0.0263116
3.5 7.875 0.0395997
3.5 10.125 0.0367232
3.5 12.375 0.0276041
3.5 14.625 0.0344011
3.5 16.875 0.0297807
3.5 19.125 0.030599
3.5 21.375 0.031033
3.5 23.625 0.0318183
3.5 25.875 0.0502603
3.5 28.125 0.031853
3.5 30.375 0.0401917
3.5 32.625 0.042635
3.5 34.875 0.0340024
3.5 37.125 0.0350717
3.5 39.375 0.0429236
3.5 41.625 0.0339271
3.5 43.875 0.031214
3.7 1.125 0.0422581
3.7 3.375 0.031596
3.7 5.625 0.0286256
3.7 7.875 0.0273775
3.7 10.125 0.0398808
3.7 12.375 0.0233016
3.7 14.625 0.0217473
3.7 16.875 0.0230036
3.7 19.125 0.0284327
3.7 21.375 0.0225378
3.7 23.625 0.0378395
3.7 25.875 0.0254511
3.7 28.125 0.0300244
3.7 30.375 0.0270735
3.7 32.625 0.0268377
3.7 34.875 0.0272146
3.7 37.125 0.0277958
3.7 39.375 0.0264389
3.7 41.625 0.0278776
3.7 43.875 0.0366367
3.9 1.125 0.0202959
3.9 3.375 0.0247833
3.9 5.625 0.0290155
3.9 7.875 0.0199498
3.9 10.125 0.023079
3.9 12.375 0.0266449
3.9 14.625 0.0252355
3.9 16.875 0.0240634
3.9 19.125 0.02087
3.9 21.375 0.0315735
3.9 23.625 0.0332991
3.9 25.875 0.0392252
3.9 28.125 0.023636
3.9 30.375 0.0219894
3.9 32.625 0.0303152
3.9 34.875 0.0383663
3.9 37.125 0.0289736
3.9 39.375 0.0222973
3.9 41.625 0.0255962
3.9 43.875 0.0348029
4.1 1.125 0.0221551
4.1 3.375 0.0294836
4.1 5.625 0.0181902
4.1 7.875 0.025873
4.1 10.125 0.0195954
4.1 12.375 0.0267813
4.1 14.625 0.0232821
4.1 16.875 0.0195246
4.1 19.125 0.0235053
4.1 21.375 0.0180737
4.1 23.625 0.0235917
4.1 25.875 0.026215
4.1 28.125 0.0243287
4.1 30.375 0.0416623
4.1 32.625 0.0199894
4.1 34.875 0.0173403
4.1 37.125 0.0181042
4.1 39.375 0.0189828
4.1 41.625 0.0223321
4.1 43.875 0.0255413
4.3 1.125 0.0146752
4.3 3.375 0.0143871
4.3 5.625 0.0144982
4.3 7.875 0.0163469
4.3 10.125 0.0180688
4.3 12.375 0.0187444
4.3 14.625 0.0275582
4.3 16.875 0.0200966
4.3 19.125 0.0306423
4.3 21.375 0.0262725
4.3 23.625 0.0157412
4.3 25.875 0.0191074
4.3 28.125 0.0144377
4.3 30.375 0.0159676
4.3 32.625 0.0151443
4.3 34.875 0.0326353
4.3 37.125 0.015488
4.3 39.375 0.0227845
4.3 41.625 0.0224718
4.3 43.875 0.0415285
4.5 1.125 0.0120127
4.5 3.375 0.0132014
4.5 5.625 0.0203467
4.5 7.875 0.0130664
4.5 10.125 0.0314104
4.5 12.375 0.0288947
4.5 14.625 0.0201118
4.5 16.875 0.0151407
4.5 19.125 0.01836
4.5 21.375 0.0210089
4.5 23.625 0.0185155
4.5 25.875 0.0137595
4.5 28.125 0.0174133
4.5 30.375 0.0127811
4.5 32.625 0.0217794
4.5 34.875 0.0145729
4.5 37.125 0.0248251
4.5 39.375 0.0132069
4.5 41.625 0.0160184
4.5 43.875 0.0244154
4.7 1.125 0.011186
4.7 3.375 0.015746
4.7 5.625 0.0102866
4.7 7.875 0.0108386
4.7 10.125 0.0115245
4.7 12.375 0.0202981
4.7 14.625 0.0131344
4.7 16.875 0.0207498
4.7 19.125 0.0116442
4.7 21.375 0.0139307
4.7 23.625 0.0113803
4.7 25.875 0.0196598
4.7 28.125 0.015994
4.7 30.375 0.0231922
4.7 32.625 0.0197027
4.7 34.875 0.0172046
4.7 37.125 0.0144776
4.7 39.375 0.011113
4.7 41.625 0.0110385
4.7 43.875 0.011622
4.9 1.125 0.0241985
4.9 3.375 0.00929473
4.9 5.625 0.00938549
4.9 7.875 0.0105316
4.9 10.125 0.013701
4.9 12.375 0.0117027
4.9 14.625 0.0246308
4.9 16.875 0.0142366
4.9 19.125 0.0142516
4.9 21.375 0.0178304
4.9 23.625 0.0220042
4.9 25.875 0.0123993
4.9 28.125 0.0133236
4.9 30.375 0.00984851
4.9 32.625 0.0175123
4.9 34.875 0.0160619
4.9 37.125 0.0156297
4.9 39.375 0.00946316
4.9 41.625 0.0207148
4.9 43.875 0.0103356
5.1 1.125 0.00919547
5.1 3.375 0.010403
5.1 5.625 0.0104822
5.1 7.875 0.0111152
5.1 10.125 0.00955871
5.1 12.375 0.00941845
5.1 14.625 0.00984178
5.1 16.875 0.0171902
5.1 19.125 0.0102778
5.1 21.375 0.020129
5.1 23.625 0.0215764
5.1 25.875 0.0107538
5.1 28.125 0.0132389
5.1 30.375 0.0308821
5.1 32.625 0.00794428
5.1 34.875 0.0151975
5.1 37.125 0.0110619
5.1 39.375 0.0137853
5.1 41.625 0.0180039
5.1 43.875 0.0141335
5.3 1.125 0.0142877
5.3 3.375 0.00748666
5.3 5.625 0.0198673
5.3 7.875 0.0169561
5.3 10.125 0.014655
5.3 12.375 0.0106122
5.3 14.625 0.00990676
5.3 16.875 0.0123308
5.3 19.125 0.0188681
5.3 21.375 0.0098687
5.3 23.625 0.0081869
5.3 25.875 0.0161973
5.3 28.125 0.00861234
5.3 30.375 0.0193913
5.3 32.625 0.00825293
5.3 34.875 0.00883101
5.3 37.125 0.00885723
5.3 39.375 0.00843813
5.3 41.625 0.00727916
5.3 43.875 0.0203781
5.5 1.125 0.00927049
5.5 3.375 0.0112439
5.5 5.625 0.0187963
5.5 7.875 0.0164792
5.5 10.125 0.0113821
5.5 12.375 0.00983589
5.5 14.625 0.00748522
5.5 16.875 0.0130143
5.5 19.125 0.0219952
5.5 21.375 0.0184482
5.5 23.625 0.0232789
5.5 25.875 0.00674708
5.5 28.125 0.0128269
5.5 30.375 0.00699906
5.5 32.625 0.00655908
5.5 34.875 0.00668795
5.5 37.125 0.00794865
5.5 39.375 0.00619728
5.5 41.625 0.0148654
5.5 43.875 0.0188154
5.7 1.125 0.0148492
5.7 3.375 0.0130255
5.7 5.625 0.0109767
5.7 7.875 0.0148747
5.7 10.125 0.0139419
5.7 12.375 0.00691625
5.7 14.625 0.00988199
5.7 16.875 0.00838474
5.7 19.125 0.0248676
5.7 21.375 0.0066966
5.7 23.625 0.0100518
5.7 25.875 0.0135174
5.7 28.125 0.00791937
5.7 30.375 0.0113461
5.7 32.625 0.00930654
5.7 34.875 0.00594387
5.7 37.125 0.0130387
5.7 39.375 0.0199662
5.7 41.625 0.00607444
5.7 43.875 0.00877391
5.9 1.125 0.00574726
5.9 3.375 0.00662833
5.9 5.625 0.00815063
5.9 7.875 0.0129584
5.9 10.125 0.0067251
5.9 12.375 0.0060846
5.9 14.625 0.00652774
5.9 16.875 0.00673986
5.9 19.125 0.00613047
5.9 21.375 0.0243244
5.9 23.625 0.0117345
5.9 25.875 0.00577913
5.9 28.125 0.0105361
5.9 30.375 0.0113502
5.9 32.625 0.0147239
5.9 34.875 0.0204544
5.9 37.125 0.00600786
5.9 39.375 0.00535828
5.9 41.625 0.0058057
5.9 43.875 0.0100073
6.1 1.125 0.00634621
6.1 3.375 0.00708048
6.1 5.625 0.00538052
6.1 7.875 0.00791584
6.1 10.125 0.00691216
6.1 12.375 0.0156603
6.1 14.625 0.00736825
6.1 16.875 0.0146569
6.1 19.125 0.00754447
6.1 21.375 0.014808
6.1 23.625 0.00583272
6.1 25.875 0.00494849
6.1 28.125 0.00539757
6.1 30.375 0.00558693
6.1 32.625 0.00517736
6.1 34.875 0.00533088
6.1 37.125 0.0064803
6.1 39.375 0.00453887
6.1 41.625 0.00530666
6.1 43.875 0.0122621
6.3 1.125 0.00810466
6.3 3.375 0.0128882
6.3 5.625 0.00854651
6.3 7.875 0.0054359
6.3 10.125 0.0110333
6.3 12.375 0.00565644
6.3 14.625 0.00541256
6.3 16.875 0.00552486
6.3 19.125 0.00553449
6.3 21.375 0.00464243
6.3 23.625 0.00617896
6.3 25.875 0.0130384
6.3 28.125 0.00483511
6.3 30.375 0.0119014
6.3 32.625 0.00488001
6.3 34.875 0.0148371
6.3 37.125 0.00492845
6.3 39.375 0.0149597
6.3 41.625 0.0152469
6.3 43.875 0.00521159
6.5 1.125 0.0228099
6.5 3.375 0.00580481
6.5 5.625 0.00511364
6.5 7.875 0.0166265
6.5 10.125 0.00619774
6.5 12.375 0.00587826
6.5 14.625 0.00545851
6.5 16.875 0.00657821
6.5 19.125 0.0132844
6.5 21.375 0.00521242
6.5 23.625 0.0167781
6.5 25.875 0.0047698
6.5 28.125 0.00842545
6.5 30.375 0.0108543
6.5 32.625 0.00918528
6.5 34.875 0.00480023
6.5 37.125 0.00419841
6.5 39.375 0.0050037
6.5 41.625 0.0137493
6.5 43.875 0.00460023
6.7 1.125 0.00633078
6.7 3.375 0.00660025
6.7 5.625 0.00514278
6.7 7.875 0.00961442
6.7 10.125 0.00480497
6.7 12.375 0.00679712
6.7 14.625 0.0353815
6.7 16.875 0.0110819
6.7 19.125 0.0167738
6.7 21.375 0.0148447
6.7 23.625 0.0143419
6.7 25.875 0.0105597
6.7 28.125 0.0130177
6.7 30.375 0.0051201
6.7 32.625 0.00859165
6.7 34.875 0.009272
6.7 37.125 0.00990499
6.7 39.375 0.00745002
6.7 41.625 0.00413073
6.7 43.875 0.00411337
6.9 1.125 0.00432974
6.9 3.375 0.00798262
6.9 5.625 0.00697146
6.9 7.875 0.007445
6.9 10.125 0.00508148
6.9 12.375 0.00539214
6.9 14.625 0.00449319
6.9 16.875 0.0130123
6.9 19.125 0.0136022
6.9 21.375 0.00441179
6.9 23.625 0.00626455
6.9 25.875 0.00567855
6.9 28.125 0.00475619
6.9 30.375 0.0100276
6.9 32.625 0.00776589
6.9 34.875 0.00889314
6.9 37.125 0.00653604
6.9 39.375 0.0224789
6.9 41.625 0.00405978
6.9 43.875 0.00518034
7.1 1.125 0.029182
7.1 3.375 0.00472796
7.1 5.625 0.00572132
7.1 7.875 0.00580345
7.1 10.125 0.017252
7.1 12.375 0.0109987
7.1 14.625 0.0114816
7.1 16.875 0.00502518
7.1 19.125 0.0192667
7.1 21.375 0.00420536
7.1 23.625 0.00409072
7.1 25.875 0.0044531
7.1 28.125 0.0172532
7.1 30.375 0.00617109
7.1 32.625 0.0146363
7.1 34.875 0.0174173
7.1 37.125 0.00548949
7.1 39.375 0.0207606
7.1 41.625 0.00461149
7.1 43.875 0.00418616
7.3 1.125 0.0113434
7.3 3.375 0.00478686
7.3 5.625 0.00627202
7.3 7.875 0.014324
7.3 10.125 0.00542097
7.3 12.375 0.00420973
7.3 14.625 0.00743986
7.3 16.875 0.0192044
7.3 19.125 0.0269599
7.3 21.375 0.00506748
7.3 23.625 0.00461624
7.3 25.875 0.00474994
7.3 28.125 0.0322838
7.3 30.375 0.00428764
7.3 32.625 0.0118957
7.3 34.875 0.00565723
7.3 37.125 0.00353412
7.3 39.375 0.00442056
7.3 41.625 0.00823944
7.3 43.875 0.0143864
7.5 1.125 0.0143325
7.5 3.375 0.0160536
7.5 5.625 0.00417707
7.5 7.875 0.00705254
7.5 10.125 0.0112697
7.5 12.375 0.0039036
7.5 14.625 0.0117103
7.5 16.875 0.00762196
7.5 19.125 0.00409041
7.5 21.375 0.00673033
7.5 23.625 0.0287618
7.5 25.875 0.0130499
7.5 28.125 0.00450933
7.5 30.375 0.0197987
7.5 32.625 0.0214267
7.5 34.875 0.00449782
7.5 37.125 0.0360623
7.5 39.375 0.00968162
7.5 41.625 0.0117892
7.5 43.875 0.00910481
7.7 1.125 0.0141971
7.7 3.375 0.0149039
7.7 5.625 0.0202466
7.7 7.875 0.00501702
7.7 10.125 0.0054899
7.7 12.375 0.0129263
7.7 14.625 0.013801
7.7 16.875 0.018659
7.7 19.125 0.0127529
7.7 21.375 0.00411441
7.7 23.625 0.00411803
7.7 25.875 0.0134506
7.7 28.125 0.0113475
7.7 30.375 0.00452627
7.7 32.625 0.00638163
7.7 34.875 0.00389729
7.7 37.125 0.033539
7.7 39.375 0.00467124
7.7 41.625 0.00356356
7.7 43.875 0.0276742
7.9 1.125 0.0108489
7.9 3.375 0.00388498
7.9 5.625 0.00714193
7.9 7.875 0.00978073
7.9 10.125 0.00354358
7.9 12.375 0.00340037
7.9 14.625 0.00747934
7.9 16.875 0.00550724
7.9 19.125 0.00524307
7.9 21.375 0.00840323
7.9 23.625 0.0140985
7.9 25.875 0.0136789
7.9 28.125 0.0166042
7.9 30.375 0.00403407
7.9 32.625 0.00966291
7.9 34.875 0.00382311
7.9 37.125 0.0034759
7.9 39.375 0.00339897
7.9 41.625 0.00310513
7.9 43.875 0.0195358
8.1 1.125 0.00439494
8.1 3.375 0.00468815
8.1 5.625 0.0034656
8.1 7.875 0.00429575
8.1 10.125 0.0031325
8.1 12.375 0.0077064
8.1 14.625 0.00376658
8.1 16.875 0.0113692
8.1 19.125 0.00377231
8.1 21.375 0.00363389
8.1 23.625 0.00312351
8.1 25.875 0.00683104
8.1 28.125 0.00488363
8.1 30.375 0.00330973
8.1 32.625 0.00487391
8.1 34.875 0.00452065
8.1 37.125 0.0212106
8.1 39.375 0.00276179
8.1 41.625 0.0178901
8.1 43.875 0.00353614
8.3 1.125 0.00503635
8.3 3.375 0.0180755
8.3 5.625 0.0238606
8.3 7.875 0.00495949
8.3 10.125 0.0438699
8.3 12.375 0.00501157
8.3 14.625 0.0191584
8.3 16.875 0.00904075
8.3 19.125 0.00374279
8.3 21.375 0.0145494
8.3 23.625 0.00398353
8.3 25.875 0.00354965
8.3 28.125 0.00472632
8.3 30.375 0.0237822
8.3 32.625 0.0028232
8.3 34.875 0.00368834
8.3 37.125 0.00328191
8.3 39.375 0.0043781
8.3 41.625 0.0314816
8.3 43.875 0.00672425
8.5 1.125 0.0323332
8.5 3.375 0.00314286
8.5 5.625 0.0126324
8.5 7.875 0.00379293
8.5 10.125 0.0111197
8.5 12.375 0.0266172
8.5 14.625 0.00991854
8.5 16.875 0.0102824
8.5 19.125 0.0203509
8.5 21.375 0.0081016
8.5 23.625 0.0148788
8.5 25.875 0.0198181
8.5 28.125 0.00569496
8.5 30.375 0.00335886
8.5 32.625 0.00648633
8.5 34.875 0.00604793
8.5 37.125 0.00614938
8.5 39.375 0.00335594
8.5 41.625 0.00402285
8.5 43.875 0.00294117
8.7 1.125 0.0103977
8.7 3.375 0.00588097
8.7 5.625 0.0085133
8.7 7.875 0.00779815
8.7 10.125 0.00637319
8.7 12.375 0.0346701
8.7 14.625 0.00446012
8.7 16.875 0.0434511
8.7 19.125 0.00503427
8.7 21.375 0.00501083
8.7 23.625 0.0103163
8.7 25.875 0.00299205
8.7 28.125 0.0033565
8.7 30.375 0.0162453
8.7 32.625 0.0221581
8.7 34.875 0.00366461
8.7 37.125 0.00344168
8.7 39.375 0.0112528
8.7 41.625 0.00401497
8.7 43.875 0.00351173
8.9 1.125 0.00518939
8.9 3.375 0.00536542
8.9 5.625 0.0118515
8.9 7.875 0.00853931
8.9 10.125 0.00359751
8.9 12.375 0.00786594
8.9 14.625 0.0118672
8.9 16.875 0.0109862
8.9 19.125 0.0245623
8.9 21.375 0.00353
8.9 23.625 0.00360502
8.9 25.875 0.00479501
8.9 28.125 0.0241439
8.9 30.375 0.0268896
8.9 32.625 0.0067623
8.9 34.875 0.03322
8.9 37.125 0.00568605
8.9 39.375 0.00381616
8.9 41.625 0.00763428
8.9 43.875 0.0339343
9.1 1.125 0.019027
9.1 3.375 0.009815
9.1 5.625 0.0119657
9.1 7.875 0.00651561
9.1 10.125 0.00431236
9.1 12.375 0.00380502
9.1 14.625 0.00897038
9.1 16.875 0.0056098
9.1 19.125 0.00603025
9.1 21.375 0.0312338
9.1 23.625 0.0724312
9.1 25.875 0.0102792
9.1 28.125 0.0152069
9.1 30.375 0.014093
9.1 32.625 0.00374214
9.1 34.875 0.0263193
9.1 37.125 0.00597144
9.1 39.375 0.0130752
9.1 41.625 0.0109938
9.1 43.875 0.0048545
9.3 1.125 0.0141616
9.3 3.375 0.0148019
9.3 5.625 0.0345909
9.3 7.875 0.00398101
9.3 10.125 0.00675489
9.3 12.375 0.00373791
9.3 14.625 0.00489463
9.3 16.875 0.0158383
9.3 19.125 0.00345123
9.3 21.375 0.00346592
9.3 23.625 0.00406291
9.3 25.875 0.00289271
9.3 28.125 0.0272486
9.3 30.375 0.00270083
9.3 32.625 0.00432998
9.3 34.875 0.020351
9.3 37.125 0.0145709
9.3 39.375 0.0835434
9.3 41.625 0.0106933
9.3 43.875 0.0058689
9.5 1.125 0.00283529
9.5 3.375 0.0121277
9.5 5.625 0.00655235
9.5 7.875 0.0233593
9.5 10.125 0.0266018
9.5 12.375 0.00292506
9.5 14.625 0.038404
9.5 16.875 0.0134845
9.5 19.125 0.00534143
9.5 21.375 0.00363105
9.5 23.625 0.00728698
9.5 25.875 0.00291675
9.5 28.125 0.00748864
9.5 30.375 0.0182879
9.5 32.625 0.00300021
9.5 34.875 0.0146327
9.5 37.125 0.00343317
9.5 39.375 0.0336698
9.5 41.625 0.0135048
9.5 43.875 0.0439434
9.7 1.125 0.0158364
9.7 3.375 0.0161804
9.7 5.625 0.0250846
9.7 7.875 0.00374664
9.7 10.125 0.00414039
9.7 12.375 0.00469057
9.7 14.625 0.00430211
9.7 16.875 0.0143447
9.7 19.125 0.00456118
9.7 21.375 0.0288731
9.7 23.625 0.00468036
9.7 25.875 0.00587867
9.7 28.125 0.00404876
9.7 30.375 0.00246738
9.7 32.625 0.0253075
9.7 34.875 0.00389833
9.7 37.125 0.00379889
9.7 39.375 0.0033594
9.7 41.625 0.018749
9.7 43.875 0.00446529
9.9 1.125 0.00837299
9.9 3.375 0.00385033
9.9 5.625 0.00315819
9.9 7.875 0.00458911
9.9 10.125 0.00395661
9.9 12.375 0.00392752
9.9 14.625 0.0333816
9.9 16.875 0.00387806
9.9 19.125 0.0035958
9.9 21.375 0.0271556
9.9 23.625 0.00533246
9.9 25.875 0.0352395
9.9 28.125 0.0430039
9.9 30.375 0.0051277
9.9 32.625 0.00657047
9.9 34.875 0.00524439
9.9 37.125 0.0615927
9.9 39.375 0.00435351
9.9 41.625 0.00772333
9.9 43.875 0.030482
10.1 1.125 0.0116075
10.1 3.375 0.0232737
10.1 5.625 0.00403412
10.1 7.875 0.00357735
10.1 10.125 0.00304018
10.1 12.375 0.00729752
10.1 14.625 0.00772799
10.1 16.875 0.00958672
10.1 19.125 0.00427387
10.1 21.375 0.01363
10.1 23.625 0.0304707
10.1 25.875 0.0170645
10.1 28.125 0.00316867
10.1 30.375 0.00575643
10.1 32.625 0.0074738
10.1 34.875 0.00829054
10.1 37.125 0.00433823
10.1 39.375 0.00602355
10.1 41.625 0.0299252
10.1 43.875 0.00426986
10.3 1.125 0.0220935
10.3 3.375 0.0354178
10.3 5.625 0.00405423
10.3 7.875 0.0186883
10.3 10.125 0.0260201
10.3 12.375 0.00638469
10.3 14.625 0.00667379
10.3 16.875 0.0119503
10.3 19.125 0.00505971
10.3 21.375 0.00757323
10.3 23.625 0.00693533
10.3 25.875 0.0332643
10.3 28.125 0.0323466
10.3 30.375 0.00459599
10.3 32.625 0.0245343
10.3 34.875 0.0126028
10.3 37.125 0.00781213
10.3 39.375 0.00338522
10.3 41.625 0.00607839
10.3 43.875 0.00305498
10.5 1.125 0.00352285
10.5 3.375 0.00404221
10.5 5.625 0.0337199
10.5 7.875 0.00328024
10.5 10.125 0.00330211
10.5 12.375 0.00324677
10.5 14.625 0.0032578
10.5 16.875 0.0326867
10.5 19.125 0.0263643
10.5 21.375 0.065041
10.5 23.625 0.00404331
10.5 25.875 0.00723416
10.5 28.125 0.0466683
10.5 30.375 0.0707025
10.5 32.625 0.0406537
10.5 34.875 0.00341625
10.5 37.125 0.0111133
10.5 39.375 0.0118919
10.5 41.625 0.0052388
10.5 43.875 0.0446574
10.7 1.125 0.00570528
10.7 3.375 0.0165953
10.7 5.625 0.0044151
10.7 7.875 0.00354757
10.7 10.125 0.00508384
10.7 12.375 0.00594129
10.7 14.625 0.00394643
10.7 16.875 0.0221207
10.7 19.125 0.00396243
10.7 21.375 0.00780385
10.7 23.625 0.0104574
10.7 25.875 0.0115366
10.7 28.125 0.00702074
10.7 30.375 0.0364111
10.7 32.625 0.0358771
10.7 34.875 0.0537943
10.7 37.125 0.00732226
10.7 39.375 0.00528784
10.7 41.625 0.0030162
10.7 43.875 0.00562141
10.9 1.125 0.00548779
10.9 3.375 0.008877
10.9 5.625 0.0512732
10.9 7.875 0.00366417
10.9 10.125 0.0222625
10.9 12.375 0.0381063
10.9 14.625 0.0475745
10.9 16.875 0.00402801
10.9 19.125 0.0123289
10.9 21.375 0.0374674
10.9 23.625 0.00616593
10.9 25.875 0.0499059
10.9 28.125 0.0259452
10.9 30.375 0.00338172
10.9 32.625 0.00868379
10.9 34.875 0.00516627
10.9 37.125 0.00383777
10.9 39.375 0.0306273
10.9 41.625 0.102427
10.9 43.875 0.00413229
11.1 1.125 0.00717516
11.1 3.375 0.0214308
11.1 5.625 0.00345335
11.1 7.875 0.0424873
11.1 10.125 0.0182889
11.1 12.375 0.0103686
11.1 14.625 0.00467598
11.1 16.875 0.00648525
11.1 19.125 0.00591178
11.1 21.375 0.00539842
11.1 23.625 0.0301492
11.1 25.875 0.00981407
11.1 28.125 0.00229507
11.1 30.375 0.0049296
11.1 32.625 0.015026
11.1 34.875 0.11962
11.1 37.125 0.0459223
11.1 39.375 0.135008
11.1 41.625 0.00514258
11.1 43.875 0.00421812
11.3 1.125 0.00374849
11.3 3.375 0.0458818
11.3 5.625 0.0199004
11.3 7.875 0.0109263
11.3 10.125 0.0179218
11.3 12.375 0.00325301
11.3 14.625 0.00286686
11.3 16.875 0.00383015
11.3 19.125 0.043761
11.3 21.375 0.0419077
11.3 23.625 0.00313517
11.3 25.875 0.00356245
11.3 28.125 0.0473835
11.3 30.375 0.00378886
11.3 32.625 0.0560224
11.3 34.875 0.0401656
11.3 37.125 0.0154652
11.3 39.375 0.0038195
11.3 41.625 0.02623
11.3 43.875 0.0340175
11.5 1.125 0.00361841
11.5 3.375 0.00890486
11.5 5.625 0.00811067
11.5 7.875 0.0045315
11.5 10.125 0.0300784
11.5 12.375 0.0094561
11.5 14.625 0.00557019
11.5 16.875 0.00513686
11.5 19.125 0.0101208
11.5 21.375 0.0100366
11.5 23.625 0.0432266
11.5 25.875 0.00456355
11.5 28.125 0.0552724
11.5 30.375 0.00735924
11.5 32.625 0.00391724
11.5 34.875 0.00525399
11.5 37.125 0.00987625
11.5 39.375 0.0205342
11.5 41.625 0.0228894
11.5 43.875 0.0182958
11.7 1.125 0.00363213
11.7 3.375 0.00433573
11.7 5.625 0.00361057
11.7 7.875 0.00465999
11.7 10.125 0.014243
11.7 12.375 0.0142498
11.7 14.625 0.0341997
11.7 16.875 0.0379215
11.7 19.125 0.00691178
11.7 21.375 0.0171004
11.7 23.625 0.0420247
11.7 25.875 0.0221148
11.7 28.125 0.0655632
11.7 30.375 0.00443565
11.7 32.625 0.0617155
11.7 34.875 0.0132242
11.7 37.125 0.0123275
11.7 39.375 0.0182728
11.7 41.625 0.0104752
11.7 43.875 0.0366371
11.9 1.125 0.0183992
11.9 3.375 0.00846142
11.9 5.625 0.0172954
11.9 7.875 0.00911748
11.9 10.125 0.00584066
11.9 12.375 0.0397667
11.9 14.625 0.00360482
11.9 16.875 0.0032306
11.9 19.125 0.00353485
11.9 21.375 0.00309627
11.9 23.625 0.00507332
11.9 25.875 0.0293191
11.9 28.125 0.0409307
11.9 30.375 0.00300504
11.9 32.625 0.00332617
11.9 34.875 0.0321091
11.9 37.125 0.114337
11.9 39.375 0.0172925
11.9 41.625 0.120932
11.9 43.875 0.102133
12.1 1.125 0.0183237
12.1 3.375 0.00413441
12.1 5.625 0.00588566
12.1 7.875 0.00261293
12.1 10.125 0.00550215
12.1 12.375 0.0059304
12.1 14.625 0.0418667
12.1 16.875 0.00400552
12.1 19.125 0.0440947
12.1 21.375 0.00430282
12.1 23.625 0.00653327
12.1 25.875 0.0241095
12.1 28.125 0.00418836
12.1 30.375 0.00481853
12.1 32.625 0.178819
12.1 34.875 0.0768887
12.1 37.125 0.105025
12.1 39.375 0.00388126
12.1 41.625 0.0105036
12.1 43.875 0.00478994
12.3 1.125 0.0274783
12.3 3.375 0.00878376
12.3 5.625 0.00862259
12.3 7.875 0.00386384
12.3 10.125 0.0384269
12.3 12.375 0.00525968
12.3 14.625 0.0119664
12.3 16.875 0.0046555
12.3 19.125 0.00939749
12.3 21.375 0.0288537
12.3 23.625 0.0067294
12.3 25.875 0.00368986
12.3 28.125 0.00767163
12.3 30.375 0.103522
12.3 32.625 0.00495452
12.3 34.875 0.0114136
12.3 37.125 0.0465528
12.3 39.375 0.0944026
12.3 41.625 0.00882974
12.3 43.875 0.00363188
12.5 1.125 0.00862068
12.5 3.375 0.0052446
12.5 5.625 0.00433179
12.5 7.875 0.00535066
12.5 10.125 0.00328368
12.5 12.375 0.00455905
12.5 14.625 0.0353352
12.5 16.875 0.00427666
12.5 19.125 0.0354858
12.5 21.375 0.0474929
12.5 23.625 0.00698954
12.5 25.875 0.00662434
12.5 28.125 0.00602934
12.5 30.375 0.110195
12.5 32.625 0.00992303
12.5 34.875 0.00557416
12.5 37.125 0.0430001
12.5 39.375 0.0305034
12.5 41.625 0.00944426
12.5 43.875 0.0607812
12.7 1.125 0.0857162
12.7 3.375 0.0248518
12.7 5.625 0.00630059
12.7 7.875 0.00359348
12.7 10.125 0.0303033
12.7 12.375 0.0372541
12.7 14.625 0.0189176
12.7 16.875 0.00832394
12.7 19.125 0.110279
12.7 21.375 0.0103837
12.7 23.625 0.00342545
12.7 25.875 0.00542792
12.7 28.125 0.0118897
12.7 30.375 0.00603016
12.7 32.625 0.00692629
12.7 34.875 0.00963107
12.7 37.125 0.0149789
12.7 39.375 0.104289
12.7 41.625 0.00357215
12.7 43.875 0.00309578
12.9 1.125 0.0205221
12.9 3.375 0.00566299
12.9 5.625 0.00578021
12.9 7.875 0.0226528
12.9 10.125 0.00636543
12.9 12.375 0.0647065
12.9 14.625 0.0430928
12.9 16.875 0.00968444
12.9 19.125 0.0841432
12.9 21.375 0.0875969
12.9 23.625 0.00618141
12.9 25.875 0.00872503
12.9 28.125 0.00505215
12.9 30.375 0.0230092
12.9 32.625 0.00628739
12.9 34.875 0.0076001
12.9 37.125 0.0198191
12.9 39.375 0.0152485
12.9 41.625 0.0260883
12.9 43.875 0.023298
13.1 1.125 0.0164079
13.1 3.375 0.0385801
13.1 5.625 0.00873419
13.1 7.875 0.00717794
13.1 10.125 0.0848514
13.1 12.375 0.0616894
13.1 14.625 0.0141466
13.1 16.875 0.0430223
13.1 19.125 0.0226895
13.1 21.375 0.0617009
13.1 23.625 0.0587789
13.1 25.875 0.0053603
13.1 28.125 0.00580731
13.1 30.375 0.0817425
13.1 32.625 0.0176482
13.1 34.875 0.0324947
13.1 37.125 0.00682613
13.1 39.375 0.00395156
13.1 41.625 0.00406609
13.1 43.875 0.00754976
13.3 1.125 0.00510334
13.3 3.375 0.011069
13.3 5.625 0.0252849
13.3 7.875 0.00743005
13.3 10.125 0.00675821
13.3 12.375 0.0267125
13.3 14.625 0.154016
13.3 16.875 0.00503084
13.3 19.125 0.00584834
13.3 21.375 0.00301894
13.3 23.625 0.0492809
13.3 25.875 0.0459455
13.3 28.125 0.0138997
13.3 30.375 0.00610639
13.3 32.625 0.00596469
13.3 34.875 0.0440184
13.3 37.125 0.00570414
13.3 39.375 0.0927978
13.3 41.625 0.0429463
13.3 43.875 0.169533
13.5 1.125 0.00578073
13.5 3.375 0.00379111
13.5 5.625 0.00311355
13.5 7.875 0.00273107
13.5 10.125 0.0378042
13.5 12.375 0.064881
13.5 14.625 0.00282309
13.5 16.875 0.0289914
13.5 19.125 0.068835
13.5 21.375 0.0728131
13.5 23.625 0.0154867
13.5 25.875 0.0640344
13.5 28.125 0.0107998
13.5 30.375 0.00530598
13.5 32.625 0.0042469
13.5 34.875 0.00407209
13.5 37.125 0.0498712
13.5 39.375 0.0339232
13.5 41.625 0.0123466
13.5 43.875 0.0676071
13.7 1.125 0.0103729
13.7 3.375 0.0343626
13.7 5.625 0.0163143
13.7 7.875 0.00295662
13.7 10.125 0.00435699
13.7 12.375 0.0137399
13.7 14.625 0.00307541
13.7 16.875 0.0168352
13.7 19.125 0.0787969
13.7 21.375 0.021602
13.7 23.625 0.0067005
13.7 25.875 0.00367943
13.7 28.125 0.00465189
13.7 30.375 0.0647612
13.7 32.625 0.168974
13.7 34.875 0.0869507
13.7 37.125 0.00646593
13.7 39.375 0.00485513
13.7 41.625 0.0274989
13.7 43.875 0.139937
13.9 1.125 0.0208112
13.9 3.375 0.0122693
13.9 5.625 0.0151651
13.9 7.875 0.002446
13.9 10.125 0.0559321
13.9 12.375 0.00484965
13.9 14.625 0.0275656
13.9 16.875 0.097525
13.9 19.125 0.0353087
13.9 21.375 0.0045074
13.9 23.625 0.0768658
13.9 25.875 0.00864063
13.9 28.125 0.00535313
13.9 30.375 0.0801473
13.9 32.625 0.126303
13.9 34.875 0.135511
13.9 37.125 0.118094
13.9 39.375 0.0332165
13.9 41.625 0.0502774
13.9 43.875 0.00675117
