0.1 3.375 4.57512
0.1 34.875 4.52735
0.1 39.375 4.529
0.3 1.125 4.48749
0.3 3.375 4.55071
0.3 5.625 4.44311
0.3 7.875 4.52138
0.3 10.125 4.4804
0.3 12.375 4.47802
0.3 14.625 4.48235
0.3 16.875 4.41322
0.3 19.125 4.4998
0.3 21.375 4.47926
0.3 23.625 4.51148
0.3 25.875 4.46643
0.3 28.125 4.48672
0.3 30.375 4.56712
0.3 32.625 4.48957
0.3 34.875 4.50286
0.3 37.125 4.5332
0.3 39.375 4.49197
0.3 41.625 4.52451
0.3 43.875 4.53077
0.5 1.125 4.43006
0.5 3.375 4.24467
0.5 5.625 4.40983
0.5 7.875 4.45491
0.5 10.125 4.42214
0.5 12.375 4.39413
0.5 14.625 4.38817
0.5 16.875 4.40554
0.5 19.125 4.36451
0.5 21.375 4.41379
0.5 23.625 4.40895
0.5 25.875 4.41833
0.5 28.125 4.41036
0.5 30.375 4.45028
0.5 32.625 4.41708
0.5 34.875 4.41314
0.5 37.125 4.41095
0.5 39.375 4.41414
0.5 41.625 4.37814
0.5 43.875 4.40621
0.7 1.125 4.15108
0.7 3.375 4.24516
0.7 5.625 4.21483
0.7 7.875 4.1729
0.7 10.125 4.20072
0.7 12.375 4.1871
0.7 14.625 4.20938
0.7 16.875 4.22312
0.7 19.125 4.19793
0.7 21.375 4.1934
0.7 23.625 4.21104
0.7 25.875 4.19622
0.7 28.125 4.22304
0.7 30.375 4.27971
0.7 32.625 4.23821
0.7 34.875 4.2171
0.7 37.125 4.26643
0.7 39.375 4.26638
0.7 41.625 4.26285
0.7 43.875 4.0911
0.9 1.125 3.4718
0.9 3.375 3.7957
0.9 5.625 3.75808
0.9 7.875 3.79427
0.9 10.125 3.70336
0.9 12.375 3.81098
0.9 14.625 3.8649
0.9 16.875 3.92872
0.9 19.125 3.88633
0.9 21.375 3.82917
0.9 23.625 3.84094
0.9 25.875 3.84623
0.9 28.125 4.00158
0.9 30.375 3.9722
0.9 32.625 3.99062
0.9 34.875 3.98526
0.9 37.125 4.04119
0.9 39.375 4.01148
0.9 41.625 4.00288
0.9 43.875 4.09942
1.1 1.125 2.91074
1.1 3.375 2.84881
1.1 5.625 2.90476
1.1 7.875 3.20609
1.1 10.125 2.83936
1.1 12.375 2.90793
1.1 14.625 3.24611
1.1 16.875 3.15673
1.1 19.125 3.03769
1.1 21.375 3.31146
1.1 23.625 3.29427
1.1 25.875 3.3362
1.1 28.125 3.49234
1.1 30.375 3.41682
1.1 32.625 3.61546
1.1 34.875 3.58609
1.1 37.125 3.67335
1.1 39.375 3.68567
1.1 41.625 3.75231
1.1 43.875 3.64251
1.3 1.125 1.67432
1.3 3.375 1.79881
1.3 5.625 1.90269
1.3 7.875 1.92976
1.3 10.125 1.64274
1.3 12.375 1.70587
1.3 14.625 2.16185
1.3 16.875 1.99297
1.3 19.125 2.05152
1.3 21.375 2.01333
1.3 23.625 2.24662
1.3 25.875 2.41569
1.3 28.125 2.59095
1.3 30.375 2.55325
1.3 32.625 2.60782
1.3 34.875 2.87969
1.3 37.125 2.96283
1.3 39.375 2.96628
1.3 41.625 2.89693
1.3 43.875 3.1603
1.5 1.125 0.974536
1.5 3.375 0.928849
1.5 5.625 0.930792
1.5 7.875 0.902528
1.5 10.125 0.93675
1.5 12.375 1.03115
1.5 14.625 1.03999
1.5 16.875 1.13343
1.5 19.125 1.20545
1.5 21.375 1.19961
1.5 23.625 1.26012
1.5 25.875 1.30482
1.5 28.125 1.3811
1.5 30.375 1.63273
1.5 32.625 1.63028
1.5 34.875 1.86253
1.5 37.125 1.8349
1.5 39.375 2.01265
1.5 41.625 2.09452
1.5 43.875 2.18732
1.7 1.125 0.516423
1.7 3.375 0.526538
1.7 5.625 0.516515
1.7 7.875 0.584895
1.7 10.125 0.575199
1.7 12.375 0.547529
1.7 14.625 0.61083
1.7 16.875 0.593198
1.7 19.125 0.601768
1.7 21.375 0.613821
1.7 23.625 0.66319
1.7 25.875 0.679473
1.7 28.125 0.72954
1.7 30.375 0.812065
1.7 32.625 0.907133
1.7 34.875 0.95684
1.7 37.125 1.0418
1.7 39.375 1.27144
1.7 41.625 1.05004
1.7 43.875 1.26504
1.9 1.125 0.333656
1.9 3.375 0.316316
1.9 5.625 0.316237
1.9 7.875 0.316732
1.9 10.125 0.345292
1.9 12.375 0.344867
1.9 14.625 0.349001
1.9 16.875 0.355407
1.9 19.125 0.340991
1.9 21.375 0.373013
1.9 23.625 0.398758
1.9 25.875 0.390467
1.9 28.125 0.431128
1.9 30.375 0.468363
1.9 32.625 0.496552
1.9 34.875 0.528641
1.9 37.125 0.596024
1.9 39.375 0.670036
1.9 41.625 0.608571
1.9 43.875 0.699157
2.1 1.125 0.204051
2.1 3.375 0.230154
2.1 5.625 0.20996
2.1 7.875 0.213274
2.1 10.125 0.21254
2.1 12.375 0.214161
2.1 14.625 0.229893
2.1 16.875 0.227633
2.1 19.125 0.238128
2.1 21.375 0.243343
2.1 23.625 0.259896
2.1 25.875 0.238412
2.1 28.125 0.264982
2.1 30.375 0.286678
2.1 32.625 0.298078
2.1 34.875 0.323406
2.1 37.125 0.330436
2.1 39.375 0.347313
2.1 41.625 0.371541
2.1 43.875 0.361773
2.3 1.125 0.148183
2.3 3.375 0.148563
2.3 5.625 0.162397
2.3 7.875 0.164959
2.3 10.125 0.156397
2.3 12.375 0.157125
2.3 14.625 0.157468
2.3 16.875 0.157034
2.3 19.125 0.157907
2.3 21.375 0.170116
2.3 23.625 0.178261
2.3 25.875 0.170468
2.3 28.125 0.195388
2.3 30.375 0.195815
2.3 32.625 0.206837
2.3 34.875 0.218683
2.3 37.125 0.221421
2.3 39.375 0.216451
2.3 41.625 0.231114
2.3 43.875 0.230183
2.5 1.125 0.118517
2.5 3.375 0.114435
2.5 5.625 0.110985
2.5 7.875 0.126261
2.5 10.125 0.122556
2.5 12.375 0.116448
2.5 14.625 0.114747
2.5 16.875 0.110454
2.5 19.125 0.120883
2.5 21.375 0.120901
2.5 23.625 0.120127
2.5 25.875 0.135206
2.5 28.125 0.132042
2.5 30.375 0.144876
2.5 32.625 0.143242
2.5 34.875 0.157311
2.5 37.125 0.148532
2.5 39.375 0.153505
2.5 41.625 0.158439
2.5 43.875 0.156576
2.7 1.125 0.0958858
2.7 3.375 0.0898471
2.7 5.625 0.0927495
2.7 7.875 0.0911334
2.7 10.125 0.0896181
2.7 12.375 0.0902698
2.7 14.625 0.0938273
2.7 16.875 0.0947135
2.7 19.125 0.0929475
2.7 21.375 0.0926057
2.7 23.625 0.0991337
2.7 25.875 0.111039
2.7 28.125 0.109184
2.7 30.375 0.101253
2.7 32.625 0.110376
2.7 34.875 0.107679
2.7 37.125 0.111259
2.7 39.375 0.105253
2.7 41.625 0.105443
2.7 43.875 0.104169
2.9 1.125 0.0742313
2.9 3.375 0.0689885
2.9 5.625 0.07377
2.9 7.875 0.068761
2.9 10.125 0.0720262
2.9 12.375 0.070285
2.9 14.625 0.0697165
2.9 16.875 0.0727021
2.9 19.125 0.0763485
2.9 21.375 0.0753749
2.9 23.625 0.0708761
2.9 25.875 0.0829536
2.9 28.125 0.0822056
2.9 30.375 0.0808982
2.9 32.625 0.0852882
2.9 34.875 0.0836964
2.9 37.125 0.0818614
2.9 39.375 0.0759734
2.9 41.625 0.0757303
2.9 43.875 0.0764028
3.1 1.125 0.0571539
3.1 3.375 0.0590829
3.1 5.625 0.0582334
3.1 7.875 0.0557444
3.1 10.125 0.0565824
3.1 12.375 0.0589342
3.1 14.625 0.0568166
3.1 16.875 0.0557864
3.1 19.125 0.063001
3.1 21.375 0.062109
3.1 23.625 0.0613762
3.1 25.875 0.0646899
3.1 28.125 0.0674117
3.1 30.375 0.0667269
3.1 32.625 0.0669047
3.1 34.875 0.0647275
3.1 37.125 0.0669255
3.1 39.375 0.0642453
3.1 41.625 0.0635136
3.1 43.875 0.0606261
3.3 1.125 0.0469133
3.3 3.375 0.0504196
3.3 5.625 0.044657
3.3 7.875 0.0491522
3.3 10.125 0.0465118
3.3 12.375 0.0462593
3.3 14.625 0.0479526
3.3 16.875 0.0450708
3.3 19.125 0.0522498
3.3 21.375 0.0528958
3.3 23.625 0.0525032
3.3 25.875 0.0578755
3.3 28.125 0.0507404
3.3 30.375 0.0534784
3.3 32.625 0.051276
3.3 34.875 0.0529368
3.3 37.125 0.0552389
3.3 39.375 0.0545662
3.3 41.625 0.0485238
3.3 43.875 0.0487822
3.5 1.125 0.0363681
3.5 3.375 0.0377941
3.5 5.625 0.0375982
3.5 7.875 0.0385221
3.5 10.125 0.0371262
3.5 12.375 0.0365564
3.5 14.625 0.0403778
3.5 16.875 0.0381427
3.5 19.125 0.0402528
3.5 21.375 0.0394593
3.5 23.625 0.040477
3.5 25.875 0.0418451
3.5 28.125 0.0438164
3.5 30.375 0.0437963
3.5 32.625 0.0457525
3.5 34.875 0.0432057
3.5 37.125 0.0440949
3.5 39.375 0.0408375
3.5 41.625 0.0427953
3.5 43.875 0.040326
3.7 1.125 0.0336338
3.7 3.375 0.0322182
3.7 5.625 0.0318554
3.7 7.875 0.0336386
3.7 10.125 0.03388
3.7 12.375 0.0331587
3.7 14.625 0.0344333
3.7 16.875 0.0316275
3.7 19.125 0.0339333
3.7 21.375 0.0353051
3.7 23.625 0.0335196
3.7 25.875 0.0348745
3.7 28.125 0.0356657
3.7 30.375 0.0371935
3.7 32.625 0.035891
3.7 34.875 0.0355556
3.7 37.125 0.0381377
3.7 39.375 0.0388068
3.7 41.625 0.0383076
3.7 43.875 0.03294
3.9 1.125 0.0264354
3.9 3.375 0.0270816
3.9 5.625 0.0274751
3.9 7.875 0.0272428
3.9 10.125 0.0265629
3.9 12.375 0.0277266
3.9 14.625 0.0282322
3.9 16.875 0.0287356
3.9 19.125 0.0303106
3.9 21.375 0.0311016
3.9 23.625 0.0301611
3.9 25.875 0.0295429
3.9 28.125 0.0291641
3.9 30.375 0.0293397
3.9 32.625 0.0289193
3.9 34.875 0.0297387
3.9 37.125 0.031648
3.9 39.375 0.0309926
3.9 41.625 0.0331794
3.9 43.875 0.0305413
4.1 1.125 0.0237308
4.1 3.375 0.0244945
4.1 5.625 0.0228981
4.1 7.875 0.0217045
4.1 10.125 0.0236214
4.1 12.375 0.0261135
4.1 14.625 0.0212681
4.1 16.875 0.025301
4.1 19.125 0.0257665
4.1 21.375 0.0252486
4.1 23.625 0.0249001
4.1 25.875 0.026183
4.1 28.125 0.0261745
4.1 30.375 0.0255864
4.1 32.625 0.0243685
4.1 34.875 0.0260784
4.1 37.125 0.0251971
4.1 39.375 0.0267748
4.1 41.625 0.0283619
4.1 43.875 0.0268045
4.3 1.125 0.0193308
4.3 3.375 0.0197634
4.3 5.625 0.0193972
4.3 7.875 0.0203881
4.3 10.125 0.0218144
4.3 12.375 0.0199061
4.3 14.625 0.0212614
4.3 16.875 0.0218864
4.3 19.125 0.0235276
4.3 21.375 0.0212237
4.3 23.625 0.0239642
4.3 25.875 0.0222352
4.3 28.125 0.0221926
4.3 30.375 0.0222071
4.3 32.625 0.0216098
4.3 34.875 0.0211692
4.3 37.125 0.0224097
4.3 39.375 0.0221767
4.3 41.625 0.0225294
4.3 43.875 0.0214758
4.5 1.125 0.0178679
4.5 3.375 0.0175554
4.5 5.625 0.016874
4.5 7.875 0.0165954
4.5 10.125 0.0171715
4.5 12.375 0.0177113
4.5 14.625 0.0182238
4.5 16.875 0.0198805
4.5 19.125 0.0190058
4.5 21.375 0.0197885
4.5 23.625 0.0200888
4.5 25.875 0.0180608
4.5 28.125 0.0200489
4.5 30.375 0.0188824
4.5 32.625 0.0184113
4.5 34.875 0.0209836
4.5 37.125 0.017745
4.5 39.375 0.0179192
4.5 41.625 0.0191823
4.5 43.875 0.0194407
4.7 1.125 0.0148719
4.7 3.375 0.0143974
4.7 5.625 0.0154372
4.7 7.875 0.0144135
4.7 10.125 0.0151461
4.7 12.375 0.0163636
4.7 14.625 0.0156653
4.7 16.875 0.0167646
4.7 19.125 0.0170397
4.7 21.375 0.0150244
4.7 23.625 0.0164447
4.7 25.875 0.0167675
4.7 28.125 0.017245
4.7 30.375 0.0166603
4.7 32.625 0.0165425
4.7 34.875 0.0156106
4.7 37.125 0.0166577
4.7 39.375 0.017223
4.7 41.625 0.016034
4.7 43.875 0.0173404
4.9 1.125 0.0123741
4.9 3.375 0.0125472
4.9 5.625 0.0136374
4.9 7.875 0.0137037
4.9 10.125 0.0130493
4.9 12.375 0.013203
4.9 14.625 0.0145822
4.9 16.875 0.0149092
4.9 19.125 0.0139029
4.9 21.375 0.0148044
4.9 23.625 0.0134451
4.9 25.875 0.01412
4.9 28.125 0.0152531
4.9 30.375 0.0154128
4.9 32.625 0.014517
4.9 34.875 0.0153308
4.9 37.125 0.0141852
4.9 39.375 0.0151796
4.9 41.625 0.0148558
4.9 43.875 0.0152701
5.1 1.125 0.0119982
5.1 3.375 0.0118314
5.1 5.625 0.0135383
5.1 7.875 0.0123007
5.1 10.125 0.0115042
5.1 12.375 0.013867
5.1 14.625 0.0131404
5.1 16.875 0.0125066
5.1 19.125 0.0137079
5.1 21.375 0.0133251
5.1 23.625 0.0121213
5.1 25.875 0.0130639
5.1 28.125 0.0130797
5.1 30.375 0.013191
5.1 32.625 0.0121762
5.1 34.875 0.0126657
5.1 37.125 0.0129911
5.1 39.375 0.012791
5.1 41.625 0.0133094
5.1 43.875 0.0132418
5.3 1.125 0.0107683
5.3 3.375 0.0113975
5.3 5.625 0.0107522
5.3 7.875 0.0102934
5.3 10.125 0.00967192
5.3 12.375 0.0112052
5.3 14.625 0.0114422
5.3 16.875 0.0114325
5.3 19.125 0.0110842
5.3 21.375 0.0116144
5.3 23.625 0.0123795
5.3 25.875 0.0114171
5.3 28.125 0.0118516
5.3 30.375 0.0118508
5.3 32.625 0.011101
5.3 34.875 0.0117373
5.3 37.125 0.0121978
5.3 39.375 0.0123694
5.3 41.625 0.0110074
5.3 43.875 0.0124662
5.5 1.125 0.0110846
5.5 3.375 0.010318
5.5 5.625 0.0099749
5.5 7.875 0.0100195
5.5 10.125 0.0104884
5.5 12.375 0.0110936
5.5 14.625 0.0109686
5.5 16.875 0.010298
5.5 19.125 0.0108855
5.5 21.375 0.0108972
5.5 23.625 0.0104822
5.5 25.875 0.0104438
5.5 28.125 0.01103
5.5 30.375 0.010021
5.5 32.625 0.0113029
5.5 34.875 0.010062
5.5 37.125 0.0106832
5.5 39.375 0.0113741
5.5 41.625 0.0111534
5.5 43.875 0.0107873
5.7 1.125 0.00958847
5.7 3.375 0.00865218
5.7 5.625 0.00902291
5.7 7.875 0.00879022
5.7 10.125 0.00894109
5.7 12.375 0.00954901
5.7 14.625 0.00932315
5.7 16.875 0.0109926
5.7 19.125 0.0102323
5.7 21.375 0.00881651
5.7 23.625 0.0106222
5.7 25.875 0.00938356
5.7 28.125 0.0102955
5.7 30.375 0.00999819
5.7 32.625 0.00998921
5.7 34.875 0.00940532
5.7 37.125 0.0094519
5.7 39.375 0.010542
5.7 41.625 0.00930967
5.7 43.875 0.0100734
5.9 1.125 0.00962159
5.9 3.375 0.0080542
5.9 5.625 0.00774817
5.9 7.875 0.00864865
5.9 10.125 0.00905018
5.9 12.375 0.008865
5.9 14.625 0.0088904
5.9 16.875 0.00867901
5.9 19.125 0.00918413
5.9 21.375 0.00996419
5.9 23.625 0.00951037
5.9 25.875 0.00908563
5.9 28.125 0.00882611
5.9 30.375 0.00915129
5.9 32.625 0.00923281
5.9 34.875 0.00801456
5.9 37.125 0.00955902
5.9 39.375 0.0092319
5.9 41.625 0.00902207
5.9 43.875 0.00939408
6.1 1.125 0.00775099
6.1 3.375 0.00780666
6.1 5.625 0.0075615
6.1 7.875 0.00862721
6.1 10.125 0.00843049
6.1 12.375 0.00776871
6.1 14.625 0.00769533
6.1 16.875 0.00882916
6.1 19.125 0.00839575
6.1 21.375 0.00908316
6.1 23.625 0.0077715
6.1 25.875 0.00876527
6.1 28.125 0.00860095
6.1 30.375 0.0092705
6.1 32.625 0.00897634
6.1 34.875 0.00789868
6.1 37.125 0.00934676
6.1 39.375 0.00798764
6.1 41.625 0.0081947
6.1 43.875 0.00844075
6.3 1.125 0.00757087
6.3 3.375 0.00756947
6.3 5.625 0.00838835
6.3 7.875 0.00745377
6.3 10.125 0.00756531
6.3 12.375 0.00824181
6.3 14.625 0.00818038
6.3 16.875 0.00812173
6.3 19.125 0.00854698
6.3 21.375 0.00666081
6.3 23.625 0.00997738
6.3 25.875 0.0083704
6.3 28.125 0.00837391
6.3 30.375 0.00792189
6.3 32.625 0.00866919
6.3 34.875 0.00834742
6.3 37.125 0.00788788
6.3 39.375 0.00907152
6.3 41.625 0.00735627
6.3 43.875 0.00844295
6.5 1.125 0.00799343
6.5 3.375 0.00710201
6.5 5.625 0.00699583
6.5 7.875 0.00712501
6.5 10.125 0.00731449
6.5 12.375 0.00750664
6.5 14.625 0.00723205
6.5 16.875 0.00736813
6.5 19.125 0.00763316
6.5 21.375 0.00770291
6.5 23.625 0.00796188
6.5 25.875 0.00758445
6.5 28.125 0.00776697
6.5 30.375 0.00781862
6.5 32.625 0.00734796
6.5 34.875 0.00768826
6.5 37.125 0.00796886
6.5 39.375 0.00770229
6.5 41.625 0.0073898
6.5 43.875 0.00770273
6.7 1.125 0.00694983
6.7 3.375 0.00701797
6.7 5.625 0.00696018
6.7 7.875 0.00733662
6.7 10.125 0.00698538
6.7 12.375 0.00752737
6.7 14.625 0.00737053
6.7 16.875 0.00703304
6.7 19.125 0.00667409
6.7 21.375 0.00716074
6.7 23.625 0.00733142
6.7 25.875 0.00742172
6.7 28.125 0.00717259
6.7 30.375 0.00707154
6.7 32.625 0.00703794
6.7 34.875 0.0070263
6.7 37.125 0.00784762
6.7 39.375 0.00750613
6.7 41.625 0.00724639
6.7 43.875 0.00689548
6.9 1.125 0.00644329
6.9 3.375 0.00662833
6.9 5.625 0.00723339
6.9 7.875 0.00682468
6.9 10.125 0.0063457
6.9 12.375 0.00706896
6.9 14.625 0.00683046
6.9 16.875 0.00685597
6.9 19.125 0.00796633
6.9 21.375 0.00807555
6.9 23.625 0.0065608
6.9 25.875 0.00778356
6.9 28.125 0.0070399
6.9 30.375 0.00687326
6.9 32.625 0.00685261
6.9 34.875 0.00680158
6.9 37.125 0.00679167
6.9 39.375 0.00672032
6.9 41.625 0.00687666
6.9 43.875 0.00694027
7.1 1.125 0.00608763
7.1 3.375 0.00642341
7.1 5.625 0.00660454
7.1 7.875 0.00634326
7.1 10.125 0.00686472
7.1 12.375 0.0066381
7.1 14.625 0.00654161
7.1 16.875 0.00672781
7.1 19.125 0.00616272
7.1 21.375 0.00575701
7.1 23.625 0.0067637
7.1 25.875 0.00639192
7.1 28.125 0.00626454
7.1 30.375 0.0062604
7.1 32.625 0.00672748
7.1 34.875 0.00664199
7.1 37.125 0.00668981
7.1 39.375 0.00656498
7.1 41.625 0.00628817
7.1 43.875 0.00628498
7.3 1.125 0.00600972
7.3 3.375 0.00546524
7.3 5.625 0.00563951
7.3 7.875 0.00647305
7.3 10.125 0.0066074
7.3 12.375 0.00693833
7.3 14.625 0.00664487
7.3 16.875 0.00625236
7.3 19.125 0.00624998
7.3 21.375 0.00638999
7.3 23.625 0.00624945
7.3 25.875 0.00642964
7.3 28.125 0.00590518
7.3 30.375 0.00746924
7.3 32.625 0.00697908
7.3 34.875 0.00604009
7.3 37.125 0.007107
7.3 39.375 0.00627205
7.3 41.625 0.00633871
7.3 43.875 0.00641191
7.5 1.125 0.00575676
7.5 3.375 0.00546394
7.5 5.625 0.0061103
7.5 7.875 0.00689626
7.5 10.125 0.00585706
7.5 12.375 0.00634444
7.5 14.625 0.00613021
7.5 16.875 0.00655348
7.5 19.125 0.00655929
7.5 21.375 0.00603441
7.5 23.625 0.00611217
7.5 25.875 0.00712977
7.5 28.125 0.00643348
7.5 30.375 0.00624244
7.5 32.625 0.00589281
7.5 34.875 0.00657586
7.5 37.125 0.00542327
7.5 39.375 0.0062381
7.5 41.625 0.00654851
7.5 43.875 0.00663355
7.7 1.125 0.00574803
7.7 3.375 0.00549637
7.7 5.625 0.00547483
7.7 7.875 0.00628191
7.7 10.125 0.00627821
7.7 12.375 0.00556933
7.7 14.625 0.0061304
7.7 16.875 0.00527967
7.7 19.125 0.00578691
7.7 21.375 0.00547152
7.7 23.625 0.00621406
7.7 25.875 0.00690192
7.7 28.125 0.00586353
7.7 30.375 0.00593146
7.7 32.625 0.00618481
7.7 34.875 0.00636358
7.7 37.125 0.00576808
7.7 39.375 0.00601612
7.7 41.625 0.00610964
7.7 43.875 0.00612172
7.9 1.125 0.00592633
7.9 3.375 0.0060636
7.9 5.625 0.00581425
7.9 7.875 0.00573975
7.9 10.125 0.00589642
7.9 12.375 0.00602421
7.9 14.625 0.00568347
7.9 16.875 0.00602509
7.9 19.125 0.00630107
7.9 21.375 0.00600706
7.9 23.625 0.00548445
7.9 25.875 0.00547335
7.9 28.125 0.00541251
7.9 30.375 0.00557298
7.9 32.625 0.00657027
7.9 34.875 0.006038
7.9 37.125 0.00677022
7.9 39.375 0.00558299
7.9 41.625 0.00543416
7.9 43.875 0.00704791
8.1 1.125 0.0051946
8.1 3.375 0.00592326
8.1 5.625 0.00595269
8.1 7.875 0.00515654
8.1 10.125 0.00579257
8.1 12.375 0.00565932
8.1 14.625 0.00568728
8.1 16.875 0.00592681
8.1 19.125 0.00539287
8.1 21.375 0.00585829
8.1 23.625 0.00565719
8.1 25.875 0.00548316
8.1 28.125 0.00693437
8.1 30.375 0.00569962
8.1 32.625 0.00637386
8.1 34.875 0.00584228
8.1 37.125 0.0101849
8.1 39.375 0.00547649
8.1 41.625 0.00541626
8.1 43.875 0.00640355
8.3 1.125 0.00633034
8.3 3.375 0.00627796
8.3 5.625 0.0059572
8.3 7.875 0.00508067
8.3 10.125 0.00576141
8.3 12.375 0.00603136
8.3 14.625 0.00608327
8.3 16.875 0.00670889
8.3 19.125 0.0054033
8.3 21.375 0.00578104
8.3 23.625 0.00526939
8.3 25.875 0.00547913
8.3 28.125 0.00715857
8.3 30.375 0.00561613
8.3 32.625 0.00568806
8.3 34.875 0.00559162
8.3 37.125 0.00631036
8.3 39.375 0.00583035
8.3 41.625 0.00589061
8.3 43.875 0.00545579
8.5 1.125 0.0055924
8.5 3.375 0.00531385
8.5 5.625 0.0047401
8.5 7.875 0.006337
8.5 10.125 0.0127841
8.5 12.375 0.00609472
8.5 14.625 0.00559559
8.5 16.875 0.00632006
8.5 19.125 0.00507222
8.5 21.375 0.00575451
8.5 23.625 0.00487483
8.5 25.875 0.00561051
8.5 28.125 0.005817
8.5 30.375 0.00521365
8.5 32.625 0.00583179
8.5 34.875 0.00520435
8.5 37.125 0.0052933
8.5 39.375 0.00540902
8.5 41.625 0.00593071
8.5 43.875 0.00646558
8.7 1.125 0.00542331
8.7 3.375 0.00543465
8.7 5.625 0.0057065
8.7 7.875 0.00512612
8.7 10.125 0.00669707
8.7 12.375 0.00576845
8.7 14.625 0.0051702
8.7 16.875 0.00522961
8.7 19.125 0.00596233
8.7 21.375 0.00507206
8.7 23.625 0.00540923
8.7 25.875 0.0057212
8.7 28.125 0.00571063
8.7 30.375 0.00606278
8.7 32.625 0.00539445
8.7 34.875 0.00561074
8.7 37.125 0.00495025
8.7 39.375 0.00540073
8.7 41.625 0.00580379
8.7 43.875 0.00598733
8.9 1.125 0.00587351
8.9 3.375 0.0055071
8.9 5.625 0.00490779
8.9 7.875 0.00499739
8.9 10.125 0.00544141
8.9 12.375 0.00583483
8.9 14.625 0.00588779
8.9 16.875 0.00604765
8.9 19.125 0.0052332
8.9 21.375 0.106932
8.9 23.625 0.00583483
8.9 25.875 0.00594509
8.9 28.125 0.00551018
8.9 30.375 0.00536706
8.9 32.625 0.00564159
8.9 34.875 0.00620023
8.9 37.125 0.00589712
8.9 39.375 0.0052526
8.9 41.625 0.00609319
8.9 43.875 0.00610396
9.1 1.125 0.00629125
9.1 3.375 0.00615417
9.1 5.625 0.00536168
9.1 7.875 0.00538001
9.1 10.125 0.00493425
9.1 12.375 0.00455053
9.1 14.625 0.00513277
9.1 16.875 0.00488873
9.1 19.125 0.00623441
9.1 21.375 0.00583233
9.1 23.625 0.00599987
9.1 25.875 0.00511344
9.1 28.125 0.00527795
9.1 30.375 0.00537829
9.1 32.625 0.00579622
9.1 34.875 0.00494205
9.1 37.125 0.00551534
9.1 39.375 0.00646621
9.1 41.625 0.00499077
9.1 43.875 0.00547511
9.3 1.125 0.00445575
9.3 3.375 0.00736084
9.3 5.625 0.0058969
9.3 7.875 0.00462816
9.3 10.125 0.0059826
9.3 12.375 0.00527654
9.3 14.625 0.00538094
9.3 16.875 0.00521207
9.3 19.125 0.00565844
9.3 21.375 0.00508916
9.3 23.625 0.00473661
9.3 25.875 0.00485149
9.3 28.125 0.0059647
9.3 30.375 0.00540029
9.3 32.625 0.00571289
9.3 34.875 0.00517966
9.3 37.125 0.00582918
9.3 39.375 0.00595731
9.3 41.625 0.00567585
9.3 43.875 0.00604076
9.5 1.125 0.00521064
9.5 3.375 0.00527156
9.5 5.625 0.0057447
9.5 7.875 0.00605168
9.5 10.125 0.00477545
9.5 12.375 0.00436154
9.5 14.625 0.00581112
9.5 16.875 0.00545634
9.5 19.125 0.0050706
9.5 21.375 0.00549771
9.5 23.625 0.00537544
9.5 25.875 0.00660754
9.5 28.125 0.00602214
9.5 30.375 0.00828255
9.5 32.625 0.00499675
9.5 34.875 0.00494956
9.5 37.125 0.00453404
9.5 39.375 0.00613129
9.5 41.625 0.00586875
9.5 43.875 0.00461804
9.7 1.125 0.00444239
9.7 3.375 0.00519544
9.7 5.625 0.00505798
9.7 7.875 0.00479416
9.7 10.125 0.00528037
9.7 12.375 0.00471122
9.7 14.625 0.00438427
9.7 16.875 0.00500294
9.7 19.125 0.00614192
9.7 21.375 0.005293
9.7 23.625 0.00579513
9.7 25.875 0.00565341
9.7 28.125 0.00473617
9.7 30.375 0.00616673
9.7 32.625 0.00551632
9.7 34.875 0.00492082
9.7 37.125 0.0053426
9.7 39.375 0.00512269
9.7 41.625 0.218058
9.7 43.875 0.00448553
9.9 1.125 0.00524032
9.9 3.375 0.00550435
9.9 5.625 0.00492454
9.9 7.875 0.0125845
9.9 10.125 0.00500538
9.9 12.375 0.00538253
9.9 14.625 0.0056683
9.9 16.875 0.00479575
9.9 19.125 0.0050321
9.9 21.375 0.00503039
9.9 23.625 0.00559037
9.9 25.875 0.00461817
9.9 28.125 0.00689167
9.9 30.375 0.00549266
9.9 32.625 0.00507053
9.9 34.875 0.00570555
9.9 37.125 0.0046438
9.9 39.375 0.00539872
9.9 41.625 0.0054999
9.9 43.875 0.00532276
10.1 1.125 0.00526688
10.1 3.375 0.00531674
10.1 5.625 0.005865
10.1 7.875 0.00583181
10.1 10.125 0.00462939
10.1 12.375 0.00494219
10.1 14.625 0.0058054
10.1 16.875 0.00509529
10.1 19.125 0.0116372
10.1 21.375 0.0045617
10.1 23.625 0.00508562
10.1 25.875 0.00475546
10.1 28.125 0.00534755
10.1 30.375 0.00586541
10.1 32.625 0.00526516
10.1 34.875 0.00538385
10.1 37.125 0.00457332
10.1 39.375 0.00505606
10.1 41.625 0.00502117
10.1 43.875 0.00731897
10.3 1.125 0.00424027
10.3 3.375 0.00508803
10.3 5.625 0.00507196
10.3 7.875 0.00500857
10.3 10.125 0.003999
10.3 12.375 0.00483839
10.3 14.625 0.00500703
10.3 16.875 0.00494875
10.3 19.125 0.00589434
10.3 21.375 0.00478924
10.3 23.625 0.00439255
10.3 25.875 0.00406556
10.3 28.125 0.00492933
10.3 30.375 0.00544353
10.3 32.625 0.00527675
10.3 34.875 0.00478645
10.3 37.125 0.00491913
10.3 39.375 0.00625706
10.3 41.625 0.00417305
10.3 43.875 0.00628574
10.5 1.125 0.00409734
10.5 3.375 0.00498078
10.5 5.625 0.0048935
10.5 7.875 0.00507014
10.5 10.125 0.00442915
10.5 12.375 0.00533849
10.5 14.625 0.0052747
10.5 16.875 0.00481606
10.5 19.125 0.00485655
10.5 21.375 0.00720939
10.5 23.625 0.00552652
10.5 25.875 0.00479941
10.5 28.125 0.00736698
10.5 30.375 0.00613396
10.5 32.625 0.00487896
10.5 34.875 0.00595478
10.5 37.125 0.00457756
10.5 39.375 0.00425866
10.5 41.625 0.00684626
10.5 43.875 0.00454074
10.7 1.125 0.00560754
10.7 3.375 0.00375682
10.7 5.625 0.00524685
10.7 7.875 0.00505525
10.7 10.125 0.00428926
10.7 12.375 0.00685253
10.7 14.625 0.00480371
10.7 16.875 0.00484319
10.7 19.125 0.00447516
10.7 21.375 0.00447235
10.7 23.625 0.00421475
10.7 25.875 0.0048024
10.7 28.125 0.00735208
10.7 30.375 0.0062727
10.7 32.625 0.00428039
10.7 34.875 0.00521737
10.7 37.125 0.00641342
10.7 39.375 0.00431969
10.7 41.625 0.00497657
10.7 43.875 0.00587641
10.9 1.125 0.00611871
10.9 3.375 0.00484435
10.9 5.625 0.00461532
10.9 7.875 0.00408424
10.9 10.125 0.00504259
10.9 12.375 0.00524096
10.9 14.625 0.00529809
10.9 16.875 0.00549946
10.9 19.125 0.00415718
10.9 21.375 0.00517895
10.9 23.625 0.00495764
10.9 25.875 0.0149183
10.9 28.125 0.00541745
10.9 30.375 0.00475155
10.9 32.625 0.0033051
10.9 34.875 0.00426601
10.9 37.125 0.00501035
10.9 39.375 0.00507702
10.9 41.625 0.00683407
10.9 43.875 0.00488494
11.1 1.125 0.00519982
11.1 3.375 0.00577283
11.1 5.625 0.00531935
11.1 7.875 0.00636653
11.1 10.125 0.00383072
11.1 12.375 0.00450473
11.1 14.625 0.00485321
11.1 16.875 0.00507259
11.1 19.125 0.00500053
11.1 21.375 0.00509248
11.1 23.625 0.00486847
11.1 25.875 0.00442459
11.1 28.125 0.00567592
11.1 30.375 0.00596903
11.1 32.625 0.00545673
11.1 34.875 0.0041802
11.1 37.125 0.00356941
11.1 39.375 0.00480513
11.1 41.625 0.00499114
11.1 43.875 0.00517518
11.3 1.125 0.00494379
11.3 3.375 0.00516859
11.3 5.625 0.00391969
11.3 7.875 0.00524807
11.3 10.125 0.00468103
11.3 12.375 0.00523345
11.3 14.625 0.00493647
11.3 16.875 0.00374699
11.3 19.125 0.00422582
11.3 21.375 0.00550869
11.3 23.625 0.00454083
11.3 25.875 0.00428851
11.3 28.125 0.00448875
11.3 30.375 0.0482221
11.3 32.625 0.00498036
11.3 34.875 0.00421763
11.3 37.125 0.00457888
11.3 39.375 0.0181883
11.3 41.625 0.00425645
11.3 43.875 0.00472252
11.5 1.125 0.00475932
11.5 3.375 0.00491133
11.5 5.625 0.00349678
11.5 7.875 0.00405857
11.5 10.125 0.00432218
11.5 12.375 0.00579012
11.5 14.625 0.00597157
11.5 16.875 0.00545202
11.5 19.125 0.0044579
11.5 21.375 0.0056221
11.5 23.625 0.0039186
11.5 25.875 0.00506388
11.5 28.125 0.00454273
11.5 30.375 0.00457197
11.5 32.625 0.00461781
11.5 34.875 0.0062593
11.5 37.125 0.0038909
11.5 39.375 0.00485417
11.5 41.625 0.00624554
11.5 43.875 0.0045357
11.7 1.125 0.0133199
11.7 3.375 0.00493133
11.7 5.625 0.00466374
11.7 7.875 0.00486846
11.7 10.125 0.00450016
11.7 12.375 0.00685569
11.7 14.625 0.00503712
11.7 16.875 0.00454303
11.7 19.125 0.00460655
11.7 21.375 0.00560337
11.7 23.625 0.00447791
11.7 25.875 0.00422778
11.7 28.125 0.00487304
11.7 30.375 0.00585137
11.7 32.625 0.0164663
11.7 34.875 0.0058758
11.7 37.125 0.00614019
11.7 39.375 0.00452511
11.7 41.625 0.00475429
11.7 43.875 0.00537222
11.9 1.125 0.00441593
11.9 3.375 0.00468449
11.9 5.625 0.00510436
11.9 7.875 0.00420372
11.9 10.125 0.00516689
11.9 12.375 0.00398191
11.9 14.625 0.00815972
11.9 16.875 0.00423943
11.9 19.125 0.0044101
11.9 21.375 0.00466211
11.9 23.625 0.00466981
11.9 25.875 0.00464157
11.9 28.125 0.00529865
11.9 30.375 0.00591105
11.9 32.625 0.00604996
11.9 34.875 0.00535178
11.9 37.125 0.00688008
11.9 39.375 0.00543116
11.9 41.625 0.00572968
11.9 43.875 0.0057574
12.1 1.125 0.00470923
12.1 3.375 0.00512891
12.1 5.625 0.00617903
12.1 7.875 0.00500065
12.1 10.125 0.00478019
12.1 12.375 0.0036855
12.1 14.625 0.00449263
12.1 16.875 0.00522878
12.1 19.125 0.00480469
12.1 21.375 0.00596699
12.1 23.625 0.00484492
12.1 25.875 0.00405607
12.1 28.125 0.00451338
12.1 30.375 0.00538112
12.1 32.625 0.00637818
12.1 34.875 0.00387778
12.1 37.125 0.00826223
12.1 39.375 0.00549474
12.1 41.625 0.00484071
12.1 43.875 0.00415578
12.3 3.375 0.00315632
12.3 5.625 0.00574183
12.3 7.875 0.00492672
12.3 10.125 0.00448591
12.3 12.375 0.00453054
12.3 14.625 0.00677355
12.3 16.875 0.00703842
12.3 19.125 0.00468087
12.3 21.375 0.00590541
12.3 28.125 0.00473599
12.3 30.375 0.00609881
12.3 32.625 0.00541321
12.3 34.875 0.00445941
12.3 37.125 0.00427418
12.3 39.375 0.00403031
12.3 41.625 0.00486533
12.3 43.875 0.00558004
12.5 1.125 0.00493839
12.5 3.375 0.00438475
12.5 5.625 0.00485184
12.5 7.875 0.00449708
12.5 10.125 0.00480612
12.5 12.375 0.00465967
12.5 14.625 0.00552014
12.5 16.875 0.00534154
12.5 19.125 0.00405493
12.5 21.375 0.00387204
12.5 23.625 0.00507967
12.5 25.875 0.00586478
12.5 28.125 0.00395335
12.5 30.375 0.005214
12.5 32.625 0.00553485
12.5 34.875 0.00760288
12.5 37.125 0.00437201
12.5 39.375 0.00564914
12.5 41.625 0.0038477
12.5 43.875 0.00467123
12.7 1.125 0.00540856
12.7 5.625 0.00655844
12.7 7.875 0.00682551
12.7 10.125 0.00599171
12.7 12.375 0.00405651
12.7 14.625 0.00583739
12.7 16.875 0.0061987
12.7 19.125 0.00744938
12.7 21.375 0.00473809
12.7 23.625 0.00566451
12.7 25.875 0.00405468
12.7 28.125 0.00768148
12.7 30.375 0.00571402
12.7 34.875 0.00510627
12.7 37.125 0.00565132
12.7 39.375 0.00496278
12.7 41.625 0.593098
12.7 43.875 0.00569714
12.9 3.375 0.00365038
12.9 5.625 0.00472243
12.9 7.875 0.003651
12.9 10.125 0.00540895
12.9 12.375 0.00471445
12.9 14.625 0.00550241
12.9 16.875 0.00667896
12.9 19.125 0.00461582
12.9 21.375 0.00396
12.9 23.625 0.00509875
12.9 25.875 0.00719827
12.9 28.125 0.00541415
12.9 30.375 0.00475377
12.9 32.625 0.00546959
12.9 34.875 0.00590169
12.9 37.125 0.00558045
12.9 39.375 0.00387741
12.9 41.625 0.00834346
12.9 43.875 0.0148322
13.1 7.875 0.0048348
13.1 10.125 0.00616247
13.1 12.375 0.00389033
13.1 14.625 0.00584066
13.1 16.875 0.00415102
13.1 19.125 0.0053277
13.1 21.375 0.00529547
13.1 23.625 0.00462434
13.1 25.875 0.0187361
13.1 28.125 0.00415213
13.1 30.375 0.00423935
13.1 32.625 0.00653128
13.1 34.875 0.00465457
13.1 41.625 0.00529036
13.3 1.125 0.00474761
13.3 3.375 0.0047107
13.3 5.625 0.00728744
13.3 7.875 0.00561712
13.3 10.125 0.00559768
13.3 12.375 0.00452276
13.3 14.625 0.00565259
13.3 16.875 0.003809
13.3 19.125 0.00514035
13.3 21.375 0.00769301
13.3 23.625 0.00380029
13.3 25.875 0.00429143
13.3 28.125 0.00483889
13.3 30.375 0.0064414
13.3 32.625 0.00407858
13.3 34.875 0.00483622
13.3 37.125 0.00527123
13.3 39.375 0.00648351
13.3 41.625 0.0038862
13.5 3.375 0.0065357
13.5 5.625 0.00565486
13.5 7.875 0.00361347
13.5 10.125 0.00436979
13.5 14.625 0.00476284
13.5 16.875 0.00553564
13.5 19.125 0.00682245
13.5 23.625 0.00485962
13.5 25.875 0.00477422
13.5 32.625 0.00512331
13.5 34.875 0.00451596
13.5 37.125 0.0045045
13.5 39.375 0.00563728
13.5 43.875 0.00735621
13.7 7.875 0.00473677
13.7 12.375 0.00437068
13.7 14.625 0.00487085
13.7 19.125 0.00490819
13.7 21.375 0.00670603
13.7 23.625 0.00797174
13.7 25.875 0.0056045
13.7 28.125 0.00414623
13.7 32.625 0.00392051
13.7 37.125 0.00498146
13.7 39.375 0.00690882
13.7 41.625 0.00518375
13.9 10.125 0.0045909
13.9 12.375 0.00592406
13.9 14.625 0.00371562
13.9 19.125 0.00517488
13.9 23.625 0.00385369
13.9 25.875 0.00499005
13.9 30.375 0.00473243
13.9 34.875 0.00710076
13.9 37.125 0.00521993
