0.1 1.125 0.16289
0.1 3.375 0.164933
0.1 5.625 0.16814
0.1 7.875 0.17095
0.1 10.125 0.169323
0.1 12.375 0.165808
0.1 14.625 0.170254
0.1 16.875 0.169332
0.1 19.125 0.170553
0.1 21.375 0.165203
0.1 23.625 0.170387
0.1 25.875 0.173232
0.1 28.125 0.16885
0.1 30.375 0.17085
0.1 32.625 0.170935
0.1 34.875 0.167451
0.1 37.125 0.16782
0.1 39.375 0.168215
0.1 41.625 0.17118
0.1 43.875 0.170279
0.3 1.125 0.158614
0.3 3.375 0.159481
0.3 5.625 0.161341
0.3 7.875 0.160241
0.3 10.125 0.160376
0.3 12.375 0.156815
0.3 14.625 0.161188
0.3 16.875 0.161496
0.3 19.125 0.159744
0.3 21.375 0.15941
0.3 23.625 0.156968
0.3 25.875 0.158423
0.3 28.125 0.159355
0.3 30.375 0.158098
0.3 32.625 0.159329
0.3 34.875 0.157035
0.3 37.125 0.158168
0.3 39.375 0.159202
0.3 41.625 0.15708
0.3 43.875 0.159387
0.5 1.125 0.149831
0.5 3.375 0.155089
0.5 5.625 0.148746
0.5 7.875 0.151232
0.5 10.125 0.146885
0.5 12.375 0.151441
0.5 14.625 0.149309
0.5 16.875 0.137793
0.5 19.125 0.145608
0.5 21.375 0.14625
0.5 23.625 0.145753
0.5 25.875 0.148813
0.5 28.125 0.146715
0.5 30.375 0.148249
0.5 32.625 0.143944
0.5 34.875 0.145631
0.5 37.125 0.144225
0.5 39.375 0.149825
0.5 41.625 0.147053
0.5 43.875 0.150804
0.7 1.125 0.135231
0.7 3.375 0.13664
0.7 5.625 0.135846
0.7 7.875 0.140164
0.7 10.125 0.134444
0.7 12.375 0.136233
0.7 14.625 0.136724
0.7 16.875 0.13505
0.7 19.125 0.138313
0.7 21.375 0.12994
0.7 23.625 0.134047
0.7 25.875 0.13204
0.7 28.125 0.131405
0.7 30.375 0.123056
0.7 32.625 0.129436
0.7 34.875 0.129553
0.7 37.125 0.129829
0.7 39.375 0.132647
0.7 41.625 0.130407
0.7 43.875 0.13171
0.9 1.125 0.124389
0.9 3.375 0.119689
0.9 5.625 0.12103
0.9 7.875 0.116481
0.9 10.125 0.117888
0.9 12.375 0.11758
0.9 14.625 0.116836
0.9 16.875 0.117547
0.9 19.125 0.116478
0.9 21.375 0.117522
0.9 23.625 0.114919
0.9 25.875 0.111041
0.9 28.125 0.10593
0.9 30.375 0.103795
0.9 32.625 0.11655
0.9 34.875 0.114547
0.9 37.125 0.119884
0.9 39.375 0.119113
0.9 41.625 0.123818
0.9 43.875 0.117062
1.1 1.125 0.0973468
1.1 3.375 0.0976586
1.1 5.625 0.0969869
1.1 7.875 0.0988613
1.1 10.125 0.0954999
1.1 12.375 0.099713
1.1 14.625 0.0918763
1.1 16.875 0.0946816
1.1 19.125 0.0892711
1.1 21.375 0.0951058
1.1 23.625 0.0947565
1.1 25.875 0.103156
1.1 28.125 0.091128
1.1 30.375 0.0900891
1.1 32.625 0.0882108
1.1 34.875 0.0942582
1.1 37.125 0.0922084
1.1 39.375 0.0952897
1.1 41.625 0.0997337
1.1 43.875 0.0934665
1.3 1.125 0.0713065
1.3 3.375 0.070644
1.3 5.625 0.0717637
1.3 7.875 0.0717699
1.3 10.125 0.0718819
1.3 12.375 0.0744001
1.3 14.625 0.0714498
1.3 16.875 0.0690393
1.3 19.125 0.0697274
1.3 21.375 0.0733813
1.3 23.625 0.0752294
1.3 25.875 0.0716059
1.3 28.125 0.0670912
1.3 30.375 0.072837
1.3 32.625 0.0775946
1.3 34.875 0.0739167
1.3 37.125 0.0718866
1.3 39.375 0.0655336
1.3 41.625 0.087833
1.3 43.875 0.0878213
1.5 1.125 0.049709
1.5 3.375 0.0506692
1.5 5.625 0.0511267
1.5 7.875 0.0500582
1.5 10.125 0.0504788
1.5 12.375 0.0528681
1.5 14.625 0.0502725
1.5 16.875 0.0568683
1.5 19.125 0.0517138
1.5 21.375 0.0534069
1.5 23.625 0.0582795
1.5 25.875 0.0589381
1.5 28.125 0.0531617
1.5 30.375 0.0590503
1.5 32.625 0.064709
1.5 34.875 0.0575315
1.5 37.125 0.0551752
1.5 39.375 0.0628733
1.5 41.625 0.0501878
1.5 43.875 0.0626426
1.7 1.125 0.0347203
1.7 3.375 0.0352096
1.7 5.625 0.034111
1.7 7.875 0.0382055
1.7 10.125 0.0358582
1.7 12.375 0.0373319
1.7 14.625 0.037577
1.7 16.875 0.0364719
1.7 19.125 0.0386287
1.7 21.375 0.040523
1.7 23.625 0.0413526
1.7 25.875 0.0394167
1.7 28.125 0.0415139
1.7 30.375 0.0335863
1.7 32.625 0.0408763
1.7 34.875 0.0432743
1.7 37.125 0.039761
1.7 39.375 0.0460573
1.7 41.625 0.043589
1.7 43.875 0.0424423
1.9 1.125 0.023415
1.9 3.375 0.0221614
1.9 5.625 0.0222662
1.9 7.875 0.021638
1.9 10.125 0.0242898
1.9 12.375 0.0222648
1.9 14.625 0.0267773
1.9 16.875 0.0247643
1.9 19.125 0.0231186
1.9 21.375 0.030566
1.9 23.625 0.0248386
1.9 25.875 0.0302336
1.9 28.125 0.025513
1.9 30.375 0.0359625
1.9 32.625 0.0364839
1.9 34.875 0.0283738
1.9 37.125 0.031894
1.9 39.375 0.0362479
1.9 41.625 0.0298078
1.9 43.875 0.0344479
2.1 1.125 0.0139636
2.1 3.375 0.0131325
2.1 5.625 0.0126945
2.1 7.875 0.0128855
2.1 10.125 0.0130483
2.1 12.375 0.0140238
2.1 14.625 0.0159475
2.1 16.875 0.0158108
2.1 19.125 0.0158365
2.1 21.375 0.0188098
2.1 23.625 0.0168806
2.1 25.875 0.0229995
2.1 28.125 0.0265833
2.1 30.375 0.018925
2.1 32.625 0.0267594
2.1 34.875 0.0254629
2.1 37.125 0.0231721
2.1 39.375 0.0276685
2.1 41.625 0.0224945
2.1 43.875 0.0261616
2.3 1.125 0.00723034
2.3 3.375 0.00719085
2.3 5.625 0.00676704
2.3 7.875 0.00739416
2.3 10.125 0.00866213
2.3 12.375 0.0085724
2.3 14.625 0.00932971
2.3 16.875 0.00856785
2.3 19.125 0.0100702
2.3 21.375 0.0101891
2.3 23.625 0.0120737
2.3 25.875 0.015475
2.3 28.125 0.0133319
2.3 30.375 0.0141376
2.3 32.625 0.0200141
2.3 34.875 0.0159352
2.3 37.125 0.0160732
2.3 39.375 0.0177833
2.3 41.625 0.0226019
2.3 43.875 0.0213364
2.5 1.125 0.00425258
2.5 3.375 0.00443053
2.5 5.625 0.00454364
2.5 7.875 0.00492446
2.5 10.125 0.00474212
2.5 12.375 0.00499482
2.5 14.625 0.00557332
2.5 16.875 0.00610845
2.5 19.125 0.0061534
2.5 21.375 0.00639068
2.5 23.625 0.00757198
2.5 25.875 0.00744091
2.5 28.125 0.00914112
2.5 30.375 0.00873715
2.5 32.625 0.0120434
2.5 34.875 0.0105323
2.5 37.125 0.010851
2.5 39.375 0.0138668
2.5 41.625 0.0141862
2.5 43.875 0.0151099
2.7 1.125 0.00427341
2.7 3.375 0.00410263
2.7 5.625 0.00430719
2.7 7.875 0.00460679
2.7 10.125 0.00514554
2.7 12.375 0.00436362
2.7 14.625 0.00471587
2.7 16.875 0.00399982
2.7 19.125 0.00429838
2.7 21.375 0.00381903
2.7 23.625 0.00383648
2.7 25.875 0.00533024
2.7 28.125 0.00619317
2.7 30.375 0.00594063
2.7 32.625 0.00714518
2.7 34.875 0.00685943
2.7 37.125 0.00910623
2.7 39.375 0.00907551
2.7 41.625 0.0108163
2.7 43.875 0.0133154
2.9 1.125 0.00418592
2.9 3.375 0.00374364
2.9 5.625 0.0044562
2.9 7.875 0.00607645
2.9 10.125 0.00368574
2.9 12.375 0.00371405
2.9 14.625 0.00487273
2.9 16.875 0.00362424
2.9 19.125 0.00530853
2.9 21.375 0.00580659
2.9 23.625 0.00408466
2.9 25.875 0.00415862
2.9 28.125 0.00384549
2.9 30.375 0.00488683
2.9 32.625 0.00485127
2.9 34.875 0.00532901
2.9 37.125 0.00594729
2.9 39.375 0.00715939
2.9 41.625 0.00728862
2.9 43.875 0.008118
3.1 1.125 0.00547692
3.1 3.375 0.00426444
3.1 5.625 0.00476325
3.1 7.875 0.0056377
3.1 10.125 0.00318309
3.1 12.375 0.00382864
3.1 14.625 0.0033395
3.1 16.875 0.00342383
3.1 19.125 0.00368446
3.1 21.375 0.00381641
3.1 23.625 0.00384635
3.1 25.875 0.00406551
3.1 28.125 0.00435813
3.1 30.375 0.00437075
3.1 32.625 0.00385172
3.1 34.875 0.00377715
3.1 37.125 0.00567272
3.1 39.375 0.00466035
3.1 41.625 0.00548372
3.1 43.875 0.00632748
3.3 1.125 0.00424193
3.3 3.375 0.00390893
3.3 5.625 0.00581804
3.3 7.875 0.00399786
3.3 10.125 0.00534917
3.3 12.375 0.00312061
3.3 14.625 0.00670979
3.3 16.875 0.00944075
3.3 19.125 0.0056988
3.3 21.375 0.0047036
3.3 23.625 0.00647053
3.3 25.875 0.00519157
3.3 28.125 0.00320386
3.3 30.375 0.00325249
3.3 32.625 0.00325955
3.3 34.875 0.00358688
3.3 37.125 0.00449165
3.3 39.375 0.00387915
3.3 41.625 0.00403731
3.3 43.875 0.00410349
3.5 1.125 0.00384484
3.5 3.375 0.00344016
3.5 5.625 0.00312043
3.5 7.875 0.00426906
3.5 10.125 0.00437764
3.5 12.375 0.002977
3.5 14.625 0.0037893
3.5 16.875 0.00547588
3.5 19.125 0.00423229
3.5 21.375 0.0106891
3.5 23.625 0.00444422
3.5 25.875 0.00499353
3.5 28.125 0.00316538
3.5 30.375 0.00388223
3.5 32.625 0.00320935
3.5 34.875 0.00392594
3.5 37.125 0.00391821
3.5 39.375 0.00367846
3.5 41.625 0.00338215
3.5 43.875 0.00269097
3.7 1.125 0.00384851
3.7 3.375 0.0028378
3.7 5.625 0.00352526
3.7 7.875 0.00316676
3.7 10.125 0.0035196
3.7 12.375 0.00485081
3.7 14.625 0.00546213
3.7 16.875 0.00427866
3.7 19.125 0.00343314
3.7 21.375 0.005318
3.7 23.625 0.00372268
3.7 25.875 0.00503956
3.7 28.125 0.0042126
3.7 30.375 0.00439689
3.7 32.625 0.00409453
3.7 34.875 0.00382882
3.7 37.125 0.00329127
3.7 39.375 0.00313622
3.7 41.625 0.003129
3.7 43.875 0.00302587
3.9 1.125 0.0039148
3.9 3.375 0.00360537
3.9 5.625 0.00332296
3.9 7.875 0.00394744
3.9 10.125 0.00795996
3.9 12.375 0.00896168
3.9 14.625 0.00288189
3.9 16.875 0.00409049
3.9 19.125 0.00326634
3.9 21.375 0.00384606
3.9 23.625 0.00527989
3.9 25.875 0.00274021
3.9 28.125 0.00391191
3.9 30.375 0.00344116
3.9 32.625 0.00504359
3.9 34.875 0.00364301
3.9 37.125 0.00324185
3.9 39.375 0.00281648
3.9 41.625 0.00299686
3.9 43.875 0.0028294
4.1 1.125 0.0038134
4.1 3.375 0.00356872
4.1 5.625 0.00369622
4.1 7.875 0.003412
4.1 10.125 0.00344385
4.1 12.375 0.00315504
4.1 14.625 0.00318004
4.1 16.875 0.0032955
4.1 19.125 0.00368927
4.1 21.375 0.00383147
4.1 23.625 0.00859054
4.1 25.875 0.00325818
4.1 28.125 0.00393058
4.1 30.375 0.00356696
4.1 32.625 0.00352696
4.1 34.875 0.00283888
4.1 37.125 0.00292314
4.1 39.375 0.00273615
4.1 41.625 0.00281271
4.1 43.875 0.00226008
4.3 1.125 0.00348622
4.3 3.375 0.00379462
4.3 5.625 0.00295889
4.3 7.875 0.00372767
4.3 10.125 0.00284683
4.3 12.375 0.00392936
4.3 14.625 0.00305981
4.3 16.875 0.00283118
4.3 19.125 0.00282434
4.3 21.375 0.00438172
4.3 23.625 0.00376535
4.3 25.875 0.00387056
4.3 28.125 0.00304086
4.3 30.375 0.00361724
4.3 32.625 0.00341429
4.3 34.875 0.00317294
4.3 37.125 0.00281947
4.3 39.375 0.00292286
4.3 41.625 0.00243248
4.3 43.875 0.00320319
4.5 1.125 0.00336524
4.5 3.375 0.00324722
4.5 5.625 0.00348348
4.5 7.875 0.00505388
4.5 10.125 0.00317712
4.5 12.375 0.0038698
4.5 14.625 0.00302275
4.5 16.875 0.00297407
4.5 19.125 0.00332907
4.5 21.375 0.003222
4.5 23.625 0.00298447
4.5 25.875 0.00475905
4.5 28.125 0.00370444
4.5 30.375 0.00368093
4.5 32.625 0.00489273
4.5 34.875 0.00309486
4.5 37.125 0.00268717
4.5 39.375 0.00297289
4.5 41.625 0.00257517
4.5 43.875 0.00277677
4.7 1.125 0.0028116
4.7 3.375 0.00295013
4.7 5.625 0.00275201
4.7 7.875 0.00280359
4.7 10.125 0.0039093
4.7 12.375 0.00290146
4.7 14.625 0.00316348
4.7 16.875 0.00247229
4.7 19.125 0.00313857
4.7 21.375 0.00320736
4.7 23.625 0.00354446
4.7 25.875 0.00410936
4.7 28.125 0.00352148
4.7 30.375 0.00302085
4.7 32.625 0.00288821
4.7 34.875 0.00260214
4.7 37.125 0.00333745
4.7 39.375 0.00264706
4.7 41.625 0.00334231
4.7 43.875 0.00306019
4.9 1.125 0.00297278
4.9 3.375 0.00273527
4.9 5.625 0.00343791
4.9 7.875 0.00220529
4.9 10.125 0.00196374
4.9 12.375 0.00231284
4.9 14.625 0.00375993
4.9 16.875 0.00318858
4.9 19.125 0.00317679
4.9 21.375 0.00287044
4.9 23.625 0.00318517
4.9 25.875 0.00331053
4.9 28.125 0.00324099
4.9 30.375 0.00310617
4.9 32.625 0.00297044
4.9 34.875 0.00258265
4.9 37.125 0.00310045
4.9 39.375 0.00218477
4.9 41.625 0.00201442
4.9 43.875 0.00211735
5.1 1.125 0.00223861
5.1 3.375 0.0026077
5.1 5.625 0.00213106
5.1 7.875 0.00545021
5.1 10.125 0.0023031
5.1 12.375 0.00414288
5.1 14.625 0.00224353
5.1 16.875 0.00261633
5.1 19.125 0.00234345
5.1 21.375 0.00358599
5.1 23.625 0.00334947
5.1 25.875 0.00321372
5.1 28.125 0.00303408
5.1 30.375 0.00294495
5.1 32.625 0.00302389
5.1 34.875 0.00219056
5.1 37.125 0.00306965
5.1 39.375 0.00467044
5.1 41.625 0.00253485
5.1 43.875 0.00154161
5.3 1.125 0.00211113
5.3 3.375 0.00241875
5.3 5.625 0.00269706
5.3 7.875 0.00233446
5.3 10.125 0.00397339
5.3 12.375 0.00268096
5.3 14.625 0.0033121
5.3 16.875 0.00368827
5.3 19.125 0.00258016
5.3 21.375 0.00231437
5.3 23.625 0.00284915
5.3 25.875 0.00257302
5.3 28.125 0.00241589
5.3 30.375 0.00278988
5.3 32.625 0.00275022
5.3 34.875 0.00279143
5.3 37.125 0.00237296
5.3 39.375 0.00340317
5.3 41.625 0.00413268
5.3 43.875 0.0027604
5.5 1.125 0.00244314
5.5 3.375 0.00247088
5.5 5.625 0.00252747
5.5 7.875 0.0021973
5.5 10.125 0.002486
5.5 12.375 0.00206467
5.5 14.625 0.00393406
5.5 16.875 0.00183743
5.5 19.125 0.00405614
5.5 21.375 0.00302626
5.5 23.625 0.00244869
5.5 25.875 0.00290755
5.5 28.125 0.00232585
5.5 30.375 0.00215829
5.5 32.625 0.00242176
5.5 34.875 0.00308793
5.5 37.125 0.00281779
5.5 39.375 0.00604498
5.5 41.625 0.00269118
5.5 43.875 0.00185666
5.7 1.125 0.00259324
5.7 3.375 0.0022981
5.7 5.625 0.00259894
5.7 7.875 0.00238672
5.7 10.125 0.0019817
5.7 12.375 0.00256887
5.7 14.625 0.00274292
5.7 16.875 0.00320336
5.7 19.125 0.00272124
5.7 21.375 0.00292596
5.7 23.625 0.00227195
5.7 25.875 0.00233924
5.7 28.125 0.00219062
5.7 30.375 0.00226487
5.7 32.625 0.00194655
5.7 34.875 0.00240671
5.7 37.125 0.00245393
5.7 39.375 0.00326209
5.7 41.625 0.00297438
5.7 43.875 0.00374917
5.9 1.125 0.00242061
5.9 3.375 0.00252955
5.9 5.625 0.00262423
5.9 7.875 0.0017633
5.9 10.125 0.0039274
5.9 12.375 0.00298911
5.9 14.625 0.00776368
5.9 16.875 0.00233381
5.9 19.125 0.00227097
5.9 21.375 0.00560523
5.9 23.625 0.00238828
5.9 25.875 0.00237635
5.9 28.125 0.00247
5.9 30.375 0.0020494
5.9 32.625 0.00227164
5.9 34.875 0.00280636
5.9 37.125 0.00225247
5.9 39.375 0.00331733
5.9 41.625 0.00238996
5.9 43.875 0.00342559
6.1 1.125 0.00267289
6.1 3.375 0.00160193
6.1 5.625 0.00289689
6.1 7.875 0.00315365
6.1 10.125 0.00644164
6.1 12.375 0.00271204
6.1 14.625 0.00203249
6.1 16.875 0.00248061
6.1 19.125 0.0024168
6.1 21.375 0.00271516
6.1 23.625 0.00205753
6.1 25.875 0.00201129
6.1 28.125 0.00292271
6.1 30.375 0.00188103
6.1 32.625 0.00227714
6.1 34.875 0.00264196
6.1 37.125 0.00210542
6.1 39.375 0.00276987
6.1 41.625 0.00264251
6.1 43.875 0.0029334
6.3 1.125 0.00325089
6.3 3.375 0.00240104
6.3 5.625 0.00224693
6.3 7.875 0.00215241
6.3 10.125 0.00234984
6.3 12.375 0.00299676
6.3 14.625 0.0104547
6.3 16.875 0.00352194
6.3 19.125 0.00325587
6.3 21.375 0.00298512
6.3 23.625 0.00243328
6.3 25.875 0.00723199
6.3 28.125 0.00245284
6.3 30.375 0.00197323
6.3 32.625 0.00225695
6.3 34.875 0.00216046
6.3 37.125 0.00282638
6.3 39.375 0.00227912
6.3 41.625 0.00205642
6.3 43.875 0.00268237
6.5 1.125 0.00265216
6.5 3.375 0.00217519
6.5 5.625 0.00267135
6.5 7.875 0.00323722
6.5 10.125 0.00202872
6.5 12.375 0.00216291
6.5 14.625 0.0027285
6.5 16.875 0.00235187
6.5 19.125 0.00260214
6.5 21.375 0.00235454
6.5 23.625 0.00218783
6.5 25.875 0.0024423
6.5 28.125 0.00262363
6.5 30.375 0.00248476
6.5 32.625 0.00694553
6.5 34.875 0.003291
6.5 37.125 0.00198425
6.5 39.375 0.00212105
6.5 41.625 0.00197192
6.5 43.875 0.00260689
6.7 1.125 0.00230812
6.7 3.375 0.00243335
6.7 5.625 0.00317576
6.7 7.875 0.00272871
6.7 10.125 0.0031118
6.7 12.375 0.00276132
6.7 14.625 0.00278318
6.7 16.875 0.00272044
6.7 19.125 0.00294958
6.7 21.375 0.00291011
6.7 23.625 0.00357636
6.7 25.875 0.00286629
6.7 28.125 0.00204598
6.7 30.375 0.00338805
6.7 32.625 0.00247228
6.7 34.875 0.00205653
6.7 37.125 0.0015019
6.7 39.375 0.00215084
6.7 41.625 0.00273291
6.7 43.875 0.0023122
6.9 1.125 0.00343019
6.9 3.375 0.00306977
6.9 5.625 0.0026105
6.9 7.875 0.00349712
6.9 10.125 0.00834478
6.9 12.375 0.00250656
6.9 14.625 0.00313053
6.9 16.875 0.00307101
6.9 19.125 0.00301498
6.9 21.375 0.00238656
6.9 23.625 0.00203567
6.9 25.875 0.00192377
6.9 28.125 0.0020197
6.9 30.375 0.00278126
6.9 32.625 0.00152056
6.9 34.875 0.0027519
6.9 37.125 0.00223071
6.9 39.375 0.00253626
6.9 41.625 0.00239036
6.9 43.875 0.00209215
7.1 1.125 0.00236907
7.1 3.375 0.0022392
7.1 5.625 0.00243126
7.1 7.875 0.0018829
7.1 10.125 0.00212263
7.1 12.375 0.00237228
7.1 14.625 0.00269374
7.1 16.875 0.00239728
7.1 19.125 0.00235328
7.1 21.375 0.00225806
7.1 23.625 0.00268615
7.1 25.875 0.00265686
7.1 28.125 0.00320943
7.1 30.375 0.00316308
7.1 32.625 0.0037958
7.1 34.875 0.00190902
7.1 37.125 0.00258164
7.1 39.375 0.00222303
7.1 41.625 0.00198559
7.1 43.875 0.00191941
7.3 1.125 0.00201063
7.3 3.375 0.00386454
7.3 5.625 0.00208874
7.3 7.875 0.00165115
7.3 10.125 0.00245576
7.3 12.375 0.00228832
7.3 14.625 0.00366424
7.3 16.875 0.00221558
7.3 19.125 0.00272762
7.3 21.375 0.00252033
7.3 23.625 0.00249819
7.3 25.875 0.00179654
7.3 28.125 0.00282278
7.3 30.375 0.00228425
7.3 32.625 0.00383461
7.3 34.875 0.0027454
7.3 37.125 0.00389314
7.3 39.375 0.00204108
7.3 41.625 0.00186572
7.3 43.875 0.00161613
7.5 1.125 0.00177854
7.5 3.375 0.00222031
7.5 5.625 0.00231817
7.5 7.875 0.00211687
7.5 10.125 0.001871
7.5 12.375 0.00188019
7.5 14.625 0.00269714
7.5 16.875 0.00256413
7.5 19.125 0.00173483
7.5 21.375 0.00191151
7.5 23.625 0.0020934
7.5 25.875 0.00238053
7.5 28.125 0.00269701
7.5 30.375 0.0027271
7.5 32.625 0.00247617
7.5 34.875 0.00191823
7.5 37.125 0.00281678
7.5 39.375 0.00215865
7.5 41.625 0.00232922
7.5 43.875 0.00181023
7.7 1.125 0.0016106
7.7 3.375 0.00179669
7.7 5.625 0.00222279
7.7 7.875 0.00205868
7.7 10.125 0.00181654
7.7 12.375 0.00202525
7.7 14.625 0.00323187
7.7 16.875 0.0022504
7.7 19.125 0.0020381
7.7 21.375 0.00224843
7.7 23.625 0.0023444
7.7 25.875 0.00251458
7.7 28.125 0.00258024
7.7 30.375 0.00248759
7.7 32.625 0.00263035
7.7 34.875 0.00330294
7.7 37.125 0.00240257
7.7 39.375 0.00192401
7.7 41.625 0.00194957
7.7 43.875 0.00160785
7.9 1.125 0.0017193
7.9 3.375 0.00299124
7.9 5.625 0.00233086
7.9 7.875 0.00283062
7.9 10.125 0.00269073
7.9 12.375 0.00193965
7.9 14.625 0.00232681
7.9 16.875 0.00181596
7.9 19.125 0.00179122
7.9 21.375 0.00224665
7.9 23.625 0.00278094
7.9 25.875 0.00255729
7.9 28.125 0.00255814
7.9 30.375 0.00321167
7.9 32.625 0.00309219
7.9 34.875 0.0020954
7.9 37.125 0.00199783
7.9 39.375 0.00276022
7.9 41.625 0.00243222
7.9 43.875 0.00263405
8.1 1.125 0.00187957
8.1 3.375 0.00329575
8.1 5.625 0.00197361
8.1 7.875 0.00155757
8.1 10.125 0.00276025
8.1 12.375 0.00183905
8.1 14.625 0.00244994
8.1 16.875 0.0020731
8.1 19.125 0.00170119
8.1 21.375 0.00187452
8.1 23.625 0.00190936
8.1 25.875 0.00265489
8.1 28.125 0.00228955
8.1 30.375 0.00235594
8.1 32.625 0.00232042
8.1 34.875 0.00269245
8.1 37.125 0.00263603
8.1 39.375 0.00259602
8.1 41.625 0.00187314
8.1 43.875 0.00210921
8.3 1.125 0.00277116
8.3 3.375 0.00245462
8.3 5.625 0.00302125
8.3 7.875 0.00252102
8.3 10.125 0.00268008
8.3 12.375 0.00198075
8.3 14.625 0.00224861
8.3 16.875 0.00157912
8.3 19.125 0.00168396
8.3 21.375 0.00209608
8.3 23.625 0.00169042
8.3 25.875 0.00205141
8.3 28.125 0.00208371
8.3 30.375 0.00290789
8.3 32.625 0.00271997
8.3 34.875 0.00278497
8.3 37.125 0.00281566
8.3 39.375 0.00195419
8.3 41.625 0.00313783
8.3 43.875 0.00201206
8.5 1.125 0.0025043
8.5 3.375 0.00176737
8.5 5.625 0.00143352
8.5 10.125 0.00311785
8.5 12.375 0.00258056
8.5 14.625 0.00295096
8.5 16.875 0.00284521
8.5 19.125 0.00175765
8.5 21.375 0.00202571
8.5 23.625 0.00310776
8.5 25.875 0.00174532
8.5 28.125 0.00199581
8.5 30.375 0.00203244
8.5 32.625 0.00247949
8.5 34.875 0.00181473
8.5 37.125 0.00204147
8.5 39.375 0.00365317
8.5 43.875 0.00236041
8.7 1.125 0.00232332
8.7 3.375 0.00303335
8.7 5.625 0.00214859
8.7 7.875 0.00259251
8.7 10.125 0.000651514
8.7 12.375 0.00205858
8.7 14.625 0.00223026
8.7 16.875 0.00255146
8.7 19.125 0.00291937
8.7 21.375 0.00211432
8.7 23.625 0.00288272
8.7 25.875 0.00170561
8.7 28.125 0.00219703
8.7 30.375 0.00205664
8.7 32.625 0.00196094
8.7 34.875 0.00181304
8.7 37.125 0.00257298
8.7 39.375 0.00467557
8.7 41.625 0.00156074
8.9 1.125 0.00184773
8.9 3.375 0.00209616
8.9 5.625 0.00251588
8.9 7.875 0.00219019
8.9 10.125 0.00154645
8.9 12.375 0.0026498
8.9 14.625 0.00319224
8.9 16.875 0.00266701
8.9 19.125 0.00189514
8.9 21.375 0.00192469
8.9 23.625 0.00343846
8.9 25.875 0.00262472
8.9 28.125 0.00361689
8.9 30.375 0.00284288
8.9 32.625 0.00184132
8.9 34.875 0.00168372
8.9 37.125 0.00234301
8.9 39.375 0.00195625
8.9 41.625 0.00270415
8.9 43.875 0.00196611
9.1 1.125 0.00179843
9.1 3.375 0.00290545
9.1 5.625 0.00236841
9.1 7.875 0.00400115
9.1 10.125 0.0020862
9.1 12.375 0.00296407
9.1 14.625 0.00235612
9.1 16.875 0.003423
9.1 21.375 0.00361123
9.1 23.625 0.000975593
9.1 28.125 0.00243222
9.1 30.375 0.00143991
9.1 32.625 0.00156204
9.1 34.875 0.00196103
9.1 37.125 0.00176504
9.1 39.375 0.00147326
9.1 41.625 0.00285745
9.1 43.875 0.00254929
9.3 1.125 0.00239827
9.3 3.375 0.00151239
9.3 5.625 0.00166706
9.3 7.875 0.0029425
9.3 10.125 0.00252622
9.3 12.375 0.00195016
9.3 14.625 0.00270574
9.3 16.875 0.00166223
9.3 19.125 0.00212377
9.3 21.375 0.00304531
9.3 23.625 0.00218885
9.3 25.875 0.00154386
9.3 30.375 0.00191466
9.3 32.625 0.00152826
9.3 34.875 0.00162234
9.3 37.125 0.00264228
9.3 39.375 0.00236968
9.3 41.625 0.00169084
9.3 43.875 0.00231134
9.5 1.125 0.00258106
9.5 3.375 0.0015471
9.5 5.625 0.00182419
9.5 7.875 0.00357548
9.5 10.125 0.00205176
9.5 12.375 0.00395056
9.5 14.625 0.00262887
9.5 16.875 0.0025198
9.5 19.125 0.00151854
9.5 23.625 0.00339465
9.5 25.875 0.00469726
9.5 28.125 0.00193805
9.5 30.375 0.00159788
9.5 32.625 0.00206821
9.5 34.875 0.00182964
9.5 37.125 0.0109956
9.5 39.375 0.00166801
9.5 41.625 0.00221206
9.5 43.875 0.00331272
9.7 1.125 0.00224786
9.7 3.375 0.00226871
9.7 5.625 0.00194914
9.7 7.875 0.00191711
9.7 10.125 0.00126576
9.7 12.375 0.00226411
9.7 14.625 0.00229337
9.7 16.875 0.00359172
9.7 19.125 0.00194743
9.7 21.375 0.00211221
9.7 23.625 0.00242171
9.7 25.875 0.00251423
9.7 28.125 0.00380701
9.7 30.375 0.00177923
9.7 32.625 0.00153335
9.7 34.875 0.00367265
9.7 37.125 0.0014349
9.7 39.375 0.00169457
9.7 41.625 0.00168995
9.7 43.875 0.00265067
9.9 1.125 0.00206007
9.9 3.375 0.00180493
9.9 5.625 0.00260148
9.9 7.875 0.00117357
9.9 10.125 0.00129806
9.9 12.375 0.00700105
9.9 14.625 0.00203839
9.9 16.875 0.00275389
9.9 19.125 0.00209395
9.9 21.375 0.00330494
9.9 23.625 0.00267693
9.9 25.875 0.00193629
9.9 28.125 0.0028488
9.9 30.375 0.0023851
9.9 32.625 0.0019864
9.9 34.875 0.00192107
9.9 37.125 0.00214517
9.9 39.375 0.00131722
9.9 43.875 0.00263559
10.1 1.125 0.00205746
10.1 3.375 0.00243686
10.1 5.625 0.00134528
10.1 7.875 0.00209732
10.1 10.125 0.00206507
10.1 12.375 0.00206581
10.1 14.625 0.00249116
10.1 16.875 0.002564
10.1 19.125 0.00291357
10.1 21.375 0.00185559
10.1 25.875 0.00165255
10.1 28.125 0.00219612
10.1 30.375 0.00208755
10.1 32.625 0.0020351
10.1 34.875 0.00150336
10.1 39.375 0.00275587
10.1 41.625 0.00171694
10.1 43.875 0.002487
10.3 1.125 0.0013823
10.3 3.375 0.00170038
10.3 5.625 0.00165832
10.3 7.875 0.00225278
10.3 10.125 0.00246678
10.3 12.375 0.00367223
10.3 14.625 0.00163578
10.3 16.875 0.00298654
10.3 19.125 0.00113306
10.3 21.375 0.00167497
10.3 23.625 0.00229949
10.3 25.875 0.00311706
10.3 28.125 0.00154898
10.3 30.375 0.00288744
10.3 34.875 0.00192487
10.3 39.375 0.00215525
10.3 41.625 0.00109366
10.3 43.875 0.0019668
10.5 1.125 0.00285161
10.5 7.875 0.00116721
10.5 12.375 0.00178222
10.5 14.625 0.00126969
10.5 16.875 0.00234545
10.5 19.125 0.00141929
10.5 21.375 0.00247164
10.5 23.625 0.00193574
10.5 25.875 0.00139948
10.5 28.125 0.0031757
10.5 30.375 0.00227915
10.5 32.625 0.00209903
10.5 37.125 0.00104846
10.5 39.375 0.00159404
10.5 41.625 0.00207075
10.5 43.875 0.00169756
10.7 1.125 0.00141026
10.7 5.625 0.0012919
10.7 14.625 0.0020693
10.7 19.125 0.0021983
10.7 21.375 0.00186324
10.7 23.625 0.0024875
10.7 25.875 0.00267883
10.7 28.125 0.00135733
10.7 30.375 0.00166816
10.7 32.625 0.0034382
10.7 41.625 0.00320081
10.7 43.875 0.00227864
10.9 7.875 0.00181973
10.9 12.375 0.00228102
10.9 19.125 0.00282246
10.9 23.625 0.00162195
10.9 25.875 0.00268088
10.9 28.125 0.00184575
10.9 30.375 0.00229961
10.9 41.625 0.00169469
10.9 43.875 0.00160996
11.1 1.125 0.0024058
11.1 12.375 0.00171292
11.1 16.875 0.000869261
11.1 19.125 0.00284495
11.1 21.375 0.00173301
11.1 23.625 0.00277785
11.1 25.875 0.00213974
11.1 28.125 0.00234351
11.1 30.375 0.00124284
11.1 32.625 0.00259882
11.1 34.875 0.0043752
11.1 37.125 0.00592357
11.1 39.375 0.00230146
11.1 41.625 0.00196767
11.1 43.875 0.00192313
11.3 1.125 0.0025598
11.3 3.375 0.00246502
11.3 10.125 0.00236702
11.3 12.375 0.00158833
11.3 16.875 0.00170622
11.3 23.625 0.00210955
11.3 25.875 0.00186421
11.3 28.125 0.0017108
11.3 30.375 0.00166783
11.3 34.875 0.00210134
11.3 37.125 0.00195921
11.3 39.375 0.00103172
11.3 41.625 0.00264122
11.3 43.875 0.00207931
11.5 1.125 0.00181718
11.5 7.875 0.00264986
11.5 23.625 0.00190382
11.5 25.875 0.00217963
11.5 28.125 0.00158508
11.5 32.625 0.00165401
11.5 37.125 0.00200635
11.5 39.375 0.00231005
11.5 43.875 0.00162338
11.7 1.125 0.00262384
11.7 3.375 0.00379797
11.7 7.875 0.00236481
11.7 10.125 0.00209061
11.7 12.375 0.00206947
11.7 30.375 0.00289938
11.7 32.625 0.00209763
11.7 34.875 0.00130431
11.7 37.125 0.0014028
11.7 39.375 0.00197742
11.7 41.625 0.00125848
11.9 1.125 0.00357203
11.9 5.625 0.00154146
11.9 7.875 0.00132293
11.9 10.125 0.00206926
11.9 12.375 0.00252555
11.9 14.625 0.00220843
11.9 28.125 0.0018416
11.9 34.875 0.00205154
11.9 37.125 0.00143953
11.9 39.375 0.00220667
12.1 1.125 0.00222422
12.1 3.375 0.00186684
12.1 5.625 0.00154756
12.1 7.875 0.00275424
12.1 10.125 0.00380013
12.1 12.375 0.00222711
12.1 23.625 0.00245086
12.1 34.875 0.00253524
12.1 37.125 0.00151411
12.1 39.375 0.00194987
12.1 41.625 0.00239984
12.1 43.875 0.00100314
12.3 3.375 0.00219843
12.3 7.875 0.00184324
12.3 10.125 0.00255555
12.3 12.375 0.00229671
12.3 16.875 0.00140977
12.3 19.125 0.00232285
12.3 34.875 0.00258756
12.3 37.125 0.00123491
12.3 39.375 0.00128103
12.3 43.875 0.00324255
12.5 1.125 0.00785541
12.5 7.875 0.00153041
12.5 10.125 0.0020974
12.5 12.375 0.00216325
12.5 16.875 0.00170261
12.5 19.125 0.00149201
12.5 21.375 0.00168007
12.5 23.625 0.0018348
12.5 25.875 0.00248468
12.5 34.875 0.00131666
12.5 37.125 0.00146073
12.7 1.125 0.00147927
12.7 5.625 0.0029648
12.7 10.125 0.00121361
12.7 19.125 0.00186897
12.7 21.375 0.00234251
12.7 23.625 0.00261656
12.7 34.875 0.00152568
12.7 37.125 0.00278928
12.7 41.625 0.00195107
12.9 10.125 0.00155557
12.9 19.125 0.00144415
12.9 21.375 0.00152607
12.9 28.125 0.00226675
12.9 39.375 0.00231308
12.9 41.625 0.00237736
13.1 10.125 0.00373687
13.1 21.375 0.00165173
13.1 28.125 0.00144797
13.1 39.375 0.00160214
13.1 41.625 0.00282575
13.3 19.125 0.00217267
13.3 21.375 0.00204624
13.3 23.625 0.00198347
13.3 25.875 0.0013949
13.5 12.375 0.00142315
13.5 28.125 0.00169963
13.5 43.875 0.00129107
13.7 28.125 0.00195123
13.7 43.875 0.00326431
13.9 10.125 0.00167644
13.9 28.125 0.00197962
13.9 43.875 0.00242066
