0.1 1.125 2.07402
0.1 3.375 2.05228
0.1 5.625 2.07806
0.1 7.875 2.01634
0.1 10.125 1.6184
0.1 12.375 1.88416
0.1 14.625 1.61695
0.1 16.875 1.65844
0.1 19.125 1.60643
0.1 21.375 2.04282
0.1 23.625 1.78188
0.1 28.125 2.05666
0.1 30.375 2.04102
0.1 32.625 1.89158
0.1 34.875 1.9867
0.1 37.125 2.00845
0.1 43.875 2.05505
0.3 1.125 2.01417
0.3 3.375 1.99402
0.3 5.625 2.03984
0.3 7.875 2.01691
0.3 10.125 2.04417
0.3 12.375 2.03824
0.3 14.625 2.01803
0.3 16.875 2.04211
0.3 19.125 1.96542
0.3 21.375 2.04448
0.3 23.625 2.0514
0.3 25.875 1.96592
0.3 28.125 2.00079
0.3 30.375 2.04355
0.3 32.625 2.05765
0.3 34.875 1.99719
0.3 37.125 2.03925
0.3 39.375 1.90462
0.3 41.625 2.04382
0.3 43.875 2.03451
0.5 1.125 2.00663
0.5 3.375 2.02779
0.5 5.625 2.00337
0.5 7.875 2.00732
0.5 10.125 1.99869
0.5 12.375 2.0064
0.5 14.625 1.98692
0.5 16.875 2.00398
0.5 19.125 1.99962
0.5 21.375 2.00908
0.5 23.625 2.00371
0.5 25.875 2.0046
0.5 28.125 2.00014
0.5 30.375 1.96236
0.5 32.625 2.00584
0.5 34.875 2.00636
0.5 37.125 1.95185
0.5 39.375 2.00452
0.5 41.625 2.00171
0.5 43.875 1.99558
0.7 1.125 1.89868
0.7 3.375 1.89693
0.7 5.625 1.90029
0.7 7.875 1.9178
0.7 10.125 1.92258
0.7 12.375 1.92852
0.7 14.625 1.91733
0.7 16.875 1.90811
0.7 19.125 1.88274
0.7 21.375 1.89169
0.7 23.625 1.89142
0.7 25.875 1.90882
0.7 28.125 1.89986
0.7 30.375 1.91843
0.7 32.625 1.91829
0.7 34.875 1.88461
0.7 37.125 1.88176
0.7 39.375 1.93211
0.7 41.625 1.93398
0.7 43.875 1.91532
0.9 1.125 1.72296
0.9 3.375 1.69608
0.9 5.625 1.74175
0.9 7.875 1.72491
0.9 10.125 1.73273
0.9 12.375 1.69176
0.9 14.625 1.71244
0.9 16.875 1.74853
0.9 19.125 1.70661
0.9 21.375 1.71368
0.9 23.625 1.76074
0.9 25.875 1.77009
0.9 28.125 1.76107
0.9 30.375 1.76924
0.9 32.625 1.79113
0.9 34.875 1.7958
0.9 37.125 1.82569
0.9 39.375 1.78351
0.9 41.625 1.80989
0.9 43.875 1.78738
1.1 1.125 1.32753
1.1 3.375 1.35006
1.1 5.625 1.29529
1.1 7.875 1.33606
1.1 10.125 1.30155
1.1 12.375 1.37628
1.1 14.625 1.37804
1.1 16.875 1.35829
1.1 19.125 1.45753
1.1 21.375 1.44193
1.1 23.625 1.50625
1.1 25.875 1.51697
1.1 28.125 1.55118
1.1 30.375 1.558
1.1 32.625 1.56602
1.1 34.875 1.58477
1.1 37.125 1.64153
1.1 39.375 1.65273
1.1 41.625 1.64927
1.1 43.875 1.66252
1.3 1.125 0.773594
1.3 3.375 0.767047
1.3 5.625 0.786493
1.3 7.875 0.796567
1.3 10.125 0.86007
1.3 12.375 0.838047
1.3 14.625 0.805187
1.3 16.875 0.860299
1.3 19.125 0.914742
1.3 21.375 0.995149
1.3 23.625 1.02808
1.3 25.875 0.985127
1.3 28.125 1.10421
1.3 30.375 1.09895
1.3 32.625 1.24878
1.3 34.875 1.29072
1.3 37.125 1.32898
1.3 39.375 1.37005
1.3 41.625 1.4054
1.3 43.875 1.3872
1.5 1.125 0.41758
1.5 3.375 0.428055
1.5 5.625 0.416217
1.5 7.875 0.428136
1.5 10.125 0.429383
1.5 12.375 0.424833
1.5 14.625 0.476895
1.5 16.875 0.516216
1.5 19.125 0.480597
1.5 21.375 0.501681
1.5 23.625 0.537625
1.5 25.875 0.575045
1.5 28.125 0.60797
1.5 30.375 0.625036
1.5 32.625 0.648803
1.5 34.875 0.79509
1.5 37.125 0.814974
1.5 39.375 0.908126
1.5 41.625 1.0213
1.5 43.875 1.01155
1.7 1.125 0.226659
1.7 3.375 0.23299
1.7 5.625 0.233825
1.7 7.875 0.248757
1.7 10.125 0.257756
1.7 12.375 0.267921
1.7 14.625 0.266955
1.7 16.875 0.266136
1.7 19.125 0.271709
1.7 21.375 0.283435
1.7 23.625 0.293466
1.7 25.875 0.309344
1.7 28.125 0.323869
1.7 30.375 0.335762
1.7 32.625 0.364258
1.7 34.875 0.389838
1.7 37.125 0.400854
1.7 39.375 0.429953
1.7 41.625 0.43153
1.7 43.875 0.498886
1.9 1.125 0.13865
1.9 3.375 0.142359
1.9 5.625 0.152845
1.9 7.875 0.148496
1.9 10.125 0.152371
1.9 12.375 0.160553
1.9 14.625 0.160281
1.9 16.875 0.160268
1.9 19.125 0.164609
1.9 21.375 0.172104
1.9 23.625 0.178077
1.9 25.875 0.178485
1.9 28.125 0.187926
1.9 30.375 0.197049
1.9 32.625 0.206796
1.9 34.875 0.225799
1.9 37.125 0.237384
1.9 39.375 0.256256
1.9 41.625 0.261096
1.9 43.875 0.278907
2.1 1.125 0.0936642
2.1 3.375 0.0973746
2.1 5.625 0.0962216
2.1 7.875 0.100733
2.1 10.125 0.101301
2.1 12.375 0.104791
2.1 14.625 0.101207
2.1 16.875 0.107526
2.1 19.125 0.111752
2.1 21.375 0.104288
2.1 23.625 0.111281
2.1 25.875 0.116065
2.1 28.125 0.129768
2.1 30.375 0.128015
2.1 32.625 0.135808
2.1 34.875 0.146826
2.1 37.125 0.155861
2.1 39.375 0.166644
2.1 41.625 0.163233
2.1 43.875 0.164276
2.3 1.125 0.0660753
2.3 3.375 0.0690704
2.3 5.625 0.0667121
2.3 7.875 0.0678489
2.3 10.125 0.0666231
2.3 12.375 0.0693467
2.3 14.625 0.0713755
2.3 16.875 0.0725631
2.3 19.125 0.0794254
2.3 21.375 0.0777924
2.3 23.625 0.0774106
2.3 25.875 0.0803749
2.3 28.125 0.0865588
2.3 30.375 0.0891541
2.3 32.625 0.0953563
2.3 34.875 0.0965687
2.3 37.125 0.104788
2.3 39.375 0.106129
2.3 41.625 0.10445
2.3 43.875 0.107334
2.5 1.125 0.0506649
2.5 3.375 0.0501336
2.5 5.625 0.0483508
2.5 7.875 0.0515268
2.5 10.125 0.0487545
2.5 12.375 0.0462246
2.5 14.625 0.0486207
2.5 16.875 0.0478596
2.5 19.125 0.0494382
2.5 21.375 0.0534863
2.5 23.625 0.0529509
2.5 25.875 0.0558569
2.5 28.125 0.0619134
2.5 30.375 0.0624632
2.5 32.625 0.0650453
2.5 34.875 0.0684069
2.5 37.125 0.077247
2.5 39.375 0.0665454
2.5 41.625 0.0707532
2.5 43.875 0.0719221
2.7 1.125 0.0403534
2.7 3.375 0.0374628
2.7 5.625 0.0395247
2.7 7.875 0.0396587
2.7 10.125 0.0354041
2.7 12.375 0.0381527
2.7 14.625 0.0422154
2.7 16.875 0.0358786
2.7 19.125 0.0368197
2.7 21.375 0.0376245
2.7 23.625 0.0387873
2.7 25.875 0.040593
2.7 28.125 0.0431049
2.7 30.375 0.0469289
2.7 32.625 0.0484107
2.7 34.875 0.0468298
2.7 37.125 0.0470829
2.7 39.375 0.0450153
2.7 41.625 0.0454416
2.7 43.875 0.0439877
2.9 1.125 0.030343
2.9 3.375 0.0304847
2.9 5.625 0.029868
2.9 7.875 0.0297058
2.9 10.125 0.0294188
2.9 12.375 0.0281103
2.9 14.625 0.0278899
2.9 16.875 0.0290234
2.9 19.125 0.0296942
2.9 21.375 0.0307738
2.9 23.625 0.0324579
2.9 25.875 0.0334419
2.9 28.125 0.0348332
2.9 30.375 0.0352984
2.9 32.625 0.035985
2.9 34.875 0.0357117
2.9 37.125 0.0332916
2.9 39.375 0.0338708
2.9 41.625 0.0344968
2.9 43.875 0.0326435
3.1 1.125 0.02366
3.1 3.375 0.0241335
3.1 5.625 0.0277911
3.1 7.875 0.0232891
3.1 10.125 0.0236496
3.1 12.375 0.0243082
3.1 14.625 0.0230391
3.1 16.875 0.0233463
3.1 19.125 0.0248457
3.1 21.375 0.024367
3.1 23.625 0.0258901
3.1 25.875 0.0259563
3.1 28.125 0.0260499
3.1 30.375 0.0300668
3.1 32.625 0.0272467
3.1 34.875 0.0284422
3.1 37.125 0.0277507
3.1 39.375 0.028022
3.1 41.625 0.027199
3.1 43.875 0.0255129
3.3 1.125 0.018861
3.3 3.375 0.0184905
3.3 5.625 0.0186745
3.3 7.875 0.0179326
3.3 10.125 0.0189108
3.3 12.375 0.0186354
3.3 14.625 0.0189398
3.3 16.875 0.0188409
3.3 19.125 0.0195892
3.3 21.375 0.020289
3.3 23.625 0.0199484
3.3 25.875 0.0218075
3.3 28.125 0.0230002
3.3 30.375 0.0231827
3.3 32.625 0.0221534
3.3 34.875 0.0229537
3.3 37.125 0.0227015
3.3 39.375 0.0214949
3.3 41.625 0.0217354
3.3 43.875 0.0216319
3.5 1.125 0.0160565
3.5 3.375 0.0165744
3.5 5.625 0.0162407
3.5 7.875 0.0153785
3.5 10.125 0.0168087
3.5 12.375 0.015518
3.5 14.625 0.015344
3.5 16.875 0.0153532
3.5 19.125 0.0165416
3.5 21.375 0.0160272
3.5 23.625 0.0181979
3.5 25.875 0.0181672
3.5 28.125 0.0183362
3.5 30.375 0.0190021
3.5 32.625 0.0190152
3.5 34.875 0.0179595
3.5 37.125 0.0197953
3.5 39.375 0.0204829
3.5 41.625 0.0196105
3.5 43.875 0.0201596
3.7 1.125 0.0135239
3.7 3.375 0.0180999
3.7 5.625 0.0131411
3.7 7.875 0.014149
3.7 10.125 0.0135992
3.7 12.375 0.0118076
3.7 14.625 0.0130161
3.7 16.875 0.0132133
3.7 19.125 0.014301
3.7 21.375 0.0131312
3.7 23.625 0.0140796
3.7 25.875 0.0142537
3.7 28.125 0.0147849
3.7 30.375 0.0152318
3.7 32.625 0.0159798
3.7 34.875 0.0158922
3.7 37.125 0.0156478
3.7 39.375 0.0162414
3.7 41.625 0.0166747
3.7 43.875 0.0156161
3.9 1.125 0.0119712
3.9 3.375 0.0119763
3.9 5.625 0.0118391
3.9 7.875 0.0123359
3.9 10.125 0.0115169
3.9 12.375 0.0114557
3.9 14.625 0.0117664
3.9 16.875 0.0129435
3.9 19.125 0.0120912
3.9 21.375 0.0131776
3.9 23.625 0.0126902
3.9 25.875 0.0131743
3.9 28.125 0.0129968
3.9 30.375 0.0132736
3.9 32.625 0.013166
3.9 34.875 0.0132809
3.9 37.125 0.0133241
3.9 39.375 0.013809
3.9 41.625 0.0131724
3.9 43.875 0.0134124
4.1 1.125 0.0105802
4.1 3.375 0.0107395
4.1 5.625 0.0105088
4.1 7.875 0.00976518
4.1 10.125 0.0105949
4.1 12.375 0.0104513
4.1 14.625 0.0108569
4.1 16.875 0.0106014
4.1 19.125 0.014815
4.1 21.375 0.0108917
4.1 23.625 0.0120862
4.1 25.875 0.0106932
4.1 28.125 0.0107249
4.1 30.375 0.011973
4.1 32.625 0.0114854
4.1 34.875 0.0103887
4.1 37.125 0.0109878
4.1 39.375 0.0106368
4.1 41.625 0.011202
4.1 43.875 0.0110649
4.3 1.125 0.00928943
4.3 3.375 0.00932609
4.3 5.625 0.00924958
4.3 7.875 0.00913202
4.3 10.125 0.00866861
4.3 12.375 0.00945964
4.3 14.625 0.0086689
4.3 16.875 0.00925817
4.3 19.125 0.00983058
4.3 21.375 0.0100905
4.3 23.625 0.0102066
4.3 25.875 0.00976196
4.3 28.125 0.00963733
4.3 30.375 0.00920556
4.3 32.625 0.00966273
4.3 34.875 0.00880778
4.3 37.125 0.0091856
4.3 39.375 0.00938302
4.3 41.625 0.00909363
4.3 43.875 0.00972898
4.5 1.125 0.00717946
4.5 3.375 0.00855947
4.5 5.625 0.00797486
4.5 7.875 0.00754145
4.5 10.125 0.00746926
4.5 12.375 0.00841247
4.5 14.625 0.00744128
4.5 16.875 0.00774695
4.5 19.125 0.00876977
4.5 21.375 0.00771645
4.5 23.625 0.00907882
4.5 25.875 0.00890119
4.5 28.125 0.00846228
4.5 30.375 0.00843732
4.5 32.625 0.00768711
4.5 34.875 0.0076917
4.5 37.125 0.00857622
4.5 39.375 0.00831949
4.5 41.625 0.00796967
4.5 43.875 0.00779641
4.7 1.125 0.0120111
4.7 3.375 0.00629523
4.7 5.625 0.00653162
4.7 7.875 0.00692027
4.7 10.125 0.00613917
4.7 12.375 0.00634454
4.7 14.625 0.00700978
4.7 16.875 0.00725245
4.7 19.125 0.00722279
4.7 21.375 0.00735558
4.7 23.625 0.00709547
4.7 25.875 0.007516
4.7 28.125 0.00730007
4.7 30.375 0.0072722
4.7 32.625 0.00751859
4.7 34.875 0.00853682
4.7 37.125 0.00742876
4.7 39.375 0.00699201
4.7 41.625 0.0073425
4.7 43.875 0.00672514
4.9 1.125 0.00593518
4.9 3.375 0.00551786
4.9 5.625 0.00594697
4.9 7.875 0.00596872
4.9 10.125 0.00590432
4.9 12.375 0.00630796
4.9 14.625 0.00614463
4.9 16.875 0.00630732
4.9 19.125 0.00633062
4.9 21.375 0.00663513
4.9 23.625 0.006613
4.9 25.875 0.00689651
4.9 28.125 0.0065904
4.9 30.375 0.00722208
4.9 32.625 0.00989951
4.9 34.875 0.00613591
4.9 37.125 0.00651653
4.9 39.375 0.00614663
4.9 41.625 0.00658653
4.9 43.875 0.00600599
5.1 1.125 0.00532349
5.1 3.375 0.00909114
5.1 5.625 0.0054067
5.1 7.875 0.0054156
5.1 10.125 0.00546837
5.1 12.375 0.00819966
5.1 14.625 0.00569769
5.1 16.875 0.00556215
5.1 19.125 0.00580387
5.1 21.375 0.00542955
5.1 23.625 0.00619276
5.1 25.875 0.00599023
5.1 28.125 0.00610825
5.1 30.375 0.0060319
5.1 32.625 0.00621371
5.1 34.875 0.00584744
5.1 37.125 0.00581073
5.1 39.375 0.00584159
5.1 41.625 0.00559166
5.1 43.875 0.00528621
5.3 1.125 0.00922568
5.3 3.375 0.00467429
5.3 5.625 0.00523549
5.3 7.875 0.0047504
5.3 10.125 0.00517571
5.3 12.375 0.00493938
5.3 14.625 0.00577342
5.3 16.875 0.00514906
5.3 19.125 0.00523237
5.3 21.375 0.00517213
5.3 23.625 0.00501112
5.3 25.875 0.0055497
5.3 28.125 0.00518409
5.3 30.375 0.00496652
5.3 32.625 0.00513603
5.3 34.875 0.00530033
5.3 37.125 0.00935353
5.3 39.375 0.00505235
5.3 41.625 0.00489942
5.3 43.875 0.00545648
5.5 1.125 0.00768351
5.5 3.375 0.00457775
5.5 5.625 0.00460618
5.5 7.875 0.00445434
5.5 10.125 0.00438676
5.5 12.375 0.00781839
5.5 14.625 0.00477227
5.5 16.875 0.00483379
5.5 19.125 0.00537723
5.5 21.375 0.00465298
5.5 23.625 0.00540748
5.5 25.875 0.00498531
5.5 28.125 0.00974951
5.5 30.375 0.00466375
5.5 32.625 0.00453229
5.5 34.875 0.00446152
5.5 37.125 0.00522125
5.5 39.375 0.00495314
5.5 41.625 0.00529369
5.5 43.875 0.00479123
5.7 1.125 0.00437015
5.7 3.375 0.00406945
5.7 5.625 0.00417527
5.7 7.875 0.00418878
5.7 10.125 0.00434949
5.7 12.375 0.00431756
5.7 14.625 0.00888111
5.7 16.875 0.0038851
5.7 19.125 0.00441436
5.7 21.375 0.00447998
5.7 23.625 0.00466861
5.7 25.875 0.00700854
5.7 28.125 0.00442418
5.7 30.375 0.00467821
5.7 32.625 0.00719231
5.7 34.875 0.00461038
5.7 37.125 0.0041407
5.7 39.375 0.00468207
5.7 41.625 0.00401888
5.7 43.875 0.00446386
5.9 1.125 0.00377497
5.9 3.375 0.00401254
5.9 5.625 0.00382009
5.9 7.875 0.00404465
5.9 10.125 0.00351563
5.9 12.375 0.0039725
5.9 14.625 0.00398829
5.9 16.875 0.00431248
5.9 19.125 0.00436346
5.9 21.375 0.00424328
5.9 23.625 0.00574104
5.9 25.875 0.0072059
5.9 28.125 0.0039788
5.9 30.375 0.00420988
5.9 32.625 0.00410761
5.9 34.875 0.00423715
5.9 37.125 0.0040241
5.9 39.375 0.00394338
5.9 41.625 0.0040191
5.9 43.875 0.00419002
6.1 1.125 0.00351535
6.1 3.375 0.00396316
6.1 5.625 0.00380818
6.1 7.875 0.00393682
6.1 10.125 0.00346626
6.1 12.375 0.00381681
6.1 14.625 0.00364427
6.1 16.875 0.00393977
6.1 19.125 0.00418939
6.1 21.375 0.00400876
6.1 23.625 0.00402329
6.1 25.875 0.00400567
6.1 28.125 0.00408551
6.1 30.375 0.00917554
6.1 32.625 0.00385342
6.1 34.875 0.00391837
6.1 37.125 0.00387909
6.1 39.375 0.00382585
6.1 41.625 0.00385942
6.1 43.875 0.00404921
6.3 1.125 0.00368347
6.3 3.375 0.00336009
6.3 5.625 0.00364327
6.3 7.875 0.00324638
6.3 10.125 0.00306722
6.3 12.375 0.00406201
6.3 14.625 0.00366539
6.3 16.875 0.00353312
6.3 19.125 0.00376667
6.3 21.375 0.00363956
6.3 23.625 0.00355637
6.3 25.875 0.00349175
6.3 28.125 0.00357068
6.3 30.375 0.00352403
6.3 32.625 0.00368049
6.3 34.875 0.00367248
6.3 37.125 0.00331521
6.3 39.375 0.00325616
6.3 41.625 0.00342757
6.3 43.875 0.00377383
6.5 1.125 0.00317893
6.5 3.375 0.00356056
6.5 5.625 0.00315859
6.5 7.875 0.00336979
6.5 10.125 0.00328742
6.5 12.375 0.00342884
6.5 14.625 0.00338459
6.5 16.875 0.00346018
6.5 19.125 0.00346592
6.5 21.375 0.00368092
6.5 23.625 0.00350604
6.5 25.875 0.00328465
6.5 28.125 0.00359233
6.5 30.375 0.00344488
6.5 32.625 0.00339697
6.5 34.875 0.00344177
6.5 37.125 0.0034516
6.5 39.375 0.00378084
6.5 41.625 0.0033605
6.5 43.875 0.00333062
6.7 1.125 0.00363585
6.7 3.375 0.00312659
6.7 5.625 0.00289832
6.7 7.875 0.00419462
6.7 10.125 0.00338201
6.7 12.375 0.00355257
6.7 14.625 0.00318561
6.7 16.875 0.00308615
6.7 19.125 0.00323966
6.7 21.375 0.00363788
6.7 23.625 0.00328069
6.7 25.875 0.00344779
6.7 28.125 0.00905081
6.7 30.375 0.00312409
6.7 32.625 0.00312505
6.7 34.875 0.00382574
6.7 37.125 0.00316109
6.7 39.375 0.00332396
6.7 41.625 0.00306681
6.7 43.875 0.00336403
6.9 1.125 0.00265828
6.9 3.375 0.00846738
6.9 5.625 0.00288073
6.9 7.875 0.00350037
6.9 10.125 0.0032481
6.9 12.375 0.00320696
6.9 14.625 0.00321749
6.9 16.875 0.00324963
6.9 19.125 0.00302106
6.9 21.375 0.00353127
6.9 23.625 0.00333671
6.9 25.875 0.00301293
6.9 28.125 0.00308551
6.9 30.375 0.00295677
6.9 32.625 0.002737
6.9 34.875 0.00316615
6.9 37.125 0.00324359
6.9 39.375 0.00329079
6.9 41.625 0.00325689
6.9 43.875 0.00338712
7.1 1.125 0.0030405
7.1 3.375 0.00276164
7.1 5.625 0.00284562
7.1 7.875 0.00307007
7.1 10.125 0.00317458
7.1 12.375 0.00316891
7.1 14.625 0.00305684
7.1 16.875 0.00302572
7.1 19.125 0.00310077
7.1 21.375 0.00901503
7.1 23.625 0.0034001
7.1 25.875 0.00321191
7.1 28.125 0.00273711
7.1 30.375 0.00350079
7.1 32.625 0.00278248
7.1 34.875 0.00301073
7.1 37.125 0.00359602
7.1 39.375 0.00308008
7.1 41.625 0.00283022
7.1 43.875 0.00371147
7.3 1.125 0.00347242
7.3 3.375 0.00288551
7.3 5.625 0.00295125
7.3 7.875 0.00294387
7.3 10.125 0.0027365
7.3 12.375 0.00269946
7.3 14.625 0.00314022
7.3 16.875 0.00299812
7.3 19.125 0.0029846
7.3 21.375 0.00318633
7.3 23.625 0.00306593
7.3 25.875 0.00296473
7.3 28.125 0.00309473
7.3 30.375 0.00282913
7.3 32.625 0.00293619
7.3 34.875 0.00297715
7.3 37.125 0.0028242
7.3 39.375 0.00292585
7.3 41.625 0.00366369
7.3 43.875 0.00298467
7.5 1.125 0.00300999
7.5 3.375 0.00261209
7.5 5.625 0.00251393
7.5 7.875 0.00298798
7.5 10.125 0.00270045
7.5 12.375 0.00289401
7.5 14.625 0.00257521
7.5 16.875 0.00807537
7.5 19.125 0.00830963
7.5 21.375 0.00312011
7.5 23.625 0.0027245
7.5 25.875 0.00819541
7.5 28.125 0.00283226
7.5 30.375 0.00270625
7.5 32.625 0.00280023
7.5 34.875 0.00294742
7.5 37.125 0.00286665
7.5 39.375 0.002815
7.5 41.625 0.00298879
7.5 43.875 0.00297291
7.7 1.125 0.00273812
7.7 3.375 0.0035358
7.7 5.625 0.00290015
7.7 7.875 0.00262168
7.7 10.125 0.00374471
7.7 12.375 0.00272164
7.7 14.625 0.0026466
7.7 16.875 0.00286016
7.7 19.125 0.00352657
7.7 21.375 0.00278075
7.7 23.625 0.00272058
7.7 25.875 0.00255187
7.7 28.125 0.00267822
7.7 30.375 0.00261628
7.7 32.625 0.00272587
7.7 34.875 0.00298252
7.7 37.125 0.00260192
7.7 39.375 0.00287549
7.7 41.625 0.00254407
7.7 43.875 0.00301804
7.9 1.125 0.00290104
7.9 3.375 0.00946553
7.9 5.625 0.00265361
7.9 7.875 0.00301908
7.9 10.125 0.00259116
7.9 12.375 0.00296082
7.9 14.625 0.00284923
7.9 16.875 0.00253294
7.9 19.125 0.00511388
7.9 21.375 0.00999364
7.9 23.625 0.00408734
7.9 25.875 0.00278686
7.9 28.125 0.00280402
7.9 30.375 0.00247566
7.9 32.625 0.00236446
7.9 34.875 0.00269973
7.9 37.125 0.00925057
7.9 39.375 0.00249798
7.9 41.625 0.00267807
7.9 43.875 0.00258121
8.1 1.125 0.00260958
8.1 3.375 0.00266878
8.1 5.625 0.00240877
8.1 7.875 0.00245996
8.1 10.125 0.00254129
8.1 12.375 0.00265731
8.1 14.625 0.00235095
8.1 16.875 0.00259785
8.1 19.125 0.002872
8.1 21.375 0.00275463
8.1 23.625 0.00258379
8.1 25.875 0.00255704
8.1 28.125 0.0027516
8.1 30.375 0.00256979
8.1 32.625 0.00910179
8.1 34.875 0.00268891
8.1 37.125 0.00230454
8.1 39.375 0.00263998
8.1 41.625 0.0026293
8.1 43.875 0.00299497
8.3 1.125 0.00290352
8.3 3.375 0.00271364
8.3 5.625 0.00251073
8.3 7.875 0.00251295
8.3 10.125 0.0022935
8.3 12.375 0.00278664
8.3 14.625 0.0025286
8.3 16.875 0.00301248
8.3 19.125 0.0111795
8.3 21.375 0.00249811
8.3 23.625 0.00303199
8.3 25.875 0.00262777
8.3 28.125 0.00250268
8.3 30.375 0.00251681
8.3 32.625 0.00261388
8.3 34.875 0.00257308
8.3 37.125 0.00284694
8.3 39.375 0.00261621
8.3 41.625 0.00242198
8.3 43.875 0.00288122
8.5 1.125 0.00219677
8.5 3.375 0.00222782
8.5 5.625 0.00227828
8.5 7.875 0.00272867
8.5 10.125 0.00283094
8.5 12.375 0.00248174
8.5 14.625 0.00259994
8.5 16.875 0.00263154
8.5 19.125 0.0080248
8.5 21.375 0.00283396
8.5 23.625 0.00267225
8.5 25.875 0.00295238
8.5 28.125 0.0023298
8.5 30.375 0.00249629
8.5 32.625 0.00240278
8.5 34.875 0.00257274
8.5 37.125 0.00245905
8.5 39.375 0.00268427
8.5 41.625 0.0024567
8.5 43.875 0.00502265
8.7 1.125 0.00269769
8.7 3.375 0.00251127
8.7 5.625 0.00216171
8.7 7.875 0.00257583
8.7 10.125 0.00217157
8.7 12.375 0.00239446
8.7 14.625 0.00239603
8.7 16.875 0.00265271
8.7 19.125 0.00280727
8.7 21.375 0.00257801
8.7 23.625 0.00264796
8.7 25.875 0.00255396
8.7 28.125 0.00228007
8.7 30.375 0.00233933
8.7 32.625 0.00253154
8.7 34.875 0.00281826
8.7 37.125 0.0024556
8.7 39.375 0.00293907
8.7 41.625 0.00257867
8.7 43.875 0.00285113
8.9 1.125 0.00213804
8.9 3.375 0.00241455
8.9 5.625 0.00249286
8.9 7.875 0.00213996
8.9 10.125 0.00242617
8.9 12.375 0.00271562
8.9 14.625 0.00260622
8.9 16.875 0.00285353
8.9 19.125 0.00236936
8.9 21.375 0.00261278
8.9 23.625 0.00213599
8.9 25.875 0.00227751
8.9 28.125 0.00236559
8.9 30.375 0.00242064
8.9 32.625 0.00802298
8.9 34.875 0.0031848
8.9 37.125 0.00237087
8.9 39.375 0.00235395
8.9 41.625 0.00292917
8.9 43.875 0.00265015
9.1 1.125 0.00265678
9.1 3.375 0.00258644
9.1 5.625 0.00289762
9.1 7.875 0.00210046
9.1 10.125 0.00244816
9.1 12.375 0.00253155
9.1 14.625 0.0026657
9.1 16.875 0.00259457
9.1 19.125 0.0022186
9.1 21.375 0.00379616
9.1 23.625 0.0036377
9.1 25.875 0.00276424
9.1 28.125 0.00246851
9.1 30.375 0.0027938
9.1 32.625 0.00260683
9.1 34.875 0.00262549
9.1 37.125 0.00232708
9.1 39.375 0.0028568
9.1 41.625 0.00224548
9.1 43.875 0.00228085
9.3 1.125 0.00282468
9.3 3.375 0.00236577
9.3 5.625 0.00258282
9.3 7.875 0.00225017
9.3 10.125 0.00281482
9.3 12.375 0.00212783
9.3 14.625 0.00249329
9.3 16.875 0.00275032
9.3 19.125 0.00237749
9.3 21.375 0.00236925
9.3 23.625 0.00238889
9.3 25.875 0.00240078
9.3 28.125 0.00238484
9.3 30.375 0.00244224
9.3 32.625 0.00243449
9.3 34.875 0.00391995
9.3 37.125 0.00242888
9.3 39.375 0.00271557
9.3 41.625 0.00211413
9.3 43.875 0.00241564
9.5 1.125 0.00198989
9.5 3.375 0.00227773
9.5 5.625 0.00255999
9.5 7.875 0.00260935
9.5 10.125 0.00220398
9.5 12.375 0.00247174
9.5 14.625 0.00226619
9.5 16.875 0.0028067
9.5 19.125 0.0024336
9.5 21.375 0.00238108
9.5 23.625 0.00239945
9.5 25.875 0.00233397
9.5 28.125 0.00238371
9.5 30.375 0.00234446
9.5 32.625 0.00242937
9.5 34.875 0.00222554
9.5 37.125 0.00250142
9.5 39.375 0.00232385
9.5 41.625 0.0028658
9.5 43.875 0.00217196
9.7 1.125 0.00331773
9.7 3.375 0.00226238
9.7 5.625 0.0166497
9.7 7.875 0.0026227
9.7 10.125 0.00230987
9.7 12.375 0.00244442
9.7 14.625 0.00250103
9.7 16.875 0.00245733
9.7 19.125 0.00234155
9.7 21.375 0.00237371
9.7 23.625 0.00265404
9.7 25.875 0.00235376
9.7 28.125 0.00240076
9.7 30.375 0.00258903
9.7 32.625 0.00236266
9.7 34.875 0.00666674
9.7 37.125 0.00252972
9.7 39.375 0.00347103
9.7 41.625 0.00255636
9.7 43.875 0.0025998
9.9 1.125 0.0132733
9.9 3.375 0.00212666
9.9 5.625 0.00243593
9.9 7.875 0.00222922
9.9 10.125 0.00215241
9.9 12.375 0.0038983
9.9 14.625 0.00357743
9.9 16.875 0.0025463
9.9 19.125 0.0160869
9.9 21.375 0.00274736
9.9 23.625 0.00224048
9.9 25.875 0.00261159
9.9 28.125 0.00232717
9.9 30.375 0.00229653
9.9 32.625 0.00226265
9.9 34.875 0.00241166
9.9 37.125 0.00224429
9.9 39.375 0.00209429
9.9 41.625 0.00210987
9.9 43.875 0.00224636
10.1 1.125 0.00181301
10.1 3.375 0.00241675
10.1 5.625 0.00229872
10.1 7.875 0.00222003
10.1 10.125 0.00234919
10.1 12.375 0.00219061
10.1 14.625 0.00997753
10.1 16.875 0.00220911
10.1 19.125 0.00219851
10.1 21.375 0.002493
10.1 23.625 0.00214222
10.1 25.875 0.00273605
10.1 28.125 0.00256362
10.1 30.375 0.0022219
10.1 32.625 0.00232282
10.1 34.875 0.00318761
10.1 37.125 0.00226733
10.1 39.375 0.00222434
10.1 41.625 0.00235979
10.1 43.875 0.00236538
10.3 1.125 0.0020105
10.3 3.375 0.00347953
10.3 5.625 0.00228347
10.3 7.875 0.00234625
10.3 10.125 0.00309834
10.3 12.375 0.00819806
10.3 14.625 0.00249478
10.3 16.875 0.00196241
10.3 19.125 0.00213689
10.3 21.375 0.00229392
10.3 23.625 0.00238007
10.3 25.875 0.00222544
10.3 28.125 0.0120882
10.3 30.375 0.00219648
10.3 32.625 0.00224976
10.3 34.875 0.0228185
10.3 37.125 0.00172695
10.3 39.375 0.00233744
10.3 41.625 0.00210743
10.3 43.875 0.013098
10.5 1.125 0.00191586
10.5 3.375 0.00243813
10.5 5.625 0.00249303
10.5 7.875 0.00210948
10.5 10.125 0.00237782
10.5 12.375 0.00263251
10.5 14.625 0.00253295
10.5 16.875 0.00224016
10.5 19.125 0.00483595
10.5 21.375 0.00212229
10.5 23.625 0.0022522
10.5 25.875 0.00213353
10.5 28.125 0.0022304
10.5 30.375 0.0023022
10.5 32.625 0.00265702
10.5 34.875 0.00209048
10.5 37.125 0.0021626
10.5 39.375 0.00206883
10.5 41.625 0.00226279
10.5 43.875 0.0023548
10.7 1.125 0.00225512
10.7 3.375 0.0221045
10.7 5.625 0.00202001
10.7 7.875 0.00246076
10.7 10.125 0.00230407
10.7 12.375 0.00241678
10.7 14.625 0.002306
10.7 16.875 0.00234786
10.7 19.125 0.00222296
10.7 21.375 0.00230359
10.7 23.625 0.00219684
10.7 25.875 0.00253138
10.7 28.125 0.00219397
10.7 30.375 0.00215277
10.7 32.625 0.00225906
10.7 34.875 0.00210409
10.7 37.125 0.00212928
10.7 39.375 0.00188763
10.7 41.625 0.00214838
10.7 43.875 0.00342947
10.9 1.125 0.00212201
10.9 3.375 0.00205877
10.9 5.625 0.0022864
10.9 7.875 0.00280548
10.9 10.125 0.00241185
10.9 12.375 0.00193938
10.9 14.625 0.00500467
10.9 16.875 0.00262665
10.9 19.125 0.00390993
10.9 21.375 0.00216816
10.9 23.625 0.00218853
10.9 25.875 0.00249437
10.9 28.125 0.002331
10.9 30.375 0.00213686
10.9 32.625 0.00253598
10.9 34.875 0.0024548
10.9 37.125 0.00172335
10.9 39.375 0.00206584
10.9 41.625 0.00212091
10.9 43.875 0.00242929
11.1 1.125 0.00257208
11.1 3.375 0.00238818
11.1 5.625 0.00221859
11.1 7.875 0.00189301
11.1 10.125 0.00251819
11.1 12.375 0.00210152
11.1 14.625 0.0108302
11.1 16.875 0.00228144
11.1 19.125 0.00250587
11.1 21.375 0.0020546
11.1 23.625 0.00220524
11.1 25.875 0.0028756
11.1 28.125 0.00236484
11.1 30.375 0.00337841
11.1 32.625 0.00238229
11.1 34.875 0.00234965
11.1 37.125 0.00199855
11.1 39.375 0.00201345
11.1 41.625 0.00238323
11.1 43.875 0.00198679
11.3 1.125 0.00193474
11.3 3.375 0.00244487
11.3 5.625 0.00217598
11.3 7.875 0.00230172
11.3 10.125 0.00230823
11.3 12.375 0.00255362
11.3 14.625 0.00218411
11.3 16.875 0.00211102
11.3 19.125 0.0370786
11.3 21.375 0.00249311
11.3 23.625 0.0209485
11.3 25.875 0.00218936
11.3 28.125 0.00286545
11.3 30.375 0.00238991
11.3 32.625 0.00200912
11.3 34.875 0.00233204
11.3 37.125 0.00204626
11.3 39.375 0.00262659
11.3 41.625 0.0018898
11.3 43.875 0.00237872
11.5 1.125 0.00198037
11.5 3.375 0.00159833
11.5 5.625 0.0024471
11.5 7.875 0.00270377
11.5 10.125 0.00248579
11.5 12.375 0.00197045
11.5 14.625 0.00178718
11.5 16.875 0.00196686
11.5 19.125 0.00272925
11.5 21.375 0.00256191
11.5 23.625 0.00246009
11.5 25.875 0.00224456
11.5 28.125 0.00224606
11.5 30.375 0.0222746
11.5 32.625 0.00248635
11.5 34.875 0.00280267
11.5 37.125 0.00320496
11.5 39.375 0.00211423
11.5 41.625 0.00294114
11.5 43.875 0.00283006
11.7 1.125 0.0019356
11.7 3.375 0.00151827
11.7 5.625 0.00261493
11.7 7.875 0.00237581
11.7 10.125 0.00224854
11.7 12.375 0.00200175
11.7 14.625 0.00179293
11.7 16.875 0.00252503
11.7 19.125 0.00264102
11.7 21.375 0.00241818
11.7 23.625 0.00166853
11.7 25.875 0.00271905
11.7 28.125 0.00204946
11.7 30.375 0.00218503
11.7 32.625 0.00237406
11.7 34.875 0.00244784
11.7 37.125 0.0022094
11.7 39.375 0.0035894
11.7 41.625 0.00223497
11.7 43.875 0.00247063
11.9 1.125 0.0029699
11.9 3.375 0.00238109
11.9 5.625 0.00179532
11.9 7.875 0.00263098
11.9 10.125 0.00210759
11.9 12.375 0.00267607
11.9 14.625 0.00190755
11.9 16.875 0.00220905
11.9 19.125 0.00185256
11.9 21.375 0.00241083
11.9 23.625 0.00234174
11.9 25.875 0.00259815
11.9 28.125 0.0044112
11.9 30.375 0.032171
11.9 32.625 0.00240648
11.9 34.875 0.0022779
11.9 37.125 0.00421478
11.9 39.375 0.00225371
11.9 41.625 0.00266298
11.9 43.875 0.00206
12.1 1.125 0.00179893
12.1 3.375 0.00162385
12.1 5.625 0.00297803
12.1 7.875 0.00188532
12.1 10.125 0.00207146
12.1 12.375 0.00242295
12.1 14.625 0.00238697
12.1 16.875 0.00204771
12.1 19.125 0.00198107
12.1 21.375 0.00163571
12.1 23.625 0.00226891
12.1 25.875 0.00247224
12.1 28.125 0.00263172
12.1 30.375 0.00255757
12.1 32.625 0.00227992
12.1 34.875 0.00194244
12.1 37.125 0.00172457
12.1 39.375 0.00379768
12.1 41.625 0.00226282
12.1 43.875 0.00820463
12.3 1.125 0.00243187
12.3 3.375 0.00162976
12.3 5.625 0.00315739
12.3 7.875 0.00195262
12.3 10.125 0.00252173
12.3 12.375 0.00181691
12.3 14.625 0.00283407
12.3 16.875 0.00171996
12.3 19.125 0.00229978
12.3 21.375 0.00217597
12.3 23.625 0.00259248
12.3 25.875 0.00219543
12.3 28.125 0.00426224
12.3 30.375 0.00295619
12.3 32.625 0.00196117
12.3 34.875 0.0177102
12.3 37.125 0.00196567
12.3 39.375 0.00237475
12.3 41.625 0.00219497
12.3 43.875 0.00194441
12.5 1.125 0.00183763
12.5 3.375 0.00184297
12.5 5.625 0.00248812
12.5 7.875 0.00216326
12.5 10.125 0.00209788
12.5 12.375 0.00224573
12.5 14.625 0.00164439
12.5 16.875 0.00215861
12.5 19.125 0.00249214
12.5 21.375 0.00211294
12.5 23.625 0.00242322
12.5 25.875 0.00220732
12.5 28.125 0.0024998
12.5 30.375 0.00187476
12.5 32.625 0.00211719
12.5 34.875 0.00217749
12.5 37.125 0.00185145
12.5 39.375 0.00166926
12.5 41.625 0.00190577
12.5 43.875 0.00201327
12.7 1.125 0.00419806
12.7 3.375 0.00208033
12.7 5.625 0.00191306
12.7 7.875 0.00204585
12.7 10.125 0.00701123
12.7 12.375 0.00228414
12.7 14.625 0.00203066
12.7 16.875 0.0023237
12.7 19.125 0.0020002
12.7 21.375 0.0105326
12.7 23.625 0.00240348
12.7 25.875 0.00208876
12.7 28.125 0.00205153
12.7 30.375 0.00209541
12.7 32.625 0.00193895
12.7 34.875 0.00193582
12.7 37.125 0.0414312
12.7 39.375 0.00259941
12.7 41.625 0.00287096
12.7 43.875 0.00207037
12.9 1.125 0.00195419
12.9 3.375 0.002268
12.9 5.625 0.00188065
12.9 7.875 0.00207737
12.9 10.125 0.00422757
12.9 12.375 0.00182044
12.9 14.625 0.00332586
12.9 16.875 0.00180305
12.9 19.125 0.00216455
12.9 21.375 0.00224681
12.9 23.625 0.00235868
12.9 25.875 0.00210938
12.9 28.125 0.00256212
12.9 30.375 0.00204796
12.9 32.625 0.00316621
12.9 34.875 0.00240626
12.9 37.125 0.00279571
12.9 39.375 0.00208892
12.9 41.625 0.0021736
12.9 43.875 0.00175535
13.1 1.125 0.00247708
13.1 3.375 0.00652393
13.1 5.625 0.00273629
13.1 7.875 0.00272739
13.1 10.125 0.00191147
13.1 12.375 0.0020686
13.1 14.625 0.00212674
13.1 16.875 0.00224643
13.1 19.125 0.00187188
13.1 21.375 0.00235678
13.1 23.625 0.00172393
13.1 25.875 0.00236176
13.1 28.125 0.00214956
13.1 30.375 0.00187809
13.1 32.625 0.00223316
13.1 34.875 0.00173363
13.1 37.125 0.00326737
13.1 39.375 0.00206946
13.1 41.625 0.00229597
13.1 43.875 0.00162077
13.3 1.125 0.00203933
13.3 3.375 0.00251336
13.3 5.625 0.00225589
13.3 7.875 0.00226768
13.3 10.125 0.0019763
13.3 12.375 0.00184407
13.3 14.625 0.00212384
13.3 16.875 0.00183687
13.3 19.125 0.00280443
13.3 21.375 0.00215214
13.3 23.625 0.00162945
13.3 25.875 0.00178446
13.3 28.125 0.00204167
13.3 30.375 0.00181977
13.3 32.625 0.00158873
13.3 34.875 0.00463315
13.3 37.125 0.00215461
13.3 39.375 0.00281313
13.3 41.625 0.00285315
13.3 43.875 0.002238
13.5 1.125 0.0020314
13.5 3.375 0.00167154
13.5 5.625 0.00227582
13.5 7.875 0.00188711
13.5 10.125 0.00213095
13.5 12.375 0.00227394
13.5 14.625 0.00349497
13.5 16.875 0.00497919
13.5 19.125 0.00201007
13.5 21.375 0.00238663
13.5 23.625 0.00231054
13.5 25.875 0.00297983
13.5 28.125 0.00217275
13.5 30.375 0.00215718
13.5 32.625 0.00271972
13.5 34.875 0.00181852
13.5 37.125 0.00250461
13.5 39.375 0.0075182
13.5 41.625 0.00161743
13.5 43.875 0.00234866
13.7 1.125 0.00159709
13.7 3.375 0.00245108
13.7 5.625 0.00211065
13.7 7.875 0.0020911
13.7 10.125 0.00165834
13.7 12.375 0.00189402
13.7 14.625 0.00144947
13.7 16.875 0.00172024
13.7 19.125 0.00192624
13.7 21.375 0.00254131
13.7 23.625 0.00186591
13.7 25.875 0.00150885
13.7 28.125 0.00213032
13.7 30.375 0.00150718
13.7 32.625 0.00162696
13.7 34.875 0.00229493
13.7 37.125 0.00392384
13.7 39.375 0.00266665
13.7 41.625 0.00781161
13.7 43.875 0.00161514
13.9 1.125 0.00186346
13.9 3.375 0.00196626
13.9 5.625 0.00223417
13.9 7.875 0.00277474
13.9 10.125 0.00211145
13.9 12.375 0.0021936
13.9 14.625 0.00226282
13.9 16.875 0.00207529
13.9 19.125 0.0067318
13.9 21.375 0.00233671
13.9 23.625 0.0021483
13.9 25.875 0.0124698
13.9 28.125 0.0022042
13.9 30.375 0.0744789
13.9 32.625 0.00158256
13.9 34.875 0.0422763
13.9 37.125 0.00277556
13.9 39.375 0.00166168
13.9 41.625 0.0029555
13.9 43.875 0.0646641
