0.1 1.125 0.338099
0.1 3.375 0.33862
0.1 5.625 0.339793
0.1 7.875 0.338392
0.1 10.125 0.341432
0.1 12.375 0.32803
0.1 14.625 0.341112
0.1 16.875 0.341488
0.1 19.125 0.33835
0.1 21.375 0.332382
0.1 23.625 0.337215
0.1 25.875 0.312808
0.1 28.125 0.335861
0.1 30.375 0.339794
0.1 32.625 0.339834
0.1 34.875 0.338469
0.1 37.125 0.338468
0.1 39.375 0.335247
0.1 41.625 0.339473
0.1 43.875 0.335218
0.3 1.125 0.323128
0.3 3.375 0.329261
0.3 5.625 0.328023
0.3 7.875 0.326901
0.3 10.125 0.329316
0.3 12.375 0.332194
0.3 14.625 0.326764
0.3 16.875 0.327577
0.3 19.125 0.327739
0.3 21.375 0.325627
0.3 23.625 0.323825
0.3 25.875 0.32675
0.3 28.125 0.322463
0.3 30.375 0.323069
0.3 32.625 0.320887
0.3 34.875 0.330875
0.3 37.125 0.324649
0.3 39.375 0.320535
0.3 41.625 0.321859
0.3 43.875 0.327216
0.5 1.125 0.316794
0.5 3.375 0.308056
0.5 5.625 0.309021
0.5 7.875 0.318955
0.5 10.125 0.31611
0.5 12.375 0.315117
0.5 14.625 0.31541
0.5 16.875 0.314121
0.5 19.125 0.308471
0.5 21.375 0.308511
0.5 23.625 0.308293
0.5 25.875 0.30996
0.5 28.125 0.299989
0.5 30.375 0.304955
0.5 32.625 0.30843
0.5 34.875 0.303016
0.5 37.125 0.304721
0.5 39.375 0.307516
0.5 41.625 0.305491
0.5 43.875 0.306286
0.7 1.125 0.298762
0.7 3.375 0.296329
0.7 5.625 0.298015
0.7 7.875 0.295344
0.7 10.125 0.291835
0.7 12.375 0.295054
0.7 14.625 0.294103
0.7 16.875 0.287749
0.7 19.125 0.290534
0.7 21.375 0.280245
0.7 23.625 0.286998
0.7 25.875 0.279067
0.7 28.125 0.277295
0.7 30.375 0.286656
0.7 32.625 0.282666
0.7 34.875 0.279361
0.7 37.125 0.287208
0.7 39.375 0.280542
0.7 41.625 0.285878
0.7 43.875 0.286494
0.9 1.125 0.263464
0.9 3.375 0.266854
0.9 5.625 0.263715
0.9 7.875 0.266418
0.9 10.125 0.265554
0.9 12.375 0.259602
0.9 14.625 0.260282
0.9 16.875 0.263155
0.9 19.125 0.250443
0.9 21.375 0.263321
0.9 23.625 0.257269
0.9 25.875 0.259565
0.9 28.125 0.255358
0.9 30.375 0.243306
0.9 32.625 0.253769
0.9 34.875 0.248052
0.9 37.125 0.255073
0.9 39.375 0.254623
0.9 41.625 0.24023
0.9 43.875 0.25485
1.1 1.125 0.207303
1.1 3.375 0.208931
1.1 5.625 0.212086
1.1 7.875 0.20219
1.1 10.125 0.203531
1.1 12.375 0.211222
1.1 14.625 0.216961
1.1 16.875 0.212914
1.1 19.125 0.212859
1.1 21.375 0.201949
1.1 23.625 0.206357
1.1 25.875 0.216647
1.1 28.125 0.201231
1.1 30.375 0.19768
1.1 32.625 0.212574
1.1 34.875 0.215642
1.1 37.125 0.212954
1.1 39.375 0.222544
1.1 41.625 0.215558
1.1 43.875 0.235135
1.3 1.125 0.14296
1.3 3.375 0.140991
1.3 5.625 0.151423
1.3 7.875 0.147354
1.3 10.125 0.141446
1.3 12.375 0.144221
1.3 14.625 0.151386
1.3 16.875 0.148629
1.3 19.125 0.151292
1.3 21.375 0.161258
1.3 23.625 0.166101
1.3 25.875 0.151642
1.3 28.125 0.168981
1.3 30.375 0.164213
1.3 32.625 0.165767
1.3 34.875 0.167169
1.3 37.125 0.167379
1.3 39.375 0.179334
1.3 41.625 0.178092
1.3 43.875 0.165201
1.5 1.125 0.0863809
1.5 3.375 0.0930267
1.5 5.625 0.0882705
1.5 7.875 0.0882083
1.5 10.125 0.0889889
1.5 12.375 0.104561
1.5 14.625 0.0969906
1.5 16.875 0.107431
1.5 19.125 0.104026
1.5 21.375 0.115958
1.5 23.625 0.119834
1.5 25.875 0.106829
1.5 28.125 0.122531
1.5 30.375 0.138103
1.5 32.625 0.121403
1.5 34.875 0.125166
1.5 37.125 0.131044
1.5 39.375 0.148158
1.5 41.625 0.139497
1.5 43.875 0.127205
1.7 1.125 0.0548683
1.7 3.375 0.0579301
1.7 5.625 0.0572014
1.7 7.875 0.0581765
1.7 10.125 0.0608882
1.7 12.375 0.0665574
1.7 14.625 0.0682204
1.7 16.875 0.0703334
1.7 19.125 0.0723663
1.7 21.375 0.0790296
1.7 23.625 0.0872916
1.7 25.875 0.0740961
1.7 28.125 0.0714844
1.7 30.375 0.0825836
1.7 32.625 0.092448
1.7 34.875 0.0831686
1.7 37.125 0.0828868
1.7 39.375 0.0980351
1.7 41.625 0.0990404
1.7 43.875 0.0812945
1.9 1.125 0.0373035
1.9 3.375 0.0361993
1.9 5.625 0.0367966
1.9 7.875 0.0382167
1.9 10.125 0.0378107
1.9 12.375 0.0387059
1.9 14.625 0.0439621
1.9 16.875 0.0459204
1.9 19.125 0.0495936
1.9 21.375 0.0444661
1.9 23.625 0.0499214
1.9 25.875 0.0529021
1.9 28.125 0.0526408
1.9 30.375 0.0526519
1.9 32.625 0.0686077
1.9 34.875 0.0557695
1.9 37.125 0.0508519
1.9 39.375 0.0595247
1.9 41.625 0.0670608
1.9 43.875 0.0583612
2.1 1.125 0.0224748
2.1 3.375 0.0231995
2.1 5.625 0.022558
2.1 7.875 0.0218348
2.1 10.125 0.0232722
2.1 12.375 0.0265687
2.1 14.625 0.0262799
2.1 16.875 0.0268923
2.1 19.125 0.0326602
2.1 21.375 0.0299032
2.1 23.625 0.0337663
2.1 25.875 0.035593
2.1 28.125 0.0340022
2.1 30.375 0.0385001
2.1 32.625 0.0410564
2.1 34.875 0.0434265
2.1 37.125 0.0403945
2.1 39.375 0.0432478
2.1 41.625 0.0421528
2.1 43.875 0.0407728
2.3 1.125 0.0117246
2.3 3.375 0.0122372
2.3 5.625 0.0117925
2.3 7.875 0.0132458
2.3 10.125 0.0132856
2.3 12.375 0.0136454
2.3 14.625 0.0167797
2.3 16.875 0.0165084
2.3 19.125 0.0162082
2.3 21.375 0.0169205
2.3 23.625 0.0200836
2.3 25.875 0.0212424
2.3 28.125 0.0234705
2.3 30.375 0.0249136
2.3 32.625 0.0262736
2.3 34.875 0.0270535
2.3 37.125 0.0266797
2.3 39.375 0.0275578
2.3 41.625 0.0285792
2.3 43.875 0.0301915
2.5 1.125 0.00744563
2.5 3.375 0.00780561
2.5 5.625 0.00763633
2.5 7.875 0.00713588
2.5 10.125 0.00765209
2.5 12.375 0.00814701
2.5 14.625 0.00797142
2.5 16.875 0.00836609
2.5 19.125 0.00911872
2.5 21.375 0.00986273
2.5 23.625 0.0115536
2.5 25.875 0.0131008
2.5 28.125 0.014772
2.5 30.375 0.0156849
2.5 32.625 0.0165754
2.5 34.875 0.0179409
2.5 37.125 0.0208664
2.5 39.375 0.0189613
2.5 41.625 0.0207457
2.5 43.875 0.0186304
2.7 1.125 0.00670402
2.7 3.375 0.00672984
2.7 5.625 0.00657025
2.7 7.875 0.0071967
2.7 10.125 0.00642103
2.7 12.375 0.00646013
2.7 14.625 0.00740164
2.7 16.875 0.00571096
2.7 19.125 0.00569081
2.7 21.375 0.00688199
2.7 23.625 0.00661212
2.7 25.875 0.00882138
2.7 28.125 0.00874327
2.7 30.375 0.009935
2.7 32.625 0.0105255
2.7 34.875 0.0120434
2.7 37.125 0.0126433
2.7 39.375 0.0114158
2.7 41.625 0.0135185
2.7 43.875 0.0138756
2.9 1.125 0.00612756
2.9 3.375 0.00627393
2.9 5.625 0.00627065
2.9 7.875 0.00737628
2.9 10.125 0.00522858
2.9 12.375 0.00547028
2.9 14.625 0.00593736
2.9 16.875 0.00615184
2.9 19.125 0.00556353
2.9 21.375 0.00629243
2.9 23.625 0.00612478
2.9 25.875 0.00571694
2.9 28.125 0.0063501
2.9 30.375 0.00634196
2.9 32.625 0.00691331
2.9 34.875 0.00733339
2.9 37.125 0.00850368
2.9 39.375 0.00842214
2.9 41.625 0.0104082
2.9 43.875 0.0111496
3.1 1.125 0.00520278
3.1 3.375 0.00595934
3.1 5.625 0.00527783
3.1 7.875 0.0049886
3.1 10.125 0.0041024
3.1 12.375 0.00739679
3.1 14.625 0.00535067
3.1 16.875 0.00499225
3.1 19.125 0.00507322
3.1 21.375 0.00681288
3.1 23.625 0.00577382
3.1 25.875 0.00766959
3.1 28.125 0.00580694
3.1 30.375 0.00616727
3.1 32.625 0.00520362
3.1 34.875 0.00526058
3.1 37.125 0.0058051
3.1 39.375 0.00660597
3.1 41.625 0.00693061
3.1 43.875 0.00878869
3.3 1.125 0.00486178
3.3 3.375 0.00593313
3.3 5.625 0.00507012
3.3 7.875 0.0045471
3.3 10.125 0.00432608
3.3 12.375 0.00491807
3.3 14.625 0.0048783
3.3 16.875 0.00453931
3.3 19.125 0.00451197
3.3 21.375 0.00602858
3.3 23.625 0.00527864
3.3 25.875 0.00486155
3.3 28.125 0.00469133
3.3 30.375 0.00513351
3.3 32.625 0.00581254
3.3 34.875 0.0049698
3.3 37.125 0.00568455
3.3 39.375 0.00603
3.3 41.625 0.00537229
3.3 43.875 0.00624999
3.5 1.125 0.00474868
3.5 3.375 0.00498716
3.5 5.625 0.00454778
3.5 7.875 0.00430089
3.5 10.125 0.00475008
3.5 12.375 0.00741188
3.5 14.625 0.00464538
3.5 16.875 0.0045761
3.5 19.125 0.00393748
3.5 21.375 0.00526018
3.5 23.625 0.00471048
3.5 25.875 0.00499797
3.5 28.125 0.00469755
3.5 30.375 0.0048633
3.5 32.625 0.00464827
3.5 34.875 0.00466678
3.5 37.125 0.00493992
3.5 39.375 0.00513259
3.5 41.625 0.0043385
3.5 43.875 0.00401479
3.7 1.125 0.00438053
3.7 3.375 0.00457458
3.7 5.625 0.00398391
3.7 7.875 0.00477358
3.7 10.125 0.00405212
3.7 12.375 0.00473142
3.7 14.625 0.0047455
3.7 16.875 0.00376119
3.7 19.125 0.00585911
3.7 21.375 0.00589261
3.7 23.625 0.00692098
3.7 25.875 0.00458305
3.7 28.125 0.00468714
3.7 30.375 0.00489411
3.7 32.625 0.00536067
3.7 34.875 0.00470979
3.7 37.125 0.00461897
3.7 39.375 0.00446595
3.7 41.625 0.00382966
3.7 43.875 0.00357633
3.9 1.125 0.00409175
3.9 3.375 0.00485238
3.9 5.625 0.00428377
3.9 7.875 0.00445637
3.9 10.125 0.00299133
3.9 12.375 0.00768118
3.9 14.625 0.00733183
3.9 16.875 0.00743587
3.9 19.125 0.00432093
3.9 21.375 0.00388104
3.9 23.625 0.00425568
3.9 25.875 0.00517566
3.9 28.125 0.00488856
3.9 30.375 0.00416654
3.9 32.625 0.00395131
3.9 34.875 0.00474599
3.9 37.125 0.00378822
3.9 39.375 0.00352423
3.9 41.625 0.00341933
3.9 43.875 0.00365371
4.1 1.125 0.00382311
4.1 3.375 0.00369819
4.1 5.625 0.00288333
4.1 7.875 0.00437478
4.1 10.125 0.00443253
4.1 12.375 0.00358188
4.1 14.625 0.00417831
4.1 16.875 0.00447825
4.1 19.125 0.00353863
4.1 21.375 0.00581453
4.1 23.625 0.00354665
4.1 25.875 0.00420506
4.1 28.125 0.00456305
4.1 30.375 0.00424002
4.1 32.625 0.00374632
4.1 34.875 0.00391362
4.1 37.125 0.00353598
4.1 39.375 0.00320162
4.1 41.625 0.00348224
4.1 43.875 0.0030105
4.3 1.125 0.00380434
4.3 3.375 0.00412844
4.3 5.625 0.00356494
4.3 7.875 0.00374934
4.3 10.125 0.00378256
4.3 12.375 0.00423224
4.3 14.625 0.00408777
4.3 16.875 0.00416318
4.3 19.125 0.0039988
4.3 21.375 0.004461
4.3 23.625 0.0045182
4.3 25.875 0.00477371
4.3 28.125 0.00401813
4.3 30.375 0.00402035
4.3 32.625 0.00409282
4.3 34.875 0.00343186
4.3 37.125 0.00323238
4.3 39.375 0.00287234
4.3 41.625 0.00351768
4.3 43.875 0.00341468
4.5 1.125 0.00349381
4.5 3.375 0.00379082
4.5 5.625 0.00326384
4.5 7.875 0.00393766
4.5 10.125 0.00338162
4.5 12.375 0.00329221
4.5 14.625 0.00340038
4.5 16.875 0.00356253
4.5 19.125 0.00374972
4.5 21.375 0.00376839
4.5 23.625 0.00362508
4.5 25.875 0.00452993
4.5 28.125 0.00347387
4.5 30.375 0.00371121
4.5 32.625 0.0033286
4.5 34.875 0.00314099
4.5 37.125 0.00293245
4.5 39.375 0.00336476
4.5 41.625 0.00341954
4.5 43.875 0.00332928
4.7 1.125 0.00324244
4.7 3.375 0.00321213
4.7 5.625 0.00351036
4.7 7.875 0.00471001
4.7 10.125 0.00366281
4.7 12.375 0.00356897
4.7 14.625 0.00354434
4.7 16.875 0.00329075
4.7 19.125 0.00394195
4.7 21.375 0.00360469
4.7 23.625 0.00326193
4.7 25.875 0.0035227
4.7 28.125 0.00441168
4.7 30.375 0.00334125
4.7 32.625 0.00323323
4.7 34.875 0.00298213
4.7 37.125 0.00366011
4.7 39.375 0.00364535
4.7 41.625 0.00251147
4.7 43.875 0.0033737
4.9 1.125 0.00271283
4.9 3.375 0.00283979
4.9 5.625 0.00276804
4.9 7.875 0.00269388
4.9 10.125 0.00284263
4.9 12.375 0.00316165
4.9 14.625 0.00313174
4.9 16.875 0.00331584
4.9 19.125 0.00355688
4.9 21.375 0.00349752
4.9 23.625 0.00344864
4.9 25.875 0.0038981
4.9 28.125 0.00343292
4.9 30.375 0.00303391
4.9 32.625 0.00286761
4.9 34.875 0.00304062
4.9 37.125 0.00287288
4.9 39.375 0.00261229
4.9 41.625 0.00304152
4.9 43.875 0.00269824
5.1 1.125 0.00288669
5.1 3.375 0.00270841
5.1 5.625 0.00271972
5.1 7.875 0.00321142
5.1 10.125 0.00300324
5.1 12.375 0.00308656
5.1 14.625 0.00461977
5.1 16.875 0.00306908
5.1 19.125 0.00318853
5.1 21.375 0.0032165
5.1 23.625 0.0033297
5.1 25.875 0.00357496
5.1 28.125 0.00310461
5.1 30.375 0.00270857
5.1 32.625 0.00346262
5.1 34.875 0.0025111
5.1 37.125 0.00270608
5.1 39.375 0.00274326
5.1 41.625 0.00231999
5.1 43.875 0.00431438
5.3 1.125 0.00254947
5.3 3.375 0.00293432
5.3 5.625 0.00249051
5.3 7.875 0.0022462
5.3 10.125 0.00269253
5.3 12.375 0.0025199
5.3 14.625 0.00288694
5.3 16.875 0.00306178
5.3 19.125 0.00266954
5.3 21.375 0.0027241
5.3 23.625 0.00274768
5.3 25.875 0.00313327
5.3 28.125 0.0030019
5.3 30.375 0.00313716
5.3 32.625 0.00303427
5.3 34.875 0.00280527
5.3 37.125 0.0040467
5.3 39.375 0.00269503
5.3 41.625 0.00312152
5.3 43.875 0.00259519
5.5 1.125 0.00301603
5.5 3.375 0.00262767
5.5 5.625 0.0030277
5.5 7.875 0.00265855
5.5 10.125 0.00278685
5.5 12.375 0.00262391
5.5 14.625 0.00269644
5.5 16.875 0.00286227
5.5 19.125 0.00271346
5.5 21.375 0.00221973
5.5 23.625 0.0027665
5.5 25.875 0.00326082
5.5 28.125 0.00296444
5.5 30.375 0.00255321
5.5 32.625 0.00296566
5.5 34.875 0.0028984
5.5 37.125 0.00367779
5.5 39.375 0.00235352
5.5 41.625 0.0032034
5.5 43.875 0.00357263
5.7 1.125 0.00260719
5.7 3.375 0.0027889
5.7 5.625 0.00190575
5.7 7.875 0.00246818
5.7 10.125 0.00229119
5.7 12.375 0.00197855
5.7 14.625 0.00250372
5.7 16.875 0.00303945
5.7 19.125 0.00311479
5.7 21.375 0.00242277
5.7 23.625 0.0028796
5.7 25.875 0.00272222
5.7 28.125 0.00252675
5.7 30.375 0.00279429
5.7 32.625 0.00266385
5.7 34.875 0.00298864
5.7 37.125 0.00282583
5.7 39.375 0.0032277
5.7 41.625 0.00282201
5.7 43.875 0.00363538
5.9 1.125 0.00261882
5.9 3.375 0.00297197
5.9 5.625 0.00236003
5.9 7.875 0.0031356
5.9 10.125 0.00302362
5.9 12.375 0.00373395
5.9 14.625 0.00325436
5.9 16.875 0.00261318
5.9 19.125 0.00300241
5.9 21.375 0.00286872
5.9 23.625 0.00382715
5.9 25.875 0.0026652
5.9 28.125 0.00257124
5.9 30.375 0.00221868
5.9 32.625 0.00228825
5.9 34.875 0.00237075
5.9 37.125 0.0028764
5.9 39.375 0.00305777
5.9 41.625 0.00217667
5.9 43.875 0.00287307
6.1 1.125 0.00262213
6.1 3.375 0.00227591
6.1 5.625 0.00265888
6.1 7.875 0.00211802
6.1 10.125 0.0027255
6.1 12.375 0.00317613
6.1 14.625 0.00234951
6.1 16.875 0.0027059
6.1 19.125 0.00258735
6.1 21.375 0.00281849
6.1 23.625 0.00254029
6.1 25.875 0.00240363
6.1 28.125 0.00299267
6.1 30.375 0.00254691
6.1 32.625 0.00264004
6.1 34.875 0.00354007
6.1 37.125 0.00237711
6.1 39.375 0.00233973
6.1 41.625 0.00258536
6.1 43.875 0.00272076
6.3 1.125 0.00248984
6.3 3.375 0.0063026
6.3 5.625 0.0029648
6.3 7.875 0.00180426
6.3 10.125 0.00270403
6.3 12.375 0.00303192
6.3 14.625 0.00263796
6.3 16.875 0.00284445
6.3 19.125 0.00311376
6.3 21.375 0.00242486
6.3 23.625 0.0024351
6.3 25.875 0.00333443
6.3 28.125 0.00227551
6.3 30.375 0.00217638
6.3 32.625 0.00204437
6.3 34.875 0.00290291
6.3 37.125 0.00240938
6.3 39.375 0.00238179
6.3 41.625 0.00264786
6.3 43.875 0.00279135
6.5 1.125 0.00264759
6.5 3.375 0.00237404
6.5 5.625 0.00213436
6.5 7.875 0.00255308
6.5 10.125 0.00257156
6.5 12.375 0.00244522
6.5 14.625 0.00317968
6.5 16.875 0.00255674
6.5 19.125 0.00261261
6.5 21.375 0.00250891
6.5 23.625 0.00246592
6.5 25.875 0.00240291
6.5 28.125 0.00264457
6.5 30.375 0.00219267
6.5 32.625 0.00253329
6.5 34.875 0.00266407
6.5 37.125 0.00217908
6.5 39.375 0.0021263
6.5 41.625 0.00230174
6.5 43.875 0.00273754
6.7 1.125 0.00240804
6.7 3.375 0.00235069
6.7 5.625 0.00268342
6.7 7.875 0.00324589
6.7 10.125 0.00301571
6.7 12.375 0.00234547
6.7 14.625 0.00228427
6.7 16.875 0.00632651
6.7 19.125 0.00269476
6.7 21.375 0.00241904
6.7 23.625 0.00224267
6.7 25.875 0.00240559
6.7 28.125 0.00236931
6.7 30.375 0.00261579
6.7 32.625 0.0020142
6.7 34.875 0.00286181
6.7 37.125 0.00248498
6.7 39.375 0.00277653
6.7 41.625 0.00249739
6.7 43.875 0.00269655
6.9 1.125 0.00239255
6.9 3.375 0.00213226
6.9 5.625 0.00246303
6.9 7.875 0.00290372
6.9 10.125 0.00245619
6.9 12.375 0.00333916
6.9 14.625 0.00277174
6.9 16.875 0.00270368
6.9 19.125 0.0028081
6.9 21.375 0.00348129
6.9 23.625 0.00238335
6.9 25.875 0.00248316
6.9 28.125 0.002769
6.9 30.375 0.00142335
6.9 32.625 0.00312617
6.9 34.875 0.00237168
6.9 37.125 0.00221439
6.9 39.375 0.00251351
6.9 41.625 0.0022925
6.9 43.875 0.00262926
7.1 1.125 0.00250208
7.1 3.375 0.00249298
7.1 5.625 0.00252202
7.1 7.875 0.00278669
7.1 10.125 0.00248166
7.1 12.375 0.0028653
7.1 14.625 0.0023754
7.1 16.875 0.00248728
7.1 19.125 0.00285394
7.1 21.375 0.00246236
7.1 23.625 0.00299251
7.1 25.875 0.00228568
7.1 28.125 0.00277977
7.1 30.375 0.00304651
7.1 32.625 0.0020775
7.1 34.875 0.00208784
7.1 37.125 0.00212221
7.1 39.375 0.00250781
7.1 41.625 0.0020544
7.1 43.875 0.00194986
7.3 1.125 0.00373145
7.3 3.375 0.00218154
7.3 5.625 0.00231593
7.3 7.875 0.00233727
7.3 10.125 0.00614667
7.3 12.375 0.0028521
7.3 14.625 0.0022384
7.3 16.875 0.00243202
7.3 19.125 0.00287133
7.3 21.375 0.00211529
7.3 23.625 0.00264695
7.3 25.875 0.00195424
7.3 28.125 0.00240509
7.3 30.375 0.00224414
7.3 32.625 0.00217778
7.3 34.875 0.00195348
7.3 37.125 0.00227019
7.3 39.375 0.00282317
7.3 41.625 0.00240531
7.3 43.875 0.00203934
7.5 1.125 0.00195111
7.5 3.375 0.00200018
7.5 5.625 0.00656271
7.5 7.875 0.00260615
7.5 10.125 0.00514616
7.5 12.375 0.00234377
7.5 14.625 0.00204987
7.5 16.875 0.00261388
7.5 19.125 0.00249958
7.5 21.375 0.00244107
7.5 23.625 0.00327249
7.5 25.875 0.00254208
7.5 28.125 0.0018983
7.5 30.375 0.00246135
7.5 32.625 0.00208549
7.5 34.875 0.00331196
7.5 37.125 0.00292398
7.5 39.375 0.00254947
7.5 41.625 0.00198407
7.5 43.875 0.00219996
7.7 1.125 0.00265285
7.7 3.375 0.00191153
7.7 5.625 0.00314025
7.7 7.875 0.00203131
7.7 10.125 0.00250991
7.7 12.375 0.00256064
7.7 14.625 0.00226997
7.7 16.875 0.00203427
7.7 19.125 0.00301058
7.7 21.375 0.00211463
7.7 23.625 0.00236091
7.7 25.875 0.00208983
7.7 28.125 0.00215083
7.7 30.375 0.00207537
7.7 32.625 0.00248852
7.7 34.875 0.00264217
7.7 37.125 0.00174722
7.7 39.375 0.00237467
7.7 41.625 0.00230181
7.7 43.875 0.00179263
7.9 1.125 0.0024687
7.9 3.375 0.00223444
7.9 5.625 0.00199441
7.9 7.875 0.00250818
7.9 10.125 0.00195749
7.9 12.375 0.00218297
7.9 14.625 0.00190539
7.9 16.875 0.00236075
7.9 19.125 0.00222574
7.9 21.375 0.00207024
7.9 23.625 0.00176228
7.9 25.875 0.00203503
7.9 28.125 0.00204895
7.9 30.375 0.00259408
7.9 32.625 0.001954
7.9 34.875 0.00229947
7.9 37.125 0.00224484
7.9 39.375 0.00226582
7.9 41.625 0.00212768
7.9 43.875 0.00254163
8.1 1.125 0.00262035
8.1 3.375 0.00182445
8.1 5.625 0.00232207
8.1 7.875 0.00213459
8.1 10.125 0.00164167
8.1 12.375 0.00237456
8.1 14.625 0.00254139
8.1 16.875 0.00210393
8.1 19.125 0.00704763
8.1 21.375 0.00198922
8.1 23.625 0.00279668
8.1 25.875 0.00219487
8.1 28.125 0.00200777
8.1 30.375 0.0025096
8.1 32.625 0.0020847
8.1 34.875 0.00235533
8.1 37.125 0.00412241
8.1 39.375 0.0020266
8.1 41.625 0.00173978
8.1 43.875 0.00251227
8.3 1.125 0.00616018
8.3 3.375 0.00227838
8.3 5.625 0.00222562
8.3 7.875 0.00376843
8.3 10.125 0.00199223
8.3 12.375 0.00227016
8.3 14.625 0.00186317
8.3 16.875 0.0024415
8.3 19.125 0.00232591
8.3 21.375 0.00334484
8.3 23.625 0.00206951
8.3 25.875 0.00262147
8.3 28.125 0.00206476
8.3 30.375 0.0022937
8.3 32.625 0.0021568
8.3 34.875 0.00218586
8.3 37.125 0.00211375
8.3 39.375 0.00245253
8.3 41.625 0.00179154
8.3 43.875 0.00208271
8.5 1.125 0.00251976
8.5 3.375 0.00320138
8.5 5.625 0.00220208
8.5 7.875 0.00190707
8.5 10.125 0.00209668
8.5 12.375 0.00245758
8.5 14.625 0.00305131
8.5 16.875 0.0018185
8.5 19.125 0.00190073
8.5 21.375 0.00224901
8.5 23.625 0.00178622
8.5 25.875 0.00198784
8.5 28.125 0.00175082
8.5 30.375 0.0027646
8.5 32.625 0.00224147
8.5 34.875 0.00236795
8.5 37.125 0.00242897
8.5 39.375 0.00196177
8.5 41.625 0.00176144
8.5 43.875 0.00192599
8.7 1.125 0.00245956
8.7 3.375 0.0023874
8.7 5.625 0.00271566
8.7 7.875 0.00168788
8.7 10.125 0.0025157
8.7 12.375 0.00271969
8.7 14.625 0.00238612
8.7 16.875 0.00331156
8.7 19.125 0.00198958
8.7 21.375 0.00253638
8.7 23.625 0.00307258
8.7 25.875 0.0020093
8.7 28.125 0.00268437
8.7 30.375 0.00208186
8.7 32.625 0.00230837
8.7 34.875 0.00205533
8.7 37.125 0.00202221
8.7 39.375 0.00150875
8.7 41.625 0.00194956
8.7 43.875 0.00210248
8.9 1.125 0.00241637
8.9 3.375 0.0023632
8.9 5.625 0.00135339
8.9 7.875 0.00240638
8.9 10.125 0.00165354
8.9 12.375 0.00288926
8.9 14.625 0.00251963
8.9 16.875 0.00240756
8.9 19.125 0.00185664
8.9 21.375 0.00185411
8.9 23.625 0.00260318
8.9 25.875 0.00193963
8.9 28.125 0.00217174
8.9 30.375 0.00247047
8.9 32.625 0.00655021
8.9 34.875 0.00225697
8.9 37.125 0.00262656
8.9 39.375 0.00253189
8.9 41.625 0.00199415
8.9 43.875 0.00266035
9.1 1.125 0.00188471
9.1 3.375 0.00210757
9.1 5.625 0.00216382
9.1 7.875 0.00238848
9.1 10.125 0.00217798
9.1 12.375 0.00312891
9.1 14.625 0.00267591
9.1 16.875 0.00267666
9.1 19.125 0.00178245
9.1 21.375 0.00146757
9.1 23.625 0.00163641
9.1 25.875 0.0025084
9.1 28.125 0.00179152
9.1 30.375 0.0026435
9.1 32.625 0.00202797
9.1 34.875 0.00194327
9.1 37.125 0.00173647
9.1 39.375 0.00298376
9.1 41.625 0.00208616
9.1 43.875 0.00192417
9.3 1.125 0.00255918
9.3 3.375 0.0020529
9.3 5.625 0.00189573
9.3 7.875 0.00191372
9.3 10.125 0.00281238
9.3 12.375 0.00217384
9.3 14.625 0.00186747
9.3 16.875 0.0020339
9.3 19.125 0.0017121
9.3 21.375 0.00232278
9.3 23.625 0.002012
9.3 25.875 0.00201265
9.3 28.125 0.00210879
9.3 30.375 0.00285683
9.3 32.625 0.00172316
9.3 34.875 0.00173611
9.3 37.125 0.00234065
9.3 39.375 0.00203437
9.3 41.625 0.00261717
9.3 43.875 0.00236541
9.5 1.125 0.00216053
9.5 3.375 0.00284458
9.5 5.625 0.00224972
9.5 7.875 0.00214099
9.5 10.125 0.00254277
9.5 12.375 0.00226084
9.5 14.625 0.00252591
9.5 16.875 0.00257819
9.5 19.125 0.00201766
9.5 21.375 0.00216284
9.5 23.625 0.00189554
9.5 25.875 0.00202637
9.5 28.125 0.00338763
9.5 30.375 0.00196073
9.5 32.625 0.00202552
9.5 34.875 0.00254465
9.5 37.125 0.00180346
9.5 39.375 0.00252471
9.5 41.625 0.00207815
9.5 43.875 0.00210767
9.7 1.125 0.00217155
9.7 3.375 0.00197908
9.7 5.625 0.00176705
9.7 7.875 0.00237601
9.7 10.125 0.00228449
9.7 12.375 0.0018194
9.7 14.625 0.00213883
9.7 16.875 0.00275655
9.7 19.125 0.00217753
9.7 21.375 0.00220953
9.7 23.625 0.00242252
9.7 25.875 0.00285254
9.7 28.125 0.00248976
9.7 30.375 0.00147761
9.7 32.625 0.00220481
9.7 34.875 0.00181985
9.7 37.125 0.00235536
9.7 39.375 0.00237456
9.7 41.625 0.00212462
9.7 43.875 0.00241396
9.9 1.125 0.00236885
9.9 3.375 0.0018387
9.9 5.625 0.00319525
9.9 7.875 0.00164503
9.9 10.125 0.00223277
9.9 12.375 0.00187933
9.9 14.625 0.00218357
9.9 16.875 0.00225575
9.9 19.125 0.00265289
9.9 21.375 0.00157657
9.9 23.625 0.00143994
9.9 25.875 0.00263293
9.9 28.125 0.00238047
9.9 30.375 0.00183475
9.9 32.625 0.00285895
9.9 34.875 0.00192209
9.9 37.125 0.0019319
9.9 39.375 0.00245572
9.9 41.625 0.00173135
9.9 43.875 0.00197922
10.1 1.125 0.00233606
10.1 3.375 0.00263865
10.1 5.625 0.00200596
10.1 7.875 0.00152842
10.1 10.125 0.00206943
10.1 12.375 0.00225449
10.1 14.625 0.00217968
10.1 16.875 0.00173606
10.1 19.125 0.00203436
10.1 21.375 0.00160102
10.1 23.625 0.00211494
10.1 25.875 0.00230114
10.1 28.125 0.00233578
10.1 30.375 0.00199552
10.1 32.625 0.00166213
10.1 34.875 0.00217599
10.1 37.125 0.0026825
10.1 39.375 0.00178228
10.1 41.625 0.00241558
10.1 43.875 0.00208113
10.3 1.125 0.00182448
10.3 3.375 0.00201492
10.3 5.625 0.00245375
10.3 7.875 0.00139339
10.3 10.125 0.00228092
10.3 12.375 0.00172536
10.3 14.625 0.00225635
10.3 16.875 0.00162556
10.3 19.125 0.00217996
10.3 21.375 0.00215799
10.3 23.625 0.00232719
10.3 25.875 0.00208273
10.3 28.125 0.00271741
10.3 30.375 0.00200106
10.3 32.625 0.00153792
10.3 34.875 0.00255385
10.3 37.125 0.00184392
10.3 39.375 0.00204939
10.3 41.625 0.00218924
10.3 43.875 0.00206934
10.5 1.125 0.002081
10.5 3.375 0.00174115
10.5 5.625 0.00126947
10.5 7.875 0.00190924
10.5 10.125 0.00173104
10.5 12.375 0.00170091
10.5 14.625 0.00226326
10.5 16.875 0.0020302
10.5 19.125 0.00242125
10.5 21.375 0.00225038
10.5 23.625 0.00243632
10.5 25.875 0.00259269
10.5 28.125 0.00150819
10.5 30.375 0.00210648
10.5 32.625 0.00215165
10.5 34.875 0.00178482
10.5 37.125 0.0024176
10.5 39.375 0.00219634
10.5 41.625 0.00160834
10.5 43.875 0.00228475
10.7 1.125 0.00373364
10.7 3.375 0.00222425
10.7 5.625 0.00201287
10.7 7.875 0.00139054
10.7 10.125 0.0017355
10.7 12.375 0.00208933
10.7 14.625 0.00184916
10.7 16.875 0.00337227
10.7 19.125 0.00178928
10.7 21.375 0.00177979
10.7 23.625 0.00178562
10.7 25.875 0.00262539
10.7 28.125 0.00225444
10.7 30.375 0.0023691
10.7 32.625 0.00207823
10.7 34.875 0.00169858
10.7 37.125 0.00263738
10.7 39.375 0.00207213
10.7 41.625 0.00183571
10.7 43.875 0.00157472
10.9 1.125 0.00236281
10.9 3.375 0.00175623
10.9 5.625 0.00102985
10.9 10.125 0.00198551
10.9 12.375 0.00188963
10.9 14.625 0.00483255
10.9 16.875 0.00196844
10.9 19.125 0.00148759
10.9 21.375 0.00200891
10.9 23.625 0.0022232
10.9 25.875 0.00198684
10.9 28.125 0.00239347
10.9 30.375 0.00218631
10.9 32.625 0.00247972
10.9 34.875 0.00216267
10.9 37.125 0.00199746
10.9 39.375 0.00323561
10.9 41.625 0.00211344
10.9 43.875 0.00206369
11.1 1.125 0.00268295
11.1 3.375 0.00266678
11.1 5.625 0.00360899
11.1 7.875 0.00217897
11.1 10.125 0.00168664
11.1 12.375 0.00245565
11.1 14.625 0.00226699
11.1 16.875 0.00458209
11.1 19.125 0.00144684
11.1 21.375 0.00262973
11.1 23.625 0.0026243
11.1 25.875 0.0016583
11.1 28.125 0.00199687
11.1 30.375 0.00208251
11.1 32.625 0.00166453
11.1 34.875 0.00176794
11.1 37.125 0.00249439
11.1 39.375 0.00120888
11.1 41.625 0.0017337
11.1 43.875 0.00180865
11.3 1.125 0.00180089
11.3 3.375 0.0027031
11.3 5.625 0.00156039
11.3 7.875 0.00197954
11.3 10.125 0.00268484
11.3 12.375 0.00206591
11.3 14.625 0.00180052
11.3 16.875 0.00286496
11.3 19.125 0.00222142
11.3 21.375 0.00166501
11.3 23.625 0.00302836
11.3 25.875 0.00152911
11.3 28.125 0.00209042
11.3 30.375 0.00232405
11.3 32.625 0.00238884
11.3 34.875 0.00145459
11.3 37.125 0.00183395
11.3 39.375 0.00128833
11.3 41.625 0.00206914
11.3 43.875 0.00176681
11.5 1.125 0.00151995
11.5 3.375 0.0018596
11.5 5.625 0.00282949
11.5 7.875 0.00231075
11.5 10.125 0.00241968
11.5 12.375 0.00283545
11.5 14.625 0.00173632
11.5 16.875 0.00282778
11.5 19.125 0.00279243
11.5 21.375 0.00281856
11.5 23.625 0.00218626
11.5 25.875 0.00130392
11.5 28.125 0.00149269
11.5 30.375 0.00207933
11.5 32.625 0.00223353
11.5 34.875 0.00211425
11.5 37.125 0.00184254
11.5 39.375 0.00196134
11.5 41.625 0.00190135
11.5 43.875 0.00250258
11.7 1.125 0.00198191
11.7 3.375 0.00300382
11.7 5.625 0.00160229
11.7 7.875 0.00165339
11.7 10.125 0.00276569
11.7 12.375 0.00228618
11.7 14.625 0.00157331
11.7 16.875 0.00127989
11.7 19.125 0.00213211
11.7 21.375 0.0016071
11.7 23.625 0.00127571
11.7 25.875 0.00214765
11.7 28.125 0.00276274
11.7 30.375 0.00281174
11.7 32.625 0.00229432
11.7 34.875 0.00191451
11.7 37.125 0.00182756
11.7 39.375 0.00186133
11.7 41.625 0.00122506
11.7 43.875 0.00138324
11.9 1.125 0.00196129
11.9 3.375 0.00232746
11.9 5.625 0.0017783
11.9 7.875 0.0018189
11.9 10.125 0.00213593
11.9 12.375 0.00214974
11.9 14.625 0.00228901
11.9 16.875 0.00284088
11.9 19.125 0.00427043
11.9 21.375 0.00231907
11.9 23.625 0.00352451
11.9 25.875 0.00193163
11.9 28.125 0.00150274
11.9 30.375 0.00320341
11.9 32.625 0.00280029
11.9 34.875 0.00198035
11.9 37.125 0.00273446
11.9 39.375 0.00206429
11.9 41.625 0.00140199
12.1 1.125 0.0019075
12.1 3.375 0.0021444
12.1 5.625 0.00176586
12.1 7.875 0.00276073
12.1 10.125 0.00194992
12.1 12.375 0.00152444
12.1 14.625 0.0020169
12.1 16.875 0.00197992
12.1 19.125 0.00181462
12.1 21.375 0.0135417
12.1 23.625 0.00187741
12.1 28.125 0.00201362
12.1 32.625 0.00157388
12.1 34.875 0.00178899
12.1 37.125 0.00197652
12.1 39.375 0.0019668
12.1 41.625 0.00191078
12.1 43.875 0.00207722
12.3 1.125 0.00233773
12.3 3.375 0.00259702
12.3 5.625 0.00185492
12.3 7.875 0.00189003
12.3 10.125 0.00171423
12.3 12.375 0.00337466
12.3 14.625 0.00196482
12.3 19.125 0.00148723
12.3 21.375 0.00161984
12.3 23.625 0.00187785
12.3 25.875 0.00181744
12.3 32.625 0.002207
12.3 34.875 0.00197056
12.3 37.125 0.00402232
12.3 39.375 0.00266272
12.3 41.625 0.00127733
12.3 43.875 0.00245947
12.5 1.125 0.00201801
12.5 3.375 0.00140221
12.5 5.625 0.00381963
12.5 7.875 0.00194846
12.5 10.125 0.00251901
12.5 12.375 0.00151705
12.5 14.625 0.00139886
12.5 16.875 0.00210128
12.5 19.125 0.00283362
12.5 21.375 0.00238665
12.5 23.625 0.00184664
12.5 25.875 0.00204522
12.5 34.875 0.00236163
12.5 37.125 0.00195045
12.5 39.375 0.00201819
12.5 41.625 0.00358106
12.5 43.875 0.0016028
12.7 1.125 0.00187143
12.7 10.125 0.00209897
12.7 12.375 0.00300736
12.7 14.625 0.00588684
12.7 16.875 0.00282016
12.7 19.125 0.00144133
12.7 21.375 0.0016759
12.7 23.625 0.00229466
12.7 25.875 0.00141818
12.7 28.125 0.00158059
12.7 32.625 0.00222912
12.7 34.875 0.00200385
12.7 37.125 0.00253824
12.7 39.375 0.00310029
12.7 41.625 0.00152311
12.7 43.875 0.00180188
12.9 1.125 0.00278815
12.9 10.125 0.0017876
12.9 12.375 0.00211675
12.9 14.625 0.00194368
12.9 16.875 0.00163477
12.9 19.125 0.00267033
12.9 21.375 0.00225591
12.9 23.625 0.00378405
12.9 25.875 0.00316095
12.9 30.375 0.00312668
12.9 32.625 0.00158301
12.9 34.875 0.0015509
12.9 37.125 0.00216309
12.9 39.375 0.0014901
12.9 41.625 0.00197098
12.9 43.875 0.00179264
13.1 1.125 0.00159216
13.1 7.875 0.0048033
13.1 10.125 0.00812364
13.1 12.375 0.00343539
13.1 14.625 0.00417588
13.1 16.875 0.00136079
13.1 19.125 0.00142561
13.1 21.375 0.00149854
13.1 23.625 0.0151191
13.1 25.875 0.00156477
13.1 30.375 0.00167366
13.1 32.625 0.00191441
13.1 34.875 0.00323838
13.1 37.125 0.00217002
13.1 39.375 0.00182444
13.1 41.625 0.0017843
13.1 43.875 0.00188953
13.3 1.125 0.0014697
13.3 3.375 0.0589311
13.3 7.875 0.00107505
13.3 10.125 0.00263483
13.3 12.375 0.00241399
13.3 16.875 0.0023042
13.3 19.125 0.00196983
13.3 21.375 0.00197401
13.3 23.625 0.00172047
13.3 25.875 0.00187527
13.3 28.125 0.00209304
13.3 30.375 0.00166565
13.3 32.625 0.00264775
13.3 34.875 0.00268983
13.3 39.375 0.00225419
13.3 41.625 0.00221079
13.3 43.875 0.00218436
13.5 1.125 0.00226836
13.5 3.375 0.00251249
13.5 7.875 0.00336607
13.5 10.125 0.00152572
13.5 12.375 0.00175314
13.5 16.875 0.00093638
13.5 19.125 0.00190235
13.5 21.375 0.00286102
13.5 23.625 0.0016741
13.5 25.875 0.00147411
13.5 28.125 0.00272972
13.5 30.375 0.00325292
13.5 32.625 0.00219629
13.5 34.875 0.00228936
13.5 41.625 0.00275559
13.5 43.875 0.00222339
13.7 1.125 0.00278992
13.7 3.375 0.00138125
13.7 7.875 0.00389519
13.7 10.125 0.00209924
13.7 12.375 0.00295562
13.7 16.875 0.00224863
13.7 21.375 0.00301056
13.7 23.625 0.0017789
13.7 25.875 0.00197482
13.7 28.125 0.00288929
13.7 30.375 0.00258044
13.7 32.625 0.00245912
13.7 41.625 0.00220022
13.7 43.875 0.00328801
13.9 1.125 0.00284649
13.9 3.375 0.00221513
13.9 12.375 0.00183783
13.9 21.375 0.00188205
13.9 23.625 0.00200981
13.9 28.125 0.00228819
13.9 30.375 0.00233634
13.9 32.625 0.00179466
13.9 34.875 0.00284157
13.9 37.125 0.00173406
13.9 43.875 0.0016933
