6.81842 36.1233 0.00348342
4.4885 20.2893 0.00377788
3.55925 27.5193 0.0288945
1.92274 24.157 0.243617
2.43599 39.7842 0.19032
4.46177 28.6693 0.00834974
6.68881 21.1128 0.00435812
3.21653 11.312 0.0383052
0.944879 33.4625 4.45382
1.61189 14.4121 0.538323
3.91549 1.9176 0.0155766
4.24485 42.0608 0.00724757
2.84555 16.1128 0.0683183
3.04405 30.9071 0.0597127
4.55838 30.8907 0.0105977
5.16515 8.74606 0.00998526
5.2195 17.3909 0.00796617
6.12338 39.7557 0.00322596
5.92229 25.6459 0.0091432
5.47357 2.08888 0.00615841
10.4777 24.1623 0.00296976
5.73968 31.0064 0.00750703
3.90311 41.1529 0.00698844
3.07627 3.60387 0.0568216
3.85675 33.8671 0.0164195
5.70234 37.7481 0.00853606
9.76435 11.7762 0.00811834
7.32463 5.27777 0.00801429
4.96314 7.47984 0.010803
2.64208 13.7656 0.0940243
0.784959 14.373 4.52461
2.33026 22.5907 0.125716
4.66068 14.7379 0.018904
6.98803 12.1575 0.00370857
5.17584 18.0064 0.00572104
3.03112 32.2381 0.0957111
1.49789 7.53393 0.585038
2.54062 32.0362 0.130976
4.62771 13.1837 0.0232058
6.87615 6.38688 0.0133538
8.1984 27.2495 0.00327346
4.58294 33.9804 0.0227938
4.13505 31.4258 0.0155078
5.54533 35.6856 0.0087925
7.16547 38.9878 0.00486304
7.27485 15.6013 0.00552816
6.79935 43.9105 0.00961957
8.74344 36.4683 0.00461167
6.70913 40.3623 0.00413234
5.12601 32.6205 0.0260069
4.46284 5.01305 0.0167902
4.96732 23.1271 0.00525517
5.36157 28.4391 0.00696591
3.39009 35.466 0.0493956
2.13189 10.5841 0.210915
2.95724 41.3345 0.0353974
4.72139 3.31439 0.00795594
7.48599 1.98644 0.00282632
2.77715 6.57925 0.0673102
0.436496 25.7215 4.80694
1.95623 1.81913 0.268204
5.09798 22.4276 0.0110185
7.87985 18.3516 0.00618896
5.70113 26.1685 0.00849976
3.74876 42.6642 0.0449281
2.44388 9.30066 0.13061
3.00648 40.6212 0.0511037
7.07938 43.7656 0.0058262
5.6431 29.2843 0.0120348
5.05407 22.7398 0.0229654
7.55457 3.48719 0.00339973
5.31042 21.0123 0.00624524
4.97163 31.032 0.00311709
3.20114 36.616 0.0523126
2.75874 9.69367 0.0466477
4.01717 44.2858 0.0153697
6.06373 31.6604 0.0238336
4.26949 3.54419 0.0202323
1.92603 8.09034 0.326782
0.626367 42.3154 4.74931
2.86677 11.691 0.0406906
5.2361 9.78785 0.00580583
4.69614 24.8124 0.0250412
2.73489 44.1328 0.0962212
1.86969 14.2985 0.27882
3.25824 30.4209 0.0565572
7.81208 31.9396 0.003205
5.94551 44.1783 0.0158095
4.55128 24.7002 0.0203071
4.00985 6.59176 0.0158679
6.23572 34.2087 0.00533847
8.31747 3.19442 0.00527035
6.82622 24.9835 0.00968646
4.7371 37.3906 0.00565965
3.85384 7.90977 0.0283443
4.41055 24.6109 0.0175597
5.92668 44.6976 0.0057704
3.21375 26.4363 0.0594668
1.57647 19.5581 0.737792
2.48793 42.4557 0.163863
4.57759 24.3277 0.0191963
10.5049 8.99679 0.00233133
8.1541 10.7326 0.00785634
5.82985 13.8329 0.0228294
2.99812 16.2164 0.0347929
0.941359 33.905 4.22159
1.92579 17.7277 0.310284
4.19062 5.15807 0.0267618
5.72568 8.77441 0.00609609
4.18965 43.4258 0.0483301
3.03096 9.92546 0.0441543
3.33817 33.3066 0.0276894
4.90734 31.6777 0.00660197
6.87853 18.8328 0.0097006
6.12355 28.0067 0.0106225
5.46885 19.6331 0.00406536
6.46297 40.215 0.00447225
8.26643 44.3165 0.00563001
5.4734 44.1024 0.0122169
4.86058 42.9309 0.012978
3.61181 19.1276 0.0386381
3.69658 18.2991 0.0344156
4.2034 20.8019 0.0208088
6.50032 15.8065 0.00549723
3.69178 15.5529 0.0439972
1.61127 42.6494 1.21812
1.66451 44.3103 1.54872
4.00102 10.9391 0.0243786
6.27539 4.36216 0.0148825
8.35749 7.93919 0.00373929
6.03472 11.6001 0.00976967
3.77315 19.6068 0.0542023
1.66265 44.456 1.34353
1.57691 42.3803 1.15634
4.95857 44.2452 0.0223562
3.56239 19.4892 0.0418576
3.45755 19.7256 0.0482707
6.59569 36.5919 0.0195566
9.72947 28.072 0.00402485
5.83069 11.7204 0.003793
5.72272 11.7278 0.00567825
3.85347 4.05197 0.0176939
4.55746 27.3548 0.0334867
6.13967 43.8877 0.00890431
5.1844 15.7285 0.00274749
2.99473 28.9936 0.0874037
1.53589 10.1181 0.767395
2.70717 39.37 0.115916
4.82933 23.5461 0.0145336
7.38251 5.98896 0.00277941
5.06169 9.81167 0.0161951
2.74503 17.3105 0.0664543
0.800898 19.4981 4.25977
2.16223 14.7006 0.181291
4.44216 4.30246 0.0155746
5.85341 31.6096 0.0128432
4.00142 40.9405 0.0438064
2.97127 5.11271 0.0376911
3.45594 37.2119 0.0598393
5.3285 2.88521 0.0116249
6.0264 15.7606 0.00612399
5.92992 6.96781 0.00409861
5.19457 39.5446 0.0149065
3.76073 25.6956 0.0330701
3.54973 11.6056 0.0245187
4.82526 39.6344 0.00446428
6.69642 36.1875 0.00642665
4.12304 13.8465 0.0175673
1.9505 33.2072 0.416899
1.3621 31.7352 2.43963
3.37964 24.4512 0.0270829
5.65028 16.8792 0.00943966
8.00565 14.7537 0.010765
11.1054 4.70856 0.00665249
6.47064 10.7503 0.00864221
2.01956 36.0227 0.372082
1.3104 33.2682 2.12935
3.1914 15.5192 0.060583
5.44325 6.41654 0.00968097
5.28908 40.8928 0.0319386
3.75585 25.8033 0.0304101
3.36567 12.374 0.0289767
6.09078 27.3186 0.0100335
5.68167 7.25689 0.00704111
11.6285 41.7303 0.00342418
6.8793 37.5415 0.00844778
5.19092 36.7564 0.00283173
4.33276 9.74178 0.00650903
4.67276 20.1336 0.00676843
8.05088 13.6037 0.00409898
3.59471 30.2934 0.0214273
2.06027 20.8855 0.210832
2.60251 38.2379 0.119123
4.59221 30.2656 0.00982121
6.80116 22.3379 0.00377883
5.47448 4.55382 0.00737653
3.13636 8.56703 0.0727699
0.817241 25.7814 4.33872
1.63003 8.2531 0.612142
3.965 0.549047 0.0215173
6.30085 2.84415 0.00441869
6.06891 25.9175 0.0158372
4.1002 40.9065 0.0205779
2.67669 15.9901 0.0311974
2.93428 33.4068 0.0919259
4.52142 28.77 0.0100733
6.57512 16.7722 0.00572901
5.00376 8.42377 0.00924232
7.10469 23.2555 0.00254808
5.70143 41.6777 0.00833406
4.25281 26.6836 0.00655092
3.9744 6.67255 0.0115762
4.96989 34.2918 0.0037222
6.78368 40.5543 0.00383854
4.50154 18.8744 0.0433425
2.40531 37.5418 0.177842
1.67839 15.9277 0.434434
3.31752 32.3521 0.0472812
5.55765 22.0016 0.00698023
9.53396 9.92333 0.0055207
4.33765 10.8125 0.0169034
2.06717 22.8776 0.195661
0.799816 35.05 4.60578
2.84768 9.92351 0.0517958
5.15479 2.02249 0.0216261
3.56082 32.2841 0.0173838
2.89748 9.09507 0.092341
3.89136 43.8211 0.0130094
5.67514 24.8374 0.00460079
5.70258 19.5176 0.0112431
5.78173 29.0137 0.00538193
7.26714 3.64039 0.00368725
6.7279 42.3807 0.0047047
5.9 25.5444 0.00302341
7.38762 41.4051 0.00383508
9.33143 39.3304 0.00545355
3.41718 39.2832 0.0664454
2.72261 3.86175 0.10636
3.89022 40.9624 0.0160497
5.81366 32.9098 0.0089001
8.04303 26.0828 0.00520928
4.54644 3.55651 0.00876391
2.19237 9.06805 0.164477
0.457972 23.9219 4.75637
2.62825 14.1208 0.10676
4.95917 10.0568 0.0136319
7.32922 9.79227 0.00794302
7.14221 15.205 0.0155225
4.93774 23.2959 0.0193412
2.87468 41.0959 0.0699209
1.82458 5.91636 0.296986
3.00344 31.9903 0.0856026
5.07175 15.586 0.0112241
6.12904 42.3078 0.00428615
4.60495 28.0842 0.00648617
3.99098 2.73548 0.0198845
4.54223 34.0882 0.032246
6.59971 22.7294 0.00438088
11.8573 36.5227 0.00619012
5.98883 31.7127 0.00448335
5.15082 22.5306 0.00538771
4.84341 4.56075 0.00909184
4.1642 40.7508 0.0139052
8.51 23.225 0.0059056
7.10544 19.5606 0.00724904
4.91671 27.9066 0.0078817
3.08551 39.6211 0.0480136
2.47839 8.81055 0.126314
3.18283 7.77667 0.0416153
6.69745 0.754859 0.0121418
4.34277 0.134165 0.0164
1.97113 2.48394 0.253878
0.413749 22.7032 4.8561
3.62668 29.6295 0.0451735
4.87374 27.0518 0.0167945
2.91057 42.6232 0.0891256
2.10096 10.5257 0.182972
5.05702 38.547 0.00521943
4.73721 24.6092 0.0295424
4.24668 5.21404 0.0132547
6.91309 16.5448 0.00426837
6.4956 14.5479 0.00917476
4.19005 22.8206 0.034086
4.02071 10.2949 0.00558621
5.20061 36.3325 0.00799422
2.23113 43.2084 0.207099
1.77627 23.9539 0.556066
3.59729 31.1067 0.0251391
5.80463 21.2684 0.0131948
6.93076 12.7159 0.00495981
4.63844 18.1115 0.0164314
1.78856 24.5134 0.535462
0.969221 41.6866 4.0941
3.10571 7.54829 0.0905169
5.41411 1.66275 0.0170966
6.8032 6.27476 0.00340049
4.48354 10.6349 0.0236895
3.36896 28.9073 0.0532862
2.94111 14.3006 0.0282188
4.03664 40.324 0.0344058
7.98446 14.2052 0.00539087
5.34838 34.5631 0.0160177
5.55704 16.9918 0.00600729
6.96973 39.2332 0.00252643
5.4657 34.7705 0.00538652
4.98279 18.6806 0.0160014
6.28754 38.6628 0.00458104
8.14439 15.7727 0.00544417
5.87753 20.9633 0.0038026
3.77954 34.4042 0.0232874
2.30834 19.4566 0.115656
2.85506 33.9508 0.0950594
4.69101 33.0877 0.0271029
7.83935 0.538753 0.00424538
5.48914 1.93724 0.0148683
3.12358 2.81575 0.069316
0.77455 8.25793 4.5347
1.59507 2.92483 0.678471
3.94233 4.03273 0.0215001
6.30284 5.73184 0.0033388
8.63877 6.49848 0.00617197
5.99012 23.7344 0.00320035
3.92489 37.3209 0.0167298
2.45796 18.1121 0.0745687
2.66918 36.5999 0.0612294
4.38881 26.2896 0.00683031
8.67405 8.19411 0.0042842
5.69441 33.1867 0.00201769
4.78256 9.2367 0.0198155
5.8444 42.2725 0.0140638
6.8084 6.45855 0.00433542
10.1057 29.2441 0.0034442
7.31664 37.8008 0.00374103
6.15399 20.1815 0.00584339
5.92637 2.30903 0.00429352
3.9809 32.3202 0.0152107
3.5186 3.99131 0.0313466
4.47777 35.2615 0.0170077
4.59998 13.1363 0.02017
2.36781 26.1163 0.161903
1.21341 11.5732 2.79634
2.91262 27.3396 0.0899687
7.51563 14.9804 0.00973303
10.286 13.9549 0.00244557
4.64213 15.1387 0.0100412
2.4466 29.7705 0.179897
1.09502 12.7626 2.07294
2.74689 19.4873 0.132997
4.97588 7.03485 0.00982235
7.26878 2.40287 0.00318201
9.98434 1.36283 0.00368811
7.64121 26.3593 0.0100847
5.63074 37.2429 0.00787137
4.01557 31.8888 0.0307397
3.27125 4.21287 0.0286619
4.04702 39.8236 0.0297343
5.67536 29.5575 0.00719522
8.93935 39.9777 0.00513345
5.61913 2.49413 0.00361053
6.55637 36.6671 0.00626203
4.89577 36.0958 0.0194057
4.03946 7.6545 0.0137033
4.58257 23.526 0.014297
6.05499 43.4096 0.00546566
8.05808 36.1496 0.00286058
5.48808 16.7028 0.00384426
3.30808 29.2725 0.0214874
1.75038 17.8217 0.56369
2.61178 44.4117 0.109339
4.6478 26.3946 0.00923897
6.94204 20.4332 0.00489359
5.29988 7.54149 0.0132552
2.96063 12.7998 0.0268234
0.80708 41.3634 4.30923
1.87073 12.5203 0.445317
4.17043 2.77188 0.0121166
6.50562 1.39227 0.00539154
6.00184 28.957 0.003297
4.06964 44.7833 0.0222641
2.86491 10.6802 0.0433113
3.18815 34.913 0.0709692
4.81308 30.0095 0.0196927
5.2105 5.88775 0.00463558
5.30636 20.1612 0.00723579
9.69636 25.4567 0.00488489
5.71549 22.8018 0.00264185
5.33314 1.54124 0.00381816
4.3252 42.337 0.0315336
7.51326 22.6274 0.00558053
5.37539 31.4529 0.00802261
2.94034 2.6886 0.0501406
3.04626 17.0791 0.103996
5.36549 12.2605 0.00580144
6.96109 4.82422 0.00276927
4.61049 6.21639 0.0116996
2.28211 14.3798 0.152678
0.648142 12.4748 4.62728
3.20598 24.7785 0.0957497
5.35891 11.7931 0.0143262
7.13272 13.4194 0.00520242
4.90113 20.8181 0.0139639
2.77474 37.1271 0.0802711
1.61329 5.0536 0.503476
4.56703 39.5763 0.0568045
10.023 21.9002 0.00410069
6.02822 40.5729 0.00324289
4.44494 29.8746 0.0161643
3.78759 2.18248 0.0152232
6.29257 3.97907 0.0047214
7.01047 23.4218 0.00363594
4.18065 27.4742 0.0353618
3.88146 6.55434 0.0281289
4.88362 34.72 0.00603287
6.70986 40.0549 0.00399016
4.49221 17.7389 0.0250944
2.36804 35.5712 0.142742
1.58787 16.1561 0.869661
3.25471 31.1976 0.0372575
5.50753 21.2046 0.00734805
7.80055 17.1768 0.00522112
10.156 15.8085 0.00522391
4.37312 11.8589 0.0474394
2.1191 24.81 0.269893
0.862078 30.7343 4.11187
2.84578 11.7097 0.0397416
9.43899 4.30091 0.00385308
5.28759 35.9404 0.0343971
3.64125 31.8385 0.0166755
2.97733 8.48403 0.0479156
3.93705 44.893 0.0189813
5.32472 4.78 0.0117297
8.32687 14.4582 0.00609191
5.97525 26.1709 0.00665082
5.99189 20.3267 0.00447223
7.37457 36.9136 0.0033673
3.96816 41.7132 0.0137837
3.09698 4.92569 0.0416591
3.83216 32.8071 0.00669036
8.34403 21.2255 0.00417079
5.03614 7.59646 0.0167642
2.7171 13.8732 0.082466
0.820056 19.0118 4.50936
2.27051 23.7149 0.157495
4.59262 15.0915 0.00975129
9.2858 11.962 0.00244899
5.23733 17.5664 0.00458013
3.08012 31.1787 0.108014
1.49474 10.3451 0.590668
2.47007 32.5835 0.141633
4.55458 13.2749 0.0217424
6.80219 6.35052 0.0116178
10.2137 7.52845 0.00554157
6.25442 37.0106 0.00563339
4.60514 34.8658 0.018775
3.66404 4.22192 0.0195535
4.0833 30.686 0.0176172
6.20797 19.5801 0.00335565
8.76771 30.3846 0.00266849
6.01556 13.9897 0.00986408
6.07482 8.57549 0.00539558
6.97489 27.8149 0.0067529
3.72271 23.085 0.0163928
3.70905 14.2318 0.0133249
4.96946 40.8304 0.0103415
6.27678 16.8967 0.0041352
8.61825 8.07275 0.0059028
6.27511 9.85618 0.00843918
3.96194 15.9121 0.0213796
1.82735 37.1003 0.567941
1.56545 35.5535 1.8587
3.55653 23.9128 0.0344405
6.29243 10.841 0.00680906
3.9879 17.096 0.0297072
1.85806 38.4459 0.72646
1.3389 42.7357 2.11232
3.35327 14.0202 0.0360015
6.54899 23.5468 0.00382793
9.13015 20.7892 0.00875209
3.65198 23.4444 0.0517462
3.30506 15.9259 0.0271826
4.4299 42.7012 0.0230033
12.1754 26.5229 0.00537094
5.88569 14.329 0.00404133
5.60447 9.35472 0.00633966
6.26347 31.2766 0.00960225
7.85518 10.6739 0.00430987
7.52093 9.5259 0.00359538
9.54756 30.797 0.00368678
7.57967 39.6319 0.00817289
5.91508 35.9785 0.00491271
5.0126 12.7933 0.00397898
6.36122 34.4573 0.00415084
8.0884 42.785 0.00533774
6.32514 22.7914 0.00538916
2.73678 23.7865 0.0848694
2.88781 25.4607 0.0378711
4.60549 38.483 0.00857201
6.70059 27.735 0.00327534
3.47968 1.79253 0.0315657
1.12511 10.7629 2.59393
1.28301 14.2268 2.3818
3.64926 9.07426 0.0164106
10.9722 2.40706 0.00457833
6.1918 19.5711 0.00668861
4.07173 31.3948 0.0101214
2.30326 28.7222 0.168914
2.28257 33.0817 0.115078
3.96228 24.6235 0.0172066
5.51902 39.0001 0.00478483
4.3322 14.825 0.0170487
4.26531 17.0157 0.0176647
5.24614 43.3359 0.0215384
6.60392 9.62576 0.00364526
6.51925 11.0052 0.00632391
6.16437 26.42 0.00472603
6.10017 18.8612 0.0043566
4.14711 41.2853 0.0115322
3.19833 6.9909 0.0515592
3.90924 30.4039 0.0328231
6.32132 29.0931 0.00617924
2.85258 16.3366 0.0766923
0.94473 24.1608 3.92245
2.24359 28.2024 0.22756
4.49667 16.4263 0.00400421
5.5738 7.84037 0.0178674
3.09732 27.8504 0.100578
1.43828 15.4868 1.10644
2.30494 30.987 0.148774
4.42379 12.6935 0.0118639
6.68199 5.26511 0.0028477
7.9932 9.8531 0.00334426
5.71673 15.0902 0.00855196
4.55113 37.0129 0.014409
3.59221 6.09444 0.0587003
3.90735 30.3565 0.0195202
5.92649 3.72166 0.00734226
6.04575 19.1088 0.00802357
8.16623 42.5406 0.00248925
7.48089 1.84485 0.00387164
5.39901 23.0612 0.00676314
5.05042 2.76197 0.0112035
6.92335 44.9476 0.0172776
3.33194 39.2546 0.0373988
2.66952 5.12255 0.105859
3.88045 42.1643 0.0245042
5.83016 32.1747 0.00519448
7.70291 19.8211 0.00368327
5.50406 27.1722 0.00939382
2.12828 7.62559 0.198195
0.43554 33.5883 4.85632
2.66779 12.5941 0.107202
5.00392 9.35881 0.0159346
7.37287 9.29219 0.00429839
4.89933 2.52965 0.0155041
2.87415 42.7485 0.0866243
1.88476 7.42563 0.246485
3.08073 32.3579 0.0510418
5.13802 15.9648 0.01175
5.29179 22.4013 0.0149827
4.63177 27.1254 0.00992573
4.04633 3.48911 0.0120404
7.94497 23.725 0.00389567
12.5283 17.3138 0.00378252
6.43824 40.5729 0.00573795
5.43124 4.77293 0.0172248
5.92598 18.7542 0.00611465
7.19716 36.1906 0.0021587
8.11276 21.8591 0.00403335
5.94784 29.4139 0.00349883
4.08071 43.4204 0.0314802
3.04897 8.62399 0.0757363
3.7402 30.7332 0.018635
5.44777 38.8205 0.0141058
7.56432 5.40438 0.00861208
5.21473 6.74148 0.0198988
2.88155 13.1296 0.0603989
0.840244 32.7747 4.56917
2.1148 25.4272 0.196444
4.38977 14.67 0.00341926
7.68604 11.4914 0.00363508
5.42743 17.5015 0.0181461
3.22676 29.5284 0.0475669
1.60227 16.4038 0.469044
2.32878 34.9654 0.179023
4.39599 14.8613 0.0158364
4.70396 36.6683 0.015492
3.74559 6.90169 0.00957107
3.99912 28.478 0.0145668
5.3847 37.861 0.00492289
8.07212 3.2087 0.00770024
10.004 2.57805 0.00259933
9.69097 9.44355 0.00417585
5.3936 35.306 0.00832482
4.51347 9.84268 0.00484766
3.7317 33.3193 0.0197806
2.23301 20.1425 0.230843
2.78415 34.9302 0.0506362
4.6473 32.263 0.00769489
6.23706 18.9163 0.00477969
3.12841 4.33967 0.0524992
0.789274 13.8539 4.14057
1.5929 0.0687292 0.950427
3.93738 2.90349 0.0267641
6.2945 4.97689 0.0099867
5.90401 2.56033 0.00468451
3.97395 38.254 0.0456274
2.52963 17.5706 0.128603
2.73465 35.5923 0.105834
4.42279 27.1663 0.0189565
4.87352 19.1169 0.00492841
5.89879 41.7974 0.00382405
13.8386 32.0667 0.0033238
6.02039 3.13268 0.0078583
6.71835 23.5105 0.00431832
8.18425 37.8727 0.0041668
4.00789 30.5556 0.0313637
3.61303 5.32446 0.048465
4.60562 35.5054 0.0130792
6.45972 38.8534 0.0268803
8.53908 30.649 0.0067799
6.85513 9.54686 0.00371542
4.53005 14.3718 0.015676
2.32627 28.9773 0.167889
1.31677 14.6904 1.55852
3.03438 28.0801 0.103388
5.31955 19.0199 0.0297609
4.53413 14.5068 0.0353408
2.32679 29.1269 0.161439
1.03994 18.648 3.15639
2.80463 17.173 0.0464219
5.05458 5.91433 0.00803433
11.902 3.67413 0.0097012
5.51296 37.2055 0.00760942
3.89971 31.3698 0.0248226
3.1993 5.93978 0.0328815
4.04069 41.5864 0.00865255
7.18366 37.6341 0.00512377
8.74761 32.8401 0.0040302
6.42706 37.9338 0.0103125
4.78254 34.6665 0.0134689
4.06948 4.89484 0.0249709
8.81317 26.975 0.00431346
5.32024 17.6335 0.0086665
3.1509 30.3994 0.0709915
1.75099 11.4789 0.468778
2.72211 42.8349 0.0834592
4.84427 26.097 0.0201288
7.0973 19.9086 0.0108128
5.11454 7.44508 0.00518337
2.79885 14.0533 0.0784966
0.658355 32.0877 4.53161
2.04247 11.8858 0.252688
4.35127 1.82634 0.00472998
3.96424 43.1744 0.0258452
2.79114 7.22541 0.0702797
3.30448 37.2728 0.0755128
4.94026 28.3517 0.00548913
6.98607 17.0779 0.00449535
8.3403 19.7838 0.00380929
5.92021 27.3048 0.00514621
5.15022 3.8588 0.00252241
5.38147 21.7922 0.0128001
6.4137 42.7305 0.00349026
7.17881 2.77576 0.00530107
8.02213 32.8447 0.00557292
6.75001 41.1842 0.00906983
5.48966 22.2912 0.0048537
5.23052 3.07387 0.00334443
5.98173 26.1155 0.00490635
5.18833 31.1903 0.0188819
3.40302 37.8371 0.0822734
2.84622 5.78218 0.0639499
3.97489 41.3841 0.0228182
5.96935 33.3723 0.00283506
6.82446 3.34922 0.00309519
4.4562 4.94529 0.0124236
2.12033 10.4717 0.191737
0.602086 28.2949 4.6962
2.71753 14.567 0.0945885
5.08046 11.2016 0.0150396
7.41796 10.0256 0.00733166
4.81246 22.6622 0.0103502
2.78716 41.6527 0.102731
1.7306 9.44489 0.343078
3.05554 30.5072 0.0514973
7.36678 7.30461 0.00473444
9.94524 22.8392 0.00765176
4.5334 27.3109 0.0211503
3.89276 4.16212 0.0246583
4.56185 35.2826 0.00619181
6.21978 2.64349 0.00582557
6.59942 23.4994 0.00403376
9.46685 27.962 0.00531692
6.30488 6.16836 0.00687294
6.58778 34.8699 0.0100364
4.86387 38.5287 0.0105704
3.90525 10.0703 0.0144755
5.5894 14.8535 0.00396933
3.36926 25.885 0.0448782
1.65843 24.2311 0.477062
2.39949 44.5655 0.228377
4.44787 25.3259 0.00413112
5.46455 8.79678 0.00728444
3.13608 14.7467 0.04309
1.01544 41.9202 4.32703
1.77213 18.3383 0.365517
4.03869 5.1294 0.022988
6.19586 29.4007 0.00990621
4.27049 44.7206 0.0212952
3.03715 12.8634 0.0810522
3.23328 31.3143 0.0754336
5.36733 7.27654 0.0082648
5.3945 18.1961 0.00821236
10.8298 29.8955 0.00462971
6.04725 13.4409 0.00386483
6.53559 29.596 0.00899178
4.64144 44.5675 0.0118963
3.42535 16.248 0.0489479
3.75122 22.1058 0.0346048
5.23537 44.3025 0.00963306
3.43879 15.8425 0.0482083
1.36303 44.5489 2.72307
1.82538 39.4234 0.734159
3.9824 19.7187 0.016876
6.51807 4.3999 0.00443535
5.83482 13.3053 0.00825917
3.56136 21.6678 0.0166351
1.59731 36.6717 1.14654
1.78253 37.8031 0.647765
3.85861 13.5631 0.0238662
3.59949 15.3312 0.0564532
3.57102 23.1988 0.0361762
4.86244 39.4781 0.0102864
5.89608 9.32506 0.0103154
7.64755 11.8911 0.00276966
5.00633 8.94483 0.00403901
5.29464 17.338 0.0150168
3.98697 37.8333 0.0114152
2.67427 16.7874 0.0549365
3.09969 30.4813 0.0233705
4.39637 9.10225 0.0294763
10.2307 2.37713 0.00775764
5.50506 1.96515 0.00672046
3.15027 2.72632 0.0262932
0.81805 18.8876 4.6424
1.61921 13.5062 0.564278
4.60218 19.4356 0.0279561
6.78157 10.4964 0.00324535
9.02668 5.09179 0.00226638
8.12107 14.2344 0.0109858
5.87026 20.364 0.0178372
3.77096 33.5018 0.0364008
2.1139 21.5272 0.154096
2.43124 40.4251 0.145694
5.70004 40.4309 0.0102008
7.48576 26.9838 0.00300339
4.20826 10.6457 0.0106031
4.31694 21.4503 0.0154958
7.28849 25.571 0.00327163
6.50625 6.82621 0.00727564
8.08858 21.0815 0.00261244
7.6885 4.03665 0.00697081
11.335 28.1835 0.00653927
9.22179 34.1141 0.013829
5.64451 18.7312 0.00590213
8.13041 19.9973 0.00328238
5.9368 27.5433 0.00476328
3.98093 42.9739 0.045376
2.88669 10.7154 0.0313701
3.46363 31.4491 0.0216045
10.0081 3.78936 0.0053037
2.93926 8.02074 0.0730292
0.757592 44.7166 3.80347
1.92377 19.8734 0.20188
4.74199 15.3322 0.00719796
3.43557 32.1647 0.035284
1.78936 17.5654 0.22036
2.4053 41.1445 0.129079
4.94896 35.9586 0.0094177
3.92051 7.94274 0.00423236
4.17197 25.7647 0.0253185
6.97408 24.6592 0.00559728
6.35064 16.5566 0.00807977
5.9707 17.3484 0.00512208
4.2336 43.7793 0.0184615
3.16272 10.5983 0.0472068
3.75225 28.4362 0.0525201
5.4067 40.3584 0.00743188
7.52545 30.7572 0.00465641
8.65695 21.3143 0.00279443
6.46612 27.8579 0.00727957
3.02333 14.2533 0.0518189
0.985715 35.979 4.28363
2.04145 28.9967 0.272786
6.64766 13.4366 0.0104046
8.97781 12.2191 0.00350381
3.29445 27.1515 0.0629693
1.55935 21.6959 0.666452
2.182 35.1415 0.221496
4.25594 14.2507 0.0104282
5.91578 15.0603 0.00495498
4.71263 38.4834 0.00935169
3.67831 8.97449 0.00987639
3.87419 27.4016 0.011645
8.83411 24.0084 0.00330456
6.81631 33.095 0.00842098
6.00158 5.51805 0.00571833
11.935 29.0782 0.00530217
4.11789 16.6768 0.0260434
4.28395 16.0901 0.0191816
5.55675 39.3321 0.00874317
3.86521 24.0394 0.0267564
1.99387 36.2548 0.452463
2.13919 33.6733 0.176525
4.03535 29.1448 0.0153932
6.30309 21.362 0.0151364
8.59477 17.8289 0.0104353
11.1792 9.54997 0.00249453
3.5995 11.1861 0.0309612
1.35095 29.441 1.23166
1.28247 22.5019 3.04292
3.53994 4.90676 0.0189756
5.86883 0.294279 0.0117271
6.35046 6.4092 0.00377209
3.10383 22.2214 0.0579861
2.9475 23.6743 0.0630592
4.33015 35.4022 0.0137652
6.25706 20.3272 0.00688962
5.37129 12.6594 0.00387954
5.20356 13.1971 0.0148916
6.01462 35.8924 0.0197203
7.419 37.679 0.00616039
8.23274 39.9371 0.00531414
10.3426 34.5769 0.00584033
8.72285 26.3582 0.00288429
5.60982 8.7176 0.00490701
6.61314 28.9671 0.00255961
4.88141 37.4447 0.015549
3.4021 26.1618 0.038764
3.25777 15.0332 0.0509686
4.66742 43.4339 0.00874576
6.26722 6.54835 0.00463184
3.92846 9.63059 0.0236144
1.67512 26.3264 0.640902
1.19141 44.6672 3.89363
3.38514 18.6438 0.0566498
5.6948 13.4886 0.0152057
11.0109 6.4893 0.0092527
8.71533 9.61745 0.00279838
6.4131 13.8136 0.0117121
4.18403 22.3179 0.00666025
2.12563 44.9903 0.325617
1.64344 31.1334 0.554347
3.40967 19.9031 0.0689066
5.61435 9.33476 0.00740192
7.88695 3.675 0.00331949
3.98238 22.1931 0.0155227
3.68869 13.3564 0.0235907
6.34447 29.1243 0.010412
5.98758 8.14754 0.0111724
6.52233 29.469 0.00921133
8.46425 41.9984 0.00544999
3.63205 25.4338 0.0449859
3.46357 13.0957 0.0380238
4.02986 12.6364 0.0308123
1.83402 31.66 0.432039
1.31873 36.6529 3.43381
3.40417 22.413 0.0436174
5.69069 15.7504 0.0241246
4.16196 19.235 0.0199769
2.0262 39.5492 0.469284
1.4307 33.5043 1.10403
3.28645 16.8319 0.0595133
3.81583 24.1917 0.0371569
3.47331 13.1856 0.0244056
4.44308 44.9542 0.0164896
6.033 14.9782 0.0058451
6.32272 29.8664 0.00486569
6.15517 39.5771 0.013457
4.63595 30.736 0.00679639
4.0434 0.338752 0.00475879
3.37729 35.5248 0.0611702
5.53544 23.4332 0.0131705
7.85019 19.1909 0.00449068
4.99937 18.4643 0.00395193
2.8864 34.772 0.0132763
1.70651 0.732703 0.386312
2.76478 6.39926 0.102843
5.082 0.739514 0.0141366
4.7897 8.28009 0.0120478
2.45422 14.8138 0.0832876
0.565986 1.99609 4.97503
3.72488 42.4967 0.0567926
5.56814 24.0622 0.00321511
5.55478 31.4745 0.0085476
3.70068 39.9118 0.0167549
2.77514 0.363013 0.0348785
5.60414 29.3989 0.0122701
5.99154 1.96848 0.00940795
6.64258 22.6454 0.00400676
4.05382 32.2209 0.0152378
3.58066 3.39351 0.0317221
4.51088 34.4573 0.0265415
6.34575 39.3244 0.00555537
8.41616 30.8468 0.00415765
9.32228 7.89303 0.00139718
4.64715 13.8172 0.0238603
2.42572 27.1156 0.124735
1.26857 9.55027 2.50222
2.91236 28.7048 0.075334
5.19439 19.1367 0.0122508
6.97525 9.36389 0.00475525
4.65826 14.2913 0.0215306
2.44584 28.1397 0.181774
1.02918 11.7134 2.46458
2.69659 18.5363 0.121202
4.93665 6.41279 0.0070484
7.2342 1.96326 0.00780223
3.98311 32.7431 0.024229
3.21089 3.70259 0.0305434
3.98216 39.9868 0.0198801
7.40115 10.7584 0.00526324
6.41834 35.5843 0.015796
7.77434 38.1818 0.00244819
5.03531 15.9427 0.0114713
4.69845 37.2221 0.0380053
6.81613 27.1462 0.014551
6.56802 21.6444 0.00382774
4.43627 32.1989 0.014003
2.8182 29.2506 0.0850276
2.72822 20.8034 0.0684043
3.781 8.41336 0.0432846
6.1238 7.74463 0.0211678
8.48939 8.37483 0.00329465
3.75246 1.08225 0.0268382
1.38861 6.85543 1.12014
1.00508 14.9528 3.92449
4.09593 24.0891 0.0196989
4.32615 29.9201 0.0392817
2.48234 33.7847 0.138572
2.19504 26.3174 0.126116
7.03743 30.3442 0.00363872
4.45027 18.0934 0.0118064
4.2461 13.2788 0.00767878
7.63126 29.4414 0.0078825
6.69538 11.8772 0.00466363
12.4064 29.2222 0.00307528
4.6572 15.5337 0.0143708
4.79531 13.5265 0.00992227
5.94418 35.5501 0.00544998
4.16818 30.3944 0.0129408
2.47077 30.2547 0.110742
2.56753 25.8663 0.0976638
4.25989 35.7257 0.00417556
8.70545 21.2088 0.00342658
8.31592 0.47002 0.0031083
3.60122 2.86104 0.0340724
1.25195 7.03715 1.90617
1.11887 1.19608 3.0015
3.46651 3.36535 0.0100114
6.43346 22.1042 0.0215968
4.32823 33.7642 0.0117418
2.68206 27.5406 0.0899089
2.46814 26.9101 0.0508349
4.00781 30.2291 0.0124063
6.03895 16.1467 0.0111516
5.98929 36.8734 0.0145829
4.92202 14.6359 0.0154541
4.71965 13.7435 0.00882675
5.59592 38.1826 0.0117103
6.55523 8.20801 0.00669484
4.15223 20.1096 0.00728542
4.17033 13.0585 0.0123822
5.3567 37.7321 0.00771831
7.24224 38.9897 0.00666703
4.07745 22.1571 0.0265294
2.11512 42.3553 0.270618
1.96702 28.5822 0.361564
3.79328 30.1341 0.0262457
6.73674 13.1777 0.00628474
3.84817 10.9983 0.0294703
1.58887 26.4642 0.947452
1.08543 30.0217 3.75746
3.30318 6.31185 0.0473273
5.62666 0.390616 0.0122996
4.78986 37.9178 0.0292991
3.24376 25.9557 0.0611928
2.90668 18.837 0.0567203
4.17036 38.0129 0.0101938
9.33751 17.3656 0.0061773
7.18558 24.1803 0.00651438
6.51574 35.3965 0.00935511
5.47141 15.0751 0.0190801
5.2031 10.4414 0.0114152
5.92409 33.6465 0.00390338
5.67759 0.0712358 0.00539141
7.70982 37.6278 0.0035753
5.6652 33.7247 0.0249396
3.92405 36.994 0.00827295
3.27235 0.231153 0.0605012
4.14496 34.6186 0.00427614
4.78558 9.97741 0.0117919
2.49685 19.1352 0.135162
0.957187 0.701544 3.82911
2.60046 24.9892 0.0878222
4.914 16.5035 0.00652074
7.23372 13.4989 0.00389982
7.22041 11.1847 0.00572026
4.92453 16.7885 0.00683997
2.75779 31.2953 0.0969315
1.2936 0.451009 1.2391
2.62442 25.9771 0.130903
4.78611 10.2342 0.0134997
7.05777 4.49512 0.0139851
5.94019 37.4454 0.0200875
4.31918 33.0278 0.0362863
3.48208 0.141334 0.0258479
4.08687 35.2985 0.0238083
5.60162 32.8044 0.00580683
7.5503 21.2224 0.00447305
6.41517 21.5629 0.00309265
7.14833 41.2414 0.0116763
6.74908 0.445116 0.0070799
6.37231 41.4442 0.00285287
4.90703 29.419 0.0133577
4.33675 0.662612 0.00798413
5.09969 26.9011 0.0299465
6.65433 44.3494 0.0303552
5.12768 21.1628 0.0350639
3.06839 38.4193 0.0712819
1.97152 1.61106 0.20641
3.18144 43.3487 0.062662
7.14164 2.72738 0.00413113
4.79841 5.10078 0.00707356
2.43391 8.77746 0.133136
0.31042 9.84825 4.86549
2.31386 2.26583 0.150162
4.65023 1.5517 0.0146804
7.00846 4.0778 0.00311082
3.53241 42.9497 0.0304956
2.51898 1.15394 0.0699089
3.2623 44.9069 0.0326003
5.09558 24.1172 0.0112136
7.19463 13.7258 0.00275733
6.76477 44.8921 0.00406634
8.35657 30.7406 0.00412284
9.3339 33.3949 0.00333953
6.36781 42.0522 0.00316141
5.1047 22.0654 0.0147422
4.90517 5.29901 0.0107412
5.75767 28.9871 0.00387934
4.87872 29.011 0.0128685
3.04663 38.9519 0.109309
2.56337 10.1456 0.114366
3.86929 43.8048 0.0331258
5.9485 30.1847 0.00977496
4.26855 0.928767 0.0182438
1.91435 2.18971 0.272294
0.504305 26.8296 4.74858
2.82118 7.85244 0.0738068
5.18779 7.75314 0.00778109
6.9738 18.0212 0.00235311
2.8837 41.4937 0.0438227
2.05472 12.6062 0.199652
3.35053 33.4052 0.0489094
4.93912 22.8017 0.0100017
4.42137 5.87618 0.00673695
6.46438 37.2912 0.00308913
7.87504 40.76 0.00332814
