0.1 14.625 2.88484
0.1 34.875 2.88547
0.3 1.125 2.88734
0.3 3.375 2.84134
0.3 5.625 2.86238
0.3 7.875 2.87379
0.3 10.125 2.83209
0.3 12.375 2.86864
0.3 14.625 2.62721
0.3 16.875 2.82503
0.3 19.125 2.85416
0.3 23.625 2.85502
0.3 25.875 2.87424
0.3 28.125 2.84863
0.3 30.375 2.84894
0.3 32.625 2.8362
0.3 34.875 2.86906
0.3 37.125 2.90144
0.3 39.375 2.84
0.3 41.625 2.85629
0.3 43.875 2.85048
0.5 1.125 2.82821
0.5 3.375 2.60991
0.5 5.625 2.77648
0.5 7.875 2.82827
0.5 10.125 2.80493
0.5 12.375 2.74344
0.5 14.625 2.83107
0.5 16.875 2.83968
0.5 19.125 2.79894
0.5 21.375 2.82082
0.5 23.625 2.82383
0.5 25.875 2.81955
0.5 28.125 2.80646
0.5 30.375 2.80859
0.5 32.625 2.82009
0.5 34.875 2.78815
0.5 37.125 2.84084
0.5 39.375 2.78826
0.5 41.625 2.8215
0.5 43.875 2.80727
0.7 1.125 2.69226
0.7 3.375 2.70052
0.7 5.625 2.671
0.7 7.875 2.64625
0.7 10.125 2.69829
0.7 12.375 2.64025
0.7 14.625 2.67001
0.7 16.875 2.66972
0.7 19.125 2.67571
0.7 21.375 2.69164
0.7 23.625 2.6456
0.7 25.875 2.67082
0.7 28.125 2.66592
0.7 30.375 2.69697
0.7 32.625 2.60548
0.7 34.875 2.67389
0.7 37.125 2.68483
0.7 39.375 2.70139
0.7 41.625 2.71228
0.7 43.875 2.6993
0.9 1.125 2.39204
0.9 3.375 2.38511
0.9 5.625 2.45999
0.9 7.875 2.36881
0.9 10.125 2.38009
0.9 12.375 2.39285
0.9 14.625 2.40339
0.9 16.875 2.44483
0.9 19.125 2.4547
0.9 21.375 2.47009
0.9 23.625 2.39901
0.9 25.875 2.48074
0.9 28.125 2.49725
0.9 30.375 2.50161
0.9 32.625 2.57232
0.9 34.875 2.55299
0.9 37.125 2.55305
0.9 39.375 2.56422
0.9 41.625 2.57639
0.9 43.875 2.54536
1.1 1.125 1.89333
1.1 3.375 2.02446
1.1 5.625 1.83199
1.1 7.875 1.84121
1.1 10.125 1.83592
1.1 12.375 1.92947
1.1 14.625 1.81721
1.1 16.875 1.91744
1.1 19.125 2.08136
1.1 21.375 2.02244
1.1 23.625 2.12574
1.1 25.875 2.10815
1.1 28.125 2.13275
1.1 30.375 2.15763
1.1 32.625 2.23417
1.1 34.875 2.28111
1.1 37.125 2.24896
1.1 39.375 2.29305
1.1 41.625 2.28359
1.1 43.875 2.37926
1.3 1.125 1.02043
1.3 3.375 1.04098
1.3 5.625 1.13226
1.3 7.875 1.17197
1.3 10.125 1.14321
1.3 12.375 1.19428
1.3 14.625 1.14064
1.3 16.875 1.23731
1.3 19.125 1.36088
1.3 21.375 1.32986
1.3 23.625 1.37879
1.3 25.875 1.54857
1.3 28.125 1.55811
1.3 30.375 1.56055
1.3 32.625 1.66261
1.3 34.875 1.75679
1.3 37.125 1.86671
1.3 39.375 1.97095
1.3 41.625 1.85567
1.3 43.875 1.94059
1.5 1.125 0.598024
1.5 3.375 0.603294
1.5 5.625 0.618879
1.5 7.875 0.57554
1.5 10.125 0.555344
1.5 12.375 0.587715
1.5 14.625 0.694188
1.5 16.875 0.636085
1.5 19.125 0.730004
1.5 21.375 0.709772
1.5 23.625 0.728853
1.5 25.875 0.948209
1.5 28.125 0.799659
1.5 30.375 0.983392
1.5 32.625 1.00067
1.5 34.875 1.0247
1.5 37.125 1.16638
1.5 39.375 1.23109
1.5 41.625 1.27724
1.5 43.875 1.36333
1.7 1.125 0.300948
1.7 3.375 0.327534
1.7 5.625 0.32337
1.7 7.875 0.336687
1.7 10.125 0.348658
1.7 12.375 0.32425
1.7 14.625 0.347163
1.7 16.875 0.369079
1.7 19.125 0.359755
1.7 21.375 0.355872
1.7 23.625 0.434936
1.7 25.875 0.426475
1.7 28.125 0.417538
1.7 30.375 0.488833
1.7 32.625 0.564343
1.7 34.875 0.545854
1.7 37.125 0.622894
1.7 39.375 0.629707
1.7 41.625 0.669069
1.7 43.875 0.789041
1.9 1.125 0.187976
1.9 3.375 0.183209
1.9 5.625 0.181758
1.9 7.875 0.208396
1.9 10.125 0.196089
1.9 12.375 0.213639
1.9 14.625 0.22251
1.9 16.875 0.230189
1.9 19.125 0.227255
1.9 21.375 0.216355
1.9 23.625 0.232098
1.9 25.875 0.24838
1.9 28.125 0.250998
1.9 30.375 0.255803
1.9 32.625 0.290113
1.9 34.875 0.310584
1.9 37.125 0.353109
1.9 39.375 0.363713
1.9 41.625 0.381021
1.9 43.875 0.406188
2.1 1.125 0.133639
2.1 3.375 0.129335
2.1 5.625 0.130656
2.1 7.875 0.138837
2.1 10.125 0.135939
2.1 12.375 0.138657
2.1 14.625 0.14555
2.1 16.875 0.139327
2.1 19.125 0.144892
2.1 21.375 0.138693
2.1 23.625 0.154001
2.1 25.875 0.156596
2.1 28.125 0.172043
2.1 30.375 0.177706
2.1 32.625 0.180441
2.1 34.875 0.205454
2.1 37.125 0.204591
2.1 39.375 0.245538
2.1 41.625 0.22488
2.1 43.875 0.21815
2.3 1.125 0.0883725
2.3 3.375 0.0931705
2.3 5.625 0.0968024
2.3 7.875 0.0914601
2.3 10.125 0.0891429
2.3 12.375 0.0918443
2.3 14.625 0.0944596
2.3 16.875 0.101761
2.3 19.125 0.0952156
2.3 21.375 0.104391
2.3 23.625 0.103943
2.3 25.875 0.107428
2.3 28.125 0.114008
2.3 30.375 0.124151
2.3 32.625 0.124163
2.3 34.875 0.135572
2.3 37.125 0.136542
2.3 39.375 0.142974
2.3 41.625 0.137706
2.3 43.875 0.144386
2.5 1.125 0.0697916
2.5 3.375 0.0702537
2.5 5.625 0.0711363
2.5 7.875 0.0645463
2.5 10.125 0.0713733
2.5 12.375 0.0663799
2.5 14.625 0.0649185
2.5 16.875 0.0677901
2.5 19.125 0.0684797
2.5 21.375 0.0740167
2.5 23.625 0.0705874
2.5 25.875 0.0834024
2.5 28.125 0.088378
2.5 30.375 0.085926
2.5 32.625 0.0905462
2.5 34.875 0.0921885
2.5 37.125 0.0957999
2.5 39.375 0.0952532
2.5 41.625 0.0954574
2.5 43.875 0.0953498
2.7 1.125 0.0553401
2.7 3.375 0.0523017
2.7 5.625 0.0512922
2.7 7.875 0.0555971
2.7 10.125 0.0540771
2.7 12.375 0.0552793
2.7 14.625 0.0539714
2.7 16.875 0.0512092
2.7 19.125 0.0558298
2.7 21.375 0.0559031
2.7 23.625 0.0559981
2.7 25.875 0.0566793
2.7 28.125 0.059863
2.7 30.375 0.0670733
2.7 32.625 0.0724329
2.7 34.875 0.0647755
2.7 37.125 0.0650614
2.7 39.375 0.0666915
2.7 41.625 0.0670079
2.7 43.875 0.0595224
2.9 1.125 0.0396391
2.9 3.375 0.0408814
2.9 5.625 0.040517
2.9 7.875 0.0414005
2.9 10.125 0.0437854
2.9 12.375 0.0407897
2.9 14.625 0.0427482
2.9 16.875 0.0443225
2.9 19.125 0.0418846
2.9 21.375 0.0432776
2.9 23.625 0.0442959
2.9 25.875 0.0484441
2.9 28.125 0.0519429
2.9 30.375 0.050047
2.9 32.625 0.0476067
2.9 34.875 0.0498939
2.9 37.125 0.0492005
2.9 39.375 0.0481939
2.9 41.625 0.0459319
2.9 43.875 0.0479023
3.1 1.125 0.0322285
3.1 3.375 0.0337651
3.1 5.625 0.0345123
3.1 7.875 0.0330881
3.1 10.125 0.0302601
3.1 12.375 0.0360626
3.1 14.625 0.0330451
3.1 16.875 0.0349791
3.1 19.125 0.0367205
3.1 21.375 0.0364156
3.1 23.625 0.0362208
3.1 25.875 0.0395216
3.1 28.125 0.0422075
3.1 30.375 0.0391732
3.1 32.625 0.0399211
3.1 34.875 0.0366494
3.1 37.125 0.0404648
3.1 39.375 0.0392363
3.1 41.625 0.0348903
3.1 43.875 0.0384004
3.3 1.125 0.0261129
3.3 3.375 0.0269299
3.3 5.625 0.0284221
3.3 7.875 0.0270378
3.3 10.125 0.0273763
3.3 12.375 0.0296455
3.3 14.625 0.0276963
3.3 16.875 0.0314907
3.3 19.125 0.0282175
3.3 21.375 0.0291547
3.3 23.625 0.0312068
3.3 25.875 0.0326205
3.3 28.125 0.033288
3.3 30.375 0.0326543
3.3 32.625 0.0308561
3.3 34.875 0.0306604
3.3 37.125 0.0320437
3.3 39.375 0.0311503
3.3 41.625 0.0330922
3.3 43.875 0.0306053
3.5 1.125 0.0242178
3.5 3.375 0.023302
3.5 5.625 0.0242869
3.5 7.875 0.0247621
3.5 10.125 0.0226758
3.5 12.375 0.0240644
3.5 14.625 0.0240157
3.5 16.875 0.0236967
3.5 19.125 0.0213509
3.5 21.375 0.0242758
3.5 23.625 0.0258593
3.5 25.875 0.0248084
3.5 28.125 0.0278538
3.5 30.375 0.0252526
3.5 32.625 0.0260885
3.5 34.875 0.0261556
3.5 37.125 0.0273768
3.5 39.375 0.0257636
3.5 41.625 0.025538
3.5 43.875 0.0260633
3.7 1.125 0.0214642
3.7 3.375 0.0200015
3.7 5.625 0.0197321
3.7 7.875 0.0200748
3.7 10.125 0.0214896
3.7 12.375 0.0210492
3.7 14.625 0.0195546
3.7 16.875 0.0207252
3.7 19.125 0.0198483
3.7 21.375 0.0206567
3.7 23.625 0.0194786
3.7 25.875 0.0233594
3.7 28.125 0.0210441
3.7 30.375 0.0234033
3.7 32.625 0.021293
3.7 34.875 0.0225855
3.7 37.125 0.0203104
3.7 39.375 0.0215836
3.7 41.625 0.0212491
3.7 43.875 0.0214855
3.9 1.125 0.0157515
3.9 3.375 0.0184299
3.9 5.625 0.0186839
3.9 7.875 0.0176846
3.9 10.125 0.0171933
3.9 12.375 0.0168432
3.9 14.625 0.0188862
3.9 16.875 0.0158675
3.9 19.125 0.0191722
3.9 21.375 0.0176713
3.9 23.625 0.0193069
3.9 25.875 0.0191622
3.9 28.125 0.0179856
3.9 30.375 0.0170718
3.9 32.625 0.0204176
3.9 34.875 0.0198297
3.9 37.125 0.0179304
3.9 39.375 0.0199226
3.9 41.625 0.0185393
3.9 43.875 0.0194884
4.1 1.125 0.0160226
4.1 3.375 0.0151992
4.1 5.625 0.0162212
4.1 7.875 0.0151135
4.1 10.125 0.01395
4.1 12.375 0.0138379
4.1 14.625 0.0148308
4.1 16.875 0.0165204
4.1 19.125 0.016144
4.1 21.375 0.0159131
4.1 23.625 0.0182859
4.1 25.875 0.0176299
4.1 28.125 0.0166468
4.1 30.375 0.0179334
4.1 32.625 0.0174747
4.1 34.875 0.0160677
4.1 37.125 0.016252
4.1 39.375 0.01552
4.1 41.625 0.0167006
4.1 43.875 0.0158386
4.3 1.125 0.0126429
4.3 3.375 0.0146966
4.3 5.625 0.013011
4.3 7.875 0.0131062
4.3 10.125 0.0130301
4.3 12.375 0.0136134
4.3 14.625 0.013582
4.3 16.875 0.0134731
4.3 19.125 0.0135078
4.3 21.375 0.0150664
4.3 23.625 0.0154598
4.3 25.875 0.0140222
4.3 28.125 0.0135294
4.3 30.375 0.0136796
4.3 32.625 0.0153926
4.3 34.875 0.0143223
4.3 37.125 0.0124321
4.3 39.375 0.0146348
4.3 41.625 0.013682
4.3 43.875 0.013472
4.5 1.125 0.0125552
4.5 3.375 0.0116178
4.5 5.625 0.0122101
4.5 7.875 0.0116102
4.5 10.125 0.0128977
4.5 12.375 0.012279
4.5 14.625 0.0134613
4.5 16.875 0.0121088
4.5 19.125 0.0119526
4.5 21.375 0.0120431
4.5 23.625 0.0126519
4.5 25.875 0.0129943
4.5 28.125 0.01357
4.5 30.375 0.0123199
4.5 32.625 0.01364
4.5 34.875 0.0128457
4.5 37.125 0.0119692
4.5 39.375 0.0121699
4.5 41.625 0.0114282
4.5 43.875 0.0126618
4.7 1.125 0.00997846
4.7 3.375 0.0108289
4.7 5.625 0.0118497
4.7 7.875 0.0106209
4.7 10.125 0.00990563
4.7 12.375 0.0115975
4.7 14.625 0.012433
4.7 16.875 0.0111767
4.7 19.125 0.0112611
4.7 21.375 0.0122562
4.7 23.625 0.0116727
4.7 25.875 0.0111422
4.7 28.125 0.0108646
4.7 30.375 0.0107099
4.7 32.625 0.0115203
4.7 34.875 0.011556
4.7 37.125 0.0121711
4.7 39.375 0.0115969
4.7 41.625 0.010816
4.7 43.875 0.0098836
4.9 1.125 0.0101958
4.9 3.375 0.00945808
4.9 5.625 0.00963154
4.9 7.875 0.0091366
4.9 10.125 0.00958463
4.9 12.375 0.0101474
4.9 14.625 0.00985408
4.9 16.875 0.0101135
4.9 19.125 0.0104965
4.9 21.375 0.0108535
4.9 23.625 0.0102312
4.9 25.875 0.00946299
4.9 28.125 0.0101634
4.9 30.375 0.0110727
4.9 32.625 0.0104039
4.9 34.875 0.0111758
4.9 37.125 0.00977977
4.9 39.375 0.00940101
4.9 41.625 0.00956065
4.9 43.875 0.0104586
5.1 1.125 0.00951182
5.1 3.375 0.00910592
5.1 5.625 0.00950182
5.1 7.875 0.00875687
5.1 10.125 0.00861715
5.1 12.375 0.00973753
5.1 14.625 0.00916006
5.1 16.875 0.00928824
5.1 19.125 0.00958371
5.1 21.375 0.00975225
5.1 23.625 0.00967137
5.1 25.875 0.00995042
5.1 28.125 0.00971485
5.1 30.375 0.0094394
5.1 32.625 0.00880333
5.1 34.875 0.00922738
5.1 37.125 0.00978852
5.1 39.375 0.00899549
5.1 41.625 0.00964803
5.1 43.875 0.00875026
5.3 1.125 0.00781194
5.3 3.375 0.00850684
5.3 5.625 0.00740439
5.3 7.875 0.00930525
5.3 10.125 0.00838136
5.3 12.375 0.00888532
5.3 14.625 0.00948574
5.3 16.875 0.00940672
5.3 19.125 0.00971883
5.3 21.375 0.00865292
5.3 23.625 0.00918743
5.3 25.875 0.0083519
5.3 28.125 0.00895442
5.3 30.375 0.00922589
5.3 32.625 0.00957912
5.3 34.875 0.00882768
5.3 37.125 0.00800577
5.3 39.375 0.00939079
5.3 41.625 0.00833325
5.3 43.875 0.00959057
5.5 1.125 0.00789351
5.5 3.375 0.00782685
5.5 5.625 0.00839148
5.5 7.875 0.00810656
5.5 10.125 0.00774879
5.5 12.375 0.0080789
5.5 14.625 0.0072668
5.5 16.875 0.0085355
5.5 19.125 0.00877658
5.5 21.375 0.0079539
5.5 23.625 0.00802535
5.5 25.875 0.00822074
5.5 28.125 0.00863609
5.5 30.375 0.00792323
5.5 32.625 0.00865326
5.5 34.875 0.00777919
5.5 37.125 0.00761371
5.5 39.375 0.00803641
5.5 41.625 0.00848513
5.5 43.875 0.00771157
5.7 1.125 0.00790134
5.7 3.375 0.00762445
5.7 5.625 0.00732668
5.7 7.875 0.00693798
5.7 10.125 0.00791992
5.7 12.375 0.00744036
5.7 14.625 0.00773197
5.7 16.875 0.00805889
5.7 19.125 0.00831868
5.7 21.375 0.00828544
5.7 23.625 0.00690052
5.7 25.875 0.00761903
5.7 28.125 0.00798585
5.7 30.375 0.00843131
5.7 32.625 0.00833624
5.7 34.875 0.00791141
5.7 37.125 0.00744806
5.7 39.375 0.0072444
5.7 41.625 0.00838868
5.7 43.875 0.006949
5.9 1.125 0.00710183
5.9 3.375 0.00638044
5.9 5.625 0.00678674
5.9 7.875 0.00734269
5.9 10.125 0.0070773
5.9 12.375 0.00719921
5.9 14.625 0.00826383
5.9 16.875 0.00703799
5.9 19.125 0.00700582
5.9 21.375 0.00707828
5.9 23.625 0.00736378
5.9 25.875 0.00755703
5.9 28.125 0.00703345
5.9 30.375 0.00713244
5.9 32.625 0.00714536
5.9 34.875 0.00673051
5.9 37.125 0.0070652
5.9 39.375 0.00807367
5.9 41.625 0.00907561
5.9 43.875 0.00641272
6.1 1.125 0.00656743
6.1 3.375 0.00629047
6.1 5.625 0.00635875
6.1 7.875 0.00590527
6.1 10.125 0.00706912
6.1 12.375 0.00797773
6.1 14.625 0.00726309
6.1 16.875 0.00692735
6.1 19.125 0.00715773
6.1 21.375 0.00719429
6.1 23.625 0.00793989
6.1 25.875 0.00640714
6.1 28.125 0.00732551
6.1 30.375 0.0065317
6.1 32.625 0.0066919
6.1 34.875 0.00689382
6.1 37.125 0.0066014
6.1 39.375 0.00683895
6.1 41.625 0.00699333
6.1 43.875 0.0075155
6.3 1.125 0.00702223
6.3 3.375 0.00715237
6.3 5.625 0.00643328
6.3 7.875 0.00686976
6.3 10.125 0.00730112
6.3 12.375 0.00880189
6.3 14.625 0.00686831
6.3 16.875 0.00693208
6.3 19.125 0.00675725
6.3 21.375 0.00699068
6.3 23.625 0.00653941
6.3 25.875 0.00806378
6.3 28.125 0.00630404
6.3 30.375 0.00696834
6.3 32.625 0.00725977
6.3 34.875 0.00636559
6.3 37.125 0.00633401
6.3 39.375 0.00715113
6.3 41.625 0.00637716
6.3 43.875 0.00702736
6.5 1.125 0.00571146
6.5 3.375 0.00597526
6.5 5.625 0.00605422
6.5 7.875 0.00633868
6.5 10.125 0.00652716
6.5 12.375 0.00689316
6.5 14.625 0.00691867
6.5 16.875 0.00661829
6.5 19.125 0.00674596
6.5 21.375 0.00670135
6.5 23.625 0.00662586
6.5 25.875 0.00773415
6.5 28.125 0.00619398
6.5 30.375 0.00620523
6.5 32.625 0.00629678
6.5 34.875 0.00725115
6.5 37.125 0.00610884
6.5 39.375 0.00611675
6.5 41.625 0.00652582
6.5 43.875 0.00664565
6.7 1.125 0.00593932
6.7 3.375 0.00637799
6.7 5.625 0.00651592
6.7 7.875 0.00674654
6.7 10.125 0.00617674
6.7 12.375 0.00596719
6.7 14.625 0.00609548
6.7 16.875 0.00576608
6.7 19.125 0.00684876
6.7 21.375 0.00664706
6.7 23.625 0.00554587
6.7 25.875 0.00811259
6.7 28.125 0.0057015
6.7 30.375 0.00607032
6.7 32.625 0.00654829
6.7 34.875 0.00700247
6.7 37.125 0.005983
6.7 39.375 0.00647619
6.7 41.625 0.00708948
6.7 43.875 0.00629203
6.9 1.125 0.0060772
6.9 3.375 0.005234
6.9 5.625 0.00647469
6.9 7.875 0.00561645
6.9 10.125 0.00618959
6.9 12.375 0.00631768
6.9 14.625 0.00654795
6.9 16.875 0.00606519
6.9 19.125 0.00707711
6.9 21.375 0.0068724
6.9 23.625 0.00620975
6.9 25.875 0.00577133
6.9 28.125 0.00523202
6.9 30.375 0.00621385
6.9 32.625 0.00636375
6.9 34.875 0.00573476
6.9 37.125 0.00639941
6.9 39.375 0.00635686
6.9 41.625 0.00618631
6.9 43.875 0.00636032
7.1 1.125 0.0051733
7.1 3.375 0.00577267
7.1 5.625 0.00589221
7.1 7.875 0.00683288
7.1 10.125 0.0063936
7.1 12.375 0.00581619
7.1 14.625 0.00591154
7.1 16.875 0.00639843
7.1 19.125 0.00587257
7.1 21.375 0.00562328
7.1 23.625 0.00655702
7.1 25.875 0.00649885
7.1 28.125 0.00573943
7.1 30.375 0.00554063
7.1 32.625 0.00525839
7.1 34.875 0.00711083
7.1 37.125 0.00621438
7.1 39.375 0.00607464
7.1 41.625 0.00629135
7.1 43.875 0.00697266
7.3 1.125 0.0048106
7.3 3.375 0.0072599
7.3 5.625 0.00599682
7.3 7.875 0.00594411
7.3 10.125 0.00540778
7.3 12.375 0.0056966
7.3 14.625 0.00623275
7.3 16.875 0.00503213
7.3 19.125 0.00612665
7.3 21.375 0.00584147
7.3 23.625 0.00659454
7.3 25.875 0.00549354
7.3 28.125 0.00609294
7.3 30.375 0.00505078
7.3 32.625 0.0068548
7.3 34.875 0.00688012
7.3 37.125 0.00592778
7.3 39.375 0.00627437
7.3 41.625 0.00556588
7.3 43.875 0.00624401
7.5 1.125 0.00582081
7.5 3.375 0.00557623
7.5 5.625 0.00498932
7.5 7.875 0.00448653
7.5 10.125 0.006489
7.5 12.375 0.0051071
7.5 14.625 0.00567682
7.5 16.875 0.00558129
7.5 19.125 0.00563568
7.5 21.375 0.00547023
7.5 23.625 0.00556205
7.5 25.875 0.00588234
7.5 28.125 0.00536381
7.5 30.375 0.00603479
7.5 32.625 0.00614983
7.5 34.875 0.00577742
7.5 37.125 0.00563318
7.5 39.375 0.00676401
7.5 41.625 0.0057602
7.5 43.875 0.0600534
7.7 1.125 0.00619003
7.7 3.375 0.00502277
7.7 5.625 0.0045063
7.7 7.875 0.00546873
7.7 10.125 0.00672393
7.7 12.375 0.0047613
7.7 14.625 0.0048662
7.7 16.875 0.00630669
7.7 19.125 0.00548961
7.7 21.375 0.00543351
7.7 23.625 0.00616523
7.7 25.875 0.00564475
7.7 28.125 0.00506505
7.7 30.375 0.00532899
7.7 32.625 0.00502204
7.7 34.875 0.0054995
7.7 37.125 0.00507913
7.7 39.375 0.00592618
7.7 41.625 0.00642436
7.7 43.875 0.00552835
7.9 1.125 0.004973
7.9 3.375 0.0058834
7.9 5.625 0.00617869
7.9 7.875 0.00502543
7.9 10.125 0.00549078
7.9 12.375 0.0054994
7.9 14.625 0.00596731
7.9 16.875 0.00592979
7.9 19.125 0.00528969
7.9 21.375 0.00547974
7.9 23.625 0.00554136
7.9 25.875 0.00611909
7.9 28.125 0.00568605
7.9 30.375 0.00739062
7.9 32.625 0.00527603
7.9 34.875 0.0055282
7.9 37.125 0.0051681
7.9 39.375 0.00595391
7.9 41.625 0.00541696
7.9 43.875 0.00563545
8.1 1.125 0.00599799
8.1 3.375 0.00497888
8.1 5.625 0.00537733
8.1 7.875 0.0797804
8.1 10.125 0.00586592
8.1 12.375 0.00488389
8.1 14.625 0.00560394
8.1 16.875 0.0056718
8.1 19.125 0.00450948
8.1 21.375 0.00505211
8.1 23.625 0.00643799
8.1 25.875 0.00593142
8.1 28.125 0.00587236
8.1 30.375 0.00504257
8.1 32.625 0.00538813
8.1 34.875 0.00524688
8.1 37.125 0.00547654
8.1 39.375 0.00625461
8.1 41.625 0.00574171
8.1 43.875 0.00503597
8.3 1.125 0.00532882
8.3 3.375 0.00457201
8.3 5.625 0.00489677
8.3 7.875 0.0053106
8.3 10.125 0.00599365
8.3 12.375 0.00491605
8.3 14.625 0.0055365
8.3 16.875 0.00526015
8.3 19.125 0.00696661
8.3 21.375 0.00574657
8.3 23.625 0.00519299
8.3 25.875 0.00478618
8.3 28.125 0.00549705
8.3 30.375 0.00492496
8.3 32.625 0.00663539
8.3 34.875 0.00588152
8.3 37.125 0.00520281
8.3 39.375 0.00548342
8.3 41.625 0.0058484
8.3 43.875 0.00664771
8.5 1.125 0.00496851
8.5 3.375 0.00583522
8.5 5.625 0.00566239
8.5 7.875 0.00666363
8.5 10.125 0.0050667
8.5 12.375 0.0058152
8.5 14.625 0.00573566
8.5 16.875 0.0052887
8.5 19.125 0.00577098
8.5 21.375 0.00580712
8.5 23.625 0.00546141
8.5 25.875 0.00454262
8.5 28.125 0.0048061
8.5 30.375 0.00466979
8.5 32.625 0.00464127
8.5 34.875 0.00611631
8.5 37.125 0.00519934
8.5 39.375 0.00621892
8.5 41.625 0.00760994
8.5 43.875 0.00484567
8.7 1.125 0.00595635
8.7 3.375 0.00453009
8.7 5.625 0.00574077
8.7 7.875 0.00613617
8.7 10.125 0.0054339
8.7 12.375 0.00638836
8.7 14.625 0.0045124
8.7 16.875 0.00582569
8.7 19.125 0.00501968
8.7 21.375 0.00599371
8.7 23.625 0.0170363
8.7 25.875 0.00526212
8.7 28.125 0.00538037
8.7 30.375 0.00619771
8.7 32.625 0.00431936
8.7 34.875 0.00511083
8.7 37.125 0.00516347
8.7 39.375 0.00429218
8.7 41.625 0.00669577
8.7 43.875 0.00643579
8.9 1.125 0.00514613
8.9 3.375 0.00497133
8.9 5.625 0.00518302
8.9 7.875 0.0056106
8.9 10.125 0.0055622
8.9 12.375 0.00507359
8.9 14.625 0.00539386
8.9 16.875 0.00538439
8.9 19.125 0.00597132
8.9 21.375 0.00541993
8.9 23.625 0.00421692
8.9 25.875 0.00546299
8.9 28.125 0.00700169
8.9 30.375 0.00542541
8.9 32.625 0.00464749
8.9 34.875 0.00494583
8.9 37.125 0.0046953
8.9 39.375 0.00531358
8.9 41.625 0.00546362
8.9 43.875 0.00557858
9.1 1.125 0.00456566
9.1 3.375 0.00517383
9.1 5.625 0.00410252
9.1 7.875 0.00503531
9.1 10.125 0.00529694
9.1 12.375 0.00579327
9.1 14.625 0.00474042
9.1 16.875 0.00562968
9.1 19.125 0.00569088
9.1 21.375 0.00573884
9.1 23.625 0.00635714
9.1 25.875 0.00567349
9.1 28.125 0.00509272
9.1 30.375 0.00655146
9.1 32.625 0.00513492
9.1 34.875 0.0184183
9.1 37.125 0.00522776
9.1 39.375 0.00534621
9.1 41.625 0.00557842
9.1 43.875 0.00584382
9.3 1.125 0.00511088
9.3 3.375 0.00428162
9.3 5.625 0.00562974
9.3 7.875 0.00546991
9.3 10.125 0.00457449
9.3 12.375 0.00560692
9.3 14.625 0.00593216
9.3 16.875 0.00541295
9.3 19.125 0.0055782
9.3 21.375 0.00496233
9.3 23.625 0.00430672
9.3 25.875 0.00553419
9.3 28.125 0.00487134
9.3 30.375 0.00440192
9.3 32.625 0.00616309
9.3 34.875 0.00438435
9.3 37.125 0.00627139
9.3 39.375 0.00483285
9.3 41.625 0.00446146
9.3 43.875 0.00476074
9.5 1.125 0.0064355
9.5 3.375 0.00345736
9.5 5.625 0.00604191
9.5 7.875 0.00483008
9.5 10.125 0.00481259
9.5 12.375 0.00507959
9.5 14.625 0.00517185
9.5 16.875 0.00503807
9.5 19.125 0.00554263
9.5 21.375 0.00532352
9.5 23.625 0.00515288
9.5 25.875 0.00513531
9.5 28.125 0.0047544
9.5 30.375 0.00470972
9.5 32.625 0.0145773
9.5 34.875 0.00575956
9.5 37.125 0.00658036
9.5 39.375 0.00516894
9.5 41.625 0.0039902
9.5 43.875 0.00493373
9.7 1.125 0.0055348
9.7 3.375 0.00698135
9.7 5.625 0.00484415
9.7 7.875 0.00513942
9.7 10.125 0.00543667
9.7 12.375 0.00408398
9.7 14.625 0.00523924
9.7 16.875 0.00427212
9.7 19.125 0.00573022
9.7 21.375 0.00423191
9.7 23.625 0.00362303
9.7 25.875 0.00491611
9.7 28.125 0.00473065
9.7 30.375 0.00376825
9.7 32.625 0.00605769
9.7 34.875 0.00482334
9.7 37.125 0.00709372
9.7 39.375 0.00475572
9.7 41.625 0.00685938
9.7 43.875 0.00549154
9.9 1.125 0.00732859
9.9 3.375 0.00392594
9.9 5.625 0.00559103
9.9 7.875 0.00471069
9.9 10.125 0.00525231
9.9 12.375 0.00455117
9.9 14.625 0.00594426
9.9 16.875 0.00465412
9.9 19.125 0.00593727
9.9 21.375 0.00477758
9.9 23.625 0.0057875
9.9 25.875 0.00442573
9.9 28.125 0.00570435
9.9 30.375 0.00522319
9.9 32.625 0.00440469
9.9 34.875 0.00384319
9.9 37.125 0.00411789
9.9 39.375 0.00560104
9.9 41.625 0.00471435
9.9 43.875 0.00437152
10.1 1.125 0.00480819
10.1 3.375 0.00444537
10.1 5.625 0.00418303
10.1 7.875 0.00465675
10.1 10.125 0.00446521
10.1 12.375 0.00532959
10.1 14.625 0.00567938
10.1 16.875 0.00474999
10.1 19.125 0.00440794
10.1 21.375 0.0052371
10.1 23.625 0.00457651
10.1 25.875 0.00563306
10.1 28.125 0.00479801
10.1 30.375 0.00577547
10.1 32.625 0.00469941
10.1 34.875 0.00622156
10.1 37.125 0.00531139
10.1 39.375 0.00510839
10.1 41.625 0.00434939
10.1 43.875 0.00427944
10.3 1.125 0.00469001
10.3 3.375 0.00432534
10.3 5.625 0.00842956
10.3 7.875 0.00701343
10.3 10.125 0.00394878
10.3 12.375 0.00440981
10.3 14.625 0.00446579
10.3 16.875 0.0044795
10.3 19.125 0.00414288
10.3 21.375 0.00396368
10.3 23.625 0.0031568
10.3 25.875 0.0060084
10.3 30.375 0.00443457
10.3 32.625 0.00413091
10.3 34.875 0.00452033
10.3 37.125 0.00592797
10.3 39.375 0.00427687
10.3 41.625 0.00844221
10.3 43.875 0.00458699
10.5 1.125 0.00564338
10.5 3.375 0.00542553
10.5 5.625 0.00592869
10.5 7.875 0.00456128
10.5 10.125 0.00527221
10.5 12.375 0.00770021
10.5 14.625 0.00440185
10.5 16.875 0.00516255
10.5 19.125 0.00443736
10.5 21.375 0.00404019
10.5 23.625 0.00428404
10.5 25.875 0.00603741
10.5 28.125 0.00562377
10.5 30.375 0.00454621
10.5 32.625 0.00615277
10.5 34.875 0.00504789
10.5 37.125 0.00437737
10.5 39.375 0.00397638
10.5 41.625 0.00520891
10.5 43.875 0.00442035
10.7 1.125 0.00567581
10.7 3.375 0.00356519
10.7 5.625 0.00552658
10.7 7.875 0.00509699
10.7 10.125 0.00574372
10.7 12.375 0.00438835
10.7 14.625 0.00573462
10.7 16.875 0.00683777
10.7 19.125 0.00687482
10.7 21.375 0.00600322
10.7 23.625 0.00480238
10.7 25.875 0.00529507
10.7 28.125 0.00613429
10.7 30.375 0.00452449
10.7 32.625 0.00536569
10.7 34.875 0.00463606
10.7 37.125 0.00417027
10.7 39.375 0.00492217
10.7 41.625 0.0134695
10.7 43.875 0.00472238
10.9 1.125 0.00573243
10.9 3.375 0.00427321
10.9 10.125 0.00408454
10.9 12.375 0.00432445
10.9 14.625 0.00555188
10.9 16.875 0.00596702
10.9 19.125 0.00463457
10.9 21.375 0.00412501
10.9 23.625 0.00441853
10.9 25.875 0.00446545
10.9 28.125 0.00609345
10.9 30.375 0.00482788
10.9 32.625 0.00513906
10.9 34.875 0.00487474
10.9 37.125 0.00485877
10.9 39.375 0.0052038
10.9 41.625 0.00475852
10.9 43.875 0.00453193
11.1 1.125 0.00523553
11.1 3.375 0.00488233
11.1 5.625 0.00458768
11.1 7.875 0.00445665
11.1 14.625 0.00414535
11.1 16.875 0.00493682
11.1 19.125 0.00508951
11.1 21.375 0.00603795
11.1 23.625 0.00523992
11.1 25.875 0.00432816
11.1 28.125 0.00475075
11.1 30.375 0.00970132
11.1 32.625 0.00558362
11.1 34.875 0.00393541
11.1 37.125 0.00397896
11.1 39.375 0.00376569
11.1 41.625 0.00641678
11.1 43.875 0.00558165
11.3 1.125 0.0042834
11.3 3.375 0.00520354
11.3 5.625 0.00486585
11.3 7.875 0.00508264
11.3 10.125 0.00644298
11.3 14.625 0.00435925
11.3 16.875 0.00345448
11.3 19.125 0.00442222
11.3 21.375 0.00680132
11.3 23.625 0.00702554
11.3 25.875 0.00438398
11.3 28.125 0.00510791
11.3 30.375 0.00854646
11.3 32.625 0.00547428
11.3 34.875 0.00834016
11.3 39.375 0.00439153
11.3 41.625 0.00459898
11.3 43.875 0.00453652
11.5 3.375 0.00419638
11.5 7.875 0.0051736
11.5 10.125 0.00427121
11.5 12.375 0.00560661
11.5 21.375 0.00401436
11.5 23.625 0.00385281
11.5 25.875 0.00509279
11.5 28.125 0.00618063
11.5 30.375 0.00614111
11.5 32.625 0.00414137
11.5 34.875 0.00745382
11.5 41.625 0.00458668
11.5 43.875 0.00386051
11.7 1.125 0.0041285
11.7 3.375 0.00419161
11.7 5.625 0.00603806
11.7 10.125 0.00392915
11.7 14.625 0.00601541
11.7 19.125 0.00490858
11.7 25.875 0.00610404
11.7 28.125 0.00450766
11.7 30.375 0.0072425
11.7 32.625 0.00678478
11.7 37.125 0.00730488
11.7 39.375 0.00388801
11.7 41.625 0.00494489
11.9 3.375 0.00334164
11.9 5.625 0.00360417
11.9 7.875 0.00619409
11.9 10.125 0.00441783
11.9 14.625 0.00449143
11.9 16.875 0.00481663
11.9 19.125 0.0065805
11.9 21.375 0.00449302
11.9 25.875 0.00384637
11.9 28.125 0.00726765
11.9 32.625 0.00441806
11.9 34.875 0.00883773
11.9 39.375 0.00762901
11.9 41.625 0.0049566
12.1 3.375 0.00453702
12.1 7.875 0.00459232
12.1 10.125 0.0043611
12.1 12.375 0.00667862
12.1 14.625 0.00380159
12.1 23.625 0.00366345
12.1 25.875 0.00678862
12.1 41.625 0.00395096
12.1 43.875 0.00437964
12.3 7.875 0.00461025
12.3 12.375 0.00419012
12.3 16.875 0.00279708
12.3 25.875 0.0049218
12.3 28.125 0.00479352
12.3 39.375 0.00411213
12.3 41.625 0.0105537
12.3 43.875 0.00643814
12.5 1.125 0.00437088
12.5 3.375 0.00469571
12.5 7.875 0.00433341
12.5 10.125 0.00522806
12.5 14.625 0.00367226
12.5 19.125 0.00498493
12.5 23.625 0.00585723
12.5 32.625 0.00549369
12.5 34.875 0.00504156
12.5 41.625 0.00715888
12.7 7.875 0.00404648
12.7 12.375 0.00594482
12.7 14.625 0.00388961
12.7 21.375 0.00515345
12.7 32.625 0.0054466
12.7 39.375 0.0078507
12.7 43.875 0.00851191
12.9 7.875 0.00592399
12.9 16.875 0.00416806
12.9 19.125 0.00427769
12.9 23.625 0.00727626
12.9 25.875 0.00550561
12.9 28.125 0.00364314
12.9 37.125 0.00772597
12.9 41.625 0.00644427
12.9 43.875 0.00520185
13.1 14.625 0.00506452
13.1 16.875 0.00392322
13.1 23.625 0.00491516
13.1 39.375 0.00554403
13.3 21.375 0.00433219
13.3 25.875 0.00538217
13.5 1.125 0.00822797
13.5 21.375 0.00376319
13.5 30.375 0.0041115
13.5 43.875 0.00431117
13.7 34.875 0.00729779
13.7 39.375 0.003694
13.7 41.625 0.00453429
13.9 19.125 0.00565566
