0.1 1.125 0.670028
0.1 3.375 0.66383
0.1 5.625 0.626824
0.1 7.875 0.659121
0.1 10.125 0.619845
0.1 12.375 0.63078
0.1 14.625 0.678786
0.1 16.875 0.550612
0.1 19.125 0.617626
0.1 21.375 0.630713
0.1 23.625 0.624051
0.1 25.875 0.666705
0.1 28.125 0.659008
0.1 30.375 0.523044
0.1 32.625 0.644697
0.1 34.875 0.627901
0.1 37.125 0.688781
0.1 39.375 0.662499
0.1 41.625 0.654344
0.1 43.875 0.669383
0.3 1.125 0.662674
0.3 3.375 0.645998
0.3 5.625 0.653364
0.3 7.875 0.660206
0.3 10.125 0.648222
0.3 12.375 0.663582
0.3 14.625 0.654059
0.3 16.875 0.661801
0.3 19.125 0.642866
0.3 21.375 0.661012
0.3 23.625 0.651757
0.3 25.875 0.654941
0.3 28.125 0.657196
0.3 30.375 0.650631
0.3 32.625 0.657264
0.3 34.875 0.6575
0.3 37.125 0.655946
0.3 39.375 0.649889
0.3 41.625 0.656898
0.3 43.875 0.661187
0.5 1.125 0.636781
0.5 3.375 0.613737
0.5 5.625 0.643885
0.5 7.875 0.639087
0.5 10.125 0.643296
0.5 12.375 0.63336
0.5 14.625 0.636091
0.5 16.875 0.648204
0.5 19.125 0.640447
0.5 21.375 0.619319
0.5 23.625 0.641558
0.5 25.875 0.639531
0.5 28.125 0.629857
0.5 30.375 0.631314
0.5 32.625 0.640179
0.5 34.875 0.642159
0.5 37.125 0.635342
0.5 39.375 0.62992
0.5 41.625 0.60575
0.5 43.875 0.62913
0.7 1.125 0.600317
0.7 3.375 0.604409
0.7 5.625 0.605935
0.7 7.875 0.610542
0.7 10.125 0.615129
0.7 12.375 0.604133
0.7 14.625 0.606335
0.7 16.875 0.606184
0.7 19.125 0.594341
0.7 21.375 0.583365
0.7 23.625 0.590606
0.7 25.875 0.595434
0.7 28.125 0.59789
0.7 30.375 0.595232
0.7 32.625 0.594627
0.7 34.875 0.601178
0.7 37.125 0.598472
0.7 39.375 0.599663
0.7 41.625 0.58967
0.7 43.875 0.577543
0.9 1.125 0.542124
0.9 3.375 0.546136
0.9 5.625 0.544913
0.9 7.875 0.550444
0.9 10.125 0.540216
0.9 12.375 0.54083
0.9 14.625 0.536746
0.9 16.875 0.553043
0.9 19.125 0.536892
0.9 21.375 0.543213
0.9 23.625 0.533689
0.9 25.875 0.5269
0.9 28.125 0.540345
0.9 30.375 0.53964
0.9 32.625 0.548383
0.9 34.875 0.535996
0.9 37.125 0.529878
0.9 39.375 0.568284
0.9 41.625 0.559453
0.9 43.875 0.539349
1.1 1.125 0.423455
1.1 3.375 0.407822
1.1 5.625 0.423311
1.1 7.875 0.437691
1.1 10.125 0.416197
1.1 12.375 0.434815
1.1 14.625 0.445907
1.1 16.875 0.443667
1.1 19.125 0.412113
1.1 21.375 0.446268
1.1 23.625 0.473713
1.1 25.875 0.466637
1.1 28.125 0.455722
1.1 30.375 0.465266
1.1 32.625 0.478265
1.1 34.875 0.456539
1.1 37.125 0.487662
1.1 39.375 0.494333
1.1 41.625 0.50475
1.1 43.875 0.471275
1.3 1.125 0.283603
1.3 3.375 0.292609
1.3 5.625 0.280463
1.3 7.875 0.290174
1.3 10.125 0.306336
1.3 12.375 0.292382
1.3 14.625 0.301017
1.3 16.875 0.288293
1.3 19.125 0.330769
1.3 21.375 0.334223
1.3 23.625 0.345854
1.3 25.875 0.316268
1.3 28.125 0.366255
1.3 30.375 0.355471
1.3 32.625 0.373877
1.3 34.875 0.418004
1.3 37.125 0.382796
1.3 39.375 0.393532
1.3 41.625 0.41963
1.3 43.875 0.426912
1.5 1.125 0.154511
1.5 3.375 0.161373
1.5 5.625 0.157324
1.5 7.875 0.174757
1.5 10.125 0.167925
1.5 12.375 0.182587
1.5 14.625 0.197764
1.5 16.875 0.206617
1.5 19.125 0.189557
1.5 21.375 0.218433
1.5 23.625 0.222579
1.5 25.875 0.245844
1.5 28.125 0.216198
1.5 30.375 0.241118
1.5 32.625 0.256594
1.5 34.875 0.254737
1.5 37.125 0.298199
1.5 39.375 0.293917
1.5 41.625 0.304562
1.5 43.875 0.338567
1.7 1.125 0.091121
1.7 3.375 0.0962929
1.7 5.625 0.0892669
1.7 7.875 0.0979141
1.7 10.125 0.10231
1.7 12.375 0.112498
1.7 14.625 0.125328
1.7 16.875 0.116838
1.7 19.125 0.126802
1.7 21.375 0.117971
1.7 23.625 0.137568
1.7 25.875 0.128099
1.7 28.125 0.159193
1.7 30.375 0.148005
1.7 32.625 0.152117
1.7 34.875 0.165797
1.7 37.125 0.167502
1.7 39.375 0.159579
1.7 41.625 0.181859
1.7 43.875 0.210068
1.9 1.125 0.0552247
1.9 3.375 0.0613461
1.9 5.625 0.0573552
1.9 7.875 0.0633452
1.9 10.125 0.0640634
1.9 12.375 0.0706299
1.9 14.625 0.0730821
1.9 16.875 0.0744735
1.9 19.125 0.0752926
1.9 21.375 0.0775683
1.9 23.625 0.0767915
1.9 25.875 0.0809676
1.9 28.125 0.0782241
1.9 30.375 0.0875511
1.9 32.625 0.086537
1.9 34.875 0.0982721
1.9 37.125 0.099652
1.9 39.375 0.109278
1.9 41.625 0.106474
1.9 43.875 0.121633
2.1 1.125 0.0374173
2.1 3.375 0.0377661
2.1 5.625 0.0391603
2.1 7.875 0.0385143
2.1 10.125 0.0413151
2.1 12.375 0.0405149
2.1 14.625 0.0466308
2.1 16.875 0.0474688
2.1 19.125 0.0476768
2.1 21.375 0.0482327
2.1 23.625 0.052333
2.1 25.875 0.0538027
2.1 28.125 0.0589094
2.1 30.375 0.0623224
2.1 32.625 0.058248
2.1 34.875 0.0604744
2.1 37.125 0.0638504
2.1 39.375 0.0717992
2.1 41.625 0.0682013
2.1 43.875 0.0732607
2.3 1.125 0.0223913
2.3 3.375 0.0233426
2.3 5.625 0.0237871
2.3 7.875 0.024655
2.3 10.125 0.0249364
2.3 12.375 0.0253081
2.3 14.625 0.0278374
2.3 16.875 0.0289136
2.3 19.125 0.0305782
2.3 21.375 0.0307757
2.3 23.625 0.0352858
2.3 25.875 0.0354953
2.3 28.125 0.0352642
2.3 30.375 0.0412221
2.3 32.625 0.0426894
2.3 34.875 0.0428709
2.3 37.125 0.0401289
2.3 39.375 0.0446749
2.3 41.625 0.0436736
2.3 43.875 0.0524372
2.5 1.125 0.0150671
2.5 3.375 0.014735
2.5 5.625 0.0152413
2.5 7.875 0.0145069
2.5 10.125 0.0148871
2.5 12.375 0.014659
2.5 14.625 0.0154264
2.5 16.875 0.0166397
2.5 19.125 0.0168345
2.5 21.375 0.0179158
2.5 23.625 0.0200577
2.5 25.875 0.0223453
2.5 28.125 0.0249582
2.5 30.375 0.027054
2.5 32.625 0.0275808
2.5 34.875 0.0280047
2.5 37.125 0.0291662
2.5 39.375 0.0302188
2.5 41.625 0.0319312
2.5 43.875 0.0291401
2.7 1.125 0.0134811
2.7 3.375 0.01226
2.7 5.625 0.0111967
2.7 7.875 0.0104502
2.7 10.125 0.0113665
2.7 12.375 0.0114661
2.7 14.625 0.0120402
2.7 16.875 0.0115172
2.7 19.125 0.0115562
2.7 21.375 0.0116228
2.7 23.625 0.0136891
2.7 25.875 0.0146922
2.7 28.125 0.0151566
2.7 30.375 0.0171539
2.7 32.625 0.0196664
2.7 34.875 0.0197604
2.7 37.125 0.0199325
2.7 39.375 0.0194855
2.7 41.625 0.0191979
2.7 43.875 0.0173939
2.9 1.125 0.0102406
2.9 3.375 0.0107141
2.9 5.625 0.00957835
2.9 7.875 0.00936945
2.9 10.125 0.00971895
2.9 12.375 0.0121393
2.9 14.625 0.00910366
2.9 16.875 0.00936691
2.9 19.125 0.009057
2.9 21.375 0.0109144
2.9 23.625 0.011264
2.9 25.875 0.0118815
2.9 28.125 0.0104427
2.9 30.375 0.0116201
2.9 32.625 0.0127092
2.9 34.875 0.0131078
2.9 37.125 0.0137544
2.9 39.375 0.0134935
2.9 41.625 0.0139403
2.9 43.875 0.0139473
3.1 1.125 0.00809351
3.1 3.375 0.00832336
3.1 5.625 0.00828692
3.1 7.875 0.00783801
3.1 10.125 0.0104927
3.1 12.375 0.00768704
3.1 14.625 0.00846608
3.1 16.875 0.00775563
3.1 19.125 0.00812388
3.1 21.375 0.00876749
3.1 23.625 0.00910481
3.1 25.875 0.00901624
3.1 28.125 0.00953657
3.1 30.375 0.00979251
3.1 32.625 0.00953935
3.1 34.875 0.00940163
3.1 37.125 0.00968077
3.1 39.375 0.0106111
3.1 41.625 0.0105394
3.1 43.875 0.0113245
3.3 1.125 0.00760094
3.3 3.375 0.00725927
3.3 5.625 0.00681416
3.3 7.875 0.00699783
3.3 10.125 0.00695396
3.3 12.375 0.00615959
3.3 14.625 0.0068873
3.3 16.875 0.00784864
3.3 19.125 0.00817272
3.3 21.375 0.00791339
3.3 23.625 0.00750042
3.3 25.875 0.00770792
3.3 28.125 0.00695857
3.3 30.375 0.00835141
3.3 32.625 0.00860154
3.3 34.875 0.00812616
3.3 37.125 0.00786713
3.3 39.375 0.00786196
3.3 41.625 0.00841908
3.3 43.875 0.00900568
3.5 1.125 0.00680376
3.5 3.375 0.0063857
3.5 5.625 0.00590729
3.5 7.875 0.00665412
3.5 10.125 0.00651185
3.5 12.375 0.00630487
3.5 14.625 0.00628218
3.5 16.875 0.00629951
3.5 19.125 0.00579646
3.5 21.375 0.00615019
3.5 23.625 0.00661956
3.5 25.875 0.00714785
3.5 28.125 0.00781919
3.5 30.375 0.00631649
3.5 32.625 0.00776488
3.5 34.875 0.00677433
3.5 37.125 0.00692181
3.5 39.375 0.00785973
3.5 41.625 0.00759398
3.5 43.875 0.00676783
3.7 1.125 0.00647805
3.7 3.375 0.00592197
3.7 5.625 0.00637212
3.7 7.875 0.00537386
3.7 10.125 0.0065107
3.7 12.375 0.00516169
3.7 14.625 0.00551853
3.7 16.875 0.00616544
3.7 19.125 0.00596275
3.7 21.375 0.00703232
3.7 23.625 0.00640154
3.7 25.875 0.00656113
3.7 28.125 0.00632839
3.7 30.375 0.00633867
3.7 32.625 0.00674702
3.7 34.875 0.00636359
3.7 37.125 0.00637649
3.7 39.375 0.00638506
3.7 41.625 0.00601732
3.7 43.875 0.00616358
3.9 1.125 0.00626658
3.9 3.375 0.00533342
3.9 5.625 0.00563673
3.9 7.875 0.00538375
3.9 10.125 0.00497665
3.9 12.375 0.00467681
3.9 14.625 0.00571633
3.9 16.875 0.00583043
3.9 19.125 0.005891
3.9 21.375 0.0053102
3.9 23.625 0.00553691
3.9 25.875 0.00630699
3.9 28.125 0.00558854
3.9 30.375 0.00570175
3.9 32.625 0.00569424
3.9 34.875 0.00546861
3.9 37.125 0.00502747
3.9 39.375 0.00533215
3.9 41.625 0.00559009
3.9 43.875 0.00551149
4.1 1.125 0.00515968
4.1 3.375 0.00510811
4.1 5.625 0.00475636
4.1 7.875 0.00553665
4.1 10.125 0.00464301
4.1 12.375 0.00548731
4.1 14.625 0.00512303
4.1 16.875 0.00548344
4.1 19.125 0.00609629
4.1 21.375 0.00549724
4.1 23.625 0.00495214
4.1 25.875 0.00496994
4.1 28.125 0.00555836
4.1 30.375 0.00520034
4.1 32.625 0.00515201
4.1 34.875 0.00494612
4.1 37.125 0.00463367
4.1 39.375 0.00473125
4.1 41.625 0.00457605
4.1 43.875 0.00487151
4.3 1.125 0.00446388
4.3 3.375 0.00462915
4.3 5.625 0.00473443
4.3 7.875 0.00470513
4.3 10.125 0.00490496
4.3 12.375 0.00525848
4.3 14.625 0.00416758
4.3 16.875 0.00486359
4.3 19.125 0.00499517
4.3 21.375 0.0052769
4.3 23.625 0.00497326
4.3 25.875 0.00488414
4.3 28.125 0.005558
4.3 30.375 0.00430858
4.3 32.625 0.00520868
4.3 34.875 0.00483742
4.3 37.125 0.00447141
4.3 39.375 0.00414815
4.3 41.625 0.00445775
4.3 43.875 0.00443611
4.5 1.125 0.00561862
4.5 3.375 0.00389184
4.5 5.625 0.00406672
4.5 7.875 0.00448035
4.5 10.125 0.00407994
4.5 12.375 0.00441685
4.5 14.625 0.00446373
4.5 16.875 0.00529658
4.5 19.125 0.00513749
4.5 21.375 0.00500645
4.5 23.625 0.0042626
4.5 25.875 0.00500944
4.5 28.125 0.00495319
4.5 30.375 0.00481977
4.5 32.625 0.0046664
4.5 34.875 0.00412646
4.5 37.125 0.00428265
4.5 39.375 0.0038795
4.5 41.625 0.00410087
4.5 43.875 0.00424571
4.7 1.125 0.00371016
4.7 3.375 0.0037787
4.7 5.625 0.00358293
4.7 7.875 0.00402063
4.7 10.125 0.00376498
4.7 12.375 0.00407177
4.7 14.625 0.00417781
4.7 16.875 0.00433382
4.7 19.125 0.00452405
4.7 21.375 0.00431262
4.7 23.625 0.00394248
4.7 25.875 0.00438172
4.7 28.125 0.00450159
4.7 30.375 0.0040384
4.7 32.625 0.004182
4.7 34.875 0.00398068
4.7 37.125 0.00407927
4.7 39.375 0.0036154
4.7 41.625 0.00384455
4.7 43.875 0.00367628
4.9 1.125 0.00351578
4.9 3.375 0.0036112
4.9 5.625 0.00345048
4.9 7.875 0.00349324
4.9 10.125 0.00361463
4.9 12.375 0.00339803
4.9 14.625 0.00361719
4.9 16.875 0.00390784
4.9 19.125 0.00362126
4.9 21.375 0.00355508
4.9 23.625 0.00397805
4.9 25.875 0.00366198
4.9 28.125 0.00396341
4.9 30.375 0.00392806
4.9 32.625 0.00341014
4.9 34.875 0.00368395
4.9 37.125 0.0036098
4.9 39.375 0.00354993
4.9 41.625 0.00364652
4.9 43.875 0.00309899
5.1 1.125 0.00368929
5.1 3.375 0.00320739
5.1 5.625 0.00279296
5.1 7.875 0.00298729
5.1 10.125 0.00318152
5.1 12.375 0.00366539
5.1 14.625 0.00454747
5.1 16.875 0.00402658
5.1 19.125 0.00344134
5.1 21.375 0.00364479
5.1 23.625 0.00325487
5.1 25.875 0.0037143
5.1 28.125 0.00366304
5.1 30.375 0.00369387
5.1 32.625 0.00353814
5.1 34.875 0.00348454
5.1 37.125 0.00380446
5.1 39.375 0.0035737
5.1 41.625 0.00322296
5.1 43.875 0.00331903
5.3 1.125 0.0034889
5.3 3.375 0.0031522
5.3 5.625 0.00289104
5.3 7.875 0.00600754
5.3 10.125 0.00316503
5.3 12.375 0.00340029
5.3 14.625 0.00344322
5.3 16.875 0.00343529
5.3 19.125 0.00292849
5.3 21.375 0.00339796
5.3 23.625 0.00367171
5.3 25.875 0.00390205
5.3 28.125 0.00329996
5.3 30.375 0.00312368
5.3 32.625 0.00359071
5.3 34.875 0.00370545
5.3 37.125 0.00317409
5.3 39.375 0.00339025
5.3 41.625 0.00325445
5.3 43.875 0.0033153
5.5 1.125 0.00288261
5.5 3.375 0.00280836
5.5 5.625 0.00280313
5.5 7.875 0.00294645
5.5 10.125 0.00302238
5.5 12.375 0.00306829
5.5 14.625 0.00326378
5.5 16.875 0.00323801
5.5 19.125 0.00312616
5.5 21.375 0.00322956
5.5 23.625 0.00306421
5.5 25.875 0.00329794
5.5 28.125 0.00298708
5.5 30.375 0.00345678
5.5 32.625 0.003906
5.5 34.875 0.00617249
5.5 37.125 0.00335108
5.5 39.375 0.00365383
5.5 41.625 0.00393118
5.5 43.875 0.00368079
5.7 1.125 0.00322
5.7 3.375 0.00279717
5.7 5.625 0.00289551
5.7 7.875 0.00295511
5.7 10.125 0.00310905
5.7 12.375 0.00296172
5.7 14.625 0.00255672
5.7 16.875 0.00288346
5.7 19.125 0.00273276
5.7 21.375 0.00278125
5.7 23.625 0.00333717
5.7 25.875 0.00296426
5.7 28.125 0.00290096
5.7 30.375 0.00359346
5.7 32.625 0.00511847
5.7 34.875 0.00336797
5.7 37.125 0.00319884
5.7 39.375 0.00301012
5.7 41.625 0.00339518
5.7 43.875 0.00340656
5.9 1.125 0.00272949
5.9 3.375 0.00261903
5.9 5.625 0.00277108
5.9 7.875 0.00290516
5.9 10.125 0.00239946
5.9 12.375 0.00918596
5.9 14.625 0.00310314
5.9 16.875 0.00256371
5.9 19.125 0.00273124
5.9 21.375 0.00318477
5.9 23.625 0.00310491
5.9 25.875 0.00324631
5.9 28.125 0.00293386
5.9 30.375 0.00292745
5.9 32.625 0.00297384
5.9 34.875 0.00316603
5.9 37.125 0.00302477
5.9 39.375 0.00310181
5.9 41.625 0.00335968
5.9 43.875 0.00291373
6.1 1.125 0.00268191
6.1 3.375 0.00276341
6.1 5.625 0.00304336
6.1 7.875 0.00252874
6.1 10.125 0.00285858
6.1 12.375 0.00340466
6.1 14.625 0.00262107
6.1 16.875 0.00302949
6.1 19.125 0.00285227
6.1 21.375 0.00269663
6.1 23.625 0.00317504
6.1 25.875 0.00266191
6.1 28.125 0.00311956
6.1 30.375 0.0026454
6.1 32.625 0.00291931
6.1 34.875 0.0029435
6.1 37.125 0.00444817
6.1 39.375 0.00268042
6.1 41.625 0.00287204
6.1 43.875 0.00268932
6.3 1.125 0.00259852
6.3 3.375 0.00479317
6.3 5.625 0.00247768
6.3 7.875 0.00286769
6.3 10.125 0.00228748
6.3 12.375 0.00239148
6.3 14.625 0.00267345
6.3 16.875 0.00276842
6.3 19.125 0.00302404
6.3 21.375 0.00252639
6.3 23.625 0.00302567
6.3 25.875 0.00274536
6.3 28.125 0.00246462
6.3 30.375 0.00255103
6.3 32.625 0.00287041
6.3 34.875 0.00267145
6.3 37.125 0.00264934
6.3 39.375 0.0026118
6.3 41.625 0.00299812
6.3 43.875 0.00306201
6.5 1.125 0.00283127
6.5 3.375 0.00244426
6.5 5.625 0.00245905
6.5 7.875 0.00720497
6.5 10.125 0.00267376
6.5 12.375 0.00280739
6.5 14.625 0.00327975
6.5 16.875 0.00318348
6.5 19.125 0.00271255
6.5 21.375 0.00285905
6.5 23.625 0.00280586
6.5 25.875 0.00271344
6.5 28.125 0.0023413
6.5 30.375 0.00219105
6.5 32.625 0.00251815
6.5 34.875 0.00248367
6.5 37.125 0.00263526
6.5 39.375 0.00267651
6.5 41.625 0.00303668
6.5 43.875 0.00294744
6.7 1.125 0.00271568
6.7 3.375 0.00273866
6.7 5.625 0.0027159
6.7 7.875 0.00303089
6.7 10.125 0.00291843
6.7 12.375 0.0031903
6.7 14.625 0.00279558
6.7 16.875 0.00258104
6.7 19.125 0.00293495
6.7 21.375 0.00267207
6.7 23.625 0.00278747
6.7 25.875 0.00252597
6.7 28.125 0.00231381
6.7 30.375 0.00241932
6.7 32.625 0.00206057
6.7 34.875 0.00241976
6.7 37.125 0.00272905
6.7 39.375 0.00266364
6.7 41.625 0.00286511
6.7 43.875 0.00230832
6.9 1.125 0.00282952
6.9 3.375 0.00244714
6.9 5.625 0.00221864
6.9 7.875 0.00266704
6.9 10.125 0.00278639
6.9 12.375 0.00234608
6.9 14.625 0.00281818
6.9 16.875 0.00285009
6.9 19.125 0.00269134
6.9 21.375 0.00295407
6.9 23.625 0.00284195
6.9 25.875 0.00489172
6.9 28.125 0.00249171
6.9 30.375 0.00294747
6.9 32.625 0.00303514
6.9 34.875 0.00279367
6.9 37.125 0.0026688
6.9 39.375 0.00263521
6.9 41.625 0.00302486
6.9 43.875 0.0027098
7.1 1.125 0.00272222
7.1 3.375 0.00237268
7.1 5.625 0.0027306
7.1 7.875 0.0026187
7.1 10.125 0.00258936
7.1 12.375 0.00282252
7.1 14.625 0.00301645
7.1 16.875 0.00302901
7.1 19.125 0.00233968
7.1 21.375 0.00290964
7.1 23.625 0.00272913
7.1 25.875 0.00262816
7.1 28.125 0.00268559
7.1 30.375 0.00285575
7.1 32.625 0.00260421
7.1 34.875 0.00258124
7.1 37.125 0.00270558
7.1 39.375 0.00226184
7.1 41.625 0.00311426
7.1 43.875 0.00293864
7.3 1.125 0.00255739
7.3 3.375 0.00236071
7.3 5.625 0.00236163
7.3 7.875 0.00271851
7.3 10.125 0.00631656
7.3 12.375 0.00257376
7.3 14.625 0.00271018
7.3 16.875 0.00252243
7.3 19.125 0.00258463
7.3 21.375 0.00231163
7.3 23.625 0.00251577
7.3 25.875 0.00247768
7.3 28.125 0.00222191
7.3 30.375 0.00265569
7.3 32.625 0.00192694
7.3 34.875 0.00259178
7.3 37.125 0.00253535
7.3 39.375 0.00262865
7.3 41.625 0.00249979
7.3 43.875 0.00231541
7.5 1.125 0.00241046
7.5 3.375 0.0067314
7.5 5.625 0.00249595
7.5 7.875 0.00273027
7.5 10.125 0.0026639
7.5 12.375 0.00252519
7.5 14.625 0.00219282
7.5 16.875 0.00268096
7.5 19.125 0.00262317
7.5 21.375 0.00235102
7.5 23.625 0.00255972
7.5 25.875 0.00276253
7.5 28.125 0.00223126
7.5 30.375 0.0024554
7.5 32.625 0.00229852
7.5 34.875 0.00249787
7.5 37.125 0.00278988
7.5 39.375 0.0025027
7.5 41.625 0.00232877
7.5 43.875 0.00261965
7.7 1.125 0.00228802
7.7 3.375 0.00805252
7.7 5.625 0.002509
7.7 7.875 0.00205861
7.7 10.125 0.00236692
7.7 12.375 0.00235536
7.7 14.625 0.00351677
7.7 16.875 0.00268999
7.7 19.125 0.0044229
7.7 21.375 0.00250276
7.7 23.625 0.00237575
7.7 25.875 0.00259204
7.7 28.125 0.00294811
7.7 30.375 0.00206328
7.7 32.625 0.00196865
7.7 34.875 0.0021655
7.7 37.125 0.00227852
7.7 39.375 0.00245338
7.7 41.625 0.00261109
7.7 43.875 0.00249259
7.9 1.125 0.00228883
7.9 3.375 0.00187416
7.9 5.625 0.00289053
7.9 7.875 0.0023269
7.9 10.125 0.00263102
7.9 12.375 0.00199922
7.9 14.625 0.00230698
7.9 16.875 0.0027216
7.9 19.125 0.00237422
7.9 21.375 0.00544939
7.9 23.625 0.00222766
7.9 25.875 0.00720967
7.9 28.125 0.00265878
7.9 30.375 0.00191044
7.9 32.625 0.00225347
7.9 34.875 0.00250421
7.9 37.125 0.00252763
7.9 39.375 0.00228316
7.9 41.625 0.00227448
7.9 43.875 0.00238119
8.1 1.125 0.00238158
8.1 3.375 0.00244123
8.1 5.625 0.00232212
8.1 7.875 0.00258808
8.1 10.125 0.00300445
8.1 12.375 0.00248417
8.1 14.625 0.00256658
8.1 16.875 0.00238757
8.1 19.125 0.00224502
8.1 21.375 0.00233565
8.1 23.625 0.00219732
8.1 25.875 0.0025616
8.1 28.125 0.00217742
8.1 30.375 0.00208938
8.1 32.625 0.00259149
8.1 34.875 0.00227815
8.1 37.125 0.0023534
8.1 39.375 0.00252321
8.1 41.625 0.00235342
8.1 43.875 0.00258071
8.3 1.125 0.00218649
8.3 3.375 0.00239524
8.3 5.625 0.00254324
8.3 7.875 0.00603874
8.3 10.125 0.00249677
8.3 12.375 0.00224046
8.3 14.625 0.00185484
8.3 16.875 0.00800555
8.3 19.125 0.00209818
8.3 21.375 0.00245166
8.3 23.625 0.00264872
8.3 25.875 0.00231057
8.3 28.125 0.00710669
8.3 30.375 0.00225358
8.3 32.625 0.00230257
8.3 34.875 0.00256955
8.3 37.125 0.0022869
8.3 39.375 0.00243105
8.3 41.625 0.00242816
8.3 43.875 0.00246607
8.5 1.125 0.00272389
8.5 3.375 0.00182366
8.5 5.625 0.00235831
8.5 7.875 0.00259395
8.5 10.125 0.00335784
8.5 12.375 0.00214218
8.5 14.625 0.00229947
8.5 16.875 0.00266893
8.5 19.125 0.00237478
8.5 21.375 0.00235712
8.5 23.625 0.00199514
8.5 25.875 0.00225309
8.5 28.125 0.00202985
8.5 30.375 0.00213641
8.5 32.625 0.00255823
8.5 34.875 0.00212362
8.5 37.125 0.00266557
8.5 39.375 0.0020992
8.5 41.625 0.00241406
8.5 43.875 0.00256431
8.7 1.125 0.00222467
8.7 3.375 0.00338578
8.7 5.625 0.00235676
8.7 7.875 0.00374281
8.7 10.125 0.00260366
8.7 12.375 0.00221341
8.7 14.625 0.00229575
8.7 16.875 0.00199327
8.7 19.125 0.00197855
8.7 21.375 0.0024782
8.7 23.625 0.00216787
8.7 25.875 0.00271534
8.7 28.125 0.00209772
8.7 30.375 0.0020337
8.7 32.625 0.00247215
8.7 34.875 0.00227526
8.7 37.125 0.00220173
8.7 39.375 0.00234414
8.7 41.625 0.00221234
8.7 43.875 0.00251686
8.9 1.125 0.0018931
8.9 3.375 0.00180645
8.9 5.625 0.00504462
8.9 7.875 0.00138149
8.9 10.125 0.00253597
8.9 12.375 0.00208939
8.9 14.625 0.00227541
8.9 16.875 0.00262024
8.9 19.125 0.00234449
8.9 21.375 0.0026123
8.9 23.625 0.002469
8.9 25.875 0.00188253
8.9 28.125 0.00227275
8.9 30.375 0.00906171
8.9 32.625 0.00251158
8.9 34.875 0.00494657
8.9 37.125 0.00245097
8.9 39.375 0.00253999
8.9 41.625 0.00214336
8.9 43.875 0.00286037
9.1 1.125 0.00226428
9.1 3.375 0.00231007
9.1 5.625 0.00207314
9.1 7.875 0.00229097
9.1 10.125 0.00514044
9.1 12.375 0.00276945
9.1 14.625 0.00238676
9.1 16.875 0.00199042
9.1 19.125 0.00347287
9.1 21.375 0.0020687
9.1 23.625 0.00207329
9.1 25.875 0.0021853
9.1 28.125 0.00198955
9.1 30.375 0.00256524
9.1 32.625 0.00223159
9.1 34.875 0.00239387
9.1 37.125 0.0024682
9.1 39.375 0.00253593
9.1 41.625 0.00286935
9.1 43.875 0.00217211
9.3 1.125 0.00251218
9.3 3.375 0.00214789
9.3 5.625 0.00197439
9.3 7.875 0.0023679
9.3 10.125 0.00185224
9.3 12.375 0.00177029
9.3 14.625 0.0029319
9.3 16.875 0.00197997
9.3 19.125 0.00177321
9.3 21.375 0.00264015
9.3 23.625 0.0026612
9.3 25.875 0.00226488
9.3 28.125 0.00204295
9.3 30.375 0.0020843
9.3 32.625 0.00252095
9.3 34.875 0.00246099
9.3 37.125 0.00229527
9.3 39.375 0.00249459
9.3 41.625 0.00220857
9.3 43.875 0.00304728
9.5 1.125 0.00217536
9.5 3.375 0.00210941
9.5 5.625 0.00209668
9.5 7.875 0.00243677
9.5 10.125 0.00253111
9.5 12.375 0.00995606
9.5 14.625 0.00285834
9.5 16.875 0.00224077
9.5 19.125 0.00232966
9.5 21.375 0.00173955
9.5 23.625 0.00218645
9.5 25.875 0.00264265
9.5 28.125 0.00189193
9.5 30.375 0.0131991
9.5 32.625 0.00372595
9.5 34.875 0.00238842
9.5 37.125 0.00224869
9.5 39.375 0.0100064
9.5 41.625 0.00244373
9.5 43.875 0.00249515
9.7 1.125 0.00229376
9.7 3.375 0.00230516
9.7 5.625 0.0023244
9.7 7.875 0.00225681
9.7 10.125 0.00245384
9.7 12.375 0.00236738
9.7 14.625 0.00234144
9.7 16.875 0.00308931
9.7 19.125 0.00349972
9.7 21.375 0.00235082
9.7 23.625 0.00247772
9.7 25.875 0.00260763
9.7 28.125 0.00240561
9.7 30.375 0.00210333
9.7 32.625 0.00167343
9.7 34.875 0.00247877
9.7 37.125 0.00182885
9.7 39.375 0.00221028
9.7 41.625 0.00189198
9.7 43.875 0.00225526
9.9 1.125 0.00213166
9.9 3.375 0.00252701
9.9 5.625 0.00226245
9.9 7.875 0.00205865
9.9 10.125 0.00204875
9.9 12.375 0.00209484
9.9 14.625 0.00235316
9.9 16.875 0.00245549
9.9 19.125 0.00204098
9.9 21.375 0.00201454
9.9 23.625 0.00167514
9.9 25.875 0.00204289
9.9 28.125 0.00338811
9.9 30.375 0.00218087
9.9 32.625 0.00172239
9.9 34.875 0.00606586
9.9 37.125 0.00227349
9.9 39.375 0.00229623
9.9 41.625 0.00332857
9.9 43.875 0.00222458
10.1 1.125 0.00184845
10.1 3.375 0.00179452
10.1 5.625 0.0021519
10.1 7.875 0.00897069
10.1 10.125 0.00253598
10.1 12.375 0.00224335
10.1 14.625 0.00200509
10.1 16.875 0.00213242
10.1 19.125 0.00420249
10.1 21.375 0.00190624
10.1 23.625 0.00211912
10.1 25.875 0.00233251
10.1 28.125 0.00194247
10.1 30.375 0.00199194
10.1 32.625 0.0026367
10.1 34.875 0.00290218
10.1 37.125 0.00206946
10.1 39.375 0.00241672
10.1 41.625 0.0016761
10.1 43.875 0.00217565
10.3 1.125 0.00201701
10.3 3.375 0.00275775
10.3 5.625 0.00251159
10.3 7.875 0.00182707
10.3 10.125 0.00270888
10.3 12.375 0.00201784
10.3 14.625 0.0022102
10.3 16.875 0.00220382
10.3 19.125 0.00191808
10.3 21.375 0.00191198
10.3 23.625 0.00192588
10.3 25.875 0.00250267
10.3 28.125 0.00231813
10.3 30.375 0.00248191
10.3 32.625 0.00217466
10.3 34.875 0.00190466
10.3 37.125 0.00189851
10.3 39.375 0.00246061
10.3 41.625 0.00241643
10.3 43.875 0.0022234
10.5 1.125 0.00221182
10.5 3.375 0.00161467
10.5 5.625 0.00236512
10.5 7.875 0.00221418
10.5 10.125 0.00199765
10.5 12.375 0.00204563
10.5 14.625 0.00213249
10.5 16.875 0.00234838
10.5 19.125 0.00205337
10.5 21.375 0.00276657
10.5 23.625 0.00199769
10.5 25.875 0.00248445
10.5 28.125 0.0126768
10.5 30.375 0.00185416
10.5 32.625 0.00209744
10.5 34.875 0.0021459
10.5 37.125 0.00172094
10.5 39.375 0.00248098
10.5 41.625 0.00212035
10.5 43.875 0.00190136
10.7 1.125 0.00241122
10.7 3.375 0.00236879
10.7 5.625 0.00227735
10.7 7.875 0.00298584
10.7 10.125 0.00164857
10.7 12.375 0.00232881
10.7 14.625 0.00220527
10.7 16.875 0.00244655
10.7 19.125 0.00187127
10.7 21.375 0.00201493
10.7 23.625 0.0026604
10.7 25.875 0.00239315
10.7 28.125 0.00211436
10.7 30.375 0.00214709
10.7 32.625 0.00215718
10.7 34.875 0.00168695
10.7 37.125 0.0020568
10.7 39.375 0.00227566
10.7 41.625 0.00227734
10.7 43.875 0.00244183
10.9 1.125 0.00254727
10.9 3.375 0.00187667
10.9 5.625 0.00226298
10.9 7.875 0.00144095
10.9 10.125 0.00228083
10.9 12.375 0.00214696
10.9 14.625 0.00204589
10.9 16.875 0.0023179
10.9 19.125 0.00205055
10.9 21.375 0.0018455
10.9 23.625 0.0026467
10.9 25.875 0.00266942
10.9 28.125 0.00216725
10.9 30.375 0.00209415
10.9 32.625 0.00263951
10.9 34.875 0.00216042
10.9 37.125 0.00789757
10.9 39.375 0.00317282
10.9 41.625 0.00327127
10.9 43.875 0.00204545
11.1 1.125 0.00198729
11.1 3.375 0.00304006
11.1 5.625 0.00192604
11.1 7.875 0.00257665
11.1 10.125 0.00267217
11.1 12.375 0.00183732
11.1 14.625 0.00257039
11.1 16.875 0.00165791
11.1 19.125 0.0025536
11.1 21.375 0.00202861
11.1 23.625 0.00303152
11.1 25.875 0.00245461
11.1 28.125 0.00248486
11.1 30.375 0.00239889
11.1 32.625 0.00174234
11.1 34.875 0.00171368
11.1 37.125 0.00256125
11.1 39.375 0.00316384
11.1 41.625 0.00263608
11.1 43.875 0.00198288
11.3 1.125 0.00241728
11.3 3.375 0.00199126
11.3 5.625 0.00258338
11.3 7.875 0.00204332
11.3 10.125 0.00200151
11.3 12.375 0.00181339
11.3 14.625 0.00261657
11.3 16.875 0.00302387
11.3 19.125 0.00187781
11.3 21.375 0.00337293
11.3 23.625 0.00199001
11.3 25.875 0.00235394
11.3 28.125 0.00179299
11.3 30.375 0.00232375
11.3 32.625 0.00277159
11.3 34.875 0.00182529
11.3 37.125 0.0027053
11.3 39.375 0.00214382
11.3 41.625 0.0022615
11.3 43.875 0.00237182
11.5 1.125 0.00223977
11.5 3.375 0.00209185
11.5 5.625 0.00193932
11.5 7.875 0.00191005
11.5 10.125 0.00237097
11.5 12.375 0.00196023
11.5 14.625 0.00140138
11.5 16.875 0.00223258
11.5 19.125 0.00156343
11.5 21.375 0.00211173
11.5 23.625 0.00139877
11.5 25.875 0.0169216
11.5 28.125 0.0020891
11.5 30.375 0.00216478
11.5 32.625 0.00244316
11.5 34.875 0.00274803
11.5 37.125 0.00217422
11.5 39.375 0.0022249
11.5 41.625 0.00236383
11.5 43.875 0.00299537
11.7 1.125 0.00181618
11.7 3.375 0.00210184
11.7 5.625 0.00198245
11.7 7.875 0.0024057
11.7 10.125 0.00307764
11.7 12.375 0.00219544
11.7 14.625 0.00265337
11.7 16.875 0.00243949
11.7 19.125 0.00185259
11.7 21.375 0.00222446
11.7 23.625 0.00217264
11.7 25.875 0.00282914
11.7 28.125 0.00214209
11.7 30.375 0.00236929
11.7 32.625 0.00219431
11.7 34.875 0.00221794
11.7 37.125 0.00182967
11.7 39.375 0.00200879
11.7 41.625 0.00185569
11.7 43.875 0.00312687
11.9 1.125 0.00247492
11.9 3.375 0.00222335
11.9 5.625 0.00205982
11.9 7.875 0.00268835
11.9 10.125 0.00306447
11.9 12.375 0.00250867
11.9 14.625 0.00230626
11.9 16.875 0.00253605
11.9 19.125 0.0023417
11.9 21.375 0.00242676
11.9 23.625 0.00194322
11.9 25.875 0.00309446
11.9 28.125 0.0395558
11.9 30.375 0.00160533
11.9 32.625 0.0028595
11.9 34.875 0.0143838
11.9 37.125 0.00237866
11.9 39.375 0.0144445
11.9 41.625 0.00156578
11.9 43.875 0.0023186
12.1 1.125 0.00169
12.1 3.375 0.00162212
12.1 5.625 0.0022701
12.1 7.875 0.0019509
12.1 10.125 0.00230185
12.1 12.375 0.00258006
12.1 14.625 0.00241274
12.1 16.875 0.00186708
12.1 19.125 0.00213806
12.1 21.375 0.0034228
12.1 23.625 0.00186222
12.1 25.875 0.00222635
12.1 28.125 0.00197942
12.1 30.375 0.00194937
12.1 32.625 0.00257967
12.1 34.875 0.00180661
12.1 37.125 0.00181337
12.1 39.375 0.0025224
12.1 41.625 0.00188066
12.1 43.875 0.00169669
12.3 1.125 0.00299148
12.3 3.375 0.00200556
12.3 5.625 0.00203515
12.3 7.875 0.00230525
12.3 10.125 0.00178448
12.3 12.375 0.00214998
12.3 14.625 0.00206509
12.3 16.875 0.00174782
12.3 19.125 0.00304777
12.3 21.375 0.00229156
12.3 23.625 0.00190903
12.3 25.875 0.00200559
12.3 28.125 0.0037594
12.3 30.375 0.00191387
12.3 32.625 0.00259154
12.3 34.875 0.0256804
12.3 37.125 0.00202489
12.3 39.375 0.00185168
12.3 41.625 0.00210244
12.3 43.875 0.0440374
12.5 1.125 0.0016927
12.5 3.375 0.00188498
12.5 5.625 0.00171459
12.5 7.875 0.00236377
12.5 10.125 0.00221052
12.5 12.375 0.00236825
12.5 14.625 0.00325767
12.5 16.875 0.00276472
12.5 19.125 0.00308348
12.5 21.375 0.00266375
12.5 23.625 0.00201586
12.5 25.875 0.00211593
12.5 28.125 0.00205917
12.5 30.375 0.00143083
12.5 32.625 0.00215036
12.5 34.875 0.00247309
12.5 37.125 0.00468154
12.5 39.375 0.00753041
12.5 41.625 0.00242458
12.5 43.875 0.0014698
12.7 1.125 0.00163103
12.7 3.375 0.00239626
12.7 5.625 0.00273812
12.7 7.875 0.00189244
12.7 10.125 0.00295095
12.7 12.375 0.0210564
12.7 14.625 0.00198619
12.7 16.875 0.0021933
12.7 19.125 0.00177999
12.7 21.375 0.00240016
12.7 23.625 0.0057954
12.7 25.875 0.00308719
12.7 28.125 0.00215908
12.7 30.375 0.00182299
12.7 32.625 0.0022331
12.7 34.875 0.00613179
12.7 37.125 0.00294834
12.7 39.375 0.00180446
12.7 41.625 0.00189542
12.7 43.875 0.002425
12.9 1.125 0.00171961
12.9 3.375 0.00203968
12.9 5.625 0.00211685
12.9 7.875 0.00180897
12.9 10.125 0.00280161
12.9 12.375 0.0022196
12.9 14.625 0.00162142
12.9 16.875 0.0018826
12.9 19.125 0.00219615
12.9 21.375 0.00178243
12.9 23.625 0.00209081
12.9 25.875 0.00220498
12.9 28.125 0.0024429
12.9 30.375 0.00194346
12.9 32.625 0.00268142
12.9 34.875 0.00238379
12.9 37.125 0.00256561
12.9 39.375 0.00164216
12.9 41.625 0.00273661
12.9 43.875 0.00220872
13.1 1.125 0.00764421
13.1 3.375 0.00175277
13.1 5.625 0.0030934
13.1 7.875 0.00270781
13.1 10.125 0.00257638
13.1 12.375 0.00197145
13.1 14.625 0.00179785
13.1 16.875 0.00265831
13.1 19.125 0.00170926
13.1 21.375 0.00195362
13.1 23.625 0.00226688
13.1 25.875 0.00223831
13.1 28.125 0.00253037
13.1 30.375 0.00126709
13.1 32.625 0.00253708
13.1 34.875 0.00220219
13.1 37.125 0.00198164
13.1 39.375 0.00377512
13.1 41.625 0.00326777
13.1 43.875 0.0032883
13.3 1.125 0.00214063
13.3 3.375 0.00273875
13.3 5.625 0.00149502
13.3 7.875 0.00235569
13.3 10.125 0.00266866
13.3 12.375 0.0023008
13.3 14.625 0.00190736
13.3 16.875 0.00207049
13.3 19.125 0.00129812
13.3 21.375 0.0084415
13.3 23.625 0.00206902
13.3 25.875 0.0016137
13.3 28.125 0.00174553
13.3 30.375 0.00168372
13.3 32.625 0.00225359
13.3 34.875 0.00297267
13.3 37.125 0.00164351
13.3 39.375 0.00186332
13.3 41.625 0.00337139
13.3 43.875 0.0018855
13.5 1.125 0.00149744
13.5 3.375 0.00208409
13.5 5.625 0.00248719
13.5 7.875 0.00170974
13.5 10.125 0.00216365
13.5 12.375 0.00171226
13.5 14.625 0.00478776
13.5 16.875 0.0011546
13.5 19.125 0.00442428
13.5 21.375 0.0024251
13.5 23.625 0.0015719
13.5 25.875 0.00152335
13.5 28.125 0.00187911
13.5 30.375 0.00269041
13.5 32.625 0.00248786
13.5 34.875 0.00155666
13.5 37.125 0.00212815
13.5 39.375 0.00173732
13.5 41.625 0.00147937
13.5 43.875 0.00555936
13.7 1.125 0.0017123
13.7 5.625 0.00258355
13.7 7.875 0.00115583
13.7 10.125 0.00174693
13.7 12.375 0.00657771
13.7 14.625 0.0019298
13.7 19.125 0.00277342
13.7 21.375 0.00251991
13.7 23.625 0.00371823
13.7 25.875 0.00240566
13.7 28.125 0.0015393
13.7 30.375 0.00229
13.7 32.625 0.00199161
13.7 34.875 0.000918452
13.7 37.125 0.00216478
13.7 39.375 0.00161282
13.7 41.625 0.00198791
13.7 43.875 0.0017558
13.9 1.125 0.0022637
13.9 3.375 0.00133748
13.9 5.625 0.00220433
13.9 7.875 0.00213588
13.9 10.125 0.00348114
13.9 12.375 0.00183603
13.9 14.625 0.00290001
13.9 16.875 0.00295815
13.9 19.125 0.00226058
13.9 21.375 0.00241185
13.9 23.625 0.00199542
13.9 25.875 0.0024736
13.9 28.125 0.00197059
13.9 30.375 0.00201648
13.9 32.625 0.00278788
13.9 34.875 0.0028554
13.9 39.375 0.00239234
13.9 41.625 0.00184307
13.9 43.875 0.0183797
