-0.0265844
0.0823406
-0.0284504
-0.0653468
0.0414808
-0.0506017
0.0036802
0.0477385
0.0102309
-0.0104675
0.0254595
-0.00759722
-0.00860424
0.0335044
0.0450183
-0.0408998
-0.0623161
0.064126
-0.0104774
-0.0320808
0.0352904
0.0897935
-0.158685
0.00899942
-0.027303
0.00738748
-0.0919447
0.0319123
0.00836177
0.0725072
0.00289203
0.0166764
-0.0238096
-0.10954
0.0830964
0.0268183
0.00267928
0.0255713
0.0425473
-0.067615
-0.08178
0.048329
0.0246633
-0.0173584
-0.0244431
-0.0569383
0.032835
-0.0500302
-0.0285436
0.0413425
-0.0982322
0.0177072
0.053874
0.00878318
0.0129378
-0.0177834
-0.028467
-0.00650605
-0.0159365
-0.181485
-0.0279641
0.147844
-0.0561151
0.0615647
0.022359
-0.048987
0.0174951
0.0273466
0.0281741
0.00107286
0.0164449
0.069193
-0.0345603
-0.0464774
0.0190194
0.0931314
0.00478331
-0.0320318
0.00406967
0.0107346
-0.0633962
0.0565171
-0.0162861
0.0202207
0.0448761
0.0270051
0.00328859
0.0339579
-0.0196442
-0.0156164
-0.0800226
0.0333863
0.0340059
1.36298
0.106349
0.0124083
-0.0786504
0.0404977
0.0859524
-0.0519039
-0.0473245
-0.0295512
0.0566007
0.00995257
0.0364677
0.0721923
0.0240412
0.0112654
-0.0301074
-0.0270803
-0.0159417
0.0301411
0.0994674
0.0356484
-0.00487761
-0.019599
-0.0221242
-0.000483927
-0.0195956
0.0544662
0.0618962
-0.00288573
0.0981034
0.0342075
-0.0422541
0.0287757
-0.00845725
0.0191064
-0.0167631
-0.00977766
0.026474
0.0970196
-0.035897
-0.0163853
0.0489523
-0.0313211
-0.0316248
-0.0472633
0.0530963
0.0101193
-0.00398914
-0.0251599
-0.0632217
0.012677
0.00109351
-0.0168016
-0.00111325
-0.0558114
0.005857
-0.013556
-0.0379331
0.0596046
0.0603559
0.0208423
0.0101276
-0.00821102
-0.0938987
0.0403038
0.0126209
0.0670568
-0.0696363
-0.0310058
0.0663798
0.000461877
0.00930897
0.0654469
0.0574599
0.012
-0.00875677
0.01522
0.0517639
0.0885024
0.00112423
0.0186625
0.00649105
0.00602135
0.0199331
-0.00532319
0.0719104
0.103122
-0.0148611
0.0662507
0.0613783
-0.00623682
0.0373444
-0.058491
0.039861
-0.0156346
-0.00779416
-0.0962879
-0.00111563
-0.0336551
-0.0176032
-0.0649556
0.00151237
0.0328236
2.09049
-0.043171
0.00783942
0.00448436
0.00187352
-0.00386309
-0.0317855
0.106709
-0.00129712
-0.0117527
-0.023961
-0.0153859
0.0350649
0.0179933
0.00582521
-0.0520854
0.00232711
0.0683262
-0.0072039
-0.0324063
-0.016765
-0.0839058
-0.012946
0.0704395
0.0359305
0.0167717
0.0224048
0.00669881
0.0123136
-0.124577
0.00681336
0.00839281
0.00928562
0.0489379
0.00303108
-0.00613645
-0.0042892
-0.049045
0.00779686
-0.00532495
-0.0122893
-0.0310586
0.106004
0.0297467
-0.00682243
-0.0177744
0.0312828
-0.0683346
0.0307967
-0.0214937
-0.0187024
-0.027742
-0.0226665
-0.0635543
-0.0166324
-0.0370104
0.0373892
0.0150504
0.0280085
-0.10451
0.00403615
-0.033232
0.124286
-0.00682787
0.000511252
-0.00570685
0.0343348
-0.137703
0.084859
0.06499
-0.0190805
0.00320516
0.0286739
0.0198757
-0.0556438
0.042621
-0.0326604
-0.0603535
-0.0889175
-0.0856638
0.0236475
-0.0131043
0.0584768
0.0279853
0.0371182
0.0160202
-0.018307
-0.000749328
-0.100545
-0.00700325
0.0306253
0.0640672
0.0611144
0.00397081
0.0282978
0.0212725
-0.0825222
-0.0498173
-0.00484634
0.0402149
0.0234165
0.0562788
0.0324899
0.00823337
0.0110814
-0.0659873
0.0145751
-0.0338828
0.0802145
-0.0175384
0.0722666
0.0323233
0.0219913
-0.0587899
0.0239703
-0.000642254
0.0514484
-0.025162
0.0143302
0.0042371
0.013185
0.00069439
0.0389511
-0.0311324
-0.00586321
-0.0404585
-0.0542952
0.0464636
-0.0263757
-0.0368094
-0.00884976
0.0159291
-0.0206836
0.0110836
-0.0171066
-0.00646739
-0.00133046
-0.00857591
0.00821288
0.00251473
-0.0449601
0.0481033
-0.0116955
-0.0297722
-0.0146998
0.0385415
0.0120241
0.00166263
0.0197913
0.0164319
-0.039407
0.0509565
0.00932884
-0.01168
-0.0240389
-0.0386176
0.00474272
0.0105267
0.064647
0.127428
-0.0546049
0.0259183
0.0777478
-0.0447965
-0.0470193
0.00423621
0.0603547
0.127209
0.0473486
0.0393013
0.00193791
-0.0806493
6.56996e-05
-0.0120284
0.0109196
-0.0402002
-0.00445217
-0.0538915
-0.0572423
0.0177214
0.0714735
0.0272508
0.020675
0.0536346
0.0149033
0.0117988
0.0563735
-0.00562245
0.0184962
0.0123861
-0.0454593
0.0913543
0.0382268
0.00493825
0.00110535
0.0182973
-0.0296469
0.018199
0.0514749
0.00049352
-0.00326683
0.0143296
0.0373936
0.0167961
-0.0116301
0.00380321
-0.00285479
0.0224354
0.0477435
-0.0104937
0.0776817
0.101454
0.112702
-0.0226084
-0.0484282
0.0995255
0.0475832
-0.0300087
0.00273375
-0.00352354
-0.0217907
0.0192687
-0.0949953
0.0106278
-0.00534775
0.0158022
0.0111434
-0.0378676
0.0299059
0.00674859
-0.00413652
-0.0723086
-0.0194122
0.0491659
-0.0623106
0.0266995
0.102521
0.0130391
0.0765252
0.0135603
0.106829
-0.186971
0.037123
-0.0123847
-0.0165257
0.0305511
0.0193087
0.00397894
0.062284
-0.0151132
0.00478729
-0.0199137
-0.0753913
0.00566268
0.0414483
-0.0209187
0.0635245
-0.0230963
0.0516754
0.0364366
0.0357647
0.0133382
0.0321902
-0.00392982
0.0543679
0.0874646
-0.0293192
-0.0539418
0.0276558
-0.0195453
0.0490647
-0.0150944
-0.0430992
0.0392224
-0.0106548
-0.033565
0.0443083
-0.00389434
-0.0195642
-0.0269089
-0.0214328
0.0252216
0.0281046
-0.0424612
0.00631198
-0.0095519
0.0478474
0.0216822
0.024791
0.0310591
-0.0277022
0.0625952
-0.0446963
-0.00994688
-0.0792208
0.015661
-0.0406852
0.00808704
0.0747622
-0.0180041
0.0219265
0.0179725
0.059128
0.0728105
-0.0630245
0.00208699
0.01718
-0.0183368
0.0217819
0.0109012
0.0670127
0.00997135
-0.0215432
-0.0117283
0.0595071
0.00188707
-0.072523
0.0201226
-0.154003
0.0191876
0.0326616
0.127748
0.11728
-0.00281458
0.0386104
0.0401404
-0.0185099
0.0200772
0.0462459
0.0292753
0.0262958
-0.0525077
-0.0279538
-0.0723193
0.0362709
-0.0824272
-0.0332077
0.099275
-0.0193928
-0.0113002
0.00610775
-0.0328978
0.0029707
-0.0314836
-0.0393354
-0.0590093
0.0161003
0.0501137
0.0142568
0.0344667
0.0116832
-0.0193546
-0.0250725
-0.0287433
0.02615
0.034783
-0.000781433
0.0219007
0.00316363
0.0328029
-0.0119373
-0.00526975
-0.0169279
-0.0563401
0.000370516
-0.0703874
0.0112528
0.050115
-0.0252702
-0.0428729
-0.00358235
-0.047067
0.00995317
0.0292763
-0.00442595
0.0421753
-0.0417266
0.015157
0.0753093
0.0265481
-0.00948297
0.0509703
0.13915
-0.034895
-0.0254933
0.0333087
-0.0120541
-0.0369192
-0.0391377
0.151066
-0.00357293
-0.0118556
0.0700438
0.0562915
-0.00873024
-0.00941897
0.0317845
0.0216342
0.000404944
-0.0176862
0.024957
-0.00672257
0.00605143
0.0129064
0.0491263
0.0671956
0.124694
0.0462307
-0.0121615
0.00596277
0.00955465
0.0558052
-0.0374216
0.0341321
-0.0611864
0.10567
0.0591989
-0.0341447
0.0197725
0.0506606
0.00164383
-0.00964089
-0.0611367
-0.0141203
-0.0135403
0.0619519
0.011724
0.00444934
0.0482396
0.0193036
-0.00667237
-0.0487884
-0.0217747
-0.0250718
0.0186213
0.0419235
0.132256
-0.0195837
0.00767269
0.0424706
0.00213398
0.0282576
-0.0343675
0.00350535
-0.0525361
-0.000786846
0.00174575
0.0444927
0.0712867
0.00667287
-0.00140025
0.0100457
-0.00993257
-0.0596783
0.114671
-0.0166537
-0.00928445
-0.041743
0.00427771
-0.0033027
0.134451
-0.00524285
0.0800129
-0.0425178
0.108882
0.0327641
0.0451918
0.0182803
0.0146851
-0.00125927
-0.0132872
-0.0113389
-0.00780842
0.111855
-0.0564968
-0.0217118
-0.0828379
0.00123615
0.00737377
0.0336361
0.0400865
0.0238208
0.016363
-0.0323903
0.0501648
0.0326846
-0.102954
0.0679482
0.12956
-0.0382886
0.0861575
0.058018
0.0262569
-0.0229608
-0.0116411
0.0488013
-0.0421028
0.0283678
-0.0360038
0.0270275
-0.116713
-0.0656643
0.0011519
0.0616732
0.0274092
0.139591
-0.0625593
0.0356146
-0.0127183
-0.00461392
0.0113903
-0.00593879
-0.0293722
0.011417
0.0985509
0.0043038
-0.0011685
-0.0495006
-0.0189269
0.0726791
0.0232512
-0.019226
-0.0185105
-0.0238423
-0.00168611
-0.0416502
0.0447054
0.00396181
0.177825
0.0311526
0.031182
0.0245421
-0.0219546
0.0490783
0.0223339
0.0449016
0.00602021
-0.0376919
-0.0201586
0.00310686
-0.0395248
-0.0236268
-0.0690866
-0.0829571
0.0279637
-0.0233532
0.0261498
-0.00805327
-0.113454
0.0616038
0.028757
-0.0746305
-0.0568449
-0.0337077
-0.00696831
0.0314222
0.000709886
0.0473717
0.0331518
0.0123906
0.00734405
-0.0158894
0.0113769
-0.0287276
-0.00733349
0.113937
0.115574
-0.00459284
-0.031496
-0.0277525
0.0106696
0.0058439
-0.0193095
0.00051981
-0.0298005
-0.0796126
-0.0197961
0.0572041
-0.0155033
0.00834053
0.0407166
-0.0744797
-0.00485412
0.026086
0.028277
0.0367025
0.00550211
0.0966288
-0.0191092
0.00482263
0.036852
-0.094225
0.0554508
-0.0267937
-0.0441616
0.0250791
-0.000318622
0.0643657
0.0784734
0.0544613
-0.0802999
0.0540678
-0.063791
-0.0216874
0.0497129
-0.00796221
-0.0627877
0.0364965
0.00217935
-0.024227
0.038782
-0.0603385
0.0715448
0.101306
-0.0132503
0.0184924
0.0741367
-0.00901359
-0.0139711
-0.0182186
-0.049527
-0.0726967
-0.0596112
0.0531035
0.0370903
0.0142642
0.00256122
-0.0556964
0.028585
0.0573033
0.0744889
0.0121277
-0.0188785
0.00180828
0.0739216
-0.0202118
0.0165126
-0.0412202
-0.0452735
-0.0544252
-0.0156181
-0.075054
0.0392817
-0.0151556
0.0583573
0.016244
0.00656522
0.028396
0.0271193
0.0176318
-0.0951518
0.0197476
0.0265656
-0.0133969
0.000626509
0.0798453
-0.0112972
0.00731642
0.0489762
0.0119304
-0.024857
-0.030995
-0.00545045
0.0230143
-0.121939
0.00905861
0.0329844
0.0549849
-0.0496486
0.0421118
0.0322876
0.0551957
0.0253488
-0.00166307
-0.0217149
-0.0183189
0.0213857
0.0183513
-0.0673891
0.059328
-0.00434782
-0.038613
-0.0329387
0.0358288
0.0481098
0.0342977
-0.0194918
-0.0112109
0.0693247
0.0114545
-0.0371572
0.0140917
-0.0217404
0.0369285
0.00630239
0.0270194
0.0138949
-0.0151565
0.0930972
-0.00287499
-0.0607626
0.0195929
0.0647173
-0.0723822
0.0221474
0.0459254
0.0198205
0.00287973
0.0385684
-0.0662681
0.0661377
-0.100066
0.0461753
0.0717259
0.00372752
-0.04257
0.00960521
-0.013906
-0.0168777
-0.0181603
-0.0535536
-0.0621287
-0.0258288
0.00679729
0.0490443
-0.00669324
-0.0178929
0.039525
-0.0635821
0.0563204
0.0220307
-0.00377111
-0.0309981
-0.150494
-0.0517098
-0.0136532
-0.0182516
0.0440139
-0.0013312
0.0432679
-0.0254487
-0.0149752
-0.0124495
-0.0319374
-0.010891
-0.0109752
0.0857225
-0.0609556
0.0509151
-0.0126843
0.0300644
-0.0112076
0.0354174
0.00901998
-0.0388581
0.00504965
-0.0293035
0.0823903
-0.0433178
0.026658
-0.0135245
0.0786201
0.0700533
0.0784148
-0.141931
-0.0017371
0.00612224
-0.0353911
0.0258087
0.0237311
-0.0133446
-0.0408763
-0.0202571
0.0302048
0.105483
-0.038016
-0.0335716
-0.00902592
-0.0203332
0.037693
0.0277407
-0.0227167
0.0107554
-0.0287669
-0.0199189
0.0289288
0.0412181
0.0954589
-0.0266029
0.0200709
0.0027987
-0.0356707
-0.0604624
-0.0346704
0.0572064
-0.000903749
-0.0135155
-0.00821037
-0.0200487
0.0902798
0.0709837
0.0267886
0.0404009
-0.0534832
-0.0176007
0.020505
-0.0529989
-0.0098737
-0.0665316
-0.0335372
0.0141887
-0.0218661
0.00682347
-0.123302
0.0315689
0.0783436
0.141982
0.0153998
-0.0277235
-0.00516998
0.0857876
0.170262
0.0822106
-0.0213383
0.0165611
0.00334285
0.0767098
0.0557988
0.0338979
0.160087
-0.0143292
0.0229885
-0.0090092
-0.0148567
0.00387765
0.00909333
0.0172234
-0.0437683
0.00672238
0.00372583
0.0342852
-0.0293506
0.0630571
-0.0601309
0.0283561
0.0458945
-0.0343053
-0.00855578
0.0224358
-0.000759256
-0.0741758
0.0670358
0.0701747
-0.0459585
-0.0533102
0.00855943
0.0378282
0.000881203
-0.0189676
-0.0199272
-0.00590267
0.108125
0.0288655
-0.0378734
-0.115926
-0.0162612
-0.0603055
0.023042
0.0414026
-0.0156215
0.0283969
0.0263147
0.0231636
-0.0105181
-0.00726223
-0.0367781
0.195621
-0.0401036
0.0153249
0.0101195
0.0233889
0.0406307
0.149681
-0.021833
0.000197255
-0.00827791
0.00186675
-0.0667912
-0.0391455
0.0896176
0.0249902
0.112453
-0.00149232
0.0260638
-0.0136738
0.0082931
0.0620478
0.00809749
0.0537336
-0.105602
0.0158522
0.0149633
-0.0459232
0.00741441
-0.022878
0.134086
0.0386453
-0.0100182
0.0568531
-0.0433778
-0.0334732
-0.076277
-0.0756339
0.0286875
-0.0210054
0.0331361
0.020418
0.0240888
0.0280681
-0.0598638
0.00198988
-0.0119875
-0.0428935
0.0510306
-0.0186025
-0.0310261
0.00617475
0.00706227
0.0367373
-0.0167863
0.0137776
-0.0297523
0.0317899
-0.0712198
-0.0248256
0.0433348
-0.0335814
0.0240343
0.0903382
0.0142878
-0.0123463
-0.102997
-0.0144089
-0.0612555
0.0466079
0.0825833
0.0250811
0.0397912
0.0466591
-0.110654
0.0042457
-0.0106258
0.00694472
0.0108593
0.0792382
-0.0312325
0.0613951
0.00921502
0.0567178
0.0355218
0.0129928
-0.0484443
0.0233369
0.0133084
0.0121602
0.0612017
0.0950537
0.0136168
0.0275144
0.0753209
0.0168174
0.0413982
-0.0762521
-0.00279361
0.0294448
-0.0234485
0.0383541
-0.00192736
-0.0148016
0.0379598
-0.00382362
0.0398031
0.0184155
3.41876
-0.0485853
-0.0264903
0.0719516
0.0253759
-0.0164953
-0.0670699
0.0497952
0.0591676
-0.0515251
-0.0532239
-0.0351032
0.0624568
0.00924591
-0.000252657
-0.0186433
0.0181398
0.0131656
-0.0680639
-0.0554472
0.0392582
-0.0271639
0.080644
0.0298986
-0.0989791
0.0930026
-0.0173603
0.0396855
-0.0149786
0.012057
-0.0128822
-0.0215983
-0.0201952
0.0265773
0.0958919
-0.0287366
-0.0110856
-0.138069
-0.069669
0.0605846
0.0307834
-0.0107284
0.00230599
0.130496
-0.00264226
0.0628693
-0.0305209
0.0470282
-0.0577652
0.035095
0.107476
0.0185285
0.0269217
0.0335638
0.0653362
0.0229732
0.0347044
0.0251441
-0.0380973
0.00563275
-0.00967684
0.0264449
-0.0377746
0.0458613
0.132185
0.035631
0.0746493
0.0373013
-0.0485484
0.0157334
0.00570432
0.00899157
0.0465129
0.00774325
0.0242372
0.0465224
-0.00680812
-0.085743
0.0301498
0.0330917
0.0174938
-0.00912793
0.0254931
-0.00590434
-0.0222156
0.0222588
0.0461807
-0.0143935
-0.00790038
0.00739948
0.0482748
0.0619501
-0.0199767
0.0768264
-0.00644718
0.0390549
-0.00107342
0.0154258
0.0173416
-0.0880083
0.0169814
0.0289972
0.0195998
0.0566665
-0.0137718
-0.0372307
-0.0339278
0.0845731
0.0325015
-0.0251989
0.0595766
0.0240071
0.0494946
0.0193386
0.0556862
-0.0295369
-0.0360007
0.0123109
-0.0165621
-0.0285261
0.0726798
-0.00266362
0.0520674
-0.00601116
0.0309598
0.0490363
0.0188258
0.019379
-0.0545018
-0.0501263
-0.00692017
0.0185467
0.00862546
0.0412525
-0.0380337
-0.0423735
0.0168949
-0.0138697
-0.0550897
0.0401197
-0.0106542
0.0712178
0.0256701
0.0141679
0.0362855
0.0584022
0.0312663
0.0429205
0.0238278
0.0244983
-0.0529188
0.0193825
0.0727633
0.0245953
0.058903
0.00147103
-0.00139557
-0.00951119
-0.0315377
-0.00212579
-0.0121192
0.00494062
0.0827764
0.0491101
0.030534
0.00961154
-0.0548406
0.183606
0.0405346
0.021572
-0.0439651
-0.0378008
-0.0348326
-0.0301041
0.152529
-0.0330669
0.0762727
0.0240547
-0.000696743
-0.0235326
0.00496326
0.0275781
-0.00787689
0.0435123
0.0548036
0.0641346
0.0503781
-0.0178916
-0.0136664
0.00559997
0.0286715
0.0016903
-0.0184221
-0.000231026
-0.00730238
-0.0039918
0.00836757
0.0784516
0.0101525
-0.037432
0.016504
0.048514
-0.0381321
-0.00471702
-0.0446719
0.0014111
0.0491336
0.0554483
0.0256577
-0.0011647
0.0258983
0.0304531
-0.032933
-0.00477646
-0.0417397
0.0462397
0.00416197
-0.0186769
-0.0109091
-0.0364329
-0.0738031
-0.0950816
-0.0630359
0.0195353
-0.125939
0.00227876
-0.0343869
0.0148525
0.0180636
0.0895567
-0.0119078
0.0311673
-0.000977313
-0.00233708
-0.083404
0.0267159
-0.0379473
0.000576813
-0.0793853
-0.0412521
0.0180624
0.0950868
-0.0189627
-0.0299662
-4.52516e-05
0.0160423
-0.10151
-0.0593493
-0.0207275
0.0145482
-0.0295894
-0.0185606
-0.0110002
-0.00706783
0.0759826
0.0125395
8.42352e-05
0.01165
-0.028203
0.0402013
-0.0145958
0.0397846
0.196496
-0.0180213
-0.0879963
-0.0543779
0.00261239
-0.0379767
0.0369302
0.0336275
0.0308893
0.0237793
-0.018809
0.0500445
0.0127324
0.056831
0.000638357
-0.0152796
0.051069
0.0160824
0.00553918
0.0919988
-0.032455
-0.00127427
0.0521854
0.112214
0.0465195
-0.00768874
-0.0375083
-0.0226318
0.0132726
-0.0682655
0.0107359
0.0385506
-0.062213
-0.127808
0.0202562
0.00986754
-0.00038289
0.0199753
0.0234227
-0.018432
-0.0144584
-0.0242495
-0.0412334
-0.00174774
-0.0368203
0.0971702
0.0523773
0.137521
-0.0287523
0.0336193
0.0536409
0.0385344
0.010757
0.0552827
0.0441741
-0.0131959
-0.0322961
0.029102
0.0446665
0.00409179
-0.0377786
0.00515008
0.0357771
-0.08619
-0.0157885
-0.0131826
0.0369705
0.0901057
0.0390222
-0.0498691
0.00630575
0.0117983
0.00899579
-0.0559204
-0.0266709
0.0184566
-0.0377993
0.0348263
0.0181715
-0.0601214
0.0177359
0.0266103
0.0207352
-0.0393215
-0.0400167
0.00531167
0.133728
0.0490221
0.0532257
-0.00669367
0.0541949
0.054507
-0.00252277
-0.0267246
0.0221157
0.0413819
-0.0161001
0.00355651
0.00932033
-0.0457808
0.0016109
0.00753977
-0.0491304
0.0337762
0.0477053
0.0129221
0.0176914
-0.0265632
0.0235037
0.000126748
-0.0227233
3.24183
-0.0223287
0.00669455
0.0269552
0.0798666
-0.0092358
0.00493039
0.0435903
0.0145354
0.0105642
-0.0224673
0.0612577
-0.0473205
0.0207311
-0.00440464
0.0464951
0.0905394
-0.0116185
-0.0697475
0.0329772
-0.100518
0.0325575
-0.0349879
0.0235443
-0.116479
0.0600539
0.00449503
0.00160979
0.0391416
0.0208726
0.0664249
-0.00583933
0.0441586
-0.00516949
0.0108007
-0.00687909
0.033586
0.0481674
0.00364946
0.0069453
0.073494
-0.00895527
-0.0502321
0.0214033
0.0777802
0.0204304
-0.146154
-0.0635249
-0.00115071
0.0196674
-0.0168716
0.0108733
-0.0315259
0.0379808
0.0551914
0.028717
-0.126142
-0.0339651
-0.0901594
0.013201
0.0512634
-0.0750481
0.0127666
0.0526372
0.0298374
0.0329086
0.035395
0.00170362
0.0430299
0.0518199
0.0462333
