0.1 1.125 3.2273
0.1 3.375 3.65152
0.1 5.625 4.40252
0.1 7.875 1.82212
0.1 10.125 2.73423
0.1 12.375 1.87143
0.1 14.625 3.9502
0.1 16.875 2.92821
0.1 19.125 2.61132
0.1 21.375 1.9849
0.1 23.625 4.11742
0.1 25.875 2.82293
0.1 28.125 0.878408
0.1 30.375 2.27201
0.1 32.625 4.5279
0.1 34.875 3.78044
0.1 37.125 3.20291
0.1 39.375 3.99177
0.1 41.625 3.34155
0.1 43.875 2.34367
0.3 1.125 3.98542
0.3 3.375 4.00941
0.3 5.625 3.35889
0.3 7.875 3.39816
0.3 10.125 4.308
0.3 12.375 4.51601
0.3 14.625 4.10437
0.3 16.875 4.50494
0.3 19.125 4.34818
0.3 21.375 4.5141
0.3 23.625 4.32662
0.3 25.875 4.0136
0.3 28.125 4.29159
0.3 30.375 4.54197
0.3 32.625 4.26441
0.3 34.875 4.34694
0.3 37.125 4.13576
0.3 39.375 4.3947
0.3 41.625 4.38627
0.3 43.875 4.49947
0.5 1.125 3.82279
0.5 3.375 3.44943
0.5 5.625 4.23848
0.5 7.875 4.27152
0.5 10.125 4.34048
0.5 12.375 4.2421
0.5 14.625 4.42474
0.5 16.875 4.15238
0.5 19.125 4.29965
0.5 21.375 4.25695
0.5 23.625 4.42542
0.5 25.875 4.44041
0.5 28.125 4.43497
0.5 30.375 4.37847
0.5 32.625 4.27652
0.5 34.875 4.30229
0.5 37.125 4.35193
0.5 39.375 4.29401
0.5 41.625 4.27982
0.5 43.875 4.27942
0.7 1.125 3.89083
0.7 3.375 3.446
0.7 5.625 4.1888
0.7 7.875 4.20648
0.7 10.125 4.22814
0.7 12.375 4.2511
0.7 14.625 4.13746
0.7 16.875 4.22996
0.7 19.125 4.20604
0.7 21.375 4.20561
0.7 23.625 4.12238
0.7 25.875 4.17208
0.7 28.125 4.04212
0.7 30.375 4.16787
0.7 32.625 4.16034
0.7 34.875 4.2267
0.7 37.125 4.2901
0.7 39.375 3.94969
0.7 41.625 3.93844
0.7 43.875 3.93199
0.9 1.125 3.47218
0.9 3.375 3.57238
0.9 5.625 3.71641
0.9 7.875 3.83008
0.9 10.125 3.70504
0.9 12.375 3.75406
0.9 14.625 3.77658
0.9 16.875 3.80365
0.9 19.125 3.81037
0.9 21.375 3.89471
0.9 23.625 3.84396
0.9 25.875 3.76685
0.9 28.125 3.95678
0.9 30.375 3.94164
0.9 32.625 3.99624
0.9 34.875 3.98232
0.9 37.125 3.96259
0.9 39.375 3.98529
0.9 41.625 3.97524
0.9 43.875 3.90782
1.1 1.125 2.66652
1.1 3.375 2.84143
1.1 5.625 2.98967
1.1 7.875 2.85874
1.1 10.125 2.95658
1.1 12.375 2.91854
1.1 14.625 2.99167
1.1 16.875 3.09326
1.1 19.125 3.19152
1.1 21.375 3.26635
1.1 23.625 3.30006
1.1 25.875 3.44638
1.1 28.125 3.36463
1.1 30.375 3.46694
1.1 32.625 3.58443
1.1 34.875 3.60013
1.1 37.125 3.65383
1.1 39.375 3.74687
1.1 41.625 3.62228
1.1 43.875 3.6941
1.3 1.125 1.74118
1.3 3.375 1.88344
1.3 5.625 1.89959
1.3 7.875 1.82533
1.3 10.125 1.92585
1.3 12.375 2.04567
1.3 14.625 1.89231
1.3 16.875 2.07283
1.3 19.125 2.19951
1.3 21.375 2.24009
1.3 23.625 2.38967
1.3 25.875 2.43631
1.3 28.125 2.44834
1.3 30.375 2.49496
1.3 32.625 2.74051
1.3 34.875 2.82933
1.3 37.125 2.90406
1.3 39.375 2.93871
1.3 41.625 3.04187
1.3 43.875 3.15129
1.5 1.125 0.896541
1.5 3.375 0.961329
1.5 5.625 1.04755
1.5 7.875 1.07517
1.5 10.125 1.05302
1.5 12.375 1.10697
1.5 14.625 1.08162
1.5 16.875 1.18885
1.5 19.125 1.20883
1.5 21.375 1.23991
1.5 23.625 1.28705
1.5 25.875 1.49798
1.5 28.125 1.63886
1.5 30.375 1.63863
1.5 32.625 1.73552
1.5 34.875 1.86743
1.5 37.125 2.02326
1.5 39.375 2.13226
1.5 41.625 2.16094
1.5 43.875 2.10256
1.7 1.125 0.480394
1.7 3.375 0.521752
1.7 5.625 0.558013
1.7 7.875 0.568214
1.7 10.125 0.585364
1.7 12.375 0.583791
1.7 14.625 0.578782
1.7 16.875 0.613761
1.7 19.125 0.627257
1.7 21.375 0.669316
1.7 23.625 0.69648
1.7 25.875 0.773166
1.7 28.125 0.851716
1.7 30.375 0.899309
1.7 32.625 0.939359
1.7 34.875 0.967187
1.7 37.125 1.09832
1.7 39.375 1.17204
1.7 41.625 1.23202
1.7 43.875 1.28304
1.9 1.125 0.299778
1.9 3.375 0.334455
1.9 5.625 0.335837
1.9 7.875 0.346773
1.9 10.125 0.350175
1.9 12.375 0.353285
1.9 14.625 0.364166
1.9 16.875 0.394375
1.9 19.125 0.37827
1.9 21.375 0.385663
1.9 23.625 0.403649
1.9 25.875 0.416738
1.9 28.125 0.45945
1.9 30.375 0.472876
1.9 32.625 0.504667
1.9 34.875 0.547321
1.9 37.125 0.615106
1.9 39.375 0.668372
1.9 41.625 0.693241
1.9 43.875 0.711904
2.1 1.125 0.193154
2.1 3.375 0.222227
2.1 5.625 0.211937
2.1 7.875 0.216105
2.1 10.125 0.23178
2.1 12.375 0.245517
2.1 14.625 0.24608
2.1 16.875 0.248143
2.1 19.125 0.244362
2.1 21.375 0.242463
2.1 23.625 0.263231
2.1 25.875 0.269579
2.1 28.125 0.28052
2.1 30.375 0.301767
2.1 32.625 0.316439
2.1 34.875 0.330115
2.1 37.125 0.353569
2.1 39.375 0.388283
2.1 41.625 0.397574
2.1 43.875 0.412523
2.3 1.125 0.134697
2.3 3.375 0.146304
2.3 5.625 0.157354
2.3 7.875 0.15657
2.3 10.125 0.168343
2.3 12.375 0.158099
2.3 14.625 0.162961
2.3 16.875 0.171024
2.3 19.125 0.177356
2.3 21.375 0.168775
2.3 23.625 0.184953
2.3 25.875 0.196278
2.3 28.125 0.195326
2.3 30.375 0.19371
2.3 32.625 0.213677
2.3 34.875 0.228953
2.3 37.125 0.253393
2.3 39.375 0.2471
2.3 41.625 0.245071
2.3 43.875 0.242346
2.5 1.125 0.107876
2.5 3.375 0.113403
2.5 5.625 0.126519
2.5 7.875 0.125321
2.5 10.125 0.113259
2.5 12.375 0.124681
2.5 14.625 0.115422
2.5 16.875 0.115848
2.5 19.125 0.118132
2.5 21.375 0.120112
2.5 23.625 0.131771
2.5 25.875 0.134231
2.5 28.125 0.141744
2.5 30.375 0.152592
2.5 32.625 0.153891
2.5 34.875 0.157098
2.5 37.125 0.157938
2.5 39.375 0.166389
2.5 41.625 0.164484
2.5 43.875 0.156571
2.7 1.125 0.0892859
2.7 3.375 0.0892109
2.7 5.625 0.0887257
2.7 7.875 0.0882744
2.7 10.125 0.0870562
2.7 12.375 0.0887182
2.7 14.625 0.0882903
2.7 16.875 0.0903229
2.7 19.125 0.0885944
2.7 21.375 0.0952973
2.7 23.625 0.092711
2.7 25.875 0.0968563
2.7 28.125 0.113022
2.7 30.375 0.10833
2.7 32.625 0.108868
2.7 34.875 0.113853
2.7 37.125 0.113667
2.7 39.375 0.11278
2.7 41.625 0.110609
2.7 43.875 0.105853
2.9 1.125 0.0693826
2.9 3.375 0.069617
2.9 5.625 0.0688353
2.9 7.875 0.067553
2.9 10.125 0.0661777
2.9 12.375 0.0695725
2.9 14.625 0.0701054
2.9 16.875 0.0698965
2.9 19.125 0.0747792
2.9 21.375 0.0772164
2.9 23.625 0.0742182
2.9 25.875 0.0778241
2.9 28.125 0.0794247
2.9 30.375 0.0799386
2.9 32.625 0.0817698
2.9 34.875 0.0826659
2.9 37.125 0.083347
2.9 39.375 0.0786163
2.9 41.625 0.0820448
2.9 43.875 0.0802535
3.1 1.125 0.0556783
3.1 3.375 0.0543497
3.1 5.625 0.0552461
3.1 7.875 0.0531841
3.1 10.125 0.0548667
3.1 12.375 0.0556815
3.1 14.625 0.0541769
3.1 16.875 0.05752
3.1 19.125 0.0573633
3.1 21.375 0.0597621
3.1 23.625 0.0626366
3.1 25.875 0.0643665
3.1 28.125 0.0646526
3.1 30.375 0.06574
3.1 32.625 0.0657169
3.1 34.875 0.0606711
3.1 37.125 0.0647163
3.1 39.375 0.0630452
3.1 41.625 0.0634243
3.1 43.875 0.0627097
3.3 1.125 0.044209
3.3 3.375 0.0453224
3.3 5.625 0.0449634
3.3 7.875 0.0469375
3.3 10.125 0.044298
3.3 12.375 0.0456594
3.3 14.625 0.0440867
3.3 16.875 0.0448125
3.3 19.125 0.0481646
3.3 21.375 0.0487417
3.3 23.625 0.0498135
3.3 25.875 0.0497577
3.3 28.125 0.0522109
3.3 30.375 0.0531035
3.3 32.625 0.0528878
3.3 34.875 0.0515309
3.3 37.125 0.0513633
3.3 39.375 0.0511254
3.3 41.625 0.0530307
3.3 43.875 0.0475052
3.5 1.125 0.0356383
3.5 3.375 0.0373872
3.5 5.625 0.0380566
3.5 7.875 0.0379193
3.5 10.125 0.0496452
3.5 12.375 0.0372643
3.5 14.625 0.0360173
3.5 16.875 0.0371655
3.5 19.125 0.0366335
3.5 21.375 0.038758
3.5 23.625 0.0409587
3.5 25.875 0.0426263
3.5 28.125 0.0426015
3.5 30.375 0.0426555
3.5 32.625 0.0428202
3.5 34.875 0.0424394
3.5 37.125 0.0424837
3.5 39.375 0.043034
3.5 41.625 0.0445743
3.5 43.875 0.0424345
3.7 1.125 0.0326546
3.7 3.375 0.0406697
3.7 5.625 0.0323521
3.7 7.875 0.0310848
3.7 10.125 0.039543
3.7 12.375 0.0349901
3.7 14.625 0.0304659
3.7 16.875 0.0306369
3.7 19.125 0.0318892
3.7 21.375 0.0320397
3.7 23.625 0.0345222
3.7 25.875 0.0363632
3.7 28.125 0.0358587
3.7 30.375 0.0328723
3.7 32.625 0.0347013
3.7 34.875 0.0343504
3.7 37.125 0.0357493
3.7 39.375 0.0331798
3.7 41.625 0.0341945
3.7 43.875 0.0360108
3.9 1.125 0.0273218
3.9 3.375 0.0264593
3.9 5.625 0.0282993
3.9 7.875 0.0265122
3.9 10.125 0.0280594
3.9 12.375 0.0280799
3.9 14.625 0.0284198
3.9 16.875 0.0298952
3.9 19.125 0.029413
3.9 21.375 0.0292379
3.9 23.625 0.0298633
3.9 25.875 0.0295724
3.9 28.125 0.0285543
3.9 30.375 0.029916
3.9 32.625 0.0300727
3.9 34.875 0.0290643
3.9 37.125 0.0289175
3.9 39.375 0.0291396
3.9 41.625 0.0296358
3.9 43.875 0.0289219
4.1 1.125 0.0234172
4.1 3.375 0.0238905
4.1 5.625 0.0218647
4.1 7.875 0.0240352
4.1 10.125 0.0232665
4.1 12.375 0.0229621
4.1 14.625 0.0246197
4.1 16.875 0.0271404
4.1 19.125 0.0271475
4.1 21.375 0.0259876
4.1 23.625 0.0265421
4.1 25.875 0.0268564
4.1 28.125 0.0251225
4.1 30.375 0.0243803
4.1 32.625 0.0242551
4.1 34.875 0.0233271
4.1 37.125 0.024841
4.1 39.375 0.0243205
4.1 41.625 0.0245611
4.1 43.875 0.0249733
4.3 1.125 0.0196023
4.3 3.375 0.0194799
4.3 5.625 0.0205791
4.3 7.875 0.0190963
4.3 10.125 0.0200112
4.3 12.375 0.0212311
4.3 14.625 0.0200231
4.3 16.875 0.0219763
4.3 19.125 0.0305234
4.3 21.375 0.0216337
4.3 23.625 0.0239737
4.3 25.875 0.021839
4.3 28.125 0.0225444
4.3 30.375 0.0224793
4.3 32.625 0.0201129
4.3 34.875 0.0199163
4.3 37.125 0.0213344
4.3 39.375 0.0193952
4.3 41.625 0.0198929
4.3 43.875 0.020632
4.5 1.125 0.023606
4.5 3.375 0.016816
4.5 5.625 0.0167956
4.5 7.875 0.0185353
4.5 10.125 0.0163139
4.5 12.375 0.0232509
4.5 14.625 0.0180091
4.5 16.875 0.0188407
4.5 19.125 0.0187635
4.5 21.375 0.018167
4.5 23.625 0.0201006
4.5 25.875 0.0194361
4.5 28.125 0.0183598
4.5 30.375 0.0189263
4.5 32.625 0.0178631
4.5 34.875 0.0178846
4.5 37.125 0.0174666
4.5 39.375 0.0164573
4.5 41.625 0.0173413
4.5 43.875 0.0174657
4.7 1.125 0.0136016
4.7 3.375 0.0143381
4.7 5.625 0.017254
4.7 7.875 0.0141101
4.7 10.125 0.0156627
4.7 12.375 0.0145717
4.7 14.625 0.0139133
4.7 16.875 0.0167243
4.7 19.125 0.015769
4.7 21.375 0.0166696
4.7 23.625 0.0150479
4.7 25.875 0.015951
4.7 28.125 0.0161796
4.7 30.375 0.0176205
4.7 32.625 0.0155784
4.7 34.875 0.0153284
4.7 37.125 0.015198
4.7 39.375 0.0151458
4.7 41.625 0.014882
4.7 43.875 0.0134543
4.9 1.125 0.0115489
4.9 3.375 0.0222766
4.9 5.625 0.0120571
4.9 7.875 0.0126913
4.9 10.125 0.012291
4.9 12.375 0.0118292
4.9 14.625 0.0133142
4.9 16.875 0.0138145
4.9 19.125 0.0129752
4.9 21.375 0.0134614
4.9 23.625 0.0139257
4.9 25.875 0.013268
4.9 28.125 0.0136674
4.9 30.375 0.0136934
4.9 32.625 0.0134725
4.9 34.875 0.0129909
4.9 37.125 0.0132956
4.9 39.375 0.0199579
4.9 41.625 0.0129775
4.9 43.875 0.0120006
5.1 1.125 0.0104294
5.1 3.375 0.0108099
5.1 5.625 0.013531
5.1 7.875 0.0108358
5.1 10.125 0.0103066
5.1 12.375 0.0111908
5.1 14.625 0.0113546
5.1 16.875 0.0120384
5.1 19.125 0.0116279
5.1 21.375 0.012084
5.1 23.625 0.0111881
5.1 25.875 0.0115642
5.1 28.125 0.0207563
5.1 30.375 0.0115072
5.1 32.625 0.0118849
5.1 34.875 0.0118303
5.1 37.125 0.017842
5.1 39.375 0.011318
5.1 41.625 0.0125814
5.1 43.875 0.010302
5.3 1.125 0.00881291
5.3 3.375 0.0151349
5.3 5.625 0.00945641
5.3 7.875 0.00927185
5.3 10.125 0.0111098
5.3 12.375 0.00924058
5.3 14.625 0.0101371
5.3 16.875 0.010267
5.3 19.125 0.0102626
5.3 21.375 0.010709
5.3 23.625 0.0099505
5.3 25.875 0.0103422
5.3 28.125 0.0103642
5.3 30.375 0.0102723
5.3 32.625 0.0102911
5.3 34.875 0.0107292
5.3 37.125 0.0107113
5.3 39.375 0.00968666
5.3 41.625 0.0110961
5.3 43.875 0.0107423
5.5 1.125 0.00796467
5.5 3.375 0.0082888
5.5 5.625 0.00817579
5.5 7.875 0.00872661
5.5 10.125 0.00836992
5.5 12.375 0.00814473
5.5 14.625 0.00916548
5.5 16.875 0.0109843
5.5 19.125 0.010612
5.5 21.375 0.00871288
5.5 23.625 0.00951724
5.5 25.875 0.00898755
5.5 28.125 0.0095988
5.5 30.375 0.00891747
5.5 32.625 0.00856848
5.5 34.875 0.00901607
5.5 37.125 0.00925732
5.5 39.375 0.00868455
5.5 41.625 0.0182623
5.5 43.875 0.00881196
5.7 1.125 0.00745946
5.7 3.375 0.0204358
5.7 5.625 0.00740259
5.7 7.875 0.00715462
5.7 10.125 0.00752126
5.7 12.375 0.00818327
5.7 14.625 0.00781294
5.7 16.875 0.00834754
5.7 19.125 0.00759826
5.7 21.375 0.0094084
5.7 23.625 0.00774487
5.7 25.875 0.00819352
5.7 28.125 0.00846558
5.7 30.375 0.00794263
5.7 32.625 0.00914848
5.7 34.875 0.00780651
5.7 37.125 0.0080606
5.7 39.375 0.00791542
5.7 41.625 0.00817864
5.7 43.875 0.0095615
5.9 1.125 0.0065407
5.9 3.375 0.00715109
5.9 5.625 0.00719712
5.9 7.875 0.00637945
5.9 10.125 0.00992413
5.9 12.375 0.00714722
5.9 14.625 0.00740337
5.9 16.875 0.00710793
5.9 19.125 0.00679515
5.9 21.375 0.00750174
5.9 23.625 0.00707952
5.9 25.875 0.00692912
5.9 28.125 0.0135752
5.9 30.375 0.00712927
5.9 32.625 0.00871897
5.9 34.875 0.00834802
5.9 37.125 0.00948884
5.9 39.375 0.00686923
5.9 41.625 0.0104993
5.9 43.875 0.00744871
6.1 1.125 0.00612028
6.1 3.375 0.00576444
6.1 5.625 0.00877161
6.1 7.875 0.00625544
6.1 10.125 0.00626329
6.1 12.375 0.00586276
6.1 14.625 0.00662392
6.1 16.875 0.00825712
6.1 19.125 0.0170473
6.1 21.375 0.00630008
6.1 23.625 0.0063804
6.1 25.875 0.00669175
6.1 28.125 0.00665656
6.1 30.375 0.0062808
6.1 32.625 0.00599717
6.1 34.875 0.00588299
6.1 37.125 0.00601376
6.1 39.375 0.00604437
6.1 41.625 0.00647351
6.1 43.875 0.00610064
6.3 1.125 0.00588612
6.3 3.375 0.00572016
6.3 5.625 0.00731633
6.3 7.875 0.0151932
6.3 10.125 0.00559282
6.3 12.375 0.00581461
6.3 14.625 0.014861
6.3 16.875 0.00659371
6.3 19.125 0.0061037
6.3 21.375 0.00594824
6.3 23.625 0.0113928
6.3 25.875 0.00613597
6.3 28.125 0.00588136
6.3 30.375 0.00562993
6.3 32.625 0.00577115
6.3 34.875 0.00546895
6.3 37.125 0.00552204
6.3 39.375 0.00543227
6.3 41.625 0.00569998
6.3 43.875 0.0057682
6.5 1.125 0.00522897
6.5 3.375 0.014953
6.5 5.625 0.00462857
6.5 7.875 0.00466284
6.5 10.125 0.00491499
6.5 12.375 0.00534481
6.5 14.625 0.00598277
6.5 16.875 0.00572934
6.5 19.125 0.00562999
6.5 21.375 0.00499518
6.5 23.625 0.0050121
6.5 25.875 0.00497463
6.5 28.125 0.00512629
6.5 30.375 0.00546149
6.5 32.625 0.00536638
6.5 34.875 0.0052371
6.5 37.125 0.00541864
6.5 39.375 0.00549113
6.5 41.625 0.00552302
6.5 43.875 0.00553458
6.7 1.125 0.00453324
6.7 3.375 0.00473221
6.7 5.625 0.0055109
6.7 7.875 0.00484703
6.7 10.125 0.00460965
6.7 12.375 0.00724444
6.7 14.625 0.0050163
6.7 16.875 0.0052602
6.7 19.125 0.00514185
6.7 21.375 0.00482134
6.7 23.625 0.00486787
6.7 25.875 0.0049001
6.7 28.125 0.00471551
6.7 30.375 0.00489935
6.7 32.625 0.00476902
6.7 34.875 0.00531096
6.7 37.125 0.00479412
6.7 39.375 0.00469755
6.7 41.625 0.00507124
6.7 43.875 0.00512077
6.9 1.125 0.0124901
6.9 3.375 0.0102579
6.9 5.625 0.0104858
6.9 7.875 0.0081707
6.9 10.125 0.025554
6.9 12.375 0.00467757
6.9 14.625 0.00758278
6.9 16.875 0.0101765
6.9 19.125 0.0107077
6.9 21.375 0.00463865
6.9 23.625 0.00478758
6.9 25.875 0.00711609
6.9 28.125 0.00473953
6.9 30.375 0.00439726
6.9 32.625 0.00477841
6.9 34.875 0.00567319
6.9 37.125 0.00479404
6.9 39.375 0.00443029
6.9 41.625 0.00709098
6.9 43.875 0.00482368
7.1 1.125 0.00406638
7.1 3.375 0.00412708
7.1 5.625 0.0108126
7.1 7.875 0.00418604
7.1 10.125 0.00398106
7.1 12.375 0.00434473
7.1 14.625 0.00453756
7.1 16.875 0.00438524
7.1 19.125 0.00419228
7.1 21.375 0.00420567
7.1 23.625 0.00470116
7.1 25.875 0.00454342
7.1 28.125 0.00438301
7.1 30.375 0.0132252
7.1 32.625 0.00493913
7.1 34.875 0.00418411
7.1 37.125 0.00424452
7.1 39.375 0.00437417
7.1 41.625 0.00431167
7.1 43.875 0.00454501
7.3 1.125 0.00419698
7.3 3.375 0.00389066
7.3 5.625 0.00797921
7.3 7.875 0.00431378
7.3 10.125 0.00492946
7.3 12.375 0.00479401
7.3 14.625 0.00405949
7.3 16.875 0.00468581
7.3 19.125 0.00413622
7.3 21.375 0.00411846
7.3 23.625 0.0119618
7.3 25.875 0.00448846
7.3 28.125 0.00382736
7.3 30.375 0.00615772
7.3 32.625 0.00385601
7.3 34.875 0.00420968
7.3 37.125 0.00443326
7.3 39.375 0.00395332
7.3 41.625 0.00395195
7.3 43.875 0.00414896
7.5 1.125 0.0095827
7.5 3.375 0.00407823
7.5 5.625 0.00368647
7.5 7.875 0.00343815
7.5 10.125 0.00384375
7.5 12.375 0.00372364
7.5 14.625 0.010248
7.5 16.875 0.00405261
7.5 19.125 0.00381944
7.5 21.375 0.0059846
7.5 23.625 0.00387206
7.5 25.875 0.0172739
7.5 28.125 0.00361784
7.5 30.375 0.00411044
7.5 32.625 0.0121833
7.5 34.875 0.00376367
7.5 37.125 0.00397608
7.5 39.375 0.00392109
7.5 41.625 0.0122066
7.5 43.875 0.00368322
7.7 1.125 0.00365484
7.7 3.375 0.00540169
7.7 5.625 0.00916722
7.7 7.875 0.00493849
7.7 10.125 0.012516
7.7 12.375 0.00364463
7.7 14.625 0.00375707
7.7 16.875 0.00353272
7.7 19.125 0.00441411
7.7 21.375 0.00343009
7.7 23.625 0.00349845
7.7 25.875 0.00367451
7.7 28.125 0.00410378
7.7 30.375 0.00372898
7.7 32.625 0.00427052
7.7 34.875 0.00781007
7.7 37.125 0.00347844
7.7 39.375 0.00369262
7.7 41.625 0.00401361
7.7 43.875 0.00377752
7.9 1.125 0.0036967
7.9 3.375 0.00309539
7.9 5.625 0.00907444
7.9 7.875 0.0032999
7.9 10.125 0.00347047
7.9 12.375 0.00812793
7.9 14.625 0.00564076
7.9 16.875 0.00335869
7.9 19.125 0.00895824
7.9 21.375 0.00340857
7.9 23.625 0.00510599
7.9 25.875 0.00319487
7.9 28.125 0.00583325
7.9 30.375 0.00315953
7.9 32.625 0.00444017
7.9 34.875 0.0108689
7.9 37.125 0.00352926
7.9 39.375 0.00330875
7.9 41.625 0.00357344
7.9 43.875 0.00322971
8.1 1.125 0.00327117
8.1 3.375 0.0158019
8.1 5.625 0.00343993
8.1 7.875 0.00321419
8.1 10.125 0.00326696
8.1 12.375 0.00725668
8.1 14.625 0.00323465
8.1 16.875 0.00349122
8.1 19.125 0.00344446
8.1 21.375 0.00334081
8.1 23.625 0.0117054
8.1 25.875 0.0106853
8.1 28.125 0.00353976
8.1 30.375 0.00342148
8.1 32.625 0.00334233
8.1 34.875 0.00347484
8.1 37.125 0.00370198
8.1 39.375 0.00342018
8.1 41.625 0.00306988
8.1 43.875 0.00330678
8.3 1.125 0.00326398
8.3 3.375 0.0032967
8.3 5.625 0.00314563
8.3 7.875 0.011571
8.3 10.125 0.0030654
8.3 12.375 0.00325133
8.3 14.625 0.00316271
8.3 16.875 0.00314453
8.3 19.125 0.00326395
8.3 21.375 0.00974093
8.3 23.625 0.00431008
8.3 25.875 0.00306303
8.3 28.125 0.00327859
8.3 30.375 0.005347
8.3 32.625 0.00316742
8.3 34.875 0.00328351
8.3 37.125 0.00322593
8.3 39.375 0.00297698
8.3 41.625 0.00319523
8.3 43.875 0.00302677
8.5 1.125 0.00287951
8.5 3.375 0.0124736
8.5 5.625 0.00317317
8.5 7.875 0.00300858
8.5 10.125 0.00306487
8.5 12.375 0.012966
8.5 14.625 0.00450622
8.5 16.875 0.00335683
8.5 19.125 0.00479631
8.5 21.375 0.00381309
8.5 23.625 0.003993
8.5 25.875 0.00304938
8.5 28.125 0.00771062
8.5 30.375 0.003056
8.5 32.625 0.00304274
8.5 34.875 0.00921464
8.5 37.125 0.00373458
8.5 39.375 0.00288128
8.5 41.625 0.00282631
8.5 43.875 0.00348465
8.7 1.125 0.00306782
8.7 3.375 0.00433829
8.7 5.625 0.00315532
8.7 7.875 0.00272247
8.7 10.125 0.0033823
8.7 12.375 0.00291025
8.7 14.625 0.0029043
8.7 16.875 0.00681242
8.7 19.125 0.00346425
8.7 21.375 0.00285713
8.7 23.625 0.00289378
8.7 25.875 0.00311724
8.7 28.125 0.00409898
8.7 30.375 0.00343133
8.7 32.625 0.00278262
8.7 34.875 0.00299456
8.7 37.125 0.00309551
8.7 39.375 0.00295979
8.7 41.625 0.00381733
8.7 43.875 0.0228792
8.9 1.125 0.00278787
8.9 3.375 0.00376327
8.9 5.625 0.00340349
8.9 7.875 0.00285097
8.9 10.125 0.00321905
8.9 12.375 0.00311051
8.9 14.625 0.00311998
8.9 16.875 0.00276093
8.9 19.125 0.00298401
8.9 21.375 0.00258873
8.9 23.625 0.00325938
8.9 25.875 0.00284927
8.9 28.125 0.00310978
8.9 30.375 0.0117488
8.9 32.625 0.00530776
8.9 34.875 0.00303395
8.9 37.125 0.00284329
8.9 39.375 0.00290122
8.9 41.625 0.0028374
8.9 43.875 0.00269191
9.1 1.125 0.00279478
9.1 3.375 0.012945
9.1 5.625 0.00299476
9.1 7.875 0.00258457
9.1 10.125 0.00271449
9.1 12.375 0.00295876
9.1 14.625 0.00272774
9.1 16.875 0.00291384
9.1 19.125 0.00313132
9.1 21.375 0.00269745
9.1 23.625 0.00287149
9.1 25.875 0.00303558
9.1 28.125 0.0026238
9.1 30.375 0.00271878
9.1 32.625 0.00282844
9.1 34.875 0.00504181
9.1 37.125 0.0028578
9.1 39.375 0.00291324
9.1 41.625 0.00276919
9.1 43.875 0.00552797
9.3 1.125 0.00281041
9.3 3.375 0.00369808
9.3 5.625 0.00300347
9.3 7.875 0.00319441
9.3 10.125 0.00274484
9.3 12.375 0.0208641
9.3 14.625 0.00265708
9.3 16.875 0.00578828
9.3 19.125 0.00978501
9.3 21.375 0.00291266
9.3 23.625 0.00310856
9.3 25.875 0.00293395
9.3 28.125 0.00289049
9.3 30.375 0.00283769
9.3 32.625 0.00263535
9.3 34.875 0.00250506
9.3 37.125 0.00307845
9.3 39.375 0.0081615
9.3 41.625 0.00288874
9.3 43.875 0.0165657
9.5 1.125 0.00272212
9.5 3.375 0.00311478
9.5 5.625 0.00267245
9.5 7.875 0.00284432
9.5 10.125 0.00272226
9.5 12.375 0.00275688
9.5 14.625 0.00289075
9.5 16.875 0.00344353
9.5 19.125 0.00257028
9.5 21.375 0.00294427
9.5 23.625 0.00249686
9.5 25.875 0.00284983
9.5 28.125 0.00262731
9.5 30.375 0.00451372
9.5 32.625 0.00474262
9.5 34.875 0.00290759
9.5 37.125 0.00277678
9.5 39.375 0.00271385
9.5 41.625 0.00262767
9.5 43.875 0.00427768
9.7 1.125 0.00247923
9.7 3.375 0.00278426
9.7 5.625 0.0188861
9.7 7.875 0.00308674
9.7 10.125 0.00288445
9.7 12.375 0.00262136
9.7 14.625 0.00256709
9.7 16.875 0.00355161
9.7 19.125 0.0027517
9.7 21.375 0.00265269
9.7 23.625 0.0133269
9.7 25.875 0.00334564
9.7 28.125 0.00265139
9.7 30.375 0.00256709
9.7 32.625 0.00338088
9.7 34.875 0.00276101
9.7 37.125 0.00963083
9.7 39.375 0.00283021
9.7 41.625 0.00243995
9.7 43.875 0.0026207
9.9 1.125 0.00313818
9.9 3.375 0.00280356
9.9 5.625 0.00255889
9.9 7.875 0.0122222
9.9 10.125 0.00299873
9.9 12.375 0.00267959
9.9 14.625 0.00259852
9.9 16.875 0.00256038
9.9 19.125 0.00310298
9.9 21.375 0.00293889
9.9 23.625 0.00289237
9.9 25.875 0.00253593
9.9 28.125 0.00302162
9.9 30.375 0.0026587
9.9 32.625 0.00252527
9.9 34.875 0.00243912
9.9 37.125 0.00264442
9.9 39.375 0.00282421
9.9 41.625 0.002441
9.9 43.875 0.00268378
10.1 1.125 0.00260562
10.1 3.375 0.00280676
10.1 5.625 0.00532711
10.1 7.875 0.00844815
10.1 10.125 0.00237388
10.1 12.375 0.00297656
10.1 14.625 0.0028589
10.1 16.875 0.00250717
10.1 19.125 0.00289243
10.1 21.375 0.00284909
10.1 23.625 0.00243375
10.1 25.875 0.0130551
10.1 28.125 0.00229582
10.1 30.375 0.00252191
10.1 32.625 0.0025716
10.1 34.875 0.00238587
10.1 37.125 0.00250817
10.1 39.375 0.00277564
10.1 41.625 0.0025228
10.1 43.875 0.0122609
10.3 1.125 0.00259995
10.3 3.375 0.00243
10.3 5.625 0.0024533
10.3 7.875 0.00266434
10.3 10.125 0.0116188
10.3 12.375 0.00247541
10.3 14.625 0.0028387
10.3 16.875 0.0025736
10.3 19.125 0.00335956
10.3 21.375 0.0033607
10.3 23.625 0.00235594
10.3 25.875 0.00247679
10.3 28.125 0.00270543
10.3 30.375 0.00274439
10.3 32.625 0.00470195
10.3 34.875 0.00251173
10.3 37.125 0.0028196
10.3 39.375 0.00281319
10.3 41.625 0.00231308
10.3 43.875 0.00260982
10.5 1.125 0.0201338
10.5 3.375 0.00391243
10.5 5.625 0.00225656
10.5 7.875 0.00265301
10.5 10.125 0.00335001
10.5 12.375 0.00666431
10.5 14.625 0.00349002
10.5 16.875 0.0205421
10.5 19.125 0.00419806
10.5 21.375 0.00245868
10.5 23.625 0.00263027
10.5 25.875 0.00227423
10.5 28.125 0.00313575
10.5 30.375 0.00234622
10.5 32.625 0.00253344
10.5 34.875 0.0024426
10.5 37.125 0.0028199
10.5 39.375 0.00235015
10.5 41.625 0.00265207
10.5 43.875 0.0242816
10.7 1.125 0.00278538
10.7 3.375 0.00247181
10.7 5.625 0.00274944
10.7 7.875 0.00256563
10.7 10.125 0.00218096
10.7 12.375 0.0100504
10.7 14.625 0.00320536
10.7 16.875 0.0201971
10.7 19.125 0.00308416
10.7 21.375 0.00562528
10.7 23.625 0.00235648
10.7 25.875 0.00256427
10.7 28.125 0.00316269
10.7 30.375 0.00253668
10.7 32.625 0.00240777
10.7 34.875 0.00278235
10.7 37.125 0.00225288
10.7 39.375 0.00248767
10.7 41.625 0.00316949
10.7 43.875 0.00249144
10.9 1.125 0.00262312
10.9 3.375 0.00303843
10.9 5.625 0.00260943
10.9 7.875 0.00241557
10.9 10.125 0.00268449
10.9 12.375 0.0024269
10.9 14.625 0.0210346
10.9 16.875 0.00271327
10.9 19.125 0.00222867
10.9 21.375 0.0050958
10.9 23.625 0.00258079
10.9 25.875 0.00316841
10.9 28.125 0.0026653
10.9 30.375 0.00203605
10.9 32.625 0.00238866
10.9 34.875 0.00244309
10.9 37.125 0.00465373
10.9 39.375 0.00257349
10.9 41.625 0.0028448
10.9 43.875 0.00255456
11.1 1.125 0.0121034
11.1 3.375 0.0034611
11.1 5.625 0.00209151
11.1 7.875 0.0025179
11.1 10.125 0.00296743
11.1 12.375 0.002385
11.1 14.625 0.00238783
11.1 16.875 0.0023789
11.1 19.125 0.00253167
11.1 21.375 0.0117291
11.1 23.625 0.021787
11.1 25.875 0.00468326
11.1 28.125 0.0132638
11.1 30.375 0.00240118
11.1 32.625 0.00230946
11.1 34.875 0.00447381
11.1 37.125 0.00287279
11.1 39.375 0.00238652
11.1 41.625 0.0151967
11.1 43.875 0.00410788
11.3 1.125 0.00277401
11.3 3.375 0.00505064
11.3 5.625 0.00239319
11.3 7.875 0.00236574
11.3 10.125 0.00249091
11.3 12.375 0.00230447
11.3 14.625 0.00310399
11.3 16.875 0.0025013
11.3 19.125 0.0023892
11.3 21.375 0.00204409
11.3 23.625 0.00221105
11.3 25.875 0.0371846
11.3 28.125 0.0116039
11.3 30.375 0.00258147
11.3 32.625 0.0030722
11.3 34.875 0.00245443
11.3 37.125 0.00416735
11.3 39.375 0.00240912
11.3 41.625 0.00299879
11.3 43.875 0.00245983
11.5 1.125 0.00255511
11.5 3.375 0.00197129
11.5 5.625 0.00213494
11.5 7.875 0.00265718
11.5 10.125 0.0187197
11.5 12.375 0.0258229
11.5 14.625 0.0320301
11.5 16.875 0.00223136
11.5 19.125 0.00345342
11.5 21.375 0.00251824
11.5 23.625 0.0115454
11.5 25.875 0.0302112
11.5 28.125 0.00326122
11.5 30.375 0.00557424
11.5 32.625 0.00237398
11.5 34.875 0.00939355
11.5 37.125 0.00234509
11.5 39.375 0.00266656
11.5 41.625 0.00229889
11.5 43.875 0.0235824
11.7 1.125 0.00271597
11.7 3.375 0.00291764
11.7 5.625 0.00267373
11.7 7.875 0.00328726
11.7 10.125 0.00391513
11.7 12.375 0.00255729
11.7 14.625 0.027142
11.7 16.875 0.00263396
11.7 19.125 0.00230402
11.7 21.375 0.00247373
11.7 23.625 0.00221907
11.7 25.875 0.00328496
11.7 28.125 0.00222843
11.7 30.375 0.00377005
11.7 32.625 0.00234165
11.7 34.875 0.00229312
11.7 37.125 0.00224176
11.7 39.375 0.00224407
11.7 41.625 0.00461643
11.7 43.875 0.00235179
11.9 1.125 0.00212531
11.9 3.375 0.0344055
11.9 5.625 0.0089473
11.9 7.875 0.00283701
11.9 10.125 0.0033384
11.9 12.375 0.00273866
11.9 14.625 0.00231051
11.9 16.875 0.00215679
11.9 19.125 0.00253272
11.9 21.375 0.00224284
11.9 23.625 0.00230636
11.9 25.875 0.00289822
11.9 28.125 0.00258095
11.9 30.375 0.0172314
11.9 32.625 0.00232226
11.9 34.875 0.0117471
11.9 37.125 0.00767856
11.9 39.375 0.00264316
11.9 41.625 0.00485618
11.9 43.875 0.0023333
12.1 1.125 0.00636115
12.1 3.375 0.00282459
12.1 5.625 0.00390672
12.1 7.875 0.0114362
12.1 10.125 0.00237504
12.1 12.375 0.00199434
12.1 14.625 0.00244699
12.1 16.875 0.0020355
12.1 19.125 0.00250447
12.1 21.375 0.0021304
12.1 23.625 0.00254691
12.1 25.875 0.00362234
12.1 28.125 0.00232327
12.1 30.375 0.00226287
12.1 32.625 0.00938659
12.1 34.875 0.00618558
12.1 37.125 0.00343063
12.1 39.375 0.00232656
12.1 41.625 0.00220659
12.1 43.875 0.00276076
12.3 1.125 0.00439816
12.3 3.375 0.00368487
12.3 5.625 0.0154189
12.3 7.875 0.00199794
12.3 10.125 0.0065457
12.3 12.375 0.00292385
12.3 14.625 0.0308351
12.3 16.875 0.0349325
12.3 19.125 0.0153553
12.3 21.375 0.0291024
12.3 23.625 0.0126584
12.3 25.875 0.00235571
12.3 28.125 0.00209809
12.3 30.375 0.00238208
12.3 32.625 0.00268473
12.3 34.875 0.00215644
12.3 37.125 0.00555304
12.3 39.375 0.00446485
12.3 41.625 0.00263204
12.3 43.875 0.00261964
12.5 1.125 0.00287383
12.5 3.375 0.00272694
12.5 5.625 0.00256327
12.5 7.875 0.0210052
12.5 10.125 0.00312739
12.5 12.375 0.00492821
12.5 14.625 0.00248833
12.5 16.875 0.00342292
12.5 19.125 0.00239284
12.5 21.375 0.00268363
12.5 23.625 0.00212364
12.5 25.875 0.0243471
12.5 28.125 0.00226706
12.5 30.375 0.00202856
12.5 32.625 0.00200275
12.5 34.875 0.00442465
12.5 37.125 0.00263746
12.5 39.375 0.0301829
12.5 41.625 0.00241541
12.5 43.875 0.00266295
12.7 1.125 0.0037226
12.7 3.375 0.00506041
12.7 5.625 0.00217004
12.7 7.875 0.00748147
12.7 10.125 0.00205349
12.7 12.375 0.00254069
12.7 14.625 0.0311666
12.7 16.875 0.00577894
12.7 19.125 0.0550511
12.7 21.375 0.00234019
12.7 23.625 0.0437821
12.7 25.875 0.00404097
12.7 28.125 0.0025034
12.7 30.375 0.00233642
12.7 32.625 0.00217062
12.7 34.875 0.00290046
12.7 37.125 0.0816311
12.7 39.375 0.00343402
12.7 41.625 0.0293525
12.7 43.875 0.00260589
12.9 1.125 0.0037598
12.9 3.375 0.00212887
12.9 5.625 0.00290058
12.9 7.875 0.00235836
12.9 10.125 0.00226732
12.9 12.375 0.00725569
12.9 14.625 0.00260514
12.9 16.875 0.00594656
12.9 19.125 0.014416
12.9 21.375 0.00300025
12.9 23.625 0.0028049
12.9 25.875 0.00215662
12.9 28.125 0.00206851
12.9 30.375 0.00246376
12.9 32.625 0.00748878
12.9 34.875 0.0068987
12.9 37.125 0.0194868
12.9 39.375 0.0102234
12.9 41.625 0.00244068
12.9 43.875 0.0025028
13.1 1.125 0.0033263
13.1 3.375 0.00371994
13.1 5.625 0.00374924
13.1 7.875 0.00235109
13.1 10.125 0.00285559
13.1 12.375 0.00235122
13.1 14.625 0.0025067
13.1 16.875 0.00273117
13.1 19.125 0.00239814
13.1 21.375 0.036611
13.1 23.625 0.00535354
13.1 25.875 0.00302913
13.1 28.125 0.00277332
13.1 30.375 0.00616595
13.1 32.625 0.00242219
13.1 34.875 0.0357919
13.1 37.125 0.0024536
13.1 39.375 0.00370753
13.1 41.625 0.00263538
13.1 43.875 0.00504937
13.3 1.125 0.011059
13.3 3.375 0.00192854
13.3 5.625 0.00244306
13.3 7.875 0.0020261
13.3 10.125 0.0263533
13.3 12.375 0.0024144
13.3 14.625 0.022047
13.3 16.875 0.00177167
13.3 19.125 0.00233169
13.3 21.375 0.0152653
13.3 23.625 0.0296217
13.3 25.875 0.0037097
13.3 28.125 0.00238684
13.3 30.375 0.00687271
13.3 32.625 0.00247042
13.3 34.875 0.00213974
13.3 37.125 0.003478
13.3 39.375 0.00386257
13.3 41.625 0.00203375
13.3 43.875 0.00218581
13.5 1.125 0.00246883
13.5 3.375 0.0022819
13.5 5.625 0.0023622
13.5 7.875 0.00298244
13.5 10.125 0.00272731
13.5 12.375 0.0017952
13.5 14.625 0.00656132
13.5 16.875 0.0148825
13.5 19.125 0.00251133
13.5 21.375 0.0160227
13.5 23.625 0.00972755
13.5 25.875 0.0054849
13.5 28.125 0.00222841
13.5 30.375 0.0128433
13.5 32.625 0.017484
13.5 34.875 0.00253244
13.5 37.125 0.00223492
13.5 39.375 0.00308443
13.5 41.625 0.00372003
13.5 43.875 0.024939
13.7 1.125 0.0107721
13.7 3.375 0.00245061
13.7 5.625 0.00171271
13.7 7.875 0.00236301
13.7 10.125 0.0024414
13.7 12.375 0.0679938
13.7 14.625 0.00238886
13.7 16.875 0.00207489
13.7 19.125 0.00334024
13.7 21.375 0.00273502
13.7 23.625 0.00344658
13.7 25.875 0.0038867
13.7 28.125 0.0466419
13.7 30.375 0.00235733
13.7 32.625 0.00208114
13.7 34.875 0.112545
13.7 37.125 0.00205629
13.7 39.375 0.00216362
13.7 41.625 0.0351296
13.7 43.875 0.00290118
13.9 1.125 0.00231657
13.9 3.375 0.00268792
13.9 5.625 0.00285439
13.9 7.875 0.0156339
13.9 10.125 0.00812802
13.9 12.375 0.00503333
13.9 14.625 0.0500428
13.9 16.875 0.00202338
13.9 19.125 0.0221409
13.9 21.375 0.00198005
13.9 23.625 0.00222605
13.9 25.875 0.00243105
13.9 28.125 0.0031918
13.9 30.375 0.00670604
13.9 32.625 0.00609281
13.9 34.875 0.0218521
13.9 37.125 0.0151751
13.9 39.375 0.00208713
13.9 41.625 0.00380641
13.9 43.875 0.0685876
