0.1 1.125 0.666182
0.1 3.375 0.671732
0.1 5.625 0.678961
0.1 7.875 0.628908
0.1 10.125 0.675365
0.1 12.375 0.676828
0.1 14.625 0.674185
0.1 16.875 0.63006
0.1 19.125 0.653835
0.1 21.375 0.604836
0.1 23.625 0.653871
0.1 25.875 0.663861
0.1 28.125 0.66857
0.1 30.375 0.665292
0.1 32.625 0.672821
0.1 34.875 0.652982
0.1 37.125 0.634132
0.1 39.375 0.670096
0.1 41.625 0.668993
0.1 43.875 0.664947
0.3 1.125 0.645474
0.3 3.375 0.640552
0.3 5.625 0.668839
0.3 7.875 0.661745
0.3 10.125 0.635133
0.3 12.375 0.65329
0.3 14.625 0.655749
0.3 16.875 0.659691
0.3 19.125 0.666602
0.3 21.375 0.648239
0.3 23.625 0.650767
0.3 25.875 0.653002
0.3 28.125 0.647525
0.3 30.375 0.650692
0.3 32.625 0.637469
0.3 34.875 0.657252
0.3 37.125 0.651662
0.3 39.375 0.655359
0.3 41.625 0.65834
0.3 43.875 0.661689
0.5 1.125 0.627064
0.5 3.375 0.635108
0.5 5.625 0.642452
0.5 7.875 0.643049
0.5 10.125 0.645224
0.5 12.375 0.6458
0.5 14.625 0.637042
0.5 16.875 0.636918
0.5 19.125 0.638185
0.5 21.375 0.632805
0.5 23.625 0.631602
0.5 25.875 0.629754
0.5 28.125 0.63293
0.5 30.375 0.625039
0.5 32.625 0.627558
0.5 34.875 0.623489
0.5 37.125 0.634761
0.5 39.375 0.62764
0.5 41.625 0.63029
0.5 43.875 0.633902
0.7 1.125 0.612831
0.7 3.375 0.604116
0.7 5.625 0.601962
0.7 7.875 0.612272
0.7 10.125 0.60543
0.7 12.375 0.606021
0.7 14.625 0.613318
0.7 16.875 0.602981
0.7 19.125 0.599796
0.7 21.375 0.597946
0.7 23.625 0.605988
0.7 25.875 0.612363
0.7 28.125 0.599353
0.7 30.375 0.600065
0.7 32.625 0.595033
0.7 34.875 0.59246
0.7 37.125 0.602364
0.7 39.375 0.595303
0.7 41.625 0.597488
0.7 43.875 0.593312
0.9 1.125 0.544542
0.9 3.375 0.547932
0.9 5.625 0.535288
0.9 7.875 0.539325
0.9 10.125 0.547919
0.9 12.375 0.550897
0.9 14.625 0.54431
0.9 16.875 0.536593
0.9 19.125 0.541419
0.9 21.375 0.535552
0.9 23.625 0.53953
0.9 25.875 0.5424
0.9 28.125 0.539079
0.9 30.375 0.541843
0.9 32.625 0.540981
0.9 34.875 0.548918
0.9 37.125 0.543546
0.9 39.375 0.538157
0.9 41.625 0.551317
0.9 43.875 0.54748
1.1 1.125 0.430714
1.1 3.375 0.431602
1.1 5.625 0.441971
1.1 7.875 0.436615
1.1 10.125 0.432124
1.1 12.375 0.443456
1.1 14.625 0.452281
1.1 16.875 0.439926
1.1 19.125 0.448997
1.1 21.375 0.451246
1.1 23.625 0.476575
1.1 25.875 0.480675
1.1 28.125 0.457515
1.1 30.375 0.478235
1.1 32.625 0.479931
1.1 34.875 0.497623
1.1 37.125 0.485337
1.1 39.375 0.497728
1.1 41.625 0.490472
1.1 43.875 0.499301
1.3 1.125 0.27568
1.3 3.375 0.29609
1.3 5.625 0.267618
1.3 7.875 0.292506
1.3 10.125 0.30404
1.3 12.375 0.284372
1.3 14.625 0.312221
1.3 16.875 0.308016
1.3 19.125 0.307946
1.3 21.375 0.337818
1.3 23.625 0.337139
1.3 25.875 0.339127
1.3 28.125 0.348939
1.3 30.375 0.366471
1.3 32.625 0.37254
1.3 34.875 0.415676
1.3 37.125 0.395245
1.3 39.375 0.404757
1.3 41.625 0.408437
1.3 43.875 0.438443
1.5 1.125 0.163616
1.5 3.375 0.161949
1.5 5.625 0.169648
1.5 7.875 0.174905
1.5 10.125 0.160397
1.5 12.375 0.180474
1.5 14.625 0.187525
1.5 16.875 0.188357
1.5 19.125 0.18898
1.5 21.375 0.237887
1.5 23.625 0.22816
1.5 25.875 0.227069
1.5 28.125 0.2371
1.5 30.375 0.23931
1.5 32.625 0.26347
1.5 34.875 0.261724
1.5 37.125 0.300632
1.5 39.375 0.305767
1.5 41.625 0.326318
1.5 43.875 0.337654
1.7 1.125 0.0947582
1.7 3.375 0.0942536
1.7 5.625 0.097658
1.7 7.875 0.0990526
1.7 10.125 0.105619
1.7 12.375 0.119872
1.7 14.625 0.119662
1.7 16.875 0.118495
1.7 19.125 0.125744
1.7 21.375 0.121818
1.7 23.625 0.131911
1.7 25.875 0.132737
1.7 28.125 0.138954
1.7 30.375 0.155962
1.7 32.625 0.144587
1.7 34.875 0.137405
1.7 37.125 0.150171
1.7 39.375 0.188665
1.7 41.625 0.154545
1.7 43.875 0.20603
1.9 1.125 0.0573181
1.9 3.375 0.057448
1.9 5.625 0.0631224
1.9 7.875 0.0608572
1.9 10.125 0.0668045
1.9 12.375 0.0695282
1.9 14.625 0.066163
1.9 16.875 0.0749377
1.9 19.125 0.0811297
1.9 21.375 0.0806132
1.9 23.625 0.0755897
1.9 25.875 0.0794868
1.9 28.125 0.0888344
1.9 30.375 0.0897447
1.9 32.625 0.0938176
1.9 34.875 0.0812094
1.9 37.125 0.0928233
1.9 39.375 0.106331
1.9 41.625 0.119186
1.9 43.875 0.129549
2.1 1.125 0.0381687
2.1 3.375 0.0373806
2.1 5.625 0.0386158
2.1 7.875 0.0407464
2.1 10.125 0.0406106
2.1 12.375 0.0437931
2.1 14.625 0.0447148
2.1 16.875 0.0477887
2.1 19.125 0.0485218
2.1 21.375 0.0511935
2.1 23.625 0.0541245
2.1 25.875 0.0510369
2.1 28.125 0.0558538
2.1 30.375 0.0591528
2.1 32.625 0.0640187
2.1 34.875 0.0596806
2.1 37.125 0.0706954
2.1 39.375 0.079187
2.1 41.625 0.0768947
2.1 43.875 0.0737262
2.3 1.125 0.0235258
2.3 3.375 0.0232912
2.3 5.625 0.022771
2.3 7.875 0.0243622
2.3 10.125 0.0248615
2.3 12.375 0.0265182
2.3 14.625 0.0278029
2.3 16.875 0.0293452
2.3 19.125 0.0287244
2.3 21.375 0.0325743
2.3 23.625 0.0313514
2.3 25.875 0.0354288
2.3 28.125 0.0369477
2.3 30.375 0.0382348
2.3 32.625 0.0408746
2.3 34.875 0.043841
2.3 37.125 0.0456001
2.3 39.375 0.046863
2.3 41.625 0.0481111
2.3 43.875 0.0477963
2.5 1.125 0.0140966
2.5 3.375 0.0142747
2.5 5.625 0.0142893
2.5 7.875 0.0147647
2.5 10.125 0.0149613
2.5 12.375 0.0146526
2.5 14.625 0.0152954
2.5 16.875 0.0157369
2.5 19.125 0.0179822
2.5 21.375 0.0181444
2.5 23.625 0.0200283
2.5 25.875 0.0219704
2.5 28.125 0.0247862
2.5 30.375 0.0280024
2.5 32.625 0.0293768
2.5 34.875 0.0298035
2.5 37.125 0.0300275
2.5 39.375 0.030061
2.5 41.625 0.0309093
2.5 43.875 0.0302832
2.7 1.125 0.0124759
2.7 3.375 0.0119183
2.7 5.625 0.0123901
2.7 7.875 0.0129758
2.7 10.125 0.011552
2.7 12.375 0.0103383
2.7 14.625 0.0112582
2.7 16.875 0.0117212
2.7 19.125 0.0112224
2.7 21.375 0.0122789
2.7 23.625 0.0127716
2.7 25.875 0.0150417
2.7 28.125 0.0158791
2.7 30.375 0.0172501
2.7 32.625 0.019929
2.7 34.875 0.0211798
2.7 37.125 0.0210945
2.7 39.375 0.0205209
2.7 41.625 0.0185887
2.7 43.875 0.0198682
2.9 1.125 0.0100632
2.9 3.375 0.0105842
2.9 5.625 0.0105543
2.9 7.875 0.00987457
2.9 10.125 0.00947281
2.9 12.375 0.00948415
2.9 14.625 0.0090081
2.9 16.875 0.00978377
2.9 19.125 0.00976221
2.9 21.375 0.0104463
2.9 23.625 0.0103151
2.9 25.875 0.0107446
2.9 28.125 0.0114019
2.9 30.375 0.0109837
2.9 32.625 0.0112136
2.9 34.875 0.0121838
2.9 37.125 0.0133526
2.9 39.375 0.0138058
2.9 41.625 0.013841
2.9 43.875 0.013745
3.1 1.125 0.00817247
3.1 3.375 0.00812262
3.1 5.625 0.00786017
3.1 7.875 0.00708559
3.1 10.125 0.00776431
3.1 12.375 0.00800925
3.1 14.625 0.00719262
3.1 16.875 0.00792925
3.1 19.125 0.0080306
3.1 21.375 0.0085407
3.1 23.625 0.00878467
3.1 25.875 0.00945626
3.1 28.125 0.00975322
3.1 30.375 0.00951128
3.1 32.625 0.0096799
3.1 34.875 0.00973207
3.1 37.125 0.010075
3.1 39.375 0.00999158
3.1 41.625 0.0108629
3.1 43.875 0.0115308
3.3 1.125 0.00696931
3.3 3.375 0.00652008
3.3 5.625 0.0065811
3.3 7.875 0.0074233
3.3 10.125 0.00739268
3.3 12.375 0.00658926
3.3 14.625 0.00698464
3.3 16.875 0.00770502
3.3 19.125 0.00647466
3.3 21.375 0.00679585
3.3 23.625 0.00715169
3.3 25.875 0.00792588
3.3 28.125 0.00792929
3.3 30.375 0.00789816
3.3 32.625 0.00806166
3.3 34.875 0.00813787
3.3 37.125 0.00779902
3.3 39.375 0.0076974
3.3 41.625 0.00888714
3.3 43.875 0.0091534
3.5 1.125 0.00628287
3.5 3.375 0.00629295
3.5 5.625 0.00638068
3.5 7.875 0.00644332
3.5 10.125 0.00620816
3.5 12.375 0.00609313
3.5 14.625 0.00621206
3.5 16.875 0.00574116
3.5 19.125 0.00579043
3.5 21.375 0.0065567
3.5 23.625 0.00687728
3.5 25.875 0.00754706
3.5 28.125 0.00675062
3.5 30.375 0.00701065
3.5 32.625 0.00744262
3.5 34.875 0.0074961
3.5 37.125 0.0068145
3.5 39.375 0.00717533
3.5 41.625 0.00724186
3.5 43.875 0.00665406
3.7 1.125 0.00592762
3.7 3.375 0.0061671
3.7 5.625 0.00587308
3.7 7.875 0.00581413
3.7 10.125 0.00553182
3.7 12.375 0.00573893
3.7 14.625 0.00620001
3.7 16.875 0.00508857
3.7 19.125 0.00729423
3.7 21.375 0.00527649
3.7 23.625 0.00533423
3.7 25.875 0.00589195
3.7 28.125 0.00617466
3.7 30.375 0.00628995
3.7 32.625 0.00592711
3.7 34.875 0.00584423
3.7 37.125 0.00640137
3.7 39.375 0.00656516
3.7 41.625 0.00608823
3.7 43.875 0.00567771
3.9 1.125 0.00571842
3.9 3.375 0.00541484
3.9 5.625 0.00571227
3.9 7.875 0.0057773
3.9 10.125 0.00546411
3.9 12.375 0.00565086
3.9 14.625 0.00573463
3.9 16.875 0.00540535
3.9 19.125 0.00623284
3.9 21.375 0.00567492
3.9 23.625 0.00585659
3.9 25.875 0.00561224
3.9 28.125 0.00565893
3.9 30.375 0.00591016
3.9 32.625 0.0063762
3.9 34.875 0.00529682
3.9 37.125 0.00557407
3.9 39.375 0.00505955
3.9 41.625 0.00503937
3.9 43.875 0.00521884
4.1 1.125 0.00547793
4.1 3.375 0.00511774
4.1 5.625 0.00468712
4.1 7.875 0.00537762
4.1 10.125 0.00558686
4.1 12.375 0.00573655
4.1 14.625 0.00517054
4.1 16.875 0.00563887
4.1 19.125 0.00614633
4.1 21.375 0.00677225
4.1 23.625 0.00565065
4.1 25.875 0.00533141
4.1 28.125 0.00480811
4.1 30.375 0.00542735
4.1 32.625 0.00512678
4.1 34.875 0.00502841
4.1 37.125 0.00514542
4.1 39.375 0.00414752
4.1 41.625 0.00498577
4.1 43.875 0.00469696
4.3 1.125 0.00444019
4.3 3.375 0.00466354
4.3 5.625 0.00463459
4.3 7.875 0.00507105
4.3 10.125 0.00475109
4.3 12.375 0.00485402
4.3 14.625 0.00534466
4.3 16.875 0.00457376
4.3 19.125 0.00487716
4.3 21.375 0.00479679
4.3 23.625 0.00530394
4.3 25.875 0.00474188
4.3 28.125 0.00533433
4.3 30.375 0.00492459
4.3 32.625 0.00475542
4.3 34.875 0.00433462
4.3 37.125 0.00404155
4.3 39.375 0.00447142
4.3 41.625 0.00419169
4.3 43.875 0.00403654
4.5 1.125 0.00430025
4.5 3.375 0.00411235
4.5 5.625 0.00446633
4.5 7.875 0.00461928
4.5 10.125 0.00401878
4.5 12.375 0.00428185
4.5 14.625 0.00495373
4.5 16.875 0.00490612
4.5 19.125 0.00485054
4.5 21.375 0.00459172
4.5 23.625 0.00473116
4.5 25.875 0.00507517
4.5 28.125 0.00460805
4.5 30.375 0.00459899
4.5 32.625 0.00439034
4.5 34.875 0.00363587
4.5 37.125 0.00388221
4.5 39.375 0.004546
4.5 41.625 0.00373306
4.5 43.875 0.00392145
4.7 1.125 0.00400337
4.7 3.375 0.00365654
4.7 5.625 0.00402292
4.7 7.875 0.00360113
4.7 10.125 0.00358843
4.7 12.375 0.00431792
4.7 14.625 0.00373582
4.7 16.875 0.00441602
4.7 19.125 0.00449063
4.7 21.375 0.00393174
4.7 23.625 0.00415735
4.7 25.875 0.00452806
4.7 28.125 0.00418334
4.7 30.375 0.00409037
4.7 32.625 0.00367628
4.7 34.875 0.00416398
4.7 37.125 0.00401942
4.7 39.375 0.00365376
4.7 41.625 0.00402046
4.7 43.875 0.0034757
4.9 1.125 0.00340699
4.9 3.375 0.00339713
4.9 5.625 0.00353979
4.9 7.875 0.00318886
4.9 10.125 0.00330137
4.9 12.375 0.00514498
4.9 14.625 0.00405637
4.9 16.875 0.00373894
4.9 19.125 0.00358077
4.9 21.375 0.00390018
4.9 23.625 0.00355511
4.9 25.875 0.00405257
4.9 28.125 0.00370241
4.9 30.375 0.00394008
4.9 32.625 0.00370262
4.9 34.875 0.00395906
4.9 37.125 0.00397452
4.9 39.375 0.00413729
4.9 41.625 0.00352378
4.9 43.875 0.00384239
5.1 1.125 0.00329099
5.1 3.375 0.00316669
5.1 5.625 0.00303019
5.1 7.875 0.00318673
5.1 10.125 0.00549186
5.1 12.375 0.00330215
5.1 14.625 0.00505755
5.1 16.875 0.0032818
5.1 19.125 0.00349742
5.1 21.375 0.00349801
5.1 23.625 0.00378269
5.1 25.875 0.00372159
5.1 28.125 0.00355323
5.1 30.375 0.00382729
5.1 32.625 0.00355133
5.1 34.875 0.0041713
5.1 37.125 0.00366441
5.1 39.375 0.00321325
5.1 41.625 0.00364916
5.1 43.875 0.00324777
5.3 1.125 0.00317155
5.3 3.375 0.0032103
5.3 5.625 0.0030296
5.3 7.875 0.00340503
5.3 10.125 0.00295759
5.3 12.375 0.00321972
5.3 14.625 0.00362122
5.3 16.875 0.00351355
5.3 19.125 0.00323031
5.3 21.375 0.00332795
5.3 23.625 0.00328831
5.3 25.875 0.00352922
5.3 28.125 0.0034966
5.3 30.375 0.00325087
5.3 32.625 0.00339969
5.3 34.875 0.0033523
5.3 37.125 0.00349411
5.3 39.375 0.00356459
5.3 41.625 0.00340632
5.3 43.875 0.00378438
5.5 1.125 0.00350015
5.5 3.375 0.00299506
5.5 5.625 0.00328317
5.5 7.875 0.00297591
5.5 10.125 0.00335052
5.5 12.375 0.00297544
5.5 14.625 0.00303808
5.5 16.875 0.00309808
5.5 19.125 0.00338756
5.5 21.375 0.00314767
5.5 23.625 0.00382341
5.5 25.875 0.00348415
5.5 28.125 0.00305086
5.5 30.375 0.0031097
5.5 32.625 0.00289272
5.5 34.875 0.00295562
5.5 37.125 0.00366488
5.5 39.375 0.0032274
5.5 41.625 0.00300517
5.5 43.875 0.00327477
5.7 1.125 0.00274673
5.7 3.375 0.00288626
5.7 5.625 0.00246554
5.7 7.875 0.00325549
5.7 10.125 0.00288808
5.7 12.375 0.00291809
5.7 14.625 0.00311125
5.7 16.875 0.00289904
5.7 19.125 0.00322826
5.7 21.375 0.00335385
5.7 23.625 0.00306456
5.7 25.875 0.00281606
5.7 28.125 0.0043597
5.7 30.375 0.00277416
5.7 32.625 0.00309846
5.7 34.875 0.0030097
5.7 37.125 0.00322699
5.7 39.375 0.00279022
5.7 41.625 0.00303476
5.7 43.875 0.00303109
5.9 1.125 0.00281791
5.9 3.375 0.0026197
5.9 5.625 0.00294561
5.9 7.875 0.00314486
5.9 10.125 0.00318148
5.9 12.375 0.00263758
5.9 14.625 0.00289094
5.9 16.875 0.00301241
5.9 19.125 0.00247883
5.9 21.375 0.00284141
5.9 23.625 0.00340452
5.9 25.875 0.00305044
5.9 28.125 0.00295792
5.9 30.375 0.00299346
5.9 32.625 0.00301023
5.9 34.875 0.00280685
5.9 37.125 0.00293512
5.9 39.375 0.00340934
5.9 41.625 0.00323757
5.9 43.875 0.00290167
6.1 1.125 0.00284204
6.1 3.375 0.00270156
6.1 5.625 0.0025963
6.1 7.875 0.00271954
6.1 10.125 0.00226257
6.1 12.375 0.00297895
6.1 14.625 0.00279276
6.1 16.875 0.00279429
6.1 19.125 0.00304792
6.1 21.375 0.00294589
6.1 23.625 0.00276471
6.1 25.875 0.00271407
6.1 28.125 0.00271104
6.1 30.375 0.00278957
6.1 32.625 0.00300442
6.1 34.875 0.0028172
6.1 37.125 0.00249034
6.1 39.375 0.00301444
6.1 41.625 0.00575296
6.1 43.875 0.00277396
6.3 1.125 0.00295526
6.3 3.375 0.00271734
6.3 5.625 0.00274425
6.3 7.875 0.00376287
6.3 10.125 0.00288727
6.3 12.375 0.0034206
6.3 14.625 0.00222026
6.3 16.875 0.00302508
6.3 19.125 0.00273032
6.3 21.375 0.00287589
6.3 23.625 0.00284165
6.3 25.875 0.00249686
6.3 28.125 0.00271018
6.3 30.375 0.00288611
6.3 32.625 0.00270132
6.3 34.875 0.00253933
6.3 37.125 0.00275638
6.3 39.375 0.00275349
6.3 41.625 0.00322896
6.3 43.875 0.00293101
6.5 1.125 0.00275732
6.5 3.375 0.00293453
6.5 5.625 0.00270624
6.5 7.875 0.00221301
6.5 10.125 0.00317433
6.5 12.375 0.0031158
6.5 14.625 0.00315693
6.5 16.875 0.00279555
6.5 19.125 0.00537352
6.5 21.375 0.0025209
6.5 23.625 0.002396
6.5 25.875 0.00289977
6.5 28.125 0.00234856
6.5 30.375 0.00250868
6.5 32.625 0.00282187
6.5 34.875 0.00247565
6.5 37.125 0.00273513
6.5 39.375 0.00243969
6.5 41.625 0.00286077
6.5 43.875 0.00256578
6.7 1.125 0.00252189
6.7 3.375 0.00272439
6.7 5.625 0.00247089
6.7 7.875 0.00260177
6.7 10.125 0.00241261
6.7 12.375 0.00276806
6.7 14.625 0.0028509
6.7 16.875 0.00261816
6.7 19.125 0.00297374
6.7 21.375 0.00301217
6.7 23.625 0.00279869
6.7 25.875 0.00276625
6.7 28.125 0.0023014
6.7 30.375 0.00231708
6.7 32.625 0.00244922
6.7 34.875 0.00196138
6.7 37.125 0.00256927
6.7 39.375 0.0028625
6.7 41.625 0.00292225
6.7 43.875 0.00260894
6.9 1.125 0.00268465
6.9 3.375 0.00253681
6.9 5.625 0.00245947
6.9 7.875 0.00278864
6.9 10.125 0.00272535
6.9 12.375 0.00304044
6.9 14.625 0.00282838
6.9 16.875 0.00258373
6.9 19.125 0.00238795
6.9 21.375 0.00252754
6.9 23.625 0.00278278
6.9 25.875 0.00241838
6.9 28.125 0.00243949
6.9 30.375 0.00218215
6.9 32.625 0.00259152
6.9 34.875 0.00236541
6.9 37.125 0.00227965
6.9 39.375 0.00262056
6.9 41.625 0.00295823
6.9 43.875 0.00275741
7.1 1.125 0.00259823
7.1 3.375 0.00236523
7.1 5.625 0.00267394
7.1 7.875 0.00225649
7.1 10.125 0.00702373
7.1 12.375 0.00286719
7.1 14.625 0.00276226
7.1 16.875 0.00272441
7.1 19.125 0.00219671
7.1 21.375 0.00264622
7.1 23.625 0.00258412
7.1 25.875 0.0022291
7.1 28.125 0.0022833
7.1 30.375 0.00169218
7.1 32.625 0.00273967
7.1 34.875 0.00221527
7.1 37.125 0.00251552
7.1 39.375 0.00297414
7.1 41.625 0.00259303
7.1 43.875 0.00498648
7.3 1.125 0.00239897
7.3 3.375 0.00260487
7.3 5.625 0.00295085
7.3 7.875 0.00264796
7.3 10.125 0.00255245
7.3 12.375 0.00252362
7.3 14.625 0.00233233
7.3 16.875 0.00239563
7.3 19.125 0.0025872
7.3 21.375 0.00237255
7.3 23.625 0.00256283
7.3 25.875 0.00233944
7.3 28.125 0.00254123
7.3 30.375 0.00250626
7.3 32.625 0.00279831
7.3 34.875 0.00222228
7.3 37.125 0.00305502
7.3 39.375 0.00274801
7.3 41.625 0.00228986
7.3 43.875 0.00464432
7.5 1.125 0.00255902
7.5 3.375 0.00258513
7.5 5.625 0.00236827
7.5 7.875 0.00284466
7.5 10.125 0.0035338
7.5 12.375 0.00262235
7.5 14.625 0.00246701
7.5 16.875 0.00255907
7.5 19.125 0.00237499
7.5 21.375 0.0029166
7.5 23.625 0.00281565
7.5 25.875 0.00273839
7.5 28.125 0.00247328
7.5 30.375 0.00239287
7.5 32.625 0.00174742
7.5 34.875 0.00294114
7.5 37.125 0.00273663
7.5 39.375 0.00264256
7.5 41.625 0.00237569
7.5 43.875 0.00198237
7.7 1.125 0.00254028
7.7 3.375 0.0023199
7.7 5.625 0.00188397
7.7 7.875 0.00236016
7.7 10.125 0.00230787
7.7 12.375 0.00236711
7.7 14.625 0.00247371
7.7 16.875 0.00236438
7.7 19.125 0.00241097
7.7 21.375 0.00225426
7.7 23.625 0.00204452
7.7 25.875 0.00229375
7.7 28.125 0.00218398
7.7 30.375 0.00211542
7.7 32.625 0.00267652
7.7 34.875 0.00262631
7.7 37.125 0.00213806
7.7 39.375 0.00259942
7.7 41.625 0.00193184
7.7 43.875 0.00217094
7.9 1.125 0.00220219
7.9 3.375 0.00276699
7.9 5.625 0.00236212
7.9 7.875 0.00220448
7.9 10.125 0.00240522
7.9 12.375 0.00272641
7.9 14.625 0.00255935
7.9 16.875 0.00606923
7.9 19.125 0.00243808
7.9 21.375 0.00260333
7.9 23.625 0.00237101
7.9 25.875 0.00221437
7.9 28.125 0.00222627
7.9 30.375 0.00251091
7.9 32.625 0.00240748
7.9 34.875 0.0023884
7.9 37.125 0.00260719
7.9 39.375 0.00240685
7.9 41.625 0.00236463
7.9 43.875 0.00200785
8.1 1.125 0.00220712
8.1 3.375 0.0024122
8.1 5.625 0.00228407
8.1 7.875 0.00285078
8.1 10.125 0.00227881
8.1 12.375 0.00238339
8.1 14.625 0.00269281
8.1 16.875 0.002576
8.1 19.125 0.00310742
8.1 21.375 0.00258002
8.1 23.625 0.00245834
8.1 25.875 0.00183183
8.1 28.125 0.00225915
8.1 30.375 0.00343726
8.1 32.625 0.00227785
8.1 34.875 0.00272051
8.1 37.125 0.00250542
8.1 39.375 0.00246843
8.1 41.625 0.00229918
8.1 43.875 0.00236355
8.3 1.125 0.00789425
8.3 3.375 0.00216943
8.3 5.625 0.00269732
8.3 7.875 0.0023162
8.3 10.125 0.0024196
8.3 12.375 0.00248777
8.3 14.625 0.00221245
8.3 16.875 0.00236866
8.3 19.125 0.00222887
8.3 21.375 0.00254553
8.3 23.625 0.00254265
8.3 25.875 0.00238963
8.3 28.125 0.0023337
8.3 30.375 0.00240373
8.3 32.625 0.00235661
8.3 34.875 0.00233201
8.3 37.125 0.00266216
8.3 39.375 0.00260672
8.3 41.625 0.002535
8.3 43.875 0.00220585
8.5 1.125 0.00223899
8.5 3.375 0.00224513
8.5 5.625 0.00242702
8.5 7.875 0.00240514
8.5 10.125 0.0020354
8.5 12.375 0.00237277
8.5 14.625 0.00222529
8.5 16.875 0.00197052
8.5 19.125 0.00204972
8.5 21.375 0.00198017
8.5 23.625 0.00235633
8.5 25.875 0.0022364
8.5 28.125 0.00205726
8.5 30.375 0.00239175
8.5 32.625 0.00248138
8.5 34.875 0.00215631
8.5 37.125 0.00228672
8.5 39.375 0.00361948
8.5 41.625 0.00235816
8.5 43.875 0.00173394
8.7 1.125 0.00211632
8.7 3.375 0.00230446
8.7 5.625 0.0020968
8.7 7.875 0.00238235
8.7 10.125 0.00230698
8.7 12.375 0.00219141
8.7 14.625 0.00193017
8.7 16.875 0.00281557
8.7 19.125 0.00255464
8.7 21.375 0.00295178
8.7 23.625 0.0020684
8.7 25.875 0.00206878
8.7 28.125 0.00229987
8.7 30.375 0.00224825
8.7 32.625 0.00238866
8.7 34.875 0.00233333
8.7 37.125 0.00229524
8.7 39.375 0.0021539
8.7 41.625 0.00186648
8.7 43.875 0.00249826
8.9 1.125 0.00212229
8.9 3.375 0.00216699
8.9 5.625 0.0023135
8.9 7.875 0.00218828
8.9 10.125 0.00232409
8.9 12.375 0.00257453
8.9 14.625 0.00231719
8.9 16.875 0.00236235
8.9 19.125 0.00187557
8.9 21.375 0.00195616
8.9 23.625 0.00198626
8.9 25.875 0.00215827
8.9 28.125 0.00183755
8.9 30.375 0.00248904
8.9 32.625 0.00296404
8.9 34.875 0.00199242
8.9 37.125 0.00221928
8.9 39.375 0.00259208
8.9 41.625 0.00175796
8.9 43.875 0.00205433
9.1 1.125 0.00244552
9.1 3.375 0.00214042
9.1 5.625 0.00265024
9.1 7.875 0.00288541
9.1 10.125 0.00225282
9.1 12.375 0.00221582
9.1 14.625 0.00247994
9.1 16.875 0.00209204
9.1 19.125 0.00205463
9.1 21.375 0.00195021
9.1 23.625 0.00174555
9.1 25.875 0.00197705
9.1 28.125 0.00253379
9.1 30.375 0.00199001
9.1 32.625 0.00909227
9.1 34.875 0.00964946
9.1 37.125 0.0021846
9.1 39.375 0.00296399
9.1 41.625 0.00193037
9.1 43.875 0.00215202
9.3 1.125 0.00245182
9.3 3.375 0.00245146
9.3 5.625 0.00258286
9.3 7.875 0.00246175
9.3 10.125 0.00179382
9.3 12.375 0.00226361
9.3 14.625 0.00225002
9.3 16.875 0.00232289
9.3 19.125 0.00203619
9.3 21.375 0.00174802
9.3 23.625 0.00213586
9.3 25.875 0.00204037
9.3 28.125 0.00226891
9.3 30.375 0.00226326
9.3 32.625 0.00240135
9.3 34.875 0.00211871
9.3 37.125 0.00200215
9.3 39.375 0.00244881
9.3 41.625 0.00264014
9.3 43.875 0.00252175
9.5 1.125 0.00204871
9.5 3.375 0.00214417
9.5 5.625 0.00205545
9.5 7.875 0.00331162
9.5 10.125 0.00238089
9.5 12.375 0.00196979
9.5 14.625 0.00211999
9.5 16.875 0.00241129
9.5 19.125 0.0018366
9.5 21.375 0.0021929
9.5 23.625 0.00203454
9.5 25.875 0.00370571
9.5 28.125 0.002329
9.5 30.375 0.00190065
9.5 32.625 0.00205114
9.5 34.875 0.00196721
9.5 37.125 0.002102
9.5 39.375 0.00212222
9.5 41.625 0.0023218
9.5 43.875 0.00198505
9.7 1.125 0.00218511
9.7 3.375 0.00939823
9.7 5.625 0.00204599
9.7 7.875 0.00246333
9.7 10.125 0.00183233
9.7 12.375 0.00230414
9.7 14.625 0.00236529
9.7 16.875 0.00258227
9.7 19.125 0.00218899
9.7 21.375 0.00147463
9.7 23.625 0.00199943
9.7 25.875 0.00263623
9.7 28.125 0.00203258
9.7 30.375 0.00248269
9.7 32.625 0.00192634
9.7 34.875 0.00220225
9.7 37.125 0.00205986
9.7 39.375 0.00181078
9.7 41.625 0.00214069
9.7 43.875 0.00191636
9.9 1.125 0.00187596
9.9 3.375 0.00272574
9.9 5.625 0.00161932
9.9 7.875 0.00237826
9.9 10.125 0.00303366
9.9 12.375 0.00172448
9.9 14.625 0.00212035
9.9 16.875 0.00294764
9.9 19.125 0.00198457
9.9 21.375 0.00222704
9.9 23.625 0.00179632
9.9 25.875 0.00253159
9.9 28.125 0.00246281
9.9 30.375 0.0017586
9.9 32.625 0.00209428
9.9 34.875 0.00262641
9.9 37.125 0.00219071
9.9 39.375 0.00221141
9.9 41.625 0.00249044
9.9 43.875 0.00196101
10.1 1.125 0.00211215
10.1 3.375 0.00287901
10.1 5.625 0.0025241
10.1 7.875 0.00231211
10.1 10.125 0.00217776
10.1 12.375 0.00211028
10.1 14.625 0.00225019
10.1 16.875 0.00232711
10.1 19.125 0.00191235
10.1 21.375 0.00237516
10.1 23.625 0.00253408
10.1 25.875 0.00204649
10.1 28.125 0.00537522
10.1 30.375 0.00223549
10.1 32.625 0.00177204
10.1 34.875 0.00205378
10.1 37.125 0.00171097
10.1 39.375 0.00243501
10.1 41.625 0.00197586
10.1 43.875 0.00207957
10.3 1.125 0.00199801
10.3 3.375 0.00187399
10.3 5.625 0.00234838
10.3 7.875 0.00242201
10.3 10.125 0.0141083
10.3 12.375 0.0019603
10.3 14.625 0.00214675
10.3 16.875 0.00237336
10.3 19.125 0.00305723
10.3 21.375 0.00155753
10.3 23.625 0.00211727
10.3 25.875 0.00233381
10.3 28.125 0.00219195
10.3 30.375 0.00195913
10.3 32.625 0.0019577
10.3 34.875 0.00197711
10.3 37.125 0.00214818
10.3 39.375 0.00228333
10.3 41.625 0.00189654
10.3 43.875 0.00184236
10.5 1.125 0.00227549
10.5 3.375 0.0029946
10.5 5.625 0.00187543
10.5 7.875 0.00196552
10.5 10.125 0.00259332
10.5 12.375 0.00225499
10.5 14.625 0.002201
10.5 16.875 0.00235718
10.5 19.125 0.00260257
10.5 21.375 0.00216318
10.5 23.625 0.00251562
10.5 25.875 0.00184837
10.5 28.125 0.002261
10.5 30.375 0.00206214
10.5 32.625 0.00164029
10.5 34.875 0.0023645
10.5 37.125 0.00235517
10.5 39.375 0.00216321
10.5 41.625 0.00171615
10.5 43.875 0.00183995
10.7 1.125 0.0025739
10.7 3.375 0.00181079
10.7 5.625 0.00278325
10.7 7.875 0.00216026
10.7 10.125 0.00298979
10.7 12.375 0.00171966
10.7 14.625 0.00170921
10.7 16.875 0.00179949
10.7 19.125 0.00197293
10.7 21.375 0.00187751
10.7 23.625 0.00189455
10.7 25.875 0.00218827
10.7 28.125 0.00204983
10.7 30.375 0.00186201
10.7 32.625 0.00221139
10.7 34.875 0.00199572
10.7 37.125 0.00228927
10.7 39.375 0.00187884
10.7 41.625 0.00242791
10.7 43.875 0.00282095
10.9 1.125 0.002417
10.9 3.375 0.00159076
10.9 5.625 0.0015118
10.9 7.875 0.00172285
10.9 10.125 0.00246808
10.9 12.375 0.0031123
10.9 14.625 0.00190005
10.9 16.875 0.0019945
10.9 19.125 0.00173863
10.9 21.375 0.00174996
10.9 23.625 0.00240989
10.9 25.875 0.00201866
10.9 28.125 0.00204931
10.9 30.375 0.00170206
10.9 32.625 0.00233537
10.9 34.875 0.00151014
10.9 37.125 0.00198485
10.9 39.375 0.00277692
10.9 41.625 0.00192683
10.9 43.875 0.00281652
11.1 1.125 0.00193493
11.1 3.375 0.00165476
11.1 5.625 0.00160572
11.1 7.875 0.00188391
11.1 10.125 0.00270549
11.1 12.375 0.00208459
11.1 14.625 0.00161131
11.1 16.875 0.00148808
11.1 19.125 0.00217868
11.1 21.375 0.0018119
11.1 23.625 0.00195544
11.1 25.875 0.0021655
11.1 28.125 0.00271425
11.1 30.375 0.00224202
11.1 32.625 0.00213312
11.1 34.875 0.00151394
11.1 37.125 0.00188083
11.1 39.375 0.00178392
11.1 41.625 0.00198234
11.1 43.875 0.00176956
11.3 1.125 0.00213335
11.3 3.375 0.00180455
11.3 5.625 0.00205745
11.3 7.875 0.00166058
11.3 10.125 0.00217363
11.3 12.375 0.00221287
11.3 14.625 0.00239171
11.3 16.875 0.00175695
11.3 19.125 0.00206666
11.3 21.375 0.00223432
11.3 23.625 0.0018804
11.3 25.875 0.00318141
11.3 28.125 0.00197806
11.3 30.375 0.00218029
11.3 32.625 0.00229676
11.3 34.875 0.00218695
11.3 37.125 0.00264441
11.3 39.375 0.0016826
11.3 41.625 0.00199024
11.3 43.875 0.00228426
11.5 1.125 0.0017648
11.5 3.375 0.00174395
11.5 5.625 0.00214978
11.5 7.875 0.00223454
11.5 10.125 0.00274102
11.5 12.375 0.00234591
11.5 14.625 0.00221932
11.5 16.875 0.00255153
11.5 19.125 0.0022207
11.5 21.375 0.00196185
11.5 23.625 0.00218137
11.5 25.875 0.00221088
11.5 28.125 0.0019127
11.5 30.375 0.00223925
11.5 32.625 0.00232281
11.5 34.875 0.00205059
11.5 37.125 0.00185317
11.5 39.375 0.00266479
11.5 41.625 0.00233447
11.5 43.875 0.00159228
11.7 1.125 0.00161095
11.7 3.375 0.00211351
11.7 5.625 0.00230281
11.7 7.875 0.00198211
11.7 10.125 0.00185349
11.7 12.375 0.0021167
11.7 14.625 0.00197383
11.7 16.875 0.00403597
11.7 19.125 0.0019595
11.7 21.375 0.00299001
11.7 23.625 0.00263217
11.7 25.875 0.00160156
11.7 28.125 0.00366933
11.7 30.375 0.00204001
11.7 32.625 0.00199012
11.7 34.875 0.00211343
11.7 37.125 0.00256995
11.7 39.375 0.0142309
11.7 41.625 0.00212043
11.7 43.875 0.00234198
11.9 1.125 0.00215324
11.9 3.375 0.00248618
11.9 5.625 0.00244571
11.9 7.875 0.00155969
11.9 10.125 0.00162867
11.9 12.375 0.00199897
11.9 14.625 0.0018284
11.9 16.875 0.00195286
11.9 19.125 0.00209162
11.9 21.375 0.00180162
11.9 23.625 0.00274785
11.9 25.875 0.00196596
11.9 28.125 0.00221316
11.9 30.375 0.00227916
11.9 32.625 0.00183677
11.9 34.875 0.00182085
11.9 37.125 0.00184977
11.9 39.375 0.00181964
11.9 41.625 0.00232121
11.9 43.875 0.00247611
12.1 1.125 0.00230367
12.1 3.375 0.00187031
12.1 5.625 0.00166604
12.1 7.875 0.00153491
12.1 10.125 0.00263162
12.1 12.375 0.0020894
12.1 14.625 0.0264987
12.1 16.875 0.00185435
12.1 19.125 0.00163497
12.1 21.375 0.00246357
12.1 23.625 0.00194413
12.1 25.875 0.00262118
12.1 28.125 0.00227053
12.1 30.375 0.00165087
12.1 32.625 0.00161591
12.1 34.875 0.00192172
12.1 37.125 0.00163535
12.1 39.375 0.0017659
12.1 41.625 0.00190444
12.1 43.875 0.00181623
12.3 1.125 0.00175013
12.3 3.375 0.00273289
12.3 5.625 0.00292442
12.3 7.875 0.00239386
12.3 10.125 0.00228318
12.3 12.375 0.00241274
12.3 14.625 0.0018629
12.3 16.875 0.00179989
12.3 19.125 0.00202935
12.3 21.375 0.00220475
12.3 23.625 0.00274667
12.3 25.875 0.00178251
12.3 28.125 0.00156475
12.3 30.375 0.002047
12.3 32.625 0.00189932
12.3 34.875 0.00173172
12.3 37.125 0.00244883
12.3 39.375 0.00190291
12.3 41.625 0.00178723
12.3 43.875 0.00259091
12.5 1.125 0.00222222
12.5 3.375 0.0031792
12.5 5.625 0.00150074
12.5 7.875 0.00170756
12.5 10.125 0.0018883
12.5 12.375 0.00256843
12.5 14.625 0.00220714
12.5 16.875 0.00260023
12.5 19.125 0.00206504
12.5 21.375 0.0023662
12.5 23.625 0.0018441
12.5 25.875 0.00231748
12.5 28.125 0.0036077
12.5 30.375 0.00150364
12.5 32.625 0.00247108
12.5 34.875 0.00164942
12.5 37.125 0.00252637
12.5 39.375 0.00243487
12.5 41.625 0.00204914
12.5 43.875 0.00250095
12.7 1.125 0.00688262
12.7 3.375 0.00302125
12.7 5.625 0.00179147
12.7 7.875 0.00333547
12.7 10.125 0.001639
12.7 12.375 0.00271958
12.7 14.625 0.00211892
12.7 16.875 0.00185947
12.7 19.125 0.00245441
12.7 21.375 0.00167441
12.7 23.625 0.00216097
12.7 25.875 0.0019518
12.7 28.125 0.00227762
12.7 30.375 0.00182613
12.7 32.625 0.00152558
12.7 34.875 0.00164259
12.7 37.125 0.00259139
12.7 39.375 0.00174275
12.7 41.625 0.00173419
12.7 43.875 0.0039021
12.9 1.125 0.00230001
12.9 3.375 0.00185115
12.9 5.625 0.00149499
12.9 7.875 0.0266172
12.9 10.125 0.00238328
12.9 12.375 0.00286494
12.9 14.625 0.00174692
12.9 16.875 0.00277637
12.9 19.125 0.00177882
12.9 21.375 0.00227944
12.9 23.625 0.00220476
12.9 25.875 0.00232835
12.9 28.125 0.00196178
12.9 30.375 0.00238739
12.9 32.625 0.0019123
12.9 34.875 0.00158537
12.9 37.125 0.00195825
12.9 39.375 0.0016347
12.9 41.625 0.00239312
12.9 43.875 0.0016787
13.1 1.125 0.00865844
13.1 3.375 0.00190758
13.1 5.625 0.00243683
13.1 7.875 0.00250281
13.1 10.125 0.00372126
13.1 12.375 0.00194283
13.1 14.625 0.00196225
13.1 16.875 0.00199628
13.1 19.125 0.00218344
13.1 21.375 0.00207871
13.1 23.625 0.00197503
13.1 25.875 0.00202983
13.1 28.125 0.00377959
13.1 30.375 0.00254661
13.1 32.625 0.00171276
13.1 34.875 0.00234041
13.1 37.125 0.00193214
13.1 39.375 0.00199574
13.1 41.625 0.00265589
13.1 43.875 0.00181169
13.3 1.125 0.00165645
13.3 3.375 0.00168461
13.3 5.625 0.00184822
13.3 7.875 0.0346446
13.3 10.125 0.00201313
13.3 12.375 0.00154163
13.3 14.625 0.00171324
13.3 16.875 0.00338872
13.3 19.125 0.00192976
13.3 21.375 0.00174435
13.3 23.625 0.00208475
13.3 25.875 0.00273319
13.3 28.125 0.00184548
13.3 30.375 0.00181478
13.3 32.625 0.00170097
13.3 34.875 0.00136004
13.3 37.125 0.00153047
13.3 39.375 0.00405451
13.3 41.625 0.00240336
13.3 43.875 0.00217073
13.5 1.125 0.00301879
13.5 3.375 0.00151895
13.5 5.625 0.00149202
13.5 7.875 0.00202156
13.5 10.125 0.00276081
13.5 12.375 0.00316502
13.5 14.625 0.0018364
13.5 16.875 0.00111741
13.5 19.125 0.00224779
13.5 21.375 0.00227622
13.5 23.625 0.00223407
13.5 25.875 0.00152529
13.5 28.125 0.00176113
13.5 30.375 0.0017338
13.5 32.625 0.00415852
13.5 34.875 0.00236503
13.5 37.125 0.00187293
13.5 39.375 0.00211714
13.5 41.625 0.00196144
13.5 43.875 0.00240928
13.7 1.125 0.00202386
13.7 3.375 0.00242308
13.7 5.625 0.00175979
13.7 7.875 0.00114115
13.7 10.125 0.00195079
13.7 12.375 0.00201808
13.7 16.875 0.00153837
13.7 19.125 0.00149676
13.7 21.375 0.0018993
13.7 23.625 0.00186837
13.7 25.875 0.00186102
13.7 28.125 0.00262219
13.7 30.375 0.00195575
13.7 32.625 0.00169473
13.7 34.875 0.00179668
13.7 39.375 0.00196489
13.7 41.625 0.0035627
13.7 43.875 0.00186596
13.9 1.125 0.002656
13.9 3.375 0.00259987
13.9 5.625 0.00278315
13.9 7.875 0.0026045
13.9 10.125 0.00168451
13.9 12.375 0.00337661
13.9 16.875 0.00176723
13.9 19.125 0.00208287
13.9 21.375 0.00220075
13.9 23.625 0.00198645
13.9 25.875 0.00220553
13.9 28.125 0.00232614
13.9 30.375 0.0023968
13.9 32.625 0.00125734
13.9 37.125 0.00224267
13.9 39.375 0.00263417
13.9 41.625 0.00166131
13.9 43.875 0.00156444
