0.1 1.125 0.418687
0.1 3.375 0.42212
0.1 5.625 0.424238
0.1 7.875 0.424512
0.1 10.125 0.42555
0.1 12.375 0.420168
0.1 14.625 0.420502
0.1 16.875 0.427188
0.1 19.125 0.419806
0.1 21.375 0.412087
0.1 23.625 0.396037
0.1 25.875 0.417606
0.1 28.125 0.404864
0.1 30.375 0.376993
0.1 32.625 0.402199
0.1 34.875 0.407946
0.1 37.125 0.424247
0.1 39.375 0.426992
0.1 41.625 0.416701
0.1 43.875 0.427484
0.3 1.125 0.404965
0.3 3.375 0.406779
0.3 5.625 0.394175
0.3 7.875 0.390182
0.3 10.125 0.403004
0.3 12.375 0.412014
0.3 14.625 0.40692
0.3 16.875 0.410957
0.3 19.125 0.404655
0.3 21.375 0.38711
0.3 23.625 0.407375
0.3 25.875 0.400312
0.3 28.125 0.402231
0.3 30.375 0.41384
0.3 32.625 0.3922
0.3 34.875 0.411761
0.3 37.125 0.397921
0.3 39.375 0.396988
0.3 41.625 0.398097
0.3 43.875 0.396025
0.5 1.125 0.391552
0.5 3.375 0.395551
0.5 5.625 0.392227
0.5 7.875 0.397452
0.5 10.125 0.392967
0.5 12.375 0.389614
0.5 14.625 0.384699
0.5 16.875 0.387851
0.5 19.125 0.39488
0.5 21.375 0.376347
0.5 23.625 0.386216
0.5 25.875 0.395087
0.5 28.125 0.381599
0.5 30.375 0.365989
0.5 32.625 0.388732
0.5 34.875 0.386926
0.5 37.125 0.391322
0.5 39.375 0.392009
0.5 41.625 0.387871
0.5 43.875 0.386029
0.7 1.125 0.367233
0.7 3.375 0.371604
0.7 5.625 0.371462
0.7 7.875 0.370372
0.7 10.125 0.370609
0.7 12.375 0.375178
0.7 14.625 0.368119
0.7 16.875 0.357916
0.7 19.125 0.371145
0.7 21.375 0.355373
0.7 23.625 0.346594
0.7 25.875 0.352083
0.7 28.125 0.356005
0.7 30.375 0.361287
0.7 32.625 0.344939
0.7 34.875 0.35993
0.7 37.125 0.370911
0.7 39.375 0.361104
0.7 41.625 0.360436
0.7 43.875 0.360734
0.9 1.125 0.329387
0.9 3.375 0.315194
0.9 5.625 0.327553
0.9 7.875 0.329565
0.9 10.125 0.328416
0.9 12.375 0.322206
0.9 14.625 0.317543
0.9 16.875 0.312639
0.9 19.125 0.313186
0.9 21.375 0.325512
0.9 23.625 0.317316
0.9 25.875 0.313744
0.9 28.125 0.328912
0.9 30.375 0.320031
0.9 32.625 0.315027
0.9 34.875 0.314809
0.9 37.125 0.301869
0.9 39.375 0.31537
0.9 41.625 0.335231
0.9 43.875 0.322799
1.1 1.125 0.259613
1.1 3.375 0.258651
1.1 5.625 0.253816
1.1 7.875 0.250853
1.1 10.125 0.256795
1.1 12.375 0.256311
1.1 14.625 0.252033
1.1 16.875 0.249387
1.1 19.125 0.257084
1.1 21.375 0.258036
1.1 23.625 0.242267
1.1 25.875 0.241939
1.1 28.125 0.272518
1.1 30.375 0.269524
1.1 32.625 0.252023
1.1 34.875 0.29487
1.1 37.125 0.249254
1.1 39.375 0.271116
1.1 41.625 0.271638
1.1 43.875 0.284246
1.3 1.125 0.165449
1.3 3.375 0.165756
1.3 5.625 0.167191
1.3 7.875 0.16868
1.3 10.125 0.171385
1.3 12.375 0.174354
1.3 14.625 0.176146
1.3 16.875 0.182316
1.3 19.125 0.185162
1.3 21.375 0.191813
1.3 23.625 0.188856
1.3 25.875 0.207897
1.3 28.125 0.198006
1.3 30.375 0.212055
1.3 32.625 0.196401
1.3 34.875 0.206415
1.3 37.125 0.212504
1.3 39.375 0.208309
1.3 41.625 0.199835
1.3 43.875 0.223676
1.5 1.125 0.099403
1.5 3.375 0.10256
1.5 5.625 0.0973016
1.5 7.875 0.102679
1.5 10.125 0.113526
1.5 12.375 0.115149
1.5 14.625 0.122888
1.5 16.875 0.127333
1.5 19.125 0.120964
1.5 21.375 0.127162
1.5 23.625 0.144566
1.5 25.875 0.146496
1.5 28.125 0.155389
1.5 30.375 0.147492
1.5 32.625 0.153047
1.5 34.875 0.156209
1.5 37.125 0.151332
1.5 39.375 0.164431
1.5 41.625 0.163909
1.5 43.875 0.167411
1.7 1.125 0.0584755
1.7 3.375 0.0604822
1.7 5.625 0.0590694
1.7 7.875 0.0640358
1.7 10.125 0.0660848
1.7 12.375 0.0703534
1.7 14.625 0.0660187
1.7 16.875 0.081174
1.7 19.125 0.077381
1.7 21.375 0.0791935
1.7 23.625 0.101737
1.7 25.875 0.0868379
1.7 28.125 0.0933431
1.7 30.375 0.099038
1.7 32.625 0.108977
1.7 34.875 0.103884
1.7 37.125 0.109028
1.7 39.375 0.102042
1.7 41.625 0.112203
1.7 43.875 0.111571
1.9 1.125 0.039046
1.9 3.375 0.0384639
1.9 5.625 0.0387418
1.9 7.875 0.0415884
1.9 10.125 0.0447246
1.9 12.375 0.0429995
1.9 14.625 0.0463929
1.9 16.875 0.0434002
1.9 19.125 0.0501526
1.9 21.375 0.0493916
1.9 23.625 0.0459925
1.9 25.875 0.0569628
1.9 28.125 0.0554277
1.9 30.375 0.0595167
1.9 32.625 0.0661848
1.9 34.875 0.0544039
1.9 37.125 0.0625122
1.9 39.375 0.0607772
1.9 41.625 0.0626122
1.9 43.875 0.05989
2.1 1.125 0.0226117
2.1 3.375 0.0235825
2.1 5.625 0.0265918
2.1 7.875 0.0242872
2.1 10.125 0.0254617
2.1 12.375 0.0266162
2.1 14.625 0.0323793
2.1 16.875 0.0289802
2.1 19.125 0.0286982
2.1 21.375 0.0396113
2.1 23.625 0.0347453
2.1 25.875 0.0346256
2.1 28.125 0.0390424
2.1 30.375 0.0428436
2.1 32.625 0.0381392
2.1 34.875 0.0400343
2.1 37.125 0.0406417
2.1 39.375 0.0438954
2.1 41.625 0.0465038
2.1 43.875 0.0424887
2.3 1.125 0.0128799
2.3 3.375 0.0136208
2.3 5.625 0.0125954
2.3 7.875 0.013849
2.3 10.125 0.0160176
2.3 12.375 0.0156869
2.3 14.625 0.016389
2.3 16.875 0.0160109
2.3 19.125 0.0176135
2.3 21.375 0.0215231
2.3 23.625 0.0220253
2.3 25.875 0.023317
2.3 28.125 0.0246855
2.3 30.375 0.0235883
2.3 32.625 0.0266228
2.3 34.875 0.0289682
2.3 37.125 0.0288379
2.3 39.375 0.0297632
2.3 41.625 0.0291131
2.3 43.875 0.0299387
2.5 1.125 0.00863858
2.5 3.375 0.00985356
2.5 5.625 0.0100575
2.5 7.875 0.0086963
2.5 10.125 0.0107436
2.5 12.375 0.00936285
2.5 14.625 0.0117908
2.5 16.875 0.00972144
2.5 19.125 0.0100473
2.5 21.375 0.0110843
2.5 23.625 0.0120029
2.5 25.875 0.014673
2.5 28.125 0.0142048
2.5 30.375 0.0160207
2.5 32.625 0.0186437
2.5 34.875 0.0184385
2.5 37.125 0.0180688
2.5 39.375 0.0185414
2.5 41.625 0.0202856
2.5 43.875 0.0190183
2.7 1.125 0.00927946
2.7 3.375 0.00937258
2.7 5.625 0.0080105
2.7 7.875 0.00747877
2.7 10.125 0.0071722
2.7 12.375 0.00866813
2.7 14.625 0.00890622
2.7 16.875 0.00897354
2.7 19.125 0.00731165
2.7 21.375 0.0080932
2.7 23.625 0.00745842
2.7 25.875 0.0093547
2.7 28.125 0.00985495
2.7 30.375 0.00946727
2.7 32.625 0.0112237
2.7 34.875 0.0120424
2.7 37.125 0.0118641
2.7 39.375 0.0134191
2.7 41.625 0.0126439
2.7 43.875 0.0129653
2.9 1.125 0.00688875
2.9 3.375 0.00676664
2.9 5.625 0.00627341
2.9 7.875 0.00676596
2.9 10.125 0.00622549
2.9 12.375 0.00655443
2.9 14.625 0.00606502
2.9 16.875 0.00779141
2.9 19.125 0.00659923
2.9 21.375 0.00709748
2.9 23.625 0.00706973
2.9 25.875 0.00671766
2.9 28.125 0.00761472
2.9 30.375 0.00723008
2.9 32.625 0.00720036
2.9 34.875 0.00809977
2.9 37.125 0.00897634
2.9 39.375 0.00869469
2.9 41.625 0.00972533
2.9 43.875 0.0105772
3.1 1.125 0.00635078
3.1 3.375 0.00526086
3.1 5.625 0.00724387
3.1 7.875 0.00534156
3.1 10.125 0.00574824
3.1 12.375 0.00609171
3.1 14.625 0.0065082
3.1 16.875 0.00599
3.1 19.125 0.00602156
3.1 21.375 0.00576623
3.1 23.625 0.00604878
3.1 25.875 0.00605287
3.1 28.125 0.00583769
3.1 30.375 0.00680607
3.1 32.625 0.00624124
3.1 34.875 0.00679176
3.1 37.125 0.00639436
3.1 39.375 0.00656239
3.1 41.625 0.00727587
3.1 43.875 0.00758557
3.3 1.125 0.00505647
3.3 3.375 0.00556902
3.3 5.625 0.00520132
3.3 7.875 0.00706687
3.3 10.125 0.0050515
3.3 12.375 0.00510051
3.3 14.625 0.00543447
3.3 16.875 0.00639346
3.3 19.125 0.00524189
3.3 21.375 0.00706928
3.3 23.625 0.00613903
3.3 25.875 0.00635779
3.3 28.125 0.00601034
3.3 30.375 0.00554301
3.3 32.625 0.00567737
3.3 34.875 0.00552437
3.3 37.125 0.00583464
3.3 39.375 0.00594009
3.3 41.625 0.00551789
3.3 43.875 0.0063508
3.5 1.125 0.00481713
3.5 3.375 0.0047765
3.5 5.625 0.00479729
3.5 7.875 0.0074048
3.5 10.125 0.00946468
3.5 12.375 0.00772091
3.5 14.625 0.00702602
3.5 16.875 0.00466407
3.5 19.125 0.00478324
3.5 21.375 0.00554426
3.5 23.625 0.00587067
3.5 25.875 0.00462393
3.5 28.125 0.0054289
3.5 30.375 0.00497934
3.5 32.625 0.00528266
3.5 34.875 0.00545845
3.5 37.125 0.0049013
3.5 39.375 0.00525
3.5 41.625 0.00520534
3.5 43.875 0.00460269
3.7 1.125 0.00500796
3.7 3.375 0.00471827
3.7 5.625 0.00434923
3.7 7.875 0.00424485
3.7 10.125 0.00414245
3.7 12.375 0.00823541
3.7 14.625 0.00427746
3.7 16.875 0.0041891
3.7 19.125 0.00437521
3.7 21.375 0.00490656
3.7 23.625 0.00477361
3.7 25.875 0.00675347
3.7 28.125 0.00518829
3.7 30.375 0.0054139
3.7 32.625 0.00481714
3.7 34.875 0.00432771
3.7 37.125 0.00487662
3.7 39.375 0.00484896
3.7 41.625 0.0045771
3.7 43.875 0.00432233
3.9 1.125 0.00420687
3.9 3.375 0.00448309
3.9 5.625 0.00414904
3.9 7.875 0.00519755
3.9 10.125 0.00461884
3.9 12.375 0.00397571
3.9 14.625 0.00432494
3.9 16.875 0.00825401
3.9 19.125 0.00585871
3.9 21.375 0.00463791
3.9 23.625 0.004705
3.9 25.875 0.00391521
3.9 28.125 0.00524053
3.9 30.375 0.00480242
3.9 32.625 0.00419167
3.9 34.875 0.00507882
3.9 37.125 0.00439831
3.9 39.375 0.0038847
3.9 41.625 0.00407324
3.9 43.875 0.00376833
4.1 1.125 0.00383888
4.1 3.375 0.00382718
4.1 5.625 0.00382286
4.1 7.875 0.00381115
4.1 10.125 0.00416706
4.1 12.375 0.00431167
4.1 14.625 0.00406355
4.1 16.875 0.00707891
4.1 19.125 0.0040185
4.1 21.375 0.00531999
4.1 23.625 0.00406646
4.1 25.875 0.00423841
4.1 28.125 0.00394069
4.1 30.375 0.00375146
4.1 32.625 0.00435079
4.1 34.875 0.00415987
4.1 37.125 0.00371394
4.1 39.375 0.00398406
4.1 41.625 0.00403781
4.1 43.875 0.00320101
4.3 1.125 0.00352974
4.3 3.375 0.00325464
4.3 5.625 0.00695565
4.3 7.875 0.0042788
4.3 10.125 0.00376434
4.3 12.375 0.00369977
4.3 14.625 0.00492975
4.3 16.875 0.00394277
4.3 19.125 0.00561787
4.3 21.375 0.00393444
4.3 23.625 0.00426829
4.3 25.875 0.0037876
4.3 28.125 0.00445411
4.3 30.375 0.00385622
4.3 32.625 0.00393958
4.3 34.875 0.00355526
4.3 37.125 0.00359189
4.3 39.375 0.00360368
4.3 41.625 0.00346486
4.3 43.875 0.00344525
4.5 1.125 0.00377705
4.5 3.375 0.00477488
4.5 5.625 0.00364925
4.5 7.875 0.00335586
4.5 10.125 0.00342392
4.5 12.375 0.00347839
4.5 14.625 0.00353964
4.5 16.875 0.00408621
4.5 19.125 0.00430885
4.5 21.375 0.00404079
4.5 23.625 0.00397819
4.5 25.875 0.00395323
4.5 28.125 0.00392531
4.5 30.375 0.00342797
4.5 32.625 0.00348831
4.5 34.875 0.00352993
4.5 37.125 0.00308389
4.5 39.375 0.0038255
4.5 41.625 0.00324318
4.5 43.875 0.00352181
4.7 1.125 0.00445303
4.7 3.375 0.00336638
4.7 5.625 0.00475884
4.7 7.875 0.00339027
4.7 10.125 0.00301983
4.7 12.375 0.00347008
4.7 14.625 0.00339845
4.7 16.875 0.0031756
4.7 19.125 0.00315091
4.7 21.375 0.00365398
4.7 23.625 0.00365173
4.7 25.875 0.00317319
4.7 28.125 0.00383094
4.7 30.375 0.00347818
4.7 32.625 0.00342545
4.7 34.875 0.00325006
4.7 37.125 0.00333991
4.7 39.375 0.00348226
4.7 41.625 0.00393026
4.7 43.875 0.00334206
4.9 1.125 0.00382053
4.9 3.375 0.00347786
4.9 5.625 0.00283985
4.9 7.875 0.0044813
4.9 10.125 0.00300064
4.9 12.375 0.00262436
4.9 14.625 0.00286843
4.9 16.875 0.00318538
4.9 19.125 0.00334855
4.9 21.375 0.00338801
4.9 23.625 0.00329913
4.9 25.875 0.00330872
4.9 28.125 0.00354639
4.9 30.375 0.00348239
4.9 32.625 0.00336285
4.9 34.875 0.00353892
4.9 37.125 0.00326103
4.9 39.375 0.00347547
4.9 41.625 0.00302931
4.9 43.875 0.00300625
5.1 1.125 0.00313079
5.1 3.375 0.00279958
5.1 5.625 0.00273847
5.1 7.875 0.00313475
5.1 10.125 0.00305705
5.1 12.375 0.00245153
5.1 14.625 0.00293575
5.1 16.875 0.00293462
5.1 19.125 0.00367886
5.1 21.375 0.00301803
5.1 23.625 0.00284222
5.1 25.875 0.00333805
5.1 28.125 0.00321729
5.1 30.375 0.00316042
5.1 32.625 0.00311655
5.1 34.875 0.00308564
5.1 37.125 0.0029533
5.1 39.375 0.00361847
5.1 41.625 0.00302883
5.1 43.875 0.00338498
5.3 1.125 0.00296326
5.3 3.375 0.00269172
5.3 5.625 0.00252091
5.3 7.875 0.00295479
5.3 10.125 0.00256646
5.3 12.375 0.00281269
5.3 14.625 0.00286242
5.3 16.875 0.00227667
5.3 19.125 0.00340521
5.3 21.375 0.00304244
5.3 23.625 0.00316282
5.3 25.875 0.00406632
5.3 28.125 0.00291306
5.3 30.375 0.00317585
5.3 32.625 0.00290439
5.3 34.875 0.00327141
5.3 37.125 0.00262819
5.3 39.375 0.00290284
5.3 41.625 0.00316606
5.3 43.875 0.00321826
5.5 1.125 0.00277765
5.5 3.375 0.00309524
5.5 5.625 0.00311079
5.5 7.875 0.00280794
5.5 10.125 0.00310053
5.5 12.375 0.00275947
5.5 14.625 0.00264114
5.5 16.875 0.00246375
5.5 19.125 0.00273697
5.5 21.375 0.00253048
5.5 23.625 0.0028207
5.5 25.875 0.00547291
5.5 28.125 0.00290397
5.5 30.375 0.0029281
5.5 32.625 0.0026235
5.5 34.875 0.00303328
5.5 37.125 0.00295515
5.5 39.375 0.00309335
5.5 41.625 0.00271911
5.5 43.875 0.00257746
5.7 1.125 0.00241844
5.7 3.375 0.00269393
5.7 5.625 0.00292354
5.7 7.875 0.00312207
5.7 10.125 0.002779
5.7 12.375 0.00272972
5.7 14.625 0.00791549
5.7 16.875 0.00292531
5.7 19.125 0.00236459
5.7 21.375 0.00268298
5.7 23.625 0.00290208
5.7 25.875 0.00249284
5.7 28.125 0.00467763
5.7 30.375 0.00262662
5.7 32.625 0.00262316
5.7 34.875 0.00265555
5.7 37.125 0.00284995
5.7 39.375 0.00270517
5.7 41.625 0.00310825
5.7 43.875 0.00267936
5.9 1.125 0.00304082
5.9 3.375 0.006539
5.9 5.625 0.00294218
5.9 7.875 0.00264627
5.9 10.125 0.00363037
5.9 12.375 0.00253917
5.9 14.625 0.00218384
5.9 16.875 0.00261683
5.9 19.125 0.00249897
5.9 21.375 0.00261148
5.9 23.625 0.00273125
5.9 25.875 0.00260162
5.9 28.125 0.00257665
5.9 30.375 0.00264064
5.9 32.625 0.00298857
5.9 34.875 0.00257943
5.9 37.125 0.00308472
5.9 39.375 0.00291415
5.9 41.625 0.00223591
5.9 43.875 0.00270745
6.1 1.125 0.00265422
6.1 3.375 0.00213089
6.1 5.625 0.00227938
6.1 7.875 0.0023585
6.1 10.125 0.00276625
6.1 12.375 0.00266529
6.1 14.625 0.00288665
6.1 16.875 0.00254763
6.1 19.125 0.00268284
6.1 21.375 0.00346646
6.1 23.625 0.00271173
6.1 25.875 0.00313374
6.1 28.125 0.00513524
6.1 30.375 0.00273161
6.1 32.625 0.00202055
6.1 34.875 0.0025264
6.1 37.125 0.00275969
6.1 39.375 0.00245887
6.1 41.625 0.00267278
6.1 43.875 0.00263992
6.3 1.125 0.00274598
6.3 3.375 0.00278986
6.3 5.625 0.00284676
6.3 7.875 0.00231204
6.3 10.125 0.00290804
6.3 12.375 0.00219635
6.3 14.625 0.00260933
6.3 16.875 0.00267563
6.3 19.125 0.00253802
6.3 21.375 0.00247733
6.3 23.625 0.00259571
6.3 25.875 0.00214897
6.3 28.125 0.00269474
6.3 30.375 0.00247889
6.3 32.625 0.00216733
6.3 34.875 0.00317875
6.3 37.125 0.00275038
6.3 39.375 0.00281115
6.3 41.625 0.00264774
6.3 43.875 0.00265292
6.5 1.125 0.00629272
6.5 3.375 0.00297518
6.5 5.625 0.00234949
6.5 7.875 0.00262869
6.5 10.125 0.00255075
6.5 12.375 0.00241536
6.5 14.625 0.00295703
6.5 16.875 0.00274143
6.5 19.125 0.00276122
6.5 21.375 0.00256333
6.5 23.625 0.00230943
6.5 25.875 0.00272494
6.5 28.125 0.00258573
6.5 30.375 0.00290974
6.5 32.625 0.00291851
6.5 34.875 0.00258269
6.5 37.125 0.00269679
6.5 39.375 0.00268298
6.5 41.625 0.00255352
6.5 43.875 0.00281443
6.7 1.125 0.00459332
6.7 3.375 0.00221036
6.7 5.625 0.00235269
6.7 7.875 0.00244489
6.7 10.125 0.00235831
6.7 12.375 0.00219623
6.7 14.625 0.00206972
6.7 16.875 0.00248155
6.7 19.125 0.00250146
6.7 21.375 0.002906
6.7 23.625 0.00224186
6.7 25.875 0.00260573
6.7 28.125 0.00283957
6.7 30.375 0.00226631
6.7 32.625 0.00258198
6.7 34.875 0.00291891
6.7 37.125 0.00271487
6.7 39.375 0.00256574
6.7 41.625 0.00292105
6.7 43.875 0.00248548
6.9 1.125 0.00228069
6.9 3.375 0.00247054
6.9 5.625 0.00221155
6.9 7.875 0.00235013
6.9 10.125 0.00262686
6.9 12.375 0.00244093
6.9 14.625 0.0029987
6.9 16.875 0.00320964
6.9 19.125 0.00315174
6.9 21.375 0.00254648
6.9 23.625 0.00246297
6.9 25.875 0.00229988
6.9 28.125 0.00242648
6.9 30.375 0.00304793
6.9 32.625 0.00226227
6.9 34.875 0.00257574
6.9 37.125 0.0024153
6.9 39.375 0.00206586
6.9 41.625 0.00276373
6.9 43.875 0.00469812
7.1 1.125 0.00246934
7.1 3.375 0.00262926
7.1 5.625 0.00262694
7.1 7.875 0.00255184
7.1 10.125 0.00285526
7.1 12.375 0.00217697
7.1 14.625 0.00307152
7.1 16.875 0.00226884
7.1 19.125 0.00245919
7.1 21.375 0.00244935
7.1 23.625 0.00230396
7.1 25.875 0.0022687
7.1 28.125 0.00207993
7.1 30.375 0.00313485
7.1 32.625 0.00270474
7.1 34.875 0.00205641
7.1 37.125 0.00236944
7.1 39.375 0.0028414
7.1 41.625 0.00510314
7.1 43.875 0.00204487
7.3 1.125 0.00268857
7.3 3.375 0.00224185
7.3 5.625 0.00228859
7.3 7.875 0.00255927
7.3 10.125 0.00288027
7.3 12.375 0.00257263
7.3 14.625 0.00231811
7.3 16.875 0.00226502
7.3 19.125 0.00272133
7.3 21.375 0.00267677
7.3 23.625 0.00228771
7.3 25.875 0.00287792
7.3 28.125 0.00289043
7.3 30.375 0.00216378
7.3 32.625 0.00253449
7.3 34.875 0.00218332
7.3 37.125 0.00229211
7.3 39.375 0.00239029
7.3 41.625 0.00227286
7.3 43.875 0.00213868
7.5 1.125 0.00224702
7.5 3.375 0.002414
7.5 5.625 0.00705726
7.5 7.875 0.00213735
7.5 10.125 0.0022249
7.5 12.375 0.00496131
7.5 14.625 0.00251303
7.5 16.875 0.00268399
7.5 19.125 0.0026581
7.5 21.375 0.00271418
7.5 23.625 0.00247507
7.5 25.875 0.00234023
7.5 28.125 0.0022735
7.5 30.375 0.0025866
7.5 32.625 0.00221798
7.5 34.875 0.00243267
7.5 37.125 0.00244243
7.5 39.375 0.00234708
7.5 41.625 0.00196979
7.5 43.875 0.00233315
7.7 1.125 0.00230246
7.7 3.375 0.00237222
7.7 5.625 0.00229301
7.7 7.875 0.00199169
7.7 10.125 0.00224671
7.7 12.375 0.00203304
7.7 14.625 0.00216613
7.7 16.875 0.00253886
7.7 19.125 0.00243043
7.7 21.375 0.00243669
7.7 23.625 0.00264489
7.7 25.875 0.00224309
7.7 28.125 0.00226245
7.7 30.375 0.00241971
7.7 32.625 0.00207508
7.7 34.875 0.00309389
7.7 37.125 0.00231206
7.7 39.375 0.00260114
7.7 41.625 0.00255428
7.7 43.875 0.00213599
7.9 1.125 0.00962998
7.9 3.375 0.00189444
7.9 5.625 0.00274014
7.9 7.875 0.00155909
7.9 10.125 0.0025404
7.9 12.375 0.00202226
7.9 14.625 0.00253704
7.9 16.875 0.00570995
7.9 19.125 0.00239576
7.9 21.375 0.00278853
7.9 23.625 0.0020786
7.9 25.875 0.00202266
7.9 28.125 0.00230773
7.9 30.375 0.00273169
7.9 32.625 0.00280495
7.9 34.875 0.00255965
7.9 37.125 0.00222543
7.9 39.375 0.00244198
7.9 41.625 0.00246327
7.9 43.875 0.00814397
8.1 1.125 0.00206071
8.1 3.375 0.00209947
8.1 5.625 0.00219626
8.1 7.875 0.00262334
8.1 10.125 0.00255998
8.1 12.375 0.00271567
8.1 14.625 0.00439879
8.1 16.875 0.00197078
8.1 19.125 0.00186699
8.1 21.375 0.00212018
8.1 23.625 0.00240831
8.1 25.875 0.0023249
8.1 28.125 0.00225844
8.1 30.375 0.00297331
8.1 32.625 0.00193192
8.1 34.875 0.00197724
8.1 37.125 0.0024843
8.1 39.375 0.00287905
8.1 41.625 0.00194831
8.1 43.875 0.0028849
8.3 1.125 0.00228827
8.3 3.375 0.00239881
8.3 5.625 0.00207919
8.3 7.875 0.00272891
8.3 10.125 0.00216992
8.3 12.375 0.00223361
8.3 14.625 0.00230629
8.3 16.875 0.00234384
8.3 19.125 0.00253632
8.3 21.375 0.00208532
8.3 23.625 0.00199158
8.3 25.875 0.00213269
8.3 28.125 0.00207039
8.3 30.375 0.00212929
8.3 32.625 0.00248526
8.3 34.875 0.0025041
8.3 37.125 0.00192757
8.3 39.375 0.00198969
8.3 41.625 0.00176321
8.3 43.875 0.00279991
8.5 1.125 0.00240203
8.5 3.375 0.00202637
8.5 5.625 0.00255628
8.5 7.875 0.00181663
8.5 10.125 0.00799719
8.5 12.375 0.00335493
8.5 14.625 0.00200503
8.5 16.875 0.00194294
8.5 19.125 0.00299798
8.5 21.375 0.00242192
8.5 23.625 0.00213317
8.5 25.875 0.00200833
8.5 28.125 0.00229127
8.5 30.375 0.00269935
8.5 32.625 0.00225553
8.5 34.875 0.0026811
8.5 37.125 0.00219664
8.5 39.375 0.00189436
8.5 41.625 0.0022672
8.5 43.875 0.00176294
8.7 1.125 0.00208197
8.7 3.375 0.00200339
8.7 5.625 0.00223568
8.7 7.875 0.00183798
8.7 10.125 0.00163711
8.7 12.375 0.00242262
8.7 14.625 0.00250365
8.7 16.875 0.00195643
8.7 19.125 0.0021188
8.7 21.375 0.00238757
8.7 23.625 0.0018071
8.7 25.875 0.00226383
8.7 28.125 0.00219893
8.7 30.375 0.00203485
8.7 32.625 0.00247322
8.7 34.875 0.00239047
8.7 37.125 0.00258973
8.7 39.375 0.00188529
8.7 41.625 0.00218163
8.7 43.875 0.00245118
8.9 1.125 0.00211904
8.9 3.375 0.00217857
8.9 5.625 0.00219416
8.9 7.875 0.00279409
8.9 10.125 0.00180529
8.9 12.375 0.00408475
8.9 14.625 0.00224672
8.9 16.875 0.00261825
8.9 19.125 0.0023618
8.9 21.375 0.00202999
8.9 23.625 0.0018686
8.9 25.875 0.0018197
8.9 28.125 0.00196243
8.9 30.375 0.0022509
8.9 32.625 0.0022447
8.9 34.875 0.00838336
8.9 37.125 0.00239567
8.9 39.375 0.00192443
8.9 41.625 0.00173324
8.9 43.875 0.00217169
9.1 1.125 0.00198291
9.1 3.375 0.00219728
9.1 5.625 0.00217759
9.1 7.875 0.00214935
9.1 10.125 0.00273998
9.1 12.375 0.00187008
9.1 14.625 0.00239131
9.1 16.875 0.00192489
9.1 19.125 0.00247886
9.1 21.375 0.00250815
9.1 23.625 0.00260523
9.1 25.875 0.00172223
9.1 28.125 0.00226753
9.1 30.375 0.00255586
9.1 32.625 0.00444922
9.1 34.875 0.00241159
9.1 37.125 0.00320811
9.1 39.375 0.00231697
9.1 41.625 0.00260274
9.1 43.875 0.0023026
9.3 1.125 0.00298176
9.3 3.375 0.00278927
9.3 5.625 0.0020408
9.3 7.875 0.0020342
9.3 10.125 0.00201581
9.3 12.375 0.00190969
9.3 14.625 0.00225716
9.3 16.875 0.00229476
9.3 19.125 0.00236535
9.3 21.375 0.00211455
9.3 23.625 0.0014208
9.3 25.875 0.00248828
9.3 28.125 0.0022197
9.3 30.375 0.00260632
9.3 32.625 0.00257882
9.3 34.875 0.00260556
9.3 37.125 0.00214831
9.3 39.375 0.00208872
9.3 41.625 0.00186768
9.3 43.875 0.00199579
9.5 1.125 0.00181807
9.5 3.375 0.00264002
9.5 5.625 0.00224074
9.5 7.875 0.00204983
9.5 10.125 0.00219059
9.5 12.375 0.00180605
9.5 14.625 0.00241304
9.5 16.875 0.00209106
9.5 19.125 0.00253144
9.5 21.375 0.00233717
9.5 23.625 0.00305059
9.5 25.875 0.00177951
9.5 28.125 0.0027047
9.5 30.375 0.00237093
9.5 32.625 0.0022744
9.5 34.875 0.00226193
9.5 37.125 0.00266203
9.5 39.375 0.00234496
9.5 41.625 0.00198389
9.5 43.875 0.00215819
9.7 1.125 0.00235976
9.7 3.375 0.00271164
9.7 5.625 0.00180981
9.7 7.875 0.00209439
9.7 10.125 0.00205003
9.7 12.375 0.00266167
9.7 14.625 0.00239344
9.7 16.875 0.00247264
9.7 19.125 0.00214275
9.7 21.375 0.00250452
9.7 23.625 0.00177435
9.7 25.875 0.00213366
9.7 28.125 0.00213877
9.7 30.375 0.00213979
9.7 32.625 0.00249213
9.7 34.875 0.00246358
9.7 37.125 0.00180059
9.7 39.375 0.00169599
9.7 41.625 0.00216343
9.7 43.875 0.00232702
9.9 1.125 0.00215043
9.9 3.375 0.00180893
9.9 5.625 0.00240897
9.9 7.875 0.0022808
9.9 10.125 0.00220913
9.9 12.375 0.00171891
9.9 14.625 0.00194103
9.9 16.875 0.0020402
9.9 19.125 0.00205424
9.9 21.375 0.00174446
9.9 23.625 0.00220331
9.9 25.875 0.00189126
9.9 28.125 0.0025252
9.9 30.375 0.0019377
9.9 32.625 0.00187933
9.9 34.875 0.00170973
9.9 37.125 0.00226801
9.9 39.375 0.00249461
9.9 41.625 0.00154102
9.9 43.875 0.0026959
10.1 1.125 0.00971744
10.1 3.375 0.00168889
10.1 5.625 0.00172941
10.1 7.875 0.00168001
10.1 10.125 0.00211872
10.1 12.375 0.00218793
10.1 14.625 0.00233007
10.1 16.875 0.0021121
10.1 19.125 0.00193392
10.1 21.375 0.00278529
10.1 23.625 0.00238574
10.1 25.875 0.00225356
10.1 28.125 0.00237237
10.1 30.375 0.00202486
10.1 32.625 0.00203046
10.1 34.875 0.00238073
10.1 37.125 0.00160102
10.1 39.375 0.00166953
10.1 41.625 0.00198159
10.1 43.875 0.00245502
10.3 1.125 0.00916775
10.3 3.375 0.0019566
10.3 5.625 0.00168795
10.3 7.875 0.00215482
10.3 10.125 0.00215389
10.3 12.375 0.00235949
10.3 14.625 0.0039534
10.3 16.875 0.00268621
10.3 19.125 0.00217182
10.3 21.375 0.00222767
10.3 23.625 0.0019438
10.3 25.875 0.00246937
10.3 28.125 0.00195384
10.3 30.375 0.00263754
10.3 32.625 0.00274256
10.3 34.875 0.00223731
10.3 37.125 0.00242837
10.3 39.375 0.0018871
10.3 41.625 0.00236769
10.3 43.875 0.00209375
10.5 1.125 0.00163579
10.5 3.375 0.00263485
10.5 5.625 0.00248898
10.5 7.875 0.00227038
10.5 10.125 0.00231539
10.5 12.375 0.002217
10.5 14.625 0.00150734
10.5 16.875 0.00225152
10.5 19.125 0.00210377
10.5 21.375 0.00206129
10.5 23.625 0.0019616
10.5 25.875 0.0020767
10.5 28.125 0.00326263
10.5 30.375 0.00243949
10.5 32.625 0.00230571
10.5 34.875 0.00191131
10.5 37.125 0.00254509
10.5 39.375 0.00219909
10.5 41.625 0.00193481
10.5 43.875 0.00201678
10.7 1.125 0.00250291
10.7 3.375 0.00216244
10.7 5.625 0.00287167
10.7 7.875 0.00247245
10.7 10.125 0.00281112
10.7 12.375 0.00183225
10.7 14.625 0.0019531
10.7 16.875 0.00225687
10.7 19.125 0.00208598
10.7 21.375 0.00239504
10.7 23.625 0.00189478
10.7 25.875 0.00186914
10.7 28.125 0.00177883
10.7 30.375 0.0025569
10.7 32.625 0.00189158
10.7 34.875 0.00225832
10.7 37.125 0.00214093
10.7 39.375 0.00156509
10.7 41.625 0.00222934
10.7 43.875 0.00245907
10.9 1.125 0.00189363
10.9 3.375 0.00155489
10.9 5.625 0.00221507
10.9 7.875 0.00260067
10.9 10.125 0.00215647
10.9 12.375 0.00208201
10.9 14.625 0.00214973
10.9 16.875 0.00252249
10.9 19.125 0.00179484
10.9 21.375 0.00305887
10.9 23.625 0.00263695
10.9 25.875 0.00180651
10.9 28.125 0.00191087
10.9 30.375 0.00196249
10.9 32.625 0.00230819
10.9 34.875 0.00149949
10.9 37.125 0.00167271
10.9 39.375 0.00178251
10.9 41.625 0.00218775
10.9 43.875 0.00222251
11.1 1.125 0.00172958
11.1 3.375 0.00171923
11.1 5.625 0.00179617
11.1 7.875 0.00254036
11.1 10.125 0.00294773
11.1 12.375 0.0021515
11.1 14.625 0.00235028
11.1 16.875 0.00255199
11.1 19.125 0.00220362
11.1 21.375 0.00196099
11.1 23.625 0.00252506
11.1 25.875 0.00445922
11.1 28.125 0.00222795
11.1 30.375 0.00258548
11.1 32.625 0.00179963
11.1 34.875 0.0023531
11.1 37.125 0.00187614
11.1 39.375 0.00171006
11.1 41.625 0.001763
11.1 43.875 0.00276776
11.3 1.125 0.0028575
11.3 3.375 0.00196462
11.3 5.625 0.00282373
11.3 7.875 0.00297429
11.3 10.125 0.00140096
11.3 12.375 0.00704701
11.3 14.625 0.00226807
11.3 16.875 0.00244445
11.3 19.125 0.00180599
11.3 21.375 0.00151506
11.3 23.625 0.00210986
11.3 25.875 0.00213098
11.3 28.125 0.00173196
11.3 30.375 0.00150632
11.3 32.625 0.00226264
11.3 34.875 0.00389556
11.3 37.125 0.00363003
11.3 39.375 0.00185731
11.3 41.625 0.00209111
11.3 43.875 0.00242079
11.5 1.125 0.00208792
11.5 3.375 0.00245993
11.5 5.625 0.0023647
11.5 7.875 0.00134864
11.5 10.125 0.00156503
11.5 12.375 0.00175164
11.5 14.625 0.00198122
11.5 16.875 0.00243089
11.5 19.125 0.00207356
11.5 21.375 0.00174096
11.5 23.625 0.00216231
11.5 25.875 0.00157496
11.5 28.125 0.00196976
11.5 30.375 0.00247166
11.5 32.625 0.0027466
11.5 34.875 0.00314323
11.5 37.125 0.00193708
11.5 39.375 0.00286817
11.5 41.625 0.00220252
11.5 43.875 0.00154765
11.7 1.125 0.0024161
11.7 3.375 0.00192599
11.7 5.625 0.00244365
11.7 7.875 0.00130229
11.7 10.125 0.00274698
11.7 12.375 0.00126782
11.7 14.625 0.00374929
11.7 16.875 0.00360004
11.7 19.125 0.00221544
11.7 21.375 0.00189712
11.7 23.625 0.00142255
11.7 25.875 0.00199641
11.7 28.125 0.00140932
11.7 30.375 0.00278157
11.7 32.625 0.00242062
11.7 34.875 0.00219113
11.7 37.125 0.00218142
11.7 39.375 0.00239378
11.7 41.625 0.0012746
11.7 43.875 0.00208836
11.9 1.125 0.00227069
11.9 3.375 0.00219518
11.9 5.625 0.00130647
11.9 7.875 0.00201175
11.9 10.125 0.00191801
11.9 12.375 0.00197544
11.9 16.875 0.00163339
11.9 19.125 0.00167269
11.9 21.375 0.00286553
11.9 23.625 0.00202575
11.9 25.875 0.00238694
11.9 28.125 0.00211489
11.9 30.375 0.00161956
11.9 32.625 0.00176177
11.9 34.875 0.00330313
11.9 37.125 0.00317933
11.9 39.375 0.00146068
11.9 43.875 0.0023168
12.1 1.125 0.00203829
12.1 3.375 0.00206251
12.1 5.625 0.00154746
12.1 7.875 0.00308091
12.1 10.125 0.00166501
12.1 12.375 0.00207592
12.1 14.625 0.00167294
12.1 19.125 0.00189133
12.1 21.375 0.00240577
12.1 23.625 0.00217411
12.1 25.875 0.00183355
12.1 28.125 0.00221823
12.1 30.375 0.00285601
12.1 32.625 0.00130902
12.1 34.875 0.00171276
12.1 37.125 0.00166223
12.1 39.375 0.0021164
12.1 41.625 0.00239104
12.1 43.875 0.0018524
12.3 1.125 0.00232885
12.3 3.375 0.00148456
12.3 5.625 0.00225507
12.3 7.875 0.00215657
12.3 10.125 0.00362476
12.3 12.375 0.00157457
12.3 14.625 0.00218637
12.3 16.875 0.00202879
12.3 19.125 0.00159019
12.3 21.375 0.00405775
12.3 23.625 0.00208629
12.3 25.875 0.00190714
12.3 28.125 0.00274413
12.3 30.375 0.00299075
12.3 32.625 0.0030107
12.3 34.875 0.00131548
12.3 37.125 0.00140526
12.3 39.375 0.00230641
12.3 41.625 0.00210009
12.3 43.875 0.00175717
12.5 1.125 0.00226116
12.5 3.375 0.0016936
12.5 5.625 0.00177605
12.5 7.875 0.00183379
12.5 10.125 0.00173907
12.5 12.375 0.00286569
12.5 14.625 0.00258915
12.5 16.875 0.00264507
12.5 19.125 0.0018603
12.5 21.375 0.00239031
12.5 23.625 0.00172622
12.5 25.875 0.00188627
12.5 28.125 0.00197407
12.5 30.375 0.00206584
12.5 32.625 0.00218197
12.5 34.875 0.00196154
12.5 37.125 0.0200918
12.5 39.375 0.00170976
12.5 41.625 0.00186364
12.5 43.875 0.00471689
12.7 1.125 0.00103747
12.7 3.375 0.0025309
12.7 5.625 0.0015898
12.7 7.875 0.00180765
12.7 10.125 0.00192066
12.7 12.375 0.00221198
12.7 14.625 0.00204307
12.7 16.875 0.00227397
12.7 19.125 0.00228775
12.7 21.375 0.00153545
12.7 23.625 0.0019216
12.7 25.875 0.00232051
12.7 34.875 0.00240605
12.7 37.125 0.00156159
12.7 39.375 0.00216634
12.7 41.625 0.00156192
12.7 43.875 0.00168544
12.9 1.125 0.0031051
12.9 3.375 0.00162277
12.9 5.625 0.00209457
12.9 7.875 0.00127953
12.9 10.125 0.00288266
12.9 12.375 0.00285799
12.9 14.625 0.00186499
12.9 16.875 0.00202646
12.9 19.125 0.00145478
12.9 21.375 0.00196469
12.9 23.625 0.00215088
12.9 25.875 0.00200472
12.9 28.125 0.00149288
12.9 30.375 0.00202039
12.9 32.625 0.00124627
12.9 34.875 0.00223879
12.9 37.125 0.00156419
12.9 39.375 0.0151581
12.9 41.625 0.00176887
13.1 1.125 0.00298416
13.1 3.375 0.00315576
13.1 5.625 0.00227135
13.1 7.875 0.00160474
13.1 10.125 0.00234779
13.1 12.375 0.000940289
13.1 14.625 0.00196423
13.1 16.875 0.00217914
13.1 19.125 0.0037335
13.1 21.375 0.00292842
13.1 23.625 0.00203837
13.1 25.875 0.0026524
13.1 28.125 0.00177287
13.1 30.375 0.00140559
13.1 32.625 0.00236334
13.1 34.875 0.00247312
13.1 37.125 0.00154655
13.1 39.375 0.00285902
13.1 41.625 0.001271
13.1 43.875 0.00214888
13.3 1.125 0.00196373
13.3 5.625 0.0016437
13.3 7.875 0.00222591
13.3 10.125 0.00163767
13.3 12.375 0.0013181
13.3 14.625 0.00137165
13.3 16.875 0.00127453
13.3 19.125 0.00197111
13.3 21.375 0.00188967
13.3 23.625 0.00237948
13.3 25.875 0.00129838
13.3 28.125 0.00341466
13.3 30.375 0.00142217
13.3 32.625 0.00220257
13.3 34.875 0.00301354
13.3 37.125 0.00203041
13.3 39.375 0.00208777
13.3 41.625 0.0029763
13.3 43.875 0.00200311
13.5 1.125 0.00338143
13.5 3.375 0.00223282
13.5 7.875 0.00189811
13.5 12.375 0.00198344
13.5 16.875 0.00143552
13.5 19.125 0.00218145
13.5 21.375 0.00191943
13.5 23.625 0.00125937
13.5 28.125 0.00449669
13.5 30.375 0.00171543
13.5 32.625 0.00140538
13.5 34.875 0.00171628
13.5 37.125 0.00183697
13.5 39.375 0.00162421
13.5 41.625 0.00124752
13.5 43.875 0.00260003
13.7 1.125 0.00298441
13.7 3.375 0.00260007
13.7 7.875 0.00171103
13.7 10.125 0.00184902
13.7 12.375 0.00581817
13.7 14.625 0.000779412
13.7 19.125 0.00213049
13.7 21.375 0.00245933
13.7 23.625 0.0023009
13.7 28.125 0.00316682
13.7 32.625 0.00157266
13.7 37.125 0.00192723
13.7 39.375 0.00217038
13.7 43.875 0.0015829
13.9 3.375 0.00255764
13.9 7.875 0.00211477
13.9 10.125 0.00221862
13.9 12.375 0.00244741
13.9 16.875 0.00244191
13.9 19.125 0.00195708
13.9 21.375 0.00259531
13.9 23.625 0.0014933
13.9 25.875 0.00223904
13.9 28.125 0.00216003
13.9 30.375 0.00237106
13.9 37.125 0.00320662
13.9 39.375 0.00302073
13.9 41.625 0.00188863
