0.1 1.125 1.24045
0.1 3.375 1.22035
0.1 5.625 1.20743
0.1 7.875 0.998044
0.1 10.125 0.776749
0.1 12.375 0.978542
0.1 14.625 1.14219
0.1 16.875 1.12181
0.1 19.125 1.14485
0.1 21.375 1.19248
0.1 23.625 1.20064
0.1 25.875 1.26227
0.1 28.125 1.21496
0.1 30.375 1.20929
0.1 32.625 1.23654
0.1 34.875 1.22396
0.1 37.125 1.25789
0.1 39.375 1.11211
0.1 41.625 1.23937
0.1 43.875 1.19718
0.3 1.125 1.1906
0.3 3.375 1.10927
0.3 5.625 1.22075
0.3 7.875 1.2105
0.3 10.125 1.22676
0.3 12.375 1.2096
0.3 14.625 1.22157
0.3 16.875 1.21404
0.3 19.125 1.2041
0.3 21.375 1.22567
0.3 23.625 1.20657
0.3 25.875 1.1608
0.3 28.125 1.22808
0.3 30.375 1.20929
0.3 32.625 1.19899
0.3 34.875 1.20014
0.3 37.125 1.19115
0.3 39.375 1.21907
0.3 41.625 1.22013
0.3 43.875 1.21174
0.5 1.125 1.15931
0.5 3.375 1.20295
0.5 5.625 1.19591
0.5 7.875 1.18041
0.5 10.125 1.1962
0.5 12.375 1.17491
0.5 14.625 1.1906
0.5 16.875 1.19508
0.5 19.125 1.19302
0.5 21.375 1.16717
0.5 23.625 1.19188
0.5 25.875 1.18165
0.5 28.125 1.17845
0.5 30.375 1.18234
0.5 32.625 1.17351
0.5 34.875 1.15801
0.5 37.125 1.17788
0.5 39.375 1.19715
0.5 41.625 1.1676
0.5 43.875 1.1964
0.7 1.125 1.0683
0.7 3.375 1.13998
0.7 5.625 1.11859
0.7 7.875 1.1224
0.7 10.125 1.11219
0.7 12.375 1.12338
0.7 14.625 1.11332
0.7 16.875 1.14079
0.7 19.125 1.14051
0.7 21.375 1.13016
0.7 23.625 1.13107
0.7 25.875 1.11757
0.7 28.125 1.12903
0.7 30.375 1.13849
0.7 32.625 1.12937
0.7 34.875 1.12609
0.7 37.125 1.12268
0.7 39.375 1.11874
0.7 41.625 1.14612
0.7 43.875 1.10455
0.9 1.125 0.951104
0.9 3.375 0.994234
0.9 5.625 0.97849
0.9 7.875 1.0191
0.9 10.125 0.986164
0.9 12.375 0.989582
0.9 14.625 1.00903
0.9 16.875 1.01619
0.9 19.125 1.01413
0.9 21.375 1.01249
0.9 23.625 1.00092
0.9 25.875 1.02371
0.9 28.125 1.04598
0.9 30.375 1.05738
0.9 32.625 1.04398
0.9 34.875 1.0467
0.9 37.125 1.02772
0.9 39.375 1.0531
0.9 41.625 1.06068
0.9 43.875 1.06795
1.1 1.125 0.734739
1.1 3.375 0.746162
1.1 5.625 0.773613
1.1 7.875 0.739144
1.1 10.125 0.746395
1.1 12.375 0.750535
1.1 14.625 0.783714
1.1 16.875 0.77095
1.1 19.125 0.79003
1.1 21.375 0.778518
1.1 23.625 0.829648
1.1 25.875 0.836843
1.1 28.125 0.83995
1.1 30.375 0.878962
1.1 32.625 0.893046
1.1 34.875 0.906703
1.1 37.125 0.91891
1.1 39.375 0.946441
1.1 41.625 0.934874
1.1 43.875 0.922132
1.3 1.125 0.41195
1.3 3.375 0.437941
1.3 5.625 0.408939
1.3 7.875 0.465722
1.3 10.125 0.431302
1.3 12.375 0.470776
1.3 14.625 0.514614
1.3 16.875 0.533569
1.3 19.125 0.530587
1.3 21.375 0.56359
1.3 23.625 0.55943
1.3 25.875 0.549323
1.3 28.125 0.664952
1.3 30.375 0.623801
1.3 32.625 0.692675
1.3 34.875 0.693396
1.3 37.125 0.710547
1.3 39.375 0.726517
1.3 41.625 0.746236
1.3 43.875 0.786037
1.5 1.125 0.212478
1.5 3.375 0.237203
1.5 5.625 0.233281
1.5 7.875 0.245547
1.5 10.125 0.264478
1.5 12.375 0.252031
1.5 14.625 0.253978
1.5 16.875 0.272172
1.5 19.125 0.300201
1.5 21.375 0.301194
1.5 23.625 0.310614
1.5 25.875 0.319566
1.5 28.125 0.392498
1.5 30.375 0.378375
1.5 32.625 0.416521
1.5 34.875 0.429905
1.5 37.125 0.438042
1.5 39.375 0.485977
1.5 41.625 0.530706
1.5 43.875 0.544434
1.7 1.125 0.123277
1.7 3.375 0.131785
1.7 5.625 0.135873
1.7 7.875 0.139912
1.7 10.125 0.144407
1.7 12.375 0.145581
1.7 14.625 0.154584
1.7 16.875 0.153662
1.7 19.125 0.149634
1.7 21.375 0.16001
1.7 23.625 0.165462
1.7 25.875 0.172484
1.7 28.125 0.190668
1.7 30.375 0.209285
1.7 32.625 0.208168
1.7 34.875 0.224269
1.7 37.125 0.223129
1.7 39.375 0.257722
1.7 41.625 0.24244
1.7 43.875 0.270338
1.9 1.125 0.079371
1.9 3.375 0.0820424
1.9 5.625 0.0847767
1.9 7.875 0.0850707
1.9 10.125 0.0884405
1.9 12.375 0.0941099
1.9 14.625 0.094391
1.9 16.875 0.0992306
1.9 19.125 0.0991767
1.9 21.375 0.107761
1.9 23.625 0.0984771
1.9 25.875 0.114311
1.9 28.125 0.113925
1.9 30.375 0.110176
1.9 32.625 0.132599
1.9 34.875 0.133079
1.9 37.125 0.137485
1.9 39.375 0.142789
1.9 41.625 0.151657
1.9 43.875 0.150996
2.1 1.125 0.0519308
2.1 3.375 0.0563498
2.1 5.625 0.053223
2.1 7.875 0.0569264
2.1 10.125 0.0589993
2.1 12.375 0.0622183
2.1 14.625 0.0618476
2.1 16.875 0.064549
2.1 19.125 0.0623369
2.1 21.375 0.0671667
2.1 23.625 0.0679205
2.1 25.875 0.0708409
2.1 28.125 0.0735347
2.1 30.375 0.074821
2.1 32.625 0.0784341
2.1 34.875 0.0824193
2.1 37.125 0.0899662
2.1 39.375 0.0869039
2.1 41.625 0.0925939
2.1 43.875 0.0920011
2.3 1.125 0.0382467
2.3 3.375 0.0420637
2.3 5.625 0.0386666
2.3 7.875 0.0389281
2.3 10.125 0.038547
2.3 12.375 0.038605
2.3 14.625 0.0399951
2.3 16.875 0.043595
2.3 19.125 0.0452374
2.3 21.375 0.0444331
2.3 23.625 0.0463591
2.3 25.875 0.0458809
2.3 28.125 0.0501922
2.3 30.375 0.0519876
2.3 32.625 0.0554387
2.3 34.875 0.0581527
2.3 37.125 0.0580566
2.3 39.375 0.0591486
2.3 41.625 0.0605905
2.3 43.875 0.0592594
2.5 1.125 0.0297607
2.5 3.375 0.0288368
2.5 5.625 0.0300078
2.5 7.875 0.027834
2.5 10.125 0.0280188
2.5 12.375 0.0275176
2.5 14.625 0.0287571
2.5 16.875 0.0268859
2.5 19.125 0.0289938
2.5 21.375 0.0304544
2.5 23.625 0.0301619
2.5 25.875 0.0344897
2.5 28.125 0.0362582
2.5 30.375 0.0359848
2.5 32.625 0.0373429
2.5 34.875 0.0380161
2.5 37.125 0.0394193
2.5 39.375 0.0381731
2.5 41.625 0.0384955
2.5 43.875 0.0411688
2.7 1.125 0.0219788
2.7 3.375 0.0217525
2.7 5.625 0.0224312
2.7 7.875 0.0218868
2.7 10.125 0.0210547
2.7 12.375 0.0211094
2.7 14.625 0.022985
2.7 16.875 0.021703
2.7 19.125 0.0232706
2.7 21.375 0.0250241
2.7 23.625 0.0238648
2.7 25.875 0.0235253
2.7 28.125 0.0258478
2.7 30.375 0.0264172
2.7 32.625 0.0262518
2.7 34.875 0.02636
2.7 37.125 0.0261803
2.7 39.375 0.0253398
2.7 41.625 0.0247443
2.7 43.875 0.0256469
2.9 1.125 0.0181547
2.9 3.375 0.0181182
2.9 5.625 0.0169741
2.9 7.875 0.0167895
2.9 10.125 0.0167479
2.9 12.375 0.0185393
2.9 14.625 0.0181377
2.9 16.875 0.017365
2.9 19.125 0.0183663
2.9 21.375 0.018603
2.9 23.625 0.0184665
2.9 25.875 0.0206166
2.9 28.125 0.0203999
2.9 30.375 0.0205462
2.9 32.625 0.0194089
2.9 34.875 0.0203341
2.9 37.125 0.0198238
2.9 39.375 0.0196243
2.9 41.625 0.0194891
2.9 43.875 0.0200315
3.1 1.125 0.0152056
3.1 3.375 0.0139959
3.1 5.625 0.0137758
3.1 7.875 0.0137879
3.1 10.125 0.0153482
3.1 12.375 0.0138878
3.1 14.625 0.0142254
3.1 16.875 0.0145346
3.1 19.125 0.0141833
3.1 21.375 0.0162478
3.1 23.625 0.0151588
3.1 25.875 0.0167694
3.1 28.125 0.0162605
3.1 30.375 0.0159472
3.1 32.625 0.0163249
3.1 34.875 0.0155909
3.1 37.125 0.016446
3.1 39.375 0.0151281
3.1 41.625 0.0150981
3.1 43.875 0.0168807
3.3 1.125 0.0121472
3.3 3.375 0.011491
3.3 5.625 0.0122304
3.3 7.875 0.0116772
3.3 10.125 0.0124017
3.3 12.375 0.0120978
3.3 14.625 0.0130301
3.3 16.875 0.0121373
3.3 19.125 0.0120676
3.3 21.375 0.0137145
3.3 23.625 0.0123579
3.3 25.875 0.0129123
3.3 28.125 0.0125966
3.3 30.375 0.0136305
3.3 32.625 0.0136707
3.3 34.875 0.0129814
3.3 37.125 0.012028
3.3 39.375 0.0131781
3.3 41.625 0.0133074
3.3 43.875 0.013774
3.5 1.125 0.010163
3.5 3.375 0.00998943
3.5 5.625 0.00938915
3.5 7.875 0.010546
3.5 10.125 0.0102151
3.5 12.375 0.0100168
3.5 14.625 0.00985866
3.5 16.875 0.0120338
3.5 19.125 0.0101098
3.5 21.375 0.0104352
3.5 23.625 0.0113805
3.5 25.875 0.0115909
3.5 28.125 0.0117924
3.5 30.375 0.0128913
3.5 32.625 0.0111982
3.5 34.875 0.0122444
3.5 37.125 0.0115303
3.5 39.375 0.0113476
3.5 41.625 0.0110739
3.5 43.875 0.0107382
3.7 1.125 0.0087112
3.7 3.375 0.0091171
3.7 5.625 0.00876813
3.7 7.875 0.00889334
3.7 10.125 0.00861836
3.7 12.375 0.00885056
3.7 14.625 0.00877556
3.7 16.875 0.00932837
3.7 19.125 0.0089375
3.7 21.375 0.00979919
3.7 23.625 0.00974537
3.7 25.875 0.0104817
3.7 28.125 0.0100638
3.7 30.375 0.00971055
3.7 32.625 0.00971164
3.7 34.875 0.0103446
3.7 37.125 0.0095346
3.7 39.375 0.00978743
3.7 41.625 0.00977287
3.7 43.875 0.00904953
3.9 1.125 0.0074671
3.9 3.375 0.00757078
3.9 5.625 0.00714088
3.9 7.875 0.00677594
3.9 10.125 0.00756548
3.9 12.375 0.00795251
3.9 14.625 0.0083346
3.9 16.875 0.00753127
3.9 19.125 0.00745768
3.9 21.375 0.0122785
3.9 23.625 0.00794801
3.9 25.875 0.00846728
3.9 28.125 0.00870008
3.9 30.375 0.00806543
3.9 32.625 0.00870434
3.9 34.875 0.0086463
3.9 37.125 0.00858777
3.9 39.375 0.0084106
3.9 41.625 0.00807722
3.9 43.875 0.00828016
4.1 1.125 0.0071331
4.1 3.375 0.00743053
4.1 5.625 0.00684968
4.1 7.875 0.00692983
4.1 10.125 0.00760979
4.1 12.375 0.00687333
4.1 14.625 0.00663934
4.1 16.875 0.00686164
4.1 19.125 0.00691479
4.1 21.375 0.00750835
4.1 23.625 0.0070765
4.1 25.875 0.00767039
4.1 28.125 0.00765369
4.1 30.375 0.00746607
4.1 32.625 0.00711767
4.1 34.875 0.0073106
4.1 37.125 0.00713432
4.1 39.375 0.00687164
4.1 41.625 0.00732782
4.1 43.875 0.00693061
4.3 1.125 0.00597614
4.3 3.375 0.00595986
4.3 5.625 0.00587148
4.3 7.875 0.00576906
4.3 10.125 0.00601589
4.3 12.375 0.00609313
4.3 14.625 0.00597145
4.3 16.875 0.0063447
4.3 19.125 0.00669228
4.3 21.375 0.00651083
4.3 23.625 0.00634131
4.3 25.875 0.00676503
4.3 28.125 0.00676815
4.3 30.375 0.00665661
4.3 32.625 0.00688666
4.3 34.875 0.00698842
4.3 37.125 0.00616924
4.3 39.375 0.00688174
4.3 41.625 0.00695564
4.3 43.875 0.00703731
4.5 1.125 0.00539091
4.5 3.375 0.00587296
4.5 5.625 0.00532845
4.5 7.875 0.00523375
4.5 10.125 0.00542913
4.5 12.375 0.00521255
4.5 14.625 0.00569275
4.5 16.875 0.00525637
4.5 19.125 0.00579789
4.5 21.375 0.00549223
4.5 23.625 0.00613354
4.5 25.875 0.0055371
4.5 28.125 0.00577579
4.5 30.375 0.0057683
4.5 32.625 0.00568231
4.5 34.875 0.00569728
4.5 37.125 0.00573002
4.5 39.375 0.00568702
4.5 41.625 0.00547527
4.5 43.875 0.00612036
4.7 1.125 0.00539979
4.7 3.375 0.00537916
4.7 5.625 0.00516026
4.7 7.875 0.00493185
4.7 10.125 0.00512035
4.7 12.375 0.00525252
4.7 14.625 0.00487477
4.7 16.875 0.00483621
4.7 19.125 0.00523421
4.7 21.375 0.00529864
4.7 23.625 0.00487738
4.7 25.875 0.00531972
4.7 28.125 0.00525217
4.7 30.375 0.00516879
4.7 32.625 0.00544152
4.7 34.875 0.00514451
4.7 37.125 0.00518939
4.7 39.375 0.00520445
4.7 41.625 0.00522225
4.7 43.875 0.00514639
4.9 1.125 0.00501001
4.9 3.375 0.00460753
4.9 5.625 0.00456058
4.9 7.875 0.00422899
4.9 10.125 0.00446859
4.9 12.375 0.00432601
4.9 14.625 0.00469789
4.9 16.875 0.00514215
4.9 19.125 0.00521777
4.9 21.375 0.00489357
4.9 23.625 0.0049857
4.9 25.875 0.00479745
4.9 28.125 0.00479712
4.9 30.375 0.00487783
4.9 32.625 0.00499515
4.9 34.875 0.00481701
4.9 37.125 0.00506701
4.9 39.375 0.00507246
4.9 41.625 0.00463918
4.9 43.875 0.00443254
5.1 1.125 0.00411603
5.1 3.375 0.00415777
5.1 5.625 0.00540286
5.1 7.875 0.00420023
5.1 10.125 0.00434417
5.1 12.375 0.00434585
5.1 14.625 0.00401069
5.1 16.875 0.00462801
5.1 19.125 0.00434866
5.1 21.375 0.00462144
5.1 23.625 0.0046543
5.1 25.875 0.00451972
5.1 28.125 0.0042842
5.1 30.375 0.00454475
5.1 32.625 0.00766759
5.1 34.875 0.00466542
5.1 37.125 0.00459903
5.1 39.375 0.00441284
5.1 41.625 0.00435778
5.1 43.875 0.00436763
5.3 1.125 0.00399633
5.3 3.375 0.00370977
5.3 5.625 0.00397588
5.3 7.875 0.00369451
5.3 10.125 0.00646871
5.3 12.375 0.00370147
5.3 14.625 0.00429138
5.3 16.875 0.00412193
5.3 19.125 0.00392698
5.3 21.375 0.00419052
5.3 23.625 0.00404939
5.3 25.875 0.00396462
5.3 28.125 0.00389248
5.3 30.375 0.00408822
5.3 32.625 0.00423055
5.3 34.875 0.00418923
5.3 37.125 0.0040125
5.3 39.375 0.00429196
5.3 41.625 0.00387678
5.3 43.875 0.00405535
5.5 1.125 0.00359804
5.5 3.375 0.00363108
5.5 5.625 0.00368581
5.5 7.875 0.00396167
5.5 10.125 0.00352927
5.5 12.375 0.00386418
5.5 14.625 0.00392604
5.5 16.875 0.00393082
5.5 19.125 0.00395814
5.5 21.375 0.00361959
5.5 23.625 0.00399987
5.5 25.875 0.00461165
5.5 28.125 0.00358895
5.5 30.375 0.00391005
5.5 32.625 0.00412649
5.5 34.875 0.00416904
5.5 37.125 0.00380066
5.5 39.375 0.00407243
5.5 41.625 0.0038094
5.5 43.875 0.00374313
5.7 1.125 0.0031984
5.7 3.375 0.00368664
5.7 5.625 0.00346072
5.7 7.875 0.00337414
5.7 10.125 0.00318835
5.7 12.375 0.00340693
5.7 14.625 0.0035222
5.7 16.875 0.00666212
5.7 19.125 0.00340903
5.7 21.375 0.0035587
5.7 23.625 0.00500648
5.7 25.875 0.0037661
5.7 28.125 0.00330983
5.7 30.375 0.00599673
5.7 32.625 0.0035311
5.7 34.875 0.00380193
5.7 37.125 0.00394897
5.7 39.375 0.00344786
5.7 41.625 0.0040254
5.7 43.875 0.0038102
5.9 1.125 0.00303988
5.9 3.375 0.00322749
5.9 5.625 0.00360338
5.9 7.875 0.0036354
5.9 10.125 0.00295741
5.9 12.375 0.00355425
5.9 14.625 0.00333292
5.9 16.875 0.00327208
5.9 19.125 0.00333636
5.9 21.375 0.00510459
5.9 23.625 0.00319516
5.9 25.875 0.00321632
5.9 28.125 0.00352624
5.9 30.375 0.00345113
5.9 32.625 0.00341254
5.9 34.875 0.00324559
5.9 37.125 0.0034654
5.9 39.375 0.00358786
5.9 41.625 0.00347624
5.9 43.875 0.00334852
6.1 1.125 0.00326354
6.1 3.375 0.00342237
6.1 5.625 0.00339444
6.1 7.875 0.003061
6.1 10.125 0.00296813
6.1 12.375 0.00329332
6.1 14.625 0.00337194
6.1 16.875 0.00357602
6.1 19.125 0.00343293
6.1 21.375 0.00345941
6.1 23.625 0.00317771
6.1 25.875 0.00319151
6.1 28.125 0.00353264
6.1 30.375 0.00323945
6.1 32.625 0.00317108
6.1 34.875 0.00333891
6.1 37.125 0.00305329
6.1 39.375 0.00335617
6.1 41.625 0.0032166
6.1 43.875 0.00318339
6.3 1.125 0.00306572
6.3 3.375 0.00307333
6.3 5.625 0.00275452
6.3 7.875 0.0035461
6.3 10.125 0.00333907
6.3 12.375 0.00316685
6.3 14.625 0.00314706
6.3 16.875 0.00299829
6.3 19.125 0.00299849
6.3 21.375 0.00309468
6.3 23.625 0.00298247
6.3 25.875 0.00317415
6.3 28.125 0.00333343
6.3 30.375 0.00302612
6.3 32.625 0.00289941
6.3 34.875 0.00303306
6.3 37.125 0.00329628
6.3 39.375 0.00330889
6.3 41.625 0.00314967
6.3 43.875 0.00319908
6.5 1.125 0.00294724
6.5 3.375 0.00272722
6.5 5.625 0.003116
6.5 7.875 0.00272589
6.5 10.125 0.0031861
6.5 12.375 0.00292297
6.5 14.625 0.00308312
6.5 16.875 0.00299699
6.5 19.125 0.00301126
6.5 21.375 0.00331357
6.5 23.625 0.00286679
6.5 25.875 0.00302029
6.5 28.125 0.00286243
6.5 30.375 0.0028238
6.5 32.625 0.00274953
6.5 34.875 0.00289327
6.5 37.125 0.00318291
6.5 39.375 0.00323214
6.5 41.625 0.00260388
6.5 43.875 0.00320123
6.7 1.125 0.00275697
6.7 3.375 0.00293272
6.7 5.625 0.00272617
6.7 7.875 0.00286267
6.7 10.125 0.00297723
6.7 12.375 0.00302658
6.7 14.625 0.00332895
6.7 16.875 0.00275
6.7 19.125 0.00318746
6.7 21.375 0.00275236
6.7 23.625 0.00278487
6.7 25.875 0.00283072
6.7 28.125 0.00297938
6.7 30.375 0.00307103
6.7 32.625 0.00272706
6.7 34.875 0.00284583
6.7 37.125 0.00302889
6.7 39.375 0.00309639
6.7 41.625 0.00298229
6.7 43.875 0.00301153
6.9 1.125 0.00304613
6.9 3.375 0.00281091
6.9 5.625 0.00286981
6.9 7.875 0.00285139
6.9 10.125 0.00287813
6.9 12.375 0.00271048
6.9 14.625 0.00331117
6.9 16.875 0.00292564
6.9 19.125 0.00280962
6.9 21.375 0.00283662
6.9 23.625 0.00280583
6.9 25.875 0.00298778
6.9 28.125 0.00282784
6.9 30.375 0.00248385
6.9 32.625 0.00274233
6.9 34.875 0.003037
6.9 37.125 0.00281507
6.9 39.375 0.00306637
6.9 41.625 0.00339936
6.9 43.875 0.00306949
7.1 1.125 0.00331076
7.1 3.375 0.00277465
7.1 5.625 0.00283051
7.1 7.875 0.00240326
7.1 10.125 0.00261017
7.1 12.375 0.00290724
7.1 14.625 0.0027164
7.1 16.875 0.00255348
7.1 19.125 0.00275635
7.1 21.375 0.00243216
7.1 23.625 0.00265748
7.1 25.875 0.00321116
7.1 28.125 0.00290661
7.1 30.375 0.0028438
7.1 32.625 0.0030001
7.1 34.875 0.00261334
7.1 37.125 0.00304313
7.1 39.375 0.00306138
7.1 41.625 0.00269314
7.1 43.875 0.00307117
7.3 1.125 0.00300981
7.3 3.375 0.00240529
7.3 5.625 0.00299218
7.3 7.875 0.00264519
7.3 10.125 0.0029467
7.3 12.375 0.00369894
7.3 14.625 0.0025793
7.3 16.875 0.0026685
7.3 19.125 0.00306205
7.3 21.375 0.00266206
7.3 23.625 0.00284051
7.3 25.875 0.0024748
7.3 28.125 0.00252821
7.3 30.375 0.00270288
7.3 32.625 0.00290677
7.3 34.875 0.00256224
7.3 37.125 0.00276775
7.3 39.375 0.0026615
7.3 41.625 0.00247668
7.3 43.875 0.00258452
7.5 1.125 0.00245939
7.5 3.375 0.00280941
7.5 5.625 0.0026417
7.5 7.875 0.0025506
7.5 10.125 0.00269683
7.5 12.375 0.00261575
7.5 14.625 0.00254267
7.5 16.875 0.00311068
7.5 19.125 0.00243663
7.5 21.375 0.00255701
7.5 23.625 0.00276794
7.5 25.875 0.00266361
7.5 28.125 0.00244919
7.5 30.375 0.00227464
7.5 32.625 0.00318315
7.5 34.875 0.00289825
7.5 37.125 0.00297173
7.5 39.375 0.00257991
7.5 41.625 0.0026796
7.5 43.875 0.00252708
7.7 1.125 0.00254022
7.7 3.375 0.00234016
7.7 5.625 0.00284504
7.7 7.875 0.00368309
7.7 10.125 0.00265599
7.7 12.375 0.00250646
7.7 14.625 0.00260031
7.7 16.875 0.00986022
7.7 19.125 0.00266032
7.7 21.375 0.00287615
7.7 23.625 0.00663539
7.7 25.875 0.002308
7.7 28.125 0.00221165
7.7 30.375 0.00284139
7.7 32.625 0.00255411
7.7 34.875 0.00241124
7.7 37.125 0.00267236
7.7 39.375 0.00251106
7.7 41.625 0.00254285
7.7 43.875 0.00245612
7.9 1.125 0.00230974
7.9 3.375 0.00882211
7.9 5.625 0.002559
7.9 7.875 0.00255801
7.9 10.125 0.00412679
7.9 12.375 0.00219761
7.9 14.625 0.00232115
7.9 16.875 0.00247542
7.9 19.125 0.00699374
7.9 21.375 0.00332851
7.9 23.625 0.00255701
7.9 25.875 0.00257886
7.9 28.125 0.0024609
7.9 30.375 0.00215316
7.9 32.625 0.00240711
7.9 34.875 0.00258999
7.9 37.125 0.00254988
7.9 39.375 0.00287242
7.9 41.625 0.00235892
7.9 43.875 0.00244867
8.1 1.125 0.00299114
8.1 3.375 0.0023628
8.1 5.625 0.00252321
8.1 7.875 0.00248353
8.1 10.125 0.00247948
8.1 12.375 0.00270052
8.1 14.625 0.00277246
8.1 16.875 0.00254663
8.1 19.125 0.00248913
8.1 21.375 0.00227856
8.1 23.625 0.00250038
8.1 25.875 0.00245211
8.1 28.125 0.00870859
8.1 30.375 0.00252556
8.1 32.625 0.00225475
8.1 34.875 0.00201142
8.1 37.125 0.00223664
8.1 39.375 0.00283981
8.1 41.625 0.0028078
8.1 43.875 0.00252514
8.3 1.125 0.00247927
8.3 3.375 0.00208515
8.3 5.625 0.00235975
8.3 7.875 0.00249739
8.3 10.125 0.00251959
8.3 12.375 0.00268904
8.3 14.625 0.00538033
8.3 16.875 0.0024742
8.3 19.125 0.00373667
8.3 21.375 0.00261869
8.3 23.625 0.0022876
8.3 25.875 0.00226979
8.3 28.125 0.0024005
8.3 30.375 0.0023718
8.3 32.625 0.00235932
8.3 34.875 0.00202493
8.3 37.125 0.00276459
8.3 39.375 0.00255843
8.3 41.625 0.00279542
8.3 43.875 0.00221558
8.5 1.125 0.00242794
8.5 3.375 0.00271687
8.5 5.625 0.00244706
8.5 7.875 0.00229622
8.5 10.125 0.00239484
8.5 12.375 0.00254119
8.5 14.625 0.00227217
8.5 16.875 0.00222711
8.5 19.125 0.00278612
8.5 21.375 0.00281752
8.5 23.625 0.00256529
8.5 25.875 0.00192729
8.5 28.125 0.00222462
8.5 30.375 0.00241999
8.5 32.625 0.0023245
8.5 34.875 0.00228334
8.5 37.125 0.00250205
8.5 39.375 0.00230591
8.5 41.625 0.00278521
8.5 43.875 0.00217113
8.7 1.125 0.00257467
8.7 3.375 0.00221262
8.7 5.625 0.00200908
8.7 7.875 0.00246506
8.7 10.125 0.00250812
8.7 12.375 0.00247747
8.7 14.625 0.00260016
8.7 16.875 0.00262642
8.7 19.125 0.00216954
8.7 21.375 0.00244908
8.7 23.625 0.00267656
8.7 25.875 0.00229028
8.7 28.125 0.00223477
8.7 30.375 0.00227406
8.7 32.625 0.00201392
8.7 34.875 0.00245458
8.7 37.125 0.00235897
8.7 39.375 0.00236786
8.7 41.625 0.00206806
8.7 43.875 0.00226713
8.9 1.125 0.00247006
8.9 3.375 0.00249406
8.9 5.625 0.00271577
8.9 7.875 0.00237995
8.9 10.125 0.00286229
8.9 12.375 0.00220424
8.9 14.625 0.0021865
8.9 16.875 0.00245803
8.9 19.125 0.00235072
8.9 21.375 0.00257473
8.9 23.625 0.00220254
8.9 25.875 0.0022823
8.9 28.125 0.00261025
8.9 30.375 0.00217519
8.9 32.625 0.0022668
8.9 34.875 0.00226737
8.9 37.125 0.00258099
8.9 39.375 0.00277538
8.9 41.625 0.00235825
8.9 43.875 0.00231998
9.1 1.125 0.00233505
9.1 3.375 0.00232283
9.1 5.625 0.00205693
9.1 7.875 0.00259274
9.1 10.125 0.00280168
9.1 12.375 0.00227654
9.1 14.625 0.0123567
9.1 16.875 0.00222916
9.1 19.125 0.00260036
9.1 21.375 0.00236839
9.1 23.625 0.0136737
9.1 25.875 0.00237044
9.1 28.125 0.00234745
9.1 30.375 0.00254927
9.1 32.625 0.00241209
9.1 34.875 0.00342313
9.1 37.125 0.00236526
9.1 39.375 0.00241211
9.1 41.625 0.00225853
9.1 43.875 0.00243908
9.3 1.125 0.00230504
9.3 3.375 0.00179995
9.3 5.625 0.00213591
9.3 7.875 0.00219079
9.3 10.125 0.00242982
9.3 12.375 0.0023525
9.3 14.625 0.00222431
9.3 16.875 0.00210499
9.3 19.125 0.00240802
9.3 21.375 0.00201679
9.3 23.625 0.00221541
9.3 25.875 0.00234343
9.3 28.125 0.00252117
9.3 30.375 0.00229336
9.3 32.625 0.00244711
9.3 34.875 0.00232802
9.3 37.125 0.00255306
9.3 39.375 0.00217078
9.3 41.625 0.00285777
9.3 43.875 0.00242839
9.5 1.125 0.00235537
9.5 3.375 0.00234271
9.5 5.625 0.00231377
9.5 7.875 0.00210795
9.5 10.125 0.00226174
9.5 12.375 0.00232653
9.5 14.625 0.00214905
9.5 16.875 0.00237715
9.5 19.125 0.00216695
9.5 21.375 0.00204651
9.5 23.625 0.00217651
9.5 25.875 0.00223825
9.5 28.125 0.0055015
9.5 30.375 0.00210945
9.5 32.625 0.00191922
9.5 34.875 0.00260575
9.5 37.125 0.00255381
9.5 39.375 0.00247041
9.5 41.625 0.0019683
9.5 43.875 0.00247833
9.7 1.125 0.00317207
9.7 3.375 0.00186422
9.7 5.625 0.00202335
9.7 7.875 0.00255713
9.7 10.125 0.0112094
9.7 12.375 0.00269043
9.7 14.625 0.0020887
9.7 16.875 0.00257351
9.7 19.125 0.00228242
9.7 21.375 0.00214073
9.7 23.625 0.00243395
9.7 25.875 0.00257935
9.7 28.125 0.00204995
9.7 30.375 0.00229215
9.7 32.625 0.00195496
9.7 34.875 0.00258402
9.7 37.125 0.002336
9.7 39.375 0.00250088
9.7 41.625 0.00253322
9.7 43.875 0.00236462
9.9 1.125 0.00261238
9.9 3.375 0.00171218
9.9 5.625 0.00252391
9.9 7.875 0.00250497
9.9 10.125 0.00214724
9.9 12.375 0.00209353
9.9 14.625 0.00218625
9.9 16.875 0.00207754
9.9 19.125 0.00241227
9.9 21.375 0.00225349
9.9 23.625 0.00229364
9.9 25.875 0.0020555
9.9 28.125 0.0078668
9.9 30.375 0.00225581
9.9 32.625 0.00238814
9.9 34.875 0.00221429
9.9 37.125 0.00212317
9.9 39.375 0.00202636
9.9 41.625 0.00208514
9.9 43.875 0.0024495
10.1 1.125 0.00234212
10.1 3.375 0.00175086
10.1 5.625 0.00273052
10.1 7.875 0.00279034
10.1 10.125 0.002103
10.1 12.375 0.00242634
10.1 14.625 0.00489514
10.1 16.875 0.00204686
10.1 19.125 0.00206517
10.1 21.375 0.00220426
10.1 23.625 0.00209196
10.1 25.875 0.00268362
10.1 28.125 0.00183981
10.1 30.375 0.00198129
10.1 32.625 0.00184841
10.1 34.875 0.00244932
10.1 37.125 0.00224815
10.1 39.375 0.00215248
10.1 41.625 0.00194414
10.1 43.875 0.00169035
10.3 1.125 0.00221188
10.3 3.375 0.00212318
10.3 5.625 0.00253095
10.3 7.875 0.00197317
10.3 10.125 0.00183559
10.3 12.375 0.00217166
10.3 14.625 0.0178407
10.3 16.875 0.00237025
10.3 19.125 0.00215647
10.3 21.375 0.00245247
10.3 23.625 0.00324025
10.3 25.875 0.00223352
10.3 28.125 0.00205263
10.3 30.375 0.00209914
10.3 32.625 0.00189045
10.3 34.875 0.00286735
10.3 37.125 0.00313351
10.3 39.375 0.00239708
10.3 41.625 0.00252539
10.3 43.875 0.00184836
10.5 1.125 0.00200231
10.5 3.375 0.00224303
10.5 5.625 0.00204761
10.5 7.875 0.0021886
10.5 10.125 0.00206367
10.5 12.375 0.00201039
10.5 14.625 0.00237457
10.5 16.875 0.00207763
10.5 19.125 0.00231901
10.5 21.375 0.00212517
10.5 23.625 0.00260868
10.5 25.875 0.00191494
10.5 28.125 0.00221416
10.5 30.375 0.00238613
10.5 32.625 0.00198147
10.5 34.875 0.00280509
10.5 37.125 0.00195601
10.5 39.375 0.00179016
10.5 41.625 0.0025438
10.5 43.875 0.0023562
10.7 1.125 0.00255158
10.7 3.375 0.00245018
10.7 5.625 0.00218171
10.7 7.875 0.00245068
10.7 10.125 0.00211408
10.7 12.375 0.0021125
10.7 14.625 0.00212346
10.7 16.875 0.00273291
10.7 19.125 0.0020389
10.7 21.375 0.00173703
10.7 23.625 0.00200869
10.7 25.875 0.00228565
10.7 28.125 0.00215344
10.7 30.375 0.00281239
10.7 32.625 0.00186214
10.7 34.875 0.00204502
10.7 37.125 0.0019345
10.7 39.375 0.00262704
10.7 41.625 0.00252761
10.7 43.875 0.00166526
10.9 1.125 0.00696265
10.9 3.375 0.00161116
10.9 5.625 0.00202203
10.9 7.875 0.00270866
10.9 10.125 0.00245419
10.9 12.375 0.0021004
10.9 14.625 0.00202435
10.9 16.875 0.0021536
10.9 19.125 0.00230965
10.9 21.375 0.00206627
10.9 23.625 0.00209959
10.9 25.875 0.00230123
10.9 28.125 0.00247591
10.9 30.375 0.00203396
10.9 32.625 0.00201337
10.9 34.875 0.00179024
10.9 37.125 0.00215571
10.9 39.375 0.0022806
10.9 41.625 0.00250514
10.9 43.875 0.00223756
11.1 1.125 0.00207067
11.1 3.375 0.00238852
11.1 5.625 0.0026307
11.1 7.875 0.00200312
11.1 10.125 0.0187663
11.1 12.375 0.00222257
11.1 14.625 0.00193012
11.1 16.875 0.00241877
11.1 19.125 0.00264084
11.1 21.375 0.00229276
11.1 23.625 0.00209501
11.1 25.875 0.00206373
11.1 28.125 0.002046
11.1 30.375 0.0121721
11.1 32.625 0.00205069
11.1 34.875 0.00235304
11.1 37.125 0.00234915
11.1 39.375 0.0144843
11.1 41.625 0.00213042
11.1 43.875 0.00210117
11.3 1.125 0.00241986
11.3 3.375 0.00241476
11.3 5.625 0.00180092
11.3 7.875 0.00229489
11.3 10.125 0.00189484
11.3 12.375 0.00225253
11.3 14.625 0.00209274
11.3 16.875 0.00195315
11.3 19.125 0.0047845
11.3 21.375 0.00207032
11.3 23.625 0.00226765
11.3 25.875 0.00268965
11.3 28.125 0.00237837
11.3 30.375 0.00190575
11.3 32.625 0.00218551
11.3 34.875 0.00213114
11.3 37.125 0.00184124
11.3 39.375 0.00219248
11.3 41.625 0.0019067
11.3 43.875 0.00240112
11.5 1.125 0.00248043
11.5 3.375 0.0022061
11.5 5.625 0.00252004
11.5 7.875 0.00169665
11.5 10.125 0.00223407
11.5 12.375 0.00195507
11.5 14.625 0.00342895
11.5 16.875 0.00185849
11.5 19.125 0.00204791
11.5 21.375 0.00187263
11.5 23.625 0.00253152
11.5 25.875 0.00223612
11.5 28.125 0.00282245
11.5 30.375 0.00245893
11.5 32.625 0.00208971
11.5 34.875 0.00207609
11.5 37.125 0.0018894
11.5 39.375 0.00211866
11.5 41.625 0.0019868
11.5 43.875 0.00190962
11.7 1.125 0.00212119
11.7 3.375 0.00250331
11.7 5.625 0.00173314
11.7 7.875 0.00223786
11.7 10.125 0.00209002
11.7 12.375 0.00622615
11.7 14.625 0.00192118
11.7 16.875 0.00178965
11.7 19.125 0.00203881
11.7 21.375 0.003259
11.7 23.625 0.00227982
11.7 25.875 0.00207811
11.7 28.125 0.00171759
11.7 30.375 0.00238111
11.7 32.625 0.00255889
11.7 34.875 0.00228993
11.7 37.125 0.00169206
11.7 39.375 0.00296003
11.7 41.625 0.00247516
11.7 43.875 0.0022218
11.9 1.125 0.00231837
11.9 3.375 0.00151567
11.9 5.625 0.00244273
11.9 7.875 0.00232603
11.9 10.125 0.00179133
11.9 12.375 0.00223787
11.9 14.625 0.00242689
11.9 16.875 0.00273172
11.9 19.125 0.00188325
11.9 21.375 0.00296336
11.9 23.625 0.00237774
11.9 25.875 0.00175112
11.9 28.125 0.00279795
11.9 30.375 0.00224303
11.9 32.625 0.00221925
11.9 34.875 0.00206639
11.9 37.125 0.00475533
11.9 39.375 0.00182578
11.9 41.625 0.00223397
11.9 43.875 0.0291842
12.1 1.125 0.00189281
12.1 3.375 0.00221448
12.1 5.625 0.00209302
12.1 7.875 0.00191991
12.1 10.125 0.00185831
12.1 12.375 0.00221981
12.1 14.625 0.00261611
12.1 16.875 0.00302511
12.1 19.125 0.00181178
12.1 21.375 0.00216104
12.1 23.625 0.0019374
12.1 25.875 0.0026574
12.1 28.125 0.00181373
12.1 30.375 0.00188775
12.1 32.625 0.00251563
12.1 34.875 0.0013757
12.1 37.125 0.00175167
12.1 39.375 0.0022236
12.1 41.625 0.00257377
12.1 43.875 0.00256048
12.3 1.125 0.00209289
12.3 3.375 0.00290824
12.3 5.625 0.00169528
12.3 7.875 0.00249469
12.3 10.125 0.00295758
12.3 12.375 0.00220866
12.3 14.625 0.00240965
12.3 16.875 0.00219923
12.3 19.125 0.00218717
12.3 21.375 0.00220413
12.3 23.625 0.0221782
12.3 25.875 0.00212631
12.3 28.125 0.00275642
12.3 30.375 0.00196209
12.3 32.625 0.0022436
12.3 34.875 0.00204051
12.3 37.125 0.00217489
12.3 39.375 0.00215888
12.3 41.625 0.00213722
12.3 43.875 0.00187892
12.5 1.125 0.00324392
12.5 3.375 0.00286409
12.5 5.625 0.00342261
12.5 7.875 0.00178458
12.5 10.125 0.0020945
12.5 12.375 0.0020802
12.5 14.625 0.0018098
12.5 16.875 0.00163436
12.5 19.125 0.00260353
12.5 21.375 0.0027506
12.5 23.625 0.00169779
12.5 25.875 0.00191016
12.5 28.125 0.00302611
12.5 30.375 0.00213259
12.5 32.625 0.00234966
12.5 34.875 0.00212999
12.5 37.125 0.00160891
12.5 39.375 0.00213391
12.5 41.625 0.00169516
12.5 43.875 0.00189424
12.7 1.125 0.0021492
12.7 3.375 0.00205296
12.7 5.625 0.00209832
12.7 7.875 0.00234291
12.7 10.125 0.00273068
12.7 12.375 0.00193935
12.7 14.625 0.00271393
12.7 16.875 0.00188529
12.7 19.125 0.00207014
12.7 21.375 0.0023996
12.7 23.625 0.00174468
12.7 25.875 0.00269998
12.7 28.125 0.00232105
12.7 30.375 0.00186344
12.7 32.625 0.00205265
12.7 34.875 0.00200386
12.7 37.125 0.0020101
12.7 39.375 0.00317033
12.7 41.625 0.00177856
12.7 43.875 0.00230171
12.9 1.125 0.00209916
12.9 3.375 0.00180707
12.9 5.625 0.00188333
12.9 7.875 0.00179232
12.9 10.125 0.00197207
12.9 12.375 0.00241696
12.9 14.625 0.00207192
12.9 16.875 0.00302707
12.9 19.125 0.00218531
12.9 21.375 0.00272064
12.9 23.625 0.00161144
12.9 25.875 0.00240841
12.9 28.125 0.00286647
12.9 30.375 0.00284561
12.9 32.625 0.00522088
12.9 34.875 0.00290633
12.9 37.125 0.00224787
12.9 39.375 0.00248318
12.9 41.625 0.00182868
12.9 43.875 0.00292751
13.1 1.125 0.00202088
13.1 3.375 0.00271993
13.1 5.625 0.00227929
13.1 7.875 0.00196599
13.1 10.125 0.00206356
13.1 12.375 0.00336181
13.1 14.625 0.00264765
13.1 16.875 0.00160739
13.1 19.125 0.00175984
13.1 21.375 0.00200773
13.1 23.625 0.00205316
13.1 25.875 0.00288562
13.1 28.125 0.00225489
13.1 30.375 0.00231692
13.1 32.625 0.00206481
13.1 34.875 0.00252743
13.1 37.125 0.00317586
13.1 39.375 0.00210953
13.1 41.625 0.00170071
13.1 43.875 0.00314594
13.3 1.125 0.0047236
13.3 3.375 0.00173578
13.3 5.625 0.00152765
13.3 7.875 0.00183014
13.3 10.125 0.00243141
13.3 12.375 0.00213188
13.3 14.625 0.00834295
13.3 16.875 0.0025482
13.3 19.125 0.00217946
13.3 21.375 0.00195156
13.3 23.625 0.00254202
13.3 25.875 0.00201892
13.3 28.125 0.00207721
13.3 30.375 0.00120429
13.3 32.625 0.00188469
13.3 34.875 0.00153966
13.3 37.125 0.00171597
13.3 39.375 0.00312669
13.3 41.625 0.00977823
13.3 43.875 0.00220861
13.5 1.125 0.00147901
13.5 3.375 0.00174343
13.5 5.625 0.00270433
13.5 7.875 0.00216852
13.5 10.125 0.00470996
13.5 12.375 0.00261635
13.5 14.625 0.00266249
13.5 16.875 0.00239562
13.5 19.125 0.00301666
13.5 21.375 0.00222857
13.5 23.625 0.00342329
13.5 25.875 0.00229339
13.5 28.125 0.00244935
13.5 30.375 0.00215173
13.5 32.625 0.0287027
13.5 34.875 0.00230177
13.5 37.125 0.00207048
13.5 39.375 0.00217705
13.5 41.625 0.00214875
13.5 43.875 0.0323102
13.7 1.125 0.00166485
13.7 3.375 0.00160185
13.7 5.625 0.00170398
13.7 7.875 0.00290957
13.7 10.125 0.00166744
13.7 12.375 0.0020304
13.7 14.625 0.00211012
13.7 16.875 0.00279046
13.7 19.125 0.00228205
13.7 21.375 0.00202764
13.7 23.625 0.00181078
13.7 25.875 0.00162597
13.7 28.125 0.00190034
13.7 30.375 0.00233079
13.7 32.625 0.00229927
13.7 34.875 0.00166304
13.7 37.125 0.00270254
13.7 39.375 0.0185986
13.7 41.625 0.00348418
13.7 43.875 0.00432142
13.9 1.125 0.00245092
13.9 3.375 0.00314771
13.9 5.625 0.00182684
13.9 7.875 0.00180384
13.9 10.125 0.00276067
13.9 12.375 0.00212098
13.9 14.625 0.00188348
13.9 16.875 0.00199314
13.9 19.125 0.00167624
13.9 21.375 0.00216138
13.9 23.625 0.00236636
13.9 25.875 0.00221937
13.9 28.125 0.00190775
13.9 30.375 0.00156935
13.9 32.625 0.00205233
13.9 34.875 0.00276774
13.9 37.125 0.00200277
13.9 39.375 0.00345701
13.9 41.625 0.00200684
13.9 43.875 0.00212261
