0.1 1.125 3.23439
0.1 3.375 2.73446
0.1 5.625 2.13338
0.1 7.875 2.10971
0.1 10.125 2.82695
0.1 12.375 3.27241
0.1 14.625 2.44937
0.1 16.875 2.56449
0.1 19.125 3.27483
0.1 21.375 3.24651
0.1 23.625 3.27422
0.1 25.875 2.76639
0.1 28.125 2.82035
0.1 30.375 3.29543
0.1 32.625 3.25651
0.1 34.875 3.24779
0.1 37.125 3.27869
0.1 39.375 2.74071
0.1 41.625 3.29294
0.1 43.875 2.94738
0.3 1.125 3.25125
0.3 3.375 3.28097
0.3 5.625 3.25131
0.3 7.875 3.09064
0.3 10.125 3.23652
0.3 12.375 3.15107
0.3 14.625 3.12113
0.3 16.875 3.14009
0.3 19.125 3.00009
0.3 21.375 3.23175
0.3 23.625 3.16374
0.3 25.875 3.16072
0.3 28.125 3.2569
0.3 30.375 3.24981
0.3 32.625 3.25216
0.3 34.875 3.1718
0.3 37.125 3.25552
0.3 39.375 3.14996
0.3 41.625 3.24776
0.3 43.875 3.24519
0.5 1.125 3.02757
0.5 3.375 3.13078
0.5 5.625 3.08792
0.5 7.875 3.07772
0.5 10.125 3.11019
0.5 12.375 3.18321
0.5 14.625 3.18504
0.5 16.875 3.16073
0.5 19.125 3.03015
0.5 21.375 3.09468
0.5 23.625 3.16677
0.5 25.875 3.19309
0.5 28.125 3.17199
0.5 30.375 3.19619
0.5 32.625 3.18567
0.5 34.875 3.13419
0.5 37.125 3.19296
0.5 39.375 3.13591
0.5 41.625 3.18132
0.5 43.875 3.16636
0.7 1.125 2.847
0.7 3.375 2.7729
0.7 5.625 2.89257
0.7 7.875 2.98624
0.7 10.125 2.98453
0.7 12.375 3.03795
0.7 14.625 3.01011
0.7 16.875 3.03071
0.7 19.125 3.03277
0.7 21.375 2.98402
0.7 23.625 3.03603
0.7 25.875 3.05631
0.7 28.125 3.04263
0.7 30.375 2.97679
0.7 32.625 2.93146
0.7 34.875 3.05725
0.7 37.125 3.04832
0.7 39.375 3.07422
0.7 41.625 2.99507
0.7 43.875 3.08479
0.9 1.125 2.62362
0.9 3.375 2.66113
0.9 5.625 2.62838
0.9 7.875 2.66372
0.9 10.125 2.63663
0.9 12.375 2.65813
0.9 14.625 2.70455
0.9 16.875 2.69046
0.9 19.125 2.73459
0.9 21.375 2.67969
0.9 23.625 2.73888
0.9 25.875 2.7218
0.9 28.125 2.7244
0.9 30.375 2.75323
0.9 32.625 2.78864
0.9 34.875 2.84955
0.9 37.125 2.74256
0.9 39.375 2.87276
0.9 41.625 2.90083
0.9 43.875 2.81992
1.1 1.125 1.85832
1.1 3.375 1.97413
1.1 5.625 1.93169
1.1 7.875 1.9121
1.1 10.125 1.98409
1.1 12.375 1.95572
1.1 14.625 2.00729
1.1 16.875 2.0639
1.1 19.125 2.02853
1.1 21.375 2.15903
1.1 23.625 2.20976
1.1 25.875 2.32018
1.1 28.125 2.3678
1.1 30.375 2.39071
1.1 32.625 2.45953
1.1 34.875 2.46864
1.1 37.125 2.46898
1.1 39.375 2.62217
1.1 41.625 2.59176
1.1 43.875 2.56661
1.3 1.125 1.04213
1.3 3.375 0.976384
1.3 5.625 1.11864
1.3 7.875 1.16238
1.3 10.125 1.10712
1.3 12.375 1.17577
1.3 14.625 1.23156
1.3 16.875 1.39769
1.3 19.125 1.28889
1.3 21.375 1.41093
1.3 23.625 1.33401
1.3 25.875 1.47058
1.3 28.125 1.59051
1.3 30.375 1.69582
1.3 32.625 1.74992
1.3 34.875 1.82443
1.3 37.125 1.9756
1.3 39.375 2.06916
1.3 41.625 2.10906
1.3 43.875 2.03108
1.5 1.125 0.600819
1.5 3.375 0.560791
1.5 5.625 0.556828
1.5 7.875 0.531619
1.5 10.125 0.563975
1.5 12.375 0.627677
1.5 14.625 0.635978
1.5 16.875 0.648262
1.5 19.125 0.684012
1.5 21.375 0.689804
1.5 23.625 0.746858
1.5 25.875 0.769344
1.5 28.125 0.891392
1.5 30.375 0.913381
1.5 32.625 1.06235
1.5 34.875 1.15889
1.5 37.125 1.23051
1.5 39.375 1.29149
1.5 41.625 1.26507
1.5 43.875 1.33214
1.7 1.125 0.32135
1.7 3.375 0.313762
1.7 5.625 0.33195
1.7 7.875 0.340875
1.7 10.125 0.326072
1.7 12.375 0.316463
1.7 14.625 0.352305
1.7 16.875 0.393115
1.7 19.125 0.38193
1.7 21.375 0.380231
1.7 23.625 0.39456
1.7 25.875 0.3955
1.7 28.125 0.427078
1.7 30.375 0.460599
1.7 32.625 0.51399
1.7 34.875 0.515391
1.7 37.125 0.515841
1.7 39.375 0.621815
1.7 41.625 0.655622
1.7 43.875 0.616806
1.9 1.125 0.194068
1.9 3.375 0.205979
1.9 5.625 0.19815
1.9 7.875 0.206781
1.9 10.125 0.219825
1.9 12.375 0.210269
1.9 14.625 0.214811
1.9 16.875 0.217997
1.9 19.125 0.224567
1.9 21.375 0.225545
1.9 23.625 0.252626
1.9 25.875 0.249151
1.9 28.125 0.266229
1.9 30.375 0.263114
1.9 32.625 0.286015
1.9 34.875 0.306872
1.9 37.125 0.32047
1.9 39.375 0.307341
1.9 41.625 0.334009
1.9 43.875 0.325345
2.1 1.125 0.138068
2.1 3.375 0.132076
2.1 5.625 0.133085
2.1 7.875 0.138629
2.1 10.125 0.146052
2.1 12.375 0.140333
2.1 14.625 0.146572
2.1 16.875 0.151614
2.1 19.125 0.14944
2.1 21.375 0.153427
2.1 23.625 0.16088
2.1 25.875 0.165819
2.1 28.125 0.168392
2.1 30.375 0.176845
2.1 32.625 0.198925
2.1 34.875 0.194477
2.1 37.125 0.210758
2.1 39.375 0.210789
2.1 41.625 0.211329
2.1 43.875 0.211985
2.3 1.125 0.0947077
2.3 3.375 0.0987501
2.3 5.625 0.0980716
2.3 7.875 0.0953217
2.3 10.125 0.0980426
2.3 12.375 0.103324
2.3 14.625 0.104154
2.3 16.875 0.107521
2.3 19.125 0.10858
2.3 21.375 0.108358
2.3 23.625 0.115534
2.3 25.875 0.113303
2.3 28.125 0.116779
2.3 30.375 0.121344
2.3 32.625 0.127669
2.3 34.875 0.126421
2.3 37.125 0.131151
2.3 39.375 0.137854
2.3 41.625 0.136385
2.3 43.875 0.135488
2.5 1.125 0.0714187
2.5 3.375 0.0733237
2.5 5.625 0.0752514
2.5 7.875 0.0700321
2.5 10.125 0.0715478
2.5 12.375 0.0734885
2.5 14.625 0.0721905
2.5 16.875 0.075251
2.5 19.125 0.0751289
2.5 21.375 0.079644
2.5 23.625 0.0812552
2.5 25.875 0.0838615
2.5 28.125 0.0853741
2.5 30.375 0.0912771
2.5 32.625 0.0908747
2.5 34.875 0.0923887
2.5 37.125 0.0915726
2.5 39.375 0.0933807
2.5 41.625 0.0894883
2.5 43.875 0.0986234
2.7 1.125 0.0576836
2.7 3.375 0.0569277
2.7 5.625 0.054839
2.7 7.875 0.0566342
2.7 10.125 0.0559037
2.7 12.375 0.0573624
2.7 14.625 0.0578572
2.7 16.875 0.0572795
2.7 19.125 0.0601609
2.7 21.375 0.06188
2.7 23.625 0.0613849
2.7 25.875 0.0644503
2.7 28.125 0.0645137
2.7 30.375 0.0640412
2.7 32.625 0.0657529
2.7 34.875 0.0635869
2.7 37.125 0.0652488
2.7 39.375 0.0663578
2.7 41.625 0.0678453
2.7 43.875 0.0634165
2.9 1.125 0.0449959
2.9 3.375 0.0448916
2.9 5.625 0.0436723
2.9 7.875 0.0443908
2.9 10.125 0.0457442
2.9 12.375 0.0447443
2.9 14.625 0.0473788
2.9 16.875 0.0478384
2.9 19.125 0.0461418
2.9 21.375 0.0489615
2.9 23.625 0.0517285
2.9 25.875 0.0496582
2.9 28.125 0.0502422
2.9 30.375 0.049464
2.9 32.625 0.0515439
2.9 34.875 0.0502861
2.9 37.125 0.0513568
2.9 39.375 0.0496015
2.9 41.625 0.0502457
2.9 43.875 0.0482396
3.1 1.125 0.0351433
3.1 3.375 0.0344875
3.1 5.625 0.0364936
3.1 7.875 0.0359585
3.1 10.125 0.0375696
3.1 12.375 0.0359873
3.1 14.625 0.0369918
3.1 16.875 0.0375281
3.1 19.125 0.0374728
3.1 21.375 0.0385157
3.1 23.625 0.040866
3.1 25.875 0.0389061
3.1 28.125 0.0424254
3.1 30.375 0.0405062
3.1 32.625 0.041739
3.1 34.875 0.0404108
3.1 37.125 0.0402368
3.1 39.375 0.0393827
3.1 41.625 0.0411259
3.1 43.875 0.0388092
3.3 1.125 0.0272646
3.3 3.375 0.0291192
3.3 5.625 0.0286767
3.3 7.875 0.0281496
3.3 10.125 0.0308873
3.3 12.375 0.0297807
3.3 14.625 0.028969
3.3 16.875 0.03069
3.3 19.125 0.0319337
3.3 21.375 0.0323588
3.3 23.625 0.0321347
3.3 25.875 0.033972
3.3 28.125 0.0339992
3.3 30.375 0.0340423
3.3 32.625 0.0340529
3.3 34.875 0.0336509
3.3 37.125 0.0348895
3.3 39.375 0.0315616
3.3 41.625 0.0307754
3.3 43.875 0.0429777
3.5 1.125 0.0238916
3.5 3.375 0.0233986
3.5 5.625 0.0234506
3.5 7.875 0.0242351
3.5 10.125 0.0244807
3.5 12.375 0.0236206
3.5 14.625 0.023672
3.5 16.875 0.027565
3.5 19.125 0.0259428
3.5 21.375 0.024496
3.5 23.625 0.0265559
3.5 25.875 0.0270568
3.5 28.125 0.0270415
3.5 30.375 0.0261102
3.5 32.625 0.0284936
3.5 34.875 0.0272227
3.5 37.125 0.0279036
3.5 39.375 0.0270558
3.5 41.625 0.029172
3.5 43.875 0.0338129
3.7 1.125 0.0190381
3.7 3.375 0.019331
3.7 5.625 0.0200367
3.7 7.875 0.0190978
3.7 10.125 0.0201544
3.7 12.375 0.0208872
3.7 14.625 0.0212691
3.7 16.875 0.0192484
3.7 19.125 0.0205993
3.7 21.375 0.0224862
3.7 23.625 0.0214313
3.7 25.875 0.0204695
3.7 28.125 0.0229615
3.7 30.375 0.0225866
3.7 32.625 0.0226645
3.7 34.875 0.0220027
3.7 37.125 0.0220597
3.7 39.375 0.0213835
3.7 41.625 0.0232491
3.7 43.875 0.02281
3.9 1.125 0.0164994
3.9 3.375 0.0164439
3.9 5.625 0.0181211
3.9 7.875 0.016761
3.9 10.125 0.0171698
3.9 12.375 0.0158746
3.9 14.625 0.0170967
3.9 16.875 0.017439
3.9 19.125 0.0177718
3.9 21.375 0.0178891
3.9 23.625 0.0187586
3.9 25.875 0.0185108
3.9 28.125 0.0175159
3.9 30.375 0.0184876
3.9 32.625 0.0182064
3.9 34.875 0.0190618
3.9 37.125 0.0185585
3.9 39.375 0.0184996
3.9 41.625 0.019107
3.9 43.875 0.0176401
4.1 1.125 0.0144956
4.1 3.375 0.0153754
4.1 5.625 0.0129352
4.1 7.875 0.0144174
4.1 10.125 0.0149289
4.1 12.375 0.0142984
4.1 14.625 0.0148197
4.1 16.875 0.0162129
4.1 19.125 0.0154479
4.1 21.375 0.0153251
4.1 23.625 0.0162464
4.1 25.875 0.016001
4.1 28.125 0.0157074
4.1 30.375 0.0159777
4.1 32.625 0.0147656
4.1 34.875 0.0155286
4.1 37.125 0.016256
4.1 39.375 0.0148941
4.1 41.625 0.0164151
4.1 43.875 0.0159311
4.3 1.125 0.0124299
4.3 3.375 0.0122619
4.3 5.625 0.0116964
4.3 7.875 0.0118545
4.3 10.125 0.0122925
4.3 12.375 0.0128948
4.3 14.625 0.0137351
4.3 16.875 0.013218
4.3 19.125 0.0119771
4.3 21.375 0.0128495
4.3 23.625 0.013336
4.3 25.875 0.0136806
4.3 28.125 0.013669
4.3 30.375 0.0129104
4.3 32.625 0.0124143
4.3 34.875 0.0121093
4.3 37.125 0.012958
4.3 39.375 0.0137804
4.3 41.625 0.0134464
4.3 43.875 0.0129369
4.5 1.125 0.0103309
4.5 3.375 0.0106892
4.5 5.625 0.0105941
4.5 7.875 0.0109121
4.5 10.125 0.0104177
4.5 12.375 0.0111001
4.5 14.625 0.0115776
4.5 16.875 0.0113965
4.5 19.125 0.011149
4.5 21.375 0.0114302
4.5 23.625 0.0111111
4.5 25.875 0.0109258
4.5 28.125 0.0112425
4.5 30.375 0.0111109
4.5 32.625 0.0103814
4.5 34.875 0.0114412
4.5 37.125 0.0110633
4.5 39.375 0.0108618
4.5 41.625 0.0111276
4.5 43.875 0.0106972
4.7 1.125 0.00866688
4.7 3.375 0.0086082
4.7 5.625 0.00863861
4.7 7.875 0.00994967
4.7 10.125 0.00970641
4.7 12.375 0.00924033
4.7 14.625 0.0100871
4.7 16.875 0.0103493
4.7 19.125 0.00964089
4.7 21.375 0.00996793
4.7 23.625 0.00972318
4.7 25.875 0.00935547
4.7 28.125 0.00976074
4.7 30.375 0.0101087
4.7 32.625 0.00979663
4.7 34.875 0.010011
4.7 37.125 0.00944433
4.7 39.375 0.00991518
4.7 41.625 0.00967527
4.7 43.875 0.00935261
4.9 1.125 0.00803161
4.9 3.375 0.00831303
4.9 5.625 0.00800042
4.9 7.875 0.0115232
4.9 10.125 0.00759411
4.9 12.375 0.00838894
4.9 14.625 0.00862705
4.9 16.875 0.00886057
4.9 19.125 0.00842078
4.9 21.375 0.00789784
4.9 23.625 0.008097
4.9 25.875 0.00811811
4.9 28.125 0.00863967
4.9 30.375 0.0130392
4.9 32.625 0.0084966
4.9 34.875 0.00835263
4.9 37.125 0.00844172
4.9 39.375 0.0081335
4.9 41.625 0.00851786
4.9 43.875 0.00838317
5.1 1.125 0.00755378
5.1 3.375 0.00754054
5.1 5.625 0.00727749
5.1 7.875 0.0123014
5.1 10.125 0.0131566
5.1 12.375 0.00741055
5.1 14.625 0.00859244
5.1 16.875 0.00811525
5.1 19.125 0.0076509
5.1 21.375 0.0078019
5.1 23.625 0.00729439
5.1 25.875 0.00762962
5.1 28.125 0.00739111
5.1 30.375 0.00757527
5.1 32.625 0.00727183
5.1 34.875 0.00760054
5.1 37.125 0.00879631
5.1 39.375 0.00736272
5.1 41.625 0.00672659
5.1 43.875 0.00725768
5.3 1.125 0.00626865
5.3 3.375 0.00627508
5.3 5.625 0.00633714
5.3 7.875 0.00662461
5.3 10.125 0.00675414
5.3 12.375 0.00706033
5.3 14.625 0.00661674
5.3 16.875 0.00676307
5.3 19.125 0.00677085
5.3 21.375 0.00963666
5.3 23.625 0.00665832
5.3 25.875 0.00679877
5.3 28.125 0.00708386
5.3 30.375 0.00688099
5.3 32.625 0.00651895
5.3 34.875 0.00634092
5.3 37.125 0.00672986
5.3 39.375 0.00647942
5.3 41.625 0.00646989
5.3 43.875 0.00637858
5.5 1.125 0.00549554
5.5 3.375 0.00582442
5.5 5.625 0.00551927
5.5 7.875 0.00599255
5.5 10.125 0.00550971
5.5 12.375 0.00566003
5.5 14.625 0.0060501
5.5 16.875 0.00585555
5.5 19.125 0.00619182
5.5 21.375 0.00625277
5.5 23.625 0.00629455
5.5 25.875 0.00574775
5.5 28.125 0.00635909
5.5 30.375 0.00565016
5.5 32.625 0.00836256
5.5 34.875 0.00588705
5.5 37.125 0.00566998
5.5 39.375 0.00600668
5.5 41.625 0.0059017
5.5 43.875 0.00579288
5.7 1.125 0.00475818
5.7 3.375 0.0049924
5.7 5.625 0.00486943
5.7 7.875 0.00568384
5.7 10.125 0.00529587
5.7 12.375 0.00676057
5.7 14.625 0.00532715
5.7 16.875 0.00559747
5.7 19.125 0.00537058
5.7 21.375 0.00498055
5.7 23.625 0.00593047
5.7 25.875 0.00555216
5.7 28.125 0.00545118
5.7 30.375 0.00570536
5.7 32.625 0.00534608
5.7 34.875 0.00619327
5.7 37.125 0.005219
5.7 39.375 0.00550568
5.7 41.625 0.0054
5.7 43.875 0.0049781
5.9 1.125 0.00452238
5.9 3.375 0.00451014
5.9 5.625 0.00501192
5.9 7.875 0.00476832
5.9 10.125 0.0120246
5.9 12.375 0.00650158
5.9 14.625 0.00529024
5.9 16.875 0.00477872
5.9 19.125 0.00492266
5.9 21.375 0.00529825
5.9 23.625 0.00511886
5.9 25.875 0.0051939
5.9 28.125 0.00484523
5.9 30.375 0.0054177
5.9 32.625 0.00499477
5.9 34.875 0.00479435
5.9 37.125 0.00522425
5.9 39.375 0.00495405
5.9 41.625 0.00490481
5.9 43.875 0.00490481
6.1 1.125 0.00461922
6.1 3.375 0.00415929
6.1 5.625 0.00461886
6.1 7.875 0.00480238
6.1 10.125 0.00420707
6.1 12.375 0.00505457
6.1 14.625 0.00437858
6.1 16.875 0.00457837
6.1 19.125 0.00485233
6.1 21.375 0.0047622
6.1 23.625 0.00456967
6.1 25.875 0.00462809
6.1 28.125 0.00441195
6.1 30.375 0.00443466
6.1 32.625 0.00454426
6.1 34.875 0.00474429
6.1 37.125 0.00452856
6.1 39.375 0.00460154
6.1 41.625 0.00456623
6.1 43.875 0.00408726
6.3 1.125 0.00431483
6.3 3.375 0.0109287
6.3 5.625 0.00431304
6.3 7.875 0.00458103
6.3 10.125 0.00440037
6.3 12.375 0.00410266
6.3 14.625 0.00420557
6.3 16.875 0.00445021
6.3 19.125 0.00403542
6.3 21.375 0.00447273
6.3 23.625 0.00422666
6.3 25.875 0.0106861
6.3 28.125 0.00414588
6.3 30.375 0.00389921
6.3 32.625 0.00422832
6.3 34.875 0.00402182
6.3 37.125 0.00415385
6.3 39.375 0.0038981
6.3 41.625 0.00423747
6.3 43.875 0.00414644
6.5 1.125 0.00420974
6.5 3.375 0.0040024
6.5 5.625 0.00390769
6.5 7.875 0.0044049
6.5 10.125 0.00390504
6.5 12.375 0.00436913
6.5 14.625 0.00389804
6.5 16.875 0.00422585
6.5 19.125 0.00386377
6.5 21.375 0.00442567
6.5 23.625 0.00390242
6.5 25.875 0.00384984
6.5 28.125 0.00395562
6.5 30.375 0.00377045
6.5 32.625 0.00417654
6.5 34.875 0.00387392
6.5 37.125 0.00364207
6.5 39.375 0.00379498
6.5 41.625 0.00390383
6.5 43.875 0.00366725
6.7 1.125 0.00352682
6.7 3.375 0.00376265
6.7 5.625 0.00382581
6.7 7.875 0.00388201
6.7 10.125 0.00390753
6.7 12.375 0.00923225
6.7 14.625 0.00365083
6.7 16.875 0.00369454
6.7 19.125 0.0036126
6.7 21.375 0.00348938
6.7 23.625 0.00373089
6.7 25.875 0.00365169
6.7 28.125 0.00338561
6.7 30.375 0.00379408
6.7 32.625 0.00382566
6.7 34.875 0.00358647
6.7 37.125 0.0036262
6.7 39.375 0.00379936
6.7 41.625 0.0040421
6.7 43.875 0.00385375
6.9 1.125 0.00344019
6.9 3.375 0.00333303
6.9 5.625 0.00377126
6.9 7.875 0.00345438
6.9 10.125 0.00361596
6.9 12.375 0.00367177
6.9 14.625 0.0035521
6.9 16.875 0.00346926
6.9 19.125 0.0032166
6.9 21.375 0.00374994
6.9 23.625 0.00339474
6.9 25.875 0.00328808
6.9 28.125 0.0033549
6.9 30.375 0.00348695
6.9 32.625 0.00344013
6.9 34.875 0.00371163
6.9 37.125 0.00338614
6.9 39.375 0.00350558
6.9 41.625 0.0035707
6.9 43.875 0.00355602
7.1 1.125 0.00344242
7.1 3.375 0.00329608
7.1 5.625 0.00354661
7.1 7.875 0.00391741
7.1 10.125 0.00316567
7.1 12.375 0.00356154
7.1 14.625 0.00341184
7.1 16.875 0.00350329
7.1 19.125 0.00329762
7.1 21.375 0.0034275
7.1 23.625 0.00508174
7.1 25.875 0.0109909
7.1 28.125 0.002937
7.1 30.375 0.00340135
7.1 32.625 0.00319549
7.1 34.875 0.00869288
7.1 37.125 0.00300959
7.1 39.375 0.00298824
7.1 41.625 0.00360696
7.1 43.875 0.0032498
7.3 1.125 0.00461046
7.3 3.375 0.00326265
7.3 5.625 0.00409102
7.3 7.875 0.00328943
7.3 10.125 0.00334513
7.3 12.375 0.00294132
7.3 14.625 0.00337734
7.3 16.875 0.0030564
7.3 19.125 0.00335129
7.3 21.375 0.00323388
7.3 23.625 0.00330164
7.3 25.875 0.00296281
7.3 28.125 0.00341343
7.3 30.375 0.00340468
7.3 32.625 0.0034051
7.3 34.875 0.00288149
7.3 37.125 0.0032772
7.3 39.375 0.0031041
7.3 41.625 0.0030699
7.3 43.875 0.00298578
7.5 1.125 0.00323089
7.5 3.375 0.00731233
7.5 5.625 0.00296898
7.5 7.875 0.0116814
7.5 10.125 0.00420173
7.5 12.375 0.00548482
7.5 14.625 0.00355937
7.5 16.875 0.00934415
7.5 19.125 0.00322993
7.5 21.375 0.00303933
7.5 23.625 0.00302746
7.5 25.875 0.00306598
7.5 28.125 0.00315476
7.5 30.375 0.00342423
7.5 32.625 0.00314541
7.5 34.875 0.00298804
7.5 37.125 0.00288681
7.5 39.375 0.00304831
7.5 41.625 0.00289684
7.5 43.875 0.00293846
7.7 1.125 0.00264575
7.7 3.375 0.00296336
7.7 5.625 0.00298638
7.7 7.875 0.00274451
7.7 10.125 0.00309865
7.7 12.375 0.00306351
7.7 14.625 0.00285493
7.7 16.875 0.00334732
7.7 19.125 0.00325821
7.7 21.375 0.00315649
7.7 23.625 0.0196802
7.7 25.875 0.00311681
7.7 28.125 0.00294103
7.7 30.375 0.00306462
7.7 32.625 0.00277672
7.7 34.875 0.00271389
7.7 37.125 0.00291139
7.7 39.375 0.00291031
7.7 41.625 0.00298228
7.7 43.875 0.00293842
7.9 1.125 0.00309762
7.9 3.375 0.00286007
7.9 5.625 0.00270272
7.9 7.875 0.00291868
7.9 10.125 0.00297019
7.9 12.375 0.00279313
7.9 14.625 0.00314998
7.9 16.875 0.00292338
7.9 19.125 0.00314991
7.9 21.375 0.00285188
7.9 23.625 0.00289904
7.9 25.875 0.00304029
7.9 28.125 0.00268543
7.9 30.375 0.00281321
7.9 32.625 0.00286195
7.9 34.875 0.00268055
7.9 37.125 0.00287669
7.9 39.375 0.00247111
7.9 41.625 0.00323422
7.9 43.875 0.00280403
8.1 1.125 0.00266375
8.1 3.375 0.00290749
8.1 5.625 0.00317249
8.1 7.875 0.00352957
8.1 10.125 0.00334542
8.1 12.375 0.00268745
8.1 14.625 0.00290432
8.1 16.875 0.00283284
8.1 19.125 0.00291947
8.1 21.375 0.0028968
8.1 23.625 0.00306098
8.1 25.875 0.00324706
8.1 28.125 0.00269785
8.1 30.375 0.0026636
8.1 32.625 0.00272921
8.1 34.875 0.00256302
8.1 37.125 0.00281251
8.1 39.375 0.00262629
8.1 41.625 0.002702
8.1 43.875 0.00276835
8.3 1.125 0.00306372
8.3 3.375 0.00273682
8.3 5.625 0.00302343
8.3 7.875 0.00886358
8.3 10.125 0.00277269
8.3 12.375 0.00267241
8.3 14.625 0.00248564
8.3 16.875 0.00314216
8.3 19.125 0.0026383
8.3 21.375 0.00274071
8.3 23.625 0.00289991
8.3 25.875 0.00287358
8.3 28.125 0.0027757
8.3 30.375 0.00260465
8.3 32.625 0.002517
8.3 34.875 0.0026197
8.3 37.125 0.00277207
8.3 39.375 0.00253948
8.3 41.625 0.00263188
8.3 43.875 0.00274274
8.5 1.125 0.00272093
8.5 3.375 0.00264475
8.5 5.625 0.00254798
8.5 7.875 0.00374994
8.5 10.125 0.00265265
8.5 12.375 0.00298533
8.5 14.625 0.00310967
8.5 16.875 0.00297693
8.5 19.125 0.0031187
8.5 21.375 0.00277013
8.5 23.625 0.00282021
8.5 25.875 0.00255949
8.5 28.125 0.00243488
8.5 30.375 0.0027941
8.5 32.625 0.00268358
8.5 34.875 0.00248984
8.5 37.125 0.00266628
8.5 39.375 0.00273974
8.5 41.625 0.00250812
8.5 43.875 0.00284862
8.7 1.125 0.00248514
8.7 3.375 0.00248859
8.7 5.625 0.00274086
8.7 7.875 0.00281522
8.7 10.125 0.00367647
8.7 12.375 0.00284722
8.7 14.625 0.0024572
8.7 16.875 0.00280266
8.7 19.125 0.00288328
8.7 21.375 0.00245076
8.7 23.625 0.00238095
8.7 25.875 0.00234751
8.7 28.125 0.00250458
8.7 30.375 0.00252646
8.7 32.625 0.00276881
8.7 34.875 0.00270044
8.7 37.125 0.00304648
8.7 39.375 0.00264599
8.7 41.625 0.00304607
8.7 43.875 0.00241804
8.9 1.125 0.00229507
8.9 3.375 0.00361026
8.9 5.625 0.00240231
8.9 7.875 0.00229633
8.9 10.125 0.00301197
8.9 12.375 0.00275311
8.9 14.625 0.00257781
8.9 16.875 0.00251011
8.9 19.125 0.00282219
8.9 21.375 0.00262941
8.9 23.625 0.00273191
8.9 25.875 0.00223176
8.9 28.125 0.00215608
8.9 30.375 0.00245352
8.9 32.625 0.0152122
8.9 34.875 0.0028689
8.9 37.125 0.00246242
8.9 39.375 0.0026359
8.9 41.625 0.00247395
8.9 43.875 0.0025098
9.1 1.125 0.00246024
9.1 3.375 0.0027878
9.1 5.625 0.00214493
9.1 7.875 0.00301671
9.1 10.125 0.00276823
9.1 12.375 0.00392323
9.1 14.625 0.00292221
9.1 16.875 0.00280465
9.1 19.125 0.00257824
9.1 21.375 0.00287575
9.1 23.625 0.00256537
9.1 25.875 0.00373932
9.1 28.125 0.00270768
9.1 30.375 0.00232081
9.1 32.625 0.00285986
9.1 34.875 0.00269987
9.1 37.125 0.00263017
9.1 39.375 0.00252837
9.1 41.625 0.00256788
9.1 43.875 0.00246763
9.3 1.125 0.00239744
9.3 3.375 0.00255134
9.3 5.625 0.00282021
9.3 7.875 0.00249106
9.3 10.125 0.00250124
9.3 12.375 0.0023214
9.3 14.625 0.00253128
9.3 16.875 0.00255787
9.3 19.125 0.0024365
9.3 21.375 0.00233167
9.3 23.625 0.00259227
9.3 25.875 0.00266681
9.3 28.125 0.00236686
9.3 30.375 0.00285159
9.3 32.625 0.0025389
9.3 34.875 0.00245193
9.3 37.125 0.00276107
9.3 39.375 0.0025205
9.3 41.625 0.00264356
9.3 43.875 0.00224715
9.5 1.125 0.0230547
9.5 3.375 0.00214131
9.5 5.625 0.00243665
9.5 7.875 0.00248338
9.5 10.125 0.00232132
9.5 12.375 0.0026368
9.5 14.625 0.00223988
9.5 16.875 0.00249396
9.5 19.125 0.00260488
9.5 21.375 0.00275315
9.5 23.625 0.00253492
9.5 25.875 0.013493
9.5 28.125 0.00264903
9.5 30.375 0.00249206
9.5 32.625 0.00256208
9.5 34.875 0.00219372
9.5 37.125 0.00227591
9.5 39.375 0.00217986
9.5 41.625 0.00214248
9.5 43.875 0.00256519
9.7 1.125 0.00398617
9.7 3.375 0.00456576
9.7 5.625 0.00321446
9.7 7.875 0.00230178
9.7 10.125 0.00419356
9.7 12.375 0.0027788
9.7 14.625 0.00239887
9.7 16.875 0.00289107
9.7 19.125 0.00242343
9.7 21.375 0.00339437
9.7 23.625 0.00248798
9.7 25.875 0.00223014
9.7 28.125 0.0023243
9.7 30.375 0.00218459
9.7 32.625 0.00265261
9.7 34.875 0.00244355
9.7 37.125 0.00215542
9.7 39.375 0.00259676
9.7 41.625 0.00240462
9.7 43.875 0.00250086
9.9 1.125 0.00238208
9.9 3.375 0.00244301
9.9 5.625 0.00227751
9.9 7.875 0.00655191
9.9 10.125 0.00339702
9.9 12.375 0.00221562
9.9 14.625 0.00486961
9.9 16.875 0.00330674
9.9 19.125 0.00221163
9.9 21.375 0.00222686
9.9 23.625 0.0022492
9.9 25.875 0.00276024
9.9 28.125 0.00232381
9.9 30.375 0.00208764
9.9 32.625 0.0024452
9.9 34.875 0.00207827
9.9 37.125 0.00240699
9.9 39.375 0.00784667
9.9 41.625 0.00224049
9.9 43.875 0.00202571
10.1 1.125 0.00212375
10.1 3.375 0.00219269
10.1 5.625 0.00259083
10.1 7.875 0.00237855
10.1 10.125 0.00215584
10.1 12.375 0.00233515
10.1 14.625 0.00293876
10.1 16.875 0.00259404
10.1 19.125 0.0022604
10.1 21.375 0.00311921
10.1 23.625 0.00241659
10.1 25.875 0.00224751
10.1 28.125 0.00242852
10.1 30.375 0.00213911
10.1 32.625 0.00228531
10.1 34.875 0.00252643
10.1 37.125 0.00246311
10.1 39.375 0.00259255
10.1 41.625 0.00204152
10.1 43.875 0.0029028
10.3 1.125 0.00244245
10.3 3.375 0.00225666
10.3 5.625 0.00227801
10.3 7.875 0.00237458
10.3 10.125 0.00212777
10.3 12.375 0.00286172
10.3 14.625 0.00257333
10.3 16.875 0.0025709
10.3 19.125 0.00236699
10.3 21.375 0.00275217
10.3 23.625 0.00271549
10.3 25.875 0.00240276
10.3 28.125 0.00284249
10.3 30.375 0.00211721
10.3 32.625 0.00227276
10.3 34.875 0.00211404
10.3 37.125 0.00234605
10.3 39.375 0.00265405
10.3 41.625 0.00226321
10.3 43.875 0.00518114
10.5 1.125 0.00213678
10.5 3.375 0.00250534
10.5 5.625 0.0025856
10.5 7.875 0.00251158
10.5 10.125 0.00238956
10.5 12.375 0.00248215
10.5 14.625 0.00238303
10.5 16.875 0.00233423
10.5 19.125 0.0026541
10.5 21.375 0.00250654
10.5 23.625 0.0262556
10.5 25.875 0.00270961
10.5 28.125 0.0023162
10.5 30.375 0.00231261
10.5 32.625 0.00229307
10.5 34.875 0.00229204
10.5 37.125 0.00212058
10.5 39.375 0.00208861
10.5 41.625 0.00246853
10.5 43.875 0.00216271
10.7 1.125 0.00315165
10.7 3.375 0.00190767
10.7 5.625 0.00250465
10.7 7.875 0.00228593
10.7 10.125 0.00222906
10.7 12.375 0.00202287
10.7 14.625 0.00253545
10.7 16.875 0.00246226
10.7 19.125 0.00218146
10.7 21.375 0.00259247
10.7 23.625 0.00242988
10.7 25.875 0.00333531
10.7 28.125 0.0095908
10.7 30.375 0.00245854
10.7 32.625 0.0280782
10.7 34.875 0.00227822
10.7 37.125 0.0046477
10.7 39.375 0.00201692
10.7 41.625 0.00253506
10.7 43.875 0.00243296
10.9 1.125 0.00420203
10.9 3.375 0.00226956
10.9 5.625 0.00224123
10.9 7.875 0.00213699
10.9 10.125 0.00198968
10.9 12.375 0.00176491
10.9 14.625 0.00215361
10.9 16.875 0.00225274
10.9 19.125 0.00258452
10.9 21.375 0.00185961
10.9 23.625 0.00216656
10.9 25.875 0.00223284
10.9 28.125 0.00240982
10.9 30.375 0.00904379
10.9 32.625 0.00228939
10.9 34.875 0.00249055
10.9 37.125 0.00246576
10.9 39.375 0.00246197
10.9 41.625 0.00234844
10.9 43.875 0.00254313
11.1 1.125 0.00214924
11.1 3.375 0.00240761
11.1 5.625 0.00246079
11.1 7.875 0.00218917
11.1 10.125 0.00217445
11.1 12.375 0.03866
11.1 14.625 0.00264924
11.1 16.875 0.00219516
11.1 19.125 0.00263936
11.1 21.375 0.00233083
11.1 23.625 0.00248598
11.1 25.875 0.00250452
11.1 28.125 0.00233202
11.1 30.375 0.00230147
11.1 32.625 0.00246534
11.1 34.875 0.00296264
11.1 37.125 0.00261531
11.1 39.375 0.00239677
11.1 41.625 0.00237386
11.1 43.875 0.00195538
11.3 1.125 0.00196767
11.3 3.375 0.00202686
11.3 5.625 0.00224217
11.3 7.875 0.00228353
11.3 10.125 0.00212826
11.3 12.375 0.00256617
11.3 14.625 0.00210115
11.3 16.875 0.0026605
11.3 19.125 0.00212844
11.3 21.375 0.00271568
11.3 23.625 0.0023345
11.3 25.875 0.00267469
11.3 28.125 0.00219851
11.3 30.375 0.00262476
11.3 32.625 0.00191246
11.3 34.875 0.0023723
11.3 37.125 0.00213967
11.3 39.375 0.00281368
11.3 41.625 0.00204517
11.3 43.875 0.00236626
11.5 1.125 0.0030919
11.5 3.375 0.00199272
11.5 5.625 0.0068103
11.5 7.875 0.00240404
11.5 10.125 0.0021399
11.5 12.375 0.00293832
11.5 14.625 0.00220164
11.5 16.875 0.00253453
11.5 19.125 0.00207221
11.5 21.375 0.00200983
11.5 23.625 0.00267758
11.5 25.875 0.00208939
11.5 28.125 0.00328736
11.5 30.375 0.00221815
11.5 32.625 0.00227045
11.5 34.875 0.00262775
11.5 37.125 0.0019222
11.5 39.375 0.00258004
11.5 41.625 0.0274741
11.5 43.875 0.00207137
11.7 1.125 0.00228379
11.7 3.375 0.00237485
11.7 5.625 0.00379457
11.7 7.875 0.00772406
11.7 10.125 0.0018272
11.7 12.375 0.00301101
11.7 14.625 0.00221356
11.7 16.875 0.00205509
11.7 19.125 0.00202485
11.7 21.375 0.00215093
11.7 23.625 0.00277215
11.7 25.875 0.00220067
11.7 28.125 0.00230731
11.7 30.375 0.00240529
11.7 32.625 0.0023025
11.7 34.875 0.00354417
11.7 37.125 0.00181297
11.7 39.375 0.00220675
11.7 41.625 0.00221898
11.7 43.875 0.00259828
11.9 1.125 0.00764884
11.9 3.375 0.00186963
11.9 5.625 0.0026573
11.9 7.875 0.00282877
11.9 10.125 0.00287852
11.9 12.375 0.00237233
11.9 14.625 0.00349608
11.9 16.875 0.00201728
11.9 19.125 0.00276328
11.9 21.375 0.00233871
11.9 23.625 0.00237549
11.9 25.875 0.0021668
11.9 28.125 0.00196528
11.9 30.375 0.00242924
11.9 32.625 0.00233957
11.9 34.875 0.00205292
11.9 37.125 0.0021111
11.9 39.375 0.00233408
11.9 41.625 0.00242271
11.9 43.875 0.00237572
12.1 1.125 0.0475887
12.1 3.375 0.00205075
12.1 5.625 0.00225289
12.1 7.875 0.00676327
12.1 10.125 0.01074
12.1 12.375 0.00543559
12.1 14.625 0.0401408
12.1 16.875 0.0042909
12.1 19.125 0.00231175
12.1 21.375 0.00206478
12.1 23.625 0.00227988
12.1 25.875 0.00193298
12.1 28.125 0.00229218
12.1 30.375 0.00373519
12.1 32.625 0.00238633
12.1 34.875 0.00193461
12.1 37.125 0.00214471
12.1 39.375 0.00383158
12.1 41.625 0.0026177
12.1 43.875 0.0105123
12.3 1.125 0.0020074
12.3 3.375 0.00189845
12.3 5.625 0.0024009
12.3 7.875 0.00308717
12.3 10.125 0.00231095
12.3 12.375 0.00242897
12.3 14.625 0.00384273
12.3 16.875 0.00536417
12.3 19.125 0.00302213
12.3 21.375 0.00245628
12.3 23.625 0.00563767
12.3 25.875 0.00261991
12.3 28.125 0.00241981
12.3 30.375 0.00228481
12.3 32.625 0.00231953
12.3 34.875 0.00736133
12.3 37.125 0.00237732
12.3 39.375 0.00262956
12.3 41.625 0.00192626
12.3 43.875 0.00345086
12.5 1.125 0.00220667
12.5 3.375 0.00240943
12.5 5.625 0.00213949
12.5 7.875 0.00249501
12.5 10.125 0.00321316
12.5 12.375 0.00260404
12.5 14.625 0.0026191
12.5 16.875 0.00273879
12.5 19.125 0.00345884
12.5 21.375 0.00250483
12.5 23.625 0.00234337
12.5 25.875 0.00209499
12.5 28.125 0.00251367
12.5 30.375 0.0029656
12.5 32.625 0.00247052
12.5 34.875 0.0019321
12.5 37.125 0.00219958
12.5 39.375 0.00307112
12.5 41.625 0.00174509
12.5 43.875 0.00222488
12.7 1.125 0.0131533
12.7 3.375 0.00184365
12.7 5.625 0.00310869
12.7 7.875 0.00244234
12.7 10.125 0.00275915
12.7 12.375 0.0022618
12.7 14.625 0.00255575
12.7 16.875 0.00191768
12.7 19.125 0.00242103
12.7 21.375 0.00309899
12.7 23.625 0.00269028
12.7 25.875 0.00158287
12.7 28.125 0.00254337
12.7 30.375 0.00243481
12.7 32.625 0.00175865
12.7 34.875 0.00242202
12.7 37.125 0.00286949
12.7 39.375 0.00241267
12.7 41.625 0.00321047
12.7 43.875 0.0601039
12.9 1.125 0.00211219
12.9 3.375 0.0024774
12.9 5.625 0.0027593
12.9 7.875 0.00176084
12.9 10.125 0.00158324
12.9 12.375 0.0043371
12.9 14.625 0.00188322
12.9 16.875 0.00231806
12.9 19.125 0.06384
12.9 21.375 0.00557039
12.9 23.625 0.0530346
12.9 25.875 0.0542352
12.9 28.125 0.00200508
12.9 30.375 0.00239517
12.9 32.625 0.00200691
12.9 34.875 0.00227603
12.9 37.125 0.00392731
12.9 39.375 0.00231051
12.9 41.625 0.00143376
12.9 43.875 0.00315345
13.1 1.125 0.0282831
13.1 3.375 0.0018315
13.1 5.625 0.00155255
13.1 7.875 0.00342463
13.1 10.125 0.00264169
13.1 12.375 0.0024888
13.1 14.625 0.00192445
13.1 16.875 0.0151345
13.1 19.125 0.00262941
13.1 21.375 0.00249924
13.1 23.625 0.0038555
13.1 25.875 0.05101
13.1 28.125 0.0156983
13.1 30.375 0.00287361
13.1 32.625 0.00244123
13.1 34.875 0.00240843
13.1 37.125 0.0021297
13.1 39.375 0.00239837
13.1 41.625 0.00215725
13.1 43.875 0.00258564
13.3 1.125 0.00192856
13.3 3.375 0.00298822
13.3 5.625 0.00203676
13.3 7.875 0.00813466
13.3 10.125 0.00238963
13.3 12.375 0.00203288
13.3 14.625 0.00284357
13.3 16.875 0.00233717
13.3 19.125 0.00196103
13.3 21.375 0.00223958
13.3 23.625 0.00229248
13.3 25.875 0.00331294
13.3 28.125 0.00315425
13.3 30.375 0.00443767
13.3 32.625 0.00546648
13.3 34.875 0.00341442
13.3 37.125 0.00251844
13.3 39.375 0.00197864
13.3 41.625 0.00169557
13.3 43.875 0.00224517
13.5 1.125 0.00286814
13.5 3.375 0.0029341
13.5 5.625 0.00203554
13.5 7.875 0.00200881
13.5 10.125 0.00247854
13.5 12.375 0.00591374
13.5 14.625 0.00301451
13.5 16.875 0.00262423
13.5 19.125 0.00231021
13.5 21.375 0.00315415
13.5 23.625 0.0059175
13.5 25.875 0.00231035
13.5 28.125 0.00171596
13.5 30.375 0.00200911
13.5 32.625 0.00169967
13.5 34.875 0.00265826
13.5 37.125 0.00184598
13.5 39.375 0.00232963
13.5 41.625 0.00252087
13.5 43.875 0.00286734
13.7 1.125 0.00451869
13.7 3.375 0.00205995
13.7 5.625 0.00268534
13.7 7.875 0.00247675
13.7 10.125 0.00612479
13.7 12.375 0.00207052
13.7 14.625 0.0025662
13.7 16.875 0.00163103
13.7 19.125 0.00188455
13.7 21.375 0.0022325
13.7 23.625 0.00252189
13.7 25.875 0.00269138
13.7 28.125 0.00303009
13.7 30.375 0.0676527
13.7 32.625 0.00224356
13.7 34.875 0.0023944
13.7 37.125 0.0020485
13.7 39.375 0.00218977
13.7 41.625 0.00235516
13.7 43.875 0.00270327
13.9 1.125 0.00188105
13.9 3.375 0.120665
13.9 5.625 0.0109691
13.9 7.875 0.00253326
13.9 10.125 0.00229768
13.9 12.375 0.00232776
13.9 14.625 0.00204513
13.9 16.875 0.00265923
13.9 19.125 0.00254439
13.9 21.375 0.00193108
13.9 23.625 0.00208702
13.9 25.875 0.00220644
13.9 28.125 0.00637838
13.9 30.375 0.0027362
13.9 32.625 0.00326298
13.9 34.875 0.00206806
13.9 37.125 0.0876463
13.9 39.375 0.00239721
13.9 41.625 0.01713
13.9 43.875 0.00237816
