0.1 1.125 2.12564
0.1 5.625 3.69851
0.1 7.875 2.79791
0.1 10.125 3.20236
0.1 12.375 3.02467
0.1 14.625 3.0625
0.1 16.875 2.85985
0.1 19.125 2.47745
0.1 21.375 2.07306
0.1 23.625 2.35519
0.1 25.875 3.12703
0.1 28.125 2.03709
0.1 30.375 2.21471
0.1 32.625 2.77073
0.1 34.875 2.53266
0.1 37.125 2.74045
0.1 41.625 2.97913
0.1 43.875 1.52901
0.3 1.125 3.56479
0.3 3.375 2.70896
0.3 5.625 2.83437
0.3 7.875 3.52771
0.3 10.125 3.58728
0.3 12.375 3.42562
0.3 14.625 3.5581
0.3 16.875 3.55775
0.3 19.125 3.40815
0.3 21.375 3.69894
0.3 23.625 3.71499
0.3 25.875 3.66036
0.3 28.125 3.58173
0.3 30.375 3.66691
0.3 32.625 3.50672
0.3 34.875 3.60427
0.3 37.125 3.53315
0.3 39.375 3.5566
0.3 41.625 3.6899
0.3 43.875 3.54582
0.5 1.125 3.5729
0.5 3.375 2.59874
0.5 5.625 3.22922
0.5 7.875 3.52479
0.5 10.125 3.56536
0.5 12.375 3.62817
0.5 14.625 3.62186
0.5 16.875 3.62474
0.5 19.125 3.54284
0.5 21.375 3.62935
0.5 23.625 3.46599
0.5 25.875 3.63723
0.5 28.125 3.64199
0.5 30.375 3.64423
0.5 32.625 3.6449
0.5 34.875 3.62873
0.5 37.125 3.62414
0.5 39.375 3.5748
0.5 41.625 3.56725
0.5 43.875 3.31556
0.7 1.125 3.32709
0.7 3.375 3.13035
0.7 5.625 3.42107
0.7 7.875 3.34339
0.7 10.125 3.45977
0.7 12.375 3.44865
0.7 14.625 3.40564
0.7 16.875 3.48007
0.7 19.125 3.3853
0.7 21.375 3.39759
0.7 23.625 3.41223
0.7 25.875 3.37373
0.7 28.125 3.39108
0.7 30.375 3.4985
0.7 32.625 3.46073
0.7 34.875 3.44282
0.7 37.125 3.45981
0.7 39.375 3.40049
0.7 41.625 3.36863
0.7 43.875 3.35921
0.9 1.125 3.0033
0.9 3.375 2.92902
0.9 5.625 3.08854
0.9 7.875 3.17125
0.9 10.125 3.10416
0.9 12.375 3.07848
0.9 14.625 3.08809
0.9 16.875 3.0808
0.9 19.125 3.09864
0.9 21.375 3.08645
0.9 23.625 3.08455
0.9 25.875 3.15101
0.9 28.125 3.14279
0.9 30.375 3.21198
0.9 32.625 3.24232
0.9 34.875 3.27483
0.9 37.125 3.31245
0.9 39.375 3.23342
0.9 41.625 3.26461
0.9 43.875 3.23438
1.1 1.125 2.39255
1.1 3.375 2.50456
1.1 5.625 2.38787
1.1 7.875 2.42362
1.1 10.125 2.52559
1.1 12.375 2.54181
1.1 14.625 2.42965
1.1 16.875 2.48723
1.1 19.125 2.578
1.1 21.375 2.62931
1.1 23.625 2.71248
1.1 25.875 2.74551
1.1 28.125 2.82031
1.1 30.375 2.82727
1.1 32.625 2.84746
1.1 34.875 2.92178
1.1 37.125 2.95625
1.1 39.375 2.97309
1.1 41.625 3.0242
1.1 43.875 3.03088
1.3 1.125 1.39853
1.3 3.375 1.43946
1.3 5.625 1.54994
1.3 7.875 1.58268
1.3 10.125 1.63386
1.3 12.375 1.65661
1.3 14.625 1.58389
1.3 16.875 1.74929
1.3 19.125 1.7593
1.3 21.375 1.86346
1.3 23.625 1.85806
1.3 25.875 2.01529
1.3 28.125 2.10411
1.3 30.375 2.16594
1.3 32.625 2.23053
1.3 34.875 2.33255
1.3 37.125 2.4072
1.3 39.375 2.49994
1.3 41.625 2.47146
1.3 43.875 2.53023
1.5 1.125 0.732559
1.5 3.375 0.805733
1.5 5.625 0.795434
1.5 7.875 0.840997
1.5 10.125 0.841612
1.5 12.375 0.8944
1.5 14.625 0.83616
1.5 16.875 0.927149
1.5 19.125 0.965157
1.5 21.375 0.995718
1.5 23.625 1.20556
1.5 25.875 1.1597
1.5 28.125 1.31095
1.5 30.375 1.31229
1.5 32.625 1.44059
1.5 34.875 1.59527
1.5 37.125 1.53481
1.5 39.375 1.72237
1.5 41.625 1.78463
1.5 43.875 1.8017
1.7 1.125 0.407106
1.7 3.375 0.442526
1.7 5.625 0.450722
1.7 7.875 0.479154
1.7 10.125 0.488609
1.7 12.375 0.495266
1.7 14.625 0.497089
1.7 16.875 0.496064
1.7 19.125 0.515264
1.7 21.375 0.512782
1.7 23.625 0.591368
1.7 25.875 0.606793
1.7 28.125 0.635733
1.7 30.375 0.705201
1.7 32.625 0.779962
1.7 34.875 0.824653
1.7 37.125 0.863975
1.7 39.375 0.989888
1.7 41.625 1.01086
1.7 43.875 1.02137
1.9 1.125 0.231146
1.9 3.375 0.271987
1.9 5.625 0.267041
1.9 7.875 0.276287
1.9 10.125 0.296462
1.9 12.375 0.304967
1.9 14.625 0.301569
1.9 16.875 0.300734
1.9 19.125 0.305058
1.9 21.375 0.324998
1.9 23.625 0.328163
1.9 25.875 0.349641
1.9 28.125 0.361958
1.9 30.375 0.388613
1.9 32.625 0.422266
1.9 34.875 0.461259
1.9 37.125 0.495019
1.9 39.375 0.500839
1.9 41.625 0.546716
1.9 43.875 0.550652
2.1 1.125 0.156062
2.1 3.375 0.174677
2.1 5.625 0.17743
2.1 7.875 0.181634
2.1 10.125 0.182455
2.1 12.375 0.198444
2.1 14.625 0.199083
2.1 16.875 0.206439
2.1 19.125 0.20693
2.1 21.375 0.206832
2.1 23.625 0.214412
2.1 25.875 0.229599
2.1 28.125 0.23224
2.1 30.375 0.242993
2.1 32.625 0.262903
2.1 34.875 0.280043
2.1 37.125 0.292763
2.1 39.375 0.324216
2.1 41.625 0.320623
2.1 43.875 0.358788
2.3 1.125 0.112943
2.3 3.375 0.121808
2.3 5.625 0.13042
2.3 7.875 0.129191
2.3 10.125 0.127938
2.3 12.375 0.132033
2.3 14.625 0.133277
2.3 16.875 0.14427
2.3 19.125 0.145421
2.3 21.375 0.145853
2.3 23.625 0.150138
2.3 25.875 0.154954
2.3 28.125 0.158511
2.3 30.375 0.162517
2.3 32.625 0.184992
2.3 34.875 0.182546
2.3 37.125 0.195084
2.3 39.375 0.199179
2.3 41.625 0.198601
2.3 43.875 0.205854
2.5 1.125 0.0872109
2.5 3.375 0.089925
2.5 5.625 0.0976227
2.5 7.875 0.0980255
2.5 10.125 0.096675
2.5 12.375 0.0963336
2.5 14.625 0.092652
2.5 16.875 0.0974367
2.5 19.125 0.0951875
2.5 21.375 0.0969942
2.5 23.625 0.101068
2.5 25.875 0.106984
2.5 28.125 0.116377
2.5 30.375 0.122572
2.5 32.625 0.122627
2.5 34.875 0.131996
2.5 37.125 0.133537
2.5 39.375 0.135035
2.5 41.625 0.13421
2.5 43.875 0.132661
2.7 1.125 0.0691906
2.7 3.375 0.0720406
2.7 5.625 0.0761031
2.7 7.875 0.0741138
2.7 10.125 0.072954
2.7 12.375 0.0707294
2.7 14.625 0.0742769
2.7 16.875 0.073352
2.7 19.125 0.0724726
2.7 21.375 0.0743808
2.7 23.625 0.0756787
2.7 25.875 0.0855151
2.7 28.125 0.0898741
2.7 30.375 0.0883505
2.7 32.625 0.093662
2.7 34.875 0.0909518
2.7 37.125 0.0930449
2.7 39.375 0.0913712
2.7 41.625 0.0889703
2.7 43.875 0.0912207
2.9 1.125 0.0558123
2.9 3.375 0.0578938
2.9 5.625 0.0577538
2.9 7.875 0.0556512
2.9 10.125 0.0564449
2.9 12.375 0.0558081
2.9 14.625 0.0579017
2.9 16.875 0.0567288
2.9 19.125 0.0591906
2.9 21.375 0.0592321
2.9 23.625 0.0633474
2.9 25.875 0.0631755
2.9 28.125 0.0665177
2.9 30.375 0.068074
2.9 32.625 0.0683017
2.9 34.875 0.0659681
2.9 37.125 0.0654159
2.9 39.375 0.0663665
2.9 41.625 0.0644779
2.9 43.875 0.063435
3.1 1.125 0.0456069
3.1 3.375 0.0453055
3.1 5.625 0.0449116
3.1 7.875 0.0452331
3.1 10.125 0.0467267
3.1 12.375 0.0458352
3.1 14.625 0.0459348
3.1 16.875 0.0473642
3.1 19.125 0.0464214
3.1 21.375 0.046013
3.1 23.625 0.0492597
3.1 25.875 0.0538428
3.1 28.125 0.0524151
3.1 30.375 0.0559974
3.1 32.625 0.0547063
3.1 34.875 0.0545909
3.1 37.125 0.0513695
3.1 39.375 0.0536541
3.1 41.625 0.0477372
3.1 43.875 0.0510697
3.3 1.125 0.0372678
3.3 3.375 0.036938
3.3 5.625 0.0350498
3.3 7.875 0.0385597
3.3 10.125 0.0378268
3.3 12.375 0.0357608
3.3 14.625 0.0367063
3.3 16.875 0.0356892
3.3 19.125 0.0386643
3.3 21.375 0.0388461
3.3 23.625 0.0394621
3.3 25.875 0.0430925
3.3 28.125 0.0435382
3.3 30.375 0.0430657
3.3 32.625 0.0461938
3.3 34.875 0.0416106
3.3 37.125 0.0431257
3.3 39.375 0.0426881
3.3 41.625 0.0392778
3.3 43.875 0.0423999
3.5 1.125 0.0312537
3.5 3.375 0.0311783
3.5 5.625 0.0307884
3.5 7.875 0.0307505
3.5 10.125 0.0295838
3.5 12.375 0.0287037
3.5 14.625 0.0302732
3.5 16.875 0.0419648
3.5 19.125 0.0286147
3.5 21.375 0.0326799
3.5 23.625 0.035246
3.5 25.875 0.0336739
3.5 28.125 0.0347907
3.5 30.375 0.0364167
3.5 32.625 0.0353794
3.5 34.875 0.0381764
3.5 37.125 0.0352827
3.5 39.375 0.0359041
3.5 41.625 0.0365093
3.5 43.875 0.0339737
3.7 1.125 0.0263192
3.7 3.375 0.0256909
3.7 5.625 0.0248329
3.7 7.875 0.0246496
3.7 10.125 0.0243344
3.7 12.375 0.0248244
3.7 14.625 0.0240733
3.7 16.875 0.0254033
3.7 19.125 0.0265248
3.7 21.375 0.0272641
3.7 23.625 0.0289222
3.7 25.875 0.0288243
3.7 28.125 0.0289328
3.7 30.375 0.0286126
3.7 32.625 0.0292771
3.7 34.875 0.0284598
3.7 37.125 0.0285379
3.7 39.375 0.0291287
3.7 41.625 0.030714
3.7 43.875 0.0301892
3.9 1.125 0.0231208
3.9 3.375 0.0227729
3.9 5.625 0.023256
3.9 7.875 0.0242707
3.9 10.125 0.0216834
3.9 12.375 0.0218963
3.9 14.625 0.0210305
3.9 16.875 0.0220877
3.9 19.125 0.0224028
3.9 21.375 0.0233995
3.9 23.625 0.0231649
3.9 25.875 0.0228976
3.9 28.125 0.0240047
3.9 30.375 0.0253699
3.9 32.625 0.0240776
3.9 34.875 0.024416
3.9 37.125 0.0238208
3.9 39.375 0.0247906
3.9 41.625 0.0258267
3.9 43.875 0.025877
4.1 1.125 0.0193358
4.1 3.375 0.0187564
4.1 5.625 0.0182723
4.1 7.875 0.0188642
4.1 10.125 0.0187474
4.1 12.375 0.018615
4.1 14.625 0.0206743
4.1 16.875 0.0212571
4.1 19.125 0.0221056
4.1 21.375 0.0211883
4.1 23.625 0.0201365
4.1 25.875 0.0199139
4.1 28.125 0.0191878
4.1 30.375 0.0189697
4.1 32.625 0.0200447
4.1 34.875 0.0193888
4.1 37.125 0.0201227
4.1 39.375 0.0202117
4.1 41.625 0.0201895
4.1 43.875 0.0207509
4.3 1.125 0.0157765
4.3 3.375 0.0155169
4.3 5.625 0.0157087
4.3 7.875 0.0163307
4.3 10.125 0.0161324
4.3 12.375 0.0170428
4.3 14.625 0.0171001
4.3 16.875 0.0182929
4.3 19.125 0.0182895
4.3 21.375 0.0178519
4.3 23.625 0.0180011
4.3 25.875 0.025487
4.3 28.125 0.0191322
4.3 30.375 0.0181023
4.3 32.625 0.0172395
4.3 34.875 0.0215404
4.3 37.125 0.0155819
4.3 39.375 0.0172355
4.3 41.625 0.016595
4.3 43.875 0.0175971
4.5 1.125 0.0127633
4.5 3.375 0.0137786
4.5 5.625 0.0199653
4.5 7.875 0.0142344
4.5 10.125 0.0135139
4.5 12.375 0.0164492
4.5 14.625 0.015338
4.5 16.875 0.0146713
4.5 19.125 0.0154245
4.5 21.375 0.0154016
4.5 23.625 0.0156093
4.5 25.875 0.0158853
4.5 28.125 0.0155516
4.5 30.375 0.01543
4.5 32.625 0.0150665
4.5 34.875 0.014519
4.5 37.125 0.0148252
4.5 39.375 0.0140268
4.5 41.625 0.0146543
4.5 43.875 0.0138645
4.7 1.125 0.0110021
4.7 3.375 0.0114345
4.7 5.625 0.0111475
4.7 7.875 0.0143416
4.7 10.125 0.0116028
4.7 12.375 0.0127594
4.7 14.625 0.0129214
4.7 16.875 0.0126117
4.7 19.125 0.0131548
4.7 21.375 0.0128884
4.7 23.625 0.013135
4.7 25.875 0.0140313
4.7 28.125 0.0134322
4.7 30.375 0.013189
4.7 32.625 0.0130729
4.7 34.875 0.0130558
4.7 37.125 0.0127092
4.7 39.375 0.0120827
4.7 41.625 0.0112342
4.7 43.875 0.011513
4.9 1.125 0.00992284
4.9 3.375 0.0175947
4.9 5.625 0.010337
4.9 7.875 0.00912116
4.9 10.125 0.0102128
4.9 12.375 0.0133033
4.9 14.625 0.0110613
4.9 16.875 0.0115982
4.9 19.125 0.0109367
4.9 21.375 0.0110881
4.9 23.625 0.0121339
4.9 25.875 0.0115559
4.9 28.125 0.0112429
4.9 30.375 0.0114263
4.9 32.625 0.0110767
4.9 34.875 0.010865
4.9 37.125 0.0105795
4.9 39.375 0.0109702
4.9 41.625 0.0100755
4.9 43.875 0.0104531
5.1 1.125 0.0100954
5.1 3.375 0.00875144
5.1 5.625 0.0089312
5.1 7.875 0.0092344
5.1 10.125 0.00902583
5.1 12.375 0.0138469
5.1 14.625 0.0092642
5.1 16.875 0.00946817
5.1 19.125 0.00979653
5.1 21.375 0.00985346
5.1 23.625 0.00976696
5.1 25.875 0.00964769
5.1 28.125 0.00963342
5.1 30.375 0.0151252
5.1 32.625 0.0103112
5.1 34.875 0.00985969
5.1 37.125 0.0100817
5.1 39.375 0.0095536
5.1 41.625 0.00837285
5.1 43.875 0.00900017
5.3 1.125 0.00839846
5.3 3.375 0.00770634
5.3 5.625 0.0075417
5.3 7.875 0.00801428
5.3 10.125 0.00806953
5.3 12.375 0.00808949
5.3 14.625 0.00760587
5.3 16.875 0.00843545
5.3 19.125 0.00816825
5.3 21.375 0.0101539
5.3 23.625 0.0092015
5.3 25.875 0.0119917
5.3 28.125 0.00953383
5.3 30.375 0.00927327
5.3 32.625 0.00918065
5.3 34.875 0.00884912
5.3 37.125 0.00876628
5.3 39.375 0.00840248
5.3 41.625 0.00921864
5.3 43.875 0.00832436
5.5 1.125 0.00676067
5.5 3.375 0.00690122
5.5 5.625 0.00772922
5.5 7.875 0.00758251
5.5 10.125 0.00713791
5.5 12.375 0.00716586
5.5 14.625 0.00778674
5.5 16.875 0.00747656
5.5 19.125 0.00753927
5.5 21.375 0.00749008
5.5 23.625 0.00777813
5.5 25.875 0.00736689
5.5 28.125 0.00859257
5.5 30.375 0.00980355
5.5 32.625 0.00740499
5.5 34.875 0.00760481
5.5 37.125 0.0125549
5.5 39.375 0.00794551
5.5 41.625 0.00800032
5.5 43.875 0.00739352
5.7 1.125 0.00586057
5.7 3.375 0.00629718
5.7 5.625 0.0062029
5.7 7.875 0.0061887
5.7 10.125 0.00565929
5.7 12.375 0.00622575
5.7 14.625 0.00683121
5.7 16.875 0.00679935
5.7 19.125 0.00697131
5.7 21.375 0.00694541
5.7 23.625 0.00721348
5.7 25.875 0.0111065
5.7 28.125 0.00660479
5.7 30.375 0.00679804
5.7 32.625 0.00882546
5.7 34.875 0.00664775
5.7 37.125 0.00637825
5.7 39.375 0.00666767
5.7 41.625 0.00719839
5.7 43.875 0.0071909
5.9 1.125 0.00516926
5.9 3.375 0.00549295
5.9 5.625 0.00543881
5.9 7.875 0.00523903
5.9 10.125 0.00609169
5.9 12.375 0.00567911
5.9 14.625 0.00609532
5.9 16.875 0.00643315
5.9 19.125 0.00583143
5.9 21.375 0.0061725
5.9 23.625 0.00620016
5.9 25.875 0.00717706
5.9 28.125 0.0103456
5.9 30.375 0.00616702
5.9 32.625 0.00583167
5.9 34.875 0.00859001
5.9 37.125 0.00612834
5.9 39.375 0.0127595
5.9 41.625 0.00613821
5.9 43.875 0.00616817
6.1 1.125 0.00698255
6.1 3.375 0.00470863
6.1 5.625 0.00509993
6.1 7.875 0.00493315
6.1 10.125 0.00530593
6.1 12.375 0.00545552
6.1 14.625 0.00537152
6.1 16.875 0.00985062
6.1 19.125 0.00551717
6.1 21.375 0.00551739
6.1 23.625 0.00521793
6.1 25.875 0.00515676
6.1 28.125 0.00533973
6.1 30.375 0.00604511
6.1 32.625 0.00553378
6.1 34.875 0.0107305
6.1 37.125 0.00536367
6.1 39.375 0.00578461
6.1 41.625 0.0056361
6.1 43.875 0.00570398
6.3 1.125 0.0051021
6.3 3.375 0.00638439
6.3 5.625 0.00498471
6.3 7.875 0.00464564
6.3 10.125 0.00469215
6.3 12.375 0.00500345
6.3 14.625 0.00469766
6.3 16.875 0.00475665
6.3 19.125 0.004826
6.3 21.375 0.00482786
6.3 23.625 0.00516829
6.3 25.875 0.00497303
6.3 28.125 0.00494713
6.3 30.375 0.00515217
6.3 32.625 0.0115753
6.3 34.875 0.00528271
6.3 37.125 0.0047638
6.3 39.375 0.00518709
6.3 41.625 0.00534458
6.3 43.875 0.00517779
6.5 1.125 0.00437371
6.5 3.375 0.00413962
6.5 5.625 0.00433501
6.5 7.875 0.0041968
6.5 10.125 0.00457565
6.5 12.375 0.00516122
6.5 14.625 0.00475305
6.5 16.875 0.0132429
6.5 19.125 0.00480193
6.5 21.375 0.00593696
6.5 23.625 0.00448374
6.5 25.875 0.0048134
6.5 28.125 0.00457776
6.5 30.375 0.00423286
6.5 32.625 0.00455177
6.5 34.875 0.00984254
6.5 37.125 0.00456854
6.5 39.375 0.00482199
6.5 41.625 0.00451756
6.5 43.875 0.00486136
6.7 1.125 0.00408003
6.7 3.375 0.00427161
6.7 5.625 0.00411055
6.7 7.875 0.0104048
6.7 10.125 0.00450437
6.7 12.375 0.00583062
6.7 14.625 0.00433055
6.7 16.875 0.00444133
6.7 19.125 0.00454715
6.7 21.375 0.00471081
6.7 23.625 0.00424131
6.7 25.875 0.0044054
6.7 28.125 0.00423663
6.7 30.375 0.00438086
6.7 32.625 0.00405181
6.7 34.875 0.0112876
6.7 37.125 0.00420737
6.7 39.375 0.00467574
6.7 41.625 0.00449337
6.7 43.875 0.0048497
6.9 1.125 0.00391164
6.9 3.375 0.00472125
6.9 5.625 0.0035357
6.9 7.875 0.00438748
6.9 10.125 0.00419534
6.9 12.375 0.00439794
6.9 14.625 0.00417336
6.9 16.875 0.00479705
6.9 19.125 0.00419765
6.9 21.375 0.00408177
6.9 23.625 0.00422401
6.9 25.875 0.00433472
6.9 28.125 0.00372405
6.9 30.375 0.00417924
6.9 32.625 0.00383308
6.9 34.875 0.00394654
6.9 37.125 0.00403737
6.9 39.375 0.00429787
6.9 41.625 0.0105353
6.9 43.875 0.00427918
7.1 1.125 0.0037302
7.1 3.375 0.00381557
7.1 5.625 0.00435806
7.1 7.875 0.00371824
7.1 10.125 0.0101335
7.1 12.375 0.00412733
7.1 14.625 0.00379299
7.1 16.875 0.00402542
7.1 19.125 0.00380339
7.1 21.375 0.00397259
7.1 23.625 0.00389433
7.1 25.875 0.0038453
7.1 28.125 0.00380844
7.1 30.375 0.00327342
7.1 32.625 0.00327628
7.1 34.875 0.00425174
7.1 37.125 0.00393016
7.1 39.375 0.0041109
7.1 41.625 0.00453105
7.1 43.875 0.00355482
7.3 1.125 0.00444664
7.3 3.375 0.00688826
7.3 5.625 0.00397583
7.3 7.875 0.00368729
7.3 10.125 0.004046
7.3 12.375 0.00466792
7.3 14.625 0.00393242
7.3 16.875 0.00401852
7.3 19.125 0.00390862
7.3 21.375 0.00361236
7.3 23.625 0.0042106
7.3 25.875 0.00976127
7.3 28.125 0.00372408
7.3 30.375 0.00367735
7.3 32.625 0.00434219
7.3 34.875 0.00690196
7.3 37.125 0.00468417
7.3 39.375 0.0035271
7.3 41.625 0.00923263
7.3 43.875 0.00371462
7.5 1.125 0.00616387
7.5 3.375 0.00326413
7.5 5.625 0.00304983
7.5 7.875 0.00335664
7.5 10.125 0.00342461
7.5 12.375 0.00358987
7.5 14.625 0.00379434
7.5 16.875 0.00391091
7.5 19.125 0.00808322
7.5 21.375 0.00350752
7.5 23.625 0.00408529
7.5 25.875 0.00351229
7.5 28.125 0.00353649
7.5 30.375 0.00353883
7.5 32.625 0.00359626
7.5 34.875 0.00356031
7.5 37.125 0.0036249
7.5 39.375 0.00349142
7.5 41.625 0.00357494
7.5 43.875 0.00361551
7.7 1.125 0.00510687
7.7 3.375 0.00335565
7.7 5.625 0.00394464
7.7 7.875 0.00316678
7.7 10.125 0.00330815
7.7 12.375 0.0034994
7.7 14.625 0.00930813
7.7 16.875 0.0115561
7.7 19.125 0.00336855
7.7 21.375 0.004137
7.7 23.625 0.00369062
7.7 25.875 0.00359731
7.7 28.125 0.00334763
7.7 30.375 0.00347149
7.7 32.625 0.00344753
7.7 34.875 0.00351723
7.7 37.125 0.00356589
7.7 39.375 0.00334006
7.7 41.625 0.00320985
7.7 43.875 0.0037467
7.9 1.125 0.00292533
7.9 3.375 0.0126052
7.9 5.625 0.00330146
7.9 7.875 0.00524403
7.9 10.125 0.00363672
7.9 12.375 0.00304379
7.9 14.625 0.00323496
7.9 16.875 0.00316703
7.9 19.125 0.0147171
7.9 21.375 0.0033067
7.9 23.625 0.0095749
7.9 25.875 0.00312225
7.9 28.125 0.00345832
7.9 30.375 0.00311218
7.9 32.625 0.00312683
7.9 34.875 0.00334028
7.9 37.125 0.00351441
7.9 39.375 0.00329116
7.9 41.625 0.00314383
7.9 43.875 0.00326558
8.1 1.125 0.00296545
8.1 3.375 0.00298638
8.1 5.625 0.00301364
8.1 7.875 0.00290964
8.1 10.125 0.00391885
8.1 12.375 0.0030052
8.1 14.625 0.00302343
8.1 16.875 0.00309394
8.1 19.125 0.0109327
8.1 21.375 0.0111607
8.1 23.625 0.00314147
8.1 25.875 0.00325133
8.1 28.125 0.00315795
8.1 30.375 0.00293649
8.1 32.625 0.0030705
8.1 34.875 0.00304467
8.1 37.125 0.00324621
8.1 39.375 0.00297677
8.1 41.625 0.00300453
8.1 43.875 0.00315795
8.3 1.125 0.00293695
8.3 3.375 0.00366573
8.3 5.625 0.00312152
8.3 7.875 0.00273081
8.3 10.125 0.00312756
8.3 12.375 0.00358089
8.3 14.625 0.00337252
8.3 16.875 0.00993446
8.3 19.125 0.00287868
8.3 21.375 0.0146459
8.3 23.625 0.00310711
8.3 25.875 0.00312176
8.3 28.125 0.00461999
8.3 30.375 0.00316716
8.3 32.625 0.00311079
8.3 34.875 0.00307813
8.3 37.125 0.00315905
8.3 39.375 0.00281927
8.3 41.625 0.00395381
8.3 43.875 0.00304233
8.5 1.125 0.00286125
8.5 3.375 0.00274818
8.5 5.625 0.00291893
8.5 7.875 0.00293263
8.5 10.125 0.00272116
8.5 12.375 0.00360676
8.5 14.625 0.00283899
8.5 16.875 0.0030531
8.5 19.125 0.0045415
8.5 21.375 0.00347838
8.5 23.625 0.00420491
8.5 25.875 0.00319654
8.5 28.125 0.00266632
8.5 30.375 0.00371788
8.5 32.625 0.00308496
8.5 34.875 0.00292481
8.5 37.125 0.00295292
8.5 39.375 0.00290986
8.5 41.625 0.00313534
8.5 43.875 0.00263014
8.7 1.125 0.00267259
8.7 3.375 0.00273149
8.7 5.625 0.00442886
8.7 7.875 0.00280559
8.7 10.125 0.00261336
8.7 12.375 0.00266401
8.7 14.625 0.00277723
8.7 16.875 0.00288643
8.7 19.125 0.010917
8.7 21.375 0.00297734
8.7 23.625 0.0026815
8.7 25.875 0.00635745
8.7 28.125 0.00279068
8.7 30.375 0.00535782
8.7 32.625 0.00301596
8.7 34.875 0.00359036
8.7 37.125 0.00264265
8.7 39.375 0.00269866
8.7 41.625 0.00384462
8.7 43.875 0.00279441
8.9 1.125 0.00251198
8.9 3.375 0.00348851
8.9 5.625 0.00268341
8.9 7.875 0.0131578
8.9 10.125 0.00339865
8.9 12.375 0.00471585
8.9 14.625 0.00279412
8.9 16.875 0.00262101
8.9 19.125 0.00282042
8.9 21.375 0.00322195
8.9 23.625 0.00285492
8.9 25.875 0.00304624
8.9 28.125 0.00259551
8.9 30.375 0.00346349
8.9 32.625 0.00275617
8.9 34.875 0.00303863
8.9 37.125 0.00278845
8.9 39.375 0.00277121
8.9 41.625 0.00296214
8.9 43.875 0.0183576
9.1 1.125 0.00257184
9.1 3.375 0.00272403
9.1 5.625 0.00269234
9.1 7.875 0.00238655
9.1 10.125 0.00322942
9.1 12.375 0.00261856
9.1 14.625 0.00329327
9.1 16.875 0.00274827
9.1 19.125 0.00267176
9.1 21.375 0.00259385
9.1 23.625 0.00239859
9.1 25.875 0.00284668
9.1 28.125 0.0027821
9.1 30.375 0.00256083
9.1 32.625 0.00339149
9.1 34.875 0.00291715
9.1 37.125 0.0106862
9.1 39.375 0.00272979
9.1 41.625 0.0129444
9.1 43.875 0.00273583
9.3 1.125 0.00282111
9.3 3.375 0.00259815
9.3 5.625 0.00259777
9.3 7.875 0.00270009
9.3 10.125 0.00264806
9.3 12.375 0.0029257
9.3 14.625 0.00279384
9.3 16.875 0.00279866
9.3 19.125 0.00266661
9.3 21.375 0.00267754
9.3 23.625 0.00235141
9.3 25.875 0.00263925
9.3 28.125 0.00270009
9.3 30.375 0.00322877
9.3 32.625 0.0040023
9.3 34.875 0.00287036
9.3 37.125 0.0028262
9.3 39.375 0.00282631
9.3 41.625 0.00286252
9.3 43.875 0.00286627
9.5 1.125 0.00276699
9.5 3.375 0.00218616
9.5 5.625 0.00879377
9.5 7.875 0.00666842
9.5 10.125 0.00240527
9.5 12.375 0.00358182
9.5 14.625 0.00234266
9.5 16.875 0.00327191
9.5 19.125 0.00252049
9.5 21.375 0.00301828
9.5 23.625 0.00416619
9.5 25.875 0.00381268
9.5 28.125 0.00520181
9.5 30.375 0.00305013
9.5 32.625 0.00257922
9.5 34.875 0.00301525
9.5 37.125 0.00272162
9.5 39.375 0.00302183
9.5 41.625 0.00289294
9.5 43.875 0.0026755
9.7 1.125 0.00270806
9.7 3.375 0.00328937
9.7 5.625 0.0028567
9.7 7.875 0.0090236
9.7 10.125 0.00236052
9.7 12.375 0.0026413
9.7 14.625 0.00283941
9.7 16.875 0.00276068
9.7 19.125 0.00246518
9.7 21.375 0.00261915
9.7 23.625 0.00297671
9.7 25.875 0.00267035
9.7 28.125 0.00258156
9.7 30.375 0.00248343
9.7 32.625 0.00236471
9.7 34.875 0.00285207
9.7 37.125 0.00260036
9.7 39.375 0.00260667
9.7 41.625 0.00277272
9.7 43.875 0.00246051
9.9 1.125 0.00308581
9.9 3.375 0.00391156
9.9 5.625 0.00248552
9.9 7.875 0.00243296
9.9 10.125 0.00278032
9.9 12.375 0.00296959
9.9 14.625 0.00260004
9.9 16.875 0.00242136
9.9 19.125 0.0027065
9.9 21.375 0.00522841
9.9 23.625 0.00253274
9.9 25.875 0.00264236
9.9 28.125 0.0133733
9.9 30.375 0.00255914
9.9 32.625 0.00280782
9.9 34.875 0.00255495
9.9 37.125 0.00261227
9.9 39.375 0.00235833
9.9 41.625 0.00217729
9.9 43.875 0.00250029
10.1 1.125 0.00397069
10.1 3.375 0.00315075
10.1 5.625 0.00241936
10.1 7.875 0.00265251
10.1 10.125 0.00227901
10.1 12.375 0.00323878
10.1 14.625 0.00339637
10.1 16.875 0.00347147
10.1 19.125 0.019601
10.1 21.375 0.00244666
10.1 23.625 0.00292453
10.1 25.875 0.00443893
10.1 28.125 0.00229588
10.1 30.375 0.00253998
10.1 32.625 0.0025001
10.1 34.875 0.00303753
10.1 37.125 0.00296759
10.1 39.375 0.00272738
10.1 41.625 0.00288479
10.1 43.875 0.00576345
10.3 1.125 0.00255101
10.3 3.375 0.00238045
10.3 5.625 0.00233643
10.3 7.875 0.00308604
10.3 10.125 0.0025725
10.3 12.375 0.00283432
10.3 14.625 0.00265025
10.3 16.875 0.00217643
10.3 19.125 0.00259755
10.3 21.375 0.0101355
10.3 23.625 0.00238958
10.3 25.875 0.00440332
10.3 28.125 0.00252843
10.3 30.375 0.00219177
10.3 32.625 0.00280851
10.3 34.875 0.00238013
10.3 37.125 0.00205619
10.3 39.375 0.00286221
10.3 41.625 0.00276568
10.3 43.875 0.00272531
10.5 1.125 0.00257559
10.5 3.375 0.00424256
10.5 5.625 0.0024641
10.5 7.875 0.0218526
10.5 10.125 0.00281691
10.5 12.375 0.00237285
10.5 14.625 0.00490968
10.5 16.875 0.0112481
10.5 19.125 0.00351837
10.5 21.375 0.00283173
10.5 23.625 0.002369
10.5 25.875 0.00249926
10.5 28.125 0.00242008
10.5 30.375 0.00263682
10.5 32.625 0.00227443
10.5 34.875 0.00236642
10.5 37.125 0.00249139
10.5 39.375 0.00256943
10.5 41.625 0.00226792
10.5 43.875 0.0102318
10.7 1.125 0.00225515
10.7 3.375 0.0232225
10.7 5.625 0.00223627
10.7 7.875 0.00230944
10.7 10.125 0.00254368
10.7 12.375 0.0086992
10.7 14.625 0.00307512
10.7 16.875 0.00249817
10.7 19.125 0.00204399
10.7 21.375 0.00230197
10.7 23.625 0.00483112
10.7 25.875 0.0151231
10.7 28.125 0.00904149
10.7 30.375 0.00264214
10.7 32.625 0.00243253
10.7 34.875 0.00250817
10.7 37.125 0.0282851
10.7 39.375 0.00244515
10.7 41.625 0.00505544
10.7 43.875 0.00294934
10.9 1.125 0.00222392
10.9 3.375 0.00243598
10.9 5.625 0.00180787
10.9 7.875 0.00225757
10.9 10.125 0.00324923
10.9 12.375 0.0231017
10.9 14.625 0.0224461
10.9 16.875 0.00267577
10.9 19.125 0.00247319
10.9 21.375 0.00274726
10.9 23.625 0.00265772
10.9 25.875 0.0163548
10.9 28.125 0.00293445
10.9 30.375 0.00261102
10.9 32.625 0.00349134
10.9 34.875 0.0202265
10.9 37.125 0.00234776
10.9 39.375 0.0222593
10.9 41.625 0.00286281
10.9 43.875 0.00245989
11.1 1.125 0.0020099
11.1 3.375 0.00752545
11.1 5.625 0.00500849
11.1 7.875 0.00254764
11.1 10.125 0.00271932
11.1 12.375 0.00231089
11.1 14.625 0.00256068
11.1 16.875 0.00846093
11.1 19.125 0.00355109
11.1 21.375 0.00235619
11.1 23.625 0.00240197
11.1 25.875 0.002277
11.1 28.125 0.00284237
11.1 30.375 0.00638311
11.1 32.625 0.00294273
11.1 34.875 0.00458614
11.1 37.125 0.0021678
11.1 39.375 0.00241476
11.1 41.625 0.0023735
11.1 43.875 0.00218616
11.3 1.125 0.00218033
11.3 3.375 0.0021671
11.3 5.625 0.00706122
11.3 7.875 0.00721894
11.3 10.125 0.0301437
11.3 12.375 0.00232236
11.3 14.625 0.00232949
11.3 16.875 0.0150219
11.3 19.125 0.00250618
11.3 21.375 0.00218104
11.3 23.625 0.00246156
11.3 25.875 0.00546591
11.3 28.125 0.00288576
11.3 30.375 0.00264003
11.3 32.625 0.0075677
11.3 34.875 0.0245336
11.3 37.125 0.00355075
11.3 39.375 0.00729008
11.3 41.625 0.00240039
11.3 43.875 0.0027022
11.5 1.125 0.0106739
11.5 3.375 0.00227836
11.5 5.625 0.00208288
11.5 7.875 0.00245109
11.5 10.125 0.00223921
11.5 12.375 0.00231785
11.5 14.625 0.00303011
11.5 16.875 0.0027007
11.5 19.125 0.00244446
11.5 21.375 0.00390371
11.5 23.625 0.00250421
11.5 25.875 0.013637
11.5 28.125 0.0027313
11.5 30.375 0.0207632
11.5 32.625 0.0144562
11.5 34.875 0.00234646
11.5 37.125 0.00229446
11.5 39.375 0.0023912
11.5 41.625 0.00384513
11.5 43.875 0.00243992
11.7 1.125 0.0144164
11.7 3.375 0.00200274
11.7 5.625 0.00217255
11.7 7.875 0.021279
11.7 10.125 0.0285089
11.7 12.375 0.0271046
11.7 14.625 0.00216978
11.7 16.875 0.00324768
11.7 19.125 0.00270425
11.7 21.375 0.00248826
11.7 23.625 0.0278883
11.7 25.875 0.00271745
11.7 28.125 0.0025078
11.7 30.375 0.00236802
11.7 32.625 0.00258082
11.7 34.875 0.00238978
11.7 37.125 0.00206936
11.7 39.375 0.00306626
11.7 41.625 0.00251979
11.7 43.875 0.0122399
11.9 1.125 0.00216424
11.9 3.375 0.0380949
11.9 5.625 0.00298459
11.9 7.875 0.00218468
11.9 10.125 0.0371605
11.9 12.375 0.0021967
11.9 14.625 0.00240057
11.9 16.875 0.00311079
11.9 19.125 0.0022847
11.9 21.375 0.0027986
11.9 23.625 0.00210049
11.9 25.875 0.00281407
11.9 28.125 0.00392341
11.9 30.375 0.0021968
11.9 32.625 0.00230644
11.9 34.875 0.0211007
11.9 37.125 0.0180068
11.9 39.375 0.00200925
11.9 41.625 0.00235439
11.9 43.875 0.00272972
12.1 1.125 0.00283784
12.1 3.375 0.00221184
12.1 5.625 0.00330252
12.1 7.875 0.00360042
12.1 10.125 0.00276131
12.1 12.375 0.00658843
12.1 14.625 0.00252193
12.1 16.875 0.00258826
12.1 19.125 0.0135028
12.1 21.375 0.00346538
12.1 23.625 0.00199545
12.1 25.875 0.00217922
12.1 28.125 0.0153229
12.1 30.375 0.00264794
12.1 32.625 0.00222247
12.1 34.875 0.00320915
12.1 37.125 0.00253143
12.1 39.375 0.00217695
12.1 41.625 0.00234028
12.1 43.875 0.00195266
12.3 1.125 0.00283212
12.3 3.375 0.00216195
12.3 5.625 0.00300882
12.3 7.875 0.00228475
12.3 10.125 0.00242975
12.3 12.375 0.00257326
12.3 14.625 0.0154695
12.3 16.875 0.00215058
12.3 19.125 0.00254926
12.3 21.375 0.028461
12.3 23.625 0.00378783
12.3 25.875 0.00259968
12.3 28.125 0.0041495
12.3 30.375 0.00189441
12.3 32.625 0.00247422
12.3 34.875 0.0121922
12.3 37.125 0.0575511
12.3 39.375 0.00274166
12.3 41.625 0.00230339
12.3 43.875 0.00245811
12.5 1.125 0.00245968
12.5 3.375 0.00227295
12.5 5.625 0.00248751
12.5 7.875 0.00254141
12.5 10.125 0.0030478
12.5 12.375 0.0357673
12.5 14.625 0.00232395
12.5 16.875 0.00524737
12.5 19.125 0.00231288
12.5 21.375 0.0204699
12.5 23.625 0.00225334
12.5 25.875 0.00386145
12.5 28.125 0.00264463
12.5 30.375 0.00235759
12.5 32.625 0.00190847
12.5 34.875 0.00322123
12.5 37.125 0.00252265
12.5 39.375 0.0311874
12.5 41.625 0.00575258
12.5 43.875 0.00709513
12.7 1.125 0.0439533
12.7 3.375 0.0395791
12.7 5.625 0.00251793
12.7 7.875 0.00230945
12.7 10.125 0.00309219
12.7 12.375 0.00294094
12.7 14.625 0.00249717
12.7 16.875 0.00244513
12.7 19.125 0.00220489
12.7 21.375 0.00228425
12.7 23.625 0.00440761
12.7 25.875 0.00298776
12.7 28.125 0.00195182
12.7 30.375 0.0021129
12.7 32.625 0.00213814
12.7 34.875 0.0026206
12.7 37.125 0.0421474
12.7 39.375 0.00277047
12.7 41.625 0.00206213
12.7 43.875 0.00691994
12.9 1.125 0.00258534
12.9 3.375 0.00209219
12.9 5.625 0.00767487
12.9 7.875 0.00240095
12.9 10.125 0.0025124
12.9 12.375 0.00679321
12.9 14.625 0.00233305
12.9 16.875 0.0275943
12.9 19.125 0.0025795
12.9 21.375 0.002665
12.9 23.625 0.00225638
12.9 25.875 0.0282939
12.9 28.125 0.00233675
12.9 30.375 0.00317928
12.9 32.625 0.00333997
12.9 34.875 0.00412199
12.9 37.125 0.00215871
12.9 39.375 0.0487367
12.9 41.625 0.0148525
12.9 43.875 0.00213745
13.1 1.125 0.00312704
13.1 3.375 0.00280854
13.1 5.625 0.00262054
13.1 7.875 0.00192354
13.1 10.125 0.0023247
13.1 12.375 0.00196973
13.1 14.625 0.00397871
13.1 16.875 0.00466393
13.1 19.125 0.00252203
13.1 21.375 0.00332636
13.1 23.625 0.00269902
13.1 25.875 0.00202193
13.1 28.125 0.00614525
13.1 30.375 0.00379221
13.1 32.625 0.00330185
13.1 34.875 0.00671466
13.1 37.125 0.00213411
13.1 39.375 0.00515503
13.1 41.625 0.00330889
13.1 43.875 0.0241443
13.3 1.125 0.00222096
13.3 3.375 0.0026738
13.3 5.625 0.00247837
13.3 7.875 0.00750921
13.3 10.125 0.00338838
13.3 12.375 0.00196994
13.3 14.625 0.00204477
13.3 16.875 0.00236693
13.3 19.125 0.0041659
13.3 21.375 0.00427629
13.3 23.625 0.0128044
13.3 25.875 0.00955633
13.3 28.125 0.00227788
13.3 30.375 0.00650894
13.3 32.625 0.00492922
13.3 34.875 0.00191062
13.3 37.125 0.0022175
13.3 39.375 0.00186842
13.3 41.625 0.0169951
13.3 43.875 0.00262745
13.5 1.125 0.00248046
13.5 3.375 0.00307438
13.5 5.625 0.00258634
13.5 7.875 0.00413172
13.5 10.125 0.0032623
13.5 12.375 0.00210156
13.5 14.625 0.00243529
13.5 16.875 0.00254421
13.5 19.125 0.00193214
13.5 21.375 0.00278748
13.5 23.625 0.00237684
13.5 25.875 0.0355226
13.5 28.125 0.0479557
13.5 30.375 0.00519595
13.5 32.625 0.0227034
13.5 34.875 0.00205509
13.5 37.125 0.00219181
13.5 39.375 0.00360155
13.5 41.625 0.00402911
13.5 43.875 0.00287707
13.7 1.125 0.00288421
13.7 3.375 0.00192452
13.7 5.625 0.00204197
13.7 7.875 0.00782665
13.7 10.125 0.00234024
13.7 12.375 0.00194144
13.7 14.625 0.0601439
13.7 16.875 0.00231844
13.7 19.125 0.0024363
13.7 21.375 0.00353264
13.7 23.625 0.0744395
13.7 25.875 0.0113373
13.7 28.125 0.00999663
13.7 30.375 0.00214082
13.7 32.625 0.00362234
13.7 34.875 0.0034986
13.7 37.125 0.00211778
13.7 39.375 0.034522
13.7 41.625 0.0021464
13.7 43.875 0.00369946
13.9 1.125 0.00366472
13.9 3.375 0.00671484
13.9 5.625 0.0499705
13.9 7.875 0.00390646
13.9 10.125 0.00266979
13.9 12.375 0.00252477
13.9 14.625 0.00206032
13.9 16.875 0.00202467
13.9 19.125 0.00217453
13.9 21.375 0.0243912
13.9 23.625 0.00680957
13.9 25.875 0.00887458
13.9 28.125 0.00272823
13.9 30.375 0.00240549
13.9 32.625 0.00211246
13.9 34.875 0.00550256
13.9 37.125 0.0842509
13.9 39.375 0.00194158
13.9 41.625 0.00240145
13.9 43.875 0.0445331
