0.1 5.625 3.23493
0.1 12.375 3.31679
0.1 14.625 3.3415
0.1 23.625 3.37352
0.1 32.625 2.34694
0.1 39.375 3.29998
0.3 1.125 2.98417
0.3 3.375 3.28796
0.3 5.625 3.26007
0.3 7.875 3.27213
0.3 10.125 3.26742
0.3 12.375 3.25531
0.3 14.625 3.29274
0.3 16.875 3.26911
0.3 19.125 3.29608
0.3 21.375 3.23713
0.3 23.625 3.27182
0.3 28.125 3.28512
0.3 30.375 3.25407
0.3 32.625 3.29067
0.3 34.875 3.30426
0.3 37.125 3.26963
0.3 39.375 3.22625
0.3 41.625 3.2777
0.3 43.875 3.29212
0.5 1.125 3.01206
0.5 3.375 3.26743
0.5 5.625 3.23224
0.5 7.875 3.24922
0.5 10.125 3.23895
0.5 12.375 3.2494
0.5 14.625 3.17622
0.5 16.875 3.22126
0.5 19.125 3.22998
0.5 21.375 3.20635
0.5 23.625 3.22959
0.5 25.875 3.22179
0.5 28.125 3.23749
0.5 30.375 3.20526
0.5 32.625 3.21291
0.5 34.875 3.20783
0.5 37.125 3.24515
0.5 39.375 3.19798
0.5 41.625 3.20127
0.5 43.875 3.2175
0.7 1.125 2.80009
0.7 3.375 3.12515
0.7 5.625 3.11071
0.7 7.875 3.08081
0.7 10.125 3.08373
0.7 12.375 3.07119
0.7 14.625 3.04962
0.7 16.875 3.06262
0.7 19.125 3.11391
0.7 21.375 3.12112
0.7 23.625 3.09534
0.7 25.875 3.1197
0.7 28.125 3.07191
0.7 30.375 3.10032
0.7 32.625 3.11135
0.7 34.875 3.10449
0.7 37.125 3.10853
0.7 39.375 3.1153
0.7 41.625 3.109
0.7 43.875 3.10377
0.9 1.125 2.76825
0.9 3.375 2.78303
0.9 5.625 2.77535
0.9 7.875 2.7916
0.9 10.125 2.85678
0.9 12.375 2.78593
0.9 14.625 2.71667
0.9 16.875 2.81177
0.9 19.125 2.80514
0.9 21.375 2.7283
0.9 23.625 2.81981
0.9 25.875 2.82954
0.9 28.125 2.92065
0.9 30.375 2.90373
0.9 32.625 2.89205
0.9 34.875 2.8465
0.9 37.125 2.92803
0.9 39.375 2.90884
0.9 41.625 2.87132
0.9 43.875 2.91585
1.1 1.125 2.03423
1.1 3.375 2.14172
1.1 5.625 2.22933
1.1 7.875 2.10468
1.1 10.125 2.22586
1.1 12.375 2.21192
1.1 14.625 2.23261
1.1 16.875 2.21137
1.1 19.125 2.36705
1.1 21.375 2.41215
1.1 23.625 2.52365
1.1 25.875 2.39715
1.1 28.125 2.59681
1.1 30.375 2.6184
1.1 32.625 2.68918
1.1 34.875 2.60527
1.1 37.125 2.62839
1.1 39.375 2.70987
1.1 41.625 2.71052
1.1 43.875 2.70946
1.3 1.125 1.3557
1.3 3.375 1.3829
1.3 5.625 1.38094
1.3 7.875 1.44512
1.3 10.125 1.47853
1.3 12.375 1.41853
1.3 14.625 1.45723
1.3 16.875 1.59702
1.3 19.125 1.65267
1.3 21.375 1.57679
1.3 23.625 1.80026
1.3 25.875 1.88651
1.3 28.125 1.80027
1.3 30.375 1.97677
1.3 32.625 2.20627
1.3 34.875 2.0768
1.3 37.125 2.24403
1.3 39.375 2.23792
1.3 41.625 2.2613
1.3 43.875 2.28881
1.5 1.125 0.709421
1.5 3.375 0.713364
1.5 5.625 0.753324
1.5 7.875 0.754857
1.5 10.125 0.807952
1.5 12.375 0.826119
1.5 14.625 0.816902
1.5 16.875 0.868661
1.5 19.125 0.873695
1.5 21.375 0.811119
1.5 23.625 1.02022
1.5 25.875 1.07573
1.5 28.125 1.19988
1.5 30.375 1.10838
1.5 32.625 1.2677
1.5 34.875 1.44842
1.5 37.125 1.46562
1.5 39.375 1.58965
1.5 41.625 1.4243
1.5 43.875 1.59799
1.7 1.125 0.377159
1.7 3.375 0.412913
1.7 5.625 0.413099
1.7 7.875 0.402487
1.7 10.125 0.428644
1.7 12.375 0.474236
1.7 14.625 0.478458
1.7 16.875 0.446955
1.7 19.125 0.507466
1.7 21.375 0.496712
1.7 23.625 0.538454
1.7 25.875 0.549349
1.7 28.125 0.617696
1.7 30.375 0.610424
1.7 32.625 0.733233
1.7 34.875 0.813991
1.7 37.125 0.837859
1.7 39.375 0.916208
1.7 41.625 0.898417
1.7 43.875 0.959827
1.9 1.125 0.227301
1.9 3.375 0.237428
1.9 5.625 0.242402
1.9 7.875 0.252744
1.9 10.125 0.256864
1.9 12.375 0.277764
1.9 14.625 0.274582
1.9 16.875 0.285062
1.9 19.125 0.281327
1.9 21.375 0.300328
1.9 23.625 0.317272
1.9 25.875 0.329407
1.9 28.125 0.328422
1.9 30.375 0.353573
1.9 32.625 0.378175
1.9 34.875 0.396668
1.9 37.125 0.416002
1.9 39.375 0.485788
1.9 41.625 0.518518
1.9 43.875 0.509738
2.1 1.125 0.159098
2.1 3.375 0.165197
2.1 5.625 0.153066
2.1 7.875 0.164193
2.1 10.125 0.169257
2.1 12.375 0.177928
2.1 14.625 0.187101
2.1 16.875 0.180749
2.1 19.125 0.189947
2.1 21.375 0.181398
2.1 23.625 0.178357
2.1 25.875 0.194362
2.1 28.125 0.204637
2.1 30.375 0.23108
2.1 32.625 0.231997
2.1 34.875 0.252859
2.1 37.125 0.286817
2.1 39.375 0.279738
2.1 41.625 0.277816
2.1 43.875 0.289333
2.3 1.125 0.113811
2.3 3.375 0.118595
2.3 5.625 0.11144
2.3 7.875 0.116305
2.3 10.125 0.116807
2.3 12.375 0.118068
2.3 14.625 0.120757
2.3 16.875 0.119385
2.3 19.125 0.123057
2.3 21.375 0.132428
2.3 23.625 0.137943
2.3 25.875 0.136251
2.3 28.125 0.137848
2.3 30.375 0.137549
2.3 32.625 0.164652
2.3 34.875 0.170745
2.3 37.125 0.172091
2.3 39.375 0.179787
2.3 41.625 0.174807
2.3 43.875 0.180812
2.5 1.125 0.0836717
2.5 3.375 0.091129
2.5 5.625 0.0834994
2.5 7.875 0.0857939
2.5 10.125 0.083246
2.5 12.375 0.0815597
2.5 14.625 0.0855787
2.5 16.875 0.0772802
2.5 19.125 0.0827259
2.5 21.375 0.0867973
2.5 23.625 0.0904537
2.5 25.875 0.105711
2.5 28.125 0.0987316
2.5 30.375 0.105708
2.5 32.625 0.116572
2.5 34.875 0.115406
2.5 37.125 0.112833
2.5 39.375 0.121225
2.5 41.625 0.115876
2.5 43.875 0.116578
2.7 1.125 0.0715653
2.7 3.375 0.0642833
2.7 5.625 0.068973
2.7 7.875 0.0627161
2.7 10.125 0.0659519
2.7 12.375 0.0634372
2.7 14.625 0.0652471
2.7 16.875 0.0661891
2.7 19.125 0.0673896
2.7 21.375 0.0643185
2.7 23.625 0.07058
2.7 25.875 0.0751691
2.7 28.125 0.080277
2.7 30.375 0.0794361
2.7 32.625 0.0832359
2.7 34.875 0.0793988
2.7 37.125 0.0847316
2.7 39.375 0.0818577
2.7 41.625 0.0805997
2.7 43.875 0.0809586
2.9 1.125 0.0495694
2.9 3.375 0.051626
2.9 5.625 0.0480608
2.9 7.875 0.0511059
2.9 10.125 0.0516464
2.9 12.375 0.0492386
2.9 14.625 0.0473431
2.9 16.875 0.0473182
2.9 19.125 0.050764
2.9 21.375 0.0522552
2.9 23.625 0.0553499
2.9 25.875 0.0560793
2.9 28.125 0.0582976
2.9 30.375 0.0582294
2.9 32.625 0.0566704
2.9 34.875 0.0584711
2.9 37.125 0.0588376
2.9 39.375 0.0548037
2.9 41.625 0.0610031
2.9 43.875 0.0577428
3.1 1.125 0.0421716
3.1 3.375 0.0412173
3.1 5.625 0.0384122
3.1 7.875 0.0408863
3.1 10.125 0.0424064
3.1 12.375 0.0420777
3.1 14.625 0.0406781
3.1 16.875 0.0383192
3.1 19.125 0.0407837
3.1 21.375 0.0417527
3.1 23.625 0.0471245
3.1 25.875 0.0440351
3.1 28.125 0.044816
3.1 30.375 0.0464047
3.1 32.625 0.0493091
3.1 34.875 0.0454345
3.1 37.125 0.0443164
3.1 39.375 0.0467271
3.1 41.625 0.0461605
3.1 43.875 0.0451477
3.3 1.125 0.0336311
3.3 3.375 0.0312458
3.3 5.625 0.0324958
3.3 7.875 0.0326423
3.3 10.125 0.0333572
3.3 12.375 0.0327148
3.3 14.625 0.030021
3.3 16.875 0.0322853
3.3 19.125 0.0333023
3.3 21.375 0.0362466
3.3 23.625 0.0361029
3.3 25.875 0.0374785
3.3 28.125 0.0385296
3.3 30.375 0.0385353
3.3 32.625 0.0408857
3.3 34.875 0.0385106
3.3 37.125 0.0393601
3.3 39.375 0.0372835
3.3 41.625 0.0351046
3.3 43.875 0.0369027
3.5 1.125 0.0275656
3.5 3.375 0.0284984
3.5 5.625 0.0264449
3.5 7.875 0.0281863
3.5 10.125 0.025716
3.5 12.375 0.0263624
3.5 14.625 0.027171
3.5 16.875 0.028016
3.5 19.125 0.0263629
3.5 21.375 0.0289176
3.5 23.625 0.0312596
3.5 25.875 0.0309005
3.5 28.125 0.0312693
3.5 30.375 0.0348397
3.5 32.625 0.0311812
3.5 34.875 0.0330637
3.5 37.125 0.0327123
3.5 39.375 0.0293022
3.5 41.625 0.0325872
3.5 43.875 0.033182
3.7 1.125 0.0236648
3.7 3.375 0.0236946
3.7 5.625 0.0232177
3.7 7.875 0.0255373
3.7 10.125 0.0214846
3.7 12.375 0.0231688
3.7 14.625 0.023411
3.7 16.875 0.0265112
3.7 19.125 0.0258856
3.7 21.375 0.0249583
3.7 23.625 0.0242238
3.7 25.875 0.0259232
3.7 28.125 0.0260719
3.7 30.375 0.0238094
3.7 32.625 0.0251529
3.7 34.875 0.0284278
3.7 37.125 0.0256958
3.7 39.375 0.0253707
3.7 41.625 0.0289096
3.7 43.875 0.0245417
3.9 1.125 0.0233725
3.9 3.375 0.0210216
3.9 5.625 0.0216917
3.9 7.875 0.0202765
3.9 10.125 0.0203017
3.9 12.375 0.0213203
3.9 14.625 0.0217876
3.9 16.875 0.0212965
3.9 19.125 0.0209284
3.9 21.375 0.0216197
3.9 23.625 0.0214735
3.9 25.875 0.0212426
3.9 28.125 0.0210038
3.9 30.375 0.0227149
3.9 32.625 0.0222829
3.9 34.875 0.0221414
3.9 37.125 0.0228463
3.9 39.375 0.0245075
3.9 41.625 0.0230623
3.9 43.875 0.0234655
4.1 1.125 0.018219
4.1 3.375 0.0177159
4.1 5.625 0.0187688
4.1 7.875 0.0176109
4.1 10.125 0.0173852
4.1 12.375 0.0183015
4.1 14.625 0.0169601
4.1 16.875 0.0209198
4.1 19.125 0.0181873
4.1 21.375 0.0196307
4.1 23.625 0.0188403
4.1 25.875 0.0191878
4.1 28.125 0.0187178
4.1 30.375 0.0198953
4.1 32.625 0.0174623
4.1 34.875 0.0198631
4.1 37.125 0.0185801
4.1 39.375 0.0191689
4.1 41.625 0.0183052
4.1 43.875 0.019905
4.3 1.125 0.0154623
4.3 3.375 0.0154848
4.3 5.625 0.0150876
4.3 7.875 0.0153277
4.3 10.125 0.0151842
4.3 12.375 0.0154918
4.3 14.625 0.0176659
4.3 16.875 0.0170168
4.3 19.125 0.0163038
4.3 21.375 0.0169552
4.3 23.625 0.0166032
4.3 25.875 0.0154909
4.3 28.125 0.0170508
4.3 30.375 0.0160117
4.3 32.625 0.0158024
4.3 34.875 0.0158015
4.3 37.125 0.0144032
4.3 39.375 0.0152984
4.3 41.625 0.0160956
4.3 43.875 0.0166069
4.5 1.125 0.0129659
4.5 3.375 0.0143231
4.5 5.625 0.0138118
4.5 7.875 0.0126518
4.5 10.125 0.0128414
4.5 12.375 0.0136871
4.5 14.625 0.013167
4.5 16.875 0.0155562
4.5 19.125 0.014192
4.5 21.375 0.0151463
4.5 23.625 0.0148946
4.5 25.875 0.0151303
4.5 28.125 0.016968
4.5 30.375 0.0152192
4.5 32.625 0.0145316
4.5 34.875 0.0129214
4.5 37.125 0.0147073
4.5 39.375 0.0135169
4.5 41.625 0.0140163
4.5 43.875 0.0127265
4.7 1.125 0.0116404
4.7 3.375 0.0120148
4.7 5.625 0.0113497
4.7 7.875 0.0113798
4.7 10.125 0.0117455
4.7 12.375 0.0122378
4.7 14.625 0.0118888
4.7 16.875 0.012788
4.7 19.125 0.0128276
4.7 21.375 0.0125433
4.7 23.625 0.0123599
4.7 25.875 0.0125666
4.7 28.125 0.0127729
4.7 30.375 0.0130763
4.7 32.625 0.013982
4.7 34.875 0.0136687
4.7 37.125 0.0123877
4.7 39.375 0.0118212
4.7 41.625 0.0117246
4.7 43.875 0.0127667
4.9 1.125 0.0107953
4.9 3.375 0.0108087
4.9 5.625 0.0100001
4.9 7.875 0.0111707
4.9 10.125 0.0115427
4.9 12.375 0.00937093
4.9 14.625 0.0115387
4.9 16.875 0.0104966
4.9 19.125 0.0116359
4.9 21.375 0.0109556
4.9 23.625 0.0115715
4.9 25.875 0.0126638
4.9 28.125 0.0117392
4.9 30.375 0.0112539
4.9 32.625 0.0113849
4.9 34.875 0.0125086
4.9 37.125 0.0107976
4.9 39.375 0.0125997
4.9 41.625 0.0123143
4.9 43.875 0.010132
5.1 1.125 0.0100312
5.1 3.375 0.0102179
5.1 5.625 0.00954347
5.1 7.875 0.0101386
5.1 10.125 0.0101649
5.1 12.375 0.00905777
5.1 14.625 0.0111922
5.1 16.875 0.0103389
5.1 19.125 0.00927534
5.1 21.375 0.0102539
5.1 23.625 0.0105052
5.1 25.875 0.0108162
5.1 28.125 0.0102269
5.1 30.375 0.00905338
5.1 32.625 0.0112121
5.1 34.875 0.0105554
5.1 37.125 0.0103505
5.1 39.375 0.0103401
5.1 41.625 0.0100363
5.1 43.875 0.01034
5.3 1.125 0.00922317
5.3 3.375 0.00959734
5.3 5.625 0.00886446
5.3 7.875 0.00867063
5.3 10.125 0.00816029
5.3 12.375 0.00969258
5.3 14.625 0.00976375
5.3 16.875 0.00963766
5.3 19.125 0.0101216
5.3 21.375 0.00974843
5.3 23.625 0.00992929
5.3 25.875 0.0103449
5.3 28.125 0.0106219
5.3 30.375 0.0097857
5.3 32.625 0.0100707
5.3 34.875 0.00964541
5.3 37.125 0.0112183
5.3 39.375 0.00971158
5.3 41.625 0.0108005
5.3 43.875 0.00911952
5.5 1.125 0.0086953
5.5 3.375 0.00885007
5.5 5.625 0.00831241
5.5 7.875 0.0080788
5.5 10.125 0.00793843
5.5 12.375 0.00840642
5.5 14.625 0.00935129
5.5 16.875 0.00881882
5.5 19.125 0.00942555
5.5 21.375 0.00839087
5.5 23.625 0.0089912
5.5 25.875 0.0100255
5.5 28.125 0.00926487
5.5 30.375 0.0100167
5.5 32.625 0.00855324
5.5 34.875 0.00882634
5.5 37.125 0.00864422
5.5 39.375 0.00763887
5.5 41.625 0.0080626
5.5 43.875 0.00774722
5.7 1.125 0.00813566
5.7 3.375 0.00840988
5.7 5.625 0.00804031
5.7 7.875 0.00758198
5.7 10.125 0.00762086
5.7 12.375 0.00766086
5.7 14.625 0.00826335
5.7 16.875 0.00866171
5.7 19.125 0.00858597
5.7 21.375 0.00857558
5.7 23.625 0.00889211
5.7 25.875 0.00878161
5.7 28.125 0.00796869
5.7 30.375 0.00789083
5.7 32.625 0.00779936
5.7 34.875 0.00922627
5.7 37.125 0.00845895
5.7 39.375 0.00840481
5.7 41.625 0.00908855
5.7 43.875 0.00790314
5.9 1.125 0.00703352
5.9 3.375 0.00847731
5.9 5.625 0.00726543
5.9 7.875 0.0073875
5.9 10.125 0.00715608
5.9 12.375 0.00769468
5.9 14.625 0.00726995
5.9 16.875 0.00791736
5.9 19.125 0.00833933
5.9 21.375 0.00733972
5.9 23.625 0.00779246
5.9 25.875 0.00838119
5.9 28.125 0.00825126
5.9 30.375 0.00846065
5.9 32.625 0.00811219
5.9 34.875 0.00831076
5.9 37.125 0.00735413
5.9 39.375 0.00823952
5.9 41.625 0.00693115
5.9 43.875 0.00824037
6.1 1.125 0.00654202
6.1 3.375 0.00739544
6.1 5.625 0.00752444
6.1 7.875 0.0074491
6.1 10.125 0.00645622
6.1 12.375 0.00712001
6.1 14.625 0.00608722
6.1 16.875 0.00758591
6.1 19.125 0.00718382
6.1 21.375 0.00725173
6.1 23.625 0.00711387
6.1 25.875 0.00694183
6.1 28.125 0.00719173
6.1 30.375 0.00711952
6.1 32.625 0.00759929
6.1 34.875 0.00711954
6.1 37.125 0.00748667
6.1 39.375 0.00671247
6.1 41.625 0.00765176
6.1 43.875 0.00757941
6.3 1.125 0.00703935
6.3 3.375 0.00718412
6.3 5.625 0.00659637
6.3 7.875 0.00665537
6.3 10.125 0.00663968
6.3 12.375 0.00797542
6.3 14.625 0.00741447
6.3 16.875 0.00652569
6.3 19.125 0.00767094
6.3 21.375 0.00725494
6.3 23.625 0.00724392
6.3 25.875 0.00712495
6.3 28.125 0.0061513
6.3 30.375 0.00724602
6.3 32.625 0.00628451
6.3 34.875 0.00696169
6.3 37.125 0.00785768
6.3 39.375 0.00711098
6.3 41.625 0.00622416
6.3 43.875 0.00683417
6.5 1.125 0.00664852
6.5 3.375 0.00680856
6.5 5.625 0.00665284
6.5 7.875 0.00662484
6.5 10.125 0.00786653
6.5 12.375 0.00733527
6.5 14.625 0.00781355
6.5 16.875 0.00750692
6.5 19.125 0.00728264
6.5 21.375 0.00745286
6.5 23.625 0.00685284
6.5 25.875 0.00704324
6.5 28.125 0.00642051
6.5 30.375 0.00638123
6.5 32.625 0.0069583
6.5 34.875 0.00691215
6.5 37.125 0.00698835
6.5 39.375 0.00715142
6.5 41.625 0.00683686
6.5 43.875 0.00639158
6.7 1.125 0.00684505
6.7 3.375 0.00565472
6.7 5.625 0.00684405
6.7 7.875 0.00710769
6.7 10.125 0.00629724
6.7 12.375 0.00627336
6.7 14.625 0.00651383
6.7 16.875 0.00646983
6.7 19.125 0.00678844
6.7 21.375 0.00654881
6.7 23.625 0.00654214
6.7 25.875 0.00713536
6.7 28.125 0.00587734
6.7 30.375 0.00560227
6.7 32.625 0.00739353
6.7 34.875 0.00654046
6.7 37.125 0.00697861
6.7 39.375 0.00643342
6.7 41.625 0.00658268
6.7 43.875 0.00748321
6.9 1.125 0.00602822
6.9 3.375 0.00607412
6.9 5.625 0.00629708
6.9 7.875 0.0066142
6.9 10.125 0.00648926
6.9 12.375 0.00610532
6.9 14.625 0.00573631
6.9 16.875 0.00572434
6.9 19.125 0.00650385
6.9 21.375 0.00708915
6.9 23.625 0.00657131
6.9 25.875 0.0058215
6.9 28.125 0.00641006
6.9 30.375 0.00588324
6.9 32.625 0.00594525
6.9 34.875 0.00647216
6.9 37.125 0.00629086
6.9 39.375 0.00626875
6.9 41.625 0.0067479
6.9 43.875 0.0060415
7.1 1.125 0.00578109
7.1 3.375 0.00601206
7.1 5.625 0.00630791
7.1 7.875 0.00595375
7.1 10.125 0.0065681
7.1 12.375 0.00596421
7.1 14.625 0.00622803
7.1 16.875 0.00628945
7.1 19.125 0.00586069
7.1 21.375 0.00537079
7.1 23.625 0.00568235
7.1 25.875 0.00597245
7.1 28.125 0.00738883
7.1 30.375 0.00535149
7.1 32.625 0.00560271
7.1 34.875 0.00618717
7.1 37.125 0.00673961
7.1 39.375 0.00589035
7.1 41.625 0.00607153
7.1 43.875 0.00561047
7.3 1.125 0.00608245
7.3 3.375 0.00541416
7.3 5.625 0.00598916
7.3 7.875 0.00673053
7.3 10.125 0.00631866
7.3 12.375 0.0061016
7.3 14.625 0.00584753
7.3 16.875 0.00643393
7.3 19.125 0.00618122
7.3 21.375 0.00592643
7.3 23.625 0.00602456
7.3 25.875 0.00589068
7.3 28.125 0.00558193
7.3 30.375 0.00666433
7.3 32.625 0.00682391
7.3 34.875 0.00683833
7.3 37.125 0.00549712
7.3 39.375 0.00610264
7.3 41.625 0.00613192
7.3 43.875 0.00547375
7.5 1.125 0.00535188
7.5 3.375 0.00602474
7.5 5.625 0.00586235
7.5 7.875 0.00570208
7.5 10.125 0.00584944
7.5 12.375 0.00630985
7.5 14.625 0.0054538
7.5 16.875 0.00556078
7.5 19.125 0.00529184
7.5 21.375 0.00626935
7.5 23.625 0.00626338
7.5 25.875 0.0058582
7.5 28.125 0.00707987
7.5 30.375 0.00631281
7.5 32.625 0.00593486
7.5 34.875 0.00687225
7.5 37.125 0.0070679
7.5 39.375 0.00640356
7.5 41.625 0.00513638
7.5 43.875 0.00578678
7.7 1.125 0.0060844
7.7 3.375 0.00549328
7.7 5.625 0.00575815
7.7 7.875 0.00556084
7.7 10.125 0.00553829
7.7 12.375 0.00544106
7.7 14.625 0.00707515
7.7 16.875 0.00454777
7.7 19.125 0.00663969
7.7 21.375 0.00556803
7.7 23.625 0.00492608
7.7 25.875 0.00599827
7.7 28.125 0.00627185
7.7 30.375 0.00617894
7.7 32.625 0.00617479
7.7 34.875 0.00669191
7.7 37.125 0.00564098
7.7 39.375 0.00623598
7.7 41.625 0.00574881
7.7 43.875 0.00535898
7.9 1.125 0.0140952
7.9 3.375 0.00551401
7.9 5.625 0.00543223
7.9 7.875 0.00594342
7.9 10.125 0.00545539
7.9 12.375 0.00608336
7.9 14.625 0.00579565
7.9 16.875 0.00599254
7.9 19.125 0.00670306
7.9 21.375 0.00597825
7.9 23.625 0.00546869
7.9 25.875 0.00707551
7.9 28.125 0.00591286
7.9 30.375 0.0059686
7.9 32.625 0.00565495
7.9 34.875 0.00591344
7.9 37.125 0.00595326
7.9 39.375 0.00595896
7.9 41.625 0.00538515
7.9 43.875 0.00616011
8.1 1.125 0.0629423
8.1 3.375 0.0052775
8.1 5.625 0.00557106
8.1 7.875 0.00486641
8.1 10.125 0.00523457
8.1 12.375 0.00569778
8.1 14.625 0.00588754
8.1 16.875 0.00574352
8.1 19.125 0.00633134
8.1 21.375 0.00575037
8.1 23.625 0.00584369
8.1 25.875 0.00541213
8.1 28.125 0.00456063
8.1 30.375 0.00538336
8.1 32.625 0.0061018
8.1 34.875 0.00619298
8.1 37.125 0.00631604
8.1 39.375 0.00503372
8.1 41.625 0.00522795
8.1 43.875 0.00465395
8.3 1.125 0.00556
8.3 3.375 0.00514191
8.3 5.625 0.00485595
8.3 7.875 0.00499617
8.3 10.125 0.00629552
8.3 12.375 0.00529165
8.3 14.625 0.0062367
8.3 16.875 0.0470453
8.3 19.125 0.00575235
8.3 21.375 0.00537179
8.3 23.625 0.00721338
8.3 25.875 0.00558944
8.3 28.125 0.00544996
8.3 30.375 0.00561689
8.3 32.625 0.00500429
8.3 34.875 0.00520917
8.3 37.125 0.00536383
8.3 39.375 0.00546709
8.3 41.625 0.00528971
8.3 43.875 0.00661929
8.5 1.125 0.00546034
8.5 3.375 0.0053656
8.5 5.625 0.00552363
8.5 7.875 0.00622194
8.5 10.125 0.00504345
8.5 12.375 0.00495759
8.5 14.625 0.00504528
8.5 16.875 0.00906549
8.5 19.125 0.00514847
8.5 21.375 0.00551943
8.5 23.625 0.0051004
8.5 25.875 0.00468099
8.5 28.125 0.00510403
8.5 30.375 0.00537454
8.5 32.625 0.00560182
8.5 34.875 0.00579611
8.5 37.125 0.005712
8.5 39.375 0.00651603
8.5 41.625 0.00529657
8.5 43.875 0.00636446
8.7 1.125 0.004627
8.7 3.375 0.00547333
8.7 5.625 0.00649379
8.7 7.875 0.00588768
8.7 10.125 0.00435152
8.7 12.375 0.00571217
8.7 14.625 0.00590873
8.7 16.875 0.00572848
8.7 19.125 0.00495841
8.7 21.375 0.00579788
8.7 23.625 0.0055139
8.7 25.875 0.00524215
8.7 28.125 0.00609928
8.7 30.375 0.00572544
8.7 32.625 0.00489157
8.7 34.875 0.0050419
8.7 37.125 0.00475612
8.7 39.375 0.00481676
8.7 41.625 0.00606706
8.7 43.875 0.005708
8.9 1.125 0.00491569
8.9 3.375 0.0059437
8.9 5.625 0.00647401
8.9 7.875 0.00659598
8.9 10.125 0.00638415
8.9 12.375 0.00566249
8.9 14.625 0.00476844
8.9 16.875 0.00684747
8.9 19.125 0.00564837
8.9 21.375 0.00495996
8.9 23.625 0.00538952
8.9 25.875 0.00649225
8.9 28.125 0.00513945
8.9 30.375 0.00557811
8.9 32.625 0.00580996
8.9 34.875 0.00532561
8.9 37.125 0.00525754
8.9 39.375 0.00464106
8.9 41.625 0.00564121
8.9 43.875 0.00548495
9.1 1.125 0.00534496
9.1 3.375 0.014121
9.1 5.625 0.0051961
9.1 7.875 0.00488052
9.1 10.125 0.00527899
9.1 12.375 0.00574943
9.1 14.625 0.00661602
9.1 16.875 0.00549387
9.1 19.125 0.00485331
9.1 21.375 0.00666343
9.1 23.625 0.00480713
9.1 25.875 0.00564454
9.1 28.125 0.0051967
9.1 30.375 0.00640052
9.1 32.625 0.00557665
9.1 34.875 0.00472193
9.1 37.125 0.00569921
9.1 39.375 0.00487635
9.1 41.625 0.00594968
9.1 43.875 0.00490488
9.3 1.125 0.00426789
9.3 3.375 0.00513821
9.3 5.625 0.00624191
9.3 7.875 0.00529971
9.3 10.125 0.00556829
9.3 12.375 0.0063133
9.3 14.625 0.00530498
9.3 16.875 0.00486856
9.3 19.125 0.00546922
9.3 21.375 0.00551991
9.3 23.625 0.00417094
9.3 25.875 0.00511496
9.3 28.125 0.00528965
9.3 30.375 0.00555764
9.3 32.625 0.00581535
9.3 34.875 0.00437926
9.3 37.125 0.00417183
9.3 39.375 0.00482308
9.3 41.625 0.00426712
9.3 43.875 0.00624091
9.5 1.125 0.00540869
9.5 3.375 0.00486738
9.5 5.625 0.00583428
9.5 7.875 0.00488502
9.5 10.125 0.0046682
9.5 12.375 0.00531781
9.5 14.625 0.00496218
9.5 16.875 0.00560193
9.5 19.125 0.134865
9.5 21.375 0.00494424
9.5 23.625 0.00653238
9.5 25.875 0.0050554
9.5 28.125 0.00453593
9.5 30.375 0.00419031
9.5 32.625 0.0059635
9.5 34.875 0.00694274
9.5 37.125 0.00516182
9.5 39.375 0.00565324
9.5 41.625 0.00726158
9.5 43.875 0.00558485
9.7 1.125 0.00527466
9.7 3.375 0.00535103
9.7 5.625 0.00509111
9.7 7.875 0.00437105
9.7 10.125 0.00547152
9.7 12.375 0.00502676
9.7 14.625 0.00487842
9.7 16.875 0.00463784
9.7 19.125 0.00477633
9.7 21.375 0.00525617
9.7 23.625 0.0060541
9.7 25.875 0.00478253
9.7 28.125 0.00420657
9.7 30.375 0.00559667
9.7 32.625 0.0045481
9.7 34.875 0.00498923
9.7 37.125 0.0057663
9.7 39.375 0.00855429
9.7 41.625 0.00510151
9.7 43.875 0.00628522
9.9 1.125 0.00527506
9.9 3.375 0.0051572
9.9 5.625 0.00795881
9.9 7.875 0.00450179
9.9 10.125 0.00414997
9.9 12.375 0.00386065
9.9 14.625 0.00586254
9.9 16.875 0.00516788
9.9 19.125 0.00601601
9.9 21.375 0.00527305
9.9 23.625 0.00512321
9.9 25.875 0.00450862
9.9 28.125 0.00626184
9.9 30.375 0.00512528
9.9 32.625 0.00457226
9.9 34.875 0.00395367
9.9 37.125 0.0052135
9.9 39.375 0.00468122
9.9 41.625 0.00518535
9.9 43.875 0.00479445
10.1 1.125 0.00498375
10.1 3.375 0.00415282
10.1 5.625 0.00569818
10.1 7.875 0.00473967
10.1 10.125 0.00431025
10.1 12.375 0.00473947
10.1 14.625 0.00539907
10.1 16.875 0.00407546
10.1 19.125 0.00564611
10.1 21.375 0.00604228
10.1 23.625 0.00466599
10.1 25.875 0.00557933
10.1 28.125 0.0257125
10.1 30.375 0.00559718
10.1 32.625 0.00422193
10.1 34.875 0.00492547
10.1 37.125 0.00616199
10.1 39.375 0.00546026
10.1 41.625 0.00497348
10.1 43.875 0.00471314
10.3 1.125 0.138143
10.3 3.375 0.00341638
10.3 5.625 0.00462698
10.3 7.875 0.00486665
10.3 10.125 0.00498661
10.3 12.375 0.00664953
10.3 14.625 0.00442346
10.3 16.875 0.0746478
10.3 19.125 0.00665106
10.3 21.375 0.0054134
10.3 23.625 0.00583175
10.3 25.875 0.00403982
10.3 28.125 0.00475906
10.3 30.375 0.0050782
10.3 32.625 0.0047341
10.3 34.875 0.00590982
10.3 37.125 0.00569284
10.3 39.375 0.00678671
10.3 41.625 0.00578271
10.3 43.875 0.00435967
10.5 1.125 0.00603581
10.5 3.375 0.00515411
10.5 5.625 0.00556617
10.5 7.875 0.0041692
10.5 10.125 0.00441358
10.5 12.375 0.0681701
10.5 14.625 0.00666127
10.5 16.875 0.00383862
10.5 19.125 0.00537026
10.5 21.375 0.00480811
10.5 23.625 0.00455116
10.5 25.875 0.00527024
10.5 28.125 0.00654669
10.5 30.375 0.00723827
10.5 32.625 0.00380127
10.5 34.875 0.00489536
10.5 37.125 0.00989482
10.5 39.375 0.0045463
10.5 41.625 0.0040581
10.5 43.875 0.00465057
10.7 1.125 0.00440263
10.7 3.375 0.00680715
10.7 5.625 0.00425871
10.7 7.875 0.00698636
10.7 10.125 0.00495621
10.7 12.375 0.0214275
10.7 14.625 0.00407881
10.7 16.875 0.00432153
10.7 19.125 0.0045594
10.7 21.375 0.00839549
10.7 23.625 0.00485056
10.7 25.875 0.0047296
10.7 28.125 0.00562743
10.7 30.375 0.00502898
10.7 32.625 0.00548554
10.7 34.875 0.00453629
10.7 37.125 0.00568617
10.7 39.375 0.00388837
10.7 41.625 0.00523302
10.7 43.875 0.0062521
10.9 1.125 0.00609101
10.9 3.375 0.00581544
10.9 5.625 0.00519662
10.9 7.875 0.00454269
10.9 10.125 0.00541593
10.9 12.375 0.00552955
10.9 14.625 0.0100001
10.9 16.875 0.00462608
10.9 19.125 0.00398417
10.9 21.375 0.00643967
10.9 23.625 0.00669268
10.9 25.875 0.00474716
10.9 28.125 0.0046797
10.9 30.375 0.00396938
10.9 32.625 0.00677931
10.9 34.875 0.00617361
10.9 37.125 0.00556578
10.9 39.375 0.00585938
10.9 41.625 0.0071721
10.9 43.875 0.00435821
11.1 1.125 0.00718475
11.1 3.375 0.00572461
11.1 5.625 0.00590251
11.1 7.875 0.00399755
11.1 10.125 0.0040372
11.1 12.375 0.00491239
11.1 16.875 0.0041978
11.1 19.125 0.00451649
11.1 21.375 0.00638362
11.1 25.875 0.00611887
11.1 28.125 0.005072
11.1 30.375 0.00527617
11.1 32.625 0.00395892
11.1 34.875 0.00570512
11.1 37.125 0.00512692
11.1 39.375 0.00534576
11.1 41.625 0.00623584
11.1 43.875 0.00462948
11.3 1.125 0.00506832
11.3 3.375 0.0231334
11.3 5.625 0.00446079
11.3 7.875 0.00585922
11.3 10.125 0.0044163
11.3 12.375 0.0158131
11.3 14.625 0.00421602
11.3 16.875 0.00379677
11.3 21.375 0.0052876
11.3 23.625 0.00464985
11.3 25.875 0.00595641
11.3 28.125 0.004996
11.3 30.375 0.0715367
11.3 32.625 0.0055312
11.3 34.875 0.00473504
11.3 37.125 0.00516689
11.3 39.375 0.00616897
11.3 41.625 0.0037153
11.3 43.875 0.00560467
11.5 1.125 0.00459189
11.5 3.375 0.00497245
11.5 5.625 0.00560579
11.5 7.875 0.00742968
11.5 10.125 0.0062896
11.5 12.375 0.00568997
11.5 14.625 0.00380852
11.5 16.875 0.004855
11.5 19.125 0.00401512
11.5 21.375 0.00702179
11.5 23.625 0.00418144
11.5 25.875 0.00476967
11.5 28.125 0.00387814
11.5 30.375 0.00364754
11.5 32.625 0.00560838
11.5 34.875 0.00416849
11.5 37.125 0.00431973
11.5 39.375 0.0148394
11.5 41.625 0.00377845
11.5 43.875 0.00581528
11.7 1.125 0.00476189
11.7 3.375 0.00489281
11.7 5.625 0.00383321
11.7 7.875 0.00492857
11.7 10.125 0.00649229
11.7 14.625 0.0195788
11.7 16.875 0.00434101
11.7 19.125 0.00963087
11.7 23.625 0.00598
11.7 25.875 0.00438837
11.7 28.125 0.00577554
11.7 30.375 0.00581165
11.7 32.625 0.00612361
11.7 34.875 0.00388496
11.7 37.125 0.0066881
11.7 39.375 0.00541489
11.7 41.625 0.00657567
11.7 43.875 0.004734
11.9 1.125 0.00439752
11.9 3.375 0.00325088
11.9 5.625 0.00484588
11.9 7.875 0.00534495
11.9 10.125 0.0052492
11.9 12.375 0.00421494
11.9 16.875 0.00524434
11.9 19.125 0.00584384
11.9 21.375 0.0044828
11.9 23.625 0.00574273
11.9 25.875 0.00602797
11.9 28.125 0.00559958
11.9 30.375 0.00511654
11.9 32.625 0.00531794
11.9 34.875 0.00691304
11.9 37.125 0.0049206
11.9 39.375 0.0060403
11.9 41.625 0.00772167
11.9 43.875 0.00406549
12.1 1.125 0.00491509
12.1 3.375 0.00602198
12.1 5.625 0.00812903
12.1 7.875 0.00516046
12.1 10.125 0.00506433
12.1 12.375 0.00414693
12.1 14.625 0.00473263
12.1 19.125 0.00628945
12.1 21.375 0.00427474
12.1 23.625 0.299536
12.1 25.875 0.00351498
12.1 28.125 0.00444862
12.1 32.625 0.00603209
12.1 34.875 0.00402621
12.1 37.125 0.00486319
12.1 39.375 0.00373373
12.1 41.625 0.00561819
12.3 1.125 0.00573797
12.3 3.375 0.00354094
12.3 5.625 0.00458566
12.3 7.875 0.00485127
12.3 10.125 0.00463736
12.3 12.375 0.00462119
12.3 14.625 0.00422456
12.3 16.875 0.00436006
12.3 21.375 0.00394124
12.3 23.625 0.00336448
12.3 25.875 0.0052275
12.3 28.125 0.00511257
12.3 32.625 0.0137238
12.3 34.875 0.00399219
12.3 37.125 0.00621767
12.3 41.625 0.00574082
12.3 43.875 0.0043215
12.5 1.125 0.00699879
12.5 3.375 0.00551279
12.5 7.875 0.00409639
12.5 10.125 0.0479096
12.5 12.375 0.00385859
12.5 14.625 0.00372779
12.5 16.875 0.00412475
12.5 19.125 0.00581063
12.5 21.375 0.00421386
12.5 23.625 0.00651662
12.5 25.875 0.00725085
12.5 30.375 0.00698587
12.5 32.625 0.00484571
12.5 34.875 0.00555638
12.5 39.375 0.00753429
12.5 41.625 0.00515508
12.5 43.875 0.00364932
12.7 1.125 0.00477225
12.7 3.375 0.00667379
12.7 5.625 0.00370701
12.7 7.875 0.00434845
12.7 10.125 0.00447471
12.7 12.375 0.00748056
12.7 16.875 0.0112529
12.7 21.375 0.0049894
12.7 23.625 0.00427114
12.7 25.875 0.0076712
12.7 32.625 0.00520546
12.7 34.875 0.00500232
12.7 37.125 0.00447184
12.7 39.375 0.00485195
12.7 41.625 0.0100833
12.9 1.125 0.00589759
12.9 3.375 0.00734385
12.9 7.875 0.0046416
12.9 10.125 0.00799559
12.9 12.375 0.00387689
12.9 14.625 0.00505061
12.9 16.875 0.00560748
12.9 21.375 0.00525141
12.9 23.625 0.00491492
12.9 25.875 0.00442867
12.9 32.625 0.00425112
12.9 34.875 0.308126
12.9 37.125 0.00497104
13.1 5.625 0.00425166
13.1 7.875 0.00322698
13.1 12.375 0.0059208
13.1 14.625 0.0940762
13.1 19.125 0.0068398
13.1 23.625 0.00566737
13.1 28.125 0.00553094
13.1 34.875 0.00427279
13.1 41.625 0.00494594
13.1 43.875 0.00541868
13.3 7.875 0.00474548
13.3 10.125 0.00399111
13.3 12.375 0.00470527
13.3 14.625 0.00791208
13.3 19.125 0.0051891
13.3 21.375 0.224075
13.3 25.875 0.00478408
13.3 28.125 0.00436352
13.3 30.375 0.00504117
13.3 32.625 0.0163151
13.3 37.125 0.00336241
13.3 41.625 0.00332052
13.3 43.875 0.0261875
13.5 3.375 0.0081224
13.5 5.625 0.00558294
13.5 19.125 0.00433557
13.5 21.375 0.00421486
13.5 25.875 0.00562108
13.5 28.125 0.00338199
13.5 30.375 0.00480609
13.5 32.625 0.00485517
13.5 39.375 0.00283683
13.5 41.625 0.00556826
13.5 43.875 0.00467774
13.7 5.625 0.00514435
13.7 7.875 0.00533417
13.7 10.125 0.0106723
13.7 30.375 0.0162266
13.7 32.625 0.00515556
13.7 34.875 0.00408018
13.7 39.375 0.0188302
13.7 41.625 0.0044254
13.7 43.875 0.00718149
13.9 1.125 0.00509255
13.9 7.875 0.0038542
13.9 10.125 0.00687052
13.9 21.375 0.00342799
13.9 23.625 0.00524144
13.9 30.375 0.00457587
13.9 34.875 0.00491902
13.9 37.125 0.612734
13.9 43.875 0.0108021
