0.1 1.125 3.01072
0.1 3.375 3.241
0.1 5.625 3.31672
0.1 7.875 2.1359
0.1 10.125 1.99047
0.1 12.375 1.80676
0.1 14.625 1.78846
0.1 16.875 1.1238
0.1 19.125 1.62027
0.1 21.375 1.83391
0.1 23.625 2.42519
0.1 25.875 1.41959
0.1 28.125 2.27691
0.1 30.375 1.95697
0.1 32.625 3.26412
0.1 34.875 3.30314
0.1 39.375 3.27342
0.1 41.625 3.33043
0.1 43.875 3.28426
0.3 1.125 2.57797
0.3 3.375 2.69986
0.3 5.625 2.78813
0.3 7.875 3.14021
0.3 10.125 3.20272
0.3 12.375 3.15543
0.3 14.625 3.27735
0.3 16.875 3.27864
0.3 19.125 3.29532
0.3 21.375 3.26495
0.3 23.625 3.15393
0.3 25.875 3.29298
0.3 28.125 3.3103
0.3 30.375 3.20249
0.3 32.625 3.18311
0.3 34.875 3.1572
0.3 37.125 3.28376
0.3 39.375 3.26696
0.3 41.625 3.11316
0.3 43.875 3.14514
0.5 1.125 2.70306
0.5 3.375 2.72545
0.5 5.625 2.67169
0.5 7.875 3.21159
0.5 10.125 3.09609
0.5 12.375 3.1686
0.5 14.625 3.17026
0.5 16.875 3.21108
0.5 19.125 3.22122
0.5 21.375 3.23695
0.5 23.625 3.15894
0.5 25.875 3.03168
0.5 28.125 3.10779
0.5 30.375 3.23941
0.5 32.625 3.23592
0.5 34.875 3.24339
0.5 37.125 3.22207
0.5 39.375 3.13079
0.5 41.625 3.05241
0.5 43.875 3.07422
0.7 1.125 2.9555
0.7 3.375 2.97975
0.7 5.625 2.99059
0.7 7.875 3.07422
0.7 10.125 2.98342
0.7 12.375 3.04598
0.7 14.625 2.98471
0.7 16.875 3.02499
0.7 19.125 3.09702
0.7 21.375 3.05485
0.7 23.625 3.05753
0.7 25.875 3.03554
0.7 28.125 3.04401
0.7 30.375 2.98076
0.7 32.625 2.9645
0.7 34.875 2.96143
0.7 37.125 3.08361
0.7 39.375 3.0572
0.7 41.625 3.06734
0.7 43.875 3.02452
0.9 1.125 2.53482
0.9 3.375 2.58459
0.9 5.625 2.75606
0.9 7.875 2.80044
0.9 10.125 2.72205
0.9 12.375 2.77267
0.9 14.625 2.78045
0.9 16.875 2.78672
0.9 19.125 2.79346
0.9 21.375 2.87325
0.9 23.625 2.79352
0.9 25.875 2.81763
0.9 28.125 2.86304
0.9 30.375 2.89476
0.9 32.625 2.93468
0.9 34.875 2.8943
0.9 37.125 2.91525
0.9 39.375 2.92394
0.9 41.625 2.84639
0.9 43.875 2.8879
1.1 1.125 2.00296
1.1 3.375 2.1422
1.1 5.625 2.18266
1.1 7.875 2.12855
1.1 10.125 2.31124
1.1 12.375 2.19243
1.1 14.625 2.21126
1.1 16.875 2.26292
1.1 19.125 2.23629
1.1 21.375 2.32796
1.1 23.625 2.32705
1.1 25.875 2.4214
1.1 28.125 2.46363
1.1 30.375 2.55482
1.1 32.625 2.61949
1.1 34.875 2.57262
1.1 37.125 2.62577
1.1 39.375 2.67397
1.1 41.625 2.71173
1.1 43.875 2.65575
1.3 1.125 1.30904
1.3 3.375 1.37225
1.3 5.625 1.3699
1.3 7.875 1.38846
1.3 10.125 1.46806
1.3 12.375 1.46548
1.3 14.625 1.54625
1.3 16.875 1.54443
1.3 19.125 1.54404
1.3 21.375 1.64477
1.3 23.625 1.67246
1.3 25.875 1.7162
1.3 28.125 1.86738
1.3 30.375 1.96197
1.3 32.625 1.9936
1.3 34.875 2.03113
1.3 37.125 2.0988
1.3 39.375 2.22361
1.3 41.625 2.18149
1.3 43.875 2.19549
1.5 1.125 0.639223
1.5 3.375 0.713987
1.5 5.625 0.729549
1.5 7.875 0.78942
1.5 10.125 0.738344
1.5 12.375 0.784187
1.5 14.625 0.811827
1.5 16.875 0.866552
1.5 19.125 0.92721
1.5 21.375 0.972122
1.5 23.625 0.992017
1.5 25.875 1.05713
1.5 28.125 1.1013
1.5 30.375 1.25642
1.5 32.625 1.35467
1.5 34.875 1.40907
1.5 37.125 1.49416
1.5 39.375 1.58258
1.5 41.625 1.53977
1.5 43.875 1.60078
1.7 1.125 0.384661
1.7 3.375 0.403037
1.7 5.625 0.396065
1.7 7.875 0.418543
1.7 10.125 0.438722
1.7 12.375 0.428206
1.7 14.625 0.453059
1.7 16.875 0.469076
1.7 19.125 0.475643
1.7 21.375 0.491793
1.7 23.625 0.540378
1.7 25.875 0.53016
1.7 28.125 0.606132
1.7 30.375 0.619985
1.7 32.625 0.680487
1.7 34.875 0.787674
1.7 37.125 0.796693
1.7 39.375 0.879124
1.7 41.625 0.929236
1.7 43.875 0.917026
1.9 1.125 0.210805
1.9 3.375 0.239533
1.9 5.625 0.243792
1.9 7.875 0.2519
1.9 10.125 0.271582
1.9 12.375 0.271436
1.9 14.625 0.284068
1.9 16.875 0.291123
1.9 19.125 0.289271
1.9 21.375 0.297112
1.9 23.625 0.309218
1.9 25.875 0.326702
1.9 28.125 0.320808
1.9 30.375 0.362164
1.9 32.625 0.39619
1.9 34.875 0.425524
1.9 37.125 0.437467
1.9 39.375 0.525732
1.9 41.625 0.522279
1.9 43.875 0.519901
2.1 1.125 0.138893
2.1 3.375 0.158409
2.1 5.625 0.157388
2.1 7.875 0.164557
2.1 10.125 0.162467
2.1 12.375 0.171591
2.1 14.625 0.178149
2.1 16.875 0.193392
2.1 19.125 0.183817
2.1 21.375 0.178813
2.1 23.625 0.184187
2.1 25.875 0.193962
2.1 28.125 0.208248
2.1 30.375 0.221565
2.1 32.625 0.235241
2.1 34.875 0.260469
2.1 37.125 0.268844
2.1 39.375 0.281729
2.1 41.625 0.297853
2.1 43.875 0.294261
2.3 1.125 0.105683
2.3 3.375 0.112634
2.3 5.625 0.119244
2.3 7.875 0.111633
2.3 10.125 0.114864
2.3 12.375 0.114875
2.3 14.625 0.119594
2.3 16.875 0.123966
2.3 19.125 0.120945
2.3 21.375 0.129928
2.3 23.625 0.134646
2.3 25.875 0.139176
2.3 28.125 0.148868
2.3 30.375 0.152258
2.3 32.625 0.155785
2.3 34.875 0.160507
2.3 37.125 0.176285
2.3 39.375 0.174968
2.3 41.625 0.185473
2.3 43.875 0.181304
2.5 1.125 0.0690137
2.5 3.375 0.0852869
2.5 5.625 0.0881729
2.5 7.875 0.086679
2.5 10.125 0.0799593
2.5 12.375 0.0850513
2.5 14.625 0.0837621
2.5 16.875 0.0820483
2.5 19.125 0.0829102
2.5 21.375 0.0807715
2.5 23.625 0.0921668
2.5 25.875 0.0959907
2.5 28.125 0.102258
2.5 30.375 0.113975
2.5 32.625 0.116008
2.5 34.875 0.117075
2.5 37.125 0.119947
2.5 39.375 0.121178
2.5 41.625 0.119699
2.5 43.875 0.116691
2.7 1.125 0.0637651
2.7 3.375 0.0657002
2.7 5.625 0.0608142
2.7 7.875 0.0645035
2.7 10.125 0.0621932
2.7 12.375 0.0605469
2.7 14.625 0.0618046
2.7 16.875 0.0618413
2.7 19.125 0.0641667
2.7 21.375 0.0637819
2.7 23.625 0.0673106
2.7 25.875 0.0726858
2.7 28.125 0.0781773
2.7 30.375 0.0822751
2.7 32.625 0.0818356
2.7 34.875 0.0834361
2.7 37.125 0.0830239
2.7 39.375 0.0812099
2.7 41.625 0.0813105
2.7 43.875 0.0837289
2.9 1.125 0.0507592
2.9 3.375 0.049257
2.9 5.625 0.0498954
2.9 7.875 0.0475277
2.9 10.125 0.0474756
2.9 12.375 0.0496315
2.9 14.625 0.0487594
2.9 16.875 0.0493008
2.9 19.125 0.0498588
2.9 21.375 0.0524076
2.9 23.625 0.0552078
2.9 25.875 0.0579126
2.9 28.125 0.0545744
2.9 30.375 0.0596619
2.9 32.625 0.0592728
2.9 34.875 0.0608646
2.9 37.125 0.0563579
2.9 39.375 0.0585981
2.9 41.625 0.0562784
2.9 43.875 0.0554897
3.1 1.125 0.037951
3.1 3.375 0.0391672
3.1 5.625 0.0383357
3.1 7.875 0.0388598
3.1 10.125 0.0395255
3.1 12.375 0.0402146
3.1 14.625 0.0397154
3.1 16.875 0.0404611
3.1 19.125 0.0400606
3.1 21.375 0.0426999
3.1 23.625 0.0437032
3.1 25.875 0.0423799
3.1 28.125 0.0467651
3.1 30.375 0.0463961
3.1 32.625 0.0462655
3.1 34.875 0.0449808
3.1 37.125 0.045365
3.1 39.375 0.0464086
3.1 41.625 0.0452753
3.1 43.875 0.0457337
3.3 1.125 0.0313167
3.3 3.375 0.0322881
3.3 5.625 0.0322613
3.3 7.875 0.032095
3.3 10.125 0.0325576
3.3 12.375 0.0298775
3.3 14.625 0.0320051
3.3 16.875 0.0298324
3.3 19.125 0.0341053
3.3 21.375 0.0343194
3.3 23.625 0.035942
3.3 25.875 0.0366521
3.3 28.125 0.0371384
3.3 30.375 0.0392665
3.3 32.625 0.0376424
3.3 34.875 0.0382574
3.3 37.125 0.037205
3.3 39.375 0.0370314
3.3 41.625 0.0401078
3.3 43.875 0.0370392
3.5 1.125 0.0261346
3.5 3.375 0.0261933
3.5 5.625 0.0270274
3.5 7.875 0.0256118
3.5 10.125 0.025678
3.5 12.375 0.0262956
3.5 14.625 0.0333246
3.5 16.875 0.025589
3.5 19.125 0.0266033
3.5 21.375 0.0275013
3.5 23.625 0.0297203
3.5 25.875 0.029916
3.5 28.125 0.0299357
3.5 30.375 0.0314868
3.5 32.625 0.0299494
3.5 34.875 0.0302803
3.5 37.125 0.0299483
3.5 39.375 0.0323461
3.5 41.625 0.0309769
3.5 43.875 0.0294354
3.7 1.125 0.02552
3.7 3.375 0.0231679
3.7 5.625 0.0232265
3.7 7.875 0.0238697
3.7 10.125 0.0219017
3.7 12.375 0.0237188
3.7 14.625 0.0215777
3.7 16.875 0.0225062
3.7 19.125 0.0233512
3.7 21.375 0.0241314
3.7 23.625 0.0253253
3.7 25.875 0.0245778
3.7 28.125 0.0253239
3.7 30.375 0.0256019
3.7 32.625 0.0269305
3.7 34.875 0.0260823
3.7 37.125 0.0251907
3.7 39.375 0.02612
3.7 41.625 0.0258517
3.7 43.875 0.026117
3.9 1.125 0.0200773
3.9 3.375 0.0204399
3.9 5.625 0.0197423
3.9 7.875 0.0206923
3.9 10.125 0.0211055
3.9 12.375 0.0199103
3.9 14.625 0.019881
3.9 16.875 0.0200751
3.9 19.125 0.0214312
3.9 21.375 0.0204488
3.9 23.625 0.0209678
3.9 25.875 0.0202569
3.9 28.125 0.02158
3.9 30.375 0.0204166
3.9 32.625 0.021175
3.9 34.875 0.0203105
3.9 37.125 0.0211402
3.9 39.375 0.0196562
3.9 41.625 0.0205071
3.9 43.875 0.0215682
4.1 1.125 0.0174033
4.1 3.375 0.0165956
4.1 5.625 0.0171819
4.1 7.875 0.0164225
4.1 10.125 0.0243509
4.1 12.375 0.0172715
4.1 14.625 0.0175945
4.1 16.875 0.0183792
4.1 19.125 0.0198382
4.1 21.375 0.018062
4.1 23.625 0.0184265
4.1 25.875 0.0178485
4.1 28.125 0.0181337
4.1 30.375 0.0180269
4.1 32.625 0.0185084
4.1 34.875 0.0175219
4.1 37.125 0.0168236
4.1 39.375 0.0173645
4.1 41.625 0.017091
4.1 43.875 0.0169885
4.3 1.125 0.0146454
4.3 3.375 0.0137605
4.3 5.625 0.0146677
4.3 7.875 0.0147424
4.3 10.125 0.0144003
4.3 12.375 0.0143524
4.3 14.625 0.0150229
4.3 16.875 0.0162995
4.3 19.125 0.0171423
4.3 21.375 0.0164411
4.3 23.625 0.0159485
4.3 25.875 0.0162708
4.3 28.125 0.0160635
4.3 30.375 0.0169543
4.3 32.625 0.0165623
4.3 34.875 0.0146036
4.3 37.125 0.0148652
4.3 39.375 0.0147079
4.3 41.625 0.0140977
4.3 43.875 0.01393
4.5 1.125 0.0116531
4.5 3.375 0.0118164
4.5 5.625 0.011963
4.5 7.875 0.0119256
4.5 10.125 0.0127376
4.5 12.375 0.0132033
4.5 14.625 0.0137489
4.5 16.875 0.0137771
4.5 19.125 0.0144915
4.5 21.375 0.0144303
4.5 23.625 0.0145677
4.5 25.875 0.0130204
4.5 28.125 0.0142755
4.5 30.375 0.0130543
4.5 32.625 0.0126114
4.5 34.875 0.0138597
4.5 37.125 0.0130114
4.5 39.375 0.0118143
4.5 41.625 0.0106574
4.5 43.875 0.0121139
4.7 1.125 0.00974514
4.7 3.375 0.0103527
4.7 5.625 0.0106495
4.7 7.875 0.0107447
4.7 10.125 0.0112772
4.7 12.375 0.0110122
4.7 14.625 0.0123637
4.7 16.875 0.0126461
4.7 19.125 0.0124958
4.7 21.375 0.0118986
4.7 23.625 0.0121369
4.7 25.875 0.0116096
4.7 28.125 0.0113838
4.7 30.375 0.0115458
4.7 32.625 0.0108993
4.7 34.875 0.0124451
4.7 37.125 0.0104512
4.7 39.375 0.0103118
4.7 41.625 0.0100148
4.7 43.875 0.0106255
4.9 1.125 0.0096496
4.9 3.375 0.00876153
4.9 5.625 0.0093347
4.9 7.875 0.00902037
4.9 10.125 0.00949108
4.9 12.375 0.00955189
4.9 14.625 0.00998621
4.9 16.875 0.0107249
4.9 19.125 0.0100895
4.9 21.375 0.0100583
4.9 23.625 0.00990237
4.9 25.875 0.00941557
4.9 28.125 0.00975365
4.9 30.375 0.0104754
4.9 32.625 0.00961121
4.9 34.875 0.010564
4.9 37.125 0.00920991
4.9 39.375 0.00992353
4.9 41.625 0.00921705
4.9 43.875 0.00888316
5.1 1.125 0.00800204
5.1 3.375 0.00811219
5.1 5.625 0.00794432
5.1 7.875 0.00788033
5.1 10.125 0.00725541
5.1 12.375 0.0088792
5.1 14.625 0.0134328
5.1 16.875 0.0081801
5.1 19.125 0.00892429
5.1 21.375 0.00893619
5.1 23.625 0.00874047
5.1 25.875 0.00870788
5.1 28.125 0.00840917
5.1 30.375 0.00870704
5.1 32.625 0.00883544
5.1 34.875 0.00892132
5.1 37.125 0.00864399
5.1 39.375 0.00852279
5.1 41.625 0.008463
5.1 43.875 0.00817229
5.3 1.125 0.00747053
5.3 3.375 0.00706741
5.3 5.625 0.00676036
5.3 7.875 0.00693162
5.3 10.125 0.00895195
5.3 12.375 0.00790937
5.3 14.625 0.00772306
5.3 16.875 0.00756727
5.3 19.125 0.00796678
5.3 21.375 0.00813731
5.3 23.625 0.00772336
5.3 25.875 0.00812845
5.3 28.125 0.00779037
5.3 30.375 0.00759367
5.3 32.625 0.00743012
5.3 34.875 0.00752212
5.3 37.125 0.00756028
5.3 39.375 0.00833985
5.3 41.625 0.0157595
5.3 43.875 0.00829471
5.5 1.125 0.00689565
5.5 3.375 0.00638341
5.5 5.625 0.00725205
5.5 7.875 0.00664152
5.5 10.125 0.00684566
5.5 12.375 0.00632918
5.5 14.625 0.00729944
5.5 16.875 0.0105634
5.5 19.125 0.00689456
5.5 21.375 0.00667145
5.5 23.625 0.00725919
5.5 25.875 0.00722516
5.5 28.125 0.00683732
5.5 30.375 0.00681244
5.5 32.625 0.00674529
5.5 34.875 0.00716671
5.5 37.125 0.00614718
5.5 39.375 0.00700667
5.5 41.625 0.00711676
5.5 43.875 0.0070808
5.7 1.125 0.00540436
5.7 3.375 0.00549906
5.7 5.625 0.00565068
5.7 7.875 0.00559796
5.7 10.125 0.00572203
5.7 12.375 0.0058779
5.7 14.625 0.00616459
5.7 16.875 0.00638325
5.7 19.125 0.00666776
5.7 21.375 0.00623031
5.7 23.625 0.0134357
5.7 25.875 0.00612089
5.7 28.125 0.00643316
5.7 30.375 0.00677574
5.7 32.625 0.00563207
5.7 34.875 0.0112359
5.7 37.125 0.00580375
5.7 39.375 0.00691633
5.7 41.625 0.005986
5.7 43.875 0.00596446
5.9 1.125 0.00507263
5.9 3.375 0.00521761
5.9 5.625 0.00558236
5.9 7.875 0.0085227
5.9 10.125 0.00502867
5.9 12.375 0.0056394
5.9 14.625 0.00582336
5.9 16.875 0.00585704
5.9 19.125 0.00576286
5.9 21.375 0.00572362
5.9 23.625 0.00655775
5.9 25.875 0.00594009
5.9 28.125 0.00578013
5.9 30.375 0.00539759
5.9 32.625 0.0114636
5.9 34.875 0.00574734
5.9 37.125 0.00580667
5.9 39.375 0.0054376
5.9 41.625 0.0061081
5.9 43.875 0.00554167
6.1 1.125 0.00510295
6.1 3.375 0.00493504
6.1 5.625 0.00469786
6.1 7.875 0.00468193
6.1 10.125 0.00457349
6.1 12.375 0.00504629
6.1 14.625 0.00510445
6.1 16.875 0.00488401
6.1 19.125 0.00532197
6.1 21.375 0.00521932
6.1 23.625 0.00501032
6.1 25.875 0.0051669
6.1 28.125 0.00494937
6.1 30.375 0.00500756
6.1 32.625 0.00511723
6.1 34.875 0.00526125
6.1 37.125 0.00482164
6.1 39.375 0.00515853
6.1 41.625 0.00482384
6.1 43.875 0.00524799
6.3 1.125 0.00456096
6.3 3.375 0.00517947
6.3 5.625 0.0125307
6.3 7.875 0.00482621
6.3 10.125 0.0043661
6.3 12.375 0.00483498
6.3 14.625 0.00451937
6.3 16.875 0.00484778
6.3 19.125 0.00486901
6.3 21.375 0.0048451
6.3 23.625 0.00461083
6.3 25.875 0.00469825
6.3 28.125 0.00450274
6.3 30.375 0.00484404
6.3 32.625 0.00473129
6.3 34.875 0.00425206
6.3 37.125 0.00637893
6.3 39.375 0.00478655
6.3 41.625 0.00467627
6.3 43.875 0.00487395
6.5 1.125 0.00442455
6.5 3.375 0.00438731
6.5 5.625 0.00504681
6.5 7.875 0.00432619
6.5 10.125 0.00437323
6.5 12.375 0.00433655
6.5 14.625 0.0124881
6.5 16.875 0.0047617
6.5 19.125 0.00432646
6.5 21.375 0.00439811
6.5 23.625 0.00405271
6.5 25.875 0.00484658
6.5 28.125 0.00449347
6.5 30.375 0.00402025
6.5 32.625 0.0046616
6.5 34.875 0.00424719
6.5 37.125 0.00446619
6.5 39.375 0.00421812
6.5 41.625 0.00459378
6.5 43.875 0.00413322
6.7 1.125 0.00404315
6.7 3.375 0.00396302
6.7 5.625 0.00968224
6.7 7.875 0.00634487
6.7 10.125 0.00404747
6.7 12.375 0.00458086
6.7 14.625 0.00444953
6.7 16.875 0.00409145
6.7 19.125 0.00474236
6.7 21.375 0.00429947
6.7 23.625 0.00437319
6.7 25.875 0.00381611
6.7 28.125 0.00405177
6.7 30.375 0.00391911
6.7 32.625 0.00403305
6.7 34.875 0.00429455
6.7 37.125 0.00393048
6.7 39.375 0.00422657
6.7 41.625 0.00433484
6.7 43.875 0.00431412
6.9 1.125 0.00380447
6.9 3.375 0.00399977
6.9 5.625 0.003936
6.9 7.875 0.00408032
6.9 10.125 0.0106013
6.9 12.375 0.00423169
6.9 14.625 0.00427658
6.9 16.875 0.00428122
6.9 19.125 0.0041258
6.9 21.375 0.0101024
6.9 23.625 0.00371766
6.9 25.875 0.00370091
6.9 28.125 0.00346577
6.9 30.375 0.00360905
6.9 32.625 0.00358558
6.9 34.875 0.00381479
6.9 37.125 0.00380817
6.9 39.375 0.00392917
6.9 41.625 0.00376394
6.9 43.875 0.00449817
7.1 1.125 0.00362412
7.1 3.375 0.0105244
7.1 5.625 0.00384977
7.1 7.875 0.00377952
7.1 10.125 0.00396323
7.1 12.375 0.00361122
7.1 14.625 0.0037669
7.1 16.875 0.00380488
7.1 19.125 0.00355128
7.1 21.375 0.00395916
7.1 23.625 0.00383127
7.1 25.875 0.00389301
7.1 28.125 0.00377784
7.1 30.375 0.00344442
7.1 32.625 0.0034875
7.1 34.875 0.00364079
7.1 37.125 0.003617
7.1 39.375 0.00346189
7.1 41.625 0.00513364
7.1 43.875 0.0039916
7.3 1.125 0.00359615
7.3 3.375 0.00313264
7.3 5.625 0.00348152
7.3 7.875 0.0037097
7.3 10.125 0.00357597
7.3 12.375 0.00623631
7.3 14.625 0.00366411
7.3 16.875 0.0037652
7.3 19.125 0.00353207
7.3 21.375 0.00363651
7.3 23.625 0.00353778
7.3 25.875 0.00411241
7.3 28.125 0.00360015
7.3 30.375 0.00422082
7.3 32.625 0.0035358
7.3 34.875 0.00346466
7.3 37.125 0.00390118
7.3 39.375 0.00375196
7.3 41.625 0.0034856
7.3 43.875 0.00348156
7.5 1.125 0.00311628
7.5 3.375 0.00328248
7.5 5.625 0.00284091
7.5 7.875 0.00296756
7.5 10.125 0.0035056
7.5 12.375 0.00334391
7.5 14.625 0.003373
7.5 16.875 0.0113257
7.5 19.125 0.00341518
7.5 21.375 0.00351306
7.5 23.625 0.00356932
7.5 25.875 0.0034192
7.5 28.125 0.0039467
7.5 30.375 0.00344788
7.5 32.625 0.00373206
7.5 34.875 0.00337148
7.5 37.125 0.0033869
7.5 39.375 0.00319678
7.5 41.625 0.00385722
7.5 43.875 0.00352536
7.7 1.125 0.00337794
7.7 3.375 0.00344559
7.7 5.625 0.00311018
7.7 7.875 0.00318279
7.7 10.125 0.00315681
7.7 12.375 0.00314845
7.7 14.625 0.00319699
7.7 16.875 0.00322296
7.7 19.125 0.00926223
7.7 21.375 0.00359256
7.7 23.625 0.00321745
7.7 25.875 0.00318226
7.7 28.125 0.0032788
7.7 30.375 0.00305561
7.7 32.625 0.00332161
7.7 34.875 0.00293967
7.7 37.125 0.00316475
7.7 39.375 0.0100475
7.7 41.625 0.00309808
7.7 43.875 0.00315958
7.9 1.125 0.0100575
7.9 3.375 0.00292761
7.9 5.625 0.00444045
7.9 7.875 0.00306219
7.9 10.125 0.00387363
7.9 12.375 0.00418306
7.9 14.625 0.00284585
7.9 16.875 0.00329662
7.9 19.125 0.00290803
7.9 21.375 0.00345701
7.9 23.625 0.00542011
7.9 25.875 0.00314097
7.9 28.125 0.00363076
7.9 30.375 0.00342239
7.9 32.625 0.00309129
7.9 34.875 0.00300568
7.9 37.125 0.00337
7.9 39.375 0.00311943
7.9 41.625 0.0138984
7.9 43.875 0.00332813
8.1 1.125 0.00308688
8.1 3.375 0.00282666
8.1 5.625 0.00282438
8.1 7.875 0.00283189
8.1 10.125 0.00297865
8.1 12.375 0.00343537
8.1 14.625 0.0030533
8.1 16.875 0.0111779
8.1 19.125 0.0112435
8.1 21.375 0.00307851
8.1 23.625 0.0030657
8.1 25.875 0.0127866
8.1 28.125 0.00313079
8.1 30.375 0.00300584
8.1 32.625 0.00296959
8.1 34.875 0.00287105
8.1 37.125 0.00297199
8.1 39.375 0.00296547
8.1 41.625 0.00295098
8.1 43.875 0.00314853
8.3 1.125 0.00267713
8.3 3.375 0.00731023
8.3 5.625 0.00317928
8.3 7.875 0.00281845
8.3 10.125 0.0029888
8.3 12.375 0.00299844
8.3 14.625 0.0113953
8.3 16.875 0.00403737
8.3 19.125 0.00610539
8.3 21.375 0.00307744
8.3 23.625 0.00287786
8.3 25.875 0.00289084
8.3 28.125 0.00349683
8.3 30.375 0.00262592
8.3 32.625 0.00300559
8.3 34.875 0.00263827
8.3 37.125 0.00297158
8.3 39.375 0.00306216
8.3 41.625 0.00310296
8.3 43.875 0.00320559
8.5 1.125 0.00272975
8.5 3.375 0.00315276
8.5 5.625 0.00266351
8.5 7.875 0.00248512
8.5 10.125 0.00310087
8.5 12.375 0.00340343
8.5 14.625 0.00313572
8.5 16.875 0.00302361
8.5 19.125 0.00273537
8.5 21.375 0.00277181
8.5 23.625 0.00290548
8.5 25.875 0.00276175
8.5 28.125 0.00277969
8.5 30.375 0.0120305
8.5 32.625 0.0033429
8.5 34.875 0.00307023
8.5 37.125 0.00723063
8.5 39.375 0.00295641
8.5 41.625 0.00262043
8.5 43.875 0.00315367
8.7 1.125 0.0156752
8.7 3.375 0.00294519
8.7 5.625 0.00260146
8.7 7.875 0.0030112
8.7 10.125 0.00320946
8.7 12.375 0.00417457
8.7 14.625 0.0028302
8.7 16.875 0.00276697
8.7 19.125 0.00271895
8.7 21.375 0.00283416
8.7 23.625 0.00267469
8.7 25.875 0.0045926
8.7 28.125 0.00268244
8.7 30.375 0.00366979
8.7 32.625 0.00295829
8.7 34.875 0.00271299
8.7 37.125 0.00256764
8.7 39.375 0.00272077
8.7 41.625 0.00277221
8.7 43.875 0.00244139
8.9 1.125 0.00254882
8.9 3.375 0.00334375
8.9 5.625 0.0147211
8.9 7.875 0.00953578
8.9 10.125 0.00340834
8.9 12.375 0.00354333
8.9 14.625 0.00329838
8.9 16.875 0.0025112
8.9 19.125 0.00977426
8.9 21.375 0.00314219
8.9 23.625 0.00264931
8.9 25.875 0.00249557
8.9 28.125 0.002688
8.9 30.375 0.00266929
8.9 32.625 0.00327909
8.9 34.875 0.00249898
8.9 37.125 0.00282605
8.9 39.375 0.00284247
8.9 41.625 0.0028031
8.9 43.875 0.00277998
9.1 1.125 0.00254533
9.1 3.375 0.00829772
9.1 5.625 0.00332989
9.1 7.875 0.00338267
9.1 10.125 0.00267134
9.1 12.375 0.00492029
9.1 14.625 0.00278648
9.1 16.875 0.00300808
9.1 19.125 0.00256561
9.1 21.375 0.00276165
9.1 23.625 0.00266844
9.1 25.875 0.0029704
9.1 28.125 0.00258588
9.1 30.375 0.00257502
9.1 32.625 0.0122881
9.1 34.875 0.00251388
9.1 37.125 0.00287363
9.1 39.375 0.00267135
9.1 41.625 0.00251461
9.1 43.875 0.00258651
9.3 1.125 0.00241034
9.3 3.375 0.00254436
9.3 5.625 0.00269899
9.3 7.875 0.00231042
9.3 10.125 0.0141175
9.3 12.375 0.00264939
9.3 14.625 0.00245111
9.3 16.875 0.00276014
9.3 19.125 0.00288008
9.3 21.375 0.00222807
9.3 23.625 0.00249742
9.3 25.875 0.01884
9.3 28.125 0.00288417
9.3 30.375 0.00296869
9.3 32.625 0.0118685
9.3 34.875 0.00322654
9.3 37.125 0.00274583
9.3 39.375 0.00218027
9.3 41.625 0.00293702
9.3 43.875 0.00287869
9.5 1.125 0.0192045
9.5 3.375 0.00259244
9.5 5.625 0.00239382
9.5 7.875 0.00285791
9.5 10.125 0.00246267
9.5 12.375 0.00274721
9.5 14.625 0.00268638
9.5 16.875 0.0027142
9.5 19.125 0.0156814
9.5 21.375 0.00957385
9.5 23.625 0.00232685
9.5 25.875 0.00232885
9.5 28.125 0.00228764
9.5 30.375 0.00254558
9.5 32.625 0.0033709
9.5 34.875 0.0024652
9.5 37.125 0.0133875
9.5 39.375 0.00819856
9.5 41.625 0.00227586
9.5 43.875 0.00247929
9.7 1.125 0.00333751
9.7 3.375 0.00769221
9.7 5.625 0.00243095
9.7 7.875 0.00242544
9.7 10.125 0.00260189
9.7 12.375 0.00266241
9.7 14.625 0.00253574
9.7 16.875 0.0023366
9.7 19.125 0.00274601
9.7 21.375 0.00742297
9.7 23.625 0.00229763
9.7 25.875 0.00273758
9.7 28.125 0.00250686
9.7 30.375 0.00286966
9.7 32.625 0.00237745
9.7 34.875 0.00232616
9.7 37.125 0.00336697
9.7 39.375 0.00245067
9.7 41.625 0.00257708
9.7 43.875 0.00257628
9.9 1.125 0.00357024
9.9 3.375 0.00278207
9.9 5.625 0.00251607
9.9 7.875 0.00257727
9.9 10.125 0.00271105
9.9 12.375 0.0153641
9.9 14.625 0.00259001
9.9 16.875 0.016965
9.9 19.125 0.00211773
9.9 21.375 0.00281729
9.9 23.625 0.00402464
9.9 25.875 0.00260597
9.9 28.125 0.00300894
9.9 30.375 0.0023096
9.9 32.625 0.00299937
9.9 34.875 0.0108005
9.9 37.125 0.00261251
9.9 39.375 0.00271464
9.9 41.625 0.00265554
9.9 43.875 0.0024791
10.1 1.125 0.00264027
10.1 3.375 0.0109194
10.1 5.625 0.0223523
10.1 7.875 0.00381144
10.1 10.125 0.00682187
10.1 12.375 0.00264857
10.1 14.625 0.0106411
10.1 16.875 0.00527978
10.1 19.125 0.00241085
10.1 21.375 0.00254716
10.1 23.625 0.00224876
10.1 25.875 0.00251629
10.1 28.125 0.00260619
10.1 30.375 0.00245531
10.1 32.625 0.00240864
10.1 34.875 0.00250314
10.1 37.125 0.00232679
10.1 39.375 0.00232855
10.1 41.625 0.0104154
10.1 43.875 0.0139548
10.3 1.125 0.00333016
10.3 3.375 0.0135376
10.3 5.625 0.00254414
10.3 7.875 0.00304909
10.3 10.125 0.00650371
10.3 12.375 0.00208421
10.3 14.625 0.00227076
10.3 16.875 0.00239032
10.3 19.125 0.00287817
10.3 21.375 0.00209029
10.3 23.625 0.00242883
10.3 25.875 0.00208183
10.3 28.125 0.00272157
10.3 30.375 0.00248285
10.3 32.625 0.00235687
10.3 34.875 0.00220452
10.3 37.125 0.00240969
10.3 39.375 0.00269513
10.3 41.625 0.0023865
10.3 43.875 0.0031482
10.5 1.125 0.00228121
10.5 3.375 0.00248872
10.5 5.625 0.00227139
10.5 7.875 0.0025011
10.5 10.125 0.00222978
10.5 12.375 0.00230945
10.5 14.625 0.00351463
10.5 16.875 0.00261318
10.5 19.125 0.00254977
10.5 21.375 0.00227681
10.5 23.625 0.00225063
10.5 25.875 0.00266493
10.5 28.125 0.0025399
10.5 30.375 0.00242352
10.5 32.625 0.0063559
10.5 34.875 0.00238603
10.5 37.125 0.00412761
10.5 39.375 0.00247655
10.5 41.625 0.00263882
10.5 43.875 0.00304688
10.7 1.125 0.0025805
10.7 3.375 0.00210531
10.7 5.625 0.00998439
10.7 7.875 0.00253487
10.7 10.125 0.00240522
10.7 12.375 0.0031074
10.7 14.625 0.019005
10.7 16.875 0.00225362
10.7 19.125 0.00278265
10.7 21.375 0.00258514
10.7 23.625 0.0113978
10.7 25.875 0.0105231
10.7 28.125 0.00265794
10.7 30.375 0.00244206
10.7 32.625 0.00218737
10.7 34.875 0.00249171
10.7 37.125 0.0273006
10.7 39.375 0.00248902
10.7 41.625 0.00213403
10.7 43.875 0.00241689
10.9 1.125 0.00227443
10.9 3.375 0.00256589
10.9 5.625 0.00209354
10.9 7.875 0.0243438
10.9 10.125 0.00349409
10.9 12.375 0.00301697
10.9 14.625 0.00241946
10.9 16.875 0.00242656
10.9 19.125 0.00279673
10.9 21.375 0.00233528
10.9 23.625 0.00317903
10.9 25.875 0.00382451
10.9 28.125 0.00276078
10.9 30.375 0.00274599
10.9 32.625 0.00244677
10.9 34.875 0.00226469
10.9 37.125 0.00252508
10.9 39.375 0.00241273
10.9 41.625 0.00233422
10.9 43.875 0.0191139
11.1 1.125 0.0282728
11.1 3.375 0.00303249
11.1 5.625 0.00255277
11.1 7.875 0.00231465
11.1 10.125 0.00243808
11.1 12.375 0.00260607
11.1 14.625 0.00197401
11.1 16.875 0.00264734
11.1 19.125 0.0021717
11.1 21.375 0.00218405
11.1 23.625 0.00269529
11.1 25.875 0.00722888
11.1 28.125 0.00255593
11.1 30.375 0.00255622
11.1 32.625 0.00280075
11.1 34.875 0.00238133
11.1 37.125 0.00220817
11.1 39.375 0.0021962
11.1 41.625 0.0264488
11.1 43.875 0.0023251
11.3 1.125 0.00451948
11.3 3.375 0.00267704
11.3 5.625 0.00624017
11.3 7.875 0.00399936
11.3 10.125 0.00336739
11.3 12.375 0.0025252
11.3 14.625 0.00674007
11.3 16.875 0.0247367
11.3 19.125 0.0025208
11.3 21.375 0.00217758
11.3 23.625 0.00216109
11.3 25.875 0.00362951
11.3 28.125 0.0169683
11.3 30.375 0.00229609
11.3 32.625 0.00240968
11.3 34.875 0.00245176
11.3 37.125 0.00227037
11.3 39.375 0.00260744
11.3 41.625 0.00248293
11.3 43.875 0.0114603
11.5 1.125 0.00221259
11.5 3.375 0.0302611
11.5 5.625 0.0403651
11.5 7.875 0.00247045
11.5 10.125 0.0218814
11.5 12.375 0.00768028
11.5 14.625 0.0025434
11.5 16.875 0.00216143
11.5 19.125 0.00280173
11.5 21.375 0.00516894
11.5 23.625 0.00256897
11.5 25.875 0.00450057
11.5 28.125 0.004032
11.5 30.375 0.00767013
11.5 32.625 0.00245443
11.5 34.875 0.00238124
11.5 37.125 0.00242807
11.5 39.375 0.00230501
11.5 41.625 0.00197726
11.5 43.875 0.0020286
11.7 1.125 0.00399998
11.7 3.375 0.00228171
11.7 5.625 0.00204386
11.7 7.875 0.00215848
11.7 10.125 0.00227797
11.7 12.375 0.00247239
11.7 14.625 0.00295649
11.7 16.875 0.0133129
11.7 19.125 0.00210087
11.7 21.375 0.0024583
11.7 23.625 0.00249352
11.7 25.875 0.0236855
11.7 28.125 0.00331893
11.7 30.375 0.00222188
11.7 32.625 0.00229354
11.7 34.875 0.00236849
11.7 37.125 0.00243024
11.7 39.375 0.00256719
11.7 41.625 0.00195416
11.7 43.875 0.00218499
11.9 1.125 0.00416866
11.9 3.375 0.00248955
11.9 5.625 0.00242128
11.9 7.875 0.00307537
11.9 10.125 0.00275661
11.9 12.375 0.00644742
11.9 14.625 0.00237206
11.9 16.875 0.00264118
11.9 19.125 0.00417287
11.9 21.375 0.00214166
11.9 23.625 0.00549387
11.9 25.875 0.00281307
11.9 28.125 0.0029281
11.9 30.375 0.00233637
11.9 32.625 0.027947
11.9 34.875 0.00487683
11.9 37.125 0.0205445
11.9 39.375 0.00241653
11.9 41.625 0.00259669
11.9 43.875 0.00227381
12.1 1.125 0.00247618
12.1 3.375 0.005258
12.1 5.625 0.00828541
12.1 7.875 0.00241129
12.1 10.125 0.0169532
12.1 12.375 0.00254121
12.1 14.625 0.00285291
12.1 16.875 0.00319781
12.1 19.125 0.00275361
12.1 21.375 0.00247006
12.1 23.625 0.00545689
12.1 25.875 0.00252863
12.1 28.125 0.00218458
12.1 30.375 0.00246134
12.1 32.625 0.0302789
12.1 34.875 0.00265495
12.1 37.125 0.0303992
12.1 39.375 0.00286138
12.1 41.625 0.00199097
12.1 43.875 0.00270426
12.3 1.125 0.0394406
12.3 3.375 0.00331202
12.3 5.625 0.0025178
12.3 7.875 0.0167064
12.3 10.125 0.00251237
12.3 12.375 0.00306042
12.3 14.625 0.00314485
12.3 16.875 0.00250253
12.3 19.125 0.00216176
12.3 21.375 0.00197451
12.3 23.625 0.00236603
12.3 25.875 0.00226536
12.3 28.125 0.00277833
12.3 30.375 0.00221759
12.3 32.625 0.0020446
12.3 34.875 0.00271075
12.3 37.125 0.00930126
12.3 39.375 0.00219391
12.3 41.625 0.00245322
12.3 43.875 0.0109391
12.5 1.125 0.00258768
12.5 3.375 0.0026244
12.5 5.625 0.00554184
12.5 7.875 0.00391523
12.5 10.125 0.046739
12.5 12.375 0.031502
12.5 14.625 0.0165617
12.5 16.875 0.00232638
12.5 19.125 0.00321183
12.5 21.375 0.00230076
12.5 23.625 0.00232176
12.5 25.875 0.00262446
12.5 28.125 0.00218497
12.5 30.375 0.00251801
12.5 32.625 0.0018996
12.5 34.875 0.00234943
12.5 37.125 0.00282096
12.5 39.375 0.00245362
12.5 41.625 0.0022018
12.5 43.875 0.00252337
12.7 1.125 0.00300156
12.7 3.375 0.00196303
12.7 5.625 0.00230994
12.7 7.875 0.0021617
12.7 10.125 0.0361286
12.7 12.375 0.00246216
12.7 14.625 0.00239047
12.7 16.875 0.0239469
12.7 19.125 0.00207946
12.7 21.375 0.00256623
12.7 23.625 0.00252351
12.7 25.875 0.0290658
12.7 28.125 0.00264186
12.7 30.375 0.00268526
12.7 32.625 0.00454253
12.7 34.875 0.00229254
12.7 37.125 0.0114803
12.7 39.375 0.00351268
12.7 41.625 0.00215236
12.7 43.875 0.00232428
12.9 1.125 0.0063098
12.9 3.375 0.00797534
12.9 5.625 0.00181927
12.9 7.875 0.00325829
12.9 10.125 0.00282804
12.9 12.375 0.00380502
12.9 14.625 0.0023192
12.9 16.875 0.00208748
12.9 19.125 0.0029757
12.9 21.375 0.0029284
12.9 23.625 0.0102011
12.9 25.875 0.0022526
12.9 28.125 0.00246767
12.9 30.375 0.0526468
12.9 32.625 0.0361791
12.9 34.875 0.00999468
12.9 37.125 0.00332502
12.9 39.375 0.0155646
12.9 41.625 0.00236621
12.9 43.875 0.00742693
13.1 1.125 0.0374276
13.1 3.375 0.00388224
13.1 5.625 0.00270874
13.1 7.875 0.00236007
13.1 10.125 0.0464613
13.1 12.375 0.00393743
13.1 14.625 0.00218962
13.1 16.875 0.04018
13.1 19.125 0.0521054
13.1 21.375 0.0288973
13.1 23.625 0.00237162
13.1 25.875 0.00212761
13.1 28.125 0.0026609
13.1 30.375 0.00270648
13.1 32.625 0.00215562
13.1 34.875 0.0513118
13.1 37.125 0.00222909
13.1 39.375 0.00238929
13.1 41.625 0.00285233
13.1 43.875 0.00207703
13.3 1.125 0.00260797
13.3 3.375 0.00264663
13.3 5.625 0.00450869
13.3 7.875 0.00289867
13.3 10.125 0.00540267
13.3 12.375 0.0339354
13.3 14.625 0.0019537
13.3 16.875 0.00246596
13.3 19.125 0.00624008
13.3 21.375 0.0658608
13.3 23.625 0.0021951
13.3 25.875 0.00222408
13.3 28.125 0.00261351
13.3 30.375 0.00274994
13.3 32.625 0.00244504
13.3 34.875 0.00373104
13.3 37.125 0.00191766
13.3 39.375 0.00212708
13.3 41.625 0.0026609
13.3 43.875 0.00197042
13.5 1.125 0.00474406
13.5 3.375 0.00230778
13.5 5.625 0.00328949
13.5 7.875 0.00261003
13.5 10.125 0.0022603
13.5 12.375 0.00239235
13.5 14.625 0.00327822
13.5 16.875 0.0318239
13.5 19.125 0.00221558
13.5 21.375 0.00360117
13.5 23.625 0.00270997
13.5 25.875 0.00247257
13.5 28.125 0.00221148
13.5 30.375 0.00208424
13.5 32.625 0.00274981
13.5 34.875 0.00343377
13.5 37.125 0.0027934
13.5 39.375 0.00187116
13.5 41.625 0.00279188
13.5 43.875 0.00302037
13.7 1.125 0.00253959
13.7 3.375 0.00219679
13.7 5.625 0.00316587
13.7 7.875 0.00295499
13.7 10.125 0.0522509
13.7 12.375 0.00203985
13.7 14.625 0.00285871
13.7 16.875 0.00342008
13.7 19.125 0.00182679
13.7 21.375 0.0032466
13.7 23.625 0.00337236
13.7 25.875 0.0037542
13.7 28.125 0.0024314
13.7 30.375 0.00181389
13.7 32.625 0.0102236
13.7 34.875 0.00184377
13.7 37.125 0.0104203
13.7 39.375 0.00284452
13.7 41.625 0.00312291
13.7 43.875 0.00387214
13.9 1.125 0.00248046
13.9 3.375 0.00388072
13.9 5.625 0.0036592
13.9 7.875 0.00223502
13.9 10.125 0.00235611
13.9 12.375 0.00162174
13.9 14.625 0.0023017
13.9 16.875 0.00264899
13.9 19.125 0.00398972
13.9 21.375 0.00258126
13.9 23.625 0.00218939
13.9 25.875 0.00264821
13.9 28.125 0.0506579
13.9 30.375 0.00236432
13.9 32.625 0.00216152
13.9 34.875 0.00246476
13.9 37.125 0.00165017
13.9 39.375 0.00270673
13.9 41.625 0.00266729
13.9 43.875 0.00798484
