0.1 1.125 2.293
0.1 3.375 3.31123
0.1 5.625 3.31165
0.1 7.875 3.21735
0.1 10.125 2.54778
0.1 12.375 2.96129
0.1 14.625 3.66841
0.1 19.125 2.29275
0.1 21.375 4.10833
0.1 23.625 3.73893
0.1 25.875 3.6899
0.1 28.125 2.52127
0.1 30.375 3.41962
0.1 32.625 3.62128
0.1 34.875 3.66052
0.1 37.125 3.85096
0.1 39.375 3.631
0.1 43.875 4.07259
0.3 1.125 3.62392
0.3 3.375 3.61704
0.3 5.625 3.80482
0.3 7.875 3.74789
0.3 10.125 3.44101
0.3 12.375 3.43085
0.3 14.625 3.60799
0.3 16.875 3.22746
0.3 19.125 3.79755
0.3 21.375 3.6497
0.3 23.625 3.82595
0.3 25.875 3.59712
0.3 28.125 3.29976
0.3 30.375 3.70275
0.3 32.625 3.80619
0.3 34.875 3.60667
0.3 37.125 3.78387
0.3 39.375 3.33253
0.3 41.625 3.75108
0.3 43.875 3.73067
0.5 1.125 3.48435
0.5 3.375 3.76628
0.5 5.625 3.60793
0.5 7.875 2.28685
0.5 10.125 3.18788
0.5 12.375 3.57528
0.5 14.625 3.72909
0.5 16.875 3.85511
0.5 19.125 3.68733
0.5 21.375 3.76208
0.5 23.625 3.5615
0.5 25.875 3.46805
0.5 28.125 3.6969
0.5 30.375 3.66031
0.5 32.625 3.58673
0.5 34.875 3.59217
0.5 37.125 3.49739
0.5 39.375 3.47552
0.5 41.625 3.66357
0.5 43.875 3.82562
0.7 1.125 3.53551
0.7 3.375 3.46443
0.7 5.625 3.42258
0.7 7.875 3.36078
0.7 10.125 3.06143
0.7 12.375 3.43651
0.7 14.625 3.41433
0.7 16.875 3.36432
0.7 19.125 3.64937
0.7 21.375 3.66254
0.7 23.625 3.50056
0.7 25.875 3.45078
0.7 28.125 3.47129
0.7 30.375 3.45331
0.7 32.625 3.81728
0.7 34.875 3.46461
0.7 37.125 3.54168
0.7 39.375 3.55937
0.7 41.625 3.50461
0.7 43.875 3.52526
0.9 1.125 2.85034
0.9 3.375 2.97658
0.9 5.625 2.93809
0.9 7.875 3.04122
0.9 10.125 2.96967
0.9 12.375 2.87504
0.9 14.625 2.80055
0.9 16.875 2.82437
0.9 19.125 3.03933
0.9 21.375 3.1953
0.9 23.625 2.92439
0.9 25.875 3.16796
0.9 28.125 3.1034
0.9 30.375 3.10742
0.9 32.625 3.01848
0.9 34.875 3.25251
0.9 37.125 3.2775
0.9 39.375 3.32663
0.9 41.625 3.19728
0.9 43.875 3.21174
1.1 1.125 2.20142
1.1 3.375 2.05643
1.1 5.625 1.88348
1.1 7.875 2.15892
1.1 10.125 2.05056
1.1 12.375 2.28124
1.1 14.625 2.13502
1.1 16.875 2.27835
1.1 19.125 2.43554
1.1 21.375 2.49251
1.1 23.625 2.3881
1.1 25.875 2.44504
1.1 28.125 2.53108
1.1 30.375 2.5756
1.1 32.625 2.60042
1.1 34.875 2.88474
1.1 37.125 2.94329
1.1 39.375 2.83139
1.1 41.625 2.66213
1.1 43.875 2.95349
1.3 1.125 1.02348
1.3 3.375 1.0047
1.3 5.625 0.966754
1.3 7.875 1.14954
1.3 10.125 1.05628
1.3 12.375 1.29141
1.3 14.625 1.26054
1.3 16.875 1.20932
1.3 19.125 1.26437
1.3 21.375 1.38443
1.3 23.625 1.59074
1.3 25.875 1.57568
1.3 28.125 1.55548
1.3 30.375 1.81237
1.3 32.625 1.88722
1.3 34.875 2.04696
1.3 37.125 2.19647
1.3 39.375 2.38012
1.3 41.625 2.39665
1.3 43.875 2.31443
1.5 1.125 0.565318
1.5 3.375 0.613214
1.5 5.625 0.603131
1.5 7.875 0.598213
1.5 10.125 0.591255
1.5 12.375 0.603963
1.5 14.625 0.637509
1.5 16.875 0.688028
1.5 19.125 0.725326
1.5 21.375 0.645685
1.5 23.625 0.777447
1.5 25.875 0.774563
1.5 28.125 0.884635
1.5 30.375 0.936109
1.5 32.625 0.915268
1.5 34.875 1.09615
1.5 37.125 1.16223
1.5 39.375 1.27738
1.5 41.625 1.26105
1.5 43.875 1.4534
1.7 1.125 0.338909
1.7 3.375 0.370825
1.7 5.625 0.347992
1.7 7.875 0.36872
1.7 10.125 0.391117
1.7 12.375 0.369602
1.7 14.625 0.391279
1.7 16.875 0.389605
1.7 19.125 0.376249
1.7 21.375 0.436574
1.7 23.625 0.441293
1.7 25.875 0.435351
1.7 28.125 0.448453
1.7 30.375 0.473351
1.7 32.625 0.465506
1.7 34.875 0.526449
1.7 37.125 0.51505
1.7 39.375 0.5088
1.7 41.625 0.505378
1.7 43.875 0.510709
1.9 1.125 0.238564
1.9 3.375 0.227317
1.9 5.625 0.225824
1.9 7.875 0.239722
1.9 10.125 0.236542
1.9 12.375 0.228969
1.9 14.625 0.239855
1.9 16.875 0.232598
1.9 19.125 0.240097
1.9 21.375 0.256902
1.9 23.625 0.246067
1.9 25.875 0.278394
1.9 28.125 0.270702
1.9 30.375 0.292481
1.9 32.625 0.302744
1.9 34.875 0.319947
1.9 37.125 0.355286
1.9 39.375 0.316495
1.9 41.625 0.364843
1.9 43.875 0.337044
2.1 1.125 0.136994
2.1 3.375 0.156702
2.1 5.625 0.147691
2.1 7.875 0.157605
2.1 10.125 0.145645
2.1 12.375 0.156528
2.1 14.625 0.151359
2.1 16.875 0.166869
2.1 19.125 0.169915
2.1 21.375 0.167683
2.1 23.625 0.175645
2.1 25.875 0.17336
2.1 28.125 0.190296
2.1 30.375 0.197378
2.1 32.625 0.187522
2.1 34.875 0.245217
2.1 37.125 0.226225
2.1 39.375 0.230964
2.1 41.625 0.203668
2.1 43.875 0.218447
2.3 1.125 0.105731
2.3 3.375 0.107194
2.3 5.625 0.110161
2.3 7.875 0.105017
2.3 10.125 0.110198
2.3 12.375 0.11904
2.3 14.625 0.106794
2.3 16.875 0.123111
2.3 19.125 0.115764
2.3 21.375 0.122801
2.3 23.625 0.118215
2.3 25.875 0.124067
2.3 28.125 0.157004
2.3 30.375 0.157207
2.3 32.625 0.146526
2.3 34.875 0.136743
2.3 37.125 0.153132
2.3 39.375 0.148884
2.3 41.625 0.158821
2.3 43.875 0.155592
2.5 1.125 0.0823762
2.5 3.375 0.0801151
2.5 5.625 0.0776553
2.5 7.875 0.078287
2.5 10.125 0.0869121
2.5 12.375 0.0805151
2.5 14.625 0.0792993
2.5 16.875 0.0869681
2.5 19.125 0.0849775
2.5 21.375 0.0884982
2.5 23.625 0.104587
2.5 25.875 0.0956249
2.5 28.125 0.107863
2.5 30.375 0.0993969
2.5 32.625 0.0998764
2.5 34.875 0.123531
2.5 37.125 0.100614
2.5 39.375 0.106524
2.5 41.625 0.120381
2.5 43.875 0.11205
2.7 1.125 0.0638527
2.7 3.375 0.0679213
2.7 5.625 0.0599406
2.7 7.875 0.0674485
2.7 10.125 0.0637695
2.7 12.375 0.0669869
2.7 14.625 0.0643126
2.7 16.875 0.0665099
2.7 19.125 0.0643664
2.7 21.375 0.0717212
2.7 23.625 0.0708049
2.7 25.875 0.0697394
2.7 28.125 0.0674725
2.7 30.375 0.071296
2.7 32.625 0.0732838
2.7 34.875 0.0807248
2.7 37.125 0.0697442
2.7 39.375 0.0780356
2.7 41.625 0.0770318
2.7 43.875 0.0796939
2.9 1.125 0.0498763
2.9 3.375 0.0529935
2.9 5.625 0.0500602
2.9 7.875 0.051287
2.9 10.125 0.050809
2.9 12.375 0.0569906
2.9 14.625 0.0506058
2.9 16.875 0.0514161
2.9 19.125 0.0566722
2.9 21.375 0.0532571
2.9 23.625 0.0672975
2.9 25.875 0.0559911
2.9 28.125 0.066884
2.9 30.375 0.053838
2.9 32.625 0.0634797
2.9 34.875 0.0628515
2.9 37.125 0.0721834
2.9 39.375 0.0596647
2.9 41.625 0.0577697
2.9 43.875 0.0555429
3.1 1.125 0.0406646
3.1 3.375 0.0419047
3.1 5.625 0.0396388
3.1 7.875 0.0402466
3.1 10.125 0.0424663
3.1 12.375 0.0455947
3.1 14.625 0.045117
3.1 16.875 0.044102
3.1 19.125 0.0584487
3.1 21.375 0.0585298
3.1 23.625 0.0552745
3.1 25.875 0.0488674
3.1 28.125 0.0476111
3.1 30.375 0.0654586
3.1 32.625 0.0466796
3.1 34.875 0.0466269
3.1 37.125 0.0461036
3.1 39.375 0.0434389
3.1 41.625 0.0438768
3.1 43.875 0.0487547
3.3 1.125 0.0307367
3.3 3.375 0.0379752
3.3 5.625 0.031
3.3 7.875 0.0406403
3.3 10.125 0.0317793
3.3 12.375 0.0404058
3.3 14.625 0.031525
3.3 16.875 0.0449995
3.3 19.125 0.0355285
3.3 21.375 0.056172
3.3 23.625 0.0413699
3.3 25.875 0.045263
3.3 28.125 0.0374806
3.3 30.375 0.0358048
3.3 32.625 0.0396237
3.3 34.875 0.0409202
3.3 37.125 0.0566945
3.3 39.375 0.0468012
3.3 41.625 0.0491926
3.3 43.875 0.0490474
3.5 1.125 0.0340535
3.5 3.375 0.028167
3.5 5.625 0.028011
3.5 7.875 0.0245111
3.5 10.125 0.0324633
3.5 12.375 0.0265663
3.5 14.625 0.0255041
3.5 16.875 0.0440013
3.5 19.125 0.0317174
3.5 21.375 0.0349135
3.5 23.625 0.0301875
3.5 25.875 0.0487
3.5 28.125 0.0292603
3.5 30.375 0.0314955
3.5 32.625 0.0446187
3.5 34.875 0.0338253
3.5 37.125 0.0296783
3.5 39.375 0.0364674
3.5 41.625 0.0306899
3.5 43.875 0.0290695
3.7 1.125 0.020694
3.7 3.375 0.0216647
3.7 5.625 0.0239028
3.7 7.875 0.0310296
3.7 10.125 0.0325592
3.7 12.375 0.0241017
3.7 14.625 0.0291118
3.7 16.875 0.0304145
3.7 19.125 0.0222097
3.7 21.375 0.0250453
3.7 23.625 0.0245911
3.7 25.875 0.0275514
3.7 28.125 0.0294497
3.7 30.375 0.0312013
3.7 32.625 0.030955
3.7 34.875 0.0241892
3.7 37.125 0.0290461
3.7 39.375 0.0245821
3.7 41.625 0.0248155
3.7 43.875 0.0274271
3.9 1.125 0.0196303
3.9 3.375 0.0179036
3.9 5.625 0.0229829
3.9 7.875 0.0205897
3.9 10.125 0.0195784
3.9 12.375 0.0310082
3.9 14.625 0.0261865
3.9 16.875 0.0208634
3.9 19.125 0.0226567
3.9 21.375 0.0194675
3.9 23.625 0.0222093
3.9 25.875 0.0317599
3.9 28.125 0.0290197
3.9 30.375 0.0217455
3.9 32.625 0.0293394
3.9 34.875 0.0282878
3.9 37.125 0.0236719
3.9 39.375 0.0293948
3.9 41.625 0.0385471
3.9 43.875 0.0221259
4.1 1.125 0.0167204
4.1 3.375 0.0161559
4.1 5.625 0.0147092
4.1 7.875 0.0283606
4.1 10.125 0.0169263
4.1 12.375 0.0230687
4.1 14.625 0.0172074
4.1 16.875 0.0175691
4.1 19.125 0.0275344
4.1 21.375 0.0161011
4.1 23.625 0.0286053
4.1 25.875 0.0202823
4.1 28.125 0.0164039
4.1 30.375 0.0383481
4.1 32.625 0.0171541
4.1 34.875 0.0162398
4.1 37.125 0.0232583
4.1 39.375 0.0172296
4.1 41.625 0.0189815
4.1 43.875 0.0201094
4.3 1.125 0.0204795
4.3 3.375 0.0137231
4.3 5.625 0.0133169
4.3 7.875 0.0157953
4.3 10.125 0.0195386
4.3 12.375 0.0160474
4.3 14.625 0.038648
4.3 16.875 0.0211262
4.3 19.125 0.014273
4.3 21.375 0.0145684
4.3 23.625 0.0230202
4.3 25.875 0.0205181
4.3 28.125 0.0138195
4.3 30.375 0.0137525
4.3 32.625 0.0174734
4.3 34.875 0.0242448
4.3 37.125 0.0226697
4.3 39.375 0.0268333
4.3 41.625 0.0202947
4.3 43.875 0.0259623
4.5 1.125 0.0187866
4.5 3.375 0.0124415
4.5 5.625 0.0166575
4.5 7.875 0.0117352
4.5 10.125 0.017735
4.5 12.375 0.0188152
4.5 14.625 0.0133011
4.5 16.875 0.0253147
4.5 19.125 0.0130759
4.5 21.375 0.0199814
4.5 23.625 0.0116719
4.5 25.875 0.0169499
4.5 28.125 0.0145921
4.5 30.375 0.0126718
4.5 32.625 0.0274923
4.5 34.875 0.0126371
4.5 37.125 0.0119684
4.5 39.375 0.0120195
4.5 41.625 0.0143023
4.5 43.875 0.0172478
4.7 1.125 0.0104064
4.7 3.375 0.0152679
4.7 5.625 0.0146813
4.7 7.875 0.0108202
4.7 10.125 0.015852
4.7 12.375 0.0100915
4.7 14.625 0.0230255
4.7 16.875 0.0117735
4.7 19.125 0.0118813
4.7 21.375 0.0120536
4.7 23.625 0.017348
4.7 25.875 0.0150021
4.7 28.125 0.0158131
4.7 30.375 0.0147301
4.7 32.625 0.023307
4.7 34.875 0.0115227
4.7 37.125 0.0176532
4.7 39.375 0.009462
4.7 41.625 0.0189675
4.7 43.875 0.0264403
4.9 1.125 0.00895082
4.9 3.375 0.00835652
4.9 5.625 0.00974843
4.9 7.875 0.0134365
4.9 10.125 0.0138668
4.9 12.375 0.00948895
4.9 14.625 0.0195677
4.9 16.875 0.0155877
4.9 19.125 0.017431
4.9 21.375 0.00969647
4.9 23.625 0.0163951
4.9 25.875 0.0104542
4.9 28.125 0.0157646
4.9 30.375 0.012841
4.9 32.625 0.00851154
4.9 34.875 0.0144028
4.9 37.125 0.0101843
4.9 39.375 0.0205774
4.9 41.625 0.0166787
4.9 43.875 0.0238336
5.1 1.125 0.0109089
5.1 3.375 0.0205997
5.1 5.625 0.0141222
5.1 7.875 0.00981396
5.1 10.125 0.00859559
5.1 12.375 0.00984432
5.1 14.625 0.00867399
5.1 16.875 0.00846657
5.1 19.125 0.00838508
5.1 21.375 0.0080829
5.1 23.625 0.0169884
5.1 25.875 0.00903726
5.1 28.125 0.0077403
5.1 30.375 0.0104932
5.1 32.625 0.018534
5.1 34.875 0.00794423
5.1 37.125 0.0128899
5.1 39.375 0.00985966
5.1 41.625 0.0160232
5.1 43.875 0.00872747
5.3 1.125 0.0110611
5.3 3.375 0.0103475
5.3 5.625 0.0140664
5.3 7.875 0.0078311
5.3 10.125 0.00850426
5.3 12.375 0.0158505
5.3 14.625 0.00881983
5.3 16.875 0.0124811
5.3 19.125 0.00709891
5.3 21.375 0.00855645
5.3 23.625 0.00777387
5.3 25.875 0.0183542
5.3 28.125 0.00749624
5.3 30.375 0.00912233
5.3 32.625 0.0072072
5.3 34.875 0.00784543
5.3 37.125 0.00816668
5.3 39.375 0.00667078
5.3 41.625 0.0190959
5.3 43.875 0.0117667
5.5 1.125 0.00639033
5.5 3.375 0.0127966
5.5 5.625 0.0101033
5.5 7.875 0.00657427
5.5 10.125 0.0136764
5.5 12.375 0.0195004
5.5 14.625 0.0144877
5.5 16.875 0.00779413
5.5 19.125 0.0101222
5.5 21.375 0.0137033
5.5 23.625 0.00811735
5.5 25.875 0.00945891
5.5 28.125 0.00617017
5.5 30.375 0.0124634
5.5 32.625 0.00748434
5.5 34.875 0.00633088
5.5 37.125 0.00672487
5.5 39.375 0.0074782
5.5 41.625 0.0110089
5.5 43.875 0.00630585
5.7 1.125 0.0114311
5.7 3.375 0.00585545
5.7 5.625 0.0159333
5.7 7.875 0.0171478
5.7 10.125 0.00618757
5.7 12.375 0.0162455
5.7 14.625 0.0130848
5.7 16.875 0.0087851
5.7 19.125 0.0112828
5.7 21.375 0.00879139
5.7 23.625 0.0110132
5.7 25.875 0.00938863
5.7 28.125 0.0124897
5.7 30.375 0.00802149
5.7 32.625 0.0103134
5.7 34.875 0.0063767
5.7 37.125 0.0119912
5.7 39.375 0.00895685
5.7 41.625 0.0188084
5.7 43.875 0.0154407
5.9 1.125 0.00728052
5.9 3.375 0.00533867
5.9 5.625 0.00508598
5.9 7.875 0.00754142
5.9 10.125 0.0248549
5.9 12.375 0.00588938
5.9 14.625 0.0055358
5.9 16.875 0.00632928
5.9 19.125 0.011001
5.9 21.375 0.0252206
5.9 23.625 0.0120006
5.9 25.875 0.00629853
5.9 28.125 0.0125261
5.9 30.375 0.00543294
5.9 32.625 0.00555188
5.9 34.875 0.0122112
5.9 37.125 0.0054197
5.9 39.375 0.00554806
5.9 41.625 0.00889527
5.9 43.875 0.0110506
6.1 1.125 0.0197534
6.1 3.375 0.00532782
6.1 5.625 0.0114685
6.1 7.875 0.0128593
6.1 10.125 0.0179264
6.1 12.375 0.00529554
6.1 14.625 0.0119033
6.1 16.875 0.00626363
6.1 19.125 0.00614163
6.1 21.375 0.00616824
6.1 23.625 0.0111562
6.1 25.875 0.00564496
6.1 28.125 0.0116019
6.1 30.375 0.0102639
6.1 32.625 0.0104365
6.1 34.875 0.0147069
6.1 37.125 0.0106908
6.1 39.375 0.0048146
6.1 41.625 0.00501238
6.1 43.875 0.0101305
6.3 1.125 0.00483991
6.3 3.375 0.0149972
6.3 5.625 0.00567918
6.3 7.875 0.00568399
6.3 10.125 0.00577643
6.3 12.375 0.00480958
6.3 14.625 0.0104284
6.3 16.875 0.00590524
6.3 19.125 0.00708409
6.3 21.375 0.00526602
6.3 23.625 0.0120258
6.3 25.875 0.0155805
6.3 28.125 0.00585179
6.3 30.375 0.00498425
6.3 32.625 0.00505033
6.3 34.875 0.00940963
6.3 37.125 0.00847809
6.3 39.375 0.00434849
6.3 41.625 0.00456636
6.3 43.875 0.00453446
6.5 1.125 0.0154038
6.5 3.375 0.00712272
6.5 5.625 0.00570199
6.5 7.875 0.0115614
6.5 10.125 0.0138093
6.5 12.375 0.0136361
6.5 14.625 0.0125225
6.5 16.875 0.00634092
6.5 19.125 0.0126584
6.5 21.375 0.00549336
6.5 23.625 0.0128977
6.5 25.875 0.00759604
6.5 28.125 0.00468789
6.5 30.375 0.00799617
6.5 32.625 0.0045012
6.5 34.875 0.0114783
6.5 37.125 0.00513877
6.5 39.375 0.0106712
6.5 41.625 0.00835058
6.5 43.875 0.00406559
6.7 1.125 0.0254138
6.7 3.375 0.0125739
6.7 5.625 0.00632706
6.7 7.875 0.00577068
6.7 10.125 0.00591623
6.7 12.375 0.00496669
6.7 14.625 0.00717574
6.7 16.875 0.00964208
6.7 19.125 0.0165622
6.7 21.375 0.00986223
6.7 23.625 0.0187561
6.7 25.875 0.00369628
6.7 28.125 0.00424312
6.7 30.375 0.00377299
6.7 32.625 0.00661418
6.7 34.875 0.0115298
6.7 37.125 0.0104352
6.7 39.375 0.0101615
6.7 41.625 0.00701796
6.7 43.875 0.00958765
6.9 1.125 0.00551046
6.9 3.375 0.00650624
6.9 5.625 0.014424
6.9 7.875 0.00557242
6.9 10.125 0.00652837
6.9 12.375 0.0253032
6.9 14.625 0.00680651
6.9 16.875 0.0057907
6.9 19.125 0.0160585
6.9 21.375 0.00540426
6.9 23.625 0.00471208
6.9 25.875 0.0111262
6.9 28.125 0.00684247
6.9 30.375 0.0167533
6.9 32.625 0.00416845
6.9 34.875 0.00371717
6.9 37.125 0.00477626
6.9 39.375 0.00375246
6.9 41.625 0.00491448
6.9 43.875 0.00502172
7.1 1.125 0.0204437
7.1 3.375 0.00591082
7.1 5.625 0.00694235
7.1 7.875 0.0086102
7.1 10.125 0.00496035
7.1 12.375 0.00515322
7.1 14.625 0.0190713
7.1 16.875 0.0140505
7.1 19.125 0.00569451
7.1 21.375 0.00376599
7.1 23.625 0.011545
7.1 25.875 0.00345877
7.1 28.125 0.00389974
7.1 30.375 0.00622752
7.1 32.625 0.00460533
7.1 34.875 0.0130944
7.1 37.125 0.0125036
7.1 39.375 0.0105709
7.1 41.625 0.00824284
7.1 43.875 0.0129098
7.3 1.125 0.00466124
7.3 3.375 0.00412632
7.3 5.625 0.00487193
7.3 7.875 0.00498092
7.3 10.125 0.00440264
7.3 12.375 0.0045481
7.3 14.625 0.0172936
7.3 16.875 0.00472346
7.3 19.125 0.0150892
7.3 21.375 0.0133331
7.3 23.625 0.00664155
7.3 25.875 0.0340756
7.3 28.125 0.00754886
7.3 30.375 0.0121242
7.3 32.625 0.00482652
7.3 34.875 0.00757247
7.3 37.125 0.0103588
7.3 39.375 0.00619637
7.3 41.625 0.0108902
7.3 43.875 0.0102643
7.5 1.125 0.00340624
7.5 3.375 0.00562449
7.5 5.625 0.0112157
7.5 7.875 0.0042427
7.5 10.125 0.0185952
7.5 12.375 0.00382837
7.5 14.625 0.00428825
7.5 16.875 0.00367002
7.5 19.125 0.00618161
7.5 21.375 0.0139183
7.5 23.625 0.00376494
7.5 25.875 0.0140157
7.5 28.125 0.026437
7.5 30.375 0.0042562
7.5 32.625 0.00352737
7.5 34.875 0.00558745
7.5 37.125 0.00412699
7.5 39.375 0.0153385
7.5 41.625 0.00573324
7.5 43.875 0.0112897
7.7 1.125 0.00431613
7.7 3.375 0.00382134
7.7 5.625 0.010281
7.7 7.875 0.00421367
7.7 10.125 0.00472349
7.7 12.375 0.00417665
7.7 14.625 0.00490492
7.7 16.875 0.00372093
7.7 19.125 0.0254445
7.7 21.375 0.00381098
7.7 23.625 0.00546955
7.7 25.875 0.0178419
7.7 28.125 0.0055043
7.7 30.375 0.00758924
7.7 32.625 0.00374846
7.7 34.875 0.00352434
7.7 37.125 0.0038171
7.7 39.375 0.00770997
7.7 41.625 0.0046439
7.7 43.875 0.0077223
7.9 1.125 0.0084801
7.9 3.375 0.00324318
7.9 5.625 0.00506406
7.9 7.875 0.00619123
7.9 10.125 0.00423188
7.9 12.375 0.00392552
7.9 14.625 0.00328524
7.9 16.875 0.00741532
7.9 19.125 0.00385481
7.9 21.375 0.00990997
7.9 23.625 0.00482133
7.9 25.875 0.00656804
7.9 28.125 0.0114308
7.9 30.375 0.00403622
7.9 32.625 0.00342726
7.9 34.875 0.0186063
7.9 37.125 0.00418914
7.9 39.375 0.0160745
7.9 41.625 0.00740087
7.9 43.875 0.00804819
8.1 1.125 0.0166376
8.1 3.375 0.00520018
8.1 5.625 0.0158249
8.1 7.875 0.00322949
8.1 10.125 0.0210893
8.1 12.375 0.0041864
8.1 14.625 0.00471564
8.1 16.875 0.00336193
8.1 19.125 0.0202823
8.1 21.375 0.0166841
8.1 23.625 0.00357862
8.1 25.875 0.00437082
8.1 28.125 0.00322851
8.1 30.375 0.00335994
8.1 32.625 0.00334011
8.1 34.875 0.0232141
8.1 37.125 0.00322273
8.1 39.375 0.00344149
8.1 41.625 0.00470063
8.1 43.875 0.00363577
8.3 1.125 0.0335756
8.3 3.375 0.0172684
8.3 5.625 0.0146582
8.3 7.875 0.0141296
8.3 10.125 0.00481696
8.3 12.375 0.00309574
8.3 14.625 0.0239189
8.3 16.875 0.0036549
8.3 19.125 0.00779673
8.3 21.375 0.00601427
8.3 23.625 0.00416191
8.3 25.875 0.00751417
8.3 28.125 0.00282967
8.3 30.375 0.00615412
8.3 32.625 0.0334563
8.3 34.875 0.00387961
8.3 37.125 0.00322384
8.3 39.375 0.00509406
8.3 41.625 0.00655057
8.3 43.875 0.0137324
8.5 1.125 0.0227072
8.5 3.375 0.00362432
8.5 5.625 0.0123178
8.5 7.875 0.0132528
8.5 10.125 0.00671013
8.5 12.375 0.00490571
8.5 14.625 0.0140886
8.5 16.875 0.00610832
8.5 19.125 0.0191445
8.5 21.375 0.00350781
8.5 23.625 0.0126575
8.5 25.875 0.0270076
8.5 28.125 0.010611
8.5 30.375 0.019537
8.5 32.625 0.0042762
8.5 34.875 0.00345149
8.5 37.125 0.00843496
8.5 39.375 0.0094768
8.5 41.625 0.00674475
8.5 43.875 0.0033185
8.7 1.125 0.0213432
8.7 3.375 0.00741353
8.7 5.625 0.00485076
8.7 7.875 0.00306927
8.7 10.125 0.0336521
8.7 12.375 0.00732848
8.7 14.625 0.00479174
8.7 16.875 0.00356832
8.7 19.125 0.00327005
8.7 21.375 0.0029648
8.7 23.625 0.0170286
8.7 25.875 0.00375749
8.7 28.125 0.00296035
8.7 30.375 0.0131427
8.7 32.625 0.0349009
8.7 34.875 0.0046583
8.7 37.125 0.00710265
8.7 39.375 0.00373118
8.7 41.625 0.00475469
8.7 43.875 0.0240742
8.9 1.125 0.0130021
8.9 3.375 0.0192761
8.9 5.625 0.00587416
8.9 7.875 0.00359585
8.9 10.125 0.0279621
8.9 12.375 0.00449109
8.9 14.625 0.0249301
8.9 16.875 0.00417559
8.9 19.125 0.003668
8.9 21.375 0.0217439
8.9 23.625 0.0244469
8.9 25.875 0.00427749
8.9 28.125 0.00513707
8.9 30.375 0.00321356
8.9 32.625 0.00344837
8.9 34.875 0.00329895
8.9 37.125 0.00504761
8.9 39.375 0.00349932
8.9 41.625 0.00366715
8.9 43.875 0.00365656
9.1 1.125 0.0167527
9.1 3.375 0.00334266
9.1 5.625 0.0199047
9.1 7.875 0.00905099
9.1 10.125 0.00316774
9.1 12.375 0.0032123
9.1 14.625 0.00368896
9.1 16.875 0.0278725
9.1 19.125 0.0132769
9.1 21.375 0.00612347
9.1 23.625 0.0113181
9.1 25.875 0.0270012
9.1 28.125 0.00330248
9.1 30.375 0.00414086
9.1 32.625 0.0245838
9.1 34.875 0.00330695
9.1 37.125 0.00457572
9.1 39.375 0.00577064
9.1 41.625 0.00406405
9.1 43.875 0.00569949
9.3 1.125 0.00445607
9.3 3.375 0.00293204
9.3 5.625 0.00318059
9.3 7.875 0.0125656
9.3 10.125 0.0247337
9.3 12.375 0.0135429
9.3 14.625 0.00418138
9.3 16.875 0.0139285
9.3 19.125 0.00439168
9.3 21.375 0.0055629
9.3 23.625 0.0319063
9.3 25.875 0.0188001
9.3 28.125 0.0135662
9.3 30.375 0.00456546
9.3 32.625 0.0082712
9.3 34.875 0.00359221
9.3 37.125 0.00349225
9.3 39.375 0.012513
9.3 41.625 0.0283136
9.3 43.875 0.0101772
9.5 1.125 0.0185261
9.5 3.375 0.0247164
9.5 5.625 0.00399739
9.5 7.875 0.0035569
9.5 10.125 0.00408318
9.5 12.375 0.00373698
9.5 14.625 0.0374884
9.5 16.875 0.00438527
9.5 19.125 0.00536709
9.5 21.375 0.00304915
9.5 23.625 0.0606672
9.5 25.875 0.0100818
9.5 28.125 0.0269376
9.5 30.375 0.0282227
9.5 32.625 0.0216089
9.5 34.875 0.00458261
9.5 37.125 0.0172662
9.5 39.375 0.0389418
9.5 41.625 0.00338078
9.5 43.875 0.00348977
9.7 1.125 0.00710787
9.7 3.375 0.0035903
9.7 5.625 0.00468939
9.7 7.875 0.0107273
9.7 10.125 0.0159366
9.7 12.375 0.0107347
9.7 14.625 0.00302373
9.7 16.875 0.00504793
9.7 19.125 0.0163101
9.7 21.375 0.0159168
9.7 23.625 0.0397493
9.7 25.875 0.00333231
9.7 28.125 0.0786366
9.7 30.375 0.0199742
9.7 32.625 0.0397394
9.7 34.875 0.0190471
9.7 37.125 0.00367012
9.7 39.375 0.00267884
9.7 41.625 0.0139677
9.7 43.875 0.0154857
9.9 1.125 0.00356918
9.9 3.375 0.0205597
9.9 5.625 0.0066004
9.9 7.875 0.0102101
9.9 10.125 0.00687216
9.9 12.375 0.00787687
9.9 14.625 0.00340405
9.9 16.875 0.041734
9.9 19.125 0.0481538
9.9 21.375 0.00534279
9.9 23.625 0.0157138
9.9 25.875 0.0212832
9.9 28.125 0.00388236
9.9 30.375 0.0394029
9.9 32.625 0.00331544
9.9 34.875 0.00433503
9.9 37.125 0.0162188
9.9 39.375 0.00468854
9.9 41.625 0.0419233
9.9 43.875 0.0041272
10.1 1.125 0.00273815
10.1 3.375 0.00834575
10.1 5.625 0.00404515
10.1 7.875 0.00652822
10.1 10.125 0.00389941
10.1 12.375 0.0258508
10.1 14.625 0.0284641
10.1 16.875 0.00364585
10.1 19.125 0.00471529
10.1 21.375 0.0326532
10.1 23.625 0.0028844
10.1 25.875 0.00371617
10.1 28.125 0.0173276
10.1 30.375 0.00304738
10.1 32.625 0.0380192
10.1 34.875 0.00719654
10.1 37.125 0.0303299
10.1 39.375 0.0346725
10.1 41.625 0.00383345
10.1 43.875 0.0527362
10.3 1.125 0.0215972
10.3 3.375 0.00951087
10.3 5.625 0.00391721
10.3 7.875 0.0156703
10.3 10.125 0.0420942
10.3 12.375 0.0198609
10.3 14.625 0.00262669
10.3 16.875 0.0301009
10.3 19.125 0.00531545
10.3 21.375 0.00438309
10.3 23.625 0.0150345
10.3 25.875 0.0121976
10.3 28.125 0.00951074
10.3 30.375 0.0599229
10.3 32.625 0.0323687
10.3 34.875 0.0527861
10.3 37.125 0.00441748
10.3 39.375 0.0050763
10.3 41.625 0.0139664
10.3 43.875 0.00325042
10.5 1.125 0.00419491
10.5 3.375 0.00333422
10.5 5.625 0.0378233
10.5 7.875 0.0319786
10.5 10.125 0.0058542
10.5 12.375 0.00305098
10.5 14.625 0.0245337
10.5 16.875 0.00328239
10.5 19.125 0.0263342
10.5 21.375 0.00820761
10.5 23.625 0.0197931
10.5 25.875 0.00322682
10.5 28.125 0.0221636
10.5 30.375 0.00304494
10.5 32.625 0.0629256
10.5 34.875 0.00913287
10.5 37.125 0.00884408
10.5 39.375 0.00446385
10.5 41.625 0.00328329
10.5 43.875 0.0370813
10.7 1.125 0.0073925
10.7 3.375 0.00346735
10.7 5.625 0.00315341
10.7 7.875 0.0236348
10.7 10.125 0.00305038
10.7 12.375 0.00456118
10.7 14.625 0.00517822
10.7 16.875 0.00437648
10.7 19.125 0.00414684
10.7 21.375 0.0266695
10.7 23.625 0.00361141
10.7 25.875 0.0356738
10.7 28.125 0.00476482
10.7 30.375 0.00504107
10.7 32.625 0.00351783
10.7 34.875 0.0129417
10.7 37.125 0.00329612
10.7 39.375 0.00295756
10.7 41.625 0.012069
10.7 43.875 0.00564617
10.9 1.125 0.00378081
10.9 3.375 0.040637
10.9 5.625 0.0102618
10.9 7.875 0.00389554
10.9 10.125 0.00305984
10.9 12.375 0.0116632
10.9 14.625 0.00386482
10.9 16.875 0.0142216
10.9 19.125 0.00347056
10.9 21.375 0.0265329
10.9 23.625 0.00401571
10.9 25.875 0.00302835
10.9 28.125 0.036803
10.9 30.375 0.00593142
10.9 32.625 0.0638535
10.9 34.875 0.0476803
10.9 37.125 0.0435576
10.9 39.375 0.00482026
10.9 41.625 0.00514695
10.9 43.875 0.0368763
11.1 1.125 0.00304823
11.1 3.375 0.009698
11.1 5.625 0.0269743
11.1 7.875 0.00384243
11.1 10.125 0.0228182
11.1 12.375 0.00519086
11.1 14.625 0.00423279
11.1 16.875 0.00643997
11.1 19.125 0.028396
11.1 21.375 0.00401593
11.1 23.625 0.00332361
11.1 25.875 0.0102999
11.1 28.125 0.0410887
11.1 30.375 0.0035529
11.1 32.625 0.00831076
11.1 34.875 0.0038102
11.1 37.125 0.00882717
11.1 39.375 0.00326719
11.1 41.625 0.0195748
11.1 43.875 0.0140791
11.3 1.125 0.010455
11.3 3.375 0.019111
11.3 5.625 0.00318201
11.3 7.875 0.00774614
11.3 10.125 0.0221848
11.3 12.375 0.00570327
11.3 14.625 0.00799811
11.3 16.875 0.0769679
11.3 19.125 0.0032946
11.3 21.375 0.00263305
11.3 23.625 0.00400525
11.3 25.875 0.0266589
11.3 28.125 0.00530153
11.3 30.375 0.0360248
11.3 32.625 0.0201556
11.3 34.875 0.0442279
11.3 37.125 0.0234021
11.3 39.375 0.0386953
11.3 41.625 0.00949103
11.3 43.875 0.0627693
11.5 1.125 0.0108215
11.5 3.375 0.0380405
11.5 5.625 0.0222397
11.5 7.875 0.00382812
11.5 10.125 0.00310976
11.5 12.375 0.0285984
11.5 14.625 0.0399412
11.5 16.875 0.00353127
11.5 19.125 0.0387604
11.5 21.375 0.00332223
11.5 23.625 0.00436553
11.5 25.875 0.00592743
11.5 28.125 0.00395467
11.5 30.375 0.00282514
11.5 32.625 0.00541174
11.5 34.875 0.0641699
11.5 37.125 0.00619261
11.5 39.375 0.0646983
11.5 41.625 0.112597
11.5 43.875 0.0063748
11.7 1.125 0.00292251
11.7 3.375 0.0335717
11.7 5.625 0.00361154
11.7 7.875 0.0351611
11.7 10.125 0.00936019
11.7 12.375 0.00664585
11.7 14.625 0.0276417
11.7 16.875 0.023525
11.7 19.125 0.00654232
11.7 21.375 0.00307412
11.7 23.625 0.00994748
11.7 25.875 0.122849
11.7 28.125 0.00389069
11.7 30.375 0.00479894
11.7 32.625 0.00726048
11.7 34.875 0.0825906
11.7 37.125 0.00363157
11.7 39.375 0.00424858
11.7 41.625 0.0254389
11.7 43.875 0.0230318
11.9 1.125 0.00274461
11.9 3.375 0.0766221
11.9 5.625 0.0163662
11.9 7.875 0.0133297
11.9 10.125 0.00643963
11.9 12.375 0.00510744
11.9 14.625 0.00486405
11.9 16.875 0.00309305
11.9 19.125 0.00417185
11.9 21.375 0.00643366
11.9 23.625 0.0617731
11.9 25.875 0.0162341
11.9 28.125 0.00406892
11.9 30.375 0.0066907
11.9 32.625 0.00434464
11.9 34.875 0.162919
11.9 37.125 0.0247702
11.9 39.375 0.0048084
11.9 41.625 0.00581114
11.9 43.875 0.0585894
12.1 1.125 0.0088914
12.1 3.375 0.00856587
12.1 5.625 0.0284367
12.1 7.875 0.00752491
12.1 10.125 0.0238723
12.1 12.375 0.00585558
12.1 14.625 0.0416488
12.1 16.875 0.00466388
12.1 19.125 0.00587412
12.1 21.375 0.0497042
12.1 23.625 0.0303046
12.1 25.875 0.00786324
12.1 28.125 0.00853934
12.1 30.375 0.0639284
12.1 32.625 0.0446246
12.1 34.875 0.00259837
12.1 37.125 0.00453587
12.1 39.375 0.0056221
12.1 41.625 0.00371845
12.1 43.875 0.117202
12.3 1.125 0.0163064
12.3 3.375 0.0179566
12.3 5.625 0.00612786
12.3 7.875 0.00431116
12.3 10.125 0.0116356
12.3 12.375 0.00384181
12.3 14.625 0.00781062
12.3 16.875 0.004358
12.3 19.125 0.034835
12.3 21.375 0.0251379
12.3 23.625 0.0304162
12.3 25.875 0.00364066
12.3 28.125 0.00444797
12.3 30.375 0.00372541
12.3 32.625 0.0674627
12.3 34.875 0.00422156
12.3 37.125 0.0104958
12.3 39.375 0.00294906
12.3 41.625 0.00710222
12.3 43.875 0.00982857
12.5 1.125 0.00548634
12.5 3.375 0.00923872
12.5 5.625 0.00833783
12.5 7.875 0.00200038
12.5 10.125 0.00383149
12.5 12.375 0.00857014
12.5 14.625 0.00905813
12.5 16.875 0.0238104
12.5 19.125 0.0307178
12.5 21.375 0.110665
12.5 23.625 0.0483214
12.5 25.875 0.0363683
12.5 28.125 0.00548319
12.5 30.375 0.00740501
12.5 32.625 0.00433055
12.5 34.875 0.0152023
12.5 37.125 0.00890827
12.5 39.375 0.00863294
12.5 41.625 0.23907
12.5 43.875 0.00710402
12.7 1.125 0.0162839
12.7 3.375 0.00606336
12.7 5.625 0.00450396
12.7 7.875 0.00345114
12.7 10.125 0.00526144
12.7 12.375 0.00593833
12.7 14.625 0.0403121
12.7 16.875 0.00416702
12.7 19.125 0.0311607
12.7 21.375 0.0114054
12.7 23.625 0.00225883
12.7 25.875 0.113352
12.7 28.125 0.0046751
12.7 30.375 0.119305
12.7 32.625 0.00666928
12.7 34.875 0.0196789
12.7 37.125 0.00359884
12.7 39.375 0.00842456
12.7 41.625 0.00925811
12.7 43.875 0.00577669
12.9 1.125 0.0103846
12.9 3.375 0.0651054
12.9 5.625 0.0253582
12.9 7.875 0.0660505
12.9 10.125 0.00529893
12.9 12.375 0.0025943
12.9 14.625 0.0455973
12.9 16.875 0.0039608
12.9 19.125 0.0457578
12.9 21.375 0.00460707
12.9 23.625 0.0107555
12.9 25.875 0.00665088
12.9 28.125 0.0145684
12.9 30.375 0.0473736
12.9 32.625 0.0303294
12.9 34.875 0.00486745
12.9 37.125 0.00607376
12.9 39.375 0.119722
12.9 41.625 0.0149077
12.9 43.875 0.0053256
13.1 1.125 0.0145179
13.1 3.375 0.041732
13.1 5.625 0.0190599
13.1 7.875 0.0868414
13.1 10.125 0.0294101
13.1 12.375 0.00879046
13.1 14.625 0.00960076
13.1 16.875 0.0583177
13.1 19.125 0.033399
13.1 21.375 0.00261057
13.1 23.625 0.00318165
13.1 25.875 0.0720034
13.1 28.125 0.0503568
13.1 30.375 0.0286901
13.1 32.625 0.00755868
13.1 34.875 0.0094504
13.1 37.125 0.0036108
13.1 39.375 0.0062535
13.1 41.625 0.00678425
13.1 43.875 0.00343922
13.3 1.125 0.00465017
13.3 3.375 0.0112631
13.3 5.625 0.0115225
13.3 7.875 0.0162755
13.3 10.125 0.0759054
13.3 12.375 0.0035682
13.3 14.625 0.00686939
13.3 16.875 0.0106916
13.3 19.125 0.0711435
13.3 21.375 0.00411607
13.3 23.625 0.0597546
13.3 25.875 0.00304503
13.3 28.125 0.0136833
13.3 30.375 0.00634214
13.3 32.625 0.00746364
13.3 34.875 0.00614863
13.3 37.125 0.0063586
13.3 39.375 0.00926346
13.3 41.625 0.00770251
13.3 43.875 0.00478273
13.5 1.125 0.0462752
13.5 3.375 0.00494837
13.5 5.625 0.0104678
13.5 7.875 0.0043211
13.5 10.125 0.0688793
13.5 12.375 0.00891497
13.5 14.625 0.0440919
13.5 16.875 0.00972271
13.5 19.125 0.0644402
13.5 21.375 0.00558354
13.5 23.625 0.0767335
13.5 25.875 0.00672803
13.5 28.125 0.00529607
13.5 30.375 0.0456045
13.5 32.625 0.110327
13.5 34.875 0.149191
13.5 37.125 0.00634215
13.5 39.375 0.0202276
13.5 41.625 0.0852012
13.5 43.875 0.0156395
13.7 1.125 0.0266992
13.7 3.375 0.0465992
13.7 5.625 0.0189562
13.7 7.875 0.0134577
13.7 10.125 0.00479672
13.7 12.375 0.017558
13.7 14.625 0.00537095
13.7 16.875 0.00810024
13.7 19.125 0.0340107
13.7 21.375 0.00363578
13.7 23.625 0.00391719
13.7 25.875 0.0151069
13.7 28.125 0.0967147
13.7 30.375 0.00372421
13.7 32.625 0.00539723
13.7 34.875 0.0586361
13.7 37.125 0.0416464
13.7 39.375 0.0159248
13.7 41.625 0.0754821
13.7 43.875 0.0400624
13.9 1.125 0.00859423
13.9 3.375 0.00774458
13.9 5.625 0.00417048
13.9 7.875 0.00622918
13.9 10.125 0.0403586
13.9 12.375 0.00857996
13.9 14.625 0.0183876
13.9 16.875 0.00421171
13.9 19.125 0.0726222
13.9 21.375 0.00523779
13.9 23.625 0.0331055
13.9 25.875 0.0407297
13.9 28.125 0.00390053
13.9 30.375 0.00749119
13.9 32.625 0.0796454
13.9 34.875 0.0923098
13.9 37.125 0.116559
13.9 39.375 0.00352386
13.9 41.625 0.0189921
13.9 43.875 0.0195855
