0.0241547
0.0151988
0.0321388
-0.165802
-0.0107904
0.0510698
0.0109998
-0.0156893
0.113334
-0.0223824
0.0328872
-0.0140482
0.0624409
0.00576537
0.0366444
0.024828
0.00762335
-0.0143121
-0.00246183
0.0415479
0.00913923
-0.0045461
0.249961
0.0173478
-0.0308807
-0.0123655
0.0269189
0.0125857
-0.15006
-0.0163285
0.0140457
0.0212737
-0.0856353
-0.000330948
0.0469642
0.0560924
-0.0280861
0.00573594
-0.125657
0.0260611
0.0115334
-0.0550749
0.0202921
-0.0346048
-0.00663779
0.0355504
0.033219
0.0100012
0.00591186
-0.0113234
-0.00506986
0.00971448
0.0470878
0.0668232
0.0571522
-0.035787
0.0479472
-0.0720945
0.0165716
-0.0405761
0.00911423
0.00786706
0.00534632
0.00627361
0.155242
-0.00376257
0.0481289
0.00270845
-0.00214959
-0.108245
-0.00441717
0.0384102
-0.00228091
-0.0237796
-0.00597931
0.0815752
-0.0187576
0.0430194
0.0110736
0.00924138
0.00890163
0.0556349
0.047191
-0.0321017
-0.0377575
-0.0126567
0.0199993
0.0161755
-0.0178836
0.0192517
-0.0180951
-0.038851
0.00444316
0.0467447
-0.0160694
0.023199
0.0151727
-0.0172774
0.0584715
0.0104746
0.0541139
0.0172485
0.0618661
-0.00455756
0.0482007
0.0429576
0.0313689
0.00803539
-0.0218779
-0.0163712
-0.114609
0.073911
-0.0367724
-0.000986298
-0.0363826
0.0447196
0.00752896
0.264265
-0.00682255
0.0255242
-0.0361643
0.00672099
-0.00235962
0.00619044
-0.0115767
0.00102262
0.0171545
-0.0383302
0.0402871
-0.0304695
0.0134742
0.00573564
0.0636174
-0.0196613
0.0205688
0.0140689
-0.00829912
0.0299542
0.00218475
0.0555974
-0.0333465
0.0438883
0.0273139
0.052704
0.0340608
-0.100188
0.0168114
-0.0551108
-0.0165072
-0.018284
0.000911192
-0.00186028
-0.00457448
0.0347722
-0.0343866
0.183821
-0.0721713
-0.00556358
-0.0193836
-0.0111033
0.0215571
0.0421423
-0.000424476
0.00320599
0.00436661
0.141756
-0.0239722
-0.0188228
-0.0205764
0.0104067
0.0204217
-0.0104922
-0.00734122
0.119776
0.0200145
-0.0105667
0.0233292
0.0369089
0.0224574
-0.00640421
0.0603518
0.00113773
0.0100726
-0.0361464
0.0606243
-0.00832933
0.034735
0.0208488
-0.00436519
0.0118837
0.00292817
-0.0125622
-0.00511962
0.0224698
-0.00647464
0.0193483
0.0253026
-0.0208867
-0.0187016
0.0144742
0.0251758
-0.0690113
-0.033275
-0.0144671
0.00294637
-0.00178705
0.0702066
0.0128667
-0.0184643
0.0357732
0.041774
0.0353276
-0.0162753
0.0103192
-0.0662825
0.0647958
-0.0343667
0.0136564
0.0176898
-0.200687
0.0202576
0.00923586
-0.10353
-0.0393929
-0.0131743
0.0305818
-0.0225253
0.0312521
0.00387175
0.0308037
0.00342495
-0.00710759
0.0225488
-0.0031372
-0.0208078
-0.00875071
-0.0124628
-0.0312878
0.00425211
0.0116431
-0.0268314
-0.0217725
-0.0408764
0.00245411
0.00866624
0.00706698
0.0100213
-0.0161116
-0.0174155
-0.169557
-0.0128647
0.0739937
-0.00836588
0.0010181
0.0249108
-0.00691171
0.0956674
0.113067
-0.025335
0.0258612
0.298481
0.0524608
-0.0637015
0.026286
-0.0229687
0.0622892
0.011839
0.251364
0.0507396
-0.0236122
-0.0277873
-0.0178233
0.0380533
-0.0140116
0.00540889
-0.00628201
-0.0105152
0.0119654
0.0640587
0.0100075
0.0526286
0.0159466
0.0355998
-0.0604337
-0.0171738
0.00403364
0.00813207
0.0297135
-6.06046e-05
-0.0181998
-0.0129746
0.0041884
0.0184995
0.0730197
0.0361785
0.0162771
-0.00568402
-0.00228585
0.0433616
-0.0323571
0.0183459
0.0627606
0.0123362
0.0146328
-0.0359542
-0.0437932
0.0383158
-0.014811
0.0186518
-0.00482938
-0.00377426
0.0104031
0.00479839
0.051246
-0.0255621
-0.0234733
0.00591841
-0.0295932
0.0179922
-0.0272382
0.00192414
-0.0161775
-0.00223218
0.0243286
0.0131026
-0.0842183
0.0242629
0.000142453
0.0293906
-0.0439409
0.00402133
0.0839769
0.00408929
-0.044766
0.0359037
0.0242325
0.00291314
-0.0142852
0.00856407
-0.0189619
-0.0111033
-0.0141539
0.00654706
0.04369
0.0280977
0.0377217
-0.246193
0.000850262
-0.0164911
0.054218
0.0535297
0.0172347
-0.110881
0.0298005
0.0306448
0.0158877
0.0168296
-0.00605588
0.0118589
0.0145448
-0.0768939
-0.0574521
0.0395395
-0.000820742
-0.0282856
0.0098062
-0.0201778
0.0267598
-0.0283401
-0.0347977
0.0174887
0.184261
-6.15958e-05
-0.0364502
0.0284446
-0.00329168
0.00912077
-0.0102725
0.033686
0.0202543
4.91215e-05
0.0305583
-0.0722302
-0.00176993
-0.0198942
0.148645
0.0109986
0.00536122
0.0351756
0.0253595
0.0124648
0.00621313
0.0317703
-0.0332817
-0.125434
-0.00326328
-0.00373119
-0.0760355
0.0360545
-0.0277594
-0.00979976
0.00611386
-0.06341
-0.0207781
-0.0223074
-0.0181184
0.0188759
0.013123
0.0883189
-0.0231876
0.0288969
0.00406386
0.033982
0.00121991
0.00671718
-0.0204217
1.44593
0.0220261
0.0816568
-0.0584514
-0.132126
0.0164769
-0.00312643
0.0411042
-0.0409188
-0.0310378
0.0212613
-0.00561588
0.000747132
0.00333569
0.00111946
-0.0490076
-0.0131428
0.0495346
0.00802106
0.0346354
0.0309562
-0.000857561
0.0213723
-0.00949191
-0.0110754
-0.0340301
-0.0107733
0.0514957
-0.0207039
-0.0724317
0.045928
-0.0449339
-0.0275007
0.0385296
0.0142628
0.0160518
-0.00921562
-0.0273569
-0.0301328
0.0699104
-0.0149939
0.0137259
0.00537338
-0.0020447
-0.0111428
-0.0181206
0.0471191
0.0310202
0.0319595
-0.0318999
0.00337522
0.005968
-0.00831421
-0.0595513
0.0451882
0.0139347
-0.00282244
0.0777767
-0.123734
0.1052
0.0515061
0.0511057
0.0202407
-0.0185526
0.0386875
0.0205111
-0.0198214
0.0176569
0.0173422
0.0207953
-0.0409385
0.0434838
-0.127651
-0.00818958
0.00873558
0.0349978
-0.0397159
-0.04869
1.75982
0.0216889
0.0471098
0.0444904
-0.0855424
0.00822455
0.00251158
-0.0180081
-0.0154556
0.0155572
-0.0406833
0.027215
0.0279984
0.00651496
0.0066695
0.0166853
0.0111629
0.00106816
-0.0410963
0.0137041
0.0236913
-0.0618088
0.0308029
-0.0149609
0.000726426
-0.0330822
0.0254044
0.00838648
-0.0102237
-0.0170211
0.0102788
0.0696565
-0.00101052
-0.00255162
-0.0199551
0.0026353
-0.0455498
0.033861
-0.12913
0.0241722
0.0055238
-0.0524209
0.00485658
-0.107947
-0.148887
-0.0205668
-0.000496527
0.0438078
-0.0269883
0.130038
-0.00632526
-0.0448028
-0.0242418
0.00981769
0.0183218
-0.00252145
0.0169822
-0.0492852
-0.0397952
0.0273568
-0.00532338
0.0294783
-0.0466004
-0.0250924
0.00167292
-0.000997248
-0.00536922
0.0234522
0.0363465
-0.0121469
-0.0153707
0.0260256
0.0203889
-0.0187932
0.0353427
-0.0110655
-0.0601317
0.0678755
0.00191384
-0.0926043
0.218897
0.0124851
0.00513788
0.0175634
-0.197984
0.00950156
0.00928748
0.244034
0.013776
-0.0222564
-0.00713448
-0.0125886
-0.046059
0.0246427
0.0610373
0.0246293
-0.00312318
-0.0216999
-0.0342669
-0.039332
0.0254075
0.0938658
-0.00257617
0.0139539
-0.0187171
-0.000606352
-0.00600629
-0.0761206
0.0381927
0.0178791
0.058016
-0.0147145
0.0337388
-0.0576176
-0.0212709
-0.0259691
0.0478009
-0.0333431
-0.0330425
-0.00483686
-0.0155865
-0.0279849
0.0572673
0.0205824
0.0261914
0.0351156
-0.0196586
0.0263385
-0.0206803
0.0155891
-0.0707699
0.137829
0.0206112
0.00265034
0.0053603
0.0188601
-0.0937736
-0.0155996
-0.0302406
-0.0125731
0.0479215
-0.0152884
-0.0102598
-0.0861877
0.0219203
0.0175544
0.00687126
-0.0522552
-0.000750013
0.0204191
0.0376032
-0.0214883
0.0308755
-0.177157
0.0202203
-0.047584
-0.0397828
0.0216413
-0.0330564
-0.013634
-0.0378667
0.0471967
-0.0172078
0.0937281
0.0413281
0.000316256
0.082664
-0.148075
0.0594199
0.0328139
0.0112196
-0.0116599
0.0370404
0.0978955
0.019476
0.0455314
-0.0520698
0.00535014
-0.0117621
0.0278368
0.0230703
-0.0725368
0.059643
0.0144446
-0.0497535
0.0714667
0.0493613
-0.033244
0.0299734
0.00137734
0.0199328
0.0203566
-0.0178006
0.0416617
-0.00934634
-0.0979428
0.0201492
0.0388434
0.00997897
-0.0196237
-0.0176748
0.0165226
0.107191
-0.0382111
-0.068059
-0.0207226
0.0199533
0.00948692
0.0585427
0.0242615
0.0230129
-0.0766122
0.0518892
0.0187483
0.0417228
0.0333842
-0.0483158
-0.0391116
-0.121706
0.0269786
0.0105298
0.0499337
1.75724
0.0931204
-0.0251181
-0.0349648
0.0166963
0.0298974
-0.120347
0.0171417
0.12279
0.0683468
0.104588
0.00635877
0.0933413
-0.0917421
0.019996
-0.0260443
-0.00919848
0.02764
-0.00209645
0.0160609
0.044134
-0.0385368
0.0449228
-0.0230027
0.0114544
-0.0198037
-0.0350258
0.00386389
0.000317541
-0.000824338
-0.0543055
0.000174187
0.0530858
0.0199896
-0.047006
0.00131081
-0.00840352
0.0648092
-0.0444443
-0.150263
0.00732164
0.0448612
0.00899001
0.0371214
0.051789
-1.72188e-05
0.0602734
-0.153165
0.0268256
-0.00706568
-0.0537659
0.09956
0.0546854
0.0101746
-0.0052371
0.0164847
0.0463352
0.107597
0.0438209
0.025121
0.0632306
0.0208431
-0.031211
-0.0063413
-0.0315856
0.0559324
0.0224435
0.0221482
-0.00366858
-0.0439558
0.00987319
0.0293676
0.00816249
0.0313479
-0.00652227
-0.00897968
0.337081
0.00655806
0.377052
-0.0232441
0.0197294
-0.00276595
0.0557709
-0.0150781
0.0687526
0.0642938
-0.0027886
0.0358329
0.00977479
-0.00164339
0.104049
0.00690673
-0.000318457
-0.0139192
-0.00657478
-0.0436987
1.91643
0.207156
0.0272595
0.0420671
0.0263002
0.000443389
-0.0707862
0.00770417
-0.0110596
-0.0239295
-0.0532587
-0.0281779
-0.0136038
0.0107492
0.0738888
0.0268291
-0.0033813
-0.0165805
0.0381334
0.0584179
0.0197967
0.0292774
0.032658
0.00412532
0.0337869
-0.0647389
0.032888
-0.0136354
0.0253338
0.0312368
0.010538
-0.025532
0.0293675
0.0314546
-0.0258631
-0.00790514
-0.015549
0.0601164
0.0386539
-0.0103798
-0.00604252
-0.0157086
0.0386282
0.0159591
0.0944608
-0.00107667
0.00306791
-0.0348042
0.0188338
-0.151784
0.0151014
0.017074
0.0255025
-0.00873931
0.0312523
0.0104917
0.00165704
-0.0625033
-0.0205496
-0.0217107
0.059777
-0.0168506
0.0142637
0.0372783
0.0132852
0.0212431
-0.0240288
0.0167499
0.0739927
-0.0228072
0.0240566
-0.0339007
0.0642495
0.0107706
0.0928155
-0.0145157
0.023345
-0.0321512
-0.0330695
0.083104
0.0420677
0.0077875
0.0410296
-0.0412938
0.0217718
0.0866201
0.0794172
0.0103297
0.0128544
0.00785688
-0.140792
-0.0484214
-0.0450199
0.0235502
-0.00700893
0.0832837
-0.0349937
0.0419077
0.033312
0.0798494
0.0281156
0.033748
0.0066115
-0.00334139
0.0389244
0.016687
-0.0540174
-0.019617
0.038367
0.0840634
0.260083
-0.00255715
0.0246295
0.0155215
0.0391395
0.00382689
0.0182392
0.0318856
-0.0374008
-0.0037487
-0.00928996
0.0542125
-0.0645662
-0.0120049
0.0428193
0.0198485
0.0321037
-0.00481359
-0.0244357
-0.00157106
0.0353727
0.0543283
-0.0249008
-0.06742
0.0238058
0.0277694
-0.0585998
0.0288896
0.0320526
-0.038923
0.0444042
0.0455273
0.0099522
-0.0276914
0.0310351
-0.0393439
0.0681168
-0.210357
0.0393234
0.0321121
0.00722927
-0.0316945
-0.0628564
0.0117799
0.0212892
-0.00341389
0.0176192
-0.0129982
-0.0460749
-0.0314096
-0.0496546
-0.0283233
0.0763993
0.0124146
0.00849122
0.00998204
0.0112967
-0.0213477
0.0389483
-0.0499358
-0.0259149
-0.00159332
0.00557399
0.802581
0.0175993
0.00488703
-0.0385962
-0.00177583
-0.0217798
0.0254616
-0.0207875
0.0286017
0.0621537
-0.0251918
-0.0314388
0.0635233
0.0395073
-0.0145481
-0.0102183
0.0126645
0.0295939
0.0313987
-0.0228784
-0.0141262
0.0361582
0.0304572
-0.0013812
-0.0127932
0.0221287
0.0219415
-0.00663028
0.048134
0.0188756
0.0529865
0.0083986
0.028661
0.034938
-0.0041833
-0.00588595
0.0197103
0.064584
-0.0562643
0.0020767
0.0240507
0.14313
-0.0309157
0.0263421
-0.00700202
0.0263419
0.0353712
-0.00797731
0.040624
0.0387567
-0.0212159
-0.0250765
-0.00809689
0.028076
-0.0105329
0.0301114
0.0366489
-0.0388037
-0.0775943
0.00265628
-0.00778985
-0.151926
0.0175996
-0.0507788
-0.0368029
0.0191745
0.0241099
0.0441111
0.00196107
0.0412181
-0.0445856
-0.0157795
0.0319052
-0.0116636
0.00348092
0.0018751
0.0258845
0.0322458
-0.0263813
0.0251425
0.256528
0.0443889
-0.0114815
0.00774621
0.0700349
-0.0818307
-0.0315831
-0.00644631
0.0965995
-0.0247991
-0.0141106
0.23222
-0.0602082
0.0485673
0.0344072
0.0235508
0.0267108
-0.017219
0.00820612
-0.0808199
-0.0189901
1.81994
0.0875628
0.0363432
0.0361237
0.00687381
-0.034808
-0.00663366
0.0364188
0.044043
0.000566626
-0.0509099
0.0178105
-0.0212998
0.00163566
-0.017456
-0.0230269
-0.00907072
-0.0263723
-0.00918828
-0.00511627
-0.0220236
0.029973
0.0175078
0.0278612
0.00228798
0.0756936
-0.207651
-0.0845301
-0.0177897
-8.12812e-05
0.0290454
-0.000144523
0.016106
-0.00431998
0.0012808
-0.0352994
-0.0146686
-0.0213765
0.0120882
-0.0204602
-0.0572753
0.00549234
-0.0496324
-0.0237418
0.0661678
0.0215195
0.00327655
-0.0223901
0.00858651
0.0655947
0.0273698
-0.00825083
0.00125747
-0.0836087
0.0273233
0.00310345
0.0114112
0.019144
-0.0871368
-0.0438146
-0.024992
-0.0111375
-0.0626003
-0.0381163
0.00947386
0.0432618
-0.000313502
0.119311
0.0374917
0.0430395
0.0224536
0.0387964
0.0331125
0.510907
-0.00418728
0.0039374
-0.286005
0.0227292
-0.0147674
0.0276729
-0.058048
-0.00018525
-0.0610469
0.0228224
-0.0887689
0.0364773
0.0118066
0.0702615
-0.0434663
-0.0595233
-0.0090199
-0.0226208
-0.00608711
0.0212233
0.0679127
0.0211774
0.128495
0.00955599
-0.003298
0.117873
0.00911218
0.0182844
0.0399805
-0.00356121
-0.0225444
0.0667407
0.014678
0.0360464
-0.0363467
0.0390341
0.0139423
0.0386796
0.024162
0.0138975
0.0294132
0.0399069
0.00824661
6.39892e-05
0.0439389
-0.041149
0.00740251
0.170157
-0.0287559
0.0146619
0.130903
0.0405799
0.0179128
-0.0355229
-0.013969
-0.00804967
0.0211011
-0.0463499
-0.00164168
0.0203215
-0.0223818
0.00467552
0.0200105
0.015465
0.0577549
0.147743
-0.0288241
0.0179678
0.056474
-0.000683902
0.012118
0.0224339
-0.00591189
-0.0108426
0.0102063
-0.00573808
0.0254357
0.0580784
0.0657584
-0.0501945
0.032206
-0.00893375
0.301167
0.03849
-0.0235124
0.0344087
0.0377355
0.0869119
-0.00244284
0.0283954
-0.0341432
0.0944032
0.0138676
0.0310953
0.0928875
0.0403381
0.0146738
0.0264681
0.0616111
0.0532671
0.0168399
-0.0159547
-0.0249105
0.018574
-0.01415
-0.00703314
-0.0179661
0.115437
0.0174461
0.00735706
0.0300414
0.104293
0.0143022
-0.0683127
0.00797461
-0.0488011
-0.0495768
-0.0492386
-0.0111526
-0.0235693
0.0131239
0.0133936
0.0135769
0.0385274
-0.123881
0.026602
-0.0210328
0.00381946
0.112675
-0.0421371
-0.090036
-0.0177917
-0.0288341
-0.00182546
-0.0131939
-0.0286274
0.0265116
-0.00205495
-0.000373179
-0.0114024
0.047878
-0.0057942
-0.0853077
-0.0168192
0.0670874
0.0579615
0.0347553
-0.0225462
0.0107393
0.00739279
0.0062965
-0.0183477
0.0103954
0.0333687
0.0803519
-0.0169072
-0.0191212
-0.0915804
0.0442469
0.00474887
0.0405204
-0.00908152
0.0427945
-0.0575005
-0.0786012
-0.0144353
-0.0973052
-0.0831252
-0.0245555
0.00466282
0.0349208
0.00154652
0.00477863
0.0250463
-0.0052657
-0.0447388
0.00675456
-0.0273623
0.021272
0.0307213
0.0239705
-0.0477681
-0.0278611
0.0134431
0.172769
-0.00667767
-0.0197061
0.0319025
0.0143999
0.0169263
0.00921201
-0.0815385
6.79524e-05
-0.00262634
-0.0268449
-0.0296066
-0.0163374
0.0532612
0.0208288
-0.0251033
0.068408
-0.0252189
-0.0167611
0.00192443
0.0826274
0.0162477
-0.0162964
0.0425961
-0.0151929
0.00934858
-0.0378229
-0.150991
-0.0178483
0.0224885
-0.0222092
-0.247002
0.16658
0.0242769
-0.0238141
-0.0183948
0.0145457
-0.0350601
0.0133046
0.0452431
-0.00820181
-0.0593491
0.113199
0.0323312
-0.0216623
0.0577975
0.0341716
0.030404
0.0104339
0.0105488
0.027197
-0.0492096
0.0249471
-0.0342346
-0.0643723
0.0147517
-0.0344019
0.0646237
-0.00676071
0.0504038
0.0144671
0.0126981
0.0116332
-0.0230357
-0.0206783
0.0430566
0.0422721
-0.0562149
0.00771867
-0.000941122
-0.0130468
0.0015996
0.0411347
0.0124816
-0.0840298
-0.0123845
-0.000671682
0.00480782
-0.0303284
0.0332483
0.0068953
0.0133529
0.0224796
-0.0256332
-0.0281122
0.0184812
-0.00910051
-0.00444625
0.0796069
0.0261415
0.00749704
-0.0124135
0.041676
-0.406981
0.00949761
0.0554418
0.00503612
-0.00317407
-0.0314651
0.0198711
0.0524157
0.0834208
-0.102998
0.257417
0.0355524
-0.0850923
0.0262306
-0.172061
0.0135139
-0.00401178
0.00432557
0.0164578
0.0165296
-0.0327069
-0.0135155
-0.0271342
-0.00146566
-0.00663873
0.000823503
0.0204488
-0.00130158
0.0138498
0.0284983
0.0231934
-0.0341925
0.0297039
-0.0338374
-0.0326256
0.105296
0.0369473
0.00157344
-0.0251724
-0.0256738
-0.0045811
-0.000989817
-0.0284307
-0.0439911
-0.000762596
0.0341785
-0.0139746
-0.00808306
-0.009761
-0.00318896
-0.0341317
-0.0307887
-0.0465853
-0.0255829
-0.0244157
0.0381114
-0.116973
-0.00397709
0.0160069
0.0339215
-0.013362
-0.086283
0.0173665
-0.0823127
-0.0191414
0.0299938
0.0185793
0.0255753
0.00247873
0.0557961
-0.00276734
0.0229347
0.000326347
0.109206
0.0208171
0.0437965
-0.0414901
0.015332
0.00234213
-0.00781143
-0.0099322
0.00377232
-0.110928
0.0102205
-0.0349431
0.0120444
0.0110251
0.0128572
-0.00744884
0.00267653
-0.0100005
0.0142432
0.0135783
-0.020792
0.0187641
-0.00773617
-0.0212108
0.0316066
0.019683
-0.00704824
-0.00290059
0.0239527
-0.0417362
0.113765
-0.150756
0.0262279
0.0298243
0.0318917
-0.0225489
-0.0194457
-0.0278559
0.0600723
0.0192226
-0.0471194
-0.0171938
0.0614611
0.00243011
0.0358604
-0.00986462
0.0144312
-0.0514754
0.0209676
0.00771579
-0.00388805
-0.186666
0.0102399
0.0459029
0.0139912
0.0593045
1.51345
0.010823
-0.00488458
-0.0627814
0.0253297
0.0381187
0.0177432
-0.0111529
-0.0147487
0.0184576
0.0210518
0.0173891
0.00653868
-0.0258657
-0.0379462
-0.0448411
0.0467415
0.0284731
0.00603393
0.0464136
0.000673915
-0.00388319
-0.00130359
0.0299066
-0.00255247
-0.00669691
0.156946
0.0233503
-0.00978583
0.0268532
-0.0313627
-0.0190892
-0.0395757
-0.00532646
0.0144841
0.00468973
-0.0362928
-0.00744906
0.046265
-0.0582302
0.042443
0.0212265
0.00754565
0.00584175
-0.0377099
0.0454406
-0.0707663
-0.015135
0.0127001
-0.020764
-0.00205976
0.00715458
0.0209298
0.0427643
0.0326469
0.00339337
-0.0293015
0.0249881
-0.0238242
0.0214542
-0.0396662
0.0346954
0.0204256
-0.0172825
1.96558
0.0182543
-0.0662394
0.00355356
0.0460913
0.0149002
-0.0269348
-0.0292926
0.0189904
0.0531978
0.000669231
0.0370351
0.0154672
0.011582
0.0117616
0.0290445
-0.00367932
0.0419527
0.0387995
-0.09016
-0.0203666
-0.00349875
0.0533135
0.0210449
-0.0191277
0.0242545
0.00439101
-0.032015
0.029521
0.0421526
-0.00362707
0.0294875
0.0137911
