0.1 1.125 0.495237
0.1 3.375 0.507049
0.1 5.625 0.509998
0.1 7.875 0.50001
0.1 10.125 0.487979
0.1 12.375 0.485302
0.1 14.625 0.516682
0.1 16.875 0.503777
0.1 19.125 0.492002
0.1 21.375 0.50506
0.1 23.625 0.472082
0.1 25.875 0.508549
0.1 28.125 0.501246
0.1 30.375 0.497934
0.1 32.625 0.490017
0.1 34.875 0.437818
0.1 37.125 0.478533
0.1 39.375 0.512789
0.1 41.625 0.486495
0.1 43.875 0.465251
0.3 1.125 0.497221
0.3 3.375 0.489141
0.3 5.625 0.502843
0.3 7.875 0.493011
0.3 10.125 0.496635
0.3 12.375 0.490903
0.3 14.625 0.4891
0.3 16.875 0.488473
0.3 19.125 0.499404
0.3 21.375 0.490091
0.3 23.625 0.490383
0.3 25.875 0.489203
0.3 28.125 0.477702
0.3 30.375 0.495616
0.3 32.625 0.495685
0.3 34.875 0.489051
0.3 37.125 0.498149
0.3 39.375 0.488606
0.3 41.625 0.489169
0.3 43.875 0.492486
0.5 1.125 0.485012
0.5 3.375 0.475501
0.5 5.625 0.481219
0.5 7.875 0.479709
0.5 10.125 0.48054
0.5 12.375 0.477165
0.5 14.625 0.472246
0.5 16.875 0.474202
0.5 19.125 0.478596
0.5 21.375 0.472279
0.5 23.625 0.471711
0.5 25.875 0.467801
0.5 28.125 0.462053
0.5 30.375 0.466803
0.5 32.625 0.473761
0.5 34.875 0.476102
0.5 37.125 0.468863
0.5 39.375 0.475399
0.5 41.625 0.466979
0.5 43.875 0.474331
0.7 1.125 0.456379
0.7 3.375 0.459126
0.7 5.625 0.454039
0.7 7.875 0.456923
0.7 10.125 0.451798
0.7 12.375 0.447581
0.7 14.625 0.454327
0.7 16.875 0.44014
0.7 19.125 0.44755
0.7 21.375 0.451872
0.7 23.625 0.443257
0.7 25.875 0.449181
0.7 28.125 0.441834
0.7 30.375 0.441343
0.7 32.625 0.440673
0.7 34.875 0.436743
0.7 37.125 0.436429
0.7 39.375 0.44277
0.7 41.625 0.428663
0.7 43.875 0.428531
0.9 1.125 0.405635
0.9 3.375 0.403042
0.9 5.625 0.405028
0.9 7.875 0.40924
0.9 10.125 0.397898
0.9 12.375 0.403761
0.9 14.625 0.402056
0.9 16.875 0.40974
0.9 19.125 0.405327
0.9 21.375 0.401315
0.9 23.625 0.388307
0.9 25.875 0.385923
0.9 28.125 0.402547
0.9 30.375 0.414417
0.9 32.625 0.380592
0.9 34.875 0.39435
0.9 37.125 0.395175
0.9 39.375 0.405364
0.9 41.625 0.403853
0.9 43.875 0.388681
1.1 1.125 0.324865
1.1 3.375 0.315505
1.1 5.625 0.329546
1.1 7.875 0.30959
1.1 10.125 0.311688
1.1 12.375 0.323899
1.1 14.625 0.331237
1.1 16.875 0.320357
1.1 19.125 0.335775
1.1 21.375 0.326068
1.1 23.625 0.315951
1.1 25.875 0.341875
1.1 28.125 0.34055
1.1 30.375 0.346373
1.1 32.625 0.333233
1.1 34.875 0.345835
1.1 37.125 0.348247
1.1 39.375 0.364954
1.1 41.625 0.366088
1.1 43.875 0.360771
1.3 1.125 0.218873
1.3 3.375 0.21627
1.3 5.625 0.211389
1.3 7.875 0.223763
1.3 10.125 0.219706
1.3 12.375 0.221728
1.3 14.625 0.229616
1.3 16.875 0.238527
1.3 19.125 0.255267
1.3 21.375 0.244356
1.3 23.625 0.234157
1.3 25.875 0.253124
1.3 28.125 0.263153
1.3 30.375 0.268714
1.3 32.625 0.280592
1.3 34.875 0.280891
1.3 37.125 0.281155
1.3 39.375 0.303799
1.3 41.625 0.307368
1.3 43.875 0.308122
1.5 1.125 0.121323
1.5 3.375 0.127961
1.5 5.625 0.127199
1.5 7.875 0.131101
1.5 10.125 0.14164
1.5 12.375 0.14247
1.5 14.625 0.143149
1.5 16.875 0.143992
1.5 19.125 0.162056
1.5 21.375 0.161372
1.5 23.625 0.176347
1.5 25.875 0.169828
1.5 28.125 0.165928
1.5 30.375 0.182609
1.5 32.625 0.192266
1.5 34.875 0.195176
1.5 37.125 0.22536
1.5 39.375 0.207044
1.5 41.625 0.23652
1.5 43.875 0.222007
1.7 1.125 0.0731767
1.7 3.375 0.0740574
1.7 5.625 0.0755268
1.7 7.875 0.0791434
1.7 10.125 0.0846117
1.7 12.375 0.082942
1.7 14.625 0.0872179
1.7 16.875 0.104226
1.7 19.125 0.0986351
1.7 21.375 0.0883445
1.7 23.625 0.108531
1.7 25.875 0.11271
1.7 28.125 0.110253
1.7 30.375 0.113276
1.7 32.625 0.109558
1.7 34.875 0.113483
1.7 37.125 0.132983
1.7 39.375 0.109535
1.7 41.625 0.12753
1.7 43.875 0.156502
1.9 1.125 0.0480976
1.9 3.375 0.0446658
1.9 5.625 0.0505973
1.9 7.875 0.0494592
1.9 10.125 0.0489112
1.9 12.375 0.0557655
1.9 14.625 0.0599772
1.9 16.875 0.0603394
1.9 19.125 0.0595853
1.9 21.375 0.0639522
1.9 23.625 0.0627441
1.9 25.875 0.0706223
1.9 28.125 0.0659133
1.9 30.375 0.0739457
1.9 32.625 0.0656483
1.9 34.875 0.0774785
1.9 37.125 0.0804234
1.9 39.375 0.0780945
1.9 41.625 0.0818446
1.9 43.875 0.0932714
2.1 1.125 0.029345
2.1 3.375 0.0313927
2.1 5.625 0.0312797
2.1 7.875 0.0311089
2.1 10.125 0.0330686
2.1 12.375 0.0342342
2.1 14.625 0.0354492
2.1 16.875 0.0376232
2.1 19.125 0.0372883
2.1 21.375 0.0414675
2.1 23.625 0.0394985
2.1 25.875 0.0445368
2.1 28.125 0.0443539
2.1 30.375 0.0492702
2.1 32.625 0.04812
2.1 34.875 0.0523602
2.1 37.125 0.0540754
2.1 39.375 0.0543442
2.1 41.625 0.0587539
2.1 43.875 0.0601496
2.3 1.125 0.0178286
2.3 3.375 0.0168035
2.3 5.625 0.0184211
2.3 7.875 0.0181767
2.3 10.125 0.0207136
2.3 12.375 0.0204847
2.3 14.625 0.0219846
2.3 16.875 0.0221033
2.3 19.125 0.0226838
2.3 21.375 0.0241071
2.3 23.625 0.0259591
2.3 25.875 0.0295748
2.3 28.125 0.0310861
2.3 30.375 0.032459
2.3 32.625 0.0335596
2.3 34.875 0.0346491
2.3 37.125 0.0353353
2.3 39.375 0.0358059
2.3 41.625 0.0375334
2.3 43.875 0.0382523
2.5 1.125 0.0102942
2.5 3.375 0.0106729
2.5 5.625 0.0112439
2.5 7.875 0.0106442
2.5 10.125 0.0106171
2.5 12.375 0.0107877
2.5 14.625 0.0112761
2.5 16.875 0.0119192
2.5 19.125 0.0135872
2.5 21.375 0.0146262
2.5 23.625 0.015558
2.5 25.875 0.0182316
2.5 28.125 0.0204717
2.5 30.375 0.0219865
2.5 32.625 0.0222532
2.5 34.875 0.0247491
2.5 37.125 0.0250798
2.5 39.375 0.025036
2.5 41.625 0.0260499
2.5 43.875 0.0245773
2.7 1.125 0.00926381
2.7 3.375 0.00928096
2.7 5.625 0.00883787
2.7 7.875 0.00833965
2.7 10.125 0.00875913
2.7 12.375 0.00753018
2.7 14.625 0.0076213
2.7 16.875 0.00851279
2.7 19.125 0.00853462
2.7 21.375 0.0098549
2.7 23.625 0.0092548
2.7 25.875 0.0109972
2.7 28.125 0.0121124
2.7 30.375 0.01337
2.7 32.625 0.0151825
2.7 34.875 0.0160796
2.7 37.125 0.0182794
2.7 39.375 0.0164392
2.7 41.625 0.0153886
2.7 43.875 0.0165915
2.9 1.125 0.00744013
2.9 3.375 0.00798774
2.9 5.625 0.0071715
2.9 7.875 0.00782284
2.9 10.125 0.00726021
2.9 12.375 0.00708034
2.9 14.625 0.00678051
2.9 16.875 0.00780666
2.9 19.125 0.00841606
2.9 21.375 0.00751786
2.9 23.625 0.00867548
2.9 25.875 0.00919909
2.9 28.125 0.0086261
2.9 30.375 0.00876715
2.9 32.625 0.00982391
2.9 34.875 0.0101764
2.9 37.125 0.0108348
2.9 39.375 0.0123922
2.9 41.625 0.011788
2.9 43.875 0.0118969
3.1 1.125 0.00707785
3.1 3.375 0.00672601
3.1 5.625 0.00702305
3.1 7.875 0.00626163
3.1 10.125 0.00830559
3.1 12.375 0.00639502
3.1 14.625 0.00584567
3.1 16.875 0.00653294
3.1 19.125 0.00648612
3.1 21.375 0.0072335
3.1 23.625 0.00723353
3.1 25.875 0.00713157
3.1 28.125 0.00741699
3.1 30.375 0.0075303
3.1 32.625 0.0073083
3.1 34.875 0.00758293
3.1 37.125 0.00755931
3.1 39.375 0.0083743
3.1 41.625 0.00939779
3.1 43.875 0.00903589
3.3 1.125 0.00613486
3.3 3.375 0.00593609
3.3 5.625 0.00604127
3.3 7.875 0.00584636
3.3 10.125 0.00598709
3.3 12.375 0.00508449
3.3 14.625 0.00577902
3.3 16.875 0.00515414
3.3 19.125 0.00501428
3.3 21.375 0.00633087
3.3 23.625 0.00532767
3.3 25.875 0.00634635
3.3 28.125 0.00623234
3.3 30.375 0.00673262
3.3 32.625 0.00692949
3.3 34.875 0.00632833
3.3 37.125 0.00651868
3.3 39.375 0.00661457
3.3 41.625 0.00707529
3.3 43.875 0.00754944
3.5 1.125 0.00562442
3.5 3.375 0.00546433
3.5 5.625 0.00486186
3.5 7.875 0.00511718
3.5 10.125 0.00516443
3.5 12.375 0.005012
3.5 14.625 0.00516148
3.5 16.875 0.00486185
3.5 19.125 0.0058211
3.5 21.375 0.00541428
3.5 23.625 0.00640548
3.5 25.875 0.00549533
3.5 28.125 0.00558905
3.5 30.375 0.0059068
3.5 32.625 0.00585012
3.5 34.875 0.00619862
3.5 37.125 0.00627645
3.5 39.375 0.00676953
3.5 41.625 0.00570907
3.5 43.875 0.00547454
3.7 1.125 0.0051383
3.7 3.375 0.00471293
3.7 5.625 0.00452563
3.7 7.875 0.00516712
3.7 10.125 0.00468631
3.7 12.375 0.00478882
3.7 14.625 0.00573926
3.7 16.875 0.00445357
3.7 19.125 0.00469012
3.7 21.375 0.00565824
3.7 23.625 0.00602572
3.7 25.875 0.0049268
3.7 28.125 0.00562736
3.7 30.375 0.00621514
3.7 32.625 0.00555398
3.7 34.875 0.00567117
3.7 37.125 0.00511778
3.7 39.375 0.00553335
3.7 41.625 0.00486621
3.7 43.875 0.00489174
3.9 1.125 0.00493757
3.9 3.375 0.00469734
3.9 5.625 0.00430241
3.9 7.875 0.0049416
3.9 10.125 0.00477348
3.9 12.375 0.00463733
3.9 14.625 0.00494858
3.9 16.875 0.00552191
3.9 19.125 0.00638503
3.9 21.375 0.00481559
3.9 23.625 0.00505419
3.9 25.875 0.00487056
3.9 28.125 0.00525912
3.9 30.375 0.0050109
3.9 32.625 0.00479842
3.9 34.875 0.00472907
3.9 37.125 0.00468472
3.9 39.375 0.00409673
3.9 41.625 0.0044711
3.9 43.875 0.00435887
4.1 1.125 0.00463261
4.1 3.375 0.0041163
4.1 5.625 0.00410609
4.1 7.875 0.00420567
4.1 10.125 0.00402079
4.1 12.375 0.00441687
4.1 14.625 0.00427874
4.1 16.875 0.00544098
4.1 19.125 0.00493399
4.1 21.375 0.00443437
4.1 23.625 0.00423278
4.1 25.875 0.00457127
4.1 28.125 0.00450489
4.1 30.375 0.00451173
4.1 32.625 0.00479751
4.1 34.875 0.00421124
4.1 37.125 0.00417522
4.1 39.375 0.00391101
4.1 41.625 0.00362409
4.1 43.875 0.00420548
4.3 1.125 0.00386331
4.3 3.375 0.00380091
4.3 5.625 0.00402597
4.3 7.875 0.00475977
4.3 10.125 0.00474416
4.3 12.375 0.00395401
4.3 14.625 0.00384394
4.3 16.875 0.0047456
4.3 19.125 0.00426412
4.3 21.375 0.00388171
4.3 23.625 0.00426229
4.3 25.875 0.00535842
4.3 28.125 0.00389447
4.3 30.375 0.00418726
4.3 32.625 0.00447345
4.3 34.875 0.00396943
4.3 37.125 0.00404697
4.3 39.375 0.00368965
4.3 41.625 0.00381656
4.3 43.875 0.00344511
4.5 1.125 0.00400504
4.5 3.375 0.00379084
4.5 5.625 0.00417628
4.5 7.875 0.00392464
4.5 10.125 0.00456447
4.5 12.375 0.0038543
4.5 14.625 0.00405635
4.5 16.875 0.00430591
4.5 19.125 0.00419915
4.5 21.375 0.00374848
4.5 23.625 0.00416599
4.5 25.875 0.00447858
4.5 28.125 0.00341994
4.5 30.375 0.00422287
4.5 32.625 0.00405063
4.5 34.875 0.00341651
4.5 37.125 0.00398396
4.5 39.375 0.00399212
4.5 41.625 0.00349397
4.5 43.875 0.0039173
4.7 1.125 0.0035256
4.7 3.375 0.00324089
4.7 5.625 0.0036368
4.7 7.875 0.00394235
4.7 10.125 0.00320406
4.7 12.375 0.0034281
4.7 14.625 0.00403745
4.7 16.875 0.00392191
4.7 19.125 0.00438326
4.7 21.375 0.00357956
4.7 23.625 0.00396832
4.7 25.875 0.00406876
4.7 28.125 0.0041666
4.7 30.375 0.00401244
4.7 32.625 0.00394761
4.7 34.875 0.00376931
4.7 37.125 0.00363033
4.7 39.375 0.00339334
4.7 41.625 0.00354517
4.7 43.875 0.00285822
4.9 1.125 0.00321767
4.9 3.375 0.00353955
4.9 5.625 0.00321844
4.9 7.875 0.00298606
4.9 10.125 0.00342124
4.9 12.375 0.00351644
4.9 14.625 0.00341959
4.9 16.875 0.00347961
4.9 19.125 0.00369213
4.9 21.375 0.00324146
4.9 23.625 0.00393705
4.9 25.875 0.0038575
4.9 28.125 0.00397767
4.9 30.375 0.00367597
4.9 32.625 0.003178
4.9 34.875 0.00314895
4.9 37.125 0.00284085
4.9 39.375 0.00320132
4.9 41.625 0.00309151
4.9 43.875 0.00373871
5.1 1.125 0.00327367
5.1 3.375 0.00298474
5.1 5.625 0.00311587
5.1 7.875 0.00323929
5.1 10.125 0.00315351
5.1 12.375 0.00278611
5.1 14.625 0.00472261
5.1 16.875 0.00316306
5.1 19.125 0.00340303
5.1 21.375 0.00324613
5.1 23.625 0.00371104
5.1 25.875 0.00387104
5.1 28.125 0.00332948
5.1 30.375 0.00297405
5.1 32.625 0.00324549
5.1 34.875 0.00315646
5.1 37.125 0.00301661
5.1 39.375 0.00291653
5.1 41.625 0.00308405
5.1 43.875 0.0030016
5.3 1.125 0.00475498
5.3 3.375 0.00292477
5.3 5.625 0.00328207
5.3 7.875 0.00350666
5.3 10.125 0.00314363
5.3 12.375 0.00286167
5.3 14.625 0.00297508
5.3 16.875 0.00313052
5.3 19.125 0.00313598
5.3 21.375 0.00286536
5.3 23.625 0.00305892
5.3 25.875 0.0032185
5.3 28.125 0.00330596
5.3 30.375 0.00315986
5.3 32.625 0.00310187
5.3 34.875 0.00327575
5.3 37.125 0.00306889
5.3 39.375 0.00291426
5.3 41.625 0.00293427
5.3 43.875 0.00382443
5.5 1.125 0.00294098
5.5 3.375 0.00258395
5.5 5.625 0.0029947
5.5 7.875 0.00274847
5.5 10.125 0.0022872
5.5 12.375 0.00268315
5.5 14.625 0.0023501
5.5 16.875 0.00318829
5.5 19.125 0.00298161
5.5 21.375 0.00275985
5.5 23.625 0.00306767
5.5 25.875 0.00291056
5.5 28.125 0.00536132
5.5 30.375 0.00318555
5.5 32.625 0.00326304
5.5 34.875 0.00307228
5.5 37.125 0.00284476
5.5 39.375 0.0029366
5.5 41.625 0.00277921
5.5 43.875 0.00349325
5.7 1.125 0.00271895
5.7 3.375 0.0023737
5.7 5.625 0.00284478
5.7 7.875 0.00254144
5.7 10.125 0.00247346
5.7 12.375 0.00318394
5.7 14.625 0.00281477
5.7 16.875 0.00300763
5.7 19.125 0.00327398
5.7 21.375 0.00291803
5.7 23.625 0.00255221
5.7 25.875 0.00321885
5.7 28.125 0.00270488
5.7 30.375 0.00473547
5.7 32.625 0.00263979
5.7 34.875 0.00325522
5.7 37.125 0.00249099
5.7 39.375 0.00317606
5.7 41.625 0.00293729
5.7 43.875 0.00323023
5.9 1.125 0.0028105
5.9 3.375 0.00552327
5.9 5.625 0.00248567
5.9 7.875 0.00198736
5.9 10.125 0.00250386
5.9 12.375 0.00260876
5.9 14.625 0.00284416
5.9 16.875 0.00300869
5.9 19.125 0.00278207
5.9 21.375 0.00312774
5.9 23.625 0.00274034
5.9 25.875 0.00262972
5.9 28.125 0.00426228
5.9 30.375 0.00254397
5.9 32.625 0.00276793
5.9 34.875 0.00256304
5.9 37.125 0.00252857
5.9 39.375 0.00292088
5.9 41.625 0.0029694
5.9 43.875 0.0024105
6.1 1.125 0.00296107
6.1 3.375 0.00249087
6.1 5.625 0.00188277
6.1 7.875 0.0030135
6.1 10.125 0.00280476
6.1 12.375 0.00317243
6.1 14.625 0.00332989
6.1 16.875 0.00343231
6.1 19.125 0.00300842
6.1 21.375 0.0026885
6.1 23.625 0.00285307
6.1 25.875 0.00282936
6.1 28.125 0.00262495
6.1 30.375 0.00250428
6.1 32.625 0.00248782
6.1 34.875 0.002545
6.1 37.125 0.00282902
6.1 39.375 0.00284554
6.1 41.625 0.00312197
6.1 43.875 0.00265531
6.3 1.125 0.00248406
6.3 3.375 0.00238559
6.3 5.625 0.00289735
6.3 7.875 0.00219938
6.3 10.125 0.00278193
6.3 12.375 0.00260681
6.3 14.625 0.0022451
6.3 16.875 0.00262543
6.3 19.125 0.00263216
6.3 21.375 0.00277736
6.3 23.625 0.0025551
6.3 25.875 0.00257538
6.3 28.125 0.0026082
6.3 30.375 0.00233598
6.3 32.625 0.00231276
6.3 34.875 0.00216747
6.3 37.125 0.00267983
6.3 39.375 0.00285303
6.3 41.625 0.00272446
6.3 43.875 0.00315428
6.5 1.125 0.00254613
6.5 3.375 0.00232393
6.5 5.625 0.00312381
6.5 7.875 0.00330757
6.5 10.125 0.00248521
6.5 12.375 0.00292151
6.5 14.625 0.00286708
6.5 16.875 0.00309281
6.5 19.125 0.00248196
6.5 21.375 0.00271454
6.5 23.625 0.00238695
6.5 25.875 0.00287577
6.5 28.125 0.00300829
6.5 30.375 0.00297554
6.5 32.625 0.00271217
6.5 34.875 0.00294036
6.5 37.125 0.00276608
6.5 39.375 0.00258603
6.5 41.625 0.00250509
6.5 43.875 0.00289207
6.7 1.125 0.00263672
6.7 3.375 0.00223158
6.7 5.625 0.0026778
6.7 7.875 0.00230977
6.7 10.125 0.00266634
6.7 12.375 0.00272018
6.7 14.625 0.00266676
6.7 16.875 0.0028724
6.7 19.125 0.0025149
6.7 21.375 0.00301863
6.7 23.625 0.00257859
6.7 25.875 0.00248261
6.7 28.125 0.00284201
6.7 30.375 0.00255966
6.7 32.625 0.00218472
6.7 34.875 0.00221064
6.7 37.125 0.00238949
6.7 39.375 0.00248621
6.7 41.625 0.00262163
6.7 43.875 0.00255618
6.9 1.125 0.00274921
6.9 3.375 0.00254318
6.9 5.625 0.00244407
6.9 7.875 0.00286486
6.9 10.125 0.00271116
6.9 12.375 0.00275337
6.9 14.625 0.00287633
6.9 16.875 0.00283405
6.9 19.125 0.00245273
6.9 21.375 0.00248714
6.9 23.625 0.00261891
6.9 25.875 0.00266662
6.9 28.125 0.00310808
6.9 30.375 0.00281973
6.9 32.625 0.0029265
6.9 34.875 0.0108971
6.9 37.125 0.00256843
6.9 39.375 0.00200926
6.9 41.625 0.00247923
6.9 43.875 0.0024534
7.1 1.125 0.00243509
7.1 3.375 0.00235528
7.1 5.625 0.00221984
7.1 7.875 0.00215721
7.1 10.125 0.00273127
7.1 12.375 0.002195
7.1 14.625 0.00408903
7.1 16.875 0.00252438
7.1 19.125 0.00280548
7.1 21.375 0.00274686
7.1 23.625 0.00254444
7.1 25.875 0.00264836
7.1 28.125 0.00247075
7.1 30.375 0.00253951
7.1 32.625 0.00218367
7.1 34.875 0.00266231
7.1 37.125 0.0018446
7.1 39.375 0.00257292
7.1 41.625 0.00294213
7.1 43.875 0.00234551
7.3 1.125 0.00239009
7.3 3.375 0.0025214
7.3 5.625 0.00259759
7.3 7.875 0.00220293
7.3 10.125 0.00247938
7.3 12.375 0.00319124
7.3 14.625 0.00245059
7.3 16.875 0.00258991
7.3 19.125 0.00236569
7.3 21.375 0.00280626
7.3 23.625 0.0021701
7.3 25.875 0.00251831
7.3 28.125 0.00223384
7.3 30.375 0.00179919
7.3 32.625 0.00259473
7.3 34.875 0.00230261
7.3 37.125 0.00654989
7.3 39.375 0.00239564
7.3 41.625 0.0023256
7.3 43.875 0.00245942
7.5 1.125 0.00490779
7.5 3.375 0.00272233
7.5 5.625 0.00237222
7.5 7.875 0.00191981
7.5 10.125 0.00303168
7.5 12.375 0.00227471
7.5 14.625 0.0022038
7.5 16.875 0.00275586
7.5 19.125 0.00247334
7.5 21.375 0.00247546
7.5 23.625 0.00265904
7.5 25.875 0.00232672
7.5 28.125 0.00227438
7.5 30.375 0.00287638
7.5 32.625 0.0027017
7.5 34.875 0.00290149
7.5 37.125 0.00224006
7.5 39.375 0.00262408
7.5 41.625 0.00246418
7.5 43.875 0.00331834
7.7 1.125 0.00290388
7.7 3.375 0.00238701
7.7 5.625 0.00229099
7.7 7.875 0.002343
7.7 10.125 0.00234348
7.7 12.375 0.00249732
7.7 14.625 0.00266957
7.7 16.875 0.00260256
7.7 19.125 0.0025997
7.7 21.375 0.00314214
7.7 23.625 0.00205936
7.7 25.875 0.0022943
7.7 28.125 0.00268161
7.7 30.375 0.00234474
7.7 32.625 0.00195671
7.7 34.875 0.00215348
7.7 37.125 0.00234486
7.7 39.375 0.0026277
7.7 41.625 0.00221501
7.7 43.875 0.0020407
7.9 1.125 0.002517
7.9 3.375 0.00257061
7.9 5.625 0.00233313
7.9 7.875 0.00182915
7.9 10.125 0.00273167
7.9 12.375 0.00241507
7.9 14.625 0.00199438
7.9 16.875 0.00243386
7.9 19.125 0.00214143
7.9 21.375 0.00210394
7.9 23.625 0.00204275
7.9 25.875 0.00242435
7.9 28.125 0.00198084
7.9 30.375 0.00283726
7.9 32.625 0.00251937
7.9 34.875 0.00196827
7.9 37.125 0.00248516
7.9 39.375 0.0020604
7.9 41.625 0.00280493
7.9 43.875 0.00200862
8.1 1.125 0.00233004
8.1 3.375 0.00280857
8.1 5.625 0.00217365
8.1 7.875 0.00194259
8.1 10.125 0.00202429
8.1 12.375 0.00226115
8.1 14.625 0.00230227
8.1 16.875 0.00234536
8.1 19.125 0.00247548
8.1 21.375 0.00706496
8.1 23.625 0.00249764
8.1 25.875 0.00214249
8.1 28.125 0.00267179
8.1 30.375 0.00231079
8.1 32.625 0.00369657
8.1 34.875 0.0022019
8.1 37.125 0.0021351
8.1 39.375 0.00242872
8.1 41.625 0.00306162
8.1 43.875 0.00237751
8.3 1.125 0.00183042
8.3 3.375 0.00240831
8.3 5.625 0.00238799
8.3 7.875 0.00176999
8.3 10.125 0.00266732
8.3 12.375 0.00206888
8.3 14.625 0.00231084
8.3 16.875 0.00226236
8.3 19.125 0.00264191
8.3 21.375 0.00241793
8.3 23.625 0.00191618
8.3 25.875 0.00248529
8.3 28.125 0.00216019
8.3 30.375 0.00216245
8.3 32.625 0.00260396
8.3 34.875 0.00261128
8.3 37.125 0.0019995
8.3 39.375 0.00249426
8.3 41.625 0.00176788
8.3 43.875 0.00284199
8.5 1.125 0.0022515
8.5 3.375 0.00327977
8.5 5.625 0.00209249
8.5 7.875 0.0023432
8.5 10.125 0.00190273
8.5 12.375 0.00249398
8.5 14.625 0.00270734
8.5 16.875 0.00214659
8.5 19.125 0.00214558
8.5 21.375 0.00236813
8.5 23.625 0.00155393
8.5 25.875 0.00212632
8.5 28.125 0.00230153
8.5 30.375 0.00216855
8.5 32.625 0.00258908
8.5 34.875 0.00258711
8.5 37.125 0.00238804
8.5 39.375 0.00200767
8.5 41.625 0.00245138
8.5 43.875 0.00243826
8.7 1.125 0.00226628
8.7 3.375 0.00246047
8.7 5.625 0.00240788
8.7 7.875 0.00218763
8.7 10.125 0.00283679
8.7 12.375 0.00206088
8.7 14.625 0.00173951
8.7 16.875 0.0023898
8.7 19.125 0.00250184
8.7 21.375 0.00250905
8.7 23.625 0.00770302
8.7 25.875 0.00197681
8.7 28.125 0.00207269
8.7 30.375 0.00215539
8.7 32.625 0.00237569
8.7 34.875 0.00233631
8.7 37.125 0.00273784
8.7 39.375 0.00254989
8.7 41.625 0.00344757
8.7 43.875 0.00178456
8.9 1.125 0.00228684
8.9 3.375 0.00212571
8.9 5.625 0.00262473
8.9 7.875 0.0163597
8.9 10.125 0.00322632
8.9 12.375 0.00258896
8.9 14.625 0.0021616
8.9 16.875 0.00236592
8.9 19.125 0.00332433
8.9 21.375 0.00205514
8.9 23.625 0.00248801
8.9 25.875 0.00194935
8.9 28.125 0.00231905
8.9 30.375 0.00252938
8.9 32.625 0.00470897
8.9 34.875 0.00201601
8.9 37.125 0.00268213
8.9 39.375 0.0020879
8.9 41.625 0.00283029
8.9 43.875 0.0028262
9.1 1.125 0.00228761
9.1 3.375 0.00246109
9.1 5.625 0.00230583
9.1 7.875 0.00214659
9.1 10.125 0.00163743
9.1 12.375 0.00196531
9.1 14.625 0.00264142
9.1 16.875 0.00196997
9.1 19.125 0.00235563
9.1 21.375 0.00225688
9.1 23.625 0.00237698
9.1 25.875 0.00193198
9.1 28.125 0.00263043
9.1 30.375 0.00231351
9.1 32.625 0.00768399
9.1 34.875 0.00202794
9.1 37.125 0.00221223
9.1 39.375 0.00234026
9.1 41.625 0.00275904
9.1 43.875 0.00223435
9.3 1.125 0.0020837
9.3 3.375 0.00215608
9.3 5.625 0.00225102
9.3 7.875 0.00211076
9.3 10.125 0.00188917
9.3 12.375 0.00212427
9.3 14.625 0.00240096
9.3 16.875 0.00242577
9.3 19.125 0.00253174
9.3 21.375 0.00225002
9.3 23.625 0.00211497
9.3 25.875 0.00155488
9.3 28.125 0.00214413
9.3 30.375 0.00183656
9.3 32.625 0.00233674
9.3 34.875 0.00290349
9.3 37.125 0.00238238
9.3 39.375 0.00232952
9.3 41.625 0.00285506
9.3 43.875 0.00194845
9.5 1.125 0.00258684
9.5 3.375 0.00214946
9.5 5.625 0.00230087
9.5 7.875 0.00191926
9.5 10.125 0.00244397
9.5 12.375 0.00231276
9.5 14.625 0.00266583
9.5 16.875 0.00243021
9.5 19.125 0.00223717
9.5 21.375 0.00254535
9.5 23.625 0.0027208
9.5 25.875 0.00269135
9.5 28.125 0.010175
9.5 30.375 0.00255553
9.5 32.625 0.00217698
9.5 34.875 0.002055
9.5 37.125 0.00193394
9.5 39.375 0.00230465
9.5 41.625 0.00231488
9.5 43.875 0.0018
9.7 1.125 0.00177751
9.7 3.375 0.00206972
9.7 5.625 0.00180507
9.7 7.875 0.00259698
9.7 10.125 0.00239889
9.7 12.375 0.00313134
9.7 14.625 0.00306
9.7 16.875 0.00195792
9.7 19.125 0.00189365
9.7 21.375 0.00185979
9.7 23.625 0.00184071
9.7 25.875 0.00246559
9.7 28.125 0.00209823
9.7 30.375 0.00180924
9.7 32.625 0.00236437
9.7 34.875 0.00208999
9.7 37.125 0.00224737
9.7 39.375 0.00196525
9.7 41.625 0.00230753
9.7 43.875 0.00198123
9.9 1.125 0.00174448
9.9 3.375 0.00248039
9.9 5.625 0.0023204
9.9 7.875 0.00256139
9.9 10.125 0.00161087
9.9 12.375 0.00295386
9.9 14.625 0.00220497
9.9 16.875 0.00221199
9.9 19.125 0.00215454
9.9 21.375 0.00252287
9.9 23.625 0.00197473
9.9 25.875 0.00211832
9.9 28.125 0.00271212
9.9 30.375 0.00245966
9.9 32.625 0.00345933
9.9 34.875 0.00175674
9.9 37.125 0.00241611
9.9 39.375 0.00287894
9.9 41.625 0.00173302
9.9 43.875 0.00197517
10.1 1.125 0.0102279
10.1 3.375 0.00271753
10.1 5.625 0.00202133
10.1 7.875 0.00199601
10.1 10.125 0.00244085
10.1 12.375 0.00223082
10.1 14.625 0.001637
10.1 16.875 0.00244058
10.1 19.125 0.00226685
10.1 21.375 0.00187515
10.1 23.625 0.00227225
10.1 25.875 0.00224184
10.1 28.125 0.002757
10.1 30.375 0.00268374
10.1 32.625 0.00215911
10.1 34.875 0.00255718
10.1 37.125 0.0121761
10.1 39.375 0.00245523
10.1 41.625 0.00241093
10.1 43.875 0.00224194
10.3 1.125 0.00234196
10.3 3.375 0.00188339
10.3 5.625 0.00199449
10.3 7.875 0.00288362
10.3 10.125 0.00213575
10.3 12.375 0.00219177
10.3 14.625 0.00419207
10.3 16.875 0.00166042
10.3 19.125 0.00203763
10.3 21.375 0.00199372
10.3 23.625 0.00259671
10.3 25.875 0.00195555
10.3 28.125 0.00246558
10.3 30.375 0.00239112
10.3 32.625 0.00244364
10.3 34.875 0.00204605
10.3 37.125 0.00243608
10.3 39.375 0.00186359
10.3 41.625 0.00260989
10.3 43.875 0.0022152
10.5 1.125 0.00182809
10.5 3.375 0.00184195
10.5 5.625 0.00232199
10.5 7.875 0.00253682
10.5 10.125 0.00231758
10.5 12.375 0.00236119
10.5 14.625 0.00209982
10.5 16.875 0.00214679
10.5 19.125 0.00261546
10.5 21.375 0.00211098
10.5 23.625 0.00231468
10.5 25.875 0.00794507
10.5 28.125 0.00190108
10.5 30.375 0.0021171
10.5 32.625 0.00231576
10.5 34.875 0.0023305
10.5 37.125 0.00265013
10.5 39.375 0.00230177
10.5 41.625 0.00199606
10.5 43.875 0.00797633
10.7 1.125 0.00185263
10.7 3.375 0.00180782
10.7 5.625 0.00228928
10.7 7.875 0.00254458
10.7 10.125 0.00150583
10.7 12.375 0.0020058
10.7 14.625 0.00179232
10.7 16.875 0.00174853
10.7 19.125 0.00196862
10.7 21.375 0.00271415
10.7 23.625 0.00210247
10.7 25.875 0.00204719
10.7 28.125 0.00204689
10.7 30.375 0.00223694
10.7 32.625 0.00171815
10.7 34.875 0.00212507
10.7 37.125 0.00170381
10.7 39.375 0.0027339
10.7 41.625 0.00310415
10.7 43.875 0.00224134
10.9 1.125 0.00215113
10.9 3.375 0.00151601
10.9 5.625 0.00316952
10.9 7.875 0.00363015
10.9 10.125 0.00281046
10.9 12.375 0.00206435
10.9 14.625 0.00182716
10.9 16.875 0.00216372
10.9 19.125 0.00216183
10.9 21.375 0.00163944
10.9 23.625 0.00144797
10.9 25.875 0.00286959
10.9 28.125 0.00217408
10.9 30.375 0.00190584
10.9 32.625 0.00197725
10.9 34.875 0.0018732
10.9 37.125 0.00229818
10.9 39.375 0.00175907
10.9 41.625 0.00222632
10.9 43.875 0.00190834
11.1 1.125 0.00217202
11.1 3.375 0.00243149
11.1 5.625 0.00273042
11.1 7.875 0.0027484
11.1 10.125 0.00181624
11.1 12.375 0.00217297
11.1 14.625 0.00647271
11.1 16.875 0.00190756
11.1 19.125 0.00380249
11.1 21.375 0.00232266
11.1 23.625 0.00230243
11.1 25.875 0.0023159
11.1 28.125 0.00213799
11.1 30.375 0.00203478
11.1 32.625 0.00185336
11.1 34.875 0.00218237
11.1 37.125 0.00171834
11.1 39.375 0.0023228
11.1 41.625 0.00224658
11.1 43.875 0.00222436
11.3 1.125 0.00233973
11.3 3.375 0.00216146
11.3 5.625 0.00203205
11.3 7.875 0.00204117
11.3 10.125 0.0025033
11.3 12.375 0.00226485
11.3 14.625 0.00222764
11.3 16.875 0.0017858
11.3 19.125 0.00230486
11.3 21.375 0.00203484
11.3 23.625 0.00294218
11.3 25.875 0.00204378
11.3 28.125 0.00189996
11.3 30.375 0.00157494
11.3 32.625 0.00205048
11.3 34.875 0.00169765
11.3 37.125 0.00197711
11.3 39.375 0.00209838
11.3 41.625 0.00265819
11.3 43.875 0.00226375
11.5 1.125 0.0020767
11.5 3.375 0.00200421
11.5 5.625 0.00215976
11.5 7.875 0.00310083
11.5 10.125 0.00190536
11.5 12.375 0.00205999
11.5 14.625 0.0019055
11.5 16.875 0.00181315
11.5 19.125 0.00233028
11.5 21.375 0.00192242
11.5 23.625 0.00196363
11.5 25.875 0.00231281
11.5 28.125 0.00242171
11.5 30.375 0.00303106
11.5 32.625 0.00192764
11.5 34.875 0.00219978
11.5 37.125 0.00256097
11.5 39.375 0.00261096
11.5 41.625 0.00203338
11.5 43.875 0.00160771
11.7 1.125 0.00180203
11.7 3.375 0.00153709
11.7 5.625 0.00258232
11.7 7.875 0.00235537
11.7 10.125 0.00218933
11.7 12.375 0.00160092
11.7 14.625 0.00231233
11.7 16.875 0.00146303
11.7 21.375 0.00291846
11.7 23.625 0.00287832
11.7 25.875 0.00161969
11.7 28.125 0.00271675
11.7 30.375 0.00169937
11.7 32.625 0.00179817
11.7 34.875 0.00482947
11.7 37.125 0.00171562
11.7 39.375 0.00203507
11.7 41.625 0.00195588
11.7 43.875 0.0022066
11.9 1.125 0.00257213
11.9 3.375 0.00342663
11.9 5.625 0.00323364
11.9 7.875 0.0020895
11.9 10.125 0.0021042
11.9 12.375 0.00169428
11.9 14.625 0.00228691
11.9 16.875 0.00195783
11.9 19.125 0.0019443
11.9 21.375 0.00229659
11.9 23.625 0.0017354
11.9 25.875 0.00194675
11.9 28.125 0.00153646
11.9 30.375 0.00222307
11.9 32.625 0.00214434
11.9 34.875 0.00207284
11.9 37.125 0.00167448
11.9 39.375 0.00166713
11.9 41.625 0.00233847
11.9 43.875 0.00228949
12.1 1.125 0.00257909
12.1 3.375 0.00195272
12.1 5.625 0.00152904
12.1 7.875 0.0106657
12.1 10.125 0.00267511
12.1 12.375 0.00295674
12.1 14.625 0.00184583
12.1 16.875 0.00159361
12.1 19.125 0.00279916
12.1 21.375 0.00162725
12.1 23.625 0.0024053
12.1 25.875 0.0303248
12.1 28.125 0.00171396
12.1 30.375 0.00567118
12.1 32.625 0.0022621
12.1 34.875 0.00215537
12.1 37.125 0.0023998
12.1 39.375 0.00158532
12.1 41.625 0.00211974
12.1 43.875 0.00192159
12.3 1.125 0.00132299
12.3 3.375 0.0013693
12.3 5.625 0.00195492
12.3 7.875 0.00246968
12.3 10.125 0.00195817
12.3 12.375 0.00141965
12.3 14.625 0.00322625
12.3 16.875 0.00113081
12.3 19.125 0.00209571
12.3 21.375 0.00215099
12.3 23.625 0.00241088
12.3 25.875 0.00164483
12.3 28.125 0.00217939
12.3 30.375 0.00258891
12.3 32.625 0.00220249
12.3 34.875 0.00176762
12.3 37.125 0.0020103
12.3 39.375 0.00179865
12.3 41.625 0.00184212
12.3 43.875 0.00232468
12.5 1.125 0.00150145
12.5 3.375 0.00179764
12.5 5.625 0.00287051
12.5 7.875 0.00199616
12.5 10.125 0.00173679
12.5 12.375 0.00282181
12.5 14.625 0.00274354
12.5 16.875 0.00235038
12.5 19.125 0.00291031
12.5 21.375 0.00139303
12.5 23.625 0.00270401
12.5 25.875 0.00438077
12.5 28.125 0.00198358
12.5 30.375 0.00179228
12.5 32.625 0.00111863
12.5 34.875 0.00156584
12.5 37.125 0.00249684
12.5 39.375 0.00212428
12.5 41.625 0.00269294
12.5 43.875 0.00207713
12.7 1.125 0.00178245
12.7 3.375 0.00185357
12.7 5.625 0.00261487
12.7 7.875 0.00247867
12.7 10.125 0.0020069
12.7 12.375 0.00168652
12.7 14.625 0.00230296
12.7 16.875 0.00218736
12.7 19.125 0.00171472
12.7 21.375 0.00239357
12.7 23.625 0.00209175
12.7 25.875 0.00157998
12.7 30.375 0.00202685
12.7 32.625 0.00168621
12.7 34.875 0.00400498
12.7 37.125 0.00220594
12.7 39.375 0.00169113
12.7 41.625 0.00218559
12.7 43.875 0.00322297
12.9 1.125 0.00197634
12.9 3.375 0.00189482
12.9 5.625 0.00214843
12.9 7.875 0.00222807
12.9 10.125 0.00190306
12.9 12.375 0.00200278
12.9 14.625 0.00128827
12.9 16.875 0.00212553
12.9 19.125 0.00271911
12.9 21.375 0.00179445
12.9 23.625 0.0026053
12.9 25.875 0.00164088
12.9 30.375 0.00182547
12.9 32.625 0.00219388
12.9 34.875 0.00198399
12.9 37.125 0.0021425
12.9 39.375 0.00130537
12.9 41.625 0.00283032
12.9 43.875 0.00178644
13.1 1.125 0.00240675
13.1 3.375 0.00152745
13.1 5.625 0.00244063
13.1 7.875 0.00142088
13.1 12.375 0.00168262
13.1 14.625 0.00185331
13.1 16.875 0.00173654
13.1 19.125 0.00178088
13.1 21.375 0.00255476
13.1 23.625 0.00192904
13.1 25.875 0.00181248
13.1 28.125 0.00505939
13.1 30.375 0.00244319
13.1 32.625 0.00202279
13.1 34.875 0.00164732
13.1 37.125 0.00228534
13.1 39.375 0.00235827
13.1 41.625 0.00293476
13.1 43.875 0.00151126
13.3 1.125 0.00279206
13.3 3.375 0.00262166
13.3 5.625 0.00198418
13.3 7.875 0.00181258
13.3 10.125 0.00240635
13.3 12.375 0.000981365
13.3 14.625 0.00317793
13.3 16.875 0.00217371
13.3 19.125 0.00171586
13.3 21.375 0.00214206
13.3 23.625 0.0012563
13.3 25.875 0.00408175
13.3 28.125 0.00187443
13.3 30.375 0.00141566
13.3 32.625 0.00244749
13.3 34.875 0.0024505
13.3 37.125 0.0037996
13.3 39.375 0.00169164
13.3 41.625 0.00187798
13.3 43.875 0.00148648
13.5 1.125 0.00251992
13.5 3.375 0.00275794
13.5 5.625 0.00160092
13.5 10.125 0.00185984
13.5 12.375 0.00228372
13.5 14.625 0.00150031
13.5 16.875 0.00250057
13.5 19.125 0.00220614
13.5 21.375 0.00270911
13.5 23.625 0.0013509
13.5 25.875 0.00158206
13.5 28.125 0.00200574
13.5 30.375 0.00305048
13.5 32.625 0.00216513
13.5 34.875 0.00282607
13.5 37.125 0.00122754
13.5 41.625 0.00156452
13.5 43.875 0.0017271
13.7 1.125 0.00149494
13.7 3.375 0.00169847
13.7 5.625 0.0021201
13.7 7.875 0.00187976
13.7 10.125 0.00170439
13.7 12.375 0.001738
13.7 19.125 0.00220157
13.7 21.375 0.00177213
13.7 23.625 0.00308579
13.7 25.875 0.00132707
13.7 28.125 0.00376217
13.7 30.375 0.0016871
13.7 32.625 0.00132212
13.7 34.875 0.00241714
13.7 39.375 0.00359091
13.7 41.625 0.000978588
13.7 43.875 0.0027836
13.9 1.125 0.00147827
13.9 3.375 0.00325238
13.9 5.625 0.00187523
13.9 7.875 0.00126131
13.9 10.125 0.00209307
13.9 14.625 0.00131325
13.9 16.875 0.00157976
13.9 19.125 0.00125005
13.9 21.375 0.00264008
13.9 23.625 0.00262803
13.9 25.875 0.00200988
13.9 28.125 0.070187
13.9 30.375 0.00339899
13.9 32.625 0.00160068
13.9 34.875 0.00213708
13.9 41.625 0.0020736
13.9 43.875 0.00151195
