0.1 1.125 0.252283
0.1 3.375 0.253102
0.1 5.625 0.255791
0.1 7.875 0.252764
0.1 10.125 0.252405
0.1 12.375 0.257918
0.1 14.625 0.255059
0.1 16.875 0.25498
0.1 19.125 0.25645
0.1 21.375 0.251186
0.1 23.625 0.251175
0.1 25.875 0.259983
0.1 28.125 0.253577
0.1 30.375 0.253957
0.1 32.625 0.25073
0.1 34.875 0.252723
0.1 37.125 0.254589
0.1 39.375 0.251271
0.1 41.625 0.252262
0.1 43.875 0.260996
0.3 1.125 0.243465
0.3 3.375 0.236472
0.3 5.625 0.242968
0.3 7.875 0.244512
0.3 10.125 0.246982
0.3 12.375 0.241047
0.3 14.625 0.245487
0.3 16.875 0.245409
0.3 19.125 0.241743
0.3 21.375 0.24411
0.3 23.625 0.241271
0.3 25.875 0.23904
0.3 28.125 0.243824
0.3 30.375 0.234432
0.3 32.625 0.244952
0.3 34.875 0.243534
0.3 37.125 0.240916
0.3 39.375 0.244288
0.3 41.625 0.242639
0.3 43.875 0.233939
0.5 1.125 0.235261
0.5 3.375 0.235095
0.5 5.625 0.232105
0.5 7.875 0.231163
0.5 10.125 0.225574
0.5 12.375 0.230669
0.5 14.625 0.229964
0.5 16.875 0.22693
0.5 19.125 0.234594
0.5 21.375 0.227955
0.5 23.625 0.230677
0.5 25.875 0.22246
0.5 28.125 0.22937
0.5 30.375 0.226207
0.5 32.625 0.227132
0.5 34.875 0.225724
0.5 37.125 0.228447
0.5 39.375 0.226906
0.5 41.625 0.232495
0.5 43.875 0.228556
0.7 1.125 0.212989
0.7 3.375 0.221601
0.7 5.625 0.218653
0.7 7.875 0.214297
0.7 10.125 0.21512
0.7 12.375 0.213101
0.7 14.625 0.215279
0.7 16.875 0.213968
0.7 19.125 0.212662
0.7 21.375 0.206736
0.7 23.625 0.201773
0.7 25.875 0.206733
0.7 28.125 0.20613
0.7 30.375 0.210728
0.7 32.625 0.2063
0.7 34.875 0.196527
0.7 37.125 0.192513
0.7 39.375 0.20373
0.7 41.625 0.207746
0.7 43.875 0.209516
0.9 1.125 0.196037
0.9 3.375 0.19724
0.9 5.625 0.191998
0.9 7.875 0.194859
0.9 10.125 0.189577
0.9 12.375 0.189891
0.9 14.625 0.179851
0.9 16.875 0.191018
0.9 19.125 0.194143
0.9 21.375 0.184652
0.9 23.625 0.176866
0.9 25.875 0.190194
0.9 28.125 0.182882
0.9 30.375 0.181305
0.9 32.625 0.18103
0.9 34.875 0.180029
0.9 37.125 0.17503
0.9 39.375 0.192475
0.9 41.625 0.190397
0.9 43.875 0.18067
1.1 1.125 0.158416
1.1 3.375 0.156751
1.1 5.625 0.162444
1.1 7.875 0.15242
1.1 10.125 0.15552
1.1 12.375 0.151504
1.1 14.625 0.15293
1.1 16.875 0.152812
1.1 19.125 0.153349
1.1 21.375 0.155332
1.1 23.625 0.147038
1.1 25.875 0.160074
1.1 28.125 0.146662
1.1 30.375 0.159016
1.1 32.625 0.153672
1.1 34.875 0.140534
1.1 37.125 0.163963
1.1 39.375 0.143434
1.1 41.625 0.15805
1.1 43.875 0.165133
1.3 1.125 0.109097
1.3 3.375 0.110246
1.3 5.625 0.1098
1.3 7.875 0.11227
1.3 10.125 0.113813
1.3 12.375 0.115404
1.3 14.625 0.116849
1.3 16.875 0.115184
1.3 19.125 0.114314
1.3 21.375 0.110014
1.3 23.625 0.121515
1.3 25.875 0.112751
1.3 28.125 0.132004
1.3 30.375 0.114562
1.3 32.625 0.116203
1.3 34.875 0.111497
1.3 37.125 0.127747
1.3 39.375 0.129085
1.3 41.625 0.125578
1.3 43.875 0.119434
1.5 1.125 0.0724313
1.5 3.375 0.0720412
1.5 5.625 0.0723738
1.5 7.875 0.0735163
1.5 10.125 0.0747592
1.5 12.375 0.0745487
1.5 14.625 0.0740513
1.5 16.875 0.0821168
1.5 19.125 0.0867008
1.5 21.375 0.0795678
1.5 23.625 0.0914659
1.5 25.875 0.0922659
1.5 28.125 0.099221
1.5 30.375 0.085207
1.5 32.625 0.097794
1.5 34.875 0.103969
1.5 37.125 0.100521
1.5 39.375 0.111856
1.5 41.625 0.118046
1.5 43.875 0.0946755
1.7 1.125 0.0473532
1.7 3.375 0.0485041
1.7 5.625 0.0466306
1.7 7.875 0.0461072
1.7 10.125 0.0514035
1.7 12.375 0.0528904
1.7 14.625 0.0542388
1.7 16.875 0.061703
1.7 19.125 0.0567473
1.7 21.375 0.0636334
1.7 23.625 0.0626803
1.7 25.875 0.0638915
1.7 28.125 0.0694149
1.7 30.375 0.0706684
1.7 32.625 0.0560529
1.7 34.875 0.0602501
1.7 37.125 0.0605418
1.7 39.375 0.0720261
1.7 41.625 0.0819676
1.7 43.875 0.0637032
1.9 1.125 0.0306505
1.9 3.375 0.0313681
1.9 5.625 0.0304713
1.9 7.875 0.0327606
1.9 10.125 0.0326355
1.9 12.375 0.0315234
1.9 14.625 0.0353945
1.9 16.875 0.0317387
1.9 19.125 0.0364945
1.9 21.375 0.0419123
1.9 23.625 0.0376484
1.9 25.875 0.0359155
1.9 28.125 0.0393693
1.9 30.375 0.0410161
1.9 32.625 0.0407956
1.9 34.875 0.0447947
1.9 37.125 0.0401494
1.9 39.375 0.0493925
1.9 41.625 0.0448989
1.9 43.875 0.0519628
2.1 1.125 0.0194555
2.1 3.375 0.0185034
2.1 5.625 0.017882
2.1 7.875 0.0178832
2.1 10.125 0.0178132
2.1 12.375 0.0199858
2.1 14.625 0.0250666
2.1 16.875 0.0210136
2.1 19.125 0.028089
2.1 21.375 0.026538
2.1 23.625 0.0273252
2.1 25.875 0.0303201
2.1 28.125 0.025184
2.1 30.375 0.0302449
2.1 32.625 0.0334733
2.1 34.875 0.0309562
2.1 37.125 0.0372378
2.1 39.375 0.0368476
2.1 41.625 0.0315825
2.1 43.875 0.033045
2.3 1.125 0.00950982
2.3 3.375 0.00964645
2.3 5.625 0.0105932
2.3 7.875 0.0101345
2.3 10.125 0.0102848
2.3 12.375 0.0110789
2.3 14.625 0.012862
2.3 16.875 0.0129865
2.3 19.125 0.0140806
2.3 21.375 0.015789
2.3 23.625 0.0184889
2.3 25.875 0.0174259
2.3 28.125 0.020997
2.3 30.375 0.0220936
2.3 32.625 0.0227039
2.3 34.875 0.0225929
2.3 37.125 0.0240472
2.3 39.375 0.02239
2.3 41.625 0.0248426
2.3 43.875 0.0265606
2.5 1.125 0.00561975
2.5 3.375 0.00610093
2.5 5.625 0.00650564
2.5 7.875 0.00716803
2.5 10.125 0.00658788
2.5 12.375 0.00699462
2.5 14.625 0.00636078
2.5 16.875 0.00847865
2.5 19.125 0.00750017
2.5 21.375 0.00860607
2.5 23.625 0.00883407
2.5 25.875 0.0107801
2.5 28.125 0.0110641
2.5 30.375 0.0146213
2.5 32.625 0.0145567
2.5 34.875 0.0159553
2.5 37.125 0.0161978
2.5 39.375 0.0136176
2.5 41.625 0.0168754
2.5 43.875 0.017792
2.7 1.125 0.00586169
2.7 3.375 0.00624063
2.7 5.625 0.0051492
2.7 7.875 0.00464501
2.7 10.125 0.00534647
2.7 12.375 0.00490976
2.7 14.625 0.00539278
2.7 16.875 0.00409446
2.7 19.125 0.00496086
2.7 21.375 0.00497134
2.7 23.625 0.00548987
2.7 25.875 0.00667473
2.7 28.125 0.00758406
2.7 30.375 0.00793065
2.7 32.625 0.00945304
2.7 34.875 0.00893766
2.7 37.125 0.0109512
2.7 39.375 0.0120546
2.7 41.625 0.0138982
2.7 43.875 0.0150592
2.9 1.125 0.00513074
2.9 3.375 0.00495482
2.9 5.625 0.00478431
2.9 7.875 0.00440285
2.9 10.125 0.00558459
2.9 12.375 0.00407683
2.9 14.625 0.00660797
2.9 16.875 0.00441001
2.9 19.125 0.005454
2.9 21.375 0.0051803
2.9 23.625 0.00723137
2.9 25.875 0.00526509
2.9 28.125 0.00527589
2.9 30.375 0.00481403
2.9 32.625 0.0060594
2.9 34.875 0.00626246
2.9 37.125 0.00744722
2.9 39.375 0.00851067
2.9 41.625 0.0078958
2.9 43.875 0.0105803
3.1 1.125 0.00624354
3.1 3.375 0.00494509
3.1 5.625 0.00478213
3.1 7.875 0.0042274
3.1 10.125 0.00649325
3.1 12.375 0.00429763
3.1 14.625 0.00431168
3.1 16.875 0.00525139
3.1 19.125 0.0035615
3.1 21.375 0.0046061
3.1 23.625 0.00446018
3.1 25.875 0.00466473
3.1 28.125 0.00553546
3.1 30.375 0.00506008
3.1 32.625 0.00464334
3.1 34.875 0.00460243
3.1 37.125 0.00526388
3.1 39.375 0.00571913
3.1 41.625 0.00701297
3.1 43.875 0.00796291
3.3 1.125 0.0043754
3.3 3.375 0.0040788
3.3 5.625 0.00642946
3.3 7.875 0.00590608
3.3 10.125 0.00635688
3.3 12.375 0.00723886
3.3 14.625 0.00727714
3.3 16.875 0.00621687
3.3 19.125 0.00410602
3.3 21.375 0.00391886
3.3 23.625 0.00398952
3.3 25.875 0.00469519
3.3 28.125 0.00442256
3.3 30.375 0.00547696
3.3 32.625 0.0053901
3.3 34.875 0.00450651
3.3 37.125 0.00433969
3.3 39.375 0.00446042
3.3 41.625 0.00522496
3.3 43.875 0.00534686
3.5 1.125 0.00398044
3.5 3.375 0.00380086
3.5 5.625 0.00380786
3.5 7.875 0.00351675
3.5 10.125 0.0063451
3.5 12.375 0.0102725
3.5 14.625 0.00516783
3.5 16.875 0.00344556
3.5 19.125 0.00872083
3.5 21.375 0.00370926
3.5 23.625 0.00348372
3.5 25.875 0.00495658
3.5 28.125 0.00408517
3.5 30.375 0.00456912
3.5 32.625 0.00421034
3.5 34.875 0.00372901
3.5 37.125 0.0044836
3.5 39.375 0.00433845
3.5 41.625 0.00382458
3.5 43.875 0.00393181
3.7 1.125 0.00449264
3.7 3.375 0.00431145
3.7 5.625 0.00377723
3.7 7.875 0.00562798
3.7 10.125 0.00379932
3.7 12.375 0.00662855
3.7 14.625 0.00306864
3.7 16.875 0.00765882
3.7 19.125 0.00371505
3.7 21.375 0.00630426
3.7 23.625 0.00459265
3.7 25.875 0.00538437
3.7 28.125 0.00457834
3.7 30.375 0.00405394
3.7 32.625 0.0030479
3.7 34.875 0.00364676
3.7 37.125 0.00411363
3.7 39.375 0.00358805
3.7 41.625 0.00334575
3.7 43.875 0.00329667
3.9 1.125 0.00402125
3.9 3.375 0.00408452
3.9 5.625 0.00412451
3.9 7.875 0.00352444
3.9 10.125 0.00372293
3.9 12.375 0.00687208
3.9 14.625 0.00415988
3.9 16.875 0.00256592
3.9 19.125 0.00468489
3.9 21.375 0.00769599
3.9 23.625 0.00516246
3.9 25.875 0.00425637
3.9 28.125 0.00396526
3.9 30.375 0.00395926
3.9 32.625 0.0042207
3.9 34.875 0.00362895
3.9 37.125 0.0041244
3.9 39.375 0.00331679
3.9 41.625 0.003013
3.9 43.875 0.00331437
4.1 1.125 0.00435112
4.1 3.375 0.00367753
4.1 5.625 0.0039389
4.1 7.875 0.00306885
4.1 10.125 0.00353421
4.1 12.375 0.00386592
4.1 14.625 0.00332764
4.1 16.875 0.0104963
4.1 19.125 0.0120212
4.1 21.375 0.004845
4.1 23.625 0.00349493
4.1 25.875 0.00445997
4.1 28.125 0.00346782
4.1 30.375 0.0042691
4.1 32.625 0.0038163
4.1 34.875 0.00381854
4.1 37.125 0.00294849
4.1 39.375 0.00257556
4.1 41.625 0.00265046
4.1 43.875 0.00319863
4.3 1.125 0.00427634
4.3 3.375 0.0033608
4.3 5.625 0.00779585
4.3 7.875 0.00375893
4.3 10.125 0.00356893
4.3 12.375 0.00349094
4.3 14.625 0.00781538
4.3 16.875 0.00420135
4.3 19.125 0.00464305
4.3 21.375 0.00356546
4.3 23.625 0.00447366
4.3 25.875 0.0044482
4.3 28.125 0.00368571
4.3 30.375 0.00441003
4.3 32.625 0.00415357
4.3 34.875 0.00318139
4.3 37.125 0.00257633
4.3 39.375 0.00309467
4.3 41.625 0.00286218
4.3 43.875 0.00325832
4.5 1.125 0.00319866
4.5 3.375 0.00446136
4.5 5.625 0.0029145
4.5 7.875 0.00315791
4.5 10.125 0.00317961
4.5 12.375 0.00330376
4.5 14.625 0.00350407
4.5 16.875 0.00671856
4.5 19.125 0.00322896
4.5 21.375 0.00336004
4.5 23.625 0.00370343
4.5 25.875 0.00398204
4.5 28.125 0.00361809
4.5 30.375 0.00360417
4.5 32.625 0.00326451
4.5 34.875 0.00289101
4.5 37.125 0.00283185
4.5 39.375 0.00303509
4.5 41.625 0.00299894
4.5 43.875 0.00310859
4.7 1.125 0.00274646
4.7 3.375 0.00300735
4.7 5.625 0.00306521
4.7 7.875 0.00309444
4.7 10.125 0.00312258
4.7 12.375 0.0034527
4.7 14.625 0.0036085
4.7 16.875 0.00333366
4.7 19.125 0.00284177
4.7 21.375 0.00345114
4.7 23.625 0.00324492
4.7 25.875 0.00386916
4.7 28.125 0.00329221
4.7 30.375 0.00307802
4.7 32.625 0.00267846
4.7 34.875 0.00308821
4.7 37.125 0.00334712
4.7 39.375 0.00292405
4.7 41.625 0.00277548
4.7 43.875 0.00343372
4.9 1.125 0.00324413
4.9 3.375 0.00264826
4.9 5.625 0.0025634
4.9 7.875 0.00408617
4.9 10.125 0.00258496
4.9 12.375 0.00281817
4.9 14.625 0.0026729
4.9 16.875 0.0048318
4.9 19.125 0.0030909
4.9 21.375 0.00303612
4.9 23.625 0.00303091
4.9 25.875 0.00332259
4.9 28.125 0.00283776
4.9 30.375 0.00301127
4.9 32.625 0.00264122
4.9 34.875 0.0031777
4.9 37.125 0.0026763
4.9 39.375 0.00210706
4.9 41.625 0.00296742
4.9 43.875 0.00223323
5.1 1.125 0.00279838
5.1 3.375 0.00245898
5.1 5.625 0.00291337
5.1 7.875 0.00243066
5.1 10.125 0.00234871
5.1 12.375 0.00246212
5.1 14.625 0.00230676
5.1 16.875 0.00257392
5.1 19.125 0.00273972
5.1 21.375 0.00303443
5.1 23.625 0.00325242
5.1 25.875 0.00350629
5.1 28.125 0.00314173
5.1 30.375 0.00272396
5.1 32.625 0.00296628
5.1 34.875 0.00251472
5.1 37.125 0.00268524
5.1 39.375 0.00243796
5.1 41.625 0.00348952
5.1 43.875 0.00252096
5.3 1.125 0.00250575
5.3 3.375 0.00245508
5.3 5.625 0.00258752
5.3 7.875 0.0057763
5.3 10.125 0.0022046
5.3 12.375 0.00279019
5.3 14.625 0.00511084
5.3 16.875 0.00235207
5.3 19.125 0.00245486
5.3 21.375 0.00250854
5.3 23.625 0.0031364
5.3 25.875 0.00314523
5.3 28.125 0.00296968
5.3 30.375 0.00303082
5.3 32.625 0.00290942
5.3 34.875 0.00290254
5.3 37.125 0.00327076
5.3 39.375 0.0033953
5.3 41.625 0.00306365
5.3 43.875 0.0022692
5.5 1.125 0.00458094
5.5 3.375 0.00196962
5.5 5.625 0.002092
5.5 7.875 0.00246709
5.5 10.125 0.00272986
5.5 12.375 0.00240862
5.5 14.625 0.00194548
5.5 16.875 0.0033638
5.5 19.125 0.00269195
5.5 21.375 0.00274768
5.5 23.625 0.00271672
5.5 25.875 0.00264501
5.5 28.125 0.00330206
5.5 30.375 0.00266684
5.5 32.625 0.00291261
5.5 34.875 0.00328298
5.5 37.125 0.00251856
5.5 39.375 0.00307709
5.5 41.625 0.00292722
5.5 43.875 0.00254745
5.7 1.125 0.00237438
5.7 3.375 0.00458369
5.7 5.625 0.0100457
5.7 7.875 0.002123
5.7 10.125 0.00265242
5.7 12.375 0.00286614
5.7 14.625 0.00234651
5.7 16.875 0.00231964
5.7 19.125 0.00259971
5.7 21.375 0.00259227
5.7 23.625 0.00257315
5.7 25.875 0.00224045
5.7 28.125 0.00354767
5.7 30.375 0.00216651
5.7 32.625 0.00280517
5.7 34.875 0.00280828
5.7 37.125 0.00282658
5.7 39.375 0.00365501
5.7 41.625 0.00388254
5.7 43.875 0.0023699
5.9 1.125 0.00272513
5.9 3.375 0.00244751
5.9 5.625 0.00226807
5.9 7.875 0.00359906
5.9 10.125 0.00288888
5.9 12.375 0.0021937
5.9 14.625 0.002618
5.9 16.875 0.00308992
5.9 19.125 0.00345943
5.9 21.375 0.0023777
5.9 23.625 0.00386069
5.9 25.875 0.00241151
5.9 28.125 0.00247247
5.9 30.375 0.00229214
5.9 32.625 0.00256904
5.9 34.875 0.00241135
5.9 37.125 0.00282633
5.9 39.375 0.00261381
5.9 41.625 0.00282279
5.9 43.875 0.00375067
6.1 1.125 0.00224861
6.1 3.375 0.00587935
6.1 5.625 0.0073189
6.1 7.875 0.00175992
6.1 10.125 0.00175059
6.1 12.375 0.00232979
6.1 14.625 0.00212186
6.1 16.875 0.00380277
6.1 19.125 0.00271558
6.1 21.375 0.00256422
6.1 23.625 0.00233644
6.1 25.875 0.00222448
6.1 28.125 0.00209318
6.1 30.375 0.00257979
6.1 32.625 0.00280868
6.1 34.875 0.00217308
6.1 37.125 0.00232654
6.1 39.375 0.00279228
6.1 41.625 0.00251659
6.1 43.875 0.00282469
6.3 1.125 0.00246717
6.3 3.375 0.00216595
6.3 5.625 0.00819466
6.3 7.875 0.00205508
6.3 10.125 0.00222725
6.3 12.375 0.0028509
6.3 14.625 0.00244087
6.3 16.875 0.00476706
6.3 19.125 0.00266645
6.3 21.375 0.00256765
6.3 23.625 0.0025591
6.3 25.875 0.0024877
6.3 28.125 0.00220162
6.3 30.375 0.00243928
6.3 32.625 0.00240728
6.3 34.875 0.00238172
6.3 37.125 0.00224754
6.3 39.375 0.00249819
6.3 41.625 0.00240993
6.3 43.875 0.00290015
6.5 1.125 0.00264752
6.5 3.375 0.00283805
6.5 5.625 0.00288565
6.5 7.875 0.00193692
6.5 10.125 0.00220256
6.5 12.375 0.00247921
6.5 14.625 0.00398802
6.5 16.875 0.00272928
6.5 19.125 0.00304919
6.5 21.375 0.00279147
6.5 23.625 0.00198044
6.5 25.875 0.00272304
6.5 28.125 0.00243343
6.5 30.375 0.00233356
6.5 32.625 0.00275666
6.5 34.875 0.00212938
6.5 37.125 0.00221619
6.5 39.375 0.00255691
6.5 41.625 0.00249803
6.5 43.875 0.00315401
6.7 1.125 0.00262845
6.7 3.375 0.00263562
6.7 5.625 0.00225979
6.7 7.875 0.00381149
6.7 10.125 0.00225467
6.7 12.375 0.00225338
6.7 14.625 0.00331215
6.7 16.875 0.00300955
6.7 19.125 0.00223241
6.7 21.375 0.00265096
6.7 23.625 0.00201344
6.7 25.875 0.00414302
6.7 28.125 0.00166569
6.7 30.375 0.00220872
6.7 32.625 0.0031879
6.7 34.875 0.00170684
6.7 37.125 0.00229621
6.7 39.375 0.00260611
6.7 41.625 0.00220982
6.7 43.875 0.00257215
6.9 1.125 0.00295281
6.9 3.375 0.00230195
6.9 5.625 0.00223673
6.9 7.875 0.00291468
6.9 10.125 0.00196983
6.9 12.375 0.00268208
6.9 14.625 0.00237128
6.9 16.875 0.00216367
6.9 19.125 0.00259884
6.9 21.375 0.00279111
6.9 23.625 0.00272062
6.9 25.875 0.00227278
6.9 28.125 0.00261563
6.9 30.375 0.00253088
6.9 32.625 0.00246858
6.9 34.875 0.00259793
6.9 37.125 0.00186583
6.9 39.375 0.0028165
6.9 41.625 0.00240522
6.9 43.875 0.00195795
7.1 1.125 0.00256866
7.1 3.375 0.00273672
7.1 5.625 0.00256554
7.1 7.875 0.00260727
7.1 10.125 0.0024348
7.1 12.375 0.00305867
7.1 14.625 0.00634394
7.1 16.875 0.00279189
7.1 19.125 0.00244628
7.1 21.375 0.00236039
7.1 23.625 0.00220658
7.1 25.875 0.00224412
7.1 28.125 0.00193425
7.1 30.375 0.00287631
7.1 32.625 0.00246353
7.1 34.875 0.00197498
7.1 37.125 0.00220473
7.1 39.375 0.00218238
7.1 41.625 0.00208941
7.1 43.875 0.00229266
7.3 1.125 0.00260222
7.3 3.375 0.00216278
7.3 5.625 0.00242858
7.3 7.875 0.00211069
7.3 10.125 0.00225505
7.3 12.375 0.00225383
7.3 14.625 0.00262274
7.3 16.875 0.00275878
7.3 19.125 0.00257871
7.3 21.375 0.00270743
7.3 23.625 0.00253856
7.3 25.875 0.00245796
7.3 28.125 0.00225635
7.3 30.375 0.00287807
7.3 32.625 0.00206296
7.3 34.875 0.00293682
7.3 37.125 0.00197638
7.3 39.375 0.0023314
7.3 41.625 0.00201186
7.3 43.875 0.00234726
7.5 1.125 0.00195641
7.5 3.375 0.00200632
7.5 5.625 0.0026012
7.5 7.875 0.00210598
7.5 10.125 0.00212317
7.5 12.375 0.00231808
7.5 14.625 0.00557809
7.5 16.875 0.00230947
7.5 19.125 0.00231166
7.5 21.375 0.00249952
7.5 23.625 0.00232735
7.5 25.875 0.00270556
7.5 28.125 0.0109272
7.5 30.375 0.00295241
7.5 32.625 0.00228715
7.5 34.875 0.00208613
7.5 37.125 0.0029611
7.5 39.375 0.00213803
7.5 41.625 0.00215107
7.5 43.875 0.00168505
7.7 1.125 0.00210222
7.7 3.375 0.00235943
7.7 5.625 0.00224423
7.7 7.875 0.00177377
7.7 10.125 0.00265721
7.7 12.375 0.00217397
7.7 14.625 0.00207919
7.7 16.875 0.00220172
7.7 19.125 0.00196097
7.7 21.375 0.00247317
7.7 23.625 0.00216191
7.7 25.875 0.00227659
7.7 28.125 0.00251766
7.7 30.375 0.00242675
7.7 32.625 0.00286801
7.7 34.875 0.00175211
7.7 37.125 0.00179244
7.7 39.375 0.00233376
7.7 41.625 0.00180575
7.7 43.875 0.00204937
7.9 1.125 0.0019604
7.9 3.375 0.0023823
7.9 5.625 0.00242076
7.9 7.875 0.00239244
7.9 10.125 0.00250115
7.9 12.375 0.00256089
7.9 14.625 0.00211523
7.9 16.875 0.0022908
7.9 19.125 0.00178065
7.9 21.375 0.00214655
7.9 23.625 0.00246294
7.9 25.875 0.00232209
7.9 28.125 0.00249818
7.9 30.375 0.00288099
7.9 32.625 0.00344581
7.9 34.875 0.0019606
7.9 37.125 0.00262669
7.9 39.375 0.00194989
7.9 41.625 0.00192024
7.9 43.875 0.00164954
8.1 1.125 0.00184686
8.1 3.375 0.00191932
8.1 5.625 0.00181003
8.1 7.875 0.00179374
8.1 10.125 0.00185118
8.1 12.375 0.00158568
8.1 14.625 0.00196394
8.1 16.875 0.00207178
8.1 19.125 0.00190781
8.1 21.375 0.00278785
8.1 23.625 0.00241367
8.1 25.875 0.00223412
8.1 28.125 0.00233738
8.1 30.375 0.00231446
8.1 32.625 0.00202845
8.1 34.875 0.00220908
8.1 37.125 0.00211094
8.1 39.375 0.00197965
8.1 41.625 0.00271874
8.1 43.875 0.00212498
8.3 1.125 0.00300387
8.3 3.375 0.00187396
8.3 5.625 0.0022389
8.3 7.875 0.00282639
8.3 10.125 0.00157855
8.3 12.375 0.00239073
8.3 14.625 0.00241194
8.3 16.875 0.00256926
8.3 19.125 0.00179548
8.3 21.375 0.00253328
8.3 23.625 0.00222898
8.3 25.875 0.00190139
8.3 28.125 0.00222197
8.3 30.375 0.00244876
8.3 32.625 0.00282525
8.3 34.875 0.00266274
8.3 37.125 0.00268931
8.3 39.375 0.00211116
8.3 41.625 0.00199462
8.3 43.875 0.00244072
8.5 1.125 0.00170161
8.5 3.375 0.00226492
8.5 5.625 0.00328568
8.5 7.875 0.00318911
8.5 10.125 0.00214694
8.5 12.375 0.00201074
8.5 14.625 0.00189465
8.5 16.875 0.00274576
8.5 19.125 0.00193955
8.5 21.375 0.00140201
8.5 23.625 0.00237337
8.5 25.875 0.001597
8.5 28.125 0.0019701
8.5 30.375 0.00219058
8.5 32.625 0.00216766
8.5 34.875 0.00242993
8.5 37.125 0.00225661
8.5 39.375 0.00229854
8.5 41.625 0.00203986
8.5 43.875 0.00124079
8.7 1.125 0.0023998
8.7 3.375 0.00348521
8.7 5.625 0.00218611
8.7 7.875 0.00242995
8.7 10.125 0.00199402
8.7 12.375 0.00188927
8.7 14.625 0.00172481
8.7 16.875 0.00256093
8.7 19.125 0.00188037
8.7 21.375 0.00206741
8.7 23.625 0.00277032
8.7 25.875 0.00182552
8.7 28.125 0.00166527
8.7 30.375 0.00309301
8.7 32.625 0.00215852
8.7 34.875 0.00218539
8.7 37.125 0.00199637
8.7 39.375 0.00193625
8.7 41.625 0.00357717
8.7 43.875 0.00216693
8.9 1.125 0.00297172
8.9 3.375 0.00287458
8.9 5.625 0.00228734
8.9 7.875 0.00219643
8.9 10.125 0.00292565
8.9 12.375 0.00227366
8.9 14.625 0.00178953
8.9 16.875 0.0021615
8.9 19.125 0.00182943
8.9 21.375 0.00226822
8.9 23.625 0.00209339
8.9 25.875 0.00255594
8.9 28.125 0.00313147
8.9 30.375 0.00248124
8.9 32.625 0.00215645
8.9 34.875 0.00219197
8.9 37.125 0.00202992
8.9 39.375 0.00243046
8.9 41.625 0.0019466
8.9 43.875 0.00317665
9.1 1.125 0.00258112
9.1 3.375 0.00242213
9.1 5.625 0.00171071
9.1 7.875 0.00197302
9.1 10.125 0.00296729
9.1 12.375 0.00249509
9.1 14.625 0.00206931
9.1 16.875 0.00177262
9.1 19.125 0.00217513
9.1 21.375 0.00334254
9.1 23.625 0.0448068
9.1 25.875 0.00234475
9.1 28.125 0.00198011
9.1 30.375 0.00214639
9.1 32.625 0.00194405
9.1 34.875 0.0021861
9.1 37.125 0.00221673
9.1 39.375 0.00278156
9.1 41.625 0.00258757
9.1 43.875 0.00259095
9.3 1.125 0.00207548
9.3 3.375 0.00205375
9.3 5.625 0.00174646
9.3 7.875 0.00348234
9.3 10.125 0.00167221
9.3 12.375 0.00279948
9.3 14.625 0.00225288
9.3 16.875 0.00248757
9.3 19.125 0.00282288
9.3 21.375 0.00168196
9.3 25.875 0.0015598
9.3 28.125 0.00219535
9.3 30.375 0.00194759
9.3 32.625 0.0022455
9.3 34.875 0.00174318
9.3 37.125 0.00252371
9.3 39.375 0.00164381
9.3 41.625 0.00247017
9.3 43.875 0.00279453
9.5 1.125 0.00257722
9.5 3.375 0.00214464
9.5 5.625 0.00240156
9.5 7.875 0.00241443
9.5 10.125 0.00187329
9.5 12.375 0.0024286
9.5 14.625 0.00192823
9.5 16.875 0.0023561
9.5 19.125 0.00206833
9.5 21.375 0.00240987
9.5 23.625 0.00474107
9.5 25.875 0.00285524
9.5 28.125 0.0020301
9.5 30.375 0.00245256
9.5 32.625 0.00254994
9.5 34.875 0.00208361
9.5 37.125 0.00196628
9.5 39.375 0.00225484
9.5 41.625 0.0026639
9.5 43.875 0.00266209
9.7 1.125 0.00166985
9.7 3.375 0.00243089
9.7 5.625 0.0027588
9.7 7.875 0.00264259
9.7 10.125 0.00201256
9.7 12.375 0.00185128
9.7 14.625 0.00215158
9.7 16.875 0.00247965
9.7 19.125 0.00257318
9.7 21.375 0.00288191
9.7 23.625 0.00151822
9.7 25.875 0.00195776
9.7 28.125 0.00766581
9.7 30.375 0.00218228
9.7 32.625 0.00153108
9.7 34.875 0.00217256
9.7 37.125 0.00147807
9.7 39.375 0.00244332
9.7 41.625 0.00209853
9.7 43.875 0.00235174
9.9 1.125 0.00215786
9.9 3.375 0.00254947
9.9 5.625 0.00156982
9.9 7.875 0.00205076
9.9 10.125 0.00163716
9.9 12.375 0.00183244
9.9 14.625 0.00272463
9.9 16.875 0.00179351
9.9 19.125 0.00200738
9.9 21.375 0.00141589
9.9 23.625 0.0518771
9.9 25.875 0.00270398
9.9 28.125 0.00192445
9.9 30.375 0.0020736
9.9 32.625 0.00299812
9.9 34.875 0.00270092
9.9 37.125 0.00275823
9.9 39.375 0.00208391
9.9 41.625 0.00209982
9.9 43.875 0.00190168
10.1 1.125 0.00200379
10.1 3.375 0.00170846
10.1 5.625 0.00181473
10.1 7.875 0.00234147
10.1 10.125 0.00194675
10.1 12.375 0.00222006
10.1 14.625 0.00285304
10.1 16.875 0.00176764
10.1 19.125 0.00163187
10.1 21.375 0.0017711
10.1 23.625 0.00224992
10.1 25.875 0.00145164
10.1 28.125 0.00281356
10.1 30.375 0.00247068
10.1 32.625 0.0019579
10.1 34.875 0.00150793
10.1 39.375 0.00288516
10.1 41.625 0.00174408
10.1 43.875 0.00263966
10.3 1.125 0.0023421
10.3 3.375 0.00184576
10.3 5.625 0.0017781
10.3 7.875 0.00276662
10.3 10.125 0.0017265
10.3 12.375 0.00235327
10.3 14.625 0.00182102
10.3 16.875 0.0025729
10.3 19.125 0.00206503
10.3 21.375 0.00137303
10.3 23.625 0.00163118
10.3 25.875 0.00273643
10.3 28.125 0.00281493
10.3 30.375 0.00176359
10.3 32.625 0.00297138
10.3 34.875 0.00192033
10.3 39.375 0.00250354
10.3 41.625 0.00162041
10.3 43.875 0.00190056
10.5 1.125 0.00249576
10.5 3.375 0.00235531
10.5 5.625 0.00190398
10.5 7.875 0.00463327
10.5 10.125 0.00266415
10.5 12.375 0.00250727
10.5 14.625 0.00223994
10.5 16.875 0.00195694
10.5 19.125 0.00281494
10.5 21.375 0.0018712
10.5 23.625 0.00173698
10.5 25.875 0.00275585
10.5 28.125 0.00224902
10.5 30.375 0.00256637
10.5 32.625 0.00194814
10.5 34.875 0.00244132
10.5 37.125 0.00230999
10.5 39.375 0.00117378
10.5 41.625 0.00243863
10.5 43.875 0.00265737
10.7 1.125 0.00176992
10.7 3.375 0.00280816
10.7 5.625 0.00307146
10.7 7.875 0.00176227
10.7 10.125 0.0026638
10.7 12.375 0.00169717
10.7 14.625 0.00267453
10.7 16.875 0.00297631
10.7 19.125 0.00186295
10.7 21.375 0.00195096
10.7 23.625 0.00278536
10.7 25.875 0.00613799
10.7 28.125 0.00267886
10.7 30.375 0.00169795
10.7 32.625 0.00148535
10.7 34.875 0.00230566
10.7 37.125 0.00171931
10.7 39.375 0.00220675
10.7 41.625 0.00218195
10.7 43.875 0.001911
10.9 1.125 0.00203743
10.9 3.375 0.00219318
10.9 7.875 0.00270906
10.9 10.125 0.00196205
10.9 12.375 0.00226624
10.9 14.625 0.00136862
10.9 16.875 0.00189711
10.9 19.125 0.00245795
10.9 21.375 0.00151379
10.9 23.625 0.00164905
10.9 25.875 0.00227948
10.9 28.125 0.00252134
10.9 30.375 0.00266019
10.9 32.625 0.00144096
10.9 34.875 0.0023704
10.9 37.125 0.00220601
10.9 39.375 0.00312928
10.9 41.625 0.00175872
10.9 43.875 0.0016458
11.1 3.375 0.00138973
11.1 5.625 0.00316415
11.1 7.875 0.00186642
11.1 10.125 0.00361355
11.1 12.375 0.00250112
11.1 14.625 0.00193848
11.1 16.875 0.00207153
11.1 19.125 0.00227722
11.1 23.625 0.00170041
11.1 25.875 0.00275669
11.1 28.125 0.00175981
11.1 30.375 0.00184196
11.1 32.625 0.00133656
11.1 34.875 0.00168146
11.1 37.125 0.00142413
11.1 39.375 0.00244853
11.1 41.625 0.00293063
11.1 43.875 0.00179527
11.3 1.125 0.00226613
11.3 3.375 0.00210753
11.3 7.875 0.00213105
11.3 10.125 0.00204984
11.3 12.375 0.00235861
11.3 14.625 0.00201845
11.3 21.375 0.00200559
11.3 23.625 0.00158838
11.3 25.875 0.00159968
11.3 28.125 0.00194752
11.3 30.375 0.00270614
11.3 32.625 0.00250451
11.3 34.875 0.002631
11.3 37.125 0.0032725
11.3 39.375 0.00232121
11.3 41.625 0.00276702
11.3 43.875 0.00266373
11.5 1.125 0.0031833
11.5 3.375 0.00273252
11.5 5.625 0.0020701
11.5 7.875 0.00127071
11.5 10.125 0.0022608
11.5 12.375 0.00235503
11.5 14.625 0.00151566
11.5 16.875 0.00177928
11.5 19.125 0.00450873
11.5 21.375 0.00128824
11.5 23.625 0.00153082
11.5 25.875 0.00196984
11.5 28.125 0.00147356
11.5 30.375 0.00259531
11.5 32.625 0.00177031
11.5 34.875 0.00281886
11.5 37.125 0.00211799
11.5 39.375 0.00244621
11.5 41.625 0.00252941
11.7 1.125 0.0013742
11.7 5.625 0.00276205
11.7 10.125 0.00174313
11.7 12.375 0.00264451
11.7 14.625 0.00329147
11.7 19.125 0.00446963
11.7 23.625 0.00293542
11.7 25.875 0.00370147
11.7 28.125 0.00190333
11.7 30.375 0.00161481
11.7 32.625 0.00186339
11.7 34.875 0.0019267
11.7 37.125 0.00162391
11.7 39.375 0.00152954
11.7 41.625 0.00172984
11.7 43.875 0.0018859
11.9 1.125 0.00244013
11.9 3.375 0.00223822
11.9 5.625 0.00202756
11.9 7.875 0.00224329
11.9 10.125 0.00156572
11.9 12.375 0.00266895
11.9 14.625 0.00108814
11.9 19.125 0.00219106
11.9 21.375 0.00295248
11.9 23.625 0.00185404
11.9 25.875 0.00204594
11.9 28.125 0.00233714
11.9 30.375 0.00244455
11.9 32.625 0.00152552
11.9 34.875 0.00216685
11.9 37.125 0.00245349
11.9 39.375 0.00344349
11.9 41.625 0.00215968
12.1 3.375 0.00124016
12.1 5.625 0.00220048
12.1 7.875 0.0027612
12.1 10.125 0.00331496
12.1 12.375 0.00286836
12.1 14.625 0.00179282
12.1 16.875 0.00398517
12.1 19.125 0.00195941
12.1 21.375 0.00183418
12.1 23.625 0.00171486
12.1 25.875 0.00201878
12.1 32.625 0.0020864
12.1 34.875 0.00172616
12.1 37.125 0.00319291
12.1 39.375 0.00214003
12.1 41.625 0.0020049
12.1 43.875 0.0020543
12.3 1.125 0.00168349
12.3 3.375 0.0020293
12.3 5.625 0.00208881
12.3 7.875 0.00215707
12.3 10.125 0.00228524
12.3 12.375 0.00211782
12.3 14.625 0.0014056
12.3 16.875 0.00175948
12.3 21.375 0.00178152
12.3 23.625 0.00219651
12.3 25.875 0.00157891
12.3 28.125 0.00135559
12.3 32.625 0.00201991
12.3 34.875 0.00166469
12.3 37.125 0.00222164
12.3 39.375 0.00178543
12.5 1.125 0.0018933
12.5 3.375 0.00254339
12.5 5.625 0.00151088
12.5 10.125 0.00247809
12.5 12.375 0.00167605
12.5 14.625 0.00174279
12.5 16.875 0.00342801
12.5 21.375 0.00177145
12.5 23.625 0.00242591
12.5 25.875 0.00153483
12.5 28.125 0.00147297
12.5 32.625 0.00340999
12.5 34.875 0.00201455
12.5 37.125 0.00169848
12.5 39.375 0.00343613
12.5 43.875 0.00105829
12.7 1.125 0.00223922
12.7 5.625 0.00181142
12.7 7.875 0.00150966
12.7 10.125 0.00197124
12.7 12.375 0.0016384
12.7 14.625 0.00230915
12.7 19.125 0.00298773
12.7 23.625 0.00202639
12.7 25.875 0.00256602
12.7 28.125 0.00194048
12.7 30.375 0.00180898
12.7 34.875 0.00301536
12.7 37.125 0.00146005
12.7 43.875 0.00194388
12.9 1.125 0.00248723
12.9 3.375 0.00309053
12.9 5.625 0.00204963
12.9 7.875 0.00135792
12.9 10.125 0.00240492
12.9 12.375 0.00123368
12.9 14.625 0.00124959
12.9 16.875 0.00213625
12.9 19.125 0.00232401
12.9 21.375 0.0016045
12.9 23.625 0.00148416
12.9 28.125 0.00228096
12.9 30.375 0.00138445
12.9 32.625 0.00238479
12.9 34.875 0.00320166
12.9 37.125 0.00253005
12.9 43.875 0.00146171
13.1 1.125 0.00141765
13.1 7.875 0.00126884
13.1 10.125 0.00233931
13.1 12.375 0.00305158
13.1 19.125 0.002529
13.1 21.375 0.0017745
13.1 23.625 0.00164702
13.1 32.625 0.00159499
13.1 34.875 0.00365197
13.1 37.125 0.00149306
13.1 39.375 0.00154065
13.1 41.625 0.00123137
13.1 43.875 0.00197716
13.3 12.375 0.00250377
13.3 19.125 0.00168026
13.3 21.375 0.00152547
13.3 30.375 0.0019604
13.3 32.625 0.00333086
13.3 34.875 0.00334363
13.3 39.375 0.00225572
13.3 41.625 0.00130666
13.5 1.125 0.00186096
13.5 21.375 0.0021716
13.5 23.625 0.00224138
13.5 25.875 0.00142948
13.5 37.125 0.00158169
13.5 41.625 0.00142808
13.5 43.875 0.00163887
13.7 1.125 0.00176041
13.7 12.375 0.00188739
13.7 16.875 0.00283619
13.7 25.875 0.00137165
13.7 28.125 0.00203368
13.7 30.375 0.00314417
13.7 32.625 0.000964698
13.7 41.625 0.0011188
13.7 43.875 0.00258087
13.9 12.375 0.00185673
13.9 19.125 0.00190246
13.9 23.625 0.00177493
13.9 25.875 0.00213066
13.9 28.125 0.00146201
13.9 32.625 0.00224611
13.9 41.625 0.00168002
13.9 43.875 0.00260275
