-0.0326737
0.0468079
0.0292092
0.00697236
-0.00876855
-0.0098819
0.00277741
0.0298359
-0.0374639
-0.00910413
0.0145206
0.0074695
0.0644237
0.00897545
0.0150802
-0.00649378
-0.0184568
-0.00757025
0.0234917
0.00534241
0.0435647
0.000651457
-0.0552008
-0.0534132
0.101571
0.000151246
-0.0159112
0.0326894
0.0122772
0.0255151
0.0189053
-0.0126804
0.00253747
0.00113762
-0.0413168
0.0599374
-0.0359299
-0.0028381
0.00276252
-0.0353686
-0.043534
-0.00300545
0.0181059
0.0403308
-0.0202771
0.0240731
-0.0187818
0.00691004
1.42566
-0.0501222
0.000505984
0.0362135
-0.00813942
0.046591
-0.00400672
-0.181155
-0.00360746
0.00577903
0.290947
-0.0104299
-0.00597077
-0.0248294
-0.102404
0.0256031
-0.0279882
-0.0185834
-0.0022741
-0.0394027
0.00021979
0.0056347
0.00829007
0.0759495
0.0121572
0.0200605
-0.00521549
0.0379636
0.058494
-0.00366559
-0.00262247
0.0311562
-0.00924222
0.0375485
0.0349255
-0.00131335
0.0329763
-0.0234225
0.111431
0.010393
-0.00871339
0.031917
0.00576111
0.13344
0.0951333
0.0251722
0.0195277
0.0604526
0.105553
0.0209212
-0.0142882
0.000617614
-0.00145757
0.143578
-0.0143696
0.0206864
0.00667447
0.0254004
-0.00720063
0.0256884
0.0302685
0.00476874
-0.000917379
-0.0162689
-0.0658078
0.00346513
0.00392603
0.0248675
-0.0369042
0.00322567
-0.0278363
0.0380307
-0.0120044
0.020901
0.230436
0.0233067
-0.0269196
-0.0119963
-0.0323057
-0.048475
-0.021708
-0.00149139
-0.0377895
-0.0198494
0.0941109
-0.044176
-0.00474578
0.02435
0.0401921
0.10702
-0.00212033
0.0192567
0.0940099
0.00241912
0.00597411
0.0168758
0.0234949
0.0281606
0.00809216
0.0270017
-0.100878
-0.00681831
0.0229505
-0.0130415
0.00283082
0.00516878
-0.00158752
0.00160749
-0.0295259
0.0431465
-0.0521432
-0.0976668
0.0120779
0.00532125
-0.0220473
0.043812
0.00869008
0.00168516
0.0250238
-0.0123503
0.085389
0.011931
-0.0400689
-0.0202201
-0.00450304
0.00870054
-0.0498372
0.000391017
0.114624
-0.0314793
0.0105131
-0.0125961
0.0054847
0.0635958
0.0387666
-0.035282
0.00981032
0.0185903
0.00758584
0.0409162
0.0259377
0.0224741
-0.02583
-0.0442116
0.0374847
-0.00600636
-0.00696778
-0.013908
-0.0590279
0.0356737
0.000358344
0.0087644
0.168593
-0.0514419
-0.0141853
-0.0336278
-0.00928861
0.0229078
-0.0565543
0.0643858
-0.00970341
-0.035801
0.0031054
0.0262078
-0.0281603
-0.00547279
-0.0276639
-0.00524411
0.0283504
-0.00597401
0.0244695
-0.0391044
-0.0041662
-0.0395092
0.0538908
-0.0057863
0.012334
-0.0169355
0.0933613
0.188705
0.00653153
0.0296499
0.0398138
0.0136146
-0.0135213
0.0405041
-0.059163
-0.0273296
0.0432995
-0.0161068
-0.00454134
-0.0197542
0.0030236
0.00958192
0.0180376
-0.0973107
0.0224862
0.0120897
0.0409153
-0.0287841
0.0221045
-0.0083834
-0.0421273
0.159006
-0.00116293
-0.00699901
-0.0253728
-0.0169748
0.00363934
-0.0176919
0.0200288
0.0187349
0.0316646
0.0238576
-0.038151
-0.0334687
-0.00270593
-0.0312596
0.00176126
0.0156923
0.0073022
0.00496469
-0.00143257
0.0301073
-0.0625655
0.0151784
0.0699107
-0.00556289
-0.012358
0.00670251
0.0239137
0.0188367
0.0598375
-0.0522201
0.00373736
0.0293244
-0.000111295
0.0111605
-0.0201177
0.0271738
-0.00288686
-0.0497823
-0.020903
0.049073
0.00362722
-0.00606797
0.0432573
-0.0655637
0.00593809
-0.00750313
-0.0110076
0.044982
-0.0152844
-0.0497897
0.00398229
0.0206466
-0.0268744
0.0035692
0.0261374
0.00123508
0.0075365
-0.00272086
0.0169958
0.0065193
-8.80119e-05
-0.0203138
-0.0543048
-0.0492659
0.027952
-0.0566071
0.00328154
0.0126527
0.0121212
0.0589402
-0.00590349
0.0122862
-0.012619
-0.00298837
-0.0293436
-0.00909624
0.0141126
-0.0197185
0.0373596
0.0550917
0.0177831
-0.000830368
-0.0187444
0.0174957
0.0233225
0.0414862
0.0189024
0.0622619
0.0178051
0.033948
-0.067033
0.0240702
-0.00845236
0.00957294
-0.0278319
0.0139388
0.0104275
-0.0363851
0.0170343
0.0156624
0.0129043
-0.0288737
0.00499762
-0.0265203
0.0111059
-0.0139681
0.00269294
0.016412
0.0210917
0.0158713
0.00619547
0.00813021
0.0730117
0.0809323
-0.0208869
0.00689023
-0.00795187
0.0501311
0.00535769
0.0174111
-0.0325341
0.0214384
0.0247855
-0.0708405
0.00971332
-0.00588614
-0.0142853
-0.00607032
0.0103872
-0.0103179
0.00174745
-0.0354263
-0.0379644
-0.0118773
-0.0395356
0.0191328
-0.00483268
0.0460041
0.0527082
-0.00655517
-0.00520973
0.0138484
0.0133412
0.0454549
-0.0172411
0.00780265
-0.00181594
-0.0141821
-0.00107687
0.0107332
-0.00332828
0.0281652
0.0791171
0.00851456
0.0208478
0.0776613
-0.0595688
0.0235866
2.63331e-05
0.016737
0.0023926
-0.00314283
0.0324559
-0.0270604
-0.000972697
0.0206537
-0.00295785
0.025281
-0.0132755
-0.0217468
-0.00590131
0.0791838
0.0175097
0.0185139
0.0172256
0.00277146
-0.0123403
-0.0222914
0.00082434
0.239627
0.0232909
-0.0299693
-0.0494559
0.00375064
0.0112705
-0.0173324
-0.0281452
0.0667056
0.00610291
-0.046201
-0.0730357
0.0098344
0.0318612
0.0397317
-0.0118306
-0.00439071
0.0133722
0.0408178
-0.0315001
0.0236253
0.0753498
0.0615182
-0.0454869
0.0155539
0.0278305
-0.025542
-0.00235143
-0.0252305
0.0133931
-0.0354935
0.02102
-0.00953189
-0.0021014
0.0155093
-0.00598447
0.0259042
-0.00567882
0.0177148
0.00415878
-0.023049
0.0359147
-0.0264842
-0.0190125
0.0194426
-0.0324223
0.0130602
-0.013171
0.0212554
0.0922484
0.0256503
0.0169323
0.0110975
0.0880283
-0.0678665
0.00954172
-0.0739555
-0.0209646
0.0499235
-0.0279803
0.0142216
0.422496
0.0549117
0.0402434
0.0125813
0.00175743
0.0311532
-0.0285449
-0.000648918
0.000878707
0.000253332
-0.0115046
-0.0452484
-0.0338556
0.0132691
-0.0198597
0.00509353
0.0339028
-0.00708079
0.305401
-0.00434771
-0.0342981
-0.0339314
-0.0111367
-0.1111
-0.00781665
0.00555253
0.00989813
0.0263917
-0.0236441
0.0272855
0.0340831
-0.0618385
-0.00295382
0.00333307
0.0169739
-0.0372609
0.0122837
-0.178747
0.0192441
0.0355007
-0.0261535
-0.0054674
-0.164369
-0.00294577
0.0276786
-0.0201962
0.0120945
0.0104895
-0.0726305
-0.019235
0.0267544
-0.0501863
-0.014174
-0.0135928
-0.00164949
0.014794
-0.0199921
-0.00641679
-0.0310743
-0.0373568
-0.0417171
-0.00133772
-0.0619095
-0.0131289
-0.00819887
0.0851276
0.0182111
-0.0334491
-0.00141933
0.0234397
-0.0296505
-0.00886718
-0.0266594
-0.0308001
-0.0628804
0.00926478
-0.00788213
-0.0502737
0.10717
-0.0256064
-0.0514663
0.000938089
-0.0518636
-0.0220981
0.0488933
-0.0247854
0.0398662
0.0320867
-0.0730998
-0.0200419
0.020851
0.0210766
-0.0197638
0.0062873
0.00823313
0.0652983
0.0264291
-0.0011053
-0.0239241
-0.00766448
-0.0708441
-0.00874659
0.0347694
0.0505141
-0.00325325
-0.0503217
0.00128535
0.0464186
0.0383557
-0.000767805
-0.00674341
0.0210831
0.00896505
0.00942008
-0.00269776
0.0314061
0.074911
-0.0119386
0.01369
-0.0118739
-0.0218367
-0.0527112
0.014236
0.0376337
0.0368023
0.0216645
-0.011223
-0.0107157
-0.0100944
-0.00183486
0.0518454
0.00365738
0.0359909
0.276081
0.0200488
0.0280043
-0.0751033
-0.0214897
-0.0514975
-0.0117751
0.033165
-0.00681991
-0.0209843
-0.0839105
-0.156675
-0.0984511
0.00764808
-0.0408731
-0.029781
0.0250718
0.0393649
-0.186068
-0.0315652
-0.115774
-0.0814792
0.0282122
0.00940714
0.0184547
0.0302396
0.108675
0.0218321
0.000971698
-0.0134067
-0.00204093
0.00323144
-0.0484447
-0.00524634
-0.0233916
-0.0186367
0.0509754
0.0333407
-0.0221665
0.0141388
0.0363879
0.00298867
0.00490259
-0.0279004
0.0234707
-0.0123231
-0.0616488
-0.0225361
0.00861771
0.099737
0.0344043
-0.0217431
-0.000416439
-0.00939554
-0.026242
0.0383827
-0.0588692
0.0210079
0.00350918
0.0314745
0.00596973
0.00229536
-0.000746582
-0.0305001
0.0293136
0.0308409
0.0282462
-0.00212662
0.0393037
-0.0618081
0.00389233
-0.02976
-0.0620334
0.00143339
0.231967
0.0515623
-0.0216619
-0.0160877
0.0193247
-0.0760553
-0.0227793
0.0403195
-0.0400627
0.00586533
0.0807051
0.033688
-0.0340989
0.00269828
0.0152247
0.00457963
0.014478
-0.0019966
-0.0425679
-0.0402131
-0.0282149
0.0276109
0.00348896
0.0171835
-0.00460899
-0.00284595
0.0179321
0.00476744
0.0149034
0.0154707
0.0146393
0.000268585
0.0224185
0.070244
0.00444958
-0.00420187
0.0476777
-0.043189
-0.0184299
-0.00479785
0.00954573
-8.51085e-05
-0.00351483
-0.00138994
0.0207027
0.00244609
0.0281326
0.043074
-0.00601859
-0.00307358
0.0308996
0.0341986
0.0430968
-0.00236236
-0.0158312
0.0113937
0.00208645
-0.00323236
-0.00191005
0.0269901
0.0269115
0.00324983
-0.0033048
-0.00431565
-0.0144461
-0.0444388
-0.0465162
0.0519234
-0.022043
-0.0244078
0.0115032
-0.0333851
0.0230175
-0.0345596
-0.0379333
0.0764932
0.1977
-0.0112535
-0.028675
0.0239091
0.0148054
0.00397087
0.0360638
0.0216625
0.0215226
0.22052
0.00713073
-0.0785215
-0.0220385
0.0625388
-0.0433588
-0.0116683
-0.00182284
0.040839
-0.00231704
0.0171027
-0.115411
-0.0140774
0.0313963
0.0265252
0.0278585
-0.0148344
0.0120126
-0.0244737
-0.0232948
-0.0490203
-0.0164425
-0.0123453
0.0246763
-0.0355008
-0.017813
-0.0221904
0.0241164
0.0351283
-0.0131057
-0.0195384
0.149725
0.00848746
0.0245412
0.0806549
0.0107743
0.00765307
-0.028867
0.0183639
0.0464293
-0.00721096
-0.0146385
-0.0147411
0.0425398
0.0499271
-0.0283549
-0.102119
-0.00505023
-0.00596721
-0.00874651
0.014902
0.0143282
4.16308e-05
-0.0260988
0.0397413
-0.0154398
0.0453157
3.05921e-05
-0.054102
0.00632177
0.0138854
0.0176935
0.0173673
-0.0169262
0.0549694
0.000897937
0.00515574
0.0455539
-0.00363073
0.0354574
0.00535476
0.00297507
-0.0474735
-0.0336235
0.00536104
-0.0179959
-0.00787162
-0.0127952
-0.00524917
0.0072184
-0.00123529
-0.00490392
0.0140213
-0.058109
0.00536686
0.141378
0.0190402
0.00101832
0.00960544
-0.0391605
-0.00949107
-0.0471004
-0.0697298
-0.12816
-0.0583605
0.031423
-0.00147525
0.0222287
-0.0558757
0.0237866
-0.0621479
-0.0183167
-0.00418968
-0.00452541
0.00236109
0.130462
-0.0185225
-0.0490158
-0.0096613
-0.0142936
-0.00445924
0.000729216
0.0458608
0.0118921
0.0356418
0.0152443
0.0155882
-0.00857893
-0.000306862
0.00116182
0.0111073
-0.00365846
0.0142694
-0.0236333
-0.0107444
0.0401475
0.00639276
0.0183798
0.0358637
0.0283634
0.00956468
-0.0226095
0.0490351
-0.187602
0.0375037
-0.00527646
0.0208756
0.027949
-0.00658156
0.0503653
0.115781
0.0515781
-0.00930538
0.0306226
-0.0233106
0.0340523
0.0317898
-0.00845257
-0.0189579
0.0167707
0.0050508
-0.00616854
0.0114103
0.0119477
-0.0199866
0.0102757
-0.0133244
-0.0202686
0.00939483
-0.0205152
0.0308078
-0.0188388
-0.0184487
0.0173128
0.0169312
-0.0100229
-0.0457332
0.0364856
0.0144263
-0.0046615
-0.0065137
-0.0604129
0.0211618
0.00367496
-0.00870601
0.0110601
-0.0197059
0.0946963
-0.00858697
0.0430867
-0.01138
-0.00418172
-0.0206466
0.00349363
0.00975342
-0.026314
0.0120849
0.0283806
-0.0161332
0.0277201
-0.00278814
-0.0134811
0.029381
-0.0123613
0.0431935
-0.0147553
-0.0372913
-0.00139024
0.0156796
-0.124556
0.0252963
0.00924695
0.0185402
0.00601012
-0.0882127
-0.00819594
0.0152692
-0.030549
-0.0217154
0.0404422
0.023811
-0.00234207
-0.0698258
-0.00129626
0.0623256
0.00596438
-0.0263497
0.0357165
0.0189177
0.0696395
0.0143568
-0.0174928
-0.00792138
-0.00737242
0.0108238
0.0211253
0.0143034
0.082028
-0.035927
-0.0290339
0.0217086
0.0062622
0.020638
0.00331201
0.0431273
0.0723493
0.0084176
0.00591364
-0.000363649
0.0279924
-0.123577
-0.0659364
-0.0104042
0.00787571
0.0631566
0.0106625
0.0492264
-0.0348161
-0.0107929
0.00115552
0.0388809
0.0673781
-0.012657
-0.0762879
0.101605
0.0320163
-0.0347432
0.0132645
0.032194
0.0131342
0.0220893
0.0428628
0.013131
-0.0281143
0.0182481
0.0279813
0.0205998
-0.0442327
0.0040438
0.843842
-0.0241159
0.0397219
0.112411
0.0170882
-0.00520635
-0.0442822
0.00542713
0.0237217
-0.0114424
0.0369214
0.00439797
0.0541593
0.0245274
0.0460689
0.037587
-0.0415434
-0.0224797
-0.0801657
0.00342409
-0.0407697
-0.0282137
0.00474714
0.0330359
0.0158798
-0.0334885
0.0120134
0.018422
0.0366964
-0.0742606
-0.0424579
0.0358658
0.00217085
-0.0826325
-0.00906622
0.00202917
0.0221488
0.0314693
-0.0788969
-0.0389607
-0.00508831
-0.0457414
-0.0124626
-0.0198166
0.0264829
-0.00408779
-0.0114574
-0.00533803
0.257697
0.016625
0.0106132
0.00173859
0.0262768
0.0183857
-0.00249652
-0.0103884
0.0216984
-0.02653
0.000661419
0.0551772
-0.0104997
0.0472066
-0.00911907
-0.224621
-0.01455
0.0141883
0.0416563
0.0111407
0.00665901
0.0136536
0.00558609
0.0236176
0.190001
0.00669599
0.178156
0.0155312
0.0580136
0.00530654
0.0254201
-0.00871059
0.0282404
-0.00665556
0.0298702
0.00619645
0.0175405
0.0478838
-0.0282315
0.00966512
-0.0154319
0.0155077
0.0396592
-0.0101601
0.0193951
0.0069117
-0.0214371
-0.00156379
-0.0129669
0.0386837
-0.0255764
0.00579109
0.00103371
0.285497
-0.158184
0.02724
-0.0149844
0.00315148
-0.00126028
-0.0290641
0.0707421
-0.00359746
-0.011805
-0.0268013
-0.0102599
0.0155441
-0.132111
0.0127551
-0.0217882
0.0153092
-0.0389732
-0.00510773
0.00235546
-0.00227054
-0.0280064
0.0259116
-0.0145243
-0.00934709
-0.0115632
-0.0117129
-0.00834251
0.325689
-0.0301046
0.116128
0.0341315
-0.0252459
0.00702539
-0.00720218
0.0176608
0.0421555
0.00735525
0.0246632
-0.0128644
0.102164
-0.0391684
-0.0582959
-0.00693446
0.058969
-0.0254516
0.00299721
0.0680539
0.033632
-0.0392862
-0.0102702
0.040164
-0.0337636
-0.0592917
-0.00996205
0.00802182
-0.00407742
0.000612547
0.0131357
-0.0198266
-0.00795443
0.0100532
-0.0709326
-0.023621
-0.0143861
0.0232306
0.0200394
0.0196227
0.12597
-0.00137723
-0.0108176
-0.045352
-0.0103508
0.0113686
0.0301559
0.000160559
0.000842952
0.0064457
0.0414094
0.00399913
-0.0320615
0.0161564
-0.02198
0.0221155
-0.014948
-0.00604273
-0.0146935
0.0184558
-0.0026055
-0.00372997
4.53299e-05
-0.0354905
-0.0267255
0.0411409
-0.0171983
0.137035
0.0315718
0.0475096
0.0414054
0.0151375
-0.00906848
0.0088813
0.00385303
0.054871
0.0260704
0.0271568
-0.00501618
-0.00365196
-0.0302886
-0.00996376
-0.0891373
0.0536321
0.0366097
-0.0383622
0.0879337
0.0233863
-0.00306999
0.0477291
0.0172492
-0.0539152
0.00353085
0.0225669
0.0251507
0.00541641
-0.00362444
0.0207195
-0.007452
0.0234467
-0.054652
0.00982931
-0.0269012
0.00203347
-0.0210116
0.072767
0.0299189
-0.0455741
-0.00959801
-0.00446973
0.0312293
0.0207147
0.0140028
-0.000857817
-0.0127941
-0.00234179
0.0138142
-0.00491327
-0.0369298
-0.0463342
-0.0105571
-0.0593046
0.0103326
-0.0481814
0.00628635
-0.271157
0.000648438
0.0126245
-0.0337049
-0.0297231
0.100642
-0.00366196
0.011664
-0.019639
0.00701082
0.0224283
0.0104102
-0.0026744
0.0158617
-0.0549477
-0.014142
-0.00510357
-0.00472864
0.0207152
-0.0276988
0.0493806
-0.00936229
-0.0607399
-0.0295852
0.00415988
-0.0256236
-0.000177883
-0.00399486
0.0120047
-0.0291231
0.0125546
-0.00471423
-0.00952027
0.00565949
-0.0926043
0.000750354
-0.001671
0.00346912
0.0123815
0.0436394
-0.0492689
0.0282009
0.000311612
-0.18618
0.00919899
0.0108699
-0.0147262
-0.0338489
-0.071732
-0.0345266
0.0943691
-0.00525809
-0.00705043
0.0222635
0.00370719
-0.00554885
-0.00649747
-0.0306253
-0.0872085
0.0157254
0.0231749
-0.0184725
0.0776885
-0.0255834
0.0328355
0.0210806
-0.025194
-0.00128537
-0.0599534
0.0278747
-0.0434545
0.0154406
0.00837265
-0.0295887
-0.00358996
0.0166509
0.021237
0.0232304
-0.00403037
-0.0331121
-0.0178646
0.00854776
-0.0333236
0.000988723
0.0258765
0.0163296
0.0348584
0.00590146
-0.0419117
0.0133394
-0.0209128
-0.0199273
-0.243572
0.0516201
0.0287731
-0.0326416
-0.00755289
-0.0166156
0.0190728
-0.0732403
0.0752322
-0.0393575
-0.0303142
0.0348067
0.0344173
-0.0172066
0.0174249
-0.0123685
0.0300896
-0.0112209
-0.0261752
-0.0307381
0.00925194
-0.0169249
-0.00485267
-0.0075535
0.016831
-0.00289361
0.0100623
0.0204821
-0.0297216
0.0478578
0.0110543
0.0483552
-0.00501548
0.0292109
-0.039948
0.00532241
0.0185689
0.0725157
-0.0279398
0.0297498
0.0446598
0.0316413
-0.017328
-0.00459678
-0.0506876
0.028131
-0.077554
0.0340883
-0.0418223
-0.0995342
-0.0018951
-0.00905848
0.0174735
-0.00995322
0.00566666
0.0201461
0.0116769
0.0413374
0.00904031
0.0096241
-0.0443371
0.0123554
0.00299525
0.0158222
-0.046402
-0.00986907
-0.00735859
-0.00786992
0.0714168
0.00497281
0.110091
0.0375059
-0.00799607
-0.0205557
0.00922486
0.0199629
0.00449575
-0.0164023
0.0328144
-0.0198908
-0.0120168
0.0720204
-0.0174677
-0.0219966
0.0117476
-0.0432964
-0.00846352
0.0327377
-0.0486748
-0.00108991
0.0163311
0.0322628
0.00180159
0.00357104
-0.00802992
-0.00247251
-0.0259802
0.0208087
-0.0210493
0.0940749
-0.0554598
0.0136603
-0.0175638
0.013172
0.0144354
0.0144043
0.00669483
-0.0194293
0.0245056
0.00878301
0.00934011
-0.00641115
0.0484873
0.0320959
0.00249217
0.0396983
-0.000257352
-0.0282574
0.0257661
0.0617708
0.0249758
-0.002303
-0.0546882
0.0298084
0.0100763
0.031936
-0.026824
0.0035392
-0.0139843
-0.00823513
0.0129866
-0.0429206
0.0144847
-0.0217123
0.000513255
0.0296804
0.0172134
0.0142244
0.013067
-0.0048113
-0.0215457
0.0157343
0.00134881
0.0112906
0.00489245
-0.02447
-0.0117168
0.00743333
0.0877665
0.208494
0.0147251
0.0110294
0.00418194
0.0189484
-0.0274765
-0.0099782
0.0275521
0.0168184
-0.0328155
0.00242627
0.0147322
-0.00960365
2.58892e-05
-0.000368142
0.00593297
0.0102551
0.0337632
0.0257735
0.0110188
-0.0169638
0.0595245
0.0777217
0.0137773
-0.00312918
-0.0301271
0.0201118
0.0431509
0.00836032
0.0133224
0.0047998
-0.00567153
-0.0161598
0.00503352
-0.143389
-0.0279812
0.0803997
-0.0555572
0.190596
-0.000934259
0.008042
-0.0279307
-0.0176972
0.0379683
0.000532473
0.0246123
0.0140713
-0.00372497
-0.00829906
0.0854377
-0.0185194
0.00724665
0.0045086
-0.0101466
0.0125541
-0.0295678
-0.00903136
-0.0106472
0.0438556
-0.0151449
-0.00615522
-0.0157078
0.00128053
-0.00584905
0.0139852
0.0243614
0.0118753
0.0125867
0.0213617
0.0288465
-0.0212726
-0.0245789
0.029198
0.0370885
0.0399922
0.0307353
-0.0180148
-0.0137586
0.0106296
-0.00585891
-0.000916636
0.0283259
0.00420535
-0.0271004
0.0198973
-0.0229689
0.0278015
0.0515453
-0.025079
-0.00472859
0.043817
-0.022449
-0.0016197
-0.053263
0.0527941
0.00868704
0.00765974
0.0159553
0.0105967
0.0325446
0.0063771
-0.0138694
0.0154954
-0.0572696
-0.0249501
-0.0302156
-0.0679762
-0.0340774
-0.0202655
0.186253
0.024481
-0.0122527
0.0130364
0.0011949
