0.1 1.125 0.25376
0.1 3.375 0.251274
0.1 5.625 0.255603
0.1 7.875 0.253124
0.1 10.125 0.252226
0.1 12.375 0.252407
0.1 14.625 0.252283
0.1 16.875 0.248804
0.1 19.125 0.250201
0.1 21.375 0.249549
0.1 23.625 0.25534
0.1 25.875 0.250885
0.1 28.125 0.246535
0.1 30.375 0.257026
0.1 32.625 0.247295
0.1 34.875 0.256481
0.1 37.125 0.252168
0.1 39.375 0.249926
0.1 41.625 0.25202
0.1 43.875 0.254623
0.3 1.125 0.245468
0.3 3.375 0.236379
0.3 5.625 0.241619
0.3 7.875 0.242073
0.3 10.125 0.24328
0.3 12.375 0.242873
0.3 14.625 0.244647
0.3 16.875 0.242257
0.3 19.125 0.244071
0.3 21.375 0.240721
0.3 23.625 0.241425
0.3 25.875 0.239876
0.3 28.125 0.241703
0.3 30.375 0.24108
0.3 32.625 0.236657
0.3 34.875 0.23473
0.3 37.125 0.23964
0.3 39.375 0.2401
0.3 41.625 0.245246
0.3 43.875 0.243316
0.5 1.125 0.226774
0.5 3.375 0.234307
0.5 5.625 0.23517
0.5 7.875 0.233034
0.5 10.125 0.225242
0.5 12.375 0.229418
0.5 14.625 0.228605
0.5 16.875 0.22692
0.5 19.125 0.21512
0.5 21.375 0.228951
0.5 23.625 0.225384
0.5 25.875 0.219286
0.5 28.125 0.226295
0.5 30.375 0.219591
0.5 32.625 0.228239
0.5 34.875 0.226701
0.5 37.125 0.230337
0.5 39.375 0.229979
0.5 41.625 0.225088
0.5 43.875 0.218455
0.7 1.125 0.215263
0.7 3.375 0.215904
0.7 5.625 0.216945
0.7 7.875 0.213104
0.7 10.125 0.214783
0.7 12.375 0.201485
0.7 14.625 0.20748
0.7 16.875 0.206443
0.7 19.125 0.207078
0.7 21.375 0.19851
0.7 23.625 0.213103
0.7 25.875 0.209827
0.7 28.125 0.205274
0.7 30.375 0.194198
0.7 32.625 0.212407
0.7 34.875 0.21229
0.7 37.125 0.211138
0.7 39.375 0.210993
0.7 41.625 0.203253
0.7 43.875 0.204176
0.9 1.125 0.188822
0.9 3.375 0.191515
0.9 5.625 0.189806
0.9 7.875 0.189688
0.9 10.125 0.194604
0.9 12.375 0.190959
0.9 14.625 0.177324
0.9 16.875 0.181998
0.9 19.125 0.180872
0.9 21.375 0.18421
0.9 23.625 0.178492
0.9 25.875 0.183077
0.9 28.125 0.181952
0.9 30.375 0.173139
0.9 32.625 0.174728
0.9 34.875 0.186728
0.9 37.125 0.174797
0.9 39.375 0.16736
0.9 41.625 0.188005
0.9 43.875 0.170785
1.1 1.125 0.1502
1.1 3.375 0.147906
1.1 5.625 0.142341
1.1 7.875 0.149887
1.1 10.125 0.153653
1.1 12.375 0.147203
1.1 14.625 0.149007
1.1 16.875 0.151412
1.1 19.125 0.14483
1.1 21.375 0.156168
1.1 23.625 0.144787
1.1 25.875 0.138176
1.1 28.125 0.139039
1.1 30.375 0.133113
1.1 32.625 0.145801
1.1 34.875 0.142353
1.1 37.125 0.131811
1.1 39.375 0.152411
1.1 41.625 0.164251
1.1 43.875 0.145884
1.3 1.125 0.106375
1.3 3.375 0.105263
1.3 5.625 0.104163
1.3 7.875 0.102278
1.3 10.125 0.104568
1.3 12.375 0.100209
1.3 14.625 0.103532
1.3 16.875 0.100383
1.3 19.125 0.10922
1.3 21.375 0.117984
1.3 23.625 0.110787
1.3 25.875 0.113443
1.3 28.125 0.117486
1.3 30.375 0.123002
1.3 32.625 0.126703
1.3 34.875 0.132255
1.3 37.125 0.114224
1.3 39.375 0.112056
1.3 41.625 0.14847
1.3 43.875 0.140583
1.5 1.125 0.0664324
1.5 3.375 0.0672617
1.5 5.625 0.0662741
1.5 7.875 0.0668816
1.5 10.125 0.070454
1.5 12.375 0.0705758
1.5 14.625 0.0727126
1.5 16.875 0.0847019
1.5 19.125 0.0765706
1.5 21.375 0.0765493
1.5 23.625 0.0894584
1.5 25.875 0.067439
1.5 28.125 0.0959116
1.5 30.375 0.0761832
1.5 32.625 0.0906247
1.5 34.875 0.0800244
1.5 37.125 0.0935094
1.5 39.375 0.0875329
1.5 41.625 0.110745
1.5 43.875 0.0837013
1.7 1.125 0.0432829
1.7 3.375 0.0437398
1.7 5.625 0.0435258
1.7 7.875 0.0429581
1.7 10.125 0.0467384
1.7 12.375 0.0499631
1.7 14.625 0.0460426
1.7 16.875 0.0509832
1.7 19.125 0.0610166
1.7 21.375 0.0506078
1.7 23.625 0.0638179
1.7 25.875 0.0549769
1.7 28.125 0.0574791
1.7 30.375 0.0512044
1.7 32.625 0.0518457
1.7 34.875 0.0499884
1.7 37.125 0.0585154
1.7 39.375 0.0610665
1.7 41.625 0.0727464
1.7 43.875 0.0672655
1.9 1.125 0.0272376
1.9 3.375 0.0300053
1.9 5.625 0.0284751
1.9 7.875 0.028766
1.9 10.125 0.0278521
1.9 12.375 0.0308584
1.9 14.625 0.0298294
1.9 16.875 0.0356825
1.9 19.125 0.0363092
1.9 21.375 0.0354709
1.9 23.625 0.0366097
1.9 25.875 0.0370039
1.9 28.125 0.0491625
1.9 30.375 0.0369348
1.9 32.625 0.0422576
1.9 34.875 0.0452955
1.9 37.125 0.0384113
1.9 39.375 0.0570978
1.9 41.625 0.0522073
1.9 43.875 0.0417611
2.1 1.125 0.015945
2.1 3.375 0.0160241
2.1 5.625 0.0170071
2.1 7.875 0.0155443
2.1 10.125 0.0175663
2.1 12.375 0.0185912
2.1 14.625 0.0176608
2.1 16.875 0.024019
2.1 19.125 0.0216321
2.1 21.375 0.0253317
2.1 23.625 0.0224813
2.1 25.875 0.0271019
2.1 28.125 0.0270977
2.1 30.375 0.0349031
2.1 32.625 0.0302846
2.1 34.875 0.0262365
2.1 37.125 0.02927
2.1 39.375 0.0295588
2.1 41.625 0.0329178
2.1 43.875 0.0307128
2.3 1.125 0.0084162
2.3 3.375 0.00950967
2.3 5.625 0.00957021
2.3 7.875 0.00883482
2.3 10.125 0.00933528
2.3 12.375 0.0103034
2.3 14.625 0.0122806
2.3 16.875 0.0110831
2.3 19.125 0.0115386
2.3 21.375 0.0113247
2.3 23.625 0.0144753
2.3 25.875 0.0155666
2.3 28.125 0.0176061
2.3 30.375 0.0193961
2.3 32.625 0.0224502
2.3 34.875 0.0231238
2.3 37.125 0.0197968
2.3 39.375 0.0205543
2.3 41.625 0.0220837
2.3 43.875 0.0257163
2.5 1.125 0.00631594
2.5 3.375 0.00544472
2.5 5.625 0.00586046
2.5 7.875 0.00736786
2.5 10.125 0.00700135
2.5 12.375 0.00570042
2.5 14.625 0.00831199
2.5 16.875 0.00749147
2.5 19.125 0.00727931
2.5 21.375 0.00772165
2.5 23.625 0.0091302
2.5 25.875 0.0104123
2.5 28.125 0.00980103
2.5 30.375 0.0114713
2.5 32.625 0.0146932
2.5 34.875 0.0118729
2.5 37.125 0.0161236
2.5 39.375 0.0151677
2.5 41.625 0.0171796
2.5 43.875 0.0166796
2.7 1.125 0.0058727
2.7 3.375 0.00720183
2.7 5.625 0.00646554
2.7 7.875 0.00752088
2.7 10.125 0.00428685
2.7 12.375 0.00515706
2.7 14.625 0.00457476
2.7 16.875 0.00539951
2.7 19.125 0.00675472
2.7 21.375 0.00692365
2.7 23.625 0.00821618
2.7 25.875 0.00656445
2.7 28.125 0.00762866
2.7 30.375 0.00758234
2.7 32.625 0.00772832
2.7 34.875 0.00822235
2.7 37.125 0.00880975
2.7 39.375 0.00975471
2.7 41.625 0.0114141
2.7 43.875 0.0117751
2.9 1.125 0.00499429
2.9 3.375 0.00903672
2.9 5.625 0.0054578
2.9 7.875 0.00441697
2.9 10.125 0.00653488
2.9 12.375 0.00608175
2.9 14.625 0.00426315
2.9 16.875 0.00406769
2.9 19.125 0.00474944
2.9 21.375 0.00633992
2.9 23.625 0.00484625
2.9 25.875 0.00564684
2.9 28.125 0.00659694
2.9 30.375 0.00485628
2.9 32.625 0.00636874
2.9 34.875 0.00713578
2.9 37.125 0.00698022
2.9 39.375 0.00826298
2.9 41.625 0.00849791
2.9 43.875 0.00901873
3.1 1.125 0.0043106
3.1 3.375 0.00629197
3.1 5.625 0.00613956
3.1 7.875 0.00969878
3.1 10.125 0.00598486
3.1 12.375 0.00430521
3.1 14.625 0.00370314
3.1 16.875 0.00343495
3.1 19.125 0.00583825
3.1 21.375 0.00402258
3.1 23.625 0.0044044
3.1 25.875 0.0051343
3.1 28.125 0.00426514
3.1 30.375 0.00493109
3.1 32.625 0.00458395
3.1 34.875 0.00495478
3.1 37.125 0.00493244
3.1 39.375 0.00562143
3.1 41.625 0.00633431
3.1 43.875 0.00663065
3.3 1.125 0.00503381
3.3 3.375 0.00617767
3.3 5.625 0.00399495
3.3 7.875 0.00376579
3.3 10.125 0.00389522
3.3 12.375 0.0065246
3.3 14.625 0.00715118
3.3 16.875 0.0132688
3.3 19.125 0.00346167
3.3 21.375 0.00433257
3.3 23.625 0.00766209
3.3 25.875 0.00381571
3.3 28.125 0.00465257
3.3 30.375 0.0048887
3.3 32.625 0.00421705
3.3 34.875 0.00509255
3.3 37.125 0.00481254
3.3 39.375 0.00416646
3.3 41.625 0.00449575
3.3 43.875 0.0053314
3.5 1.125 0.00676143
3.5 3.375 0.00445948
3.5 5.625 0.00374577
3.5 7.875 0.00739845
3.5 10.125 0.00659332
3.5 12.375 0.00723472
3.5 14.625 0.00389546
3.5 16.875 0.00419367
3.5 19.125 0.00880079
3.5 21.375 0.00437015
3.5 23.625 0.0046705
3.5 25.875 0.00436203
3.5 28.125 0.00466199
3.5 30.375 0.00375795
3.5 32.625 0.00455969
3.5 34.875 0.00389355
3.5 37.125 0.00421716
3.5 39.375 0.00414442
3.5 41.625 0.00387455
3.5 43.875 0.00356243
3.7 1.125 0.00536714
3.7 3.375 0.00562047
3.7 5.625 0.00340481
3.7 7.875 0.00879133
3.7 10.125 0.00860389
3.7 12.375 0.0035085
3.7 14.625 0.00339531
3.7 16.875 0.00698413
3.7 19.125 0.00927684
3.7 21.375 0.0044227
3.7 23.625 0.00352776
3.7 25.875 0.00362487
3.7 28.125 0.0047294
3.7 30.375 0.00717449
3.7 32.625 0.00425748
3.7 34.875 0.00408864
3.7 37.125 0.004235
3.7 39.375 0.00347221
3.7 41.625 0.00356472
3.7 43.875 0.00345212
3.9 1.125 0.00373499
3.9 3.375 0.00378814
3.9 5.625 0.00399301
3.9 7.875 0.00887047
3.9 10.125 0.0036501
3.9 12.375 0.0113431
3.9 14.625 0.00486059
3.9 16.875 0.00957443
3.9 19.125 0.00497808
3.9 21.375 0.00352259
3.9 23.625 0.0043157
3.9 25.875 0.00351362
3.9 28.125 0.00404995
3.9 30.375 0.0043464
3.9 32.625 0.00422014
3.9 34.875 0.00352085
3.9 37.125 0.00352465
3.9 39.375 0.00274721
3.9 41.625 0.00298193
3.9 43.875 0.00297221
4.1 1.125 0.00373617
4.1 3.375 0.00530945
4.1 5.625 0.00320703
4.1 7.875 0.00671433
4.1 10.125 0.00419926
4.1 12.375 0.00417291
4.1 14.625 0.00346208
4.1 16.875 0.00493507
4.1 19.125 0.00556978
4.1 21.375 0.00408678
4.1 23.625 0.00578256
4.1 25.875 0.00386551
4.1 28.125 0.00412583
4.1 30.375 0.00398132
4.1 32.625 0.00413825
4.1 34.875 0.00378582
4.1 37.125 0.00280594
4.1 39.375 0.00343722
4.1 41.625 0.00347742
4.1 43.875 0.00290247
4.3 1.125 0.00444435
4.3 3.375 0.00637199
4.3 5.625 0.00582371
4.3 7.875 0.00328034
4.3 10.125 0.0032402
4.3 12.375 0.0060365
4.3 14.625 0.00512884
4.3 16.875 0.00324806
4.3 19.125 0.00386687
4.3 21.375 0.00378139
4.3 23.625 0.0036716
4.3 25.875 0.00423346
4.3 28.125 0.00488125
4.3 30.375 0.00338463
4.3 32.625 0.00366506
4.3 34.875 0.00329338
4.3 37.125 0.00335331
4.3 39.375 0.00328178
4.3 41.625 0.00357913
4.3 43.875 0.00312476
4.5 1.125 0.00312896
4.5 3.375 0.00286826
4.5 5.625 0.00474794
4.5 7.875 0.00294133
4.5 10.125 0.00296099
4.5 12.375 0.00344353
4.5 14.625 0.00397671
4.5 16.875 0.00665483
4.5 19.125 0.00747833
4.5 21.375 0.00314259
4.5 23.625 0.00356941
4.5 25.875 0.00358758
4.5 28.125 0.00341937
4.5 30.375 0.00359588
4.5 32.625 0.00326184
4.5 34.875 0.00331489
4.5 37.125 0.00257185
4.5 39.375 0.00271609
4.5 41.625 0.00325601
4.5 43.875 0.00226391
4.7 1.125 0.00311387
4.7 3.375 0.00290834
4.7 5.625 0.00403562
4.7 7.875 0.00469328
4.7 10.125 0.0063684
4.7 12.375 0.00302178
4.7 14.625 0.00437497
4.7 16.875 0.00281473
4.7 19.125 0.00311847
4.7 21.375 0.00331206
4.7 23.625 0.00336496
4.7 25.875 0.00440894
4.7 28.125 0.00358309
4.7 30.375 0.00332122
4.7 32.625 0.00308951
4.7 34.875 0.00325634
4.7 37.125 0.00266049
4.7 39.375 0.00323202
4.7 41.625 0.00314932
4.7 43.875 0.00308589
4.9 1.125 0.00310665
4.9 3.375 0.00357666
4.9 5.625 0.00258926
4.9 7.875 0.00246174
4.9 10.125 0.0026726
4.9 12.375 0.00264008
4.9 14.625 0.00256895
4.9 16.875 0.00353455
4.9 19.125 0.00322174
4.9 21.375 0.00308398
4.9 23.625 0.0035178
4.9 25.875 0.00382466
4.9 28.125 0.00362417
4.9 30.375 0.0028567
4.9 32.625 0.00294027
4.9 34.875 0.00308038
4.9 37.125 0.00254391
4.9 39.375 0.003011
4.9 41.625 0.00240446
4.9 43.875 0.00310642
5.1 1.125 0.00253003
5.1 3.375 0.00245326
5.1 5.625 0.00251702
5.1 7.875 0.00238299
5.1 10.125 0.00236207
5.1 12.375 0.00231807
5.1 14.625 0.00315332
5.1 16.875 0.00243972
5.1 19.125 0.00418011
5.1 21.375 0.00309031
5.1 23.625 0.00273739
5.1 25.875 0.004174
5.1 28.125 0.00306733
5.1 30.375 0.0030175
5.1 32.625 0.00271426
5.1 34.875 0.00249719
5.1 37.125 0.00282285
5.1 39.375 0.00234979
5.1 41.625 0.00250746
5.1 43.875 0.00317775
5.3 1.125 0.00401861
5.3 3.375 0.00784936
5.3 5.625 0.00239808
5.3 7.875 0.00740024
5.3 10.125 0.00276107
5.3 12.375 0.00631291
5.3 14.625 0.00261785
5.3 16.875 0.0021528
5.3 19.125 0.00240414
5.3 21.375 0.00249432
5.3 23.625 0.00417728
5.3 25.875 0.00308508
5.3 28.125 0.00263841
5.3 30.375 0.00350584
5.3 32.625 0.00267573
5.3 34.875 0.00237023
5.3 37.125 0.00250471
5.3 39.375 0.00214123
5.3 41.625 0.00210976
5.3 43.875 0.00361996
5.5 1.125 0.00231051
5.5 3.375 0.00224302
5.5 5.625 0.0104938
5.5 7.875 0.00282917
5.5 10.125 0.00824848
5.5 12.375 0.00254109
5.5 14.625 0.0042986
5.5 16.875 0.00323756
5.5 19.125 0.00247519
5.5 21.375 0.00237956
5.5 23.625 0.00277031
5.5 25.875 0.00305673
5.5 28.125 0.00257788
5.5 30.375 0.00363929
5.5 32.625 0.00309209
5.5 34.875 0.00272055
5.5 37.125 0.00233283
5.5 39.375 0.00293161
5.5 41.625 0.00302554
5.5 43.875 0.00424152
5.7 1.125 0.00493028
5.7 3.375 0.00222985
5.7 5.625 0.00654653
5.7 7.875 0.00293084
5.7 10.125 0.00249275
5.7 12.375 0.00980708
5.7 14.625 0.00319879
5.7 16.875 0.00436642
5.7 19.125 0.00290558
5.7 21.375 0.00632642
5.7 23.625 0.00250036
5.7 25.875 0.00233899
5.7 28.125 0.00302445
5.7 30.375 0.00210921
5.7 32.625 0.00267519
5.7 34.875 0.00240483
5.7 37.125 0.00258947
5.7 39.375 0.00347987
5.7 41.625 0.00266226
5.7 43.875 0.00287174
5.9 1.125 0.00681476
5.9 3.375 0.0116298
5.9 5.625 0.0027595
5.9 7.875 0.0030641
5.9 10.125 0.0027935
5.9 12.375 0.00265367
5.9 14.625 0.00218061
5.9 16.875 0.00751521
5.9 19.125 0.00257476
5.9 21.375 0.00257926
5.9 23.625 0.00217485
5.9 25.875 0.00229956
5.9 28.125 0.00241388
5.9 30.375 0.00260606
5.9 32.625 0.00254333
5.9 34.875 0.00244198
5.9 37.125 0.00270235
5.9 39.375 0.00358973
5.9 41.625 0.00320931
5.9 43.875 0.00239675
6.1 1.125 0.00290074
6.1 3.375 0.00243505
6.1 5.625 0.00252636
6.1 7.875 0.00235742
6.1 10.125 0.00279767
6.1 12.375 0.00231266
6.1 14.625 0.00227526
6.1 16.875 0.00265787
6.1 19.125 0.00266317
6.1 21.375 0.00248816
6.1 23.625 0.00229795
6.1 25.875 0.00287128
6.1 28.125 0.00226301
6.1 30.375 0.00192596
6.1 32.625 0.0021962
6.1 34.875 0.00298094
6.1 37.125 0.00249318
6.1 39.375 0.00234095
6.1 41.625 0.00310308
6.1 43.875 0.00304739
6.3 1.125 0.00240491
6.3 3.375 0.0026148
6.3 5.625 0.0022464
6.3 7.875 0.0029185
6.3 10.125 0.00294616
6.3 12.375 0.00242932
6.3 14.625 0.00871062
6.3 16.875 0.00203379
6.3 19.125 0.00265695
6.3 21.375 0.00278042
6.3 23.625 0.00237626
6.3 25.875 0.00210975
6.3 28.125 0.00231684
6.3 30.375 0.00260436
6.3 32.625 0.00251708
6.3 34.875 0.00194007
6.3 37.125 0.0025004
6.3 39.375 0.0027198
6.3 41.625 0.00226789
6.3 43.875 0.00255789
6.5 1.125 0.00515185
6.5 3.375 0.00613866
6.5 5.625 0.00381244
6.5 7.875 0.00211826
6.5 10.125 0.00225186
6.5 12.375 0.00253494
6.5 14.625 0.00236423
6.5 16.875 0.00292013
6.5 19.125 0.00247525
6.5 21.375 0.00250914
6.5 23.625 0.00234027
6.5 25.875 0.00228913
6.5 28.125 0.00194812
6.5 30.375 0.0111855
6.5 32.625 0.00239694
6.5 34.875 0.00220857
6.5 37.125 0.00187064
6.5 39.375 0.00224263
6.5 41.625 0.00224875
6.5 43.875 0.0032197
6.7 1.125 0.0023862
6.7 3.375 0.00221979
6.7 5.625 0.00252266
6.7 7.875 0.00241522
6.7 10.125 0.00265017
6.7 12.375 0.00228935
6.7 14.625 0.00243352
6.7 16.875 0.00375143
6.7 19.125 0.00240585
6.7 21.375 0.00258241
6.7 23.625 0.00253584
6.7 25.875 0.00252774
6.7 28.125 0.00226582
6.7 30.375 0.00192161
6.7 32.625 0.00211426
6.7 34.875 0.0030074
6.7 37.125 0.00265668
6.7 39.375 0.00225893
6.7 41.625 0.0029034
6.7 43.875 0.00267637
6.9 1.125 0.00273938
6.9 3.375 0.00201617
6.9 5.625 0.00284716
6.9 7.875 0.00619902
6.9 10.125 0.00276301
6.9 12.375 0.00357649
6.9 14.625 0.0023428
6.9 16.875 0.00230678
6.9 19.125 0.00373142
6.9 21.375 0.00240712
6.9 23.625 0.00220949
6.9 25.875 0.00209493
6.9 28.125 0.00228094
6.9 30.375 0.00224192
6.9 32.625 0.00269147
6.9 34.875 0.00246287
6.9 37.125 0.00235552
6.9 39.375 0.00271459
6.9 41.625 0.00205054
6.9 43.875 0.00237562
7.1 1.125 0.00251692
7.1 3.375 0.00246152
7.1 5.625 0.00223213
7.1 7.875 0.00245323
7.1 10.125 0.00260501
7.1 12.375 0.00284494
7.1 14.625 0.0019233
7.1 16.875 0.00244081
7.1 19.125 0.00261802
7.1 21.375 0.00248435
7.1 23.625 0.00247803
7.1 25.875 0.00219346
7.1 28.125 0.00304832
7.1 30.375 0.001964
7.1 32.625 0.00238499
7.1 34.875 0.00257364
7.1 37.125 0.00233856
7.1 39.375 0.0026924
7.1 41.625 0.00229047
7.1 43.875 0.00220529
7.3 1.125 0.00239859
7.3 3.375 0.00578284
7.3 5.625 0.00226198
7.3 7.875 0.00232324
7.3 10.125 0.00302784
7.3 12.375 0.00625437
7.3 14.625 0.00260076
7.3 16.875 0.00229161
7.3 19.125 0.00257824
7.3 21.375 0.00227613
7.3 23.625 0.00270354
7.3 25.875 0.00194702
7.3 28.125 0.00253855
7.3 30.375 0.00247794
7.3 32.625 0.01124
7.3 34.875 0.00310811
7.3 37.125 0.0018302
7.3 39.375 0.00223991
7.3 41.625 0.00214102
7.3 43.875 0.0022711
7.5 1.125 0.00214006
7.5 3.375 0.00182842
7.5 5.625 0.00212907
7.5 7.875 0.00221657
7.5 10.125 0.00211687
7.5 12.375 0.00202831
7.5 14.625 0.00210319
7.5 16.875 0.00249652
7.5 19.125 0.0050554
7.5 21.375 0.0024583
7.5 23.625 0.00234362
7.5 25.875 0.00225379
7.5 28.125 0.00302516
7.5 30.375 0.00206815
7.5 32.625 0.0020722
7.5 34.875 0.00255399
7.5 37.125 0.00268367
7.5 39.375 0.00231761
7.5 41.625 0.00237681
7.5 43.875 0.0020954
7.7 1.125 0.00180306
7.7 3.375 0.00241191
7.7 5.625 0.00259865
7.7 7.875 0.00185364
7.7 10.125 0.00231813
7.7 12.375 0.00211858
7.7 14.625 0.00227702
7.7 16.875 0.00237271
7.7 19.125 0.00213965
7.7 21.375 0.0022008
7.7 23.625 0.00182293
7.7 25.875 0.0023146
7.7 28.125 0.00275689
7.7 30.375 0.00289521
7.7 32.625 0.00206315
7.7 34.875 0.00276602
7.7 37.125 0.00272727
7.7 39.375 0.00220965
7.7 41.625 0.00215468
7.7 43.875 0.00230281
7.9 1.125 0.00203642
7.9 3.375 0.00218143
7.9 5.625 0.00220027
7.9 7.875 0.00226193
7.9 10.125 0.00278838
7.9 12.375 0.00172064
7.9 14.625 0.00228401
7.9 16.875 0.00258769
7.9 19.125 0.00226224
7.9 21.375 0.00209451
7.9 23.625 0.00231241
7.9 25.875 0.0022294
7.9 28.125 0.00237271
7.9 30.375 0.00289985
7.9 32.625 0.00315139
7.9 34.875 0.00270231
7.9 37.125 0.00232751
7.9 39.375 0.00261036
7.9 41.625 0.0020702
7.9 43.875 0.00264976
8.1 1.125 0.00195422
8.1 3.375 0.0021133
8.1 5.625 0.00213905
8.1 7.875 0.00219335
8.1 10.125 0.00282549
8.1 12.375 0.00214732
8.1 14.625 0.00213041
8.1 16.875 0.00214353
8.1 19.125 0.00189984
8.1 21.375 0.00212855
8.1 23.625 0.00205334
8.1 25.875 0.0026034
8.1 28.125 0.006151
8.1 30.375 0.00254214
8.1 32.625 0.00237249
8.1 34.875 0.00239535
8.1 37.125 0.00199144
8.1 39.375 0.00238031
8.1 41.625 0.00239679
8.1 43.875 0.00199499
8.3 1.125 0.00253529
8.3 3.375 0.00230057
8.3 5.625 0.00308994
8.3 7.875 0.00246402
8.3 10.125 0.00190112
8.3 12.375 0.00253457
8.3 14.625 0.00213168
8.3 16.875 0.00207926
8.3 19.125 0.00269981
8.3 21.375 0.00162666
8.3 23.625 0.00172471
8.3 25.875 0.00197479
8.3 28.125 0.00233415
8.3 30.375 0.00262307
8.3 32.625 0.00289238
8.3 34.875 0.00182034
8.3 37.125 0.0025757
8.3 39.375 0.00175765
8.3 41.625 0.00209669
8.3 43.875 0.00288414
8.5 1.125 0.00236978
8.5 3.375 0.00252311
8.5 5.625 0.00230796
8.5 7.875 0.0027718
8.5 10.125 0.00218747
8.5 12.375 0.00377696
8.5 14.625 0.00217602
8.5 16.875 0.00221355
8.5 19.125 0.00231137
8.5 21.375 0.00187232
8.5 23.625 0.00182851
8.5 25.875 0.00271178
8.5 28.125 0.00189807
8.5 30.375 0.00248938
8.5 32.625 0.00247398
8.5 34.875 0.00237958
8.5 37.125 0.00318739
8.5 39.375 0.00236234
8.5 41.625 0.00224265
8.5 43.875 0.00220381
8.7 1.125 0.00256827
8.7 3.375 0.0020777
8.7 5.625 0.00222855
8.7 7.875 0.00233623
8.7 10.125 0.00215751
8.7 12.375 0.00178778
8.7 14.625 0.00225059
8.7 16.875 0.00234568
8.7 19.125 0.00198959
8.7 21.375 0.00186095
8.7 23.625 0.00267729
8.7 25.875 0.00184069
8.7 28.125 0.0019171
8.7 30.375 0.00199326
8.7 32.625 0.00218418
8.7 34.875 0.0022086
8.7 37.125 0.0025515
8.7 39.375 0.00287633
8.7 41.625 0.0017006
8.7 43.875 0.00293204
8.9 1.125 0.00237143
8.9 3.375 0.00164474
8.9 5.625 0.0020953
8.9 7.875 0.00181556
8.9 10.125 0.00176326
8.9 12.375 0.00246854
8.9 14.625 0.00197251
8.9 16.875 0.00150871
8.9 19.125 0.00243301
8.9 21.375 0.00254028
8.9 23.625 0.0019302
8.9 25.875 0.00266829
8.9 28.125 0.00152289
8.9 30.375 0.00191063
8.9 32.625 0.00217207
8.9 34.875 0.00203787
8.9 37.125 0.00259581
8.9 39.375 0.00236926
8.9 41.625 0.00198498
8.9 43.875 0.00201162
9.1 1.125 0.00209391
9.1 3.375 0.00248265
9.1 5.625 0.00182925
9.1 7.875 0.00202412
9.1 10.125 0.00221113
9.1 12.375 0.00257968
9.1 14.625 0.0020698
9.1 16.875 0.00236444
9.1 19.125 0.00296705
9.1 21.375 0.00277416
9.1 23.625 0.00222734
9.1 25.875 0.00221035
9.1 28.125 0.00222414
9.1 30.375 0.0026298
9.1 32.625 0.00204664
9.1 34.875 0.00178891
9.1 37.125 0.00227994
9.1 39.375 0.00271013
9.1 41.625 0.00218422
9.1 43.875 0.0021725
9.3 1.125 0.00242634
9.3 3.375 0.00185083
9.3 5.625 0.00199498
9.3 7.875 0.00220211
9.3 10.125 0.00240694
9.3 12.375 0.00245635
9.3 14.625 0.00187929
9.3 16.875 0.00232855
9.3 19.125 0.0029509
9.3 21.375 0.00224754
9.3 23.625 0.00176911
9.3 25.875 0.00154456
9.3 28.125 0.00299782
9.3 30.375 0.00187215
9.3 32.625 0.00247652
9.3 34.875 0.0025844
9.3 37.125 0.0018112
9.3 39.375 0.00163134
9.3 41.625 0.00240511
9.3 43.875 0.00300625
9.5 1.125 0.00201265
9.5 3.375 0.0020657
9.5 5.625 0.00284943
9.5 7.875 0.00222051
9.5 10.125 0.00197369
9.5 12.375 0.00297349
9.5 14.625 0.0020594
9.5 16.875 0.00340089
9.5 19.125 0.00263621
9.5 21.375 0.00264899
9.5 23.625 0.00209716
9.5 25.875 0.00144332
9.5 28.125 0.0015906
9.5 30.375 0.00234043
9.5 32.625 0.00212193
9.5 34.875 0.0021366
9.5 37.125 0.00246832
9.5 39.375 0.00219793
9.5 41.625 0.00214804
9.5 43.875 0.001831
9.7 1.125 0.00247608
9.7 3.375 0.00184172
9.7 5.625 0.0032477
9.7 7.875 0.00294918
9.7 10.125 0.00216168
9.7 12.375 0.00181503
9.7 14.625 0.00133132
9.7 16.875 0.00247583
9.7 19.125 0.00239903
9.7 21.375 0.00172014
9.7 23.625 0.00245968
9.7 25.875 0.00339192
9.7 28.125 0.0018872
9.7 30.375 0.00254848
9.7 32.625 0.00135277
9.7 34.875 0.00148233
9.7 37.125 0.00172803
9.7 39.375 0.00166385
9.7 41.625 0.00209533
9.7 43.875 0.00233054
9.9 1.125 0.00187048
9.9 3.375 0.00233635
9.9 5.625 0.00142892
9.9 7.875 0.00176509
9.9 10.125 0.00247542
9.9 12.375 0.00249311
9.9 14.625 0.00246316
9.9 16.875 0.00243876
9.9 19.125 0.00218547
9.9 21.375 0.00221113
9.9 23.625 0.00347062
9.9 25.875 0.00176735
9.9 28.125 0.00334917
9.9 30.375 0.0023135
9.9 32.625 0.00158478
9.9 34.875 0.00276343
9.9 37.125 0.00155661
9.9 39.375 0.00141362
9.9 41.625 0.00291985
9.9 43.875 0.00159251
10.1 1.125 0.00189253
10.1 3.375 0.0239842
10.1 5.625 0.00156953
10.1 7.875 0.00268541
10.1 10.125 0.00233995
10.1 12.375 0.0017867
10.1 14.625 0.00268699
10.1 16.875 0.00173253
10.1 19.125 0.00193614
10.1 21.375 0.00175081
10.1 23.625 0.00164044
10.1 25.875 0.00330385
10.1 28.125 0.0018809
10.1 30.375 0.00250972
10.1 32.625 0.0041048
10.1 34.875 0.00196884
10.1 37.125 0.00190663
10.1 39.375 0.00265505
10.1 41.625 0.00226825
10.1 43.875 0.00266886
10.3 1.125 0.00145553
10.3 3.375 0.00133036
10.3 5.625 0.00142161
10.3 7.875 0.00421436
10.3 10.125 0.00168021
10.3 12.375 0.00201354
10.3 14.625 0.00210538
10.3 16.875 0.0015805
10.3 19.125 0.00221361
10.3 21.375 0.00237432
10.3 23.625 0.00192069
10.3 25.875 0.00186992
10.3 28.125 0.00222467
10.3 30.375 0.00236292
10.3 32.625 0.00132131
10.3 34.875 0.00162478
10.3 37.125 0.00225924
10.3 39.375 0.00193288
10.3 41.625 0.00199192
10.3 43.875 0.00193967
10.5 1.125 0.00247797
10.5 3.375 0.00219211
10.5 5.625 0.00189885
10.5 7.875 0.00175567
10.5 10.125 0.00252042
10.5 12.375 0.00218091
10.5 14.625 0.00233792
10.5 16.875 0.00167281
10.5 19.125 0.00230651
10.5 21.375 0.00248498
10.5 23.625 0.0024337
10.5 25.875 0.00168192
10.5 28.125 0.0027087
10.5 30.375 0.00192766
10.5 32.625 0.00161569
10.5 34.875 0.00159708
10.5 37.125 0.00128385
10.5 39.375 0.00233153
10.5 41.625 0.0018017
10.5 43.875 0.00192383
10.7 1.125 0.00206768
10.7 3.375 0.00202528
10.7 5.625 0.00119812
10.7 10.125 0.00157789
10.7 12.375 0.00313317
10.7 16.875 0.00170948
10.7 19.125 0.0024804
10.7 21.375 0.00147673
10.7 23.625 0.00166119
10.7 25.875 0.00201413
10.7 28.125 0.00217937
10.7 30.375 0.00283305
10.7 32.625 0.0020061
10.7 34.875 0.00272243
10.7 37.125 0.00320734
10.7 39.375 0.00131977
10.7 41.625 0.00240168
10.7 43.875 0.00329447
10.9 1.125 0.00175548
10.9 3.375 0.00186792
10.9 5.625 0.00323711
10.9 7.875 0.00183874
10.9 10.125 0.00150892
10.9 12.375 0.00227206
10.9 14.625 0.00216204
10.9 16.875 0.00232196
10.9 19.125 0.00174762
10.9 21.375 0.00208845
10.9 23.625 0.00170527
10.9 25.875 0.00202596
10.9 28.125 0.00152267
10.9 30.375 0.00153772
10.9 32.625 0.0018689
10.9 37.125 0.00155607
10.9 39.375 0.00173057
10.9 41.625 0.00250135
10.9 43.875 0.00243727
11.1 1.125 0.00200452
11.1 3.375 0.00232176
11.1 5.625 0.00173568
11.1 10.125 0.00168995
11.1 12.375 0.00282382
11.1 14.625 0.00272277
11.1 16.875 0.00350228
11.1 19.125 0.00216207
11.1 23.625 0.00138882
11.1 25.875 0.00222829
11.1 28.125 0.00205591
11.1 30.375 0.00188968
11.1 32.625 0.0015321
11.1 34.875 0.00333162
11.1 37.125 0.0029829
11.1 39.375 0.00276827
11.1 41.625 0.00232989
11.1 43.875 0.00158856
11.3 1.125 0.00252233
11.3 3.375 0.00179628
11.3 5.625 0.00224047
11.3 7.875 0.00201612
11.3 10.125 0.00203014
11.3 12.375 0.00217628
11.3 14.625 0.0016679
11.3 16.875 0.00412538
11.3 19.125 0.0015878
11.3 23.625 0.00213596
11.3 25.875 0.00251424
11.3 28.125 0.00313499
11.3 30.375 0.00266447
11.3 32.625 0.00166909
11.3 34.875 0.00322823
11.3 37.125 0.00180018
11.3 39.375 0.00129313
11.3 41.625 0.00154047
11.3 43.875 0.00172467
11.5 1.125 0.00155756
11.5 5.625 0.000891367
11.5 10.125 0.00237729
11.5 12.375 0.00145146
11.5 14.625 0.00276565
11.5 16.875 0.00141311
11.5 23.625 0.00247878
11.5 25.875 0.00236557
11.5 28.125 0.00181545
11.5 30.375 0.00144418
11.5 32.625 0.0015834
11.5 34.875 0.00179147
11.5 37.125 0.00200458
11.5 39.375 0.00154857
11.5 41.625 0.00177188
11.5 43.875 0.00135237
11.7 1.125 0.00160753
11.7 3.375 0.0015765
11.7 5.625 0.00287895
11.7 7.875 0.00259044
11.7 10.125 0.00305201
11.7 12.375 0.00164517
11.7 16.875 0.0039064
11.7 21.375 0.00215622
11.7 23.625 0.00232139
11.7 25.875 0.0018368
11.7 28.125 0.00171728
11.7 30.375 0.00197646
11.7 32.625 0.00191489
11.7 34.875 0.00192129
11.7 37.125 0.00217802
11.7 39.375 0.0018799
11.7 41.625 0.00223513
11.9 1.125 0.00208213
11.9 3.375 0.00226294
11.9 5.625 0.00203265
11.9 7.875 0.0016
11.9 10.125 0.00224249
11.9 12.375 0.00238814
11.9 14.625 0.00146946
11.9 16.875 0.00287036
11.9 21.375 0.00221998
11.9 23.625 0.00303631
11.9 28.125 0.00279883
11.9 30.375 0.00242739
11.9 32.625 0.00310924
11.9 34.875 0.00353589
11.9 37.125 0.00220035
11.9 39.375 0.00163805
11.9 41.625 0.00141952
12.1 1.125 0.00322842
12.1 3.375 0.00122794
12.1 5.625 0.0021902
12.1 7.875 0.00192476
12.1 10.125 0.00171636
12.1 12.375 0.00180006
12.1 23.625 0.0026995
12.1 28.125 0.00181566
12.1 30.375 0.00184864
12.1 32.625 0.00169058
12.1 34.875 0.0023716
12.1 37.125 0.00153057
12.1 39.375 0.00213895
12.1 43.875 0.00263984
12.3 1.125 0.00181897
12.3 5.625 0.00161261
12.3 7.875 0.00166296
12.3 10.125 0.00149002
12.3 12.375 0.00163468
12.3 14.625 0.00262564
12.3 16.875 0.00210682
12.3 19.125 0.00234311
12.3 21.375 0.00270693
12.3 23.625 0.00325177
12.3 34.875 0.00205038
12.3 37.125 0.00196067
12.3 39.375 0.00165078
12.3 41.625 0.001686
12.3 43.875 0.00313344
12.5 1.125 0.00159883
12.5 3.375 0.00213194
12.5 5.625 0.00205699
12.5 7.875 0.00233549
12.5 10.125 0.00175942
12.5 12.375 0.00173489
12.5 14.625 0.00160475
12.5 16.875 0.00181677
12.5 19.125 0.00222246
12.5 21.375 0.00140272
12.5 23.625 0.00304101
12.5 32.625 0.00179873
12.5 34.875 0.00315159
12.5 37.125 0.00209555
12.5 39.375 0.00177848
12.5 41.625 0.00166495
12.7 1.125 0.00179479
12.7 3.375 0.00267138
12.7 5.625 0.00144144
12.7 7.875 0.000547238
12.7 10.125 0.00240655
12.7 12.375 0.00241563
12.7 14.625 0.00212847
12.7 16.875 0.00102921
12.7 19.125 0.00193545
12.7 23.625 0.00111527
12.7 30.375 0.00193523
12.7 34.875 0.00245185
12.7 37.125 0.000704429
12.7 39.375 0.00132794
12.7 41.625 0.00285451
12.9 1.125 0.00322841
12.9 5.625 0.00200983
12.9 10.125 0.00153671
12.9 12.375 0.00140534
12.9 16.875 0.00139278
12.9 19.125 0.00230933
12.9 21.375 0.0024286
12.9 23.625 0.00231182
12.9 25.875 0.00228592
12.9 30.375 0.0022904
12.9 32.625 0.00152071
12.9 37.125 0.00114633
12.9 39.375 0.00178225
12.9 41.625 0.00308733
13.1 1.125 0.00454886
13.1 5.625 0.00098637
13.1 10.125 0.00202542
13.1 12.375 0.00228054
13.1 14.625 0.00185173
13.1 16.875 0.0013471
13.1 19.125 0.00267071
13.1 21.375 0.00131914
13.1 32.625 0.00245181
13.1 37.125 0.00168831
13.1 39.375 0.00170617
13.1 41.625 0.00217952
13.1 43.875 0.00199363
13.3 7.875 0.00202777
13.3 10.125 0.0013452
13.3 21.375 0.00242293
13.3 23.625 0.00330008
13.3 41.625 0.00192955
13.5 1.125 0.00155442
13.5 3.375 0.00143206
13.5 7.875 0.00316802
13.5 10.125 0.00172851
13.5 19.125 0.00203579
13.5 21.375 0.0019034
13.5 28.125 0.00518553
13.5 32.625 0.0023992
13.5 43.875 0.00380858
13.7 7.875 0.00201154
13.7 12.375 0.00137263
13.7 21.375 0.00334234
13.7 25.875 0.00174907
13.7 30.375 0.002281
13.7 34.875 0.00355488
13.7 41.625 0.00391594
13.7 43.875 0.00199015
13.9 1.125 0.00116522
13.9 12.375 0.00267936
13.9 32.625 0.002329
13.9 43.875 0.00484367
