0.1 1.125 0.503533
0.1 3.375 0.50345
0.1 5.625 0.511059
0.1 7.875 0.486988
0.1 10.125 0.506598
0.1 12.375 0.508399
0.1 14.625 0.502232
0.1 16.875 0.494122
0.1 19.125 0.510771
0.1 21.375 0.497056
0.1 23.625 0.485852
0.1 25.875 0.477151
0.1 28.125 0.510686
0.1 30.375 0.506513
0.1 32.625 0.485521
0.1 34.875 0.464514
0.1 37.125 0.516525
0.1 39.375 0.481991
0.1 41.625 0.510535
0.1 43.875 0.514391
0.3 1.125 0.497975
0.3 3.375 0.477645
0.3 5.625 0.496369
0.3 7.875 0.495697
0.3 10.125 0.501968
0.3 12.375 0.492824
0.3 14.625 0.496824
0.3 16.875 0.493581
0.3 19.125 0.497225
0.3 21.375 0.482348
0.3 23.625 0.488201
0.3 25.875 0.490027
0.3 28.125 0.48904
0.3 30.375 0.487145
0.3 32.625 0.489597
0.3 34.875 0.479599
0.3 37.125 0.475051
0.3 39.375 0.491254
0.3 41.625 0.484353
0.3 43.875 0.493618
0.5 1.125 0.474902
0.5 3.375 0.459177
0.5 5.625 0.477504
0.5 7.875 0.476813
0.5 10.125 0.480149
0.5 12.375 0.483384
0.5 14.625 0.465815
0.5 16.875 0.481881
0.5 19.125 0.473693
0.5 21.375 0.479097
0.5 23.625 0.47471
0.5 25.875 0.47203
0.5 28.125 0.468313
0.5 30.375 0.473101
0.5 32.625 0.473419
0.5 34.875 0.477617
0.5 37.125 0.475056
0.5 39.375 0.470725
0.5 41.625 0.468504
0.5 43.875 0.467939
0.7 1.125 0.455589
0.7 3.375 0.452871
0.7 5.625 0.454098
0.7 7.875 0.454124
0.7 10.125 0.454262
0.7 12.375 0.457522
0.7 14.625 0.452674
0.7 16.875 0.440337
0.7 19.125 0.431367
0.7 21.375 0.446754
0.7 23.625 0.435993
0.7 25.875 0.445471
0.7 28.125 0.436618
0.7 30.375 0.438237
0.7 32.625 0.438148
0.7 34.875 0.443501
0.7 37.125 0.441192
0.7 39.375 0.441689
0.7 41.625 0.438863
0.7 43.875 0.444018
0.9 1.125 0.408151
0.9 3.375 0.400643
0.9 5.625 0.407921
0.9 7.875 0.406698
0.9 10.125 0.401263
0.9 12.375 0.403797
0.9 14.625 0.406197
0.9 16.875 0.395249
0.9 19.125 0.399405
0.9 21.375 0.383899
0.9 23.625 0.407095
0.9 25.875 0.402523
0.9 28.125 0.391436
0.9 30.375 0.390085
0.9 32.625 0.385803
0.9 34.875 0.397871
0.9 37.125 0.39342
0.9 39.375 0.394073
0.9 41.625 0.396167
0.9 43.875 0.391219
1.1 1.125 0.322396
1.1 3.375 0.321712
1.1 5.625 0.332209
1.1 7.875 0.325008
1.1 10.125 0.321507
1.1 12.375 0.326109
1.1 14.625 0.310216
1.1 16.875 0.317596
1.1 19.125 0.339417
1.1 21.375 0.329316
1.1 23.625 0.331263
1.1 25.875 0.317718
1.1 28.125 0.319822
1.1 30.375 0.345659
1.1 32.625 0.334943
1.1 34.875 0.357128
1.1 37.125 0.32864
1.1 39.375 0.365652
1.1 41.625 0.333108
1.1 43.875 0.352495
1.3 1.125 0.214972
1.3 3.375 0.219922
1.3 5.625 0.209042
1.3 7.875 0.217349
1.3 10.125 0.209056
1.3 12.375 0.232136
1.3 14.625 0.228826
1.3 16.875 0.242958
1.3 19.125 0.227475
1.3 21.375 0.249736
1.3 23.625 0.243109
1.3 25.875 0.255611
1.3 28.125 0.271102
1.3 30.375 0.267108
1.3 32.625 0.280737
1.3 34.875 0.262267
1.3 37.125 0.296728
1.3 39.375 0.276988
1.3 41.625 0.298103
1.3 43.875 0.298213
1.5 1.125 0.12495
1.5 3.375 0.124548
1.5 5.625 0.128746
1.5 7.875 0.13385
1.5 10.125 0.135564
1.5 12.375 0.14024
1.5 14.625 0.151053
1.5 16.875 0.16041
1.5 19.125 0.159262
1.5 21.375 0.157543
1.5 23.625 0.158256
1.5 25.875 0.163211
1.5 28.125 0.173542
1.5 30.375 0.167256
1.5 32.625 0.174808
1.5 34.875 0.204398
1.5 37.125 0.197922
1.5 39.375 0.218508
1.5 41.625 0.211984
1.5 43.875 0.232106
1.7 1.125 0.0726184
1.7 3.375 0.0752107
1.7 5.625 0.0734249
1.7 7.875 0.0815109
1.7 10.125 0.0747373
1.7 12.375 0.0913914
1.7 14.625 0.0941812
1.7 16.875 0.097105
1.7 19.125 0.101542
1.7 21.375 0.103344
1.7 23.625 0.107742
1.7 25.875 0.114131
1.7 28.125 0.102822
1.7 30.375 0.116984
1.7 32.625 0.124155
1.7 34.875 0.125097
1.7 37.125 0.124979
1.7 39.375 0.119639
1.7 41.625 0.132724
1.7 43.875 0.153609
1.9 1.125 0.0464276
1.9 3.375 0.046369
1.9 5.625 0.0482525
1.9 7.875 0.0516059
1.9 10.125 0.0512817
1.9 12.375 0.0548929
1.9 14.625 0.061068
1.9 16.875 0.0605799
1.9 19.125 0.0622643
1.9 21.375 0.0662049
1.9 23.625 0.0731266
1.9 25.875 0.0609263
1.9 28.125 0.071407
1.9 30.375 0.0714076
1.9 32.625 0.0769998
1.9 34.875 0.0836594
1.9 37.125 0.0730442
1.9 39.375 0.088833
1.9 41.625 0.0939153
1.9 43.875 0.0928059
2.1 1.125 0.0287103
2.1 3.375 0.0297075
2.1 5.625 0.030982
2.1 7.875 0.0323667
2.1 10.125 0.0329794
2.1 12.375 0.0322865
2.1 14.625 0.0361464
2.1 16.875 0.0400602
2.1 19.125 0.0411073
2.1 21.375 0.0406497
2.1 23.625 0.043217
2.1 25.875 0.0432163
2.1 28.125 0.0499978
2.1 30.375 0.0449574
2.1 32.625 0.0477471
2.1 34.875 0.0528988
2.1 37.125 0.0571971
2.1 39.375 0.0535527
2.1 41.625 0.0611526
2.1 43.875 0.0594434
2.3 1.125 0.0172495
2.3 3.375 0.0163341
2.3 5.625 0.0184566
2.3 7.875 0.0179381
2.3 10.125 0.0196589
2.3 12.375 0.0195248
2.3 14.625 0.0222951
2.3 16.875 0.0215175
2.3 19.125 0.0243533
2.3 21.375 0.0252657
2.3 23.625 0.0240202
2.3 25.875 0.0257984
2.3 28.125 0.0295795
2.3 30.375 0.0332043
2.3 32.625 0.0321617
2.3 34.875 0.0396611
2.3 37.125 0.0370386
2.3 39.375 0.035575
2.3 41.625 0.0386568
2.3 43.875 0.0372202
2.5 1.125 0.0106828
2.5 3.375 0.0107205
2.5 5.625 0.00951487
2.5 7.875 0.00992989
2.5 10.125 0.0104646
2.5 12.375 0.0117437
2.5 14.625 0.0101355
2.5 16.875 0.0114043
2.5 19.125 0.0125155
2.5 21.375 0.0136543
2.5 23.625 0.0150634
2.5 25.875 0.0172023
2.5 28.125 0.0190677
2.5 30.375 0.0219443
2.5 32.625 0.0217978
2.5 34.875 0.0248818
2.5 37.125 0.0230679
2.5 39.375 0.0249979
2.5 41.625 0.0255527
2.5 43.875 0.0234216
2.7 1.125 0.00948064
2.7 3.375 0.00974355
2.7 5.625 0.00954661
2.7 7.875 0.00905977
2.7 10.125 0.00853656
2.7 12.375 0.00892805
2.7 14.625 0.00821066
2.7 16.875 0.00890831
2.7 19.125 0.00879968
2.7 21.375 0.00843518
2.7 23.625 0.00925222
2.7 25.875 0.0101366
2.7 28.125 0.011634
2.7 30.375 0.0138203
2.7 32.625 0.0149842
2.7 34.875 0.0165408
2.7 37.125 0.0167259
2.7 39.375 0.0157045
2.7 41.625 0.0152097
2.7 43.875 0.017148
2.9 1.125 0.0082513
2.9 3.375 0.00701703
2.9 5.625 0.00693597
2.9 7.875 0.00709089
2.9 10.125 0.00797837
2.9 12.375 0.00662948
2.9 14.625 0.00759018
2.9 16.875 0.00736387
2.9 19.125 0.00693064
2.9 21.375 0.00846402
2.9 23.625 0.00784076
2.9 25.875 0.00776007
2.9 28.125 0.00762975
2.9 30.375 0.00810277
2.9 32.625 0.00887659
2.9 34.875 0.0101809
2.9 37.125 0.010387
2.9 39.375 0.0120304
2.9 41.625 0.0116988
2.9 43.875 0.0128022
3.1 1.125 0.00647707
3.1 3.375 0.00609827
3.1 5.625 0.00592562
3.1 7.875 0.00859556
3.1 10.125 0.00699216
3.1 12.375 0.0069524
3.1 14.625 0.00661612
3.1 16.875 0.00623578
3.1 19.125 0.00576179
3.1 21.375 0.00679415
3.1 23.625 0.00681166
3.1 25.875 0.0072081
3.1 28.125 0.00734388
3.1 30.375 0.0076629
3.1 32.625 0.0071508
3.1 34.875 0.00719249
3.1 37.125 0.00730459
3.1 39.375 0.0086897
3.1 41.625 0.00879904
3.1 43.875 0.00935098
3.3 1.125 0.00599105
3.3 3.375 0.00678076
3.3 5.625 0.00538633
3.3 7.875 0.00616466
3.3 10.125 0.00569566
3.3 12.375 0.00492577
3.3 14.625 0.00611026
3.3 16.875 0.00553508
3.3 19.125 0.00616497
3.3 21.375 0.00600327
3.3 23.625 0.00692425
3.3 25.875 0.0061949
3.3 28.125 0.00611708
3.3 30.375 0.00674586
3.3 32.625 0.00737286
3.3 34.875 0.00668302
3.3 37.125 0.00615131
3.3 39.375 0.00611607
3.3 41.625 0.00651858
3.3 43.875 0.00703352
3.5 1.125 0.00553057
3.5 3.375 0.00525335
3.5 5.625 0.00497478
3.5 7.875 0.00582135
3.5 10.125 0.00459333
3.5 12.375 0.00529122
3.5 14.625 0.00525685
3.5 16.875 0.0048723
3.5 19.125 0.005635
3.5 21.375 0.0048533
3.5 23.625 0.00496408
3.5 25.875 0.00593213
3.5 28.125 0.00586305
3.5 30.375 0.00556062
3.5 32.625 0.0058461
3.5 34.875 0.00572564
3.5 37.125 0.00603256
3.5 39.375 0.00649762
3.5 41.625 0.00585985
3.5 43.875 0.00501636
3.7 1.125 0.0048658
3.7 3.375 0.00498769
3.7 5.625 0.00501869
3.7 7.875 0.00524845
3.7 10.125 0.00459901
3.7 12.375 0.00514038
3.7 14.625 0.00608248
3.7 16.875 0.00535648
3.7 19.125 0.00521273
3.7 21.375 0.00493507
3.7 23.625 0.00405465
3.7 25.875 0.00553803
3.7 28.125 0.00587876
3.7 30.375 0.00597714
3.7 32.625 0.00503382
3.7 34.875 0.00544987
3.7 37.125 0.00536146
3.7 39.375 0.00526178
3.7 41.625 0.00512948
3.7 43.875 0.00444786
3.9 1.125 0.00532422
3.9 3.375 0.00489126
3.9 5.625 0.00460641
3.9 7.875 0.00480249
3.9 10.125 0.00494661
3.9 12.375 0.00499153
3.9 14.625 0.00499527
3.9 16.875 0.0049462
3.9 19.125 0.00552998
3.9 21.375 0.00462994
3.9 23.625 0.00568515
3.9 25.875 0.00456612
3.9 28.125 0.00489195
3.9 30.375 0.00477554
3.9 32.625 0.00523702
3.9 34.875 0.00467473
3.9 37.125 0.004696
3.9 39.375 0.00400156
3.9 41.625 0.0046365
3.9 43.875 0.00445706
4.1 1.125 0.00451261
4.1 3.375 0.00446828
4.1 5.625 0.00407428
4.1 7.875 0.00437423
4.1 10.125 0.00398922
4.1 12.375 0.00507234
4.1 14.625 0.00379021
4.1 16.875 0.00496782
4.1 19.125 0.00459946
4.1 21.375 0.00447383
4.1 23.625 0.00468982
4.1 25.875 0.00456122
4.1 28.125 0.00479452
4.1 30.375 0.00491134
4.1 32.625 0.0046006
4.1 34.875 0.00439123
4.1 37.125 0.0040283
4.1 39.375 0.00414834
4.1 41.625 0.00370407
4.1 43.875 0.0041726
4.3 1.125 0.00381769
4.3 3.375 0.00381505
4.3 5.625 0.00373
4.3 7.875 0.00429887
4.3 10.125 0.00384032
4.3 12.375 0.00449388
4.3 14.625 0.0045358
4.3 16.875 0.00427342
4.3 19.125 0.00547245
4.3 21.375 0.00449722
4.3 23.625 0.00483996
4.3 25.875 0.00465349
4.3 28.125 0.00486833
4.3 30.375 0.00478882
4.3 32.625 0.0044821
4.3 34.875 0.00360381
4.3 37.125 0.00372463
4.3 39.375 0.0033259
4.3 41.625 0.00368339
4.3 43.875 0.00383509
4.5 1.125 0.00413724
4.5 3.375 0.00379207
4.5 5.625 0.00370445
4.5 7.875 0.00383006
4.5 10.125 0.00383803
4.5 12.375 0.00391205
4.5 14.625 0.00412599
4.5 16.875 0.00361133
4.5 19.125 0.00447915
4.5 21.375 0.00396847
4.5 23.625 0.00457188
4.5 25.875 0.00441044
4.5 28.125 0.00461185
4.5 30.375 0.00401567
4.5 32.625 0.0038813
4.5 34.875 0.00380176
4.5 37.125 0.00365301
4.5 39.375 0.00363113
4.5 41.625 0.00336117
4.5 43.875 0.00375712
4.7 1.125 0.0038158
4.7 3.375 0.00403106
4.7 5.625 0.00515008
4.7 7.875 0.00362272
4.7 10.125 0.0037981
4.7 12.375 0.00408883
4.7 14.625 0.00329545
4.7 16.875 0.00370987
4.7 19.125 0.00358819
4.7 21.375 0.00378576
4.7 23.625 0.0043446
4.7 25.875 0.00664281
4.7 28.125 0.00418027
4.7 30.375 0.00366163
4.7 32.625 0.00358459
4.7 34.875 0.00354848
4.7 37.125 0.00343327
4.7 39.375 0.00328902
4.7 41.625 0.00345138
4.7 43.875 0.00420469
4.9 1.125 0.00323554
4.9 3.375 0.00313666
4.9 5.625 0.00313011
4.9 7.875 0.00278638
4.9 10.125 0.00319783
4.9 12.375 0.00359172
4.9 14.625 0.00316337
4.9 16.875 0.0036722
4.9 19.125 0.00382232
4.9 21.375 0.00372582
4.9 23.625 0.0032723
4.9 25.875 0.00367091
4.9 28.125 0.00374773
4.9 30.375 0.00310203
4.9 32.625 0.00319359
4.9 34.875 0.00358474
4.9 37.125 0.00381498
4.9 39.375 0.00333081
4.9 41.625 0.0030732
4.9 43.875 0.00352789
5.1 1.125 0.0029519
5.1 3.375 0.00526951
5.1 5.625 0.00283431
5.1 7.875 0.00496464
5.1 10.125 0.00313311
5.1 12.375 0.0031739
5.1 14.625 0.00263747
5.1 16.875 0.00453518
5.1 19.125 0.00340543
5.1 21.375 0.00352519
5.1 23.625 0.00338759
5.1 25.875 0.00334678
5.1 28.125 0.00317942
5.1 30.375 0.00292554
5.1 32.625 0.00359552
5.1 34.875 0.00305685
5.1 37.125 0.00325869
5.1 39.375 0.0033273
5.1 41.625 0.00332072
5.1 43.875 0.00281659
5.3 1.125 0.00304235
5.3 3.375 0.00316677
5.3 5.625 0.00514329
5.3 7.875 0.00266178
5.3 10.125 0.00269953
5.3 12.375 0.0028473
5.3 14.625 0.00320368
5.3 16.875 0.00295169
5.3 19.125 0.00247641
5.3 21.375 0.00276351
5.3 23.625 0.00329912
5.3 25.875 0.00518012
5.3 28.125 0.00308643
5.3 30.375 0.00345227
5.3 32.625 0.00360721
5.3 34.875 0.00303961
5.3 37.125 0.00258279
5.3 39.375 0.00340275
5.3 41.625 0.00350957
5.3 43.875 0.00336548
5.5 1.125 0.00295888
5.5 3.375 0.00287903
5.5 5.625 0.00314224
5.5 7.875 0.00255433
5.5 10.125 0.00318172
5.5 12.375 0.00290645
5.5 14.625 0.00266057
5.5 16.875 0.00314875
5.5 19.125 0.00302693
5.5 21.375 0.00312583
5.5 23.625 0.0031016
5.5 25.875 0.00395338
5.5 28.125 0.00287046
5.5 30.375 0.0028359
5.5 32.625 0.0028686
5.5 34.875 0.00316226
5.5 37.125 0.00287748
5.5 39.375 0.00273993
5.5 41.625 0.00352591
5.5 43.875 0.00269435
5.7 1.125 0.00288608
5.7 3.375 0.00259957
5.7 5.625 0.00297769
5.7 7.875 0.00319216
5.7 10.125 0.00316912
5.7 12.375 0.00247693
5.7 14.625 0.00269311
5.7 16.875 0.0028481
5.7 19.125 0.00331997
5.7 21.375 0.00271035
5.7 23.625 0.0027931
5.7 25.875 0.00279217
5.7 28.125 0.00281091
5.7 30.375 0.00258316
5.7 32.625 0.00258052
5.7 34.875 0.00315318
5.7 37.125 0.00284328
5.7 39.375 0.00310525
5.7 41.625 0.00263592
5.7 43.875 0.00324095
5.9 1.125 0.00255537
5.9 3.375 0.00253899
5.9 5.625 0.00305651
5.9 7.875 0.0032206
5.9 10.125 0.00255
5.9 12.375 0.00244167
5.9 14.625 0.00263327
5.9 16.875 0.00277593
5.9 19.125 0.00270914
5.9 21.375 0.00250834
5.9 23.625 0.00412756
5.9 25.875 0.00267629
5.9 28.125 0.00261366
5.9 30.375 0.00271605
5.9 32.625 0.00251923
5.9 34.875 0.00263138
5.9 37.125 0.00251406
5.9 39.375 0.00299621
5.9 41.625 0.00317672
5.9 43.875 0.00297695
6.1 1.125 0.00285655
6.1 3.375 0.00256809
6.1 5.625 0.0024022
6.1 7.875 0.00250499
6.1 10.125 0.00359395
6.1 12.375 0.00226719
6.1 14.625 0.00229037
6.1 16.875 0.00280487
6.1 19.125 0.00238467
6.1 21.375 0.00276024
6.1 23.625 0.0030749
6.1 25.875 0.00277471
6.1 28.125 0.00238278
6.1 30.375 0.00268912
6.1 32.625 0.00261034
6.1 34.875 0.00247061
6.1 37.125 0.00268036
6.1 39.375 0.00263427
6.1 41.625 0.00292961
6.1 43.875 0.00290451
6.3 1.125 0.00255662
6.3 3.375 0.00224988
6.3 5.625 0.00265524
6.3 7.875 0.00258166
6.3 10.125 0.00282268
6.3 12.375 0.00288922
6.3 14.625 0.00284356
6.3 16.875 0.002594
6.3 19.125 0.00338874
6.3 21.375 0.00246128
6.3 23.625 0.0029934
6.3 25.875 0.00263821
6.3 28.125 0.00260584
6.3 30.375 0.0026981
6.3 32.625 0.00240358
6.3 34.875 0.0026526
6.3 37.125 0.00255683
6.3 39.375 0.00276458
6.3 41.625 0.00273226
6.3 43.875 0.00290363
6.5 1.125 0.00252085
6.5 3.375 0.00249321
6.5 5.625 0.00252821
6.5 7.875 0.00225289
6.5 10.125 0.00302221
6.5 12.375 0.00264617
6.5 14.625 0.00313039
6.5 16.875 0.00261409
6.5 19.125 0.00252625
6.5 21.375 0.00252517
6.5 23.625 0.00282375
6.5 25.875 0.00201028
6.5 28.125 0.00221522
6.5 30.375 0.00344909
6.5 32.625 0.0022929
6.5 34.875 0.00263358
6.5 37.125 0.00263511
6.5 39.375 0.00260761
6.5 41.625 0.00280876
6.5 43.875 0.0027133
6.7 1.125 0.00271201
6.7 3.375 0.00260276
6.7 5.625 0.00293299
6.7 7.875 0.00245229
6.7 10.125 0.0021806
6.7 12.375 0.00240783
6.7 14.625 0.00245629
6.7 16.875 0.00232071
6.7 19.125 0.00286904
6.7 21.375 0.00279908
6.7 23.625 0.00231965
6.7 25.875 0.00241607
6.7 28.125 0.00235826
6.7 30.375 0.00220151
6.7 32.625 0.00247009
6.7 34.875 0.00245728
6.7 37.125 0.00256438
6.7 39.375 0.00241095
6.7 41.625 0.00260538
6.7 43.875 0.00283309
6.9 1.125 0.00265919
6.9 3.375 0.00263884
6.9 5.625 0.00270767
6.9 7.875 0.00217796
6.9 10.125 0.00241866
6.9 12.375 0.00293899
6.9 14.625 0.00251202
6.9 16.875 0.00247601
6.9 19.125 0.00251496
6.9 21.375 0.00267543
6.9 23.625 0.00251008
6.9 25.875 0.00226458
6.9 28.125 0.00233945
6.9 30.375 0.00277171
6.9 32.625 0.0030117
6.9 34.875 0.00255288
6.9 37.125 0.00295168
6.9 39.375 0.00353874
6.9 41.625 0.00219222
6.9 43.875 0.00253491
7.1 1.125 0.00262618
7.1 3.375 0.00221008
7.1 5.625 0.00272501
7.1 7.875 0.00227813
7.1 10.125 0.00246159
7.1 12.375 0.00268155
7.1 14.625 0.00257555
7.1 16.875 0.0024755
7.1 19.125 0.00262547
7.1 21.375 0.00256018
7.1 23.625 0.00271711
7.1 25.875 0.00202206
7.1 28.125 0.00212636
7.1 30.375 0.00231741
7.1 32.625 0.00231782
7.1 34.875 0.00262573
7.1 37.125 0.00245831
7.1 39.375 0.00264915
7.1 41.625 0.00310191
7.1 43.875 0.00249238
7.3 1.125 0.00433359
7.3 3.375 0.00205545
7.3 5.625 0.00243527
7.3 7.875 0.00212719
7.3 10.125 0.00269251
7.3 12.375 0.0025979
7.3 14.625 0.00257715
7.3 16.875 0.00253151
7.3 19.125 0.00275118
7.3 21.375 0.00231161
7.3 23.625 0.00243593
7.3 25.875 0.00219746
7.3 28.125 0.00192837
7.3 30.375 0.00247571
7.3 32.625 0.00234439
7.3 34.875 0.00241754
7.3 37.125 0.00245655
7.3 39.375 0.00246876
7.3 41.625 0.0022655
7.3 43.875 0.00221514
7.5 1.125 0.00238977
7.5 3.375 0.00231309
7.5 5.625 0.00198961
7.5 7.875 0.00258832
7.5 10.125 0.00277154
7.5 12.375 0.00272343
7.5 14.625 0.00247701
7.5 16.875 0.00258988
7.5 19.125 0.00267968
7.5 21.375 0.00223397
7.5 23.625 0.00245211
7.5 25.875 0.00250264
7.5 28.125 0.00313078
7.5 30.375 0.00253766
7.5 32.625 0.00229187
7.5 34.875 0.00273669
7.5 37.125 0.00303381
7.5 39.375 0.00292617
7.5 41.625 0.00266765
7.5 43.875 0.00245599
7.7 1.125 0.0023199
7.7 3.375 0.00319408
7.7 5.625 0.00198705
7.7 7.875 0.0029822
7.7 10.125 0.00230108
7.7 12.375 0.0025442
7.7 14.625 0.00223398
7.7 16.875 0.0023381
7.7 19.125 0.00288224
7.7 21.375 0.00225561
7.7 23.625 0.00248912
7.7 25.875 0.00267442
7.7 28.125 0.00203847
7.7 30.375 0.0111772
7.7 32.625 0.00233943
7.7 34.875 0.00207726
7.7 37.125 0.00285294
7.7 39.375 0.00417559
7.7 41.625 0.00212174
7.7 43.875 0.00218379
7.9 1.125 0.00220209
7.9 3.375 0.00239879
7.9 5.625 0.00219208
7.9 7.875 0.00187674
7.9 10.125 0.00243421
7.9 12.375 0.00243086
7.9 14.625 0.00252985
7.9 16.875 0.00253443
7.9 19.125 0.00204299
7.9 21.375 0.00284977
7.9 23.625 0.00227465
7.9 25.875 0.00234086
7.9 28.125 0.00244666
7.9 30.375 0.0026797
7.9 32.625 0.00241846
7.9 34.875 0.00254639
7.9 37.125 0.00229042
7.9 39.375 0.00244471
7.9 41.625 0.00201605
7.9 43.875 0.00171513
8.1 1.125 0.00205044
8.1 3.375 0.00241881
8.1 5.625 0.00186976
8.1 7.875 0.00292897
8.1 10.125 0.00178476
8.1 12.375 0.00220752
8.1 14.625 0.00218086
8.1 16.875 0.00228001
8.1 19.125 0.00211348
8.1 21.375 0.00225522
8.1 23.625 0.0019384
8.1 25.875 0.0025884
8.1 28.125 0.00238155
8.1 30.375 0.00280587
8.1 32.625 0.00195967
8.1 34.875 0.00240193
8.1 37.125 0.00236023
8.1 39.375 0.00215908
8.1 41.625 0.00223361
8.1 43.875 0.00986641
8.3 1.125 0.00232216
8.3 3.375 0.00249816
8.3 5.625 0.00198399
8.3 7.875 0.00225745
8.3 10.125 0.00364
8.3 12.375 0.00273288
8.3 14.625 0.00228111
8.3 16.875 0.00236893
8.3 19.125 0.00205901
8.3 21.375 0.00186671
8.3 23.625 0.00238539
8.3 25.875 0.00214654
8.3 28.125 0.00255156
8.3 30.375 0.00244855
8.3 32.625 0.00241618
8.3 34.875 0.00225882
8.3 37.125 0.0022761
8.3 39.375 0.00260966
8.3 41.625 0.00279759
8.3 43.875 0.00218658
8.5 1.125 0.00226945
8.5 3.375 0.0023268
8.5 5.625 0.00262629
8.5 7.875 0.00223758
8.5 10.125 0.00200358
8.5 12.375 0.00185435
8.5 14.625 0.00261909
8.5 16.875 0.00688906
8.5 19.125 0.00228792
8.5 21.375 0.00184117
8.5 23.625 0.00187055
8.5 25.875 0.00243892
8.5 28.125 0.00207721
8.5 30.375 0.00222538
8.5 32.625 0.00238466
8.5 34.875 0.00211194
8.5 37.125 0.00263916
8.5 39.375 0.00212648
8.5 41.625 0.00355452
8.5 43.875 0.00207176
8.7 1.125 0.00255795
8.7 3.375 0.00209029
8.7 5.625 0.00238049
8.7 7.875 0.0138615
8.7 10.125 0.00182255
8.7 12.375 0.00283473
8.7 14.625 0.00250818
8.7 16.875 0.00230688
8.7 19.125 0.00234655
8.7 21.375 0.00259648
8.7 23.625 0.00263686
8.7 25.875 0.00213771
8.7 28.125 0.00244107
8.7 30.375 0.00218449
8.7 32.625 0.00213059
8.7 34.875 0.00233916
8.7 37.125 0.00271637
8.7 39.375 0.00253521
8.7 41.625 0.00239254
8.7 43.875 0.001957
8.9 1.125 0.00696027
8.9 3.375 0.0023321
8.9 5.625 0.0023966
8.9 7.875 0.00247029
8.9 10.125 0.0021705
8.9 12.375 0.00208018
8.9 14.625 0.00238539
8.9 16.875 0.00216904
8.9 19.125 0.00231721
8.9 21.375 0.00231023
8.9 23.625 0.00279231
8.9 25.875 0.00213233
8.9 28.125 0.00255047
8.9 30.375 0.002805
8.9 32.625 0.00211553
8.9 34.875 0.00243434
8.9 37.125 0.00214446
8.9 39.375 0.00216443
8.9 41.625 0.00216845
8.9 43.875 0.00188263
9.1 1.125 0.00233408
9.1 3.375 0.0116988
9.1 5.625 0.00207386
9.1 7.875 0.00210117
9.1 10.125 0.00247016
9.1 12.375 0.00251141
9.1 14.625 0.00277407
9.1 16.875 0.00213824
9.1 19.125 0.00231475
9.1 21.375 0.00192003
9.1 23.625 0.0033287
9.1 25.875 0.00211584
9.1 28.125 0.00195593
9.1 30.375 0.0025564
9.1 32.625 0.00246675
9.1 34.875 0.00272089
9.1 37.125 0.00533879
9.1 39.375 0.00190972
9.1 41.625 0.00222132
9.1 43.875 0.0017048
9.3 1.125 0.00215411
9.3 3.375 0.00250487
9.3 5.625 0.0023076
9.3 7.875 0.00179428
9.3 10.125 0.002477
9.3 12.375 0.00297722
9.3 14.625 0.00253732
9.3 16.875 0.00232534
9.3 19.125 0.00224325
9.3 21.375 0.0063266
9.3 23.625 0.00197954
9.3 25.875 0.00178626
9.3 28.125 0.00238534
9.3 30.375 0.00201904
9.3 32.625 0.00221277
9.3 34.875 0.00254095
9.3 37.125 0.00229869
9.3 39.375 0.00212484
9.3 41.625 0.00232046
9.3 43.875 0.0067086
9.5 1.125 0.00248259
9.5 3.375 0.00223773
9.5 5.625 0.00229364
9.5 7.875 0.0026199
9.5 10.125 0.00200476
9.5 12.375 0.0019941
9.5 14.625 0.00232547
9.5 16.875 0.00213961
9.5 19.125 0.00258434
9.5 21.375 0.00173583
9.5 23.625 0.00299942
9.5 25.875 0.00198723
9.5 28.125 0.00227484
9.5 30.375 0.00208721
9.5 32.625 0.00207082
9.5 34.875 0.00195157
9.5 37.125 0.00245559
9.5 39.375 0.00199899
9.5 41.625 0.00199761
9.5 43.875 0.00147659
9.7 1.125 0.00189335
9.7 3.375 0.00190831
9.7 5.625 0.00225773
9.7 7.875 0.00221837
9.7 10.125 0.00211884
9.7 12.375 0.00221713
9.7 14.625 0.00242484
9.7 16.875 0.00197698
9.7 19.125 0.00272159
9.7 21.375 0.00206394
9.7 23.625 0.00213586
9.7 25.875 0.00179942
9.7 28.125 0.00269992
9.7 30.375 0.00954076
9.7 32.625 0.00225872
9.7 34.875 0.00227161
9.7 37.125 0.00192805
9.7 39.375 0.00213916
9.7 41.625 0.00164506
9.7 43.875 0.0018399
9.9 1.125 0.0024235
9.9 3.375 0.0019241
9.9 5.625 0.00271454
9.9 7.875 0.0033927
9.9 10.125 0.00294131
9.9 12.375 0.00234644
9.9 14.625 0.00236001
9.9 16.875 0.00276896
9.9 19.125 0.00250231
9.9 21.375 0.00202887
9.9 23.625 0.00204136
9.9 25.875 0.00219859
9.9 28.125 0.0024459
9.9 30.375 0.00213446
9.9 32.625 0.00219497
9.9 34.875 0.00487568
9.9 37.125 0.00192392
9.9 39.375 0.0020017
9.9 41.625 0.0020383
9.9 43.875 0.0022094
10.1 1.125 0.00219932
10.1 3.375 0.00232124
10.1 5.625 0.00184903
10.1 7.875 0.00202525
10.1 10.125 0.00217215
10.1 12.375 0.00177937
10.1 14.625 0.00233933
10.1 16.875 0.00155507
10.1 19.125 0.00235519
10.1 21.375 0.00226305
10.1 23.625 0.00320869
10.1 25.875 0.00214218
10.1 28.125 0.00262312
10.1 30.375 0.00227152
10.1 32.625 0.00194542
10.1 34.875 0.00160311
10.1 37.125 0.00255852
10.1 39.375 0.00214354
10.1 41.625 0.00226463
10.1 43.875 0.00231379
10.3 1.125 0.00209647
10.3 3.375 0.00203868
10.3 5.625 0.00182842
10.3 7.875 0.00237458
10.3 10.125 0.00262061
10.3 12.375 0.00199828
10.3 14.625 0.00229916
10.3 16.875 0.00256636
10.3 19.125 0.00251649
10.3 21.375 0.00230713
10.3 23.625 0.00243774
10.3 25.875 0.00257181
10.3 28.125 0.00226946
10.3 30.375 0.00282212
10.3 32.625 0.00100985
10.3 34.875 0.0016354
10.3 37.125 0.00189841
10.3 39.375 0.00221781
10.3 41.625 0.00180889
10.3 43.875 0.00197972
10.5 1.125 0.00279462
10.5 3.375 0.00208086
10.5 5.625 0.00222934
10.5 7.875 0.00312661
10.5 10.125 0.00188511
10.5 12.375 0.00236497
10.5 14.625 0.00530206
10.5 16.875 0.00221017
10.5 19.125 0.00269052
10.5 21.375 0.00207742
10.5 23.625 0.00205073
10.5 25.875 0.00279535
10.5 28.125 0.00305223
10.5 30.375 0.00181424
10.5 32.625 0.00212195
10.5 34.875 0.00215258
10.5 37.125 0.00245037
10.5 39.375 0.00126467
10.5 41.625 0.00235214
10.5 43.875 0.00184574
10.7 1.125 0.00262564
10.7 3.375 0.00176615
10.7 5.625 0.00192165
10.7 7.875 0.00218846
10.7 10.125 0.00234441
10.7 12.375 0.00178568
10.7 14.625 0.00261978
10.7 16.875 0.00188729
10.7 19.125 0.0019161
10.7 21.375 0.00209237
10.7 23.625 0.00196625
10.7 25.875 0.00240936
10.7 28.125 0.00222341
10.7 30.375 0.00154115
10.7 32.625 0.00256279
10.7 34.875 0.00159433
10.7 37.125 0.00303977
10.7 39.375 0.00194705
10.7 41.625 0.00233924
10.7 43.875 0.00202763
10.9 1.125 0.00241328
10.9 3.375 0.0016649
10.9 5.625 0.00190907
10.9 7.875 0.00212293
10.9 10.125 0.00278874
10.9 12.375 0.00205077
10.9 14.625 0.00231208
10.9 16.875 0.00242276
10.9 19.125 0.0020936
10.9 21.375 0.0028938
10.9 23.625 0.00220597
10.9 25.875 0.00257913
10.9 28.125 0.00183408
10.9 30.375 0.00185532
10.9 32.625 0.00226963
10.9 34.875 0.00184946
10.9 37.125 0.00266727
10.9 39.375 0.00144202
10.9 41.625 0.00201094
10.9 43.875 0.00270168
11.1 1.125 0.0018305
11.1 3.375 0.00178763
11.1 5.625 0.00279996
11.1 7.875 0.00204187
11.1 10.125 0.00166493
11.1 12.375 0.00219032
11.1 14.625 0.001854
11.1 16.875 0.00274584
11.1 19.125 0.0021621
11.1 21.375 0.00164063
11.1 23.625 0.00201264
11.1 25.875 0.00178313
11.1 28.125 0.00165469
11.1 30.375 0.00251433
11.1 32.625 0.00237766
11.1 34.875 0.0018098
11.1 37.125 0.00328497
11.1 39.375 0.00197221
11.1 41.625 0.00238974
11.1 43.875 0.00177522
11.3 1.125 0.00192983
11.3 3.375 0.00221024
11.3 5.625 0.00190173
11.3 7.875 0.00220019
11.3 10.125 0.00159621
11.3 12.375 0.00231157
11.3 14.625 0.00184566
11.3 16.875 0.00145224
11.3 19.125 0.00103483
11.3 21.375 0.00242004
11.3 23.625 0.00232004
11.3 25.875 0.0113044
11.3 28.125 0.00204815
11.3 30.375 0.00151344
11.3 32.625 0.0017879
11.3 34.875 0.00218312
11.3 37.125 0.00221964
11.3 39.375 0.00186516
11.3 41.625 0.00170097
11.3 43.875 0.00190425
11.5 1.125 0.00443596
11.5 3.375 0.00269656
11.5 5.625 0.00138253
11.5 7.875 0.00200383
11.5 10.125 0.00198972
11.5 12.375 0.00252937
11.5 14.625 0.00315387
11.5 16.875 0.00212547
11.5 19.125 0.00201594
11.5 21.375 0.00253105
11.5 23.625 0.00231995
11.5 25.875 0.00204434
11.5 28.125 0.00222485
11.5 30.375 0.0019192
11.5 32.625 0.00260166
11.5 34.875 0.00202437
11.5 37.125 0.00193493
11.5 39.375 0.00203819
11.5 41.625 0.00168913
11.5 43.875 0.00423919
11.7 1.125 0.00240015
11.7 3.375 0.00192795
11.7 5.625 0.00175218
11.7 7.875 0.00187603
11.7 10.125 0.00290111
11.7 12.375 0.00179712
11.7 14.625 0.00191148
11.7 16.875 0.00363299
11.7 19.125 0.00164508
11.7 21.375 0.0023599
11.7 23.625 0.0018439
11.7 25.875 0.00223859
11.7 28.125 0.00156133
11.7 30.375 0.00184737
11.7 32.625 0.00171847
11.7 34.875 0.00201832
11.7 37.125 0.00280394
11.7 39.375 0.00255159
11.7 41.625 0.00242664
11.7 43.875 0.00191109
11.9 1.125 0.0021733
11.9 3.375 0.00193156
11.9 5.625 0.00217465
11.9 7.875 0.00133122
11.9 10.125 0.00262271
11.9 12.375 0.00233387
11.9 14.625 0.00276936
11.9 16.875 0.00206673
11.9 19.125 0.00184897
11.9 21.375 0.00254317
11.9 23.625 0.00199716
11.9 25.875 0.00203442
11.9 28.125 0.00212226
11.9 30.375 0.00140022
11.9 32.625 0.00191114
11.9 34.875 0.00281224
11.9 37.125 0.0015237
11.9 39.375 0.00233567
11.9 41.625 0.00162564
11.9 43.875 0.00197991
12.1 1.125 0.00203571
12.1 3.375 0.00229785
12.1 5.625 0.0027118
12.1 7.875 0.0022922
12.1 10.125 0.00244879
12.1 12.375 0.00279937
12.1 14.625 0.00167839
12.1 16.875 0.001871
12.1 19.125 0.0021256
12.1 21.375 0.00212502
12.1 23.625 0.00211814
12.1 25.875 0.00105985
12.1 28.125 0.00290517
12.1 30.375 0.00248111
12.1 32.625 0.0021568
12.1 34.875 0.0017334
12.1 37.125 0.00163718
12.1 39.375 0.00171754
12.1 41.625 0.00193673
12.1 43.875 0.00189916
12.3 1.125 0.0019718
12.3 3.375 0.00139252
12.3 5.625 0.00374321
12.3 7.875 0.00326289
12.3 10.125 0.00197204
12.3 12.375 0.00174058
12.3 14.625 0.00229044
12.3 16.875 0.00174716
12.3 19.125 0.00169269
12.3 21.375 0.00326081
12.3 23.625 0.00164991
12.3 25.875 0.00207558
12.3 28.125 0.0019569
12.3 30.375 0.00451365
12.3 32.625 0.00273917
12.3 34.875 0.00208732
12.3 37.125 0.00219062
12.3 39.375 0.00281882
12.3 41.625 0.00224107
12.3 43.875 0.00182535
12.5 1.125 0.00234271
12.5 3.375 0.00215276
12.5 5.625 0.00165753
12.5 7.875 0.00193296
12.5 10.125 0.00205897
12.5 12.375 0.00393365
12.5 14.625 0.0019283
12.5 16.875 0.00208045
12.5 19.125 0.00245719
12.5 21.375 0.00240016
12.5 23.625 0.00224535
12.5 25.875 0.0016377
12.5 28.125 0.00161068
12.5 30.375 0.00157833
12.5 32.625 0.00293619
12.5 34.875 0.00196086
12.5 37.125 0.00342771
12.5 39.375 0.00206008
12.5 41.625 0.00224052
12.5 43.875 0.00288351
12.7 1.125 0.00214886
12.7 3.375 0.00191591
12.7 5.625 0.00161847
12.7 7.875 0.00275493
12.7 10.125 0.00246707
12.7 12.375 0.00147861
12.7 14.625 0.00224251
12.7 16.875 0.00285035
12.7 19.125 0.00226353
12.7 21.375 0.00162202
12.7 23.625 0.0026107
12.7 25.875 0.00186442
12.7 30.375 0.00197868
12.7 32.625 0.00192376
12.7 34.875 0.00190763
12.7 37.125 0.00198501
12.7 39.375 0.0021262
12.7 41.625 0.00255443
12.7 43.875 0.00180879
12.9 1.125 0.0020835
12.9 3.375 0.00117053
12.9 7.875 0.00280512
12.9 10.125 0.00216959
12.9 12.375 0.00208257
12.9 14.625 0.0019103
12.9 16.875 0.0023769
12.9 19.125 0.00211876
12.9 21.375 0.00158327
12.9 23.625 0.00261123
12.9 25.875 0.00203683
12.9 28.125 0.00217142
12.9 30.375 0.00141912
12.9 32.625 0.00239261
12.9 34.875 0.00170624
12.9 37.125 0.0020521
12.9 39.375 0.00141465
12.9 41.625 0.0024626
12.9 43.875 0.00313353
13.1 1.125 0.0249157
13.1 3.375 0.00109673
13.1 5.625 0.00376738
13.1 7.875 0.00160137
13.1 10.125 0.00187028
13.1 12.375 0.00158479
13.1 14.625 0.00160063
13.1 16.875 0.00210397
13.1 19.125 0.0017795
13.1 21.375 0.00215164
13.1 23.625 0.00294286
13.1 25.875 0.00161647
13.1 28.125 0.00211704
13.1 30.375 0.00174742
13.1 32.625 0.00176233
13.1 34.875 0.00195313
13.1 37.125 0.00197335
13.1 39.375 0.00171778
13.1 41.625 0.00207998
13.1 43.875 0.00197157
13.3 1.125 0.0023172
13.3 3.375 0.00171168
13.3 5.625 0.00197691
13.3 7.875 0.00122301
13.3 10.125 0.0211453
13.3 12.375 0.00294714
13.3 16.875 0.00138816
13.3 19.125 0.00230246
13.3 21.375 0.00152587
13.3 23.625 0.00233333
13.3 25.875 0.00274637
13.3 28.125 0.00222508
13.3 30.375 0.0014283
13.3 32.625 0.00176886
13.3 34.875 0.00193837
13.3 37.125 0.00265779
13.3 39.375 0.00230262
13.3 41.625 0.00267575
13.3 43.875 0.00215378
13.5 1.125 0.000845386
13.5 7.875 0.00164147
13.5 10.125 0.00155213
13.5 12.375 0.00338045
13.5 14.625 0.00141387
13.5 19.125 0.00174135
13.5 21.375 0.00237208
13.5 23.625 0.00211372
13.5 25.875 0.00199726
13.5 28.125 0.00203261
13.5 30.375 0.00202867
13.5 32.625 0.00196737
13.5 34.875 0.00219141
13.5 37.125 0.00174935
13.5 39.375 0.00181263
13.5 41.625 0.00206594
13.5 43.875 0.00240895
13.7 1.125 0.00192958
13.7 3.375 0.00396691
13.7 7.875 0.00190204
13.7 10.125 0.00339807
13.7 12.375 0.00128202
13.7 14.625 0.00199966
13.7 16.875 0.00303721
13.7 19.125 0.0017355
13.7 21.375 0.00175232
13.7 23.625 0.00254725
13.7 25.875 0.00239954
13.7 28.125 0.00273989
13.7 30.375 0.00178712
13.7 32.625 0.00195448
13.7 34.875 0.00430299
13.7 37.125 0.00133297
13.7 41.625 0.00198876
13.7 43.875 0.00168163
13.9 1.125 0.00210586
13.9 3.375 0.0043455
13.9 5.625 0.00220928
13.9 7.875 0.00201159
13.9 10.125 0.00220194
13.9 12.375 0.00270959
13.9 14.625 0.00296595
13.9 19.125 0.00154279
13.9 21.375 0.00158899
13.9 23.625 0.00152235
13.9 25.875 0.00216409
13.9 28.125 0.00226707
13.9 30.375 0.00225621
13.9 32.625 0.0384412
13.9 34.875 0.00191455
13.9 39.375 0.00155159
13.9 41.625 0.00194871
13.9 43.875 0.00378436
