0.1 1.125 4.1237
0.1 3.375 3.53952
0.1 5.625 2.92589
0.1 7.875 1.52278
0.1 10.125 0.956735
0.1 12.375 1.55767
0.1 14.625 1.3879
0.1 16.875 1.89987
0.1 19.125 1.40438
0.1 21.375 1.95951
0.1 23.625 1.67545
0.1 25.875 1.20811
0.1 28.125 3.19927
0.1 30.375 3.09518
0.1 32.625 1.81835
0.1 37.125 4.14282
0.1 39.375 3.45406
0.1 41.625 4.1595
0.1 43.875 3.81895
0.3 1.125 3.98712
0.3 3.375 3.18615
0.3 5.625 3.07231
0.3 7.875 4.1001
0.3 10.125 3.8213
0.3 12.375 3.89834
0.3 14.625 3.93696
0.3 16.875 3.95585
0.3 19.125 4.07279
0.3 21.375 4.09995
0.3 23.625 4.09347
0.3 25.875 4.10502
0.3 28.125 4.11453
0.3 30.375 4.08692
0.3 32.625 3.92503
0.3 34.875 4.09657
0.3 37.125 4.07089
0.3 39.375 4.00416
0.3 41.625 3.47803
0.3 43.875 4.08984
0.5 1.125 3.4104
0.5 3.375 3.2232
0.5 5.625 3.73687
0.5 7.875 3.88828
0.5 10.125 4.02574
0.5 12.375 3.9013
0.5 14.625 4.03475
0.5 16.875 4.05192
0.5 19.125 3.92641
0.5 21.375 3.94914
0.5 23.625 4.04785
0.5 25.875 3.95845
0.5 28.125 4.00021
0.5 30.375 3.88285
0.5 32.625 3.89232
0.5 34.875 3.8232
0.5 37.125 4.03705
0.5 39.375 3.95864
0.5 41.625 3.89564
0.5 43.875 3.88947
0.7 1.125 3.54792
0.7 3.375 3.39828
0.7 5.625 3.77551
0.7 7.875 3.82939
0.7 10.125 3.74481
0.7 12.375 3.78975
0.7 14.625 3.80351
0.7 16.875 3.78233
0.7 19.125 3.7777
0.7 21.375 3.71648
0.7 23.625 3.84575
0.7 25.875 3.81445
0.7 28.125 3.88373
0.7 30.375 3.82908
0.7 32.625 3.87775
0.7 34.875 3.78947
0.7 37.125 3.87341
0.7 39.375 3.88929
0.7 41.625 3.61289
0.7 43.875 3.61153
0.9 1.125 2.98132
0.9 3.375 3.15704
0.9 5.625 3.5238
0.9 7.875 3.47699
0.9 10.125 3.51806
0.9 12.375 3.41304
0.9 14.625 3.41433
0.9 16.875 3.33435
0.9 19.125 3.56177
0.9 21.375 3.44249
0.9 23.625 3.27941
0.9 25.875 3.431
0.9 28.125 3.54905
0.9 30.375 3.60397
0.9 32.625 3.67615
0.9 34.875 3.60792
0.9 37.125 3.6601
0.9 39.375 3.61087
0.9 41.625 3.66968
0.9 43.875 3.58031
1.1 1.125 2.55801
1.1 3.375 2.70311
1.1 5.625 2.712
1.1 7.875 2.70883
1.1 10.125 2.76017
1.1 12.375 2.67574
1.1 14.625 2.80241
1.1 16.875 2.70798
1.1 19.125 2.80766
1.1 21.375 2.8746
1.1 23.625 3.0478
1.1 25.875 3.06159
1.1 28.125 3.18635
1.1 30.375 3.24784
1.1 32.625 3.24839
1.1 34.875 3.25231
1.1 37.125 3.23178
1.1 39.375 3.31503
1.1 41.625 3.35105
1.1 43.875 3.35498
1.3 1.125 1.47348
1.3 3.375 1.65656
1.3 5.625 1.69662
1.3 7.875 1.70444
1.3 10.125 1.70946
1.3 12.375 1.74628
1.3 14.625 1.86233
1.3 16.875 1.8826
1.3 19.125 1.98803
1.3 21.375 2.11496
1.3 23.625 2.10958
1.3 25.875 2.20331
1.3 28.125 2.26729
1.3 30.375 2.48121
1.3 32.625 2.5049
1.3 34.875 2.61617
1.3 37.125 2.6569
1.3 39.375 2.67656
1.3 41.625 2.71461
1.3 43.875 2.70234
1.5 1.125 0.839687
1.5 3.375 0.902558
1.5 5.625 0.878739
1.5 7.875 0.952028
1.5 10.125 0.965412
1.5 12.375 0.984081
1.5 14.625 1.00503
1.5 16.875 1.0739
1.5 19.125 1.04201
1.5 21.375 1.09495
1.5 23.625 1.20089
1.5 25.875 1.27013
1.5 28.125 1.37886
1.5 30.375 1.53072
1.5 32.625 1.65094
1.5 34.875 1.62933
1.5 37.125 1.81998
1.5 39.375 1.94718
1.5 41.625 1.93008
1.5 43.875 2.24535
1.7 1.125 0.455509
1.7 3.375 0.510917
1.7 5.625 0.514392
1.7 7.875 0.516446
1.7 10.125 0.526901
1.7 12.375 0.524723
1.7 14.625 0.552003
1.7 16.875 0.565263
1.7 19.125 0.570646
1.7 21.375 0.57794
1.7 23.625 0.653781
1.7 25.875 0.70079
1.7 28.125 0.748884
1.7 30.375 0.867099
1.7 32.625 0.877436
1.7 34.875 0.886502
1.7 37.125 0.944765
1.7 39.375 1.0538
1.7 41.625 1.01218
1.7 43.875 1.31054
1.9 1.125 0.264274
1.9 3.375 0.295122
1.9 5.625 0.311562
1.9 7.875 0.320021
1.9 10.125 0.332825
1.9 12.375 0.33461
1.9 14.625 0.339809
1.9 16.875 0.34418
1.9 19.125 0.344742
1.9 21.375 0.352407
1.9 23.625 0.356774
1.9 25.875 0.382726
1.9 28.125 0.39081
1.9 30.375 0.450158
1.9 32.625 0.49097
1.9 34.875 0.544077
1.9 37.125 0.519452
1.9 39.375 0.565843
1.9 41.625 0.640094
1.9 43.875 0.668114
2.1 1.125 0.172047
2.1 3.375 0.196837
2.1 5.625 0.193714
2.1 7.875 0.200255
2.1 10.125 0.202232
2.1 12.375 0.208555
2.1 14.625 0.233263
2.1 16.875 0.230057
2.1 19.125 0.221586
2.1 21.375 0.225716
2.1 23.625 0.253415
2.1 25.875 0.23548
2.1 28.125 0.253442
2.1 30.375 0.266706
2.1 32.625 0.292633
2.1 34.875 0.315957
2.1 37.125 0.333425
2.1 39.375 0.347778
2.1 41.625 0.378304
2.1 43.875 0.361755
2.3 1.125 0.114765
2.3 3.375 0.142481
2.3 5.625 0.14241
2.3 7.875 0.138793
2.3 10.125 0.15713
2.3 12.375 0.144497
2.3 14.625 0.147655
2.3 16.875 0.149332
2.3 19.125 0.153152
2.3 21.375 0.164828
2.3 23.625 0.162227
2.3 25.875 0.170743
2.3 28.125 0.180059
2.3 30.375 0.194409
2.3 32.625 0.20095
2.3 34.875 0.207177
2.3 37.125 0.224984
2.3 39.375 0.229078
2.3 41.625 0.226168
2.3 43.875 0.234239
2.5 1.125 0.0856571
2.5 3.375 0.106839
2.5 5.625 0.109835
2.5 7.875 0.109675
2.5 10.125 0.105298
2.5 12.375 0.103945
2.5 14.625 0.104438
2.5 16.875 0.10172
2.5 19.125 0.106709
2.5 21.375 0.105781
2.5 23.625 0.117001
2.5 25.875 0.116805
2.5 28.125 0.127376
2.5 30.375 0.130698
2.5 32.625 0.142632
2.5 34.875 0.143227
2.5 37.125 0.149363
2.5 39.375 0.149455
2.5 41.625 0.147466
2.5 43.875 0.149855
2.7 1.125 0.078363
2.7 3.375 0.08314
2.7 5.625 0.0810979
2.7 7.875 0.0812035
2.7 10.125 0.0794223
2.7 12.375 0.079317
2.7 14.625 0.0805666
2.7 16.875 0.0835397
2.7 19.125 0.0804204
2.7 21.375 0.0866127
2.7 23.625 0.0841796
2.7 25.875 0.0903659
2.7 28.125 0.0918311
2.7 30.375 0.0996186
2.7 32.625 0.101711
2.7 34.875 0.0999486
2.7 37.125 0.103252
2.7 39.375 0.0982147
2.7 41.625 0.0993034
2.7 43.875 0.102379
2.9 1.125 0.0650319
2.9 3.375 0.0625263
2.9 5.625 0.0653269
2.9 7.875 0.0645386
2.9 10.125 0.0632351
2.9 12.375 0.0651541
2.9 14.625 0.0612585
2.9 16.875 0.0757162
2.9 19.125 0.065168
2.9 21.375 0.0669744
2.9 23.625 0.0682653
2.9 25.875 0.0718954
2.9 28.125 0.0730986
2.9 30.375 0.0760143
2.9 32.625 0.0749904
2.9 34.875 0.076256
2.9 37.125 0.0764289
2.9 39.375 0.0721621
2.9 41.625 0.068408
2.9 43.875 0.0693557
3.1 1.125 0.0507713
3.1 3.375 0.0516677
3.1 5.625 0.0525108
3.1 7.875 0.0493054
3.1 10.125 0.0506204
3.1 12.375 0.0526108
3.1 14.625 0.0528427
3.1 16.875 0.0517465
3.1 19.125 0.0565622
3.1 21.375 0.0537771
3.1 23.625 0.0572819
3.1 25.875 0.0604194
3.1 28.125 0.0604216
3.1 30.375 0.0615364
3.1 32.625 0.0623244
3.1 34.875 0.0595779
3.1 37.125 0.0579306
3.1 39.375 0.0580147
3.1 41.625 0.0563819
3.1 43.875 0.0563027
3.3 1.125 0.0421199
3.3 3.375 0.0418119
3.3 5.625 0.0419308
3.3 7.875 0.042739
3.3 10.125 0.0424456
3.3 12.375 0.0416316
3.3 14.625 0.0424676
3.3 16.875 0.0406904
3.3 19.125 0.043703
3.3 21.375 0.0441992
3.3 23.625 0.0461196
3.3 25.875 0.0518
3.3 28.125 0.0492942
3.3 30.375 0.0514123
3.3 32.625 0.0473548
3.3 34.875 0.0493831
3.3 37.125 0.0454825
3.3 39.375 0.0485889
3.3 41.625 0.0489729
3.3 43.875 0.0453836
3.5 1.125 0.0353927
3.5 3.375 0.0335998
3.5 5.625 0.0353841
3.5 7.875 0.033863
3.5 10.125 0.0337773
3.5 12.375 0.0332152
3.5 14.625 0.0339084
3.5 16.875 0.0347182
3.5 19.125 0.0331324
3.5 21.375 0.0379792
3.5 23.625 0.0392702
3.5 25.875 0.0416833
3.5 28.125 0.0413984
3.5 30.375 0.0394364
3.5 32.625 0.0401769
3.5 34.875 0.0406709
3.5 37.125 0.0400545
3.5 39.375 0.040055
3.5 41.625 0.038968
3.5 43.875 0.0349325
3.7 1.125 0.0288847
3.7 3.375 0.0299235
3.7 5.625 0.0285986
3.7 7.875 0.0292081
3.7 10.125 0.0302851
3.7 12.375 0.0302893
3.7 14.625 0.0279236
3.7 16.875 0.0290176
3.7 19.125 0.0302698
3.7 21.375 0.0320819
3.7 23.625 0.0339184
3.7 25.875 0.0329748
3.7 28.125 0.0340936
3.7 30.375 0.033795
3.7 32.625 0.0330999
3.7 34.875 0.0331823
3.7 37.125 0.0324499
3.7 39.375 0.0345983
3.7 41.625 0.0343472
3.7 43.875 0.035752
3.9 1.125 0.0246839
3.9 3.375 0.0257898
3.9 5.625 0.0246843
3.9 7.875 0.0248382
3.9 10.125 0.0253809
3.9 12.375 0.0246541
3.9 14.625 0.0238042
3.9 16.875 0.0263854
3.9 19.125 0.0275554
3.9 21.375 0.0294615
3.9 23.625 0.0283611
3.9 25.875 0.026687
3.9 28.125 0.0274376
3.9 30.375 0.0273577
3.9 32.625 0.0279228
3.9 34.875 0.0265054
3.9 37.125 0.0273374
3.9 39.375 0.0264891
3.9 41.625 0.0277169
3.9 43.875 0.0279157
4.1 1.125 0.0211675
4.1 3.375 0.0211224
4.1 5.625 0.0216122
4.1 7.875 0.0218455
4.1 10.125 0.0222156
4.1 12.375 0.0224991
4.1 14.625 0.0201275
4.1 16.875 0.0258616
4.1 19.125 0.0241006
4.1 21.375 0.0247541
4.1 23.625 0.0246651
4.1 25.875 0.0247125
4.1 28.125 0.0227923
4.1 30.375 0.0227227
4.1 32.625 0.0226589
4.1 34.875 0.0221113
4.1 37.125 0.0229925
4.1 39.375 0.0233909
4.1 41.625 0.0231535
4.1 43.875 0.0246686
4.3 1.125 0.0180059
4.3 3.375 0.0176746
4.3 5.625 0.0184433
4.3 7.875 0.0235845
4.3 10.125 0.018253
4.3 12.375 0.0198374
4.3 14.625 0.01928
4.3 16.875 0.0201838
4.3 19.125 0.0222231
4.3 21.375 0.0208548
4.3 23.625 0.0202328
4.3 25.875 0.0199572
4.3 28.125 0.0198302
4.3 30.375 0.0189614
4.3 32.625 0.0201455
4.3 34.875 0.0192452
4.3 37.125 0.0184429
4.3 39.375 0.0197605
4.3 41.625 0.0194487
4.3 43.875 0.0189855
4.5 1.125 0.015124
4.5 3.375 0.0164767
4.5 5.625 0.0159601
4.5 7.875 0.0158998
4.5 10.125 0.0242044
4.5 12.375 0.0159098
4.5 14.625 0.0155513
4.5 16.875 0.0177017
4.5 19.125 0.0180637
4.5 21.375 0.0169754
4.5 23.625 0.0177933
4.5 25.875 0.0169324
4.5 28.125 0.0177758
4.5 30.375 0.0169386
4.5 32.625 0.0158892
4.5 34.875 0.016138
4.5 37.125 0.0172173
4.5 39.375 0.015922
4.5 41.625 0.0163927
4.5 43.875 0.016223
4.7 1.125 0.0124609
4.7 3.375 0.0135748
4.7 5.625 0.0126644
4.7 7.875 0.0135873
4.7 10.125 0.0132986
4.7 12.375 0.0137225
4.7 14.625 0.0139443
4.7 16.875 0.0145665
4.7 19.125 0.0144104
4.7 21.375 0.0154163
4.7 23.625 0.01468
4.7 25.875 0.0147153
4.7 28.125 0.0147737
4.7 30.375 0.0146055
4.7 32.625 0.0140487
4.7 34.875 0.0151292
4.7 37.125 0.0146411
4.7 39.375 0.014062
4.7 41.625 0.0138184
4.7 43.875 0.0132962
4.9 1.125 0.0110325
4.9 3.375 0.0112942
4.9 5.625 0.0111498
4.9 7.875 0.010748
4.9 10.125 0.0116137
4.9 12.375 0.0114563
4.9 14.625 0.011838
4.9 16.875 0.0128561
4.9 19.125 0.0116067
4.9 21.375 0.0120766
4.9 23.625 0.0127898
4.9 25.875 0.012278
4.9 28.125 0.0121225
4.9 30.375 0.012058
4.9 32.625 0.0136963
4.9 34.875 0.0138634
4.9 37.125 0.0210595
4.9 39.375 0.0119325
4.9 41.625 0.0120227
4.9 43.875 0.0112237
5.1 1.125 0.0097201
5.1 3.375 0.0103838
5.1 5.625 0.00966675
5.1 7.875 0.0100326
5.1 10.125 0.0159234
5.1 12.375 0.0097158
5.1 14.625 0.0104765
5.1 16.875 0.0107716
5.1 19.125 0.0107421
5.1 21.375 0.0106215
5.1 23.625 0.010207
5.1 25.875 0.0109671
5.1 28.125 0.010787
5.1 30.375 0.0114248
5.1 32.625 0.0114053
5.1 34.875 0.011011
5.1 37.125 0.0112644
5.1 39.375 0.0100459
5.1 41.625 0.00985295
5.1 43.875 0.0106512
5.3 1.125 0.00844368
5.3 3.375 0.00838849
5.3 5.625 0.00862301
5.3 7.875 0.00859557
5.3 10.125 0.00847911
5.3 12.375 0.0110536
5.3 14.625 0.00963139
5.3 16.875 0.00989436
5.3 19.125 0.00929009
5.3 21.375 0.00947955
5.3 23.625 0.00965917
5.3 25.875 0.00973702
5.3 28.125 0.0103543
5.3 30.375 0.00934845
5.3 32.625 0.00978104
5.3 34.875 0.00999567
5.3 37.125 0.00993645
5.3 39.375 0.0098674
5.3 41.625 0.0098902
5.3 43.875 0.00921338
5.5 1.125 0.00808074
5.5 3.375 0.0076757
5.5 5.625 0.00754487
5.5 7.875 0.00763384
5.5 10.125 0.0121902
5.5 12.375 0.00791177
5.5 14.625 0.00852551
5.5 16.875 0.00923109
5.5 19.125 0.00833399
5.5 21.375 0.00845049
5.5 23.625 0.00855986
5.5 25.875 0.0084923
5.5 28.125 0.00857537
5.5 30.375 0.00879708
5.5 32.625 0.00865078
5.5 34.875 0.00811406
5.5 37.125 0.00880735
5.5 39.375 0.00864483
5.5 41.625 0.00874901
5.5 43.875 0.00924325
5.7 1.125 0.00708411
5.7 3.375 0.014732
5.7 5.625 0.00691336
5.7 7.875 0.00708352
5.7 10.125 0.00694276
5.7 12.375 0.00670375
5.7 14.625 0.0123651
5.7 16.875 0.00742779
5.7 19.125 0.00772017
5.7 21.375 0.00748543
5.7 23.625 0.00767744
5.7 25.875 0.00772655
5.7 28.125 0.00847558
5.7 30.375 0.00757774
5.7 32.625 0.00900423
5.7 34.875 0.00781457
5.7 37.125 0.00751378
5.7 39.375 0.00754091
5.7 41.625 0.0139936
5.7 43.875 0.00847034
5.9 1.125 0.00637045
5.9 3.375 0.00609576
5.9 5.625 0.0060797
5.9 7.875 0.0092418
5.9 10.125 0.00585014
5.9 12.375 0.00637376
5.9 14.625 0.00772645
5.9 16.875 0.00686616
5.9 19.125 0.00684543
5.9 21.375 0.0066517
5.9 23.625 0.00640284
5.9 25.875 0.00652183
5.9 28.125 0.00691972
5.9 30.375 0.0067945
5.9 32.625 0.00641686
5.9 34.875 0.00673171
5.9 37.125 0.00697823
5.9 39.375 0.00673699
5.9 41.625 0.00716425
5.9 43.875 0.006978
6.1 1.125 0.00570459
6.1 3.375 0.00529563
6.1 5.625 0.00609974
6.1 7.875 0.00495997
6.1 10.125 0.01529
6.1 12.375 0.00978454
6.1 14.625 0.00604979
6.1 16.875 0.0056941
6.1 19.125 0.00585483
6.1 21.375 0.0135219
6.1 23.625 0.00702831
6.1 25.875 0.00598542
6.1 28.125 0.00621725
6.1 30.375 0.00600467
6.1 32.625 0.00584285
6.1 34.875 0.00594677
6.1 37.125 0.00604101
6.1 39.375 0.0063422
6.1 41.625 0.00605746
6.1 43.875 0.00648534
6.3 1.125 0.00510679
6.3 3.375 0.00546608
6.3 5.625 0.0126129
6.3 7.875 0.00512928
6.3 10.125 0.00531207
6.3 12.375 0.00575216
6.3 14.625 0.00586911
6.3 16.875 0.00545198
6.3 19.125 0.00518055
6.3 21.375 0.00528821
6.3 23.625 0.00525275
6.3 25.875 0.00658465
6.3 28.125 0.0179604
6.3 30.375 0.0054451
6.3 32.625 0.00584407
6.3 34.875 0.00596941
6.3 37.125 0.00546899
6.3 39.375 0.00566615
6.3 41.625 0.00533964
6.3 43.875 0.00546184
6.5 1.125 0.00543355
6.5 3.375 0.00510572
6.5 5.625 0.0138406
6.5 7.875 0.010078
6.5 10.125 0.0160796
6.5 12.375 0.0185275
6.5 14.625 0.00619812
6.5 16.875 0.00532015
6.5 19.125 0.00502325
6.5 21.375 0.00532764
6.5 23.625 0.00493294
6.5 25.875 0.00528302
6.5 28.125 0.00512917
6.5 30.375 0.00524961
6.5 32.625 0.00500178
6.5 34.875 0.0121103
6.5 37.125 0.00500137
6.5 39.375 0.00530051
6.5 41.625 0.0116781
6.5 43.875 0.00518307
6.7 1.125 0.00452375
6.7 3.375 0.0128415
6.7 5.625 0.0161044
6.7 7.875 0.00564176
6.7 10.125 0.00441162
6.7 12.375 0.0125362
6.7 14.625 0.0133111
6.7 16.875 0.0052131
6.7 19.125 0.00459778
6.7 21.375 0.00481775
6.7 23.625 0.00488604
6.7 25.875 0.00496528
6.7 28.125 0.00458151
6.7 30.375 0.00418473
6.7 32.625 0.00484703
6.7 34.875 0.00513659
6.7 37.125 0.00468387
6.7 39.375 0.00474637
6.7 41.625 0.00482147
6.7 43.875 0.00459531
6.9 1.125 0.0123962
6.9 3.375 0.0039241
6.9 5.625 0.00401392
6.9 7.875 0.00475759
6.9 10.125 0.00428609
6.9 12.375 0.0046805
6.9 14.625 0.00499547
6.9 16.875 0.00658789
6.9 19.125 0.00433487
6.9 21.375 0.0132133
6.9 23.625 0.00444057
6.9 25.875 0.00501002
6.9 28.125 0.00432483
6.9 30.375 0.00488986
6.9 32.625 0.00399846
6.9 34.875 0.00424231
6.9 37.125 0.00420484
6.9 39.375 0.00448166
6.9 41.625 0.00439389
6.9 43.875 0.0043959
7.1 1.125 0.00426005
7.1 3.375 0.0093936
7.1 5.625 0.0060668
7.1 7.875 0.00393425
7.1 10.125 0.00407318
7.1 12.375 0.00431756
7.1 14.625 0.00409468
7.1 16.875 0.00393987
7.1 19.125 0.00433324
7.1 21.375 0.0044338
7.1 23.625 0.00441689
7.1 25.875 0.00562148
7.1 28.125 0.00382715
7.1 30.375 0.00408893
7.1 32.625 0.00423344
7.1 34.875 0.00415063
7.1 37.125 0.00415015
7.1 39.375 0.00405096
7.1 41.625 0.00455334
7.1 43.875 0.00418288
7.3 1.125 0.00399219
7.3 3.375 0.00360804
7.3 5.625 0.00372216
7.3 7.875 0.00390911
7.3 10.125 0.00394621
7.3 12.375 0.00380846
7.3 14.625 0.00389424
7.3 16.875 0.00374267
7.3 19.125 0.00442617
7.3 21.375 0.00437496
7.3 23.625 0.00398688
7.3 25.875 0.00402033
7.3 28.125 0.00785109
7.3 30.375 0.00652021
7.3 32.625 0.00407362
7.3 34.875 0.00391621
7.3 37.125 0.00412023
7.3 39.375 0.00411787
7.3 41.625 0.00403614
7.3 43.875 0.00409901
7.5 1.125 0.0155991
7.5 3.375 0.00871617
7.5 5.625 0.00545774
7.5 7.875 0.00322345
7.5 10.125 0.00356765
7.5 12.375 0.00384503
7.5 14.625 0.00355226
7.5 16.875 0.00392878
7.5 19.125 0.00601379
7.5 21.375 0.00372127
7.5 23.625 0.00403115
7.5 25.875 0.00387291
7.5 28.125 0.0134894
7.5 30.375 0.00495635
7.5 32.625 0.00409995
7.5 34.875 0.00383921
7.5 37.125 0.0036415
7.5 39.375 0.00364395
7.5 41.625 0.00357656
7.5 43.875 0.00339546
7.7 1.125 0.0111957
7.7 3.375 0.00347737
7.7 5.625 0.0030986
7.7 7.875 0.0120384
7.7 10.125 0.00358718
7.7 12.375 0.00380565
7.7 14.625 0.00352299
7.7 16.875 0.00323682
7.7 19.125 0.0121293
7.7 21.375 0.00409165
7.7 23.625 0.0180634
7.7 25.875 0.00380338
7.7 28.125 0.00350763
7.7 30.375 0.00345867
7.7 32.625 0.00361195
7.7 34.875 0.00361505
7.7 37.125 0.00338324
7.7 39.375 0.00351306
7.7 41.625 0.003928
7.7 43.875 0.00432637
7.9 1.125 0.00764805
7.9 3.375 0.00325414
7.9 5.625 0.00328829
7.9 7.875 0.00373218
7.9 10.125 0.00357633
7.9 12.375 0.00450398
7.9 14.625 0.00353108
7.9 16.875 0.00356429
7.9 19.125 0.00440713
7.9 21.375 0.00417192
7.9 23.625 0.00289611
7.9 25.875 0.00348314
7.9 28.125 0.0035548
7.9 30.375 0.00350554
7.9 32.625 0.00341827
7.9 34.875 0.00319613
7.9 37.125 0.00334384
7.9 39.375 0.00358495
7.9 41.625 0.00374369
7.9 43.875 0.00332174
8.1 1.125 0.00298419
8.1 3.375 0.00339972
8.1 5.625 0.0112738
8.1 7.875 0.00286783
8.1 10.125 0.00350613
8.1 12.375 0.00296392
8.1 14.625 0.00314718
8.1 16.875 0.00430846
8.1 19.125 0.0146172
8.1 21.375 0.00520775
8.1 23.625 0.00355968
8.1 25.875 0.00309934
8.1 28.125 0.00350093
8.1 30.375 0.00312842
8.1 32.625 0.00324121
8.1 34.875 0.00324556
8.1 37.125 0.00324392
8.1 39.375 0.00333875
8.1 41.625 0.00321641
8.1 43.875 0.00301504
8.3 1.125 0.00385323
8.3 3.375 0.00274028
8.3 5.625 0.0110788
8.3 7.875 0.00303613
8.3 10.125 0.00376999
8.3 12.375 0.00309016
8.3 14.625 0.00308745
8.3 16.875 0.00904252
8.3 19.125 0.00324057
8.3 21.375 0.0032379
8.3 23.625 0.00308653
8.3 25.875 0.00375321
8.3 28.125 0.0029487
8.3 30.375 0.00274715
8.3 32.625 0.003175
8.3 34.875 0.00321527
8.3 37.125 0.0045276
8.3 39.375 0.0114259
8.3 41.625 0.00503188
8.3 43.875 0.00600364
8.5 1.125 0.00312779
8.5 3.375 0.00457381
8.5 5.625 0.00331403
8.5 7.875 0.00272349
8.5 10.125 0.00300986
8.5 12.375 0.00296229
8.5 14.625 0.00341015
8.5 16.875 0.00305717
8.5 19.125 0.0139747
8.5 21.375 0.00548722
8.5 23.625 0.00307654
8.5 25.875 0.00311432
8.5 28.125 0.00305058
8.5 30.375 0.00376656
8.5 32.625 0.00294081
8.5 34.875 0.00312581
8.5 37.125 0.00293355
8.5 39.375 0.00328177
8.5 41.625 0.00319785
8.5 43.875 0.00305386
8.7 1.125 0.00278464
8.7 3.375 0.00259929
8.7 5.625 0.00338159
8.7 7.875 0.00289138
8.7 10.125 0.00284548
8.7 12.375 0.00294792
8.7 14.625 0.00291955
8.7 16.875 0.00957082
8.7 19.125 0.00295313
8.7 21.375 0.00279272
8.7 23.625 0.00294973
8.7 25.875 0.0046162
8.7 28.125 0.00290666
8.7 30.375 0.0111568
8.7 32.625 0.00290868
8.7 34.875 0.0164749
8.7 37.125 0.00300908
8.7 39.375 0.00296475
8.7 41.625 0.00283447
8.7 43.875 0.00327236
8.9 1.125 0.00256899
8.9 3.375 0.00328812
8.9 5.625 0.00277889
8.9 7.875 0.00310254
8.9 10.125 0.00267924
8.9 12.375 0.00278545
8.9 14.625 0.00282967
8.9 16.875 0.00298
8.9 19.125 0.00318569
8.9 21.375 0.00292764
8.9 23.625 0.00892694
8.9 25.875 0.00323709
8.9 28.125 0.00271482
8.9 30.375 0.00298079
8.9 32.625 0.00308805
8.9 34.875 0.00663036
8.9 37.125 0.00315237
8.9 39.375 0.00289203
8.9 41.625 0.00588647
8.9 43.875 0.00286095
9.1 1.125 0.00263388
9.1 3.375 0.00305534
9.1 5.625 0.00490207
9.1 7.875 0.00290502
9.1 10.125 0.00311579
9.1 12.375 0.00276093
9.1 14.625 0.0025529
9.1 16.875 0.00286322
9.1 19.125 0.0141017
9.1 21.375 0.00283289
9.1 23.625 0.00304549
9.1 25.875 0.00463216
9.1 28.125 0.00261667
9.1 30.375 0.00276236
9.1 32.625 0.00303878
9.1 34.875 0.0133627
9.1 37.125 0.00267996
9.1 39.375 0.00798565
9.1 41.625 0.00245592
9.1 43.875 0.0031892
9.3 1.125 0.00463121
9.3 3.375 0.00257734
9.3 5.625 0.002592
9.3 7.875 0.00322964
9.3 10.125 0.00261692
9.3 12.375 0.00357293
9.3 14.625 0.00298532
9.3 16.875 0.00323296
9.3 19.125 0.00300146
9.3 21.375 0.00242816
9.3 23.625 0.00303367
9.3 25.875 0.00247708
9.3 28.125 0.00340643
9.3 30.375 0.0025768
9.3 32.625 0.00354077
9.3 34.875 0.00241927
9.3 37.125 0.00276343
9.3 39.375 0.00265244
9.3 41.625 0.0153307
9.3 43.875 0.00291247
9.5 1.125 0.00389981
9.5 3.375 0.0126944
9.5 5.625 0.00246988
9.5 7.875 0.00258667
9.5 10.125 0.0024273
9.5 12.375 0.00303797
9.5 14.625 0.00382597
9.5 16.875 0.00281576
9.5 19.125 0.00314588
9.5 21.375 0.00250072
9.5 23.625 0.00290976
9.5 25.875 0.002685
9.5 28.125 0.00286086
9.5 30.375 0.00296355
9.5 32.625 0.00264328
9.5 34.875 0.00234371
9.5 37.125 0.01681
9.5 39.375 0.010966
9.5 41.625 0.00287746
9.5 43.875 0.00286202
9.7 1.125 0.0203092
9.7 3.375 0.00266575
9.7 5.625 0.00256313
9.7 7.875 0.00256225
9.7 10.125 0.00271504
9.7 12.375 0.0156086
9.7 14.625 0.0182846
9.7 16.875 0.00281481
9.7 19.125 0.00247325
9.7 21.375 0.00367603
9.7 23.625 0.00282257
9.7 25.875 0.00298098
9.7 28.125 0.00267711
9.7 30.375 0.00285996
9.7 32.625 0.0180194
9.7 34.875 0.0037694
9.7 37.125 0.0203924
9.7 39.375 0.00233438
9.7 41.625 0.00258237
9.7 43.875 0.00243526
9.9 1.125 0.00339269
9.9 3.375 0.0038644
9.9 5.625 0.00266743
9.9 7.875 0.00228374
9.9 10.125 0.00264849
9.9 12.375 0.00291602
9.9 14.625 0.00251797
9.9 16.875 0.00355727
9.9 19.125 0.00368743
9.9 21.375 0.00387757
9.9 23.625 0.00278679
9.9 25.875 0.0024975
9.9 28.125 0.00438273
9.9 30.375 0.00260353
9.9 32.625 0.00276474
9.9 34.875 0.00252404
9.9 37.125 0.00243854
9.9 39.375 0.0024627
9.9 41.625 0.00370383
9.9 43.875 0.00261714
10.1 1.125 0.00281414
10.1 3.375 0.00255407
10.1 5.625 0.00251199
10.1 7.875 0.00267456
10.1 10.125 0.00295196
10.1 12.375 0.00288452
10.1 14.625 0.029439
10.1 16.875 0.00271732
10.1 19.125 0.00263403
10.1 21.375 0.00281791
10.1 23.625 0.00253852
10.1 25.875 0.00285382
10.1 28.125 0.00260707
10.1 30.375 0.00268844
10.1 32.625 0.00265149
10.1 34.875 0.00241975
10.1 37.125 0.0154013
10.1 39.375 0.00261012
10.1 41.625 0.00325246
10.1 43.875 0.00237168
10.3 1.125 0.0311908
10.3 3.375 0.00231216
10.3 5.625 0.00350201
10.3 7.875 0.00326731
10.3 10.125 0.0177713
10.3 12.375 0.00226095
10.3 14.625 0.002992
10.3 16.875 0.0203136
10.3 19.125 0.00292522
10.3 21.375 0.00276111
10.3 23.625 0.0022043
10.3 25.875 0.00291696
10.3 28.125 0.0158086
10.3 30.375 0.00272757
10.3 32.625 0.0204122
10.3 34.875 0.00260622
10.3 37.125 0.00492891
10.3 39.375 0.00253926
10.3 41.625 0.00263851
10.3 43.875 0.00252885
10.5 1.125 0.00217032
10.5 3.375 0.00789479
10.5 5.625 0.00269893
10.5 7.875 0.00311496
10.5 10.125 0.00254861
10.5 12.375 0.00777421
10.5 14.625 0.00874464
10.5 16.875 0.00247417
10.5 19.125 0.00297129
10.5 21.375 0.00244293
10.5 23.625 0.00220409
10.5 25.875 0.00312907
10.5 28.125 0.00272146
10.5 30.375 0.00239457
10.5 32.625 0.00227304
10.5 34.875 0.00257946
10.5 37.125 0.023809
10.5 39.375 0.00302833
10.5 41.625 0.020035
10.5 43.875 0.00341131
10.7 1.125 0.00455557
10.7 3.375 0.00346248
10.7 5.625 0.00232648
10.7 7.875 0.00414584
10.7 10.125 0.00228933
10.7 12.375 0.00495727
10.7 14.625 0.00257531
10.7 16.875 0.00255909
10.7 19.125 0.00238408
10.7 21.375 0.00245362
10.7 23.625 0.00495856
10.7 25.875 0.00231722
10.7 28.125 0.00293493
10.7 30.375 0.0027448
10.7 32.625 0.00238521
10.7 34.875 0.00272179
10.7 37.125 0.0022224
10.7 39.375 0.0295154
10.7 41.625 0.00253177
10.7 43.875 0.00705967
10.9 1.125 0.00243841
10.9 3.375 0.0283399
10.9 5.625 0.0273971
10.9 7.875 0.00311635
10.9 10.125 0.00263852
10.9 12.375 0.012997
10.9 14.625 0.00259777
10.9 16.875 0.00273556
10.9 19.125 0.00273076
10.9 21.375 0.00229246
10.9 23.625 0.00214351
10.9 25.875 0.00459665
10.9 28.125 0.00263241
10.9 30.375 0.0182345
10.9 32.625 0.0037995
10.9 34.875 0.00239637
10.9 37.125 0.0185207
10.9 39.375 0.0023101
10.9 41.625 0.020476
10.9 43.875 0.00244035
11.1 1.125 0.00236678
11.1 3.375 0.00244577
11.1 5.625 0.00211177
11.1 7.875 0.00252116
11.1 10.125 0.00293433
11.1 12.375 0.013979
11.1 14.625 0.0238042
11.1 16.875 0.00307292
11.1 19.125 0.00293053
11.1 21.375 0.00245951
11.1 23.625 0.00276562
11.1 25.875 0.00225965
11.1 28.125 0.00436663
11.1 30.375 0.00234137
11.1 32.625 0.00390562
11.1 34.875 0.033201
11.1 37.125 0.00329355
11.1 39.375 0.00309777
11.1 41.625 0.00444195
11.1 43.875 0.00331599
11.3 1.125 0.00260203
11.3 3.375 0.00244855
11.3 5.625 0.0024026
11.3 7.875 0.00244229
11.3 10.125 0.00229688
11.3 12.375 0.0024737
11.3 14.625 0.0025783
11.3 16.875 0.00366395
11.3 19.125 0.00231707
11.3 21.375 0.0112598
11.3 23.625 0.0350996
11.3 25.875 0.0165247
11.3 28.125 0.00371227
11.3 30.375 0.00243145
11.3 32.625 0.0214295
11.3 34.875 0.00285991
11.3 37.125 0.00239632
11.3 39.375 0.00269773
11.3 41.625 0.00243478
11.3 43.875 0.00212425
11.5 1.125 0.00270551
11.5 3.375 0.0325017
11.5 5.625 0.00258592
11.5 7.875 0.00284205
11.5 10.125 0.00204103
11.5 12.375 0.00227172
11.5 14.625 0.00257925
11.5 16.875 0.00203887
11.5 19.125 0.0454596
11.5 21.375 0.00221548
11.5 23.625 0.0237352
11.5 25.875 0.00316898
11.5 28.125 0.00222032
11.5 30.375 0.0165048
11.5 32.625 0.00240737
11.5 34.875 0.00216522
11.5 37.125 0.00359038
11.5 39.375 0.00230203
11.5 41.625 0.00228508
11.5 43.875 0.00313671
11.7 1.125 0.00439944
11.7 3.375 0.00204617
11.7 5.625 0.00226491
11.7 7.875 0.00233084
11.7 10.125 0.00274657
11.7 12.375 0.0155399
11.7 14.625 0.00212201
11.7 16.875 0.00217487
11.7 19.125 0.00198143
11.7 21.375 0.00234445
11.7 23.625 0.017645
11.7 25.875 0.00305604
11.7 28.125 0.00280827
11.7 30.375 0.002315
11.7 32.625 0.00217699
11.7 34.875 0.00255237
11.7 37.125 0.00315773
11.7 39.375 0.00273266
11.7 41.625 0.00273216
11.7 43.875 0.00413287
11.9 1.125 0.00373261
11.9 3.375 0.00232853
11.9 5.625 0.00285138
11.9 7.875 0.00235779
11.9 10.125 0.00481969
11.9 12.375 0.0023209
11.9 14.625 0.00376243
11.9 16.875 0.00264439
11.9 19.125 0.00237632
11.9 21.375 0.0325183
11.9 23.625 0.00247715
11.9 25.875 0.00518587
11.9 28.125 0.00232371
11.9 30.375 0.00319789
11.9 32.625 0.00232467
11.9 34.875 0.00600999
11.9 37.125 0.00230774
11.9 39.375 0.0024231
11.9 41.625 0.00225077
11.9 43.875 0.0042401
12.1 1.125 0.00235541
12.1 3.375 0.0408816
12.1 5.625 0.00530347
12.1 7.875 0.00331563
12.1 10.125 0.00443412
12.1 12.375 0.004109
12.1 14.625 0.006832
12.1 16.875 0.00216626
12.1 19.125 0.00239154
12.1 21.375 0.00258195
12.1 23.625 0.00244858
12.1 25.875 0.0022658
12.1 28.125 0.00228891
12.1 30.375 0.00330048
12.1 32.625 0.00229851
12.1 34.875 0.00271973
12.1 37.125 0.00253503
12.1 39.375 0.00370591
12.1 41.625 0.00219926
12.1 43.875 0.00551397
12.3 1.125 0.00719657
12.3 3.375 0.00214699
12.3 5.625 0.00271245
12.3 7.875 0.00254494
12.3 10.125 0.00433147
12.3 12.375 0.00375311
12.3 14.625 0.00468854
12.3 16.875 0.056141
12.3 19.125 0.00290824
12.3 21.375 0.00213602
12.3 23.625 0.0213438
12.3 25.875 0.00212065
12.3 28.125 0.0058698
12.3 30.375 0.0299266
12.3 32.625 0.010344
12.3 34.875 0.00266273
12.3 37.125 0.0124908
12.3 39.375 0.00400804
12.3 41.625 0.00255845
12.3 43.875 0.00250673
12.5 1.125 0.00182906
12.5 3.375 0.00222064
12.5 5.625 0.00228783
12.5 7.875 0.00218844
12.5 10.125 0.00275192
12.5 12.375 0.00355507
12.5 14.625 0.00442334
12.5 16.875 0.00221588
12.5 19.125 0.00218328
12.5 21.375 0.00286238
12.5 23.625 0.00243562
12.5 25.875 0.00246452
12.5 28.125 0.00246291
12.5 30.375 0.00194883
12.5 32.625 0.00250208
12.5 34.875 0.0241235
12.5 37.125 0.00256806
12.5 39.375 0.00270678
12.5 41.625 0.00890811
12.5 43.875 0.00212631
12.7 1.125 0.00524171
12.7 3.375 0.00269231
12.7 5.625 0.00231581
12.7 7.875 0.00221374
12.7 10.125 0.00219094
12.7 12.375 0.0252559
12.7 14.625 0.00255543
12.7 16.875 0.00397523
12.7 19.125 0.00264462
12.7 21.375 0.00252058
12.7 23.625 0.00212443
12.7 25.875 0.00243386
12.7 28.125 0.00251781
12.7 30.375 0.0054629
12.7 32.625 0.00318454
12.7 34.875 0.00434052
12.7 37.125 0.0032687
12.7 39.375 0.00257202
12.7 41.625 0.0387618
12.7 43.875 0.0135896
12.9 1.125 0.00312688
12.9 3.375 0.0383293
12.9 5.625 0.00245345
12.9 7.875 0.00309454
12.9 10.125 0.00320717
12.9 12.375 0.00243054
12.9 14.625 0.030673
12.9 16.875 0.00252965
12.9 19.125 0.00206365
12.9 21.375 0.0118886
12.9 23.625 0.00556023
12.9 25.875 0.0331044
12.9 28.125 0.00245154
12.9 30.375 0.00718429
12.9 32.625 0.00242934
12.9 34.875 0.00257034
12.9 37.125 0.00256614
12.9 39.375 0.00400478
12.9 41.625 0.0283412
12.9 43.875 0.00224201
13.1 1.125 0.0384414
13.1 3.375 0.00750654
13.1 5.625 0.00309769
13.1 7.875 0.00239594
13.1 10.125 0.00379791
13.1 12.375 0.00347233
13.1 14.625 0.00239955
13.1 16.875 0.00223173
13.1 19.125 0.035529
13.1 21.375 0.00226606
13.1 23.625 0.00247007
13.1 25.875 0.0408883
13.1 28.125 0.00231239
13.1 30.375 0.00242178
13.1 32.625 0.00244978
13.1 34.875 0.00315
13.1 37.125 0.0109362
13.1 39.375 0.00194705
13.1 41.625 0.00239971
13.1 43.875 0.002943
13.3 1.125 0.0361783
13.3 3.375 0.0150097
13.3 5.625 0.00400604
13.3 7.875 0.00418812
13.3 10.125 0.0525353
13.3 12.375 0.048112
13.3 14.625 0.0030533
13.3 16.875 0.00168588
13.3 19.125 0.00323483
13.3 21.375 0.0100229
13.3 23.625 0.0445891
13.3 25.875 0.0183411
13.3 28.125 0.00454615
13.3 30.375 0.00184173
13.3 32.625 0.00316073
13.3 34.875 0.00206796
13.3 37.125 0.00251803
13.3 39.375 0.00284623
13.3 41.625 0.00233654
13.3 43.875 0.00233713
13.5 1.125 0.00225103
13.5 3.375 0.00204276
13.5 5.625 0.0029474
13.5 7.875 0.00243181
13.5 10.125 0.00231944
13.5 12.375 0.00291801
13.5 14.625 0.00284066
13.5 16.875 0.00317961
13.5 19.125 0.00290757
13.5 21.375 0.0583551
13.5 23.625 0.0454534
13.5 25.875 0.0133698
13.5 28.125 0.00231906
13.5 30.375 0.00215972
13.5 32.625 0.00251398
13.5 34.875 0.00236944
13.5 37.125 0.00193249
13.5 39.375 0.00216063
13.5 41.625 0.00345432
13.5 43.875 0.00241452
13.7 1.125 0.00256481
13.7 3.375 0.00213434
13.7 5.625 0.00171329
13.7 7.875 0.0152736
13.7 10.125 0.00246089
13.7 12.375 0.00452278
13.7 14.625 0.00564854
13.7 16.875 0.00184614
13.7 19.125 0.00249553
13.7 21.375 0.00339262
13.7 23.625 0.0177188
13.7 25.875 0.0218376
13.7 28.125 0.00500771
13.7 30.375 0.00209865
13.7 32.625 0.00239202
13.7 34.875 0.00230961
13.7 37.125 0.0770192
13.7 39.375 0.00261003
13.7 41.625 0.00239294
13.7 43.875 0.00337239
13.9 1.125 0.00231598
13.9 3.375 0.00282621
13.9 5.625 0.00257059
13.9 7.875 0.00231856
13.9 10.125 0.00192836
13.9 12.375 0.00206497
13.9 14.625 0.00170157
13.9 16.875 0.0017646
13.9 19.125 0.00507112
13.9 21.375 0.00411923
13.9 23.625 0.00295908
13.9 25.875 0.00441979
13.9 28.125 0.00679119
13.9 30.375 0.0575154
13.9 32.625 0.00194383
13.9 34.875 0.00184336
13.9 37.125 0.00266502
13.9 39.375 0.0663761
13.9 41.625 0.00344364
13.9 43.875 0.042804
