0.1 1.125 2.03715
0.1 3.375 1.68994
0.1 5.625 2.05436
0.1 7.875 1.67674
0.1 10.125 0.947773
0.1 12.375 1.3292
0.1 14.625 1.68637
0.1 16.875 1.78045
0.1 19.125 2.0352
0.1 21.375 2.03626
0.1 23.625 2.07827
0.1 25.875 2.07342
0.1 28.125 2.04306
0.1 30.375 2.06283
0.1 32.625 2.02629
0.1 34.875 2.027
0.1 37.125 2.02392
0.1 39.375 2.09956
0.1 41.625 1.91775
0.1 43.875 2.0432
0.3 1.125 1.94405
0.3 3.375 2.03684
0.3 5.625 1.96819
0.3 7.875 1.88269
0.3 10.125 1.95943
0.3 12.375 2.02006
0.3 14.625 2.01777
0.3 16.875 1.95286
0.3 19.125 2.04175
0.3 21.375 1.97526
0.3 23.625 2.00925
0.3 25.875 2.02122
0.3 28.125 2.05726
0.3 30.375 2.04631
0.3 32.625 1.96705
0.3 34.875 1.91728
0.3 37.125 1.93572
0.3 39.375 1.98381
0.3 41.625 2.01613
0.3 43.875 1.98435
0.5 1.125 1.88152
0.5 3.375 1.88587
0.5 5.625 1.92024
0.5 7.875 1.89064
0.5 10.125 1.93477
0.5 12.375 1.95601
0.5 14.625 1.93923
0.5 16.875 1.97265
0.5 19.125 1.97986
0.5 21.375 1.98068
0.5 23.625 1.94997
0.5 25.875 1.99897
0.5 28.125 1.9947
0.5 30.375 1.99054
0.5 32.625 1.95161
0.5 34.875 1.96168
0.5 37.125 1.93554
0.5 39.375 1.9655
0.5 41.625 1.96372
0.5 43.875 1.92987
0.7 1.125 1.75307
0.7 3.375 1.86323
0.7 5.625 1.87539
0.7 7.875 1.87624
0.7 10.125 1.8324
0.7 12.375 1.84491
0.7 14.625 1.83547
0.7 16.875 1.8911
0.7 19.125 1.90577
0.7 21.375 1.86785
0.7 23.625 1.82057
0.7 25.875 1.87278
0.7 28.125 1.88498
0.7 30.375 1.90032
0.7 32.625 1.87675
0.7 34.875 1.90768
0.7 37.125 1.80232
0.7 39.375 1.86847
0.7 41.625 1.87834
0.7 43.875 1.89324
0.9 1.125 1.62632
0.9 3.375 1.66631
0.9 5.625 1.67975
0.9 7.875 1.68981
0.9 10.125 1.66656
0.9 12.375 1.6186
0.9 14.625 1.67096
0.9 16.875 1.68134
0.9 19.125 1.69852
0.9 21.375 1.71093
0.9 23.625 1.6879
0.9 25.875 1.72734
0.9 28.125 1.67938
0.9 30.375 1.74989
0.9 32.625 1.70564
0.9 34.875 1.69111
0.9 37.125 1.77398
0.9 39.375 1.73746
0.9 41.625 1.76349
0.9 43.875 1.69172
1.1 1.125 1.23762
1.1 3.375 1.26175
1.1 5.625 1.26955
1.1 7.875 1.20085
1.1 10.125 1.28222
1.1 12.375 1.23389
1.1 14.625 1.21745
1.1 16.875 1.32699
1.1 19.125 1.30812
1.1 21.375 1.32945
1.1 23.625 1.41283
1.1 25.875 1.3694
1.1 28.125 1.49442
1.1 30.375 1.44995
1.1 32.625 1.54232
1.1 34.875 1.55095
1.1 37.125 1.54655
1.1 39.375 1.57981
1.1 41.625 1.58213
1.1 43.875 1.58261
1.3 1.125 0.68024
1.3 3.375 0.682574
1.3 5.625 0.671261
1.3 7.875 0.69752
1.3 10.125 0.709179
1.3 12.375 0.83071
1.3 14.625 0.790061
1.3 16.875 0.870755
1.3 19.125 0.840421
1.3 21.375 0.925185
1.3 23.625 0.991396
1.3 25.875 0.931058
1.3 28.125 0.963318
1.3 30.375 1.09748
1.3 32.625 1.08811
1.3 34.875 1.10881
1.3 37.125 1.2181
1.3 39.375 1.26351
1.3 41.625 1.27367
1.3 43.875 1.28306
1.5 1.125 0.374632
1.5 3.375 0.376603
1.5 5.625 0.373794
1.5 7.875 0.374877
1.5 10.125 0.384618
1.5 12.375 0.44584
1.5 14.625 0.443971
1.5 16.875 0.422894
1.5 19.125 0.464171
1.5 21.375 0.46213
1.5 23.625 0.524576
1.5 25.875 0.500207
1.5 28.125 0.577357
1.5 30.375 0.609993
1.5 32.625 0.684542
1.5 34.875 0.739133
1.5 37.125 0.802742
1.5 39.375 0.744496
1.5 41.625 0.828584
1.5 43.875 0.886096
1.7 1.125 0.205112
1.7 3.375 0.213231
1.7 5.625 0.216282
1.7 7.875 0.22505
1.7 10.125 0.214795
1.7 12.375 0.230408
1.7 14.625 0.233708
1.7 16.875 0.250779
1.7 19.125 0.241053
1.7 21.375 0.267349
1.7 23.625 0.259798
1.7 25.875 0.291071
1.7 28.125 0.279713
1.7 30.375 0.333779
1.7 32.625 0.326454
1.7 34.875 0.360613
1.7 37.125 0.409242
1.7 39.375 0.433275
1.7 41.625 0.400759
1.7 43.875 0.502829
1.9 1.125 0.133866
1.9 3.375 0.131052
1.9 5.625 0.132589
1.9 7.875 0.131857
1.9 10.125 0.140011
1.9 12.375 0.136657
1.9 14.625 0.146448
1.9 16.875 0.149627
1.9 19.125 0.149567
1.9 21.375 0.163231
1.9 23.625 0.167569
1.9 25.875 0.16673
1.9 28.125 0.180513
1.9 30.375 0.176039
1.9 32.625 0.195097
1.9 34.875 0.198421
1.9 37.125 0.22284
1.9 39.375 0.22869
1.9 41.625 0.235432
1.9 43.875 0.250426
2.1 1.125 0.085135
2.1 3.375 0.0905946
2.1 5.625 0.0918991
2.1 7.875 0.0902134
2.1 10.125 0.0899912
2.1 12.375 0.0914989
2.1 14.625 0.0961139
2.1 16.875 0.0981278
2.1 19.125 0.0998804
2.1 21.375 0.104929
2.1 23.625 0.10458
2.1 25.875 0.113492
2.1 28.125 0.109441
2.1 30.375 0.111827
2.1 32.625 0.127059
2.1 34.875 0.136556
2.1 37.125 0.137764
2.1 39.375 0.136028
2.1 41.625 0.136602
2.1 43.875 0.138183
2.3 1.125 0.0614866
2.3 3.375 0.060006
2.3 5.625 0.0628037
2.3 7.875 0.0622639
2.3 10.125 0.0635089
2.3 12.375 0.0620786
2.3 14.625 0.0647614
2.3 16.875 0.0696764
2.3 19.125 0.0765374
2.3 21.375 0.0691489
2.3 23.625 0.0731885
2.3 25.875 0.0765632
2.3 28.125 0.0758785
2.3 30.375 0.0829625
2.3 32.625 0.0871015
2.3 34.875 0.0870468
2.3 37.125 0.0869277
2.3 39.375 0.0923567
2.3 41.625 0.0938047
2.3 43.875 0.0933806
2.5 1.125 0.0474682
2.5 3.375 0.0454316
2.5 5.625 0.0458821
2.5 7.875 0.0455266
2.5 10.125 0.0464873
2.5 12.375 0.0458013
2.5 14.625 0.0457696
2.5 16.875 0.0476666
2.5 19.125 0.0495176
2.5 21.375 0.0498362
2.5 23.625 0.0565595
2.5 25.875 0.0535717
2.5 28.125 0.0551681
2.5 30.375 0.0604262
2.5 32.625 0.0601237
2.5 34.875 0.0620049
2.5 37.125 0.0626004
2.5 39.375 0.0640979
2.5 41.625 0.0631324
2.5 43.875 0.0609975
2.7 1.125 0.0351825
2.7 3.375 0.0354049
2.7 5.625 0.0348961
2.7 7.875 0.035048
2.7 10.125 0.0354417
2.7 12.375 0.0339203
2.7 14.625 0.037796
2.7 16.875 0.035245
2.7 19.125 0.0349112
2.7 21.375 0.0390646
2.7 23.625 0.0375939
2.7 25.875 0.043184
2.7 28.125 0.0405561
2.7 30.375 0.0438487
2.7 32.625 0.0413347
2.7 34.875 0.0445349
2.7 37.125 0.0440485
2.7 39.375 0.04205
2.7 41.625 0.040848
2.7 43.875 0.0434503
2.9 1.125 0.0252744
2.9 3.375 0.0285343
2.9 5.625 0.0276339
2.9 7.875 0.0281492
2.9 10.125 0.0286573
2.9 12.375 0.0291698
2.9 14.625 0.0284667
2.9 16.875 0.0280029
2.9 19.125 0.0294187
2.9 21.375 0.0308017
2.9 23.625 0.0322296
2.9 25.875 0.0322159
2.9 28.125 0.0332486
2.9 30.375 0.0320681
2.9 32.625 0.0315786
2.9 34.875 0.0338781
2.9 37.125 0.0316648
2.9 39.375 0.0313307
2.9 41.625 0.0307139
2.9 43.875 0.0311056
3.1 1.125 0.0227659
3.1 3.375 0.0233539
3.1 5.625 0.022874
3.1 7.875 0.0219513
3.1 10.125 0.0238313
3.1 12.375 0.0223283
3.1 14.625 0.0233377
3.1 16.875 0.0235401
3.1 19.125 0.0241567
3.1 21.375 0.0251397
3.1 23.625 0.0256667
3.1 25.875 0.0259774
3.1 28.125 0.0269211
3.1 30.375 0.0260621
3.1 32.625 0.026269
3.1 34.875 0.0259749
3.1 37.125 0.02519
3.1 39.375 0.0246595
3.1 41.625 0.0253064
3.1 43.875 0.02537
3.3 1.125 0.0177396
3.3 3.375 0.0194961
3.3 5.625 0.0189265
3.3 7.875 0.0189823
3.3 10.125 0.0191239
3.3 12.375 0.018536
3.3 14.625 0.0196948
3.3 16.875 0.0190728
3.3 19.125 0.0203879
3.3 21.375 0.0214447
3.3 23.625 0.0205582
3.3 25.875 0.0210378
3.3 28.125 0.0209059
3.3 30.375 0.0209977
3.3 32.625 0.0221834
3.3 34.875 0.0211051
3.3 37.125 0.0196242
3.3 39.375 0.0209324
3.3 41.625 0.0204168
3.3 43.875 0.0225247
3.5 1.125 0.0155713
3.5 3.375 0.0151408
3.5 5.625 0.0147505
3.5 7.875 0.0149
3.5 10.125 0.0150766
3.5 12.375 0.0155763
3.5 14.625 0.0158581
3.5 16.875 0.0158525
3.5 19.125 0.0162156
3.5 21.375 0.0164398
3.5 23.625 0.0181494
3.5 25.875 0.0175116
3.5 28.125 0.0181455
3.5 30.375 0.0180678
3.5 32.625 0.0176066
3.5 34.875 0.0180666
3.5 37.125 0.0172791
3.5 39.375 0.0168671
3.5 41.625 0.0177418
3.5 43.875 0.0176515
3.7 1.125 0.0126364
3.7 3.375 0.0124437
3.7 5.625 0.0133985
3.7 7.875 0.0127539
3.7 10.125 0.0128849
3.7 12.375 0.012695
3.7 14.625 0.012366
3.7 16.875 0.0133456
3.7 19.125 0.013489
3.7 21.375 0.0145671
3.7 23.625 0.0146311
3.7 25.875 0.0145315
3.7 28.125 0.0150082
3.7 30.375 0.0151723
3.7 32.625 0.0145392
3.7 34.875 0.0137438
3.7 37.125 0.0146212
3.7 39.375 0.0145954
3.7 41.625 0.0143144
3.7 43.875 0.0153288
3.9 1.125 0.0115488
3.9 3.375 0.0119315
3.9 5.625 0.0113931
3.9 7.875 0.011121
3.9 10.125 0.0116839
3.9 12.375 0.0116103
3.9 14.625 0.0110375
3.9 16.875 0.0124764
3.9 19.125 0.011966
3.9 21.375 0.0114073
3.9 23.625 0.0128393
3.9 25.875 0.0119498
3.9 28.125 0.0118183
3.9 30.375 0.0119629
3.9 32.625 0.0121212
3.9 34.875 0.0119792
3.9 37.125 0.0119154
3.9 39.375 0.0126169
3.9 41.625 0.0117601
3.9 43.875 0.0128971
4.1 1.125 0.0107682
4.1 3.375 0.00912674
4.1 5.625 0.00954451
4.1 7.875 0.0101073
4.1 10.125 0.0100925
4.1 12.375 0.00999856
4.1 14.625 0.0101002
4.1 16.875 0.0098199
4.1 19.125 0.00993342
4.1 21.375 0.0105579
4.1 23.625 0.0103753
4.1 25.875 0.0108372
4.1 28.125 0.0106399
4.1 30.375 0.0101169
4.1 32.625 0.0105492
4.1 34.875 0.00998953
4.1 37.125 0.0104901
4.1 39.375 0.0103373
4.1 41.625 0.00998185
4.1 43.875 0.0100033
4.3 1.125 0.00811967
4.3 3.375 0.00821767
4.3 5.625 0.0082247
4.3 7.875 0.0111848
4.3 10.125 0.0081846
4.3 12.375 0.00908873
4.3 14.625 0.00825717
4.3 16.875 0.00939431
4.3 19.125 0.00888852
4.3 21.375 0.00960944
4.3 23.625 0.0100287
4.3 25.875 0.00908841
4.3 28.125 0.00938929
4.3 30.375 0.00915603
4.3 32.625 0.00819671
4.3 34.875 0.00909071
4.3 37.125 0.00914022
4.3 39.375 0.0087071
4.3 41.625 0.00915119
4.3 43.875 0.00885811
4.5 1.125 0.00699346
4.5 3.375 0.00697586
4.5 5.625 0.00764724
4.5 7.875 0.00679668
4.5 10.125 0.00793071
4.5 12.375 0.00745509
4.5 14.625 0.00804866
4.5 16.875 0.00882214
4.5 19.125 0.00768516
4.5 21.375 0.00726064
4.5 23.625 0.00734391
4.5 25.875 0.00816348
4.5 28.125 0.00742681
4.5 30.375 0.00783869
4.5 32.625 0.00731467
4.5 34.875 0.00755978
4.5 37.125 0.00734219
4.5 39.375 0.00796044
4.5 41.625 0.00756242
4.5 43.875 0.00761366
4.7 1.125 0.00640556
4.7 3.375 0.00672889
4.7 5.625 0.0111572
4.7 7.875 0.00706473
4.7 10.125 0.00672651
4.7 12.375 0.0069205
4.7 14.625 0.00705012
4.7 16.875 0.0074016
4.7 19.125 0.00703948
4.7 21.375 0.0072115
4.7 23.625 0.00693667
4.7 25.875 0.00761556
4.7 28.125 0.00692172
4.7 30.375 0.0106037
4.7 32.625 0.00658058
4.7 34.875 0.00647354
4.7 37.125 0.00635858
4.7 39.375 0.00642468
4.7 41.625 0.00639435
4.7 43.875 0.00655504
4.9 1.125 0.00604704
4.9 3.375 0.00585625
4.9 5.625 0.00533642
4.9 7.875 0.0059867
4.9 10.125 0.00555986
4.9 12.375 0.00609044
4.9 14.625 0.00595022
4.9 16.875 0.00953771
4.9 19.125 0.00646324
4.9 21.375 0.00567622
4.9 23.625 0.00606797
4.9 25.875 0.00604212
4.9 28.125 0.00841738
4.9 30.375 0.00647281
4.9 32.625 0.00638436
4.9 34.875 0.00640941
4.9 37.125 0.0058098
4.9 39.375 0.00584983
4.9 41.625 0.00584466
4.9 43.875 0.00578635
5.1 1.125 0.00504614
5.1 3.375 0.00597419
5.1 5.625 0.00547683
5.1 7.875 0.00515261
5.1 10.125 0.00566505
5.1 12.375 0.00531239
5.1 14.625 0.00566487
5.1 16.875 0.00537262
5.1 19.125 0.00562207
5.1 21.375 0.0051174
5.1 23.625 0.00647686
5.1 25.875 0.00560376
5.1 28.125 0.00581536
5.1 30.375 0.00524101
5.1 32.625 0.00498062
5.1 34.875 0.00520697
5.1 37.125 0.00530815
5.1 39.375 0.00689581
5.1 41.625 0.00549995
5.1 43.875 0.00523427
5.3 1.125 0.00455869
5.3 3.375 0.00816796
5.3 5.625 0.00463519
5.3 7.875 0.00477937
5.3 10.125 0.00481208
5.3 12.375 0.00835832
5.3 14.625 0.00534817
5.3 16.875 0.00485773
5.3 19.125 0.00524175
5.3 21.375 0.00515398
5.3 23.625 0.00503287
5.3 25.875 0.00545105
5.3 28.125 0.00480321
5.3 30.375 0.0051396
5.3 32.625 0.010048
5.3 34.875 0.00500767
5.3 37.125 0.0048785
5.3 39.375 0.00883059
5.3 41.625 0.00518816
5.3 43.875 0.00506574
5.5 1.125 0.00440101
5.5 3.375 0.00425983
5.5 5.625 0.00442471
5.5 7.875 0.00543966
5.5 10.125 0.00435803
5.5 12.375 0.00852944
5.5 14.625 0.00474006
5.5 16.875 0.00450629
5.5 19.125 0.00492542
5.5 21.375 0.00488668
5.5 23.625 0.00502058
5.5 25.875 0.00506998
5.5 28.125 0.00433186
5.5 30.375 0.00504376
5.5 32.625 0.0044709
5.5 34.875 0.00453517
5.5 37.125 0.00478907
5.5 39.375 0.00461067
5.5 41.625 0.00477509
5.5 43.875 0.00430299
5.7 1.125 0.00378943
5.7 3.375 0.00388737
5.7 5.625 0.0043176
5.7 7.875 0.00417751
5.7 10.125 0.00418375
5.7 12.375 0.0044414
5.7 14.625 0.00409361
5.7 16.875 0.00416488
5.7 19.125 0.00413977
5.7 21.375 0.00436706
5.7 23.625 0.00433402
5.7 25.875 0.00453558
5.7 28.125 0.00471159
5.7 30.375 0.005615
5.7 32.625 0.00856498
5.7 34.875 0.00381748
5.7 37.125 0.00423678
5.7 39.375 0.00437872
5.7 41.625 0.00385838
5.7 43.875 0.00409617
5.9 1.125 0.00376939
5.9 3.375 0.00369186
5.9 5.625 0.00379053
5.9 7.875 0.00395818
5.9 10.125 0.00380089
5.9 12.375 0.00369599
5.9 14.625 0.00423298
5.9 16.875 0.00387928
5.9 19.125 0.00385376
5.9 21.375 0.00418359
5.9 23.625 0.00414901
5.9 25.875 0.00400761
5.9 28.125 0.00423388
5.9 30.375 0.00377797
5.9 32.625 0.0039775
5.9 34.875 0.00383201
5.9 37.125 0.00381271
5.9 39.375 0.00862085
5.9 41.625 0.00380386
5.9 43.875 0.00849327
6.1 1.125 0.00380421
6.1 3.375 0.00353544
6.1 5.625 0.00382796
6.1 7.875 0.00352231
6.1 10.125 0.00347219
6.1 12.375 0.00372471
6.1 14.625 0.0039342
6.1 16.875 0.00359541
6.1 19.125 0.00374311
6.1 21.375 0.00371835
6.1 23.625 0.00334479
6.1 25.875 0.00474814
6.1 28.125 0.00407354
6.1 30.375 0.00391093
6.1 32.625 0.00457438
6.1 34.875 0.00361594
6.1 37.125 0.00381853
6.1 39.375 0.0039915
6.1 41.625 0.00378695
6.1 43.875 0.00357526
6.3 1.125 0.0034351
6.3 3.375 0.00475416
6.3 5.625 0.00339316
6.3 7.875 0.00345582
6.3 10.125 0.00377339
6.3 12.375 0.00360237
6.3 14.625 0.00365114
6.3 16.875 0.00357694
6.3 19.125 0.00353565
6.3 21.375 0.00359671
6.3 23.625 0.00333639
6.3 25.875 0.00346643
6.3 28.125 0.00698037
6.3 30.375 0.00365241
6.3 32.625 0.00335589
6.3 34.875 0.00354232
6.3 37.125 0.00347859
6.3 39.375 0.00358487
6.3 41.625 0.00331507
6.3 43.875 0.00703883
6.5 1.125 0.00317079
6.5 3.375 0.00332628
6.5 5.625 0.003672
6.5 7.875 0.00348902
6.5 10.125 0.00335487
6.5 12.375 0.00363881
6.5 14.625 0.00369004
6.5 16.875 0.00342554
6.5 19.125 0.00323074
6.5 21.375 0.00346403
6.5 23.625 0.00355332
6.5 25.875 0.00345813
6.5 28.125 0.00328435
6.5 30.375 0.00314533
6.5 32.625 0.00384088
6.5 34.875 0.00318625
6.5 37.125 0.00320517
6.5 39.375 0.00357837
6.5 41.625 0.00316794
6.5 43.875 0.0032377
6.7 1.125 0.00353642
6.7 3.375 0.00336164
6.7 5.625 0.00324294
6.7 7.875 0.00341556
6.7 10.125 0.00311413
6.7 12.375 0.00332901
6.7 14.625 0.0030002
6.7 16.875 0.00351604
6.7 19.125 0.00340809
6.7 21.375 0.00299
6.7 23.625 0.002907
6.7 25.875 0.00307557
6.7 28.125 0.00302872
6.7 30.375 0.00305342
6.7 32.625 0.00316924
6.7 34.875 0.00337834
6.7 37.125 0.00328635
6.7 39.375 0.00298496
6.7 41.625 0.00337505
6.7 43.875 0.00326117
6.9 1.125 0.00459375
6.9 3.375 0.00306191
6.9 5.625 0.00285194
6.9 7.875 0.00323349
6.9 10.125 0.00324184
6.9 12.375 0.00312443
6.9 14.625 0.00313549
6.9 16.875 0.00345933
6.9 19.125 0.00328333
6.9 21.375 0.00324315
6.9 23.625 0.00350404
6.9 25.875 0.00292267
6.9 28.125 0.00335491
6.9 30.375 0.0032957
6.9 32.625 0.00283129
6.9 34.875 0.00316979
6.9 37.125 0.00284782
6.9 39.375 0.00317219
6.9 41.625 0.00318831
6.9 43.875 0.0035934
7.1 1.125 0.00702807
7.1 3.375 0.00404613
7.1 5.625 0.00302524
7.1 7.875 0.00605964
7.1 10.125 0.00320083
7.1 12.375 0.00431434
7.1 14.625 0.00327508
7.1 16.875 0.00298238
7.1 19.125 0.00776652
7.1 21.375 0.0031562
7.1 23.625 0.00287528
7.1 25.875 0.00318495
7.1 28.125 0.00291934
7.1 30.375 0.00290016
7.1 32.625 0.00293351
7.1 34.875 0.00297854
7.1 37.125 0.00315342
7.1 39.375 0.0030859
7.1 41.625 0.00287296
7.1 43.875 0.00281198
7.3 1.125 0.00297801
7.3 3.375 0.00386763
7.3 5.625 0.00284114
7.3 7.875 0.00297529
7.3 10.125 0.00492495
7.3 12.375 0.00277066
7.3 14.625 0.00280875
7.3 16.875 0.00852793
7.3 19.125 0.00280662
7.3 21.375 0.00284306
7.3 23.625 0.00279738
7.3 25.875 0.00356806
7.3 28.125 0.00271131
7.3 30.375 0.00293826
7.3 32.625 0.00272638
7.3 34.875 0.0026559
7.3 37.125 0.00286254
7.3 39.375 0.00274863
7.3 41.625 0.00295129
7.3 43.875 0.003124
7.5 1.125 0.00279158
7.5 3.375 0.00780703
7.5 5.625 0.00302484
7.5 7.875 0.00299774
7.5 10.125 0.00293262
7.5 12.375 0.00302096
7.5 14.625 0.00433064
7.5 16.875 0.00309653
7.5 19.125 0.00279052
7.5 21.375 0.00326934
7.5 23.625 0.00274574
7.5 25.875 0.00768399
7.5 28.125 0.00288924
7.5 30.375 0.0028042
7.5 32.625 0.00266954
7.5 34.875 0.002881
7.5 37.125 0.00297083
7.5 39.375 0.00274109
7.5 41.625 0.00274848
7.5 43.875 0.00299839
7.7 1.125 0.00320973
7.7 3.375 0.00254681
7.7 5.625 0.00662447
7.7 7.875 0.0043268
7.7 10.125 0.0028177
7.7 12.375 0.00320993
7.7 14.625 0.00300191
7.7 16.875 0.00522354
7.7 19.125 0.00282324
7.7 21.375 0.00328628
7.7 23.625 0.00278047
7.7 25.875 0.00248309
7.7 28.125 0.00305433
7.7 30.375 0.0027704
7.7 32.625 0.00271282
7.7 34.875 0.0031383
7.7 37.125 0.00274522
7.7 39.375 0.00260217
7.7 41.625 0.00263465
7.7 43.875 0.00260563
7.9 1.125 0.00269316
7.9 3.375 0.00268739
7.9 5.625 0.00317581
7.9 7.875 0.0046267
7.9 10.125 0.00264677
7.9 12.375 0.00246089
7.9 14.625 0.00269958
7.9 16.875 0.00314975
7.9 19.125 0.00284672
7.9 21.375 0.00649224
7.9 23.625 0.0036889
7.9 25.875 0.0027737
7.9 28.125 0.0030213
7.9 30.375 0.0027994
7.9 32.625 0.00299466
7.9 34.875 0.0026819
7.9 37.125 0.00251241
7.9 39.375 0.00271361
7.9 41.625 0.00287044
7.9 43.875 0.00252122
8.1 1.125 0.00261362
8.1 3.375 0.00292064
8.1 5.625 0.00273416
8.1 7.875 0.00241371
8.1 10.125 0.00282599
8.1 12.375 0.00241238
8.1 14.625 0.00267635
8.1 16.875 0.00247123
8.1 19.125 0.0026554
8.1 21.375 0.00351385
8.1 23.625 0.00234234
8.1 25.875 0.00266591
8.1 28.125 0.00284654
8.1 30.375 0.00281355
8.1 32.625 0.00270968
8.1 34.875 0.00286145
8.1 37.125 0.00260819
8.1 39.375 0.00248454
8.1 41.625 0.00245768
8.1 43.875 0.00250777
8.3 1.125 0.00245826
8.3 3.375 0.00250269
8.3 5.625 0.00260945
8.3 7.875 0.00267414
8.3 10.125 0.00253963
8.3 12.375 0.00241654
8.3 14.625 0.00323375
8.3 16.875 0.0023632
8.3 19.125 0.00301011
8.3 21.375 0.00478385
8.3 23.625 0.00328229
8.3 25.875 0.002603
8.3 28.125 0.00258548
8.3 30.375 0.00234017
8.3 32.625 0.00243181
8.3 34.875 0.00273793
8.3 37.125 0.00240207
8.3 39.375 0.00227068
8.3 41.625 0.00267053
8.3 43.875 0.00315834
8.5 1.125 0.00298436
8.5 3.375 0.00231726
8.5 5.625 0.00213657
8.5 7.875 0.00247438
8.5 10.125 0.00273937
8.5 12.375 0.00250336
8.5 14.625 0.00247986
8.5 16.875 0.00269852
8.5 19.125 0.00262713
8.5 21.375 0.0095047
8.5 23.625 0.00263774
8.5 25.875 0.00261269
8.5 28.125 0.00218383
8.5 30.375 0.0029276
8.5 32.625 0.00242773
8.5 34.875 0.00235169
8.5 37.125 0.00297164
8.5 39.375 0.0026232
8.5 41.625 0.00230073
8.5 43.875 0.00275255
8.7 1.125 0.00243342
8.7 3.375 0.00249519
8.7 5.625 0.00233242
8.7 7.875 0.00268562
8.7 10.125 0.00282558
8.7 12.375 0.00238953
8.7 14.625 0.00275958
8.7 16.875 0.00247524
8.7 19.125 0.00231604
8.7 21.375 0.00225124
8.7 23.625 0.0029228
8.7 25.875 0.00268117
8.7 28.125 0.00275682
8.7 30.375 0.00208464
8.7 32.625 0.0023137
8.7 34.875 0.00296064
8.7 37.125 0.00254079
8.7 39.375 0.00217415
8.7 41.625 0.0129363
8.7 43.875 0.00232847
8.9 1.125 0.0030173
8.9 3.375 0.00262274
8.9 5.625 0.00238893
8.9 7.875 0.0149969
8.9 10.125 0.00221002
8.9 12.375 0.00266919
8.9 14.625 0.00249338
8.9 16.875 0.00251995
8.9 19.125 0.00228908
8.9 21.375 0.00218245
8.9 23.625 0.00289407
8.9 25.875 0.00239431
8.9 28.125 0.00240234
8.9 30.375 0.00242504
8.9 32.625 0.00261818
8.9 34.875 0.00261824
8.9 37.125 0.00253691
8.9 39.375 0.00275139
8.9 41.625 0.00233467
8.9 43.875 0.00252039
9.1 1.125 0.0041281
9.1 3.375 0.00229207
9.1 5.625 0.00214421
9.1 7.875 0.00256046
9.1 10.125 0.00241733
9.1 12.375 0.00252919
9.1 14.625 0.0184759
9.1 16.875 0.00433151
9.1 19.125 0.00237722
9.1 21.375 0.00244973
9.1 23.625 0.0023063
9.1 25.875 0.00199422
9.1 28.125 0.00226405
9.1 30.375 0.00226183
9.1 32.625 0.00245078
9.1 34.875 0.00303681
9.1 37.125 0.0021415
9.1 39.375 0.00262355
9.1 41.625 0.00241763
9.1 43.875 0.00230237
9.3 1.125 0.00242753
9.3 3.375 0.00256858
9.3 5.625 0.00238401
9.3 7.875 0.00277888
9.3 10.125 0.00239577
9.3 12.375 0.00224919
9.3 14.625 0.0024667
9.3 16.875 0.00272407
9.3 19.125 0.00247198
9.3 21.375 0.00235423
9.3 23.625 0.00254186
9.3 25.875 0.00242581
9.3 28.125 0.00232846
9.3 30.375 0.0022263
9.3 32.625 0.00259879
9.3 34.875 0.00250702
9.3 37.125 0.00305849
9.3 39.375 0.00259264
9.3 41.625 0.00222106
9.3 43.875 0.00280546
9.5 1.125 0.00311848
9.5 3.375 0.00204099
9.5 5.625 0.0025086
9.5 7.875 0.00311766
9.5 10.125 0.0166541
9.5 12.375 0.00260609
9.5 14.625 0.00250272
9.5 16.875 0.0025531
9.5 19.125 0.00225057
9.5 21.375 0.00340973
9.5 23.625 0.00251482
9.5 25.875 0.00315605
9.5 28.125 0.00252005
9.5 30.375 0.00268622
9.5 32.625 0.00237951
9.5 34.875 0.00232994
9.5 37.125 0.00221112
9.5 39.375 0.00222257
9.5 41.625 0.00271382
9.5 43.875 0.00252695
9.7 1.125 0.00507816
9.7 3.375 0.00235121
9.7 5.625 0.00243774
9.7 7.875 0.00232684
9.7 10.125 0.00243552
9.7 12.375 0.00229417
9.7 14.625 0.00261354
9.7 16.875 0.00217044
9.7 19.125 0.00239024
9.7 21.375 0.00273051
9.7 23.625 0.00210911
9.7 25.875 0.00232329
9.7 28.125 0.00279243
9.7 30.375 0.00247993
9.7 32.625 0.00230166
9.7 34.875 0.00543013
9.7 37.125 0.00248769
9.7 39.375 0.0205898
9.7 41.625 0.00224656
9.7 43.875 0.00197643
9.9 1.125 0.00251115
9.9 3.375 0.00376336
9.9 5.625 0.00236714
9.9 7.875 0.0023043
9.9 10.125 0.00248404
9.9 12.375 0.00257332
9.9 14.625 0.00272863
9.9 16.875 0.00217794
9.9 19.125 0.00210008
9.9 21.375 0.00255507
9.9 23.625 0.00214936
9.9 25.875 0.0026862
9.9 28.125 0.00202677
9.9 30.375 0.00249696
9.9 32.625 0.00187487
9.9 34.875 0.0145923
9.9 37.125 0.00238553
9.9 39.375 0.00230039
9.9 41.625 0.00219709
9.9 43.875 0.00242944
10.1 1.125 0.0025753
10.1 3.375 0.00224037
10.1 5.625 0.00209539
10.1 7.875 0.0038323
10.1 10.125 0.00252256
10.1 12.375 0.00307493
10.1 14.625 0.00202391
10.1 16.875 0.00233329
10.1 19.125 0.00220878
10.1 21.375 0.00295853
10.1 23.625 0.00289371
10.1 25.875 0.00831824
10.1 28.125 0.0062508
10.1 30.375 0.0027605
10.1 32.625 0.00256066
10.1 34.875 0.00204117
10.1 37.125 0.00251879
10.1 39.375 0.0022219
10.1 41.625 0.00215325
10.1 43.875 0.00241673
10.3 1.125 0.00219689
10.3 3.375 0.0101492
10.3 5.625 0.00274358
10.3 7.875 0.00228279
10.3 10.125 0.00249477
10.3 12.375 0.00218695
10.3 14.625 0.00254539
10.3 16.875 0.00299117
10.3 19.125 0.00249575
10.3 21.375 0.00310184
10.3 23.625 0.00200983
10.3 25.875 0.00237048
10.3 28.125 0.00260832
10.3 30.375 0.00227189
10.3 32.625 0.00286864
10.3 34.875 0.00262798
10.3 37.125 0.00251477
10.3 39.375 0.00233768
10.3 41.625 0.00236452
10.3 43.875 0.00201302
10.5 1.125 0.00244338
10.5 3.375 0.0193649
10.5 5.625 0.00202018
10.5 7.875 0.00244653
10.5 10.125 0.00216079
10.5 12.375 0.00211781
10.5 14.625 0.00240237
10.5 16.875 0.00224149
10.5 19.125 0.00266883
10.5 21.375 0.00218759
10.5 23.625 0.0234308
10.5 25.875 0.00238976
10.5 28.125 0.0018302
10.5 30.375 0.0023332
10.5 32.625 0.00953661
10.5 34.875 0.00221778
10.5 37.125 0.00230733
10.5 39.375 0.00174049
10.5 41.625 0.00567922
10.5 43.875 0.00550923
10.7 1.125 0.00200403
10.7 3.375 0.00228974
10.7 5.625 0.00212342
10.7 7.875 0.00234371
10.7 10.125 0.00352581
10.7 12.375 0.00234351
10.7 14.625 0.00214587
10.7 16.875 0.00383208
10.7 19.125 0.00243036
10.7 21.375 0.0243141
10.7 23.625 0.00246528
10.7 25.875 0.00247058
10.7 28.125 0.00192042
10.7 30.375 0.00224692
10.7 32.625 0.0035936
10.7 34.875 0.0021112
10.7 37.125 0.00247985
10.7 39.375 0.00206904
10.7 41.625 0.00221434
10.7 43.875 0.00259764
10.9 1.125 0.00224186
10.9 3.375 0.00229974
10.9 5.625 0.00261034
10.9 7.875 0.00212246
10.9 10.125 0.00228978
10.9 12.375 0.00199654
10.9 14.625 0.0200819
10.9 16.875 0.00228187
10.9 19.125 0.00217236
10.9 21.375 0.00243337
10.9 23.625 0.00222601
10.9 25.875 0.00201533
10.9 28.125 0.00256058
10.9 30.375 0.00211492
10.9 32.625 0.00181143
10.9 34.875 0.00205232
10.9 37.125 0.00460877
10.9 39.375 0.00716388
10.9 41.625 0.00224504
10.9 43.875 0.00235607
11.1 1.125 0.00303936
11.1 3.375 0.00248696
11.1 5.625 0.00235674
11.1 7.875 0.00372692
11.1 10.125 0.00395487
11.1 12.375 0.00214287
11.1 14.625 0.00222771
11.1 16.875 0.00249207
11.1 19.125 0.00241327
11.1 21.375 0.00215842
11.1 23.625 0.00241822
11.1 25.875 0.00227665
11.1 28.125 0.00206459
11.1 30.375 0.0304171
11.1 32.625 0.00278719
11.1 34.875 0.00237292
11.1 37.125 0.00177976
11.1 39.375 0.00269576
11.1 41.625 0.00252795
11.1 43.875 0.00304529
11.3 1.125 0.00246907
11.3 3.375 0.00294897
11.3 5.625 0.00200196
11.3 7.875 0.00326226
11.3 10.125 0.00278139
11.3 12.375 0.0272974
11.3 14.625 0.00255676
11.3 16.875 0.00244085
11.3 19.125 0.00274323
11.3 21.375 0.00413276
11.3 23.625 0.00221092
11.3 25.875 0.00192384
11.3 28.125 0.00285919
11.3 30.375 0.00215127
11.3 32.625 0.0021135
11.3 34.875 0.0149666
11.3 37.125 0.00316533
11.3 39.375 0.00282025
11.3 41.625 0.00255871
11.3 43.875 0.00275491
11.5 1.125 0.00194428
11.5 3.375 0.00222446
11.5 5.625 0.00235202
11.5 7.875 0.00213969
11.5 10.125 0.00218769
11.5 12.375 0.00236595
11.5 14.625 0.00449843
11.5 16.875 0.00208462
11.5 19.125 0.00288153
11.5 21.375 0.00225263
11.5 23.625 0.00211726
11.5 25.875 0.00313487
11.5 28.125 0.00223022
11.5 30.375 0.00336238
11.5 32.625 0.00246567
11.5 34.875 0.00222016
11.5 37.125 0.00593894
11.5 39.375 0.00228309
11.5 41.625 0.00248707
11.5 43.875 0.00208026
11.7 1.125 0.00242385
11.7 3.375 0.00215333
11.7 5.625 0.00248675
11.7 7.875 0.00215433
11.7 10.125 0.00222441
11.7 12.375 0.00278784
11.7 14.625 0.00218315
11.7 16.875 0.00259718
11.7 19.125 0.00340534
11.7 21.375 0.00303362
11.7 23.625 0.00230941
11.7 25.875 0.01097
11.7 28.125 0.00414517
11.7 30.375 0.00230081
11.7 32.625 0.00261553
11.7 34.875 0.00200473
11.7 37.125 0.00216832
11.7 39.375 0.00343243
11.7 41.625 0.00216927
11.7 43.875 0.00242627
11.9 1.125 0.00221926
11.9 3.375 0.00231814
11.9 5.625 0.00302658
11.9 7.875 0.00213799
11.9 10.125 0.00233552
11.9 12.375 0.0144479
11.9 14.625 0.00207568
11.9 16.875 0.00202228
11.9 19.125 0.00446653
11.9 21.375 0.0028121
11.9 23.625 0.0115709
11.9 25.875 0.00274624
11.9 28.125 0.00198212
11.9 30.375 0.00237314
11.9 32.625 0.00732582
11.9 34.875 0.00169364
11.9 37.125 0.00225592
11.9 39.375 0.00216576
11.9 41.625 0.00497232
11.9 43.875 0.00214091
12.1 1.125 0.00192642
12.1 3.375 0.00270639
12.1 5.625 0.00248473
12.1 7.875 0.00211486
12.1 10.125 0.00190713
12.1 12.375 0.00191558
12.1 14.625 0.00226103
12.1 16.875 0.00254197
12.1 19.125 0.00220151
12.1 21.375 0.00214616
12.1 23.625 0.00320752
12.1 25.875 0.00271975
12.1 28.125 0.00196919
12.1 30.375 0.00253474
12.1 32.625 0.00154185
12.1 34.875 0.00248869
12.1 37.125 0.00236938
12.1 39.375 0.00218174
12.1 41.625 0.00186798
12.1 43.875 0.00211106
12.3 1.125 0.00268325
12.3 3.375 0.00200563
12.3 5.625 0.00203098
12.3 7.875 0.00198785
12.3 10.125 0.0024853
12.3 12.375 0.00204732
12.3 14.625 0.00200675
12.3 16.875 0.00199404
12.3 19.125 0.00540059
12.3 21.375 0.0017451
12.3 23.625 0.00214374
12.3 25.875 0.00292995
12.3 28.125 0.00201158
12.3 30.375 0.00365269
12.3 32.625 0.00200517
12.3 34.875 0.00235878
12.3 37.125 0.010503
12.3 39.375 0.00177607
12.3 41.625 0.00215227
12.3 43.875 0.00289917
12.5 1.125 0.00251977
12.5 3.375 0.00219557
12.5 5.625 0.00267582
12.5 7.875 0.0046238
12.5 10.125 0.00249249
12.5 12.375 0.00244413
12.5 14.625 0.00211812
12.5 16.875 0.00186258
12.5 19.125 0.025497
12.5 21.375 0.0022844
12.5 23.625 0.0261535
12.5 25.875 0.00895482
12.5 28.125 0.0218011
12.5 30.375 0.00541089
12.5 32.625 0.00233111
12.5 34.875 0.00751001
12.5 37.125 0.00258457
12.5 39.375 0.0128943
12.5 41.625 0.0172493
12.5 43.875 0.00282328
12.7 1.125 0.00178395
12.7 3.375 0.00240243
12.7 5.625 0.00292265
12.7 7.875 0.00476152
12.7 10.125 0.00185035
12.7 12.375 0.00213161
12.7 14.625 0.00246585
12.7 16.875 0.0389304
12.7 19.125 0.0024397
12.7 21.375 0.00182451
12.7 23.625 0.00221447
12.7 25.875 0.00219717
12.7 28.125 0.0022185
12.7 30.375 0.00368831
12.7 32.625 0.00254267
12.7 34.875 0.0030978
12.7 37.125 0.0157838
12.7 39.375 0.00300048
12.7 41.625 0.00183219
12.7 43.875 0.00189754
12.9 1.125 0.00222131
12.9 3.375 0.00455326
12.9 5.625 0.00223298
12.9 7.875 0.0015783
12.9 10.125 0.00231905
12.9 12.375 0.00232396
12.9 14.625 0.00195667
12.9 16.875 0.00228988
12.9 19.125 0.0103031
12.9 21.375 0.00412031
12.9 23.625 0.00215004
12.9 25.875 0.00278176
12.9 28.125 0.00232122
12.9 30.375 0.0109047
12.9 32.625 0.00259904
12.9 34.875 0.00368378
12.9 37.125 0.00221244
12.9 39.375 0.00193764
12.9 41.625 0.00224189
12.9 43.875 0.00191137
13.1 1.125 0.00160889
13.1 3.375 0.00183688
13.1 5.625 0.00205031
13.1 7.875 0.00262877
13.1 10.125 0.00346468
13.1 12.375 0.00249158
13.1 14.625 0.00664747
13.1 16.875 0.00451333
13.1 19.125 0.00261361
13.1 21.375 0.0033464
13.1 23.625 0.00334632
13.1 25.875 0.00289049
13.1 28.125 0.00205877
13.1 30.375 0.00191315
13.1 32.625 0.00378314
13.1 34.875 0.0019318
13.1 37.125 0.00185468
13.1 39.375 0.00239651
13.1 41.625 0.00488495
13.1 43.875 0.0594427
13.3 1.125 0.0027881
13.3 3.375 0.0104262
13.3 5.625 0.00349636
13.3 7.875 0.00279631
13.3 10.125 0.00330641
13.3 12.375 0.00309115
13.3 14.625 0.0016321
13.3 16.875 0.00269698
13.3 19.125 0.0019991
13.3 21.375 0.00311562
13.3 23.625 0.00226019
13.3 25.875 0.00360111
13.3 28.125 0.00279443
13.3 30.375 0.00169013
13.3 32.625 0.00325584
13.3 34.875 0.00179789
13.3 37.125 0.00296459
13.3 39.375 0.0018538
13.3 41.625 0.00226447
13.3 43.875 0.00267212
13.5 1.125 0.0603149
13.5 3.375 0.00183175
13.5 5.625 0.00218727
13.5 7.875 0.0315509
13.5 10.125 0.0393179
13.5 12.375 0.00186348
13.5 14.625 0.0021478
13.5 16.875 0.0678033
13.5 19.125 0.00229783
13.5 21.375 0.0018532
13.5 23.625 0.00202478
13.5 25.875 0.00175214
13.5 28.125 0.00228517
13.5 30.375 0.00272383
13.5 32.625 0.0583035
13.5 34.875 0.00194735
13.5 37.125 0.00215548
13.5 39.375 0.00284704
13.5 41.625 0.00381859
13.5 43.875 0.0039093
13.7 1.125 0.0022875
13.7 3.375 0.00202928
13.7 5.625 0.00248954
13.7 7.875 0.00356615
13.7 10.125 0.00580201
13.7 12.375 0.0346208
13.7 14.625 0.00172917
13.7 16.875 0.00550925
13.7 19.125 0.0021959
13.7 21.375 0.00384434
13.7 23.625 0.00257824
13.7 25.875 0.0017806
13.7 28.125 0.00402625
13.7 30.375 0.00245262
13.7 32.625 0.00264655
13.7 34.875 0.00229257
13.7 37.125 0.00193886
13.7 39.375 0.00407152
13.7 41.625 0.00314333
13.7 43.875 0.00246358
13.9 1.125 0.00319966
13.9 3.375 0.00208006
13.9 5.625 0.00212832
13.9 7.875 0.00261206
13.9 10.125 0.00217706
13.9 12.375 0.00208256
13.9 14.625 0.00334058
13.9 16.875 0.00379024
13.9 19.125 0.00210369
13.9 21.375 0.00366708
13.9 23.625 0.00417473
13.9 25.875 0.00249987
13.9 28.125 0.0062311
13.9 30.375 0.00192368
13.9 32.625 0.00265402
13.9 34.875 0.0022939
13.9 37.125 0.0166118
13.9 39.375 0.00224521
13.9 41.625 0.00190743
13.9 43.875 0.0020697
