0.0871541
0.0957247
0.0812807
0.0704871
0.0176172
0.00525723
0.250723
-0.00950782
0.0233073
0.0388949
-0.00511424
-0.016258
-0.0802628
0.0402511
-0.0360155
0.0366859
0.0523588
0.0165584
-0.232517
-0.0158767
0.00490533
0.0617321
-0.0370921
0.0623405
-0.0262093
-0.0159116
0.046139
-0.0121084
-0.0894864
0.0134216
0.0179319
0.00698177
0.0304729
0.023269
0.241421
-0.087583
0.0675189
0.0549534
-0.0482201
0.220635
-0.0790474
-0.0922406
-0.121119
0.0709734
-0.0863793
-0.0052763
0.0253329
-0.0328156
0.00777506
-0.0544416
-0.00939022
-0.0669491
0.125407
0.0500217
-0.0367414
0.0215324
-0.0126529
0.147032
0.0488856
0.00540633
-0.57158
0.125804
-0.00471957
5.26644
0.149113
0.0359296
0.0489103
0.141867
-0.0332865
0.0558232
0.118659
-0.0305851
-0.0419406
-0.0470431
0.217643
-0.029452
-0.120026
0.0698217
0.0147619
0.0721078
0.00894231
0.217377
0.0421966
0.0135771
-0.151683
0.0156062
-0.105101
0.042154
0.0586166
0.117047
0.0742548
0.049582
-0.0146216
0.0176994
0.130395
0.0131726
0.0835698
0.0661641
-0.0833965
-0.0750154
0.026932
-1.27689
-0.00201753
-0.0122963
-0.115626
-0.0174222
-0.00475211
0.0373459
-0.0445832
0.0366486
0.136708
-0.0450571
0.354144
-0.0653681
-0.0995253
-0.0704904
-0.114719
-0.0622241
0.000392181
0.0154283
0.0478517
0.0988479
-0.102475
-0.0539218
0.128045
0.0728759
-0.0116132
0.0351498
-0.0449656
-0.0489897
-0.0413604
0.101044
0.0684825
0.118714
0.0674914
0.0241576
-0.0884054
0.0609846
0.0823172
0.0540121
-0.267289
0.0303558
-0.569971
0.00768201
-0.00506424
-0.0334069
-0.0558573
0.0793506
-0.0723383
0.0485809
-0.02504
0.0335653
-0.0104263
0.0793645
0.00174806
-0.127453
0.0910561
0.117995
0.0907897
0.0382662
-0.0390409
0.161469
0.0839169
0.175832
0.109851
0.00456016
0.0226756
-0.596769
0.0211814
0.0559919
0.0464545
-0.134183
0.0652121
0.0210563
0.107975
0.0549351
-0.291172
0.0763955
0.0802434
-0.0345846
0.019139
0.0399006
-0.0441818
-0.0272678
0.0789546
0.0231666
-0.0349673
-0.0214832
0.0789059
0.215682
-0.092327
-0.0104407
0.0300558
0.104592
-0.080199
0.0867034
-0.0108259
0.159738
0.0457161
-0.127643
0.0548132
-0.0306059
-0.0881763
0.0130098
-0.018894
0.00194529
0.0386689
0.0252827
0.0770961
0.058306
0.0808053
-0.0636932
-0.0424515
-0.0902532
-0.00708274
0.0551297
-0.0547874
-0.0514231
-0.0145013
-0.000336425
0.10929
-0.0711546
-0.108112
0.0784633
0.0309443
0.00726475
0.0523606
0.0663067
0.0251689
0.0387065
-0.0357432
0.0127023
-0.0861062
0.0305394
-0.0347539
0.133628
0.0160247
0.00404587
0.0953096
0.152785
-0.188987
0.0275795
-0.204619
0.0159464
-0.0168226
-0.0105288
0.11274
-0.0570998
0.0342222
0.247731
-0.0970437
0.0102633
-0.0571838
-0.0287912
0.0205581
0.0216787
0.0543253
-0.00454637
0.00664045
-0.249591
0.0440697
-0.0836168
0.0872109
0.0317034
0.024398
-0.0206147
-0.0138988
0.0156006
-0.133634
0.0549536
0.251233
-0.0130481
-0.080732
0.125982
0.0580918
0.143751
-0.0133803
-0.0125957
-0.0312351
-0.0513864
0.0023547
0.124718
0.0216003
0.0138529
0.0288032
-0.0249735
0.105795
0.020736
0.0515714
0.0193695
-0.0916803
0.022645
0.0740681
-0.0422554
0.0366926
0.0203408
0.00108665
0.854826
0.135509
0.0752298
0.182144
0.0111617
-0.146865
0.00691683
0.8777
0.174179
0.0889625
-0.00361596
0.44451
-0.0125778
-0.10623
0.0116303
0.0653924
0.0348758
0.16871
-0.156941
-0.0224257
0.914104
-0.0231508
0.103625
0.0645097
-0.0198791
0.0319477
-0.0979068
0.066758
0.110592
-0.0043984
0.0265401
-0.00546406
-0.0643311
-0.0386153
0.0998047
0.182507
0.0297671
0.111485
0.0845205
0.0109965
-0.0342817
-0.0374843
0.121128
-0.125751
-0.0991657
-0.0309614
0.0226169
0.0230288
0.277699
0.11686
-0.00106616
0.0733338
-0.283918
-0.10593
-0.0338057
-0.0377881
0.00376955
-0.0138589
-0.0545954
-0.134073
-0.288621
0.0590406
0.072751
-0.392591
0.0856208
0.00816374
0.0833921
-0.0306203
-0.0255379
0.0823114
0.0078548
-0.0881405
-0.0666754
0.0288514
-0.141188
0.0485942
0.00635446
0.0193772
0.0306449
0.0535485
-0.0244155
-0.0509733
-0.0107283
0.123779
-0.258229
0.0408947
0.00697397
0.017578
0.130315
-0.080814
-0.0385517
0.0261803
0.0422423
0.0485854
0.105151
-0.0527997
-0.0259438
0.102338
0.0232319
0.0991767
0.0334833
0.0955555
-0.175167
0.0602011
-0.0790444
0.0690858
-0.0238687
-0.0424095
0.0834916
0.0205228
0.0358594
0.0403639
0.0207878
-0.112339
0.0128391
0.0300263
0.00590551
0.0194024
-0.197428
0.0804997
0.171083
0.136191
-0.0221951
0.0187429
0.021289
-0.0162047
0.279763
0.00733452
0.111824
0.093661
-0.258342
-0.2341
-0.016443
-0.000325257
0.137527
-0.0582326
0.0440634
0.0262312
0.0292283
0.0695459
0.0325449
0.0610348
-0.0435274
0.80476
0.0227344
0.0043164
0.0508733
0.0659844
-0.0914649
-0.0895773
-0.0177065
0.0232841
0.00722177
-0.0170225
0.0443366
-0.154575
0.0008661
0.0151504
0.196176
-0.153747
0.0583999
0.00778938
0.0755608
-0.0758773
0.0284869
0.0246569
-0.146375
0.0232163
0.0433408
-0.0214551
-0.211538
-0.0656665
0.470356
-0.022778
-0.0335611
0.670134
-0.0203664
-0.0329261
0.0959434
0.0248643
-0.0863665
0.0427027
0.115159
-0.0212166
-0.000456273
0.0818962
0.0242084
-0.0542056
-0.108079
0.0546365
0.0518046
-0.0494556
0.0551945
0.0344535
0.00146462
-0.011039
-0.0523212
0.0400487
0.0161491
0.0218624
0.0247848
-0.0130492
-0.0141671
-0.148085
-0.0376677
0.0500372
0.0630657
0.0105891
0.693928
-0.0238569
0.0387907
0.0284935
0.0290715
0.0511689
-0.04108
-0.0280977
0.0559874
0.0558548
0.0734951
-0.0861643
-0.0195298
0.0295228
0.0565996
-0.0209909
0.0753524
0.0477481
-0.0455203
0.0067639
-0.028281
0.0540027
0.0249028
0.0621774
0.036671
0.185887
-0.040684
0.0232468
-0.00536263
-0.042291
0.0118835
-0.198499
-0.0539365
-0.0338719
-0.0756637
-0.0942392
-0.0337028
-0.0141617
-0.0975572
0.0536459
0.0931844
-0.0181107
0.0334258
-0.014845
-0.0890216
0.0580154
-0.734415
-0.128028
0.0721662
-0.0527334
-0.0404497
-0.0563348
-0.0637471
0.122581
-0.00563655
0.0899866
0.019028
0.0273541
0.17636
-0.0417036
-0.034251
-0.0923525
0.0211409
-0.115453
-0.00444563
0.113786
0.0822685
-0.0354497
-0.0314401
-0.0418587
0.0396556
0.0781393
-0.0275184
0.0399217
-0.189185
0.0347014
-0.022489
-0.365264
-0.0100722
0.117361
-0.054284
0.0958667
-0.162191
0.0747663
-0.114862
-0.0107162
0.0995536
-0.0146908
0.00059623
0.0365556
0.256793
-0.0295293
0.0286271
-0.035944
-0.0435467
-0.0218715
-0.121617
0.10445
0.124823
-0.109082
0.0302205
0.0616948
0.00129814
-0.00304229
-0.312299
0.144908
0.00453052
0.0208901
0.1537
-0.0764193
0.00342561
-0.0187751
0.001556
-0.0799751
-0.0342602
-0.00264157
-0.035015
-0.0712875
-0.0516911
-0.0075429
0.0293693
0.0666431
-0.0503145
0.0269147
-0.0744369
0.0263648
0.153944
-0.0141554
0.00703861
-0.0750317
0.0270936
-0.0167488
0.0904728
0.0659804
0.0549624
0.0469957
0.0458793
0.039268
0.0142135
0.0106908
-0.0315746
-0.394929
-0.00987198
-0.0448685
-0.0707256
0.0297813
0.0274129
0.00624477
0.148406
0.0103142
0.0783015
-0.331848
-0.18169
0.0582795
0.0330364
0.0366538
0.00819245
-0.0303489
0.0160164
-0.00841676
0.0898102
0.075428
-0.0471865
0.0408627
-0.0878785
-0.0273947
-0.00946319
0.00681223
0.184487
0.0386948
0.369974
0.0633795
-0.0102057
0.0222382
-0.106134
0.0906823
-0.0338182
0.22479
-0.00607963
0.0118558
0.0432033
0.0484035
-0.0851944
-0.0433418
-0.234677
0.0341906
-0.0173601
-0.0877726
0.0421211
-0.0340779
0.0120519
0.224595
0.03633
-0.0216425
0.116438
-0.0114034
0.0303424
-0.0278452
0.00163356
0.0182518
-0.00834812
-0.0217364
-0.0625294
0.0729246
-0.0761902
0.0369947
0.0114852
0.0606705
0.0414847
-0.0498512
-0.116042
-0.030462
-0.069374
0.0988415
0.00481482
0.0372709
0.0427595
0.106594
0.0397117
0.114289
0.0312014
-0.0595958
0.197349
0.00261114
-0.0392083
-0.0232277
0.309439
0.0199919
-0.0142249
-0.0252284
0.0465242
0.0147872
0.0889298
0.0188254
-0.148978
0.07518
-0.083655
0.141056
-0.0405497
0.167509
0.0488259
0.159572
0.0457389
-0.0499655
0.162542
-0.0414435
0.120844
0.0104082
0.197652
-0.00932352
0.0353642
0.1474
0.0219263
-0.15473
0.033896
0.112599
0.000631108
-0.0546703
-0.00845295
-0.0241432
0.040854
0.0291837
0.137699
0.0593239
-0.00501638
0.0390012
0.0859127
0.153356
-0.0743505
0.00183601
0.0187469
0.808849
0.0206499
0.0107939
-0.150214
-0.0278218
0.0949529
-0.0681263
0.10267
0.0103895
-0.00660917
0.126593
-0.0271789
-0.073643
0.027316
0.0650446
0.0323897
-0.0162735
0.085143
-0.00397734
-0.101013
0.0137026
-0.0147802
-0.00677025
0.0706345
-0.046893
-0.0963288
-0.140703
0.0198992
0.136657
-0.113076
0.0301343
0.333215
0.0127427
-0.0495617
0.0979643
0.104693
0.0255469
-0.278219
-0.0613354
0.0602485
-0.0429866
-0.00669257
0.030488
-0.0422538
-0.163888
0.0182618
0.0634595
0.0694792
-0.0288306
-0.0732386
0.0897814
-0.0509559
-0.0320444
-0.124858
0.0621736
0.135567
0.144642
0.0633655
-0.0151278
0.0520466
-0.072591
0.0204241
0.00387853
0.0986427
-0.0168263
0.0180159
-0.0312891
0.0222087
-0.0910432
0.103275
-0.29614
0.0617406
0.0299308
-0.0960638
-0.014983
0.0640629
-0.0134084
-0.404733
-0.0564654
-0.0409026
0.152048
-0.0651972
0.122777
-0.0501018
0.0601478
-0.0542856
0.0315113
0.0153768
0.109147
-0.231574
0.0513396
-0.0588906
0.0841986
-0.0396631
-0.0507441
0.0399623
-0.016546
0.0438059
-0.00324893
-0.147307
-0.419617
-0.0157319
0.0772428
0.0621676
0.0536196
0.265467
-0.0180998
0.0170155
-0.00287298
-0.0623309
0.00425855
0.0027696
0.017403
0.130521
5.41558
0.0887578
-0.0165581
-0.000304424
0.0671591
-0.0305745
-0.0436583
-0.0678617
-0.208094
0.0164794
-0.00436486
0.060919
0.0521311
0.159993
-0.0868539
-0.126624
-0.0677533
-0.232653
-0.0341678
0.0147099
0.0871288
-0.0637421
-0.0213833
0.043312
-0.0316761
-0.0447115
0.0677055
0.203796
0.0592193
0.120221
0.110264
0.0434367
0.260487
-0.0441927
-0.0904847
0.0173525
-0.0957773
0.0635601
0.012841
-0.29758
0.080597
0.00400383
0.107405
-0.386797
0.0825111
0.0790324
0.0965744
0.0451113
-0.00924597
0.069075
0.359059
0.0707979
-0.126087
-0.0356663
0.0546322
0.152193
0.00651675
-0.0349064
0.00543128
0.0673209
0.0649306
0.126951
0.0085151
-0.00262232
0.0463255
0.168286
0.110059
0.0526461
0.423276
-0.0160433
-0.404221
0.589447
-0.0224409
-0.0407499
-0.0619806
0.0603826
0.00492701
-0.0719913
-0.115292
-0.106479
0.186159
-0.0259417
-0.026678
0.0367975
-0.0381855
-0.0877545
0.0456528
0.0903068
-0.040144
0.00401936
-0.0153609
-0.140865
-0.00173181
0.0439682
-0.0788038
1.14198
-0.0698038
0.00556431
0.0215128
0.018178
0.0890645
0.0623791
0.007588
0.0459838
-0.0164929
-0.458466
0.0574659
0.0303513
0.0727836
0.0385968
-0.0986953
-0.0260189
-0.141668
0.0101698
0.0245531
0.0787135
-0.0193133
-0.210579
0.120448
-0.0410791
0.0421621
-0.0190624
0.0384192
0.200687
0.0459498
0.0212734
0.06573
0.0241889
0.0509833
0.0185785
0.0469609
-0.00981319
0.0188159
0.0717826
0.0735463
0.0565149
-0.0219274
-0.0321664
0.00526074
0.176059
0.107555
-0.301575
-0.0138294
0.000131312
0.06043
0.00334039
0.0982556
0.0140501
-0.0757758
0.02145
-0.136707
-0.100223
-0.0289784
0.101164
-0.0244557
0.0643176
-0.000303632
0.0542588
-0.0432296
-0.0730588
-0.0346828
-0.0536081
0.00799361
0.04326
-0.171255
-0.0203155
-0.0256074
0.0364984
-0.00553029
0.01486
0.0177637
-0.00716701
0.0702617
-0.138791
-0.0277526
0.0617922
-0.01127
0.162885
-0.0964007
0.0222083
0.0709833
-0.184816
0.0541232
0.0408613
-0.0975969
0.0403876
-0.111079
0.0373291
-0.00288485
0.158334
0.0801762
-0.0166178
-0.0200792
0.0178753
0.0524743
-0.0950729
0.282943
-0.0857695
-0.0436847
0.0258209
-0.0363569
0.0012674
-0.0272168
-0.0139534
0.10243
0.0741742
0.000102209
-0.0100565
0.0593571
0.0536731
-0.107429
-0.0282267
-0.0546309
0.0533048
0.0384486
0.0377001
0.00929845
-0.0389669
0.073678
-0.0432421
0.043641
0.00613455
0.0533075
-0.12942
0.00482942
-0.127953
0.0347387
0.0755659
-0.0305608
0.0679179
-0.00376154
0.0763542
-0.223101
0.0213461
0.0174972
0.0938923
0.0299071
0.0741386
0.227658
-0.0526207
0.0686388
0.201952
-0.0937974
-0.879677
-0.222202
-0.0130455
0.0708713
-0.0325151
-0.0684971
-0.244855
-0.0603045
-0.0118987
-0.101042
0.0862723
-0.00734251
-0.0161839
-0.0601168
-0.496935
0.00802272
0.00976119
0.0253341
0.0315013
-0.129056
-0.0593837
-0.0589139
0.195558
-0.0375881
0.0246657
0.449774
0.0719739
-0.0373855
0.0574954
0.109119
-0.0416655
0.102544
0.0410021
0.0225827
0.067798
0.13605
0.0015459
-0.0163623
0.0329602
-0.0514233
0.03568
-0.0231073
-0.101386
-0.0345259
0.0806994
0.0135635
0.0545396
0.121531
-0.0131799
0.0552356
0.113458
0.0307973
0.000691076
0.217438
0.0197278
-0.000590805
0.0393102
0.0193134
0.169512
-0.00783016
0.0218984
-0.0416854
0.158579
0.0351918
0.0204336
-0.103383
-0.0293485
-0.00943383
0.0584776
0.0750924
-0.0203158
0.0820258
0.0354794
0.0664761
-0.0221588
-0.0475938
-0.0442462
0.0207355
0.0991662
0.0659676
0.114245
0.0016165
-0.0226334
0.126375
0.0275452
0.00106294
-0.0361966
-0.0614981
0.700838
-0.0509398
0.350036
0.0326265
-0.041052
0.0934703
-0.0194767
0.166484
0.05108
0.0791668
-0.0856088
-0.102231
0.0973566
0.0260447
0.0630022
0.0222595
-0.0422748
0.00579662
-0.0335334
-0.0230054
-0.163757
0.00815409
0.112741
0.0495087
-0.0468615
0.106109
0.0262917
0.0301295
0.0382574
-0.125057
0.0376415
0.0252449
0.0348557
0.0280372
0.0254308
0.0267347
-0.00622128
-0.088677
0.0371377
-0.0293938
0.451619
0.000256125
-0.0950066
0.10288
-0.0246526
-0.176488
0.0540771
-0.031575
0.0152793
-0.0197166
0.070446
-0.0513917
-0.19349
0.00107585
-0.0202618
0.0171346
0.0159262
0.00827202
0.0439159
0.0654987
-0.148081
0.0253529
-0.0119143
-0.00856185
0.0675908
0.161869
-0.0121887
0.0778935
0.000480442
-0.0126649
-0.0528642
0.115157
0.00132533
0.0363205
0.101619
-0.0835254
0.0383568
-0.0754258
-0.0532962
0.104616
-0.0167877
-0.0069915
-0.0124982
0.177927
-0.00639122
-0.069362
0.0620635
0.10157
0.0682691
0.139955
0.503959
-0.0500878
-0.00562816
0.099689
-0.382317
-0.019843
-0.0226232
0.0384475
0.125631
0.0766116
-0.0720238
0.0197382
0.0204675
-0.0295016
0.338382
-0.00249594
-0.0400897
0.0409765
0.0241551
0.0251512
0.0476765
0.0962788
0.0322747
0.049763
-0.0227706
0.0289042
0.000257569
0.0331478
0.0705344
0.059586
-0.180937
0.268804
-0.0165975
0.0693486
0.0678044
0.00379483
0.0339574
0.141217
0.0235802
0.0411229
0.0475996
0.0504232
0.0242814
0.00319237
-0.0316665
-0.00190674
-0.171155
0.0340397
0.0421288
-0.0350711
-0.0445272
-0.104466
-0.0923031
-0.00917998
0.14321
-0.0766946
0.0706623
0.483752
-0.0613673
-0.0292486
-0.0168438
0.025012
-0.0268141
0.0034548
0.0614634
0.103185
-0.0963921
-0.0308981
0.022728
-0.00762858
-0.131388
0.0304789
-0.00559541
0.0302246
-0.0202835
-0.0249044
-0.237387
0.0953319
0.0209096
0.0479302
-0.00361186
-0.0505953
-0.00223359
-0.71085
-0.0365755
0.0777913
0.0356349
-0.0111769
-0.00686884
-0.0481195
-0.035146
0.0134434
0.005112
0.000244864
-0.0149273
-0.219564
0.135419
0.0510072
0.0293905
-0.125352
0.00173038
-0.0537955
-0.103981
-0.0464571
0.0812478
-0.0564029
-0.0627299
-0.0570597
-0.0244893
0.0112609
0.217686
0.0385968
0.047797
0.00269814
-0.0409114
-0.0300674
0.0363415
0.11235
0.0840405
0.132529
0.166356
0.413882
0.0327607
0.0203914
0.132574
-0.00112874
0.0448958
0.156067
-0.35006
0.0983057
-0.0771849
0.0180763
-0.0776248
-0.0640943
0.0580435
0.024842
0.0268943
0.162992
-0.0178137
-0.0238562
0.00415167
0.071115
-0.0309162
-0.0125218
0.0986458
0.0674276
0.00943671
0.0379827
0.626346
-0.0238408
0.073267
-0.0120758
0.00519138
-0.0408237
0.0132313
0.266783
-0.0597496
0.153793
-0.0558385
-0.0972639
-0.0940259
-0.0527238
0.0670988
0.0455084
-0.0857331
0.0562804
-0.0097968
0.0132912
0.0120335
-0.108021
-0.112244
0.0134849
0.0187175
0.00294232
-0.0108929
0.0518894
-0.0338256
0.0242889
0.48554
0.1926
0.189128
0.0448327
-0.0618528
-0.240582
-0.0246145
-0.176929
-0.036741
-0.0780153
0.0564481
0.0767671
0.0894574
0.108599
0.0576537
-0.0194915
-0.0246219
0.00883964
0.238417
0.128862
0.12838
-0.148705
-0.0924027
0.573806
0.0099247
0.0393191
0.0255157
0.0107959
0.0989131
-0.0985922
0.19386
-0.0665575
-0.10204
-0.0312449
0.0231237
-0.1324
-0.0295198
-0.0435262
0.0785144
0.264899
-0.0619337
0.20353
-0.0391006
-0.0442908
-0.0323345
-0.0638765
0.104786
0.204988
0.102277
-0.0187962
0.032899
-0.0111524
0.0978952
-0.0360576
0.0495684
0.0253013
0.016772
0.133445
-0.0584724
-0.0804294
0.0189035
-0.00718268
0.000805806
-0.0527744
0.00155557
-0.153537
-0.0444525
-0.0638794
0.0558082
-0.0268064
-0.0188102
0.00480636
0.0303469
0.0613255
0.0592335
0.0688732
-0.0722824
0.0604118
0.0241528
0.00620602
-0.00732062
-0.0156344
0.00705499
-0.0181475
-0.0506541
0.114404
-0.0454137
0.00309269
-0.0131507
0.0442028
0.185882
0.0700319
0.0432163
0.702296
-0.0749493
-0.126525
-0.273069
-0.015874
-0.430241
0.0139723
0.0673679
-0.0591303
-0.00533165
0.0436976
-0.000652342
0.0274746
-0.0390935
-0.0151383
-0.146607
0.00188692
0.0127353
-0.266961
-0.135987
-0.157235
-0.0798964
-0.0198582
0.0762132
-0.00370771
-0.0598617
0.0898393
0.400853
