0.1 1.125 0.585346
0.1 3.375 0.596086
0.1 5.625 0.573914
0.1 7.875 0.507067
0.1 10.125 0.567251
0.1 12.375 0.516168
0.1 14.625 0.568047
0.1 16.875 0.465671
0.1 19.125 0.564921
0.1 21.375 0.509129
0.1 23.625 0.555785
0.1 25.875 0.540763
0.1 28.125 0.524316
0.1 30.375 0.586844
0.1 32.625 0.581598
0.1 34.875 0.601618
0.1 37.125 0.581523
0.1 39.375 0.601316
0.1 41.625 0.584389
0.1 43.875 0.586923
0.3 1.125 0.554273
0.3 3.375 0.558441
0.3 5.625 0.556829
0.3 7.875 0.543599
0.3 10.125 0.568741
0.3 12.375 0.568402
0.3 14.625 0.565402
0.3 16.875 0.568539
0.3 19.125 0.576942
0.3 21.375 0.573244
0.3 23.625 0.575153
0.3 25.875 0.575955
0.3 28.125 0.564827
0.3 30.375 0.571021
0.3 32.625 0.571162
0.3 34.875 0.577025
0.3 37.125 0.564779
0.3 39.375 0.5728
0.3 41.625 0.560484
0.3 43.875 0.548646
0.5 1.125 0.546197
0.5 3.375 0.556643
0.5 5.625 0.547449
0.5 7.875 0.565559
0.5 10.125 0.566389
0.5 12.375 0.551607
0.5 14.625 0.540698
0.5 16.875 0.558429
0.5 19.125 0.538702
0.5 21.375 0.556909
0.5 23.625 0.549678
0.5 25.875 0.554348
0.5 28.125 0.553307
0.5 30.375 0.563886
0.5 32.625 0.553395
0.5 34.875 0.541543
0.5 37.125 0.547569
0.5 39.375 0.537447
0.5 41.625 0.532543
0.5 43.875 0.549094
0.7 1.125 0.535213
0.7 3.375 0.519817
0.7 5.625 0.528014
0.7 7.875 0.527496
0.7 10.125 0.531618
0.7 12.375 0.528449
0.7 14.625 0.522918
0.7 16.875 0.52537
0.7 19.125 0.51909
0.7 21.375 0.527739
0.7 23.625 0.515752
0.7 25.875 0.52461
0.7 28.125 0.525455
0.7 30.375 0.523702
0.7 32.625 0.505096
0.7 34.875 0.507492
0.7 37.125 0.529836
0.7 39.375 0.523832
0.7 41.625 0.513055
0.7 43.875 0.512729
0.9 1.125 0.466155
0.9 3.375 0.46337
0.9 5.625 0.467678
0.9 7.875 0.472253
0.9 10.125 0.468634
0.9 12.375 0.466423
0.9 14.625 0.448893
0.9 16.875 0.469642
0.9 19.125 0.460829
0.9 21.375 0.461161
0.9 23.625 0.465433
0.9 25.875 0.462085
0.9 28.125 0.467289
0.9 30.375 0.485429
0.9 32.625 0.44956
0.9 34.875 0.469719
0.9 37.125 0.468859
0.9 39.375 0.469418
0.9 41.625 0.460493
0.9 43.875 0.45891
1.1 1.125 0.370258
1.1 3.375 0.372085
1.1 5.625 0.381432
1.1 7.875 0.365586
1.1 10.125 0.373364
1.1 12.375 0.37184
1.1 14.625 0.374022
1.1 16.875 0.389007
1.1 19.125 0.372308
1.1 21.375 0.383913
1.1 23.625 0.384993
1.1 25.875 0.387277
1.1 28.125 0.395176
1.1 30.375 0.415015
1.1 32.625 0.398564
1.1 34.875 0.419935
1.1 37.125 0.398975
1.1 39.375 0.421549
1.1 41.625 0.424712
1.1 43.875 0.428481
1.3 1.125 0.243856
1.3 3.375 0.24841
1.3 5.625 0.241884
1.3 7.875 0.265082
1.3 10.125 0.249923
1.3 12.375 0.277443
1.3 14.625 0.26427
1.3 16.875 0.275842
1.3 19.125 0.263998
1.3 21.375 0.282883
1.3 23.625 0.304436
1.3 25.875 0.288681
1.3 28.125 0.318148
1.3 30.375 0.331287
1.3 32.625 0.32256
1.3 34.875 0.331154
1.3 37.125 0.358086
1.3 39.375 0.324656
1.3 41.625 0.34691
1.3 43.875 0.34582
1.5 1.125 0.141337
1.5 3.375 0.150388
1.5 5.625 0.148448
1.5 7.875 0.157847
1.5 10.125 0.155259
1.5 12.375 0.156444
1.5 14.625 0.163385
1.5 16.875 0.175435
1.5 19.125 0.181357
1.5 21.375 0.172841
1.5 23.625 0.193786
1.5 25.875 0.188243
1.5 28.125 0.198391
1.5 30.375 0.208668
1.5 32.625 0.229103
1.5 34.875 0.221573
1.5 37.125 0.247148
1.5 39.375 0.246845
1.5 41.625 0.248688
1.5 43.875 0.241956
1.7 1.125 0.0841274
1.7 3.375 0.0827765
1.7 5.625 0.0868108
1.7 7.875 0.0928014
1.7 10.125 0.0923714
1.7 12.375 0.0969473
1.7 14.625 0.103008
1.7 16.875 0.106615
1.7 19.125 0.107227
1.7 21.375 0.116137
1.7 23.625 0.125654
1.7 25.875 0.110032
1.7 28.125 0.11503
1.7 30.375 0.134514
1.7 32.625 0.144691
1.7 34.875 0.144085
1.7 37.125 0.138052
1.7 39.375 0.172608
1.7 41.625 0.151471
1.7 43.875 0.160666
1.9 1.125 0.0540634
1.9 3.375 0.0514331
1.9 5.625 0.0579016
1.9 7.875 0.0550909
1.9 10.125 0.0570723
1.9 12.375 0.0658812
1.9 14.625 0.0653692
1.9 16.875 0.0690227
1.9 19.125 0.0727241
1.9 21.375 0.0696001
1.9 23.625 0.0682426
1.9 25.875 0.0667997
1.9 28.125 0.0813563
1.9 30.375 0.0811847
1.9 32.625 0.0799108
1.9 34.875 0.09338
1.9 37.125 0.0883847
1.9 39.375 0.0968054
1.9 41.625 0.107324
1.9 43.875 0.109739
2.1 1.125 0.0347788
2.1 3.375 0.0322152
2.1 5.625 0.0324027
2.1 7.875 0.0344654
2.1 10.125 0.0356105
2.1 12.375 0.0392767
2.1 14.625 0.0394569
2.1 16.875 0.042437
2.1 19.125 0.0454948
2.1 21.375 0.0428502
2.1 23.625 0.0423191
2.1 25.875 0.050542
2.1 28.125 0.0502346
2.1 30.375 0.0535936
2.1 32.625 0.0594981
2.1 34.875 0.0570431
2.1 37.125 0.0609962
2.1 39.375 0.0621977
2.1 41.625 0.0648906
2.1 43.875 0.0688705
2.3 1.125 0.0194166
2.3 3.375 0.0210748
2.3 5.625 0.0231547
2.3 7.875 0.0232156
2.3 10.125 0.0228128
2.3 12.375 0.023144
2.3 14.625 0.024834
2.3 16.875 0.0251469
2.3 19.125 0.0301993
2.3 21.375 0.0307282
2.3 23.625 0.0328066
2.3 25.875 0.0305935
2.3 28.125 0.0373608
2.3 30.375 0.0385268
2.3 32.625 0.0368285
2.3 34.875 0.0367565
2.3 37.125 0.0416317
2.3 39.375 0.0446863
2.3 41.625 0.0406967
2.3 43.875 0.0441889
2.5 1.125 0.0130951
2.5 3.375 0.0135912
2.5 5.625 0.0145309
2.5 7.875 0.014331
2.5 10.125 0.0126775
2.5 12.375 0.0129484
2.5 14.625 0.0135101
2.5 16.875 0.0141757
2.5 19.125 0.0153569
2.5 21.375 0.0163683
2.5 23.625 0.0195058
2.5 25.875 0.0208743
2.5 28.125 0.0224056
2.5 30.375 0.0235048
2.5 32.625 0.0247644
2.5 34.875 0.0271446
2.5 37.125 0.0285967
2.5 39.375 0.0295224
2.5 41.625 0.0278329
2.5 43.875 0.0274633
2.7 1.125 0.0112336
2.7 3.375 0.0107751
2.7 5.625 0.012048
2.7 7.875 0.010543
2.7 10.125 0.0103715
2.7 12.375 0.01057
2.7 14.625 0.0107764
2.7 16.875 0.0104513
2.7 19.125 0.0111469
2.7 21.375 0.0111651
2.7 23.625 0.0118343
2.7 25.875 0.0135419
2.7 28.125 0.0139888
2.7 30.375 0.0149256
2.7 32.625 0.0168439
2.7 34.875 0.0163796
2.7 37.125 0.0165726
2.7 39.375 0.0174928
2.7 41.625 0.01688
2.7 43.875 0.0174916
2.9 1.125 0.00956145
2.9 3.375 0.00883122
2.9 5.625 0.00743581
2.9 7.875 0.00981848
2.9 10.125 0.00825377
2.9 12.375 0.00791526
2.9 14.625 0.00817305
2.9 16.875 0.00865947
2.9 19.125 0.00952546
2.9 21.375 0.0105271
2.9 23.625 0.00904433
2.9 25.875 0.00958727
2.9 28.125 0.0107632
2.9 30.375 0.0101573
2.9 32.625 0.0107546
2.9 34.875 0.0111295
2.9 37.125 0.0124122
2.9 39.375 0.0126441
2.9 41.625 0.0131331
2.9 43.875 0.0137854
3.1 1.125 0.00792882
3.1 3.375 0.00827907
3.1 5.625 0.00752946
3.1 7.875 0.00770704
3.1 10.125 0.00706499
3.1 12.375 0.00730893
3.1 14.625 0.00718894
3.1 16.875 0.0077262
3.1 19.125 0.00702697
3.1 21.375 0.00822531
3.1 23.625 0.00767891
3.1 25.875 0.00875665
3.1 28.125 0.00832145
3.1 30.375 0.00802762
3.1 32.625 0.00856118
3.1 34.875 0.00876948
3.1 37.125 0.00803235
3.1 39.375 0.0092472
3.1 41.625 0.00959701
3.1 43.875 0.0110176
3.3 1.125 0.00701607
3.3 3.375 0.0074114
3.3 5.625 0.0065559
3.3 7.875 0.00619338
3.3 10.125 0.00990015
3.3 12.375 0.00587115
3.3 14.625 0.00685263
3.3 16.875 0.00734189
3.3 19.125 0.00760819
3.3 21.375 0.00661187
3.3 23.625 0.00725855
3.3 25.875 0.00708232
3.3 28.125 0.00788875
3.3 30.375 0.00714718
3.3 32.625 0.00724571
3.3 34.875 0.00867541
3.3 37.125 0.00752223
3.3 39.375 0.00784345
3.3 41.625 0.0079695
3.3 43.875 0.00844435
3.5 1.125 0.00605691
3.5 3.375 0.00570652
3.5 5.625 0.00679453
3.5 7.875 0.00728203
3.5 10.125 0.00601517
3.5 12.375 0.00528994
3.5 14.625 0.0061098
3.5 16.875 0.0057034
3.5 19.125 0.00578447
3.5 21.375 0.00606628
3.5 23.625 0.00592393
3.5 25.875 0.00664033
3.5 28.125 0.0061783
3.5 30.375 0.00582861
3.5 32.625 0.00634149
3.5 34.875 0.00686265
3.5 37.125 0.0063737
3.5 39.375 0.00646072
3.5 41.625 0.00662398
3.5 43.875 0.00591462
3.7 1.125 0.00672448
3.7 3.375 0.00573263
3.7 5.625 0.00532196
3.7 7.875 0.00601894
3.7 10.125 0.00530723
3.7 12.375 0.00596751
3.7 14.625 0.00550727
3.7 16.875 0.00627834
3.7 19.125 0.00600386
3.7 21.375 0.00654705
3.7 23.625 0.00620056
3.7 25.875 0.00598634
3.7 28.125 0.00685753
3.7 30.375 0.00561657
3.7 32.625 0.00582872
3.7 34.875 0.00597599
3.7 37.125 0.00577068
3.7 39.375 0.00598537
3.7 41.625 0.00596035
3.7 43.875 0.00520505
3.9 1.125 0.0054384
3.9 3.375 0.00536261
3.9 5.625 0.00468248
3.9 7.875 0.00460132
3.9 10.125 0.00482924
3.9 12.375 0.00461459
3.9 14.625 0.00589945
3.9 16.875 0.00540581
3.9 19.125 0.00565105
3.9 21.375 0.0047232
3.9 23.625 0.00644171
3.9 25.875 0.00518156
3.9 28.125 0.00607865
3.9 30.375 0.00522868
3.9 32.625 0.00548046
3.9 34.875 0.0053831
3.9 37.125 0.00583951
3.9 39.375 0.00479251
3.9 41.625 0.00489054
3.9 43.875 0.00472745
4.1 1.125 0.00558603
4.1 3.375 0.00508727
4.1 5.625 0.0047991
4.1 7.875 0.0046741
4.1 10.125 0.00492505
4.1 12.375 0.00497829
4.1 14.625 0.00498204
4.1 16.875 0.00565988
4.1 19.125 0.00471314
4.1 21.375 0.00570841
4.1 23.625 0.00473308
4.1 25.875 0.00521446
4.1 28.125 0.00497532
4.1 30.375 0.00477671
4.1 32.625 0.00498528
4.1 34.875 0.00455881
4.1 37.125 0.0047191
4.1 39.375 0.00424128
4.1 41.625 0.00467949
4.1 43.875 0.0043586
4.3 1.125 0.00418305
4.3 3.375 0.00427716
4.3 5.625 0.00424773
4.3 7.875 0.00574423
4.3 10.125 0.00464973
4.3 12.375 0.00433807
4.3 14.625 0.00442311
4.3 16.875 0.00375594
4.3 19.125 0.00440812
4.3 21.375 0.00443925
4.3 23.625 0.00512325
4.3 25.875 0.0047916
4.3 28.125 0.00480586
4.3 30.375 0.00496774
4.3 32.625 0.00500571
4.3 34.875 0.0038607
4.3 37.125 0.00422479
4.3 39.375 0.00435299
4.3 41.625 0.00413257
4.3 43.875 0.0037852
4.5 1.125 0.00547922
4.5 3.375 0.00392726
4.5 5.625 0.00383784
4.5 7.875 0.00429115
4.5 10.125 0.00406314
4.5 12.375 0.00474211
4.5 14.625 0.00448248
4.5 16.875 0.00433493
4.5 19.125 0.00508577
4.5 21.375 0.00479872
4.5 23.625 0.00438157
4.5 25.875 0.0046675
4.5 28.125 0.00423435
4.5 30.375 0.00457525
4.5 32.625 0.0041298
4.5 34.875 0.00379224
4.5 37.125 0.00393886
4.5 39.375 0.00428107
4.5 41.625 0.00357983
4.5 43.875 0.00331297
4.7 1.125 0.00369337
4.7 3.375 0.00368852
4.7 5.625 0.00332757
4.7 7.875 0.0039136
4.7 10.125 0.00410102
4.7 12.375 0.00424552
4.7 14.625 0.00642948
4.7 16.875 0.0041574
4.7 19.125 0.00448017
4.7 21.375 0.00460983
4.7 23.625 0.00462748
4.7 25.875 0.00397545
4.7 28.125 0.00426745
4.7 30.375 0.0039825
4.7 32.625 0.00393633
4.7 34.875 0.00382275
4.7 37.125 0.00333959
4.7 39.375 0.00367703
4.7 41.625 0.00346354
4.7 43.875 0.00384712
4.9 1.125 0.00362656
4.9 3.375 0.00341995
4.9 5.625 0.00321592
4.9 7.875 0.0035934
4.9 10.125 0.00342729
4.9 12.375 0.00350637
4.9 14.625 0.0036887
4.9 16.875 0.00394315
4.9 19.125 0.00361413
4.9 21.375 0.00386041
4.9 23.625 0.00441135
4.9 25.875 0.00357863
4.9 28.125 0.00401122
4.9 30.375 0.00365598
4.9 32.625 0.0035978
4.9 34.875 0.00417491
4.9 37.125 0.00358238
4.9 39.375 0.00309281
4.9 41.625 0.00415331
4.9 43.875 0.00377122
5.1 1.125 0.00308113
5.1 3.375 0.00466422
5.1 5.625 0.00312987
5.1 7.875 0.0031011
5.1 10.125 0.00468804
5.1 12.375 0.00352303
5.1 14.625 0.00488744
5.1 16.875 0.00409158
5.1 19.125 0.00371047
5.1 21.375 0.00345983
5.1 23.625 0.0034471
5.1 25.875 0.00380019
5.1 28.125 0.00338411
5.1 30.375 0.00359698
5.1 32.625 0.00377715
5.1 34.875 0.00377739
5.1 37.125 0.00375171
5.1 39.375 0.00368703
5.1 41.625 0.00340995
5.1 43.875 0.00371172
5.3 1.125 0.00285409
5.3 3.375 0.00309281
5.3 5.625 0.00280796
5.3 7.875 0.00289732
5.3 10.125 0.00274355
5.3 12.375 0.00317167
5.3 14.625 0.00283974
5.3 16.875 0.00312964
5.3 19.125 0.00334638
5.3 21.375 0.00477228
5.3 23.625 0.00310519
5.3 25.875 0.00363019
5.3 28.125 0.00324498
5.3 30.375 0.00351392
5.3 32.625 0.00298495
5.3 34.875 0.00520547
5.3 37.125 0.00314793
5.3 39.375 0.00288332
5.3 41.625 0.00310435
5.3 43.875 0.00328002
5.5 1.125 0.00305054
5.5 3.375 0.00284073
5.5 5.625 0.0029366
5.5 7.875 0.00294644
5.5 10.125 0.00284953
5.5 12.375 0.00300862
5.5 14.625 0.00288168
5.5 16.875 0.00287888
5.5 19.125 0.00350999
5.5 21.375 0.00324444
5.5 23.625 0.00282622
5.5 25.875 0.0028067
5.5 28.125 0.00438451
5.5 30.375 0.00323049
5.5 32.625 0.00321582
5.5 34.875 0.00309925
5.5 37.125 0.00323388
5.5 39.375 0.00288984
5.5 41.625 0.00319466
5.5 43.875 0.00286972
5.7 1.125 0.00318956
5.7 3.375 0.0026644
5.7 5.625 0.00667047
5.7 7.875 0.00277529
5.7 10.125 0.00266405
5.7 12.375 0.00265287
5.7 14.625 0.00323479
5.7 16.875 0.00271555
5.7 19.125 0.0031664
5.7 21.375 0.00559557
5.7 23.625 0.0029871
5.7 25.875 0.00272469
5.7 28.125 0.00342902
5.7 30.375 0.00402711
5.7 32.625 0.00317713
5.7 34.875 0.00331351
5.7 37.125 0.0030563
5.7 39.375 0.00319055
5.7 41.625 0.00287729
5.7 43.875 0.00350989
5.9 1.125 0.00316576
5.9 3.375 0.00281199
5.9 5.625 0.00279339
5.9 7.875 0.00221005
5.9 10.125 0.00784008
5.9 12.375 0.00455643
5.9 14.625 0.00263536
5.9 16.875 0.00283752
5.9 19.125 0.00273342
5.9 21.375 0.00339071
5.9 23.625 0.00270597
5.9 25.875 0.00289763
5.9 28.125 0.00294716
5.9 30.375 0.00268613
5.9 32.625 0.00289097
5.9 34.875 0.00290705
5.9 37.125 0.00286363
5.9 39.375 0.00281036
5.9 41.625 0.00361448
5.9 43.875 0.00313138
6.1 1.125 0.0028101
6.1 3.375 0.00251647
6.1 5.625 0.00267972
6.1 7.875 0.00228957
6.1 10.125 0.00263938
6.1 12.375 0.00264948
6.1 14.625 0.00255372
6.1 16.875 0.00288211
6.1 19.125 0.00334124
6.1 21.375 0.00282273
6.1 23.625 0.00296105
6.1 25.875 0.00260838
6.1 28.125 0.00264228
6.1 30.375 0.00275291
6.1 32.625 0.00286429
6.1 34.875 0.00253391
6.1 37.125 0.00270404
6.1 39.375 0.00332699
6.1 41.625 0.00266444
6.1 43.875 0.00323009
6.3 1.125 0.00252491
6.3 3.375 0.00299669
6.3 5.625 0.00252117
6.3 7.875 0.00250831
6.3 10.125 0.010166
6.3 12.375 0.00402153
6.3 14.625 0.00274094
6.3 16.875 0.00317292
6.3 19.125 0.00283942
6.3 21.375 0.00297408
6.3 23.625 0.00282608
6.3 25.875 0.00289281
6.3 28.125 0.0025589
6.3 30.375 0.00292164
6.3 32.625 0.00245586
6.3 34.875 0.00280618
6.3 37.125 0.00306149
6.3 39.375 0.00285837
6.3 41.625 0.00290757
6.3 43.875 0.0027545
6.5 1.125 0.00342678
6.5 3.375 0.00290197
6.5 5.625 0.00270606
6.5 7.875 0.00247454
6.5 10.125 0.00288426
6.5 12.375 0.00302671
6.5 14.625 0.002863
6.5 16.875 0.00278984
6.5 19.125 0.0032558
6.5 21.375 0.00268494
6.5 23.625 0.00271656
6.5 25.875 0.002449
6.5 28.125 0.00350337
6.5 30.375 0.00265594
6.5 32.625 0.00227945
6.5 34.875 0.00273384
6.5 37.125 0.00225874
6.5 39.375 0.00251077
6.5 41.625 0.00267386
6.5 43.875 0.00264784
6.7 1.125 0.00291203
6.7 3.375 0.00267021
6.7 5.625 0.00302798
6.7 7.875 0.00283416
6.7 10.125 0.00272337
6.7 12.375 0.00257663
6.7 14.625 0.00273823
6.7 16.875 0.00251116
6.7 19.125 0.002986
6.7 21.375 0.00300009
6.7 23.625 0.00272693
6.7 25.875 0.00249601
6.7 28.125 0.00272182
6.7 30.375 0.00260034
6.7 32.625 0.00268063
6.7 34.875 0.00261819
6.7 37.125 0.00248729
6.7 39.375 0.00241815
6.7 41.625 0.00265086
6.7 43.875 0.00286198
6.9 1.125 0.00255213
6.9 3.375 0.00287145
6.9 5.625 0.00268491
6.9 7.875 0.00305908
6.9 10.125 0.00286118
6.9 12.375 0.0026945
6.9 14.625 0.00267175
6.9 16.875 0.00247038
6.9 19.125 0.00273017
6.9 21.375 0.00255783
6.9 23.625 0.00228624
6.9 25.875 0.00260751
6.9 28.125 0.00242174
6.9 30.375 0.00266991
6.9 32.625 0.00207417
6.9 34.875 0.00243411
6.9 37.125 0.0026557
6.9 39.375 0.00248261
6.9 41.625 0.00317176
6.9 43.875 0.00253715
7.1 1.125 0.00261477
7.1 3.375 0.00239707
7.1 5.625 0.00251035
7.1 7.875 0.00301208
7.1 10.125 0.00290389
7.1 12.375 0.00219732
7.1 14.625 0.0028934
7.1 16.875 0.00247708
7.1 19.125 0.00268599
7.1 21.375 0.00240366
7.1 23.625 0.00254333
7.1 25.875 0.00318091
7.1 28.125 0.00305797
7.1 30.375 0.00252717
7.1 32.625 0.00230599
7.1 34.875 0.00230679
7.1 37.125 0.00242588
7.1 39.375 0.00293677
7.1 41.625 0.00225621
7.1 43.875 0.00253653
7.3 1.125 0.00550629
7.3 3.375 0.00254367
7.3 5.625 0.00249506
7.3 7.875 0.00237815
7.3 10.125 0.0024492
7.3 12.375 0.00230881
7.3 14.625 0.00251535
7.3 16.875 0.0025272
7.3 19.125 0.00260497
7.3 21.375 0.00226103
7.3 23.625 0.00280371
7.3 25.875 0.00237387
7.3 28.125 0.00217397
7.3 30.375 0.00268464
7.3 32.625 0.00310377
7.3 34.875 0.00259987
7.3 37.125 0.0023243
7.3 39.375 0.00267421
7.3 41.625 0.00247486
7.3 43.875 0.0053952
7.5 1.125 0.00563169
7.5 3.375 0.00220441
7.5 5.625 0.00211063
7.5 7.875 0.00234675
7.5 10.125 0.00279598
7.5 12.375 0.00586689
7.5 14.625 0.00259147
7.5 16.875 0.00247451
7.5 19.125 0.00253094
7.5 21.375 0.00255758
7.5 23.625 0.00261186
7.5 25.875 0.00227623
7.5 28.125 0.00286628
7.5 30.375 0.00248434
7.5 32.625 0.00236336
7.5 34.875 0.00231138
7.5 37.125 0.00237097
7.5 39.375 0.0024689
7.5 41.625 0.00217349
7.5 43.875 0.00242241
7.7 1.125 0.0022245
7.7 3.375 0.00232477
7.7 5.625 0.00226189
7.7 7.875 0.00213461
7.7 10.125 0.0025483
7.7 12.375 0.00247847
7.7 14.625 0.00239727
7.7 16.875 0.00235398
7.7 19.125 0.00260015
7.7 21.375 0.00238415
7.7 23.625 0.0038273
7.7 25.875 0.00239223
7.7 28.125 0.00220528
7.7 30.375 0.00230177
7.7 32.625 0.00269679
7.7 34.875 0.00235833
7.7 37.125 0.00267614
7.7 39.375 0.00276375
7.7 41.625 0.00214894
7.7 43.875 0.00303199
7.9 1.125 0.00247009
7.9 3.375 0.0021011
7.9 5.625 0.00238509
7.9 7.875 0.00209591
7.9 10.125 0.00269448
7.9 12.375 0.00202617
7.9 14.625 0.00263626
7.9 16.875 0.00239287
7.9 19.125 0.00330076
7.9 21.375 0.00250003
7.9 23.625 0.00198771
7.9 25.875 0.00235461
7.9 28.125 0.00259705
7.9 30.375 0.00250955
7.9 32.625 0.00242856
7.9 34.875 0.00306616
7.9 37.125 0.00234159
7.9 39.375 0.00208505
7.9 41.625 0.00210836
7.9 43.875 0.00247329
8.1 1.125 0.0024539
8.1 3.375 0.00224523
8.1 5.625 0.00228606
8.1 7.875 0.00335454
8.1 10.125 0.00847705
8.1 12.375 0.00232965
8.1 14.625 0.00206443
8.1 16.875 0.00278904
8.1 19.125 0.00225008
8.1 21.375 0.00232578
8.1 23.625 0.00246678
8.1 25.875 0.0027936
8.1 28.125 0.00240083
8.1 30.375 0.00289551
8.1 32.625 0.00237699
8.1 34.875 0.0025699
8.1 37.125 0.00186818
8.1 39.375 0.00227757
8.1 41.625 0.00201912
8.1 43.875 0.0025965
8.3 1.125 0.00270228
8.3 3.375 0.00537098
8.3 5.625 0.00377353
8.3 7.875 0.00240834
8.3 10.125 0.00164976
8.3 12.375 0.0026898
8.3 14.625 0.00195952
8.3 16.875 0.00290994
8.3 19.125 0.00239993
8.3 21.375 0.0022833
8.3 23.625 0.00232296
8.3 25.875 0.00192229
8.3 28.125 0.00261982
8.3 30.375 0.00263847
8.3 32.625 0.00236589
8.3 34.875 0.00220218
8.3 37.125 0.00414611
8.3 39.375 0.0022228
8.3 41.625 0.00173652
8.3 43.875 0.00269154
8.5 1.125 0.0023522
8.5 3.375 0.00237842
8.5 5.625 0.0019219
8.5 7.875 0.00222043
8.5 10.125 0.0022003
8.5 12.375 0.0047491
8.5 14.625 0.0025904
8.5 16.875 0.002487
8.5 19.125 0.00239658
8.5 21.375 0.00208091
8.5 23.625 0.00221852
8.5 25.875 0.00260599
8.5 28.125 0.00201415
8.5 30.375 0.00221415
8.5 32.625 0.00259217
8.5 34.875 0.00265067
8.5 37.125 0.00258889
8.5 39.375 0.00199805
8.5 41.625 0.00253057
8.5 43.875 0.00224822
8.7 1.125 0.00228703
8.7 3.375 0.00218854
8.7 5.625 0.00229988
8.7 7.875 0.00205496
8.7 10.125 0.00240204
8.7 12.375 0.0019073
8.7 14.625 0.00280503
8.7 16.875 0.00221205
8.7 19.125 0.0121985
8.7 21.375 0.0119481
8.7 23.625 0.00229678
8.7 25.875 0.00247102
8.7 28.125 0.00216323
8.7 30.375 0.00186576
8.7 32.625 0.00231338
8.7 34.875 0.00208502
8.7 37.125 0.00162313
8.7 39.375 0.00208996
8.7 41.625 0.00236174
8.7 43.875 0.00247524
8.9 1.125 0.00207868
8.9 3.375 0.00225093
8.9 5.625 0.00239004
8.9 7.875 0.00229992
8.9 10.125 0.00248623
8.9 12.375 0.00266614
8.9 14.625 0.00282437
8.9 16.875 0.00194793
8.9 19.125 0.00190923
8.9 21.375 0.00206928
8.9 23.625 0.00201475
8.9 25.875 0.00478412
8.9 28.125 0.00288461
8.9 30.375 0.00210934
8.9 32.625 0.00236943
8.9 34.875 0.002825
8.9 37.125 0.00244513
8.9 39.375 0.00233103
8.9 41.625 0.0123455
8.9 43.875 0.0019889
9.1 1.125 0.00256628
9.1 3.375 0.00232151
9.1 5.625 0.00274337
9.1 7.875 0.00231163
9.1 10.125 0.00277493
9.1 12.375 0.00206242
9.1 14.625 0.00218123
9.1 16.875 0.00218348
9.1 19.125 0.00182528
9.1 21.375 0.00219754
9.1 23.625 0.00245422
9.1 25.875 0.00169648
9.1 28.125 0.0163958
9.1 30.375 0.00301533
9.1 32.625 0.00220892
9.1 34.875 0.00224021
9.1 37.125 0.00231004
9.1 39.375 0.00250942
9.1 41.625 0.00221705
9.1 43.875 0.00253256
9.3 1.125 0.00282545
9.3 3.375 0.00217764
9.3 5.625 0.00204238
9.3 7.875 0.00163371
9.3 10.125 0.00294408
9.3 12.375 0.00211531
9.3 14.625 0.00214953
9.3 16.875 0.00232721
9.3 19.125 0.00304376
9.3 21.375 0.00271312
9.3 23.625 0.00225066
9.3 25.875 0.00293226
9.3 28.125 0.00308915
9.3 30.375 0.00234421
9.3 32.625 0.001936
9.3 34.875 0.00196638
9.3 37.125 0.00224616
9.3 39.375 0.00215106
9.3 41.625 0.00192407
9.3 43.875 0.00197625
9.5 1.125 0.00274865
9.5 3.375 0.00273196
9.5 5.625 0.00219726
9.5 7.875 0.00247843
9.5 10.125 0.00312603
9.5 12.375 0.00271032
9.5 14.625 0.00194724
9.5 16.875 0.00232788
9.5 19.125 0.00195944
9.5 21.375 0.00205512
9.5 23.625 0.00223326
9.5 25.875 0.00228953
9.5 28.125 0.0023615
9.5 30.375 0.00235489
9.5 32.625 0.00277913
9.5 34.875 0.00222241
9.5 37.125 0.00182616
9.5 39.375 0.00234444
9.5 41.625 0.00225101
9.5 43.875 0.00192642
9.7 1.125 0.00669505
9.7 3.375 0.00203326
9.7 5.625 0.00228372
9.7 7.875 0.0119721
9.7 10.125 0.00216605
9.7 12.375 0.00215551
9.7 14.625 0.00247899
9.7 16.875 0.00198473
9.7 19.125 0.00218954
9.7 21.375 0.00233255
9.7 23.625 0.00278461
9.7 25.875 0.00191838
9.7 28.125 0.00279614
9.7 30.375 0.00228237
9.7 32.625 0.00232767
9.7 34.875 0.00230313
9.7 37.125 0.015784
9.7 39.375 0.00228391
9.7 41.625 0.00189284
9.7 43.875 0.00240242
9.9 1.125 0.00236738
9.9 3.375 0.00255246
9.9 5.625 0.00187697
9.9 7.875 0.00241918
9.9 10.125 0.00249226
9.9 12.375 0.00233593
9.9 14.625 0.00193713
9.9 16.875 0.00240802
9.9 19.125 0.00244017
9.9 21.375 0.00225995
9.9 23.625 0.00226793
9.9 25.875 0.00240178
9.9 28.125 0.00272254
9.9 30.375 0.00180542
9.9 32.625 0.00250943
9.9 34.875 0.0075243
9.9 37.125 0.00180389
9.9 39.375 0.00243376
9.9 41.625 0.010996
9.9 43.875 0.00273289
10.1 1.125 0.00282034
10.1 3.375 0.00209973
10.1 5.625 0.00274179
10.1 7.875 0.00223014
10.1 10.125 0.00220778
10.1 12.375 0.00233614
10.1 14.625 0.00275612
10.1 16.875 0.00206624
10.1 19.125 0.00279252
10.1 21.375 0.00184242
10.1 23.625 0.00206389
10.1 25.875 0.00175925
10.1 28.125 0.00245981
10.1 30.375 0.00218915
10.1 32.625 0.00200291
10.1 34.875 0.00219146
10.1 37.125 0.00200099
10.1 39.375 0.00212141
10.1 41.625 0.00198013
10.1 43.875 0.00226454
10.3 1.125 0.0025748
10.3 3.375 0.00243802
10.3 5.625 0.00203886
10.3 7.875 0.00181242
10.3 10.125 0.00359324
10.3 12.375 0.00204076
10.3 14.625 0.00220741
10.3 16.875 0.00212871
10.3 19.125 0.00194306
10.3 21.375 0.00212467
10.3 23.625 0.00159884
10.3 25.875 0.00220027
10.3 28.125 0.0066934
10.3 30.375 0.00244616
10.3 32.625 0.00188676
10.3 34.875 0.00145033
10.3 37.125 0.00193762
10.3 39.375 0.00200656
10.3 41.625 0.00249806
10.3 43.875 0.00185932
10.5 1.125 0.00198938
10.5 3.375 0.00182302
10.5 5.625 0.00222194
10.5 7.875 0.00403082
10.5 10.125 0.00194497
10.5 12.375 0.00374248
10.5 14.625 0.00193138
10.5 16.875 0.0020001
10.5 19.125 0.00255163
10.5 21.375 0.0020893
10.5 23.625 0.00264254
10.5 25.875 0.00223757
10.5 28.125 0.00233345
10.5 30.375 0.00266522
10.5 32.625 0.0013483
10.5 34.875 0.00216457
10.5 37.125 0.00189529
10.5 39.375 0.0026286
10.5 41.625 0.00246716
10.5 43.875 0.00204432
10.7 1.125 0.00240935
10.7 3.375 0.00756937
10.7 5.625 0.00242101
10.7 7.875 0.00237901
10.7 10.125 0.00255768
10.7 12.375 0.00192349
10.7 14.625 0.00271166
10.7 16.875 0.00174812
10.7 19.125 0.00206828
10.7 21.375 0.00191455
10.7 23.625 0.0021011
10.7 25.875 0.00189017
10.7 28.125 0.00232962
10.7 30.375 0.00221893
10.7 32.625 0.00219616
10.7 34.875 0.00400575
10.7 37.125 0.00224302
10.7 39.375 0.0126002
10.7 41.625 0.0021388
10.7 43.875 0.0022249
10.9 1.125 0.00168174
10.9 3.375 0.00253235
10.9 5.625 0.00259946
10.9 7.875 0.0211434
10.9 10.125 0.00261663
10.9 12.375 0.00174179
10.9 14.625 0.00207269
10.9 16.875 0.00411705
10.9 19.125 0.00160663
10.9 21.375 0.00185521
10.9 23.625 0.00248027
10.9 25.875 0.00258254
10.9 28.125 0.00242328
10.9 30.375 0.00215744
10.9 32.625 0.00276538
10.9 34.875 0.00351247
10.9 37.125 0.00168795
10.9 39.375 0.00221428
10.9 41.625 0.00188033
10.9 43.875 0.00204407
11.1 1.125 0.00212721
11.1 3.375 0.00299751
11.1 5.625 0.00147841
11.1 7.875 0.00314606
11.1 10.125 0.00246257
11.1 12.375 0.00215943
11.1 14.625 0.00199914
11.1 16.875 0.00216934
11.1 19.125 0.0018098
11.1 21.375 0.00253018
11.1 23.625 0.00210076
11.1 25.875 0.00525903
11.1 28.125 0.0019034
11.1 30.375 0.00213878
11.1 32.625 0.00219189
11.1 34.875 0.00352267
11.1 37.125 0.00314995
11.1 39.375 0.00212494
11.1 41.625 0.0020867
11.1 43.875 0.00202968
11.3 1.125 0.00223015
11.3 3.375 0.00205357
11.3 5.625 0.00172055
11.3 7.875 0.00186146
11.3 10.125 0.00227993
11.3 12.375 0.00152179
11.3 14.625 0.00201162
11.3 16.875 0.00199508
11.3 19.125 0.00209115
11.3 21.375 0.00453256
11.3 23.625 0.00273214
11.3 25.875 0.00291418
11.3 28.125 0.00224304
11.3 30.375 0.00229995
11.3 32.625 0.00208739
11.3 34.875 0.00219028
11.3 37.125 0.00206565
11.3 39.375 0.00173794
11.3 41.625 0.00187875
11.3 43.875 0.00201176
11.5 1.125 0.00186334
11.5 3.375 0.00179369
11.5 5.625 0.00154085
11.5 7.875 0.00214472
11.5 10.125 0.00207133
11.5 12.375 0.00198324
11.5 14.625 0.00244081
11.5 16.875 0.00169627
11.5 19.125 0.00357618
11.5 21.375 0.00141948
11.5 23.625 0.0025173
11.5 25.875 0.00200023
11.5 28.125 0.00200068
11.5 30.375 0.00191808
11.5 32.625 0.00161921
11.5 34.875 0.00205908
11.5 37.125 0.00171909
11.5 39.375 0.00264899
11.5 41.625 0.00191257
11.5 43.875 0.00195949
11.7 1.125 0.00328634
11.7 3.375 0.00245978
11.7 5.625 0.00186041
11.7 7.875 0.00261837
11.7 10.125 0.00200533
11.7 12.375 0.0021629
11.7 14.625 0.00196501
11.7 16.875 0.00170465
11.7 19.125 0.00210815
11.7 21.375 0.00222357
11.7 23.625 0.00305224
11.7 25.875 0.00266015
11.7 28.125 0.00184871
11.7 30.375 0.00137431
11.7 32.625 0.00130993
11.7 34.875 0.00213201
11.7 37.125 0.00284919
11.7 39.375 0.00301439
11.7 41.625 0.00174233
11.7 43.875 0.00142714
11.9 1.125 0.001892
11.9 3.375 0.00217924
11.9 5.625 0.00236318
11.9 7.875 0.00212598
11.9 10.125 0.00220255
11.9 12.375 0.0027438
11.9 14.625 0.00259261
11.9 16.875 0.00328331
11.9 19.125 0.0018231
11.9 21.375 0.00235755
11.9 23.625 0.00184722
11.9 25.875 0.00208302
11.9 28.125 0.00568552
11.9 30.375 0.00223393
11.9 32.625 0.00175806
11.9 34.875 0.0275747
11.9 37.125 0.00185758
11.9 39.375 0.00191777
11.9 41.625 0.00338061
11.9 43.875 0.00299013
12.1 1.125 0.00214453
12.1 3.375 0.00185053
12.1 5.625 0.0026573
12.1 7.875 0.00176338
12.1 10.125 0.00230007
12.1 12.375 0.00171311
12.1 14.625 0.00164838
12.1 16.875 0.00192393
12.1 19.125 0.00262259
12.1 21.375 0.00183646
12.1 23.625 0.00172945
12.1 25.875 0.00196578
12.1 28.125 0.00245156
12.1 30.375 0.00185185
12.1 32.625 0.00180551
12.1 34.875 0.00267996
12.1 37.125 0.00231099
12.1 39.375 0.00294262
12.1 41.625 0.00228118
12.1 43.875 0.00309459
12.3 1.125 0.00215322
12.3 3.375 0.00176336
12.3 5.625 0.00204638
12.3 7.875 0.00262719
12.3 10.125 0.00146237
12.3 12.375 0.00187079
12.3 14.625 0.00265089
12.3 16.875 0.00175204
12.3 19.125 0.00249
12.3 21.375 0.00234874
12.3 23.625 0.00184448
12.3 25.875 0.00184192
12.3 28.125 0.00207985
12.3 30.375 0.00154564
12.3 32.625 0.00163646
12.3 34.875 0.00248424
12.3 37.125 0.0017775
12.3 39.375 0.00300994
12.3 41.625 0.0113742
12.5 1.125 0.00244834
12.5 3.375 0.00201108
12.5 5.625 0.00231377
12.5 7.875 0.00214196
12.5 10.125 0.00283902
12.5 12.375 0.00160405
12.5 14.625 0.00211688
12.5 16.875 0.00161637
12.5 19.125 0.00134425
12.5 21.375 0.00229583
12.5 23.625 0.00245008
12.5 25.875 0.00215242
12.5 28.125 0.00206161
12.5 30.375 0.00196416
12.5 32.625 0.00603828
12.5 34.875 0.0249707
12.5 37.125 0.00204465
12.5 39.375 0.00268823
12.5 41.625 0.00298316
12.5 43.875 0.00249986
12.7 1.125 0.00326689
12.7 3.375 0.0020228
12.7 5.625 0.00196293
12.7 7.875 0.00335561
12.7 10.125 0.00268948
12.7 12.375 0.00215955
12.7 14.625 0.0014708
12.7 16.875 0.00178265
12.7 19.125 0.00196263
12.7 21.375 0.00177662
12.7 23.625 0.00277683
12.7 25.875 0.00192155
12.7 30.375 0.00240714
12.7 32.625 0.00225845
12.7 34.875 0.00177976
12.7 37.125 0.00231366
12.7 39.375 0.0021603
12.7 41.625 0.00195243
12.7 43.875 0.00168523
12.9 1.125 0.00254771
12.9 3.375 0.00233822
12.9 5.625 0.00124049
12.9 7.875 0.00224713
12.9 10.125 0.00216316
12.9 12.375 0.00206404
12.9 14.625 0.00221262
12.9 16.875 0.00257111
12.9 19.125 0.00188376
12.9 21.375 0.00214402
12.9 23.625 0.00189067
12.9 25.875 0.00199827
12.9 28.125 0.0523874
12.9 30.375 0.00212025
12.9 32.625 0.00218529
12.9 34.875 0.0018758
12.9 37.125 0.00161285
12.9 39.375 0.00244789
12.9 41.625 0.00209319
12.9 43.875 0.00288263
13.1 1.125 0.00195837
13.1 3.375 0.00518069
13.1 5.625 0.00230167
13.1 7.875 0.00220456
13.1 10.125 0.00204128
13.1 12.375 0.00232161
13.1 14.625 0.00224713
13.1 16.875 0.0012955
13.1 19.125 0.00189437
13.1 21.375 0.00167659
13.1 23.625 0.00153109
13.1 25.875 0.0036004
13.1 28.125 0.00231062
13.1 30.375 0.00208494
13.1 32.625 0.00246137
13.1 34.875 0.00171052
13.1 37.125 0.00101417
13.1 39.375 0.0027493
13.1 41.625 0.00200027
13.1 43.875 0.00224825
13.3 1.125 0.00782864
13.3 3.375 0.00247811
13.3 10.125 0.00228822
13.3 12.375 0.00332307
13.3 14.625 0.00180295
13.3 16.875 0.00197164
13.3 19.125 0.00162756
13.3 21.375 0.00204487
13.3 23.625 0.00224855
13.3 25.875 0.00169532
13.3 28.125 0.00165052
13.3 30.375 0.00193725
13.3 32.625 0.00185223
13.3 34.875 0.0021686
13.3 37.125 0.00183201
13.3 39.375 0.00196246
13.3 41.625 0.00207377
13.3 43.875 0.00247383
13.5 1.125 0.0134063
13.5 3.375 0.00142823
13.5 5.625 0.00135858
13.5 7.875 0.00384342
13.5 10.125 0.00161785
13.5 12.375 0.00138448
13.5 14.625 0.00186533
13.5 16.875 0.00485085
13.5 19.125 0.00438117
13.5 21.375 0.00188292
13.5 23.625 0.00163448
13.5 25.875 0.00235875
13.5 28.125 0.00156485
13.5 30.375 0.00309294
13.5 32.625 0.00202869
13.5 34.875 0.00205295
13.5 37.125 0.00211472
13.5 39.375 0.0018911
13.5 41.625 0.00191366
13.5 43.875 0.00300385
13.7 1.125 0.00175304
13.7 5.625 0.00309153
13.7 7.875 0.00240268
13.7 10.125 0.00823529
13.7 12.375 0.00128214
13.7 14.625 0.00327518
13.7 16.875 0.00152513
13.7 19.125 0.00206257
13.7 21.375 0.00141368
13.7 23.625 0.00233679
13.7 25.875 0.0034596
13.7 28.125 0.0023195
13.7 30.375 0.00148194
13.7 32.625 0.00204634
13.7 34.875 0.00314508
13.7 37.125 0.00319283
13.7 39.375 0.00193731
13.7 41.625 0.00271243
13.7 43.875 0.00224927
13.9 1.125 0.0129173
13.9 3.375 0.00252258
13.9 5.625 0.00111918
13.9 7.875 0.00230632
13.9 10.125 0.00138254
13.9 12.375 0.00240822
13.9 19.125 0.00225938
13.9 21.375 0.00204852
13.9 23.625 0.00284256
13.9 25.875 0.00302801
13.9 28.125 0.00132646
13.9 30.375 0.0020141
13.9 32.625 0.00333642
13.9 34.875 0.00230936
13.9 37.125 0.00233947
13.9 39.375 0.00305921
13.9 41.625 0.00211336
13.9 43.875 0.00267902
