0.1 3.375 2.44378
0.1 5.625 2.49099
0.1 7.875 1.74742
0.1 10.125 1.73514
0.1 12.375 0.982763
0.1 14.625 1.56907
0.1 16.875 1.09676
0.1 19.125 1.3873
0.1 21.375 1.24395
0.1 23.625 2.13312
0.1 25.875 1.84723
0.1 28.125 2.01518
0.1 30.375 1.25113
0.1 32.625 1.79446
0.1 34.875 2.49304
0.1 37.125 2.23346
0.1 39.375 2.50373
0.1 41.625 2.42429
0.1 43.875 2.4646
0.3 1.125 2.2653
0.3 3.375 2.26672
0.3 5.625 2.23439
0.3 7.875 2.29896
0.3 10.125 2.43276
0.3 12.375 2.34798
0.3 14.625 2.38918
0.3 16.875 2.45405
0.3 19.125 2.45007
0.3 21.375 2.46832
0.3 23.625 2.44628
0.3 25.875 2.44787
0.3 28.125 2.37616
0.3 30.375 2.48668
0.3 32.625 2.42639
0.3 34.875 2.32783
0.3 37.125 2.47814
0.3 39.375 2.50965
0.3 41.625 2.44366
0.3 43.875 2.45002
0.5 1.125 2.17023
0.5 3.375 2.19392
0.5 5.625 2.11466
0.5 7.875 2.41969
0.5 10.125 2.3948
0.5 12.375 2.36005
0.5 14.625 2.41406
0.5 16.875 2.32148
0.5 19.125 2.42178
0.5 21.375 2.42908
0.5 23.625 2.41172
0.5 25.875 2.41561
0.5 28.125 2.42122
0.5 30.375 2.36701
0.5 32.625 2.37988
0.5 34.875 2.37037
0.5 37.125 2.39913
0.5 39.375 2.38542
0.5 41.625 2.35435
0.5 43.875 2.4252
0.7 1.125 2.206
0.7 3.375 2.20393
0.7 5.625 2.24284
0.7 7.875 2.26481
0.7 10.125 2.29882
0.7 12.375 2.24142
0.7 14.625 2.33363
0.7 16.875 2.30141
0.7 19.125 2.28507
0.7 21.375 2.31229
0.7 23.625 2.29198
0.7 25.875 2.26492
0.7 28.125 2.2817
0.7 30.375 2.31662
0.7 32.625 2.31897
0.7 34.875 2.23434
0.7 37.125 2.32864
0.7 39.375 2.23778
0.7 41.625 2.19551
0.7 43.875 2.21128
0.9 1.125 2.02639
0.9 3.375 2.00504
0.9 5.625 2.05136
0.9 7.875 2.0996
0.9 10.125 2.0907
0.9 12.375 1.9862
0.9 14.625 2.08391
0.9 16.875 2.03629
0.9 19.125 2.05701
0.9 21.375 2.14628
0.9 23.625 2.07857
0.9 25.875 2.13547
0.9 28.125 2.15544
0.9 30.375 2.15664
0.9 32.625 2.19068
0.9 34.875 2.15425
0.9 37.125 2.18276
0.9 39.375 2.20856
0.9 41.625 2.21138
0.9 43.875 2.19261
1.1 1.125 1.57261
1.1 3.375 1.60835
1.1 5.625 1.58421
1.1 7.875 1.64642
1.1 10.125 1.6239
1.1 12.375 1.62951
1.1 14.625 1.72992
1.1 16.875 1.69307
1.1 19.125 1.71713
1.1 21.375 1.81247
1.1 23.625 1.85133
1.1 25.875 1.8402
1.1 28.125 1.82721
1.1 30.375 1.93174
1.1 32.625 1.92591
1.1 34.875 1.9958
1.1 37.125 1.9616
1.1 39.375 2.0036
1.1 41.625 2.01548
1.1 43.875 1.98463
1.3 1.125 0.994363
1.3 3.375 1.02822
1.3 5.625 1.0641
1.3 7.875 1.04418
1.3 10.125 1.08511
1.3 12.375 1.10343
1.3 14.625 1.09379
1.3 16.875 1.16045
1.3 19.125 1.20527
1.3 21.375 1.24721
1.3 23.625 1.20527
1.3 25.875 1.33537
1.3 28.125 1.42574
1.3 30.375 1.44092
1.3 32.625 1.57635
1.3 34.875 1.57951
1.3 37.125 1.59325
1.3 39.375 1.65508
1.3 41.625 1.65465
1.3 43.875 1.64468
1.5 1.125 0.497036
1.5 3.375 0.526311
1.5 5.625 0.563805
1.5 7.875 0.580118
1.5 10.125 0.609736
1.5 12.375 0.591014
1.5 14.625 0.625878
1.5 16.875 0.642592
1.5 19.125 0.671876
1.5 21.375 0.717286
1.5 23.625 0.766947
1.5 25.875 0.792028
1.5 28.125 0.82197
1.5 30.375 0.943482
1.5 32.625 0.98634
1.5 34.875 1.00665
1.5 37.125 1.11218
1.5 39.375 1.13132
1.5 41.625 1.1388
1.5 43.875 1.20661
1.7 1.125 0.290949
1.7 3.375 0.308425
1.7 5.625 0.312483
1.7 7.875 0.318076
1.7 10.125 0.330259
1.7 12.375 0.340657
1.7 14.625 0.348808
1.7 16.875 0.343922
1.7 19.125 0.363943
1.7 21.375 0.372272
1.7 23.625 0.399081
1.7 25.875 0.418656
1.7 28.125 0.455919
1.7 30.375 0.487694
1.7 32.625 0.490093
1.7 34.875 0.549073
1.7 37.125 0.575075
1.7 39.375 0.65609
1.7 41.625 0.698125
1.7 43.875 0.670484
1.9 1.125 0.16826
1.9 3.375 0.1787
1.9 5.625 0.188867
1.9 7.875 0.190281
1.9 10.125 0.191602
1.9 12.375 0.202169
1.9 14.625 0.210259
1.9 16.875 0.213973
1.9 19.125 0.208042
1.9 21.375 0.216577
1.9 23.625 0.226923
1.9 25.875 0.252539
1.9 28.125 0.25328
1.9 30.375 0.267284
1.9 32.625 0.298323
1.9 34.875 0.304446
1.9 37.125 0.336621
1.9 39.375 0.346208
1.9 41.625 0.397726
1.9 43.875 0.405354
2.1 1.125 0.115406
2.1 3.375 0.123204
2.1 5.625 0.121343
2.1 7.875 0.126381
2.1 10.125 0.126027
2.1 12.375 0.127715
2.1 14.625 0.134046
2.1 16.875 0.140301
2.1 19.125 0.143161
2.1 21.375 0.140744
2.1 23.625 0.148496
2.1 25.875 0.148042
2.1 28.125 0.159747
2.1 30.375 0.167673
2.1 32.625 0.181041
2.1 34.875 0.194
2.1 37.125 0.210059
2.1 39.375 0.221428
2.1 41.625 0.229548
2.1 43.875 0.233685
2.3 1.125 0.0780074
2.3 3.375 0.0832329
2.3 5.625 0.0879219
2.3 7.875 0.0858178
2.3 10.125 0.0828709
2.3 12.375 0.0854001
2.3 14.625 0.091443
2.3 16.875 0.0938389
2.3 19.125 0.0949385
2.3 21.375 0.104315
2.3 23.625 0.102158
2.3 25.875 0.100227
2.3 28.125 0.104588
2.3 30.375 0.119111
2.3 32.625 0.118541
2.3 34.875 0.135047
2.3 37.125 0.135276
2.3 39.375 0.137876
2.3 41.625 0.136327
2.3 43.875 0.1425
2.5 1.125 0.0540551
2.5 3.375 0.0659128
2.5 5.625 0.0627404
2.5 7.875 0.0639549
2.5 10.125 0.059442
2.5 12.375 0.0603861
2.5 14.625 0.062474
2.5 16.875 0.0627294
2.5 19.125 0.0630047
2.5 21.375 0.064435
2.5 23.625 0.0704137
2.5 25.875 0.0737059
2.5 28.125 0.0792727
2.5 30.375 0.0833398
2.5 32.625 0.0871157
2.5 34.875 0.0922084
2.5 37.125 0.0892412
2.5 39.375 0.0901247
2.5 41.625 0.0910144
2.5 43.875 0.091821
2.7 1.125 0.0525141
2.7 3.375 0.0482574
2.7 5.625 0.0471661
2.7 7.875 0.0469938
2.7 10.125 0.0465512
2.7 12.375 0.0473474
2.7 14.625 0.0454767
2.7 16.875 0.046679
2.7 19.125 0.045347
2.7 21.375 0.0507111
2.7 23.625 0.0485765
2.7 25.875 0.0522753
2.7 28.125 0.0553937
2.7 30.375 0.0611021
2.7 32.625 0.0631934
2.7 34.875 0.0603837
2.7 37.125 0.0633203
2.7 39.375 0.0607107
2.7 41.625 0.063747
2.7 43.875 0.058781
2.9 1.125 0.0371323
2.9 3.375 0.0376247
2.9 5.625 0.035606
2.9 7.875 0.0366296
2.9 10.125 0.0364987
2.9 12.375 0.037816
2.9 14.625 0.0370273
2.9 16.875 0.0378274
2.9 19.125 0.0373036
2.9 21.375 0.0394867
2.9 23.625 0.0381862
2.9 25.875 0.042414
2.9 28.125 0.0422583
2.9 30.375 0.0439342
2.9 32.625 0.0443156
2.9 34.875 0.0448664
2.9 37.125 0.0449272
2.9 39.375 0.0425464
2.9 41.625 0.0456436
2.9 43.875 0.0453555
3.1 1.125 0.0291875
3.1 3.375 0.0280045
3.1 5.625 0.0273439
3.1 7.875 0.0295164
3.1 10.125 0.0290525
3.1 12.375 0.0289827
3.1 14.625 0.0293825
3.1 16.875 0.0304033
3.1 19.125 0.0309289
3.1 21.375 0.0312135
3.1 23.625 0.0323044
3.1 25.875 0.0363204
3.1 28.125 0.0365973
3.1 30.375 0.0435508
3.1 32.625 0.0341437
3.1 34.875 0.0347203
3.1 37.125 0.0345382
3.1 39.375 0.032891
3.1 41.625 0.0328405
3.1 43.875 0.0354581
3.3 1.125 0.0235789
3.3 3.375 0.0235717
3.3 5.625 0.0239941
3.3 7.875 0.023786
3.3 10.125 0.025779
3.3 12.375 0.0247439
3.3 14.625 0.0242852
3.3 16.875 0.0241755
3.3 19.125 0.0328848
3.3 21.375 0.0259119
3.3 23.625 0.0275671
3.3 25.875 0.0271674
3.3 28.125 0.0286488
3.3 30.375 0.027158
3.3 32.625 0.0277232
3.3 34.875 0.0284005
3.3 37.125 0.0284788
3.3 39.375 0.0278927
3.3 41.625 0.0277647
3.3 43.875 0.025781
3.5 1.125 0.0201986
3.5 3.375 0.0199194
3.5 5.625 0.0194342
3.5 7.875 0.0202512
3.5 10.125 0.0192946
3.5 12.375 0.0184045
3.5 14.625 0.0202197
3.5 16.875 0.0192977
3.5 19.125 0.0194402
3.5 21.375 0.0226924
3.5 23.625 0.0203103
3.5 25.875 0.0225808
3.5 28.125 0.0224751
3.5 30.375 0.0243521
3.5 32.625 0.0229523
3.5 34.875 0.0230019
3.5 37.125 0.0217309
3.5 39.375 0.0232673
3.5 41.625 0.0230384
3.5 43.875 0.0210664
3.7 1.125 0.0195617
3.7 3.375 0.0181153
3.7 5.625 0.0170459
3.7 7.875 0.016352
3.7 10.125 0.0170921
3.7 12.375 0.0161905
3.7 14.625 0.0169153
3.7 16.875 0.0162227
3.7 19.125 0.0175171
3.7 21.375 0.0173802
3.7 23.625 0.0181417
3.7 25.875 0.0184728
3.7 28.125 0.0191796
3.7 30.375 0.0189092
3.7 32.625 0.0191487
3.7 34.875 0.0184455
3.7 37.125 0.0199984
3.7 39.375 0.019483
3.7 41.625 0.0213286
3.7 43.875 0.0198944
3.9 1.125 0.0213323
3.9 3.375 0.0152873
3.9 5.625 0.015111
3.9 7.875 0.0155737
3.9 10.125 0.0155262
3.9 12.375 0.0145403
3.9 14.625 0.0160252
3.9 16.875 0.015807
3.9 19.125 0.0156989
3.9 21.375 0.017115
3.9 23.625 0.015133
3.9 25.875 0.0157965
3.9 28.125 0.0154358
3.9 30.375 0.015692
3.9 32.625 0.0156923
3.9 34.875 0.0169782
3.9 37.125 0.0154596
3.9 39.375 0.0159853
3.9 41.625 0.0151686
3.9 43.875 0.0153493
4.1 1.125 0.0125084
4.1 3.375 0.0125482
4.1 5.625 0.012285
4.1 7.875 0.0133497
4.1 10.125 0.0137207
4.1 12.375 0.0137015
4.1 14.625 0.0133071
4.1 16.875 0.014491
4.1 19.125 0.014843
4.1 21.375 0.0141732
4.1 23.625 0.0143488
4.1 25.875 0.0144114
4.1 28.125 0.0126466
4.1 30.375 0.013748
4.1 32.625 0.0133546
4.1 34.875 0.0135353
4.1 37.125 0.0131548
4.1 39.375 0.013472
4.1 41.625 0.0124397
4.1 43.875 0.0135564
4.3 1.125 0.0113378
4.3 3.375 0.0111413
4.3 5.625 0.0113129
4.3 7.875 0.0107858
4.3 10.125 0.0108444
4.3 12.375 0.0114875
4.3 14.625 0.0116808
4.3 16.875 0.0130188
4.3 19.125 0.0127875
4.3 21.375 0.012955
4.3 23.625 0.0137488
4.3 25.875 0.0171381
4.3 28.125 0.0119623
4.3 30.375 0.0121538
4.3 32.625 0.0114704
4.3 34.875 0.0110846
4.3 37.125 0.0122601
4.3 39.375 0.0101566
4.3 41.625 0.011089
4.3 43.875 0.0109416
4.5 1.125 0.00966508
4.5 3.375 0.00955209
4.5 5.625 0.00962407
4.5 7.875 0.0139819
4.5 10.125 0.00956633
4.5 12.375 0.00872025
4.5 14.625 0.0105968
4.5 16.875 0.0109958
4.5 19.125 0.0113546
4.5 21.375 0.010407
4.5 23.625 0.0107928
4.5 25.875 0.0102567
4.5 28.125 0.0106204
4.5 30.375 0.0108532
4.5 32.625 0.0105909
4.5 34.875 0.0100386
4.5 37.125 0.00958095
4.5 39.375 0.0102993
4.5 41.625 0.00941014
4.5 43.875 0.00957982
4.7 1.125 0.00838312
4.7 3.375 0.00883761
4.7 5.625 0.00805905
4.7 7.875 0.00787168
4.7 10.125 0.00833948
4.7 12.375 0.00833662
4.7 14.625 0.00906278
4.7 16.875 0.00898274
4.7 19.125 0.00925332
4.7 21.375 0.00947454
4.7 23.625 0.00943787
4.7 25.875 0.0086779
4.7 28.125 0.0092482
4.7 30.375 0.00913433
4.7 32.625 0.00937593
4.7 34.875 0.00850819
4.7 37.125 0.00890639
4.7 39.375 0.00868353
4.7 41.625 0.0079373
4.7 43.875 0.00727508
4.9 1.125 0.00715903
4.9 3.375 0.00714444
4.9 5.625 0.00703295
4.9 7.875 0.0074438
4.9 10.125 0.00706653
4.9 12.375 0.00774306
4.9 14.625 0.00784737
4.9 16.875 0.0137975
4.9 19.125 0.00850093
4.9 21.375 0.00770283
4.9 23.625 0.00749597
4.9 25.875 0.00796016
4.9 28.125 0.00777826
4.9 30.375 0.00761053
4.9 32.625 0.00773541
4.9 34.875 0.00772729
4.9 37.125 0.00750314
4.9 39.375 0.00773676
4.9 41.625 0.00729768
4.9 43.875 0.00635092
5.1 1.125 0.00678295
5.1 3.375 0.00627643
5.1 5.625 0.00671706
5.1 7.875 0.00616532
5.1 10.125 0.00902541
5.1 12.375 0.00658331
5.1 14.625 0.0110214
5.1 16.875 0.00897792
5.1 19.125 0.0112802
5.1 21.375 0.00716175
5.1 23.625 0.00688259
5.1 25.875 0.007391
5.1 28.125 0.00719339
5.1 30.375 0.00713965
5.1 32.625 0.010894
5.1 34.875 0.0067641
5.1 37.125 0.00707785
5.1 39.375 0.00726105
5.1 41.625 0.00646003
5.1 43.875 0.0063038
5.3 1.125 0.0058591
5.3 3.375 0.00560867
5.3 5.625 0.00605149
5.3 7.875 0.00575018
5.3 10.125 0.0057416
5.3 12.375 0.00641639
5.3 14.625 0.00561202
5.3 16.875 0.00669321
5.3 19.125 0.00608056
5.3 21.375 0.0105829
5.3 23.625 0.00595325
5.3 25.875 0.00602233
5.3 28.125 0.00595857
5.3 30.375 0.0063778
5.3 32.625 0.00642565
5.3 34.875 0.00646206
5.3 37.125 0.00604475
5.3 39.375 0.00595756
5.3 41.625 0.00635458
5.3 43.875 0.00604349
5.5 1.125 0.00640246
5.5 3.375 0.00515237
5.5 5.625 0.00534126
5.5 7.875 0.00528351
5.5 10.125 0.00482882
5.5 12.375 0.00532412
5.5 14.625 0.00549326
5.5 16.875 0.00570738
5.5 19.125 0.00564765
5.5 21.375 0.00586516
5.5 23.625 0.0055012
5.5 25.875 0.00661743
5.5 28.125 0.00606427
5.5 30.375 0.00582642
5.5 32.625 0.00543615
5.5 34.875 0.00549332
5.5 37.125 0.00523273
5.5 39.375 0.00612129
5.5 41.625 0.00606545
5.5 43.875 0.00606558
5.7 1.125 0.00483025
5.7 3.375 0.00485781
5.7 5.625 0.00460712
5.7 7.875 0.0046077
5.7 10.125 0.00491117
5.7 12.375 0.0048852
5.7 14.625 0.00527894
5.7 16.875 0.00499944
5.7 19.125 0.00520116
5.7 21.375 0.00505038
5.7 23.625 0.00524768
5.7 25.875 0.00504721
5.7 28.125 0.00530778
5.7 30.375 0.00470055
5.7 32.625 0.00909326
5.7 34.875 0.00515761
5.7 37.125 0.00494668
5.7 39.375 0.00524483
5.7 41.625 0.00560933
5.7 43.875 0.00552014
5.9 1.125 0.00399157
5.9 3.375 0.00436816
5.9 5.625 0.00427817
5.9 7.875 0.00437107
5.9 10.125 0.00427844
5.9 12.375 0.00475988
5.9 14.625 0.0104087
5.9 16.875 0.00496702
5.9 19.125 0.00489089
5.9 21.375 0.00459923
5.9 23.625 0.00860174
5.9 25.875 0.00475552
5.9 28.125 0.00421554
5.9 30.375 0.00980979
5.9 32.625 0.004702
5.9 34.875 0.00463203
5.9 37.125 0.00453043
5.9 39.375 0.00481916
5.9 41.625 0.00548129
5.9 43.875 0.00473058
6.1 1.125 0.00422251
6.1 3.375 0.00392704
6.1 5.625 0.00434089
6.1 7.875 0.00383219
6.1 10.125 0.00454115
6.1 12.375 0.00446496
6.1 14.625 0.00461501
6.1 16.875 0.00414439
6.1 19.125 0.0045366
6.1 21.375 0.0047631
6.1 23.625 0.00475987
6.1 25.875 0.00414178
6.1 28.125 0.00414856
6.1 30.375 0.00426882
6.1 32.625 0.00416861
6.1 34.875 0.0103668
6.1 37.125 0.00899814
6.1 39.375 0.00443349
6.1 41.625 0.00425797
6.1 43.875 0.00430778
6.3 1.125 0.00421488
6.3 3.375 0.00488855
6.3 5.625 0.00380874
6.3 7.875 0.00430583
6.3 10.125 0.00370335
6.3 12.375 0.00455855
6.3 14.625 0.00410013
6.3 16.875 0.00397796
6.3 19.125 0.0039027
6.3 21.375 0.00423129
6.3 23.625 0.0038489
6.3 25.875 0.0043704
6.3 28.125 0.00414628
6.3 30.375 0.00399207
6.3 32.625 0.00365024
6.3 34.875 0.0097528
6.3 37.125 0.00411514
6.3 39.375 0.00379634
6.3 41.625 0.00398628
6.3 43.875 0.00442362
6.5 1.125 0.00372189
6.5 3.375 0.00350617
6.5 5.625 0.00374477
6.5 7.875 0.00361272
6.5 10.125 0.00417166
6.5 12.375 0.00423018
6.5 14.625 0.00387321
6.5 16.875 0.00362306
6.5 19.125 0.00382869
6.5 21.375 0.00368018
6.5 23.625 0.00377754
6.5 25.875 0.0041075
6.5 28.125 0.0038553
6.5 30.375 0.00401977
6.5 32.625 0.00382674
6.5 34.875 0.003498
6.5 37.125 0.00415847
6.5 39.375 0.00786729
6.5 41.625 0.0038044
6.5 43.875 0.00364464
6.7 1.125 0.00378971
6.7 3.375 0.00354015
6.7 5.625 0.00350916
6.7 7.875 0.00376102
6.7 10.125 0.00481173
6.7 12.375 0.00419174
6.7 14.625 0.00401619
6.7 16.875 0.00615479
6.7 19.125 0.00383604
6.7 21.375 0.00438792
6.7 23.625 0.00377681
6.7 25.875 0.00363494
6.7 28.125 0.00323917
6.7 30.375 0.00333767
6.7 32.625 0.00330828
6.7 34.875 0.00336153
6.7 37.125 0.00388704
6.7 39.375 0.00384523
6.7 41.625 0.00361599
6.7 43.875 0.00405201
6.9 1.125 0.00357516
6.9 3.375 0.00359656
6.9 5.625 0.00381355
6.9 7.875 0.00356078
6.9 10.125 0.00375302
6.9 12.375 0.0034392
6.9 14.625 0.00366045
6.9 16.875 0.00367832
6.9 19.125 0.00332946
6.9 21.375 0.00357531
6.9 23.625 0.0035829
6.9 25.875 0.00338976
6.9 28.125 0.00339426
6.9 30.375 0.00353725
6.9 32.625 0.00360827
6.9 34.875 0.00378981
6.9 37.125 0.00356453
6.9 39.375 0.00336093
6.9 41.625 0.00325555
6.9 43.875 0.00399144
7.1 1.125 0.0032293
7.1 3.375 0.00332804
7.1 5.625 0.0034763
7.1 7.875 0.0030832
7.1 10.125 0.00305381
7.1 12.375 0.00357942
7.1 14.625 0.00348588
7.1 16.875 0.00373399
7.1 19.125 0.00330455
7.1 21.375 0.00344916
7.1 23.625 0.00443368
7.1 25.875 0.00314888
7.1 28.125 0.0034638
7.1 30.375 0.00358541
7.1 32.625 0.00323456
7.1 34.875 0.0048316
7.1 37.125 0.00323423
7.1 39.375 0.00297962
7.1 41.625 0.00374557
7.1 43.875 0.0034908
7.3 1.125 0.00334536
7.3 3.375 0.00307418
7.3 5.625 0.00326646
7.3 7.875 0.00296296
7.3 10.125 0.00335433
7.3 12.375 0.00326301
7.3 14.625 0.00352553
7.3 16.875 0.0031862
7.3 19.125 0.00362225
7.3 21.375 0.00314291
7.3 23.625 0.00315887
7.3 25.875 0.00328271
7.3 28.125 0.00314841
7.3 30.375 0.00316184
7.3 32.625 0.00296799
7.3 34.875 0.0030703
7.3 37.125 0.00309237
7.3 39.375 0.00310539
7.3 41.625 0.0040246
7.3 43.875 0.0032666
7.5 1.125 0.0029363
7.5 3.375 0.00271564
7.5 5.625 0.00297985
7.5 7.875 0.0050268
7.5 10.125 0.00464215
7.5 12.375 0.0034262
7.5 14.625 0.0030651
7.5 16.875 0.00341002
7.5 19.125 0.00324168
7.5 21.375 0.00321065
7.5 23.625 0.00329168
7.5 25.875 0.00304783
7.5 28.125 0.00287303
7.5 30.375 0.0106336
7.5 32.625 0.00299888
7.5 34.875 0.00322095
7.5 37.125 0.00293127
7.5 39.375 0.00285028
7.5 41.625 0.00376239
7.5 43.875 0.0035448
7.7 1.125 0.00455634
7.7 3.375 0.00956777
7.7 5.625 0.00276495
7.7 7.875 0.0028645
7.7 10.125 0.00334691
7.7 12.375 0.0031448
7.7 14.625 0.00466771
7.7 16.875 0.0033098
7.7 19.125 0.0118994
7.7 21.375 0.00295298
7.7 23.625 0.00313782
7.7 25.875 0.00328155
7.7 28.125 0.0028561
7.7 30.375 0.00297967
7.7 32.625 0.00332132
7.7 34.875 0.00302194
7.7 37.125 0.00295933
7.7 39.375 0.00287196
7.7 41.625 0.0031818
7.7 43.875 0.00318286
7.9 1.125 0.00287947
7.9 3.375 0.00278532
7.9 5.625 0.0116262
7.9 7.875 0.00276247
7.9 10.125 0.00271521
7.9 12.375 0.0026106
7.9 14.625 0.00301712
7.9 16.875 0.00295274
7.9 19.125 0.00302081
7.9 21.375 0.00278682
7.9 23.625 0.0028737
7.9 25.875 0.00379893
7.9 28.125 0.00269383
7.9 30.375 0.00291072
7.9 32.625 0.00275042
7.9 34.875 0.00270122
7.9 37.125 0.00321373
7.9 39.375 0.00269799
7.9 41.625 0.0029408
7.9 43.875 0.00288726
8.1 1.125 0.0026358
8.1 3.375 0.002647
8.1 5.625 0.00249681
8.1 7.875 0.00241937
8.1 10.125 0.00271474
8.1 12.375 0.0030045
8.1 14.625 0.00352978
8.1 16.875 0.0163907
8.1 19.125 0.00275215
8.1 21.375 0.00311785
8.1 23.625 0.00273486
8.1 25.875 0.00252571
8.1 28.125 0.00271862
8.1 30.375 0.00292049
8.1 32.625 0.00269865
8.1 34.875 0.00278172
8.1 37.125 0.00287932
8.1 39.375 0.00298873
8.1 41.625 0.00288908
8.1 43.875 0.00268401
8.3 1.125 0.00288178
8.3 3.375 0.00278312
8.3 5.625 0.00288397
8.3 7.875 0.0027733
8.3 10.125 0.00339167
8.3 12.375 0.00276694
8.3 14.625 0.00302267
8.3 16.875 0.00262189
8.3 19.125 0.00296824
8.3 21.375 0.00284245
8.3 23.625 0.0029326
8.3 25.875 0.00296642
8.3 28.125 0.00280033
8.3 30.375 0.00296184
8.3 32.625 0.0027888
8.3 34.875 0.00283496
8.3 37.125 0.00312843
8.3 39.375 0.0029505
8.3 41.625 0.00266241
8.3 43.875 0.00298616
8.5 1.125 0.00275819
8.5 3.375 0.0023854
8.5 5.625 0.00275901
8.5 7.875 0.00213544
8.5 10.125 0.00265573
8.5 12.375 0.00272439
8.5 14.625 0.0027645
8.5 16.875 0.00277886
8.5 19.125 0.00280731
8.5 21.375 0.00271026
8.5 23.625 0.0022808
8.5 25.875 0.00253739
8.5 28.125 0.00264594
8.5 30.375 0.0153814
8.5 32.625 0.00255921
8.5 34.875 0.00338251
8.5 37.125 0.00362512
8.5 39.375 0.00282431
8.5 41.625 0.0026479
8.5 43.875 0.00650737
8.7 1.125 0.00257821
8.7 3.375 0.00220016
8.7 5.625 0.00268938
8.7 7.875 0.00262513
8.7 10.125 0.00256207
8.7 12.375 0.0024387
8.7 14.625 0.00240989
8.7 16.875 0.00919198
8.7 19.125 0.00268633
8.7 21.375 0.00253832
8.7 23.625 0.00280818
8.7 25.875 0.00244585
8.7 28.125 0.00332571
8.7 30.375 0.00872475
8.7 32.625 0.00280423
8.7 34.875 0.00523403
8.7 37.125 0.00274359
8.7 39.375 0.00269579
8.7 41.625 0.00257839
8.7 43.875 0.00240663
8.9 1.125 0.00250645
8.9 3.375 0.00317418
8.9 5.625 0.00244643
8.9 7.875 0.00241008
8.9 10.125 0.00256253
8.9 12.375 0.00290082
8.9 14.625 0.0024799
8.9 16.875 0.00278664
8.9 19.125 0.00275952
8.9 21.375 0.00251396
8.9 23.625 0.00257271
8.9 25.875 0.00247297
8.9 28.125 0.00879587
8.9 30.375 0.00297195
8.9 32.625 0.00314131
8.9 34.875 0.00278994
8.9 37.125 0.00260561
8.9 39.375 0.00255292
8.9 41.625 0.002775
8.9 43.875 0.00276017
9.1 1.125 0.0134582
9.1 3.375 0.00248349
9.1 5.625 0.00250368
9.1 7.875 0.00269325
9.1 10.125 0.00279256
9.1 12.375 0.0119979
9.1 14.625 0.0023971
9.1 16.875 0.0024522
9.1 19.125 0.00243368
9.1 21.375 0.00240658
9.1 23.625 0.00243021
9.1 25.875 0.00314637
9.1 28.125 0.00250288
9.1 30.375 0.00272268
9.1 32.625 0.015473
9.1 34.875 0.00244483
9.1 37.125 0.0022306
9.1 39.375 0.00245696
9.1 41.625 0.00255575
9.1 43.875 0.00236729
9.3 1.125 0.00260029
9.3 3.375 0.00261937
9.3 5.625 0.00259474
9.3 7.875 0.00242091
9.3 10.125 0.00228091
9.3 12.375 0.00285355
9.3 14.625 0.0024518
9.3 16.875 0.00270272
9.3 19.125 0.00257971
9.3 21.375 0.00250838
9.3 23.625 0.00275439
9.3 25.875 0.00253353
9.3 28.125 0.00237629
9.3 30.375 0.00251126
9.3 32.625 0.00333945
9.3 34.875 0.00317345
9.3 37.125 0.00301333
9.3 39.375 0.00239614
9.3 41.625 0.00233435
9.3 43.875 0.00242778
9.5 1.125 0.00254159
9.5 3.375 0.00207211
9.5 5.625 0.00252653
9.5 7.875 0.00382314
9.5 10.125 0.00237737
9.5 12.375 0.00243592
9.5 14.625 0.00275243
9.5 16.875 0.00252032
9.5 19.125 0.00238199
9.5 21.375 0.00249723
9.5 23.625 0.00263068
9.5 25.875 0.00254598
9.5 28.125 0.00259986
9.5 30.375 0.00236462
9.5 32.625 0.00252559
9.5 34.875 0.00226413
9.5 37.125 0.00223344
9.5 39.375 0.00277341
9.5 41.625 0.002879
9.5 43.875 0.0024508
9.7 1.125 0.00296376
9.7 3.375 0.00241584
9.7 5.625 0.00293871
9.7 7.875 0.00244107
9.7 10.125 0.00288235
9.7 12.375 0.00223435
9.7 14.625 0.00268093
9.7 16.875 0.00251032
9.7 19.125 0.00260985
9.7 21.375 0.00262724
9.7 23.625 0.00402328
9.7 25.875 0.00234377
9.7 28.125 0.00256515
9.7 30.375 0.00702706
9.7 32.625 0.00214388
9.7 34.875 0.00245901
9.7 37.125 0.00233075
9.7 39.375 0.00246603
9.7 41.625 0.00224141
9.7 43.875 0.0024884
9.9 1.125 0.00398116
9.9 3.375 0.00252654
9.9 5.625 0.00248973
9.9 7.875 0.00270893
9.9 10.125 0.00246668
9.9 12.375 0.00278878
9.9 14.625 0.00887576
9.9 16.875 0.00232291
9.9 19.125 0.0023494
9.9 21.375 0.00241636
9.9 23.625 0.00211834
9.9 25.875 0.002348
9.9 28.125 0.00242924
9.9 30.375 0.00265559
9.9 32.625 0.00258446
9.9 34.875 0.00212046
9.9 37.125 0.00251756
9.9 39.375 0.00222246
9.9 41.625 0.0026173
9.9 43.875 0.00248428
10.1 1.125 0.0029989
10.1 3.375 0.00255864
10.1 5.625 0.0025232
10.1 7.875 0.00224057
10.1 10.125 0.00252983
10.1 12.375 0.00263064
10.1 14.625 0.0161051
10.1 16.875 0.00235322
10.1 19.125 0.00230619
10.1 21.375 0.0028129
10.1 23.625 0.00232822
10.1 25.875 0.00213894
10.1 28.125 0.00215097
10.1 30.375 0.00278158
10.1 32.625 0.00207724
10.1 34.875 0.00245839
10.1 37.125 0.00225708
10.1 39.375 0.0179147
10.1 41.625 0.00221693
10.1 43.875 0.0189245
10.3 1.125 0.00421152
10.3 3.375 0.00311
10.3 5.625 0.00216146
10.3 7.875 0.00252249
10.3 10.125 0.00231405
10.3 12.375 0.00414026
10.3 14.625 0.0306719
10.3 16.875 0.0023647
10.3 19.125 0.0189821
10.3 21.375 0.00262879
10.3 23.625 0.00230099
10.3 25.875 0.0026759
10.3 28.125 0.0149419
10.3 30.375 0.00242488
10.3 32.625 0.00206356
10.3 34.875 0.00298491
10.3 37.125 0.00267371
10.3 39.375 0.00234967
10.3 41.625 0.0175264
10.3 43.875 0.00385448
10.5 1.125 0.00268293
10.5 3.375 0.00300812
10.5 5.625 0.00248364
10.5 7.875 0.00202349
10.5 10.125 0.00316912
10.5 12.375 0.00444222
10.5 14.625 0.00224482
10.5 16.875 0.0027121
10.5 19.125 0.00209648
10.5 21.375 0.00335236
10.5 23.625 0.00304031
10.5 25.875 0.00251187
10.5 28.125 0.00251204
10.5 30.375 0.00224351
10.5 32.625 0.00224358
10.5 34.875 0.0023813
10.5 37.125 0.00230972
10.5 39.375 0.00235525
10.5 41.625 0.00236183
10.5 43.875 0.0022038
10.7 1.125 0.00227665
10.7 3.375 0.00234926
10.7 5.625 0.00283413
10.7 7.875 0.00215749
10.7 10.125 0.00242558
10.7 12.375 0.00208764
10.7 14.625 0.00230244
10.7 16.875 0.00248013
10.7 19.125 0.00248275
10.7 21.375 0.00266089
10.7 23.625 0.00302771
10.7 25.875 0.00291448
10.7 28.125 0.00210651
10.7 30.375 0.00251343
10.7 32.625 0.00219761
10.7 34.875 0.0222035
10.7 37.125 0.00264305
10.7 39.375 0.00218125
10.7 41.625 0.00261045
10.7 43.875 0.00444296
10.9 1.125 0.00313034
10.9 3.375 0.00353805
10.9 5.625 0.00251636
10.9 7.875 0.00294951
10.9 10.125 0.00221441
10.9 12.375 0.00244962
10.9 14.625 0.00212357
10.9 16.875 0.002169
10.9 19.125 0.00282727
10.9 21.375 0.0021545
10.9 23.625 0.0235784
10.9 25.875 0.0245319
10.9 28.125 0.0111388
10.9 30.375 0.00227325
10.9 32.625 0.00233268
10.9 34.875 0.00454001
10.9 37.125 0.00235895
10.9 39.375 0.00241018
10.9 41.625 0.0181699
10.9 43.875 0.00216033
11.1 1.125 0.0023409
11.1 3.375 0.00365765
11.1 5.625 0.00259319
11.1 7.875 0.00289058
11.1 10.125 0.00241505
11.1 12.375 0.00313535
11.1 14.625 0.00204944
11.1 16.875 0.00229647
11.1 19.125 0.00227448
11.1 21.375 0.00219641
11.1 23.625 0.00234351
11.1 25.875 0.00521816
11.1 28.125 0.00209672
11.1 30.375 0.00299876
11.1 32.625 0.0022525
11.1 34.875 0.00250442
11.1 37.125 0.00202317
11.1 39.375 0.00222112
11.1 41.625 0.00259705
11.1 43.875 0.0018137
11.3 1.125 0.00528859
11.3 3.375 0.00350385
11.3 5.625 0.0025797
11.3 7.875 0.00895688
11.3 10.125 0.00232526
11.3 12.375 0.00266674
11.3 14.625 0.00218665
11.3 16.875 0.00244718
11.3 19.125 0.00226066
11.3 21.375 0.00316027
11.3 23.625 0.00236511
11.3 25.875 0.0243272
11.3 28.125 0.00279034
11.3 30.375 0.00277266
11.3 32.625 0.00254527
11.3 34.875 0.00218388
11.3 37.125 0.00232644
11.3 39.375 0.0053513
11.3 41.625 0.00202688
11.3 43.875 0.0022896
11.5 1.125 0.00239103
11.5 3.375 0.00202208
11.5 5.625 0.00309655
11.5 7.875 0.00212042
11.5 10.125 0.00492621
11.5 12.375 0.00254045
11.5 14.625 0.0023498
11.5 16.875 0.00224322
11.5 19.125 0.0022724
11.5 21.375 0.00218613
11.5 23.625 0.00206768
11.5 25.875 0.00281145
11.5 28.125 0.00225958
11.5 30.375 0.00191868
11.5 32.625 0.00230362
11.5 34.875 0.00219759
11.5 37.125 0.00208127
11.5 39.375 0.0072929
11.5 41.625 0.00171073
11.5 43.875 0.00192438
11.7 1.125 0.0023158
11.7 3.375 0.00225342
11.7 5.625 0.0022427
11.7 7.875 0.00233294
11.7 10.125 0.00214744
11.7 12.375 0.0022622
11.7 14.625 0.00244338
11.7 16.875 0.00217297
11.7 19.125 0.00174916
11.7 21.375 0.00182027
11.7 23.625 0.00227395
11.7 25.875 0.00189655
11.7 28.125 0.00190069
11.7 30.375 0.00258176
11.7 32.625 0.0298439
11.7 34.875 0.0138802
11.7 37.125 0.00225169
11.7 39.375 0.00329866
11.7 41.625 0.00210703
11.7 43.875 0.00200228
11.9 1.125 0.0282628
11.9 3.375 0.00202357
11.9 5.625 0.00257226
11.9 7.875 0.0020716
11.9 10.125 0.00243698
11.9 12.375 0.00233816
11.9 14.625 0.00219083
11.9 16.875 0.00238874
11.9 19.125 0.00831019
11.9 21.375 0.00224645
11.9 23.625 0.00244171
11.9 25.875 0.00276365
11.9 28.125 0.00355519
11.9 30.375 0.00218739
11.9 32.625 0.0150071
11.9 34.875 0.00243313
11.9 37.125 0.00393751
11.9 39.375 0.00278895
11.9 41.625 0.00195704
11.9 43.875 0.00231181
12.1 1.125 0.00271116
12.1 3.375 0.0020972
12.1 5.625 0.00351177
12.1 7.875 0.00278878
12.1 10.125 0.00658411
12.1 12.375 0.00243383
12.1 14.625 0.00188274
12.1 16.875 0.00280806
12.1 19.125 0.00216642
12.1 21.375 0.00246147
12.1 23.625 0.00202977
12.1 25.875 0.00283845
12.1 28.125 0.00222508
12.1 30.375 0.00220673
12.1 32.625 0.00207791
12.1 34.875 0.00352812
12.1 37.125 0.0288276
12.1 39.375 0.00269052
12.1 41.625 0.00220457
12.1 43.875 0.0200282
12.3 1.125 0.00484361
12.3 3.375 0.00206777
12.3 5.625 0.0412126
12.3 7.875 0.00280792
12.3 10.125 0.00219155
12.3 12.375 0.00348085
12.3 14.625 0.00261433
12.3 16.875 0.00204575
12.3 19.125 0.00267365
12.3 21.375 0.00213935
12.3 23.625 0.00264835
12.3 25.875 0.00228804
12.3 28.125 0.00207578
12.3 30.375 0.00180455
12.3 32.625 0.00410057
12.3 34.875 0.00218534
12.3 37.125 0.0554193
12.3 39.375 0.00228235
12.3 41.625 0.00235394
12.3 43.875 0.00503384
12.5 1.125 0.00207099
12.5 3.375 0.00236351
12.5 5.625 0.0022944
12.5 7.875 0.0026959
12.5 10.125 0.0238895
12.5 12.375 0.00333211
12.5 14.625 0.00225952
12.5 16.875 0.0587383
12.5 19.125 0.00231382
12.5 21.375 0.00176715
12.5 23.625 0.00239628
12.5 25.875 0.00244941
12.5 28.125 0.00253373
12.5 30.375 0.00192961
12.5 32.625 0.00227131
12.5 34.875 0.0251866
12.5 37.125 0.00308488
12.5 39.375 0.00225912
12.5 41.625 0.00515973
12.5 43.875 0.00224107
12.7 1.125 0.00292754
12.7 3.375 0.00248297
12.7 5.625 0.00211447
12.7 7.875 0.00191241
12.7 10.125 0.00269899
12.7 12.375 0.0043186
12.7 14.625 0.00271629
12.7 16.875 0.00279002
12.7 19.125 0.00365343
12.7 21.375 0.00244652
12.7 23.625 0.00226303
12.7 25.875 0.00222764
12.7 28.125 0.00415078
12.7 30.375 0.00259833
12.7 32.625 0.00260871
12.7 34.875 0.00339634
12.7 37.125 0.00213294
12.7 39.375 0.0030622
12.7 41.625 0.00209502
12.7 43.875 0.00226715
12.9 1.125 0.0492162
12.9 3.375 0.00248208
12.9 5.625 0.00220833
12.9 7.875 0.00198503
12.9 10.125 0.0093371
12.9 12.375 0.00212473
12.9 14.625 0.00293901
12.9 16.875 0.00243647
12.9 19.125 0.00297804
12.9 21.375 0.00327935
12.9 23.625 0.00268728
12.9 25.875 0.00222352
12.9 28.125 0.0519656
12.9 30.375 0.00182931
12.9 32.625 0.00160586
12.9 34.875 0.00327628
12.9 37.125 0.00191779
12.9 39.375 0.00174969
12.9 41.625 0.00237739
12.9 43.875 0.0020193
13.1 1.125 0.0351359
13.1 3.375 0.0608208
13.1 5.625 0.0017777
13.1 7.875 0.00252563
13.1 10.125 0.0329978
13.1 12.375 0.00192934
13.1 14.625 0.00230846
13.1 16.875 0.00203289
13.1 19.125 0.00192871
13.1 21.375 0.0180017
13.1 23.625 0.00247609
13.1 25.875 0.00240815
13.1 28.125 0.00243516
13.1 30.375 0.00254197
13.1 32.625 0.00260172
13.1 34.875 0.00310622
13.1 37.125 0.00209284
13.1 39.375 0.00865314
13.1 41.625 0.0357843
13.1 43.875 0.00238009
13.3 1.125 0.0192894
13.3 3.375 0.00320383
13.3 5.625 0.00314472
13.3 7.875 0.00385465
13.3 10.125 0.00254474
13.3 12.375 0.0018587
13.3 14.625 0.0018666
13.3 16.875 0.00191451
13.3 19.125 0.00306045
13.3 21.375 0.00470282
13.3 23.625 0.00193787
13.3 25.875 0.00626235
13.3 28.125 0.00245055
13.3 30.375 0.00247171
13.3 32.625 0.00192681
13.3 34.875 0.00251134
13.3 37.125 0.0189618
13.3 39.375 0.00289431
13.3 41.625 0.00229449
13.3 43.875 0.00180173
13.5 1.125 0.00245942
13.5 3.375 0.0129243
13.5 5.625 0.00188146
13.5 7.875 0.00190815
13.5 10.125 0.00339396
13.5 12.375 0.0128316
13.5 14.625 0.0027025
13.5 16.875 0.00169971
13.5 19.125 0.00259807
13.5 21.375 0.00340964
13.5 23.625 0.00294552
13.5 25.875 0.0196032
13.5 28.125 0.00278893
13.5 30.375 0.00227315
13.5 32.625 0.0020504
13.5 34.875 0.00229876
13.5 37.125 0.00269704
13.5 39.375 0.00252435
13.5 41.625 0.00464603
13.5 43.875 0.00397991
13.7 1.125 0.00343995
13.7 3.375 0.00208199
13.7 5.625 0.079531
13.7 7.875 0.00179918
13.7 10.125 0.00251473
13.7 12.375 0.00382569
13.7 14.625 0.00231968
13.7 16.875 0.00215649
13.7 19.125 0.0389973
13.7 21.375 0.00201918
13.7 23.625 0.0415603
13.7 25.875 0.00235856
13.7 28.125 0.0171867
13.7 30.375 0.00273256
13.7 32.625 0.00386084
13.7 34.875 0.00200768
13.7 37.125 0.0020712
13.7 39.375 0.0042813
13.7 41.625 0.00210508
13.7 43.875 0.00280322
13.9 1.125 0.00289039
13.9 3.375 0.00194332
13.9 5.625 0.00251919
13.9 7.875 0.00317455
13.9 10.125 0.00298706
13.9 12.375 0.0024804
13.9 14.625 0.00314389
13.9 16.875 0.00496633
13.9 19.125 0.00196514
13.9 21.375 0.0153069
13.9 23.625 0.00204501
13.9 25.875 0.00247988
13.9 28.125 0.00442258
13.9 30.375 0.00279766
13.9 32.625 0.00229346
13.9 34.875 0.00209181
13.9 37.125 0.00275635
13.9 39.375 0.00250032
13.9 41.625 0.00261937
13.9 43.875 0.00359622
