-0.103054
0.0640062
-0.104686
-0.0199692
0.0951601
-1.24751e-05
0.0857784
0.137586
-0.0681339
-0.0542858
-0.0223694
0.0495045
-0.0225825
-0.101534
0.144726
-0.0171795
0.11169
0.0132913
-0.0282672
0.0128277
0.00923089
0.0439229
0.0201662
0.0540379
-0.106084
0.109209
-0.0216213
0.00226166
0.107779
0.0112602
0.0334942
-0.0318572
0.0550183
-0.0797751
0.0677615
0.0619108
0.0110938
0.00446934
0.0975492
-0.0458128
-0.0333292
0.0438091
0.0377061
-0.035519
-0.117529
0.0262988
-0.10664
0.0889726
0.0214441
0.00120062
0.015157
0.0114083
0.036087
0.0473796
-0.000361072
0.0455371
0.0392585
0.0755952
0.0166362
-0.151654
0.0347081
0.0642215
-0.00885386
-0.0109757
0.0409527
0.0520987
-0.081905
-0.0147081
-0.0559069
0.0300465
-0.00453454
0.0948295
0.0154354
-0.0275368
-0.0456865
0.0374701
-0.11292
0.0454962
-0.0644894
-0.0363179
0.0606528
0.19392
0.0148416
-0.076166
-0.0464824
0.00384512
0.0694342
-0.0654251
-0.0189861
0.0987246
0.0369232
-0.0217248
0.0241037
-0.140758
0.0568268
0.0138491
0.0768491
0.0500351
0.0336148
0.125975
0.0155305
0.0178841
-0.0994108
0.0509912
0.0169323
0.0766621
0.0344993
0.00164068
-0.0347314
0.00711852
0.0147302
-0.0728903
-0.0181525
0.16535
0.167626
-0.0215194
-0.0852275
0.0470696
0.0621155
-0.033029
0.0455418
0.0769964
-0.0342594
-0.035157
-0.0168715
0.0459639
-0.00200608
-0.00363394
0.0390184
0.00397689
0.0532668
-0.085978
0.0138489
0.049346
0.241565
-0.0186601
0.0789921
0.152183
-0.0793307
0.081243
0.0411305
0.120746
-0.0522764
-0.0323553
0.0409814
0.0494011
0.0466621
-0.0533264
0.129499
-0.0171958
0.0439895
-0.0133658
0.080682
0.140856
0.21254
-0.00658423
-0.0248419
-0.00358518
0.0408709
0.219186
-0.0603348
-0.0273284
-0.06431
-0.00339596
0.0324658
-0.0688578
0.0675453
-0.0301269
-0.0969918
-0.170339
0.0487748
0.0897587
-0.025301
0.162461
0.100292
0.0309346
0.0683191
0.0904995
-0.0836528
-0.129608
-0.00648901
0.104957
-0.0430195
-0.0685181
-0.0261913
0.0422661
-0.0053136
0.0594785
0.079607
0.170862
0.214229
0.15044
0.0700977
0.136182
0.0219246
-0.00334874
0.039538
-0.0250897
0.0239763
-0.0353635
-0.00379985
-0.00892036
0.0700781
-0.0234039
0.0241825
-0.00621043
0.0345569
-0.0460041
-0.0702588
0.00968238
0.0155682
-0.00965316
0.0260489
0.0130622
0.0426223
0.196259
0.00154514
0.0551452
-0.000421925
-0.0341693
-0.0518499
0.0304784
0.0866672
0.0193164
-0.125902
0.177326
0.0317384
0.0438991
-0.129734
-0.0643984
0.0425003
0.0523637
0.104087
0.0294179
-0.0282035
0.0255127
-0.0117116
0.0101485
-0.00985878
-0.0604843
0.142664
0.0563301
-0.126475
0.0732769
0.0039928
-0.0763338
-0.0382867
0.0659101
-0.0350435
0.0385402
0.126516
0.193128
-0.0224461
0.045685
-0.0365682
0.0397192
0.037943
0.0973872
0.0152829
0.0349968
5.68101
-0.0426333
-0.0110213
0.216634
0.0658203
-0.0350189
0.00601892
-0.0601121
0.109306
-0.0861858
0.06575
0.0378236
-0.00398712
-0.00809656
-0.0425585
-0.0899942
-0.0155702
0.0811943
0.0188216
0.0763547
5.87144
-0.0261374
0.0146787
0.0168087
0.0105359
-0.0444233
0.0636491
0.0401869
0.0161898
0.122646
-0.0258027
0.0624591
-0.0366224
-0.000623474
0.0327994
0.177405
0.0677806
0.0325256
-0.00976673
0.000537186
-0.0102334
0.00186939
-0.0266985
0.0728293
-0.106983
0.0094885
0.0403912
-0.0313995
0.025445
-0.114616
0.0502069
0.0396144
0.0131869
-0.0567939
0.158032
0.0110451
-0.0306324
-0.00375694
-0.0190563
-0.1518
0.0717642
0.0708114
0.0284454
0.112415
0.127551
0.144523
-0.0259142
0.0818121
-0.0613093
0.14912
-0.00538093
-0.0427722
0.184218
-0.0110788
-0.0644151
0.00867816
-0.0801606
-0.0456189
-0.0210036
0.0310774
-0.0543554
0.0423666
-0.0119446
-0.040998
0.0483039
0.0129815
0.00689148
0.0570705
-0.0156388
0.0313444
-0.0181598
0.00522619
0.00424437
-0.106045
0.0278351
-0.035838
0.0113551
-0.128124
0.0588716
-0.00987041
-0.0277854
0.107318
-0.000429155
0.0138936
-0.0593285
0.0103377
0.0476324
0.0887746
-0.0174274
-0.0164052
0.0523279
-0.00126246
-0.0600345
-0.00177389
0.0104706
0.16304
0.132536
-0.0180053
0.0543818
0.0104932
0.014323
0.0206937
0.080251
-0.00566111
-0.0398869
0.00756009
0.0797909
0.0652829
0.0358071
0.0830838
-0.0215334
0.0953807
-0.0591167
-0.105011
0.0333426
0.117892
0.0731831
0.0828385
0.0342992
0.131434
0.130021
-0.0225749
0.0589526
0.112435
0.0503632
-0.00435992
0.00303961
0.0342196
-0.0358246
0.0511308
0.0192408
0.013654
-0.0396416
0.114565
0.0431788
-0.0019254
0.00939674
-0.0121792
-0.0378936
0.00678147
-0.0991546
-0.0330715
-0.0455439
0.117597
-0.0292852
0.0364874
0.0821881
-0.101278
-0.0206481
-0.0159379
0.0112722
-0.0455946
0.0044545
-0.00115843
0.0437092
-0.00959285
0.0539377
-0.0288325
0.0153571
-0.0181085
-0.0162355
0.0201697
0.0644817
-0.0820315
-0.0669491
0.0240348
0.0716665
0.0365412
0.011619
0.0099575
-0.0333802
-0.0474355
-0.0526578
0.00246094
-0.0709995
0.0485051
-0.0629221
0.0237029
-0.077467
-0.00985853
-0.00428909
-0.0409086
0.00808072
-0.00159322
0.00250772
0.142269
0.0077308
0.0402951
-0.0544267
-0.0433274
-0.0470908
-0.0507278
0.0385273
0.112739
0.0405917
-0.117327
0.0471527
0.0125744
0.162782
-0.0202967
0.0356555
-0.015971
0.048922
-0.0172184
0.0339915
0.0460315
0.211408
-0.0201404
-0.00128103
-0.00761602
0.0464775
0.103799
0.0378862
0.048204
0.0434606
0.0259243
0.123194
0.0464002
-0.0123754
0.0940352
-0.235358
0.028257
0.074447
0.099166
0.0427128
-0.0447468
0.0342295
-0.155452
0.0963474
-0.00719313
-0.0151488
-0.00165289
0.0129787
0.0427697
-0.0330961
-0.00282091
0.0304783
-0.227853
-0.0845886
-0.0185407
0.080496
0.0421598
-0.109075
0.04261
-0.0110371
-0.0435514
-0.0136345
-0.25963
0.0357292
0.0291549
-0.0220219
0.0260717
0.0029551
-0.0452508
0.0934514
-0.109723
-0.00816168
0.0542522
-0.0187735
-0.0380226
-0.120923
0.00667857
0.0529783
0.0330837
-0.0240837
-0.0102141
0.0446047
0.0906858
-0.106196
-0.0684824
0.0121475
-0.133106
0.0482579
0.0214226
-0.0421012
-0.0041023
-0.0540337
0.0290535
-0.101133
0.0188874
0.0520574
-0.0667216
0.0395645
0.0833357
-0.0307633
0.0262798
0.014885
0.0744229
0.0226975
0.0819587
-0.0395239
0.00167132
0.0116594
0.0210742
0.0406556
0.023881
0.0600744
0.0524166
-0.00592541
0.0382227
0.0661729
0.0267207
0.0487361
0.121251
0.033693
0.054822
-0.00473316
0.0364562
0.0300529
0.0674197
0.162602
-0.074568
-0.0970722
0.129476
0.0123698
0.01279
-0.10137
0.0938806
0.0224392
0.120779
0.0104366
0.0405761
0.0220559
-0.00376696
0.0717611
0.016648
0.00472575
-0.0031338
-0.131533
-0.038367
-0.0737632
-0.0649583
-0.0230119
0.0305788
0.0231931
-0.0263108
-0.0721893
0.00955356
0.0278045
-0.0498211
-0.0428757
-0.0507138
0.0284052
0.0621046
0.0894564
0.00113599
0.073116
-0.02751
-0.0254454
0.0423564
0.0586797
0.052026
0.0610173
0.0250875
-0.0127269
-0.00735949
0.0490214
0.0487364
0.0242603
0.0148694
-0.0303347
0.0643712
0.157931
0.032981
0.00900078
-0.105198
-0.0908532
0.171426
-0.0324887
0.129716
-0.0210665
0.028156
0.0293456
-0.0393673
0.0961008
-0.0235493
-0.0159469
0.0807819
0.0377857
0.0670765
-0.113017
0.0291691
0.04909
-0.0300391
0.00540823
0.0672175
0.0403629
-0.0372981
-0.0231181
0.0383767
0.0680068
0.0496178
-0.000889554
-0.136731
0.0896664
0.0649825
-0.0366111
-0.156221
-0.0293924
0.0352275
0.029566
-0.074301
0.000247125
-0.0812457
-0.0150845
0.069993
0.0302227
0.041927
0.0319604
-0.0193716
-0.0129004
-0.000378804
0.0319795
-0.00479543
-0.0153584
0.015008
0.00812754
0.12215
-0.00287022
0.0082144
0.0395612
-0.0236507
-0.0460702
0.0782441
0.126661
0.016725
0.0344666
-0.0137107
0.0660206
-0.000481498
-0.0536464
0.0188541
0.0762564
0.0381948
-0.0452076
0.0603161
0.0392317
0.0714978
0.0351747
0.0176621
0.017224
0.0261673
0.062176
0.0743073
0.0535677
0.0361132
0.059226
0.0061356
0.0299864
0.00341006
0.0207354
-0.053275
-0.0314641
-0.0766335
0.0308602
0.00767356
0.0233698
0.0122199
-0.0544644
0.012739
0.0593344
0.12693
0.202064
0.100965
-0.0782758
-0.0342088
0.0177721
0.0279766
0.0108854
0.0404195
0.0978316
0.0218895
-0.034271
-0.092773
0.0862262
-0.100197
0.0697769
0.00706956
-0.0295517
0.177882
0.0483321
-0.00915442
-0.0347177
-0.075816
0.0113171
0.0455352
-0.0324518
-0.0225759
0.0166039
-0.0181345
0.0143614
0.0105287
0.0251989
0.0516355
-0.18757
-0.0385587
-0.00388664
-0.0299823
0.063988
-0.0599167
0.118747
-0.116779
-0.0777715
0.0419707
0.0667735
-0.0452626
-0.0469428
0.0759033
-0.0821294
-0.0514799
0.0635449
-0.0672505
-0.00200004
0.0934956
-0.0708857
0.0227656
0.103636
0.04142
-0.0132434
0.137706
0.0021765
0.0534962
-0.0202367
-0.0659591
-0.0182085
0.0243286
-0.00400738
0.0703854
0.0428585
0.0788666
-0.0613025
0.0169588
0.0330602
-0.00739902
-0.0297145
-0.0561815
0.0223916
-0.0418726
0.0410443
0.138677
-0.0138671
-0.00540626
0.0756909
0.0345636
-0.0547752
0.0457826
0.00459062
0.0337406
0.0272381
0.0690681
0.0212066
-0.0198155
-0.00914519
0.0393752
0.0150615
-0.0273114
0.0112462
0.145252
-0.00838161
-0.00793249
0.00493446
0.0623804
-0.0809387
-0.0354732
-0.00745442
0.018245
-0.0352202
0.0253944
0.0282288
0.0332427
-0.038393
-0.110616
-0.0142825
-0.0072579
0.0412754
0.0790919
0.0333303
0.0549545
-0.083175
0.0642319
-0.0170817
0.100336
0.00859617
-0.0158217
-0.0202999
0.0191705
0.0677294
0.0840196
-0.0681378
-0.0495067
0.0268542
0.0698631
0.000871219
0.173514
0.00199648
0.0821415
-0.0122153
0.0253447
0.01061
0.0275397
0.0412551
-0.0176694
-0.0476369
0.0110481
-0.0148479
0.00379354
0.0527595
-0.0682487
-0.108394
0.0576522
0.0821442
-0.0251881
0.0237196
-0.00314846
-0.0392495
0.0262568
0.0491708
-0.141631
0.0133509
0.0913304
-0.0636322
-0.0139046
0.0427414
-0.00670045
0.0884368
-0.140012
-0.105606
0.0785513
0.0444806
0.00710457
0.0608692
-0.0424047
0.0715325
-0.0189756
0.0243072
-0.00271046
0.0465808
0.00198108
-0.0327113
0.048123
-0.0237986
-0.0359101
0.0775953
-0.0471476
-0.0613742
0.0956256
0.0630406
-0.0240794
0.0479542
-0.00272188
-0.0103196
-0.0130013
0.029491
-0.128456
0.0520472
0.0865742
0.105378
0.0150429
0.127274
0.0638123
-0.0435249
0.0153146
0.0392935
-0.0067648
-0.0307684
-0.00152056
-0.0176138
-0.01921
0.0418473
0.047135
0.019288
-0.0691729
-0.0316584
-0.137768
-0.105453
0.039124
0.0363896
0.0559411
0.0637961
0.0993373
-0.0260536
0.136561
0.0356534
0.0987691
0.01198
-0.0182969
0.00451319
-0.00950638
-0.0406254
0.0213595
-0.0392041
0.026969
0.0133252
-0.230037
0.038098
-0.0219301
0.010181
0.0663839
-0.0260732
-0.0398469
0.011241
0.0504448
0.0238797
-0.0146472
-0.00797304
-0.0365527
-0.0353535
-0.0457549
-0.0495465
-0.0306036
0.0711512
0.0499199
-0.0396688
-0.0464887
0.0470391
-0.125967
0.0362056
0.00953829
0.055781
0.0385835
0.0127972
0.0605953
0.0179782
0.0371798
0.0289999
0.0311021
0.0115955
0.0231342
0.00754089
-0.0706297
0.0287983
0.0120436
0.0698639
0.0781711
0.155021
-0.0879881
0.00901191
0.0250109
0.0422597
-0.0487323
-0.0195193
-0.0340158
-0.0131145
0.0214477
0.136211
0.0804937
0.0369195
0.0284703
-0.0133851
0.00689418
0.0646848
0.262701
-0.000902203
0.0138626
-0.0630221
0.054508
0.0254965
-0.0297155
-0.0929397
0.105698
0.0487019
-0.0127366
0.0200081
-0.116574
5.69437
0.00572204
-0.0650678
0.00746906
0.0214885
0.0606083
0.0410711
0.0330622
0.133233
-0.0468453
-0.0145288
0.0106836
-0.0848726
0.031532
0.0144262
0.0747468
-0.0257962
0.0634779
-0.0360255
0.0701121
0.135614
-0.000862222
0.0842516
0.0624432
0.178331
-0.0472973
0.0238852
-0.0643823
0.0165625
0.0466233
0.0598861
0.0616546
0.0432543
-0.0155009
-0.0369443
0.0704333
0.0520472
0.0776326
-0.0475595
-0.0378674
0.229228
-0.0473116
-3.58087e-05
-0.0129938
-0.0147902
-0.0366245
-0.0482009
0.0136971
0.0330467
0.0905285
0.0402029
-0.135101
-0.0451013
0.0179418
0.0551358
0.00702157
0.0190188
-0.100513
-0.00232289
-0.0653873
8.31622e-05
0.029515
0.0312804
-0.0520133
-0.0392342
0.015095
0.0655496
-0.0132922
0.0112644
0.0388398
0.113615
0.00930486
0.0159778
0.0891738
-0.104487
0.00470786
0.0454007
0.0942814
0.00674856
-0.00179717
-0.02075
0.0791848
-0.141017
-0.0244286
0.0151649
-0.0168326
0.0658354
-0.0324559
-0.0304252
-0.109267
0.0082465
0.0478605
0.0248307
-0.0140404
-0.0160612
0.131591
0.0642907
0.201425
0.0584471
0.0552238
0.011155
0.00627528
0.0578764
0.113012
0.0995746
0.0181406
-0.133987
-0.018964
0.0787178
-0.0236583
0.107406
-0.00256621
-0.108508
-0.0350314
-0.00327317
-0.0330132
-0.0429347
0.0487068
0.107792
0.0111586
0.0462604
0.00330836
0.0187441
0.0253116
-0.0216688
-0.01622
0.0686336
0.00594725
0.00113375
0.0418686
-0.197231
0.0307314
0.0650821
0.00796244
-0.137445
-0.0562257
0.165863
-0.00454235
-0.123685
0.0594037
0.0290301
-0.00773386
-0.0206517
-0.0106709
-0.0834172
0.0692999
-0.00691717
0.0658607
-0.0137087
0.312816
0.00611172
-0.0387503
-0.0709952
-0.00290807
0.134555
0.00741945
0.0609508
0.013443
0.0680275
-0.0739141
-0.0499185
0.0194526
-0.0651936
0.0678776
-0.0383563
-0.0231744
0.0241123
0.0455694
-0.0440586
-0.0842184
0.0409679
-0.00915313
0.0477242
-0.0110545
-0.101223
0.0191789
0.051805
-0.163966
0.0123737
-0.0154813
0.074853
-0.0532155
-0.0206174
0.0463118
-0.00731123
-0.0564871
-0.0311461
0.0484654
0.0332027
-0.0139119
0.0419244
-0.0650673
-0.0951805
-0.0150843
0.017412
-0.0486188
-0.0112
-0.0406274
0.0175511
-0.0437748
0.0211433
-0.0153977
-0.00216126
0.0118514
-0.0640717
0.0317854
0.0959866
-0.0262792
0.136753
0.0275972
0.108874
-0.00618738
-0.00720015
-0.0181305
-0.0460074
0.0697064
-0.0185902
0.0828393
0.036092
0.0791833
0.141239
0.00615594
0.0237896
-0.0424128
0.091186
0.0320434
0.054814
-0.0280412
0.0519795
-0.0940381
0.0529082
0.0835597
-0.00902725
0.0465599
-0.0322969
-0.0180898
-0.0106274
-0.0828972
-0.0953519
0.0886647
0.0791063
0.0108405
-0.0344269
0.0706462
-0.0681447
-0.037586
0.030662
0.0271223
-0.0445581
0.0444321
-0.0457756
-0.0569649
0.0424203
0.0445901
0.0137886
0.0327246
0.032283
0.0256026
-0.0163357
0.12469
-0.00663189
0.42052
-0.0467867
0.108683
-0.0625632
-0.118027
0.0613723
-0.03749
-0.0329405
0.0873911
0.0467001
0.106368
0.00394417
0.0622195
0.0409771
-0.106449
0.00557088
0.0984923
-0.00881026
0.0203968
0.0107177
0.0444799
-0.000976818
-0.0158224
0.0732638
-0.005858
0.0710406
0.021415
0.0275023
-0.01553
0.157594
-0.0953815
0.0891458
0.00286951
-0.0417408
0.0204451
0.112192
0.0102478
0.20804
-0.0540482
-0.018758
0.0273304
-0.058775
-0.0361365
0.00936231
0.00950268
-0.0748796
0.0741404
-0.119709
0.0403048
-0.0192883
-0.100306
0.151707
0.0720677
-0.0319239
0.0304135
-0.0552197
-0.0432369
-0.0479894
-0.0271878
0.137042
-0.0131888
0.054001
0.00695717
0.11602
0.00491011
0.0521739
0.00466554
-0.10852
-0.0399123
0.0632597
-0.0179605
0.0389018
0.0236373
0.0594099
-0.0295832
-0.0165328
0.0434235
-0.00845825
0.0537564
-0.00246864
0.046745
0.00299198
-0.0215914
0.0724297
-0.00255548
-0.0578786
0.031755
0.0298502
0.0797571
-0.00802958
0.00323868
-0.012291
0.0810248
0.0319325
0.0909816
0.0508209
0.06847
0.038785
0.0960408
0.00143276
0.00602798
0.0846022
0.0150525
0.138086
-0.059418
0.0122659
-0.0607719
0.0580029
-0.0536088
0.043327
-0.0389425
-0.0338992
0.0522857
0.072195
0.0229363
0.0637528
0.0326224
-0.0417373
-0.0213847
0.0219927
-0.0297105
-0.0369885
0.100977
-0.0219193
-0.0884971
0.00544504
0.0406236
-0.000460802
-0.0229701
0.076148
0.0728177
-0.00669732
0.0121847
0.0379507
-0.112692
-0.0529635
0.0217434
0.0620832
-0.0748361
-0.125717
0.0709114
-0.0434084
0.0306916
0.0589266
0.00916356
0.0717279
-0.00130577
0.245946
0.0362017
-0.0595669
-0.0272241
0.0842841
-0.138738
-0.0854678
-0.047811
0.0180924
0.0322607
-0.188455
-0.0833507
-0.0398434
0.0284631
0.0759674
0.0817933
0.0164062
0.0474303
-0.0121501
0.00702552
-0.108232
0.00563811
0.0534384
0.0226232
-0.0324142
0.197814
0.0510043
0.11319
-0.0253065
-0.0335147
0.00813897
0.0906402
0.0237512
0.0859958
-0.0380645
0.0137916
-0.000533769
0.0374538
0.0192416
0.100462
0.0376142
0.0592513
-0.00851344
0.0504788
0.268435
-0.0784669
-0.0162475
0.0255229
-0.0410016
-0.0526636
-0.0179363
-0.0172741
-0.183948
0.0256838
0.0396433
-0.00963287
-0.000234199
0.0956449
-0.0361797
-0.16113
0.00471141
-0.0218897
-0.071609
0.0356728
-0.0396672
0.0735382
0.0356485
-0.00645679
0.0391516
-0.060128
-0.0392252
-0.00793993
0.0486791
-0.065701
0.0668326
-0.0332494
-0.0231042
0.00189512
0.0633988
-0.021015
0.00545946
0.0256472
0.030772
-0.0321179
-0.262265
0.0716749
-0.00971529
0.106034
0.00620757
0.131226
-0.00751982
-0.0136665
0.0195962
0.188592
0.0360347
0.0313431
-0.0380949
0.0455558
0.156457
0.0138776
0.0691128
0.0917607
0.083113
0.0182938
-0.00910861
-0.0764145
0.146687
-0.0331068
0.023625
0.0782763
0.0967197
-0.151177
0.0272806
0.0396321
0.0317715
0.039761
0.0858565
0.00741794
0.0416146
-0.0392401
-0.0223885
0.0507079
-0.0428189
-0.0487047
0.10475
0.0194138
-0.00774358
0.0234838
0.00624976
-0.043276
-0.0196462
0.0700631
0.0591799
0.0283064
0.0574917
-0.0544118
0.0651922
0.135229
-0.0838693
-0.00868404
0.200403
-0.0214746
-0.0782663
0.0817219
-0.00964543
0.013105
-0.0298527
-0.0757159
0.00168858
-0.00243788
-0.0348219
0.0792828
0.0324513
0.0680801
0.0420919
-0.0287156
-0.0335284
-0.00992773
0.0174463
-0.0572235
0.0127775
-0.0260972
0.0412497
0.0526082
0.0629705
-0.0214158
-0.00728262
0.0411476
0.0907642
-0.0496289
-0.0592281
0.0806352
