0.509821
0.493696
0.628397
0.346044
0.481828
0.527773
0.496818
0.501522
0.530653
0.434793
0.489575
0.49067
0.52509
0.465418
0.499573
0.482373
0.474992
0.499133
0.502565
0.487111
0.503237
0.493647
0.507544
0.498843
0.485235
0.486261
0.508958
0.498948
0.491056
0.460023
0.494594
0.510371
0.488601
0.530855
0.473417
0.506778
0.504346
0.491268
0.500093
0.482993
0.448425
0.52483
0.494127
0.476843
0.467241
0.486786
0.532685
0.460046
0.479358
0.503984
0.499591
0.495573
0.504518
0.482239
0.478073
0.486706
0.477731
0.489041
0.510036
0.494647
0.463609
0.526865
0.494094
0.484046
0.514684
0.445419
0.481731
0.498445
0.500856
0.500064
0.530338
0.458378
0.492118
0.483115
0.488328
0.49673
0.470527
0.476649
0.402378
0.592925
0.442386
0.547243
0.320811
0.661628
0.482496
0.51987
0.615555
0.376468
0.51794
0.472408
0.486127
0.478902
0.513713
0.473966
0.483493
0.464182
0.477392
0.508737
0.481274
0.478742
0.483236
0.485339
0.467072
0.508717
0.482326
0.499881
0.526764
0.471304
0.450558
0.527759
0.507712
0.496409
0.495717
0.488301
0.502863
0.502559
0.497105
0.507019
0.49918
0.489702
0.48851
0.493545
0.484819
0.493139
0.477124
0.503122
0.497204
0.510012
0.488839
0.486913
0.525493
0.465293
0.438564
0.54549
0.492069
0.497652
0.512098
0.488221
0.49708
0.509374
0.512584
0.488671
0.49054
0.493906
0.490741
0.503801
0.554131
0.440928
0.538662
0.420798
0.483152
0.488514
0.401508
0.600209
0.509667
0.484465
0.480908
0.513962
0.486844
0.537414
0.51339
0.492134
0.506542
0.468599
0.590596
0.422041
0.4548
0.533987
0.497532
0.493289
0.452276
0.507872
0.514391
0.474706
0.507885
0.47791
0.498801
0.493765
0.504772
0.490154
0.501087
0.513886
0.508046
0.492911
0.477488
0.505696
0.490809
0.489218
0.502805
0.426036
0.528334
0.464411
0.496215
0.489977
0.481094
0.46286
0.542658
0.420534
0.484077
0.5165
0.480177
0.513685
0.530111
0.477997
0.560533
0.450836
0.515736
0.485445
0.509794
0.463539
0.500665
0.489734
0.559865
0.428155
0.489946
0.493694
0.516452
0.468009
0.491641
0.495246
0.490548
0.502534
0.481069
0.495892
0.446754
0.501042
0.536922
0.45366
0.492322
0.497082
0.500308
0.48277
0.485508
0.5026
0.498464
0.490063
0.497668
0.491538
0.494277
0.52125
0.489509
0.518019
0.451863
0.523004
0.516223
0.493032
0.492031
0.483864
0.502621
0.497691
0.457604
0.510713
0.512693
0.488292
0.492941
0.492756
0.473979
0.506359
0.477214
0.50394
0.485882
0.512358
0.514373
0.442915
0.474599
0.520357
0.562813
0.43816
0.499563
0.503254
0.50921
0.4937
0.486591
0.511807
0.47841
0.480388
0.496934
0.503118
0.477691
0.488357
0.499536
0.496681
0.487903
0.520554
0.503152
0.499032
0.496535
0.489673
0.483014
0.523601
0.478477
0.51878
0.427099
0.550889
0.509415
0.450968
0.482612
0.512933
0.513351
0.462644
0.504706
0.488805
0.473448
0.498623
0.497208
0.485235
0.54118
0.452006
0.48744
0.496353
0.516667
0.472139
0.495227
0.492366
0.480185
0.505396
0.533039
0.495922
0.47952
0.486253
0.498309
0.480981
0.504762
0.436501
0.523257
0.431853
0.487476
0.496257
0.477135
0.488188
0.502411
0.472368
0.488143
0.507714
0.514153
0.484232
0.498813
0.47133
0.453895
0.54311
0.48935
0.468786
0.479318
0.476523
0.475985
0.518961
0.476481
0.512551
0.484456
0.503165
0.482944
0.507487
0.49584
0.485926
0.495211
0.498223
0.502857
0.4952
0.500776
0.488332
0.483934
0.505469
0.487878
0.506487
0.487474
0.515768
0.495806
0.483124
0.516635
0.471228
0.482466
0.495924
0.471702
0.52235
0.382546
0.602045
0.487531
0.507781
0.519332
0.450815
0.484486
0.485627
0.499078
0.49109
0.518976
0.466273
0.499729
0.467431
0.459167
0.537771
0.477214
0.518325
0.491901
0.500458
0.502499
0.490049
0.495239
0.493138
0.486718
0.490228
0.438483
0.529677
0.50351
0.494377
0.506957
0.512424
0.480358
0.501812
0.493522
0.51449
0.461732
0.521568
0.510198
0.494382
0.522241
0.474599
0.492473
0.489345
0.502526
0.492657
0.448292
0.529326
0.46675
0.524883
0.441587
0.538583
0.508138
0.476843
0.503086
0.504054
0.431273
0.571349
0.469331
0.51806
0.490716
0.480594
0.475352
0.509525
0.503049
0.48987
0.495448
0.497357
0.491929
0.504947
0.468645
0.523691
0.486005
0.498507
0.488133
0.496071
0.478534
0.502844
0.500344
0.491734
0.510363
0.49099
0.511237
0.45973
0.467909
0.523184
0.496895
0.479599
0.479263
0.520536
0.515771
0.467443
0.488257
0.497446
0.495201
0.505575
0.506671
0.479885
0.551554
0.447881
0.491615
0.517437
0.498992
0.503037
0.507531
0.484854
0.508296
0.471035
0.504031
0.471068
0.498126
0.47262
0.506466
0.506324
0.497042
0.497989
0.471672
0.499033
0.476084
0.505483
0.499038
0.503195
0.508692
0.463699
0.651451
0.348666
0.492877
0.487593
0.505977
0.499679
0.500097
0.46181
0.480265
0.505077
0.485528
0.517082
0.504012
0.490059
0.491071
0.498047
0.486856
0.495472
0.541296
0.453491
0.497079
0.496171
0.477447
0.492694
0.490073
0.493494
0.482841
0.479559
0.486599
0.499936
0.497566
0.473363
0.496188
0.493215
0.503897
0.488386
0.469437
0.499298
0.540885
0.441278
0.496704
0.479345
0.490535
0.472754
0.550517
0.463314
0.494898
0.479275
0.471445
0.519625
0.296892
0.697671
0.496258
0.495092
0.51501
0.420452
0.518693
0.468264
0.49938
0.494475
0.485722
0.493421
0.371808
0.636836
0.479187
0.487656
0.426417
0.571298
0.480458
0.494778
0.49857
0.497504
0.499765
0.500707
0.463984
0.524218
0.538341
0.466412
0.554553
0.422113
0.565923
0.405963
0.505203
0.487428
0.493311
0.484738
0.522322
0.471045
0.492194
0.474036
0.461722
0.479354
0.476494
0.506611
0.524418
0.469836
0.482865
0.4691
0.501724
0.478356
0.526388
0.483664
0.520515
0.481811
0.460658
0.482929
0.417969
0.554682
0.477077
0.493979
0.525342
0.481717
0.525286
0.471373
0.494487
0.493193
0.497284
0.479804
0.471757
0.521962
0.431676
0.535339
0.519642
0.489019
0.39048
0.573738
0.495708
0.495366
0.503447
0.507383
0.499372
0.49586
0.53193
0.460996
0.480526
0.529109
0.436818
0.551734
0.500905
0.487463
0.438653
0.559047
0.501464
0.457202
0.499123
0.497616
0.47892
0.496457
0.499146
0.476662
0.477953
0.511308
0.476249
0.507287
0.48524
0.497342
0.50624
0.466109
0.494266
0.459924
0.553579
0.445114
0.474919
0.490281
0.509387
0.453968
0.493606
0.493318
0.502105
0.49512
0.490107
0.48983
0.509802
0.483878
0.528113
0.462807
0.492141
0.484493
0.502829
0.492643
0.489385
0.467713
0.523105
0.48587
0.498345
0.486707
0.4983
0.460945
0.456301
0.51899
0.369362
0.608677
0.487666
0.497884
0.488801
0.488708
0.513866
0.493077
0.477382
0.521424
0.434104
0.551472
0.583926
0.407437
0.499444
0.500503
0.470328
0.52604
0.495266
0.487913
0.486278
0.490853
0.549208
0.426777
0.491611
0.511068
0.51861
0.476627
0.511939
0.478608
0.505463
0.507771
0.47029
0.5034
0.493807
0.490543
0.507177
0.486856
0.464525
0.487819
0.530536
0.479099
0.477407
0.479885
0.435373
0.527454
0.501812
0.490174
0.50126
0.510201
0.516569
0.504435
0.504783
0.492047
0.467185
0.512136
0.474904
0.498681
0.465606
0.523088
0.490975
0.495315
0.497561
0.489533
0.492426
0.509384
0.534008
0.475039
0.546669
0.449461
0.491087
0.510608
0.503405
0.493468
0.496906
0.490189
0.469272
0.517294
0.497704
0.501518
0.49727
0.458088
0.494081
0.499128
0.495822
0.487889
0.490859
0.521702
0.517936
0.4981
0.444472
0.5318
0.512513
0.477294
0.496599
0.504896
0.50031
0.491967
0.500348
0.48284
0.501808
0.483509
0.470357
0.526648
0.496959
0.491651
0.501019
0.486832
0.509386
0.494553
0.491866
0.498795
0.454756
0.532271
0.510975
0.479117
0.455958
0.51573
0.469242
0.50574
0.52497
0.472691
0.323236
0.668164
0.522827
0.45485
0.483683
0.484702
0.508561
0.499217
0.517044
0.485006
0.478229
0.502143
0.448391
0.541067
0.490914
0.501301
0.470566
0.516188
0.485938
0.492982
0.492774
0.510561
0.509345
0.473904
0.513545
0.484482
0.493846
0.503963
0.482076
0.487228
0.549293
0.442071
0.477078
0.523541
0.509363
0.484813
0.496228
0.493055
0.416696
0.575245
0.492795
0.505532
0.540727
0.450735
0.493302
0.478274
0.493086
0.510309
0.519635
0.467539
0.484269
0.480162
0.474689
0.487509
0.509432
0.482218
0.496796
0.496926
0.503437
0.483463
0.504022
0.484377
0.504841
0.477036
0.492923
0.464947
0.491038
0.515498
0.503382
0.506551
0.479216
0.48864
0.481374
0.496311
0.489271
0.483041
0.493147
0.486294
0.481998
0.510335
0.497071
0.478588
0.526091
0.462029
0.46768
0.502425
0.474142
0.512861
0.503666
0.477786
0.510643
0.476541
0.52051
0.483325
0.496023
0.504896
0.484681
0.49227
0.483266
0.489465
0.502687
0.507574
0.478253
0.518628
0.517188
0.464795
0.493582
0.464669
0.510573
0.482834
0.495162
0.488152
0.51162
0.47364
0.484845
0.489759
0.498059
0.48671
0.481991
0.508457
0.513966
0.476475
0.486012
0.491962
0.523265
0.466606
0.48215
0.484516
0.490468
0.485704
0.517482
0.472834
0.4954
0.503659
0.491844
0.507419
0.51794
0.480522
0.475832
0.498413
0.477419
0.516242
0.500096
0.492176
0.496133
0.465354
0.462124
0.497355
0.46594
0.503452
0.502337
0.462896
0.484674
0.504037
0.496188
0.491496
0.506713
0.489223
0.457946
0.508768
0.498982
0.497219
0.487204
0.49565
0.532864
0.438735
0.498786
0.466291
0.504986
0.479171
0.473973
0.502238
0.5022
0.516442
0.554067
0.431921
0.493704
0.492245
0.509182
0.461252
0.493195
0.488399
0.487067
0.498721
0.481854
0.505912
0.681353
0.314365
0.481852
0.503312
0.486791
0.50692
0.47505
0.509766
0.501978
0.482025
0.462846
0.520446
0.489068
0.49717
0.477067
0.499383
0.499599
0.491139
0.493425
0.498183
0.477944
0.501095
0.497941
0.483072
0.498812
0.47641
0.500338
0.468167
0.495614
0.499628
0.490134
0.494987
0.431154
0.56267
0.505829
0.49604
0.450405
0.518894
0.50743
0.490508
0.500523
0.474055
0.494618
0.497657
0.394293
0.608478
0.480793
0.501211
0.593959
0.39953
0.468119
0.520007
0.501911
0.506229
0.45944
0.532526
0.428458
0.566684
0.535124
0.474681
0.485563
0.48531
0.499755
0.508473
0.49033
0.487723
0.485877
0.491961
0.507785
0.458897
0.492638
0.493083
0.479086
0.486247
0.464106
0.53525
0.507055
0.493897
0.506032
0.478883
0.524066
0.470097
0.504348
0.488481
0.556001
0.403289
0.475423
0.512687
0.55504
0.430894
0.499925
0.508266
0.48776
0.492768
0.536623
0.476652
0.488173
0.494586
0.430649
0.55206
0.510325
0.473568
0.482107
0.515213
0.47193
0.504939
0.507057
0.487411
0.505216
0.488629
0.481278
0.498481
0.505483
0.513929
0.524343
0.472553
0.486754
0.490647
0.461836
0.532639
0.492143
0.493053
0.498535
0.46733
0.514382
0.483297
0.503554
0.438179
0.486356
0.491422
0.479021
0.533601
0.50539
0.477477
0.48657
0.483023
0.465769
0.506185
0.476587
0.487039
0.510059
0.482265
0.484538
0.50047
0.470635
0.528773
0.492473
0.490851
0.510139
0.478972
0.494824
0.491267
0.480594
0.471548
0.482914
0.499483
0.521274
0.45001
0.490857
0.502885
0.492884
0.495414
0.512789
0.463646
0.51301
0.490937
0.511357
0.478935
0.525888
0.43526
0.486068
0.515003
0.515811
0.464586
0.501754
0.45767
0.502091
0.464688
0.493763
0.485752
0.464559
0.509732
0.50395
0.500304
0.509067
0.463339
0.418091
0.571406
0.514979
0.477435
0.506567
0.497937
0.659175
0.294431
0.493291
0.494204
0.476684
0.513643
0.518178
0.453761
0.505454
0.479512
0.472899
0.486208
0.48248
0.500754
0.49526
0.487602
0.479417
0.484651
0.483505
0.516563
0.53626
0.469049
0.504982
0.491928
0.497659
0.482547
0.493791
0.51417
0.455998
0.502707
0.491368
0.504268
0.509415
0.483914
0.495599
0.492759
0.469367
0.507936
0.497276
0.493668
0.454186
0.51936
0.45483
0.513592
0.48318
0.510652
0.499152
0.486767
0.490959
0.499344
0.483055
0.487675
0.47876
0.499117
0.509392
0.498847
0.462312
0.521664
0.515472
0.484595
0.486266
0.473189
0.484701
0.509688
0.484403
0.500865
0.510412
0.484018
0.502667
0.492727
0.488132
0.496622
0.476754
0.520737
0.512946
0.489419
0.464249
0.514675
0.467602
0.519984
0.476522
0.49818
0.487179
0.493791
0.482698
0.510873
0.578657
0.403054
0.487768
0.493626
0.436419
0.558595
0.526791
0.476823
0.529543
0.456555
0.491922
0.517617
0.493478
0.48541
0.51166
0.489379
0.481767
0.503309
0.510613
0.492897
0.50575
0.502112
0.467166
0.535847
0.511162
0.494083
0.495347
0.489081
0.456841
0.4975
0.467378
0.512932
0.526654
0.461428
0.472669
0.507475
0.481869
0.491722
0.493549
0.495273
0.502018
0.472732
0.501597
0.491267
0.506666
0.485525
0.504795
0.498456
0.509166
0.460918
0.495289
0.487316
0.506886
0.476344
0.496818
0.499534
0.452443
0.521798
0.47273
0.490259
0.513422
0.495194
0.489166
0.496883
0.469534
0.50972
0.531485
0.46578
0.503311
0.494567
0.467008
0.480213
0.47532
0.507363
0.489971
0.461097
0.589348
0.394127
0.496423
0.475552
0.475329
0.510858
0.4892
0.521994
0.520281
0.469853
0.488078
0.495333
0.480659
0.491651
0.500352
0.484589
0.488637
0.51177
0.500682
0.480836
0.489265
0.50531
0.597013
0.392813
0.478236
0.518099
0.475306
0.499307
0.507492
0.500637
0.490449
0.500008
0.497084
0.492703
0.495278
0.506536
0.531625
0.468234
0.495025
0.478369
0.494432
0.523754
0.599624
0.394745
0.492395
0.487969
0.489783
0.482947
0.497115
0.495013
0.479796
0.511441
0.515814
0.487452
0.481405
0.494945
0.493063
0.492781
0.479457
0.485118
0.492731
0.485996
0.438829
0.554507
0.5404
0.465945
0.509079
0.467982
0.473627
0.535234
0.499876
0.484486
0.531314
0.450711
0.498594
0.482692
0.487887
0.524123
0.485118
0.513468
0.490117
0.48172
0.490821
0.483408
0.497432
0.503086
0.480327
0.489417
0.551961
0.426069
0.519115
0.47098
0.505565
0.501482
0.505715
0.488279
0.480772
0.497245
0.480404
0.508908
0.61677
0.363603
0.550103
0.452115
0.500987
0.490802
0.513326
0.482109
0.505274
0.499069
0.521299
0.472124
0.473467
0.512029
0.50948
0.475692
0.492434
0.48499
0.493137
0.469013
0.456735
0.515113
0.519079
0.475554
0.477968
0.480651
0.510844
0.462557
0.497178
0.477312
0.506635
0.472125
0.492249
0.503226
0.494908
0.510136
0.452979
0.516543
0.50637
0.506222
0.494902
0.489178
0.511731
0.462685
0.494134
0.499079
0.522824
0.468526
0.486433
0.470718
0.476834
0.517449
0.561428
0.420298
0.41158
0.551048
0.48611
0.501031
0.493814
0.516718
0.516168
0.460243
0.502748
0.457899
0.49951
0.47001
0.517724
0.482568
0.452579
0.502794
0.482614
0.487965
0.485928
0.532635
0.52232
0.490056
0.502204
0.491103
0.494796
0.512028
0.476478
0.501728
0.559466
0.45281
0.473178
0.512858
0.498484
0.493344
0.463354
0.520181
0.478915
0.511137
0.504121
0.496289
0.440892
0.562863
0.48292
0.492643
0.551973
0.445877
0.47807
0.49384
0.510769
0.475329
0.481529
0.504055
0.493267
0.507048
0.52283
0.45455
0.474654
0.50288
0.507627
0.487292
0.492133
0.505558
0.517108
0.459847
0.478327
0.499449
0.485771
0.482443
0.516821
0.480119
0.484322
0.527537
0.473934
0.498188
0.479961
0.513736
0.469342
0.52494
0.498234
0.500141
0.474624
0.501935
0.497402
0.500487
0.526327
0.492876
0.490735
0.486384
0.507689
0.473105
0.678051
0.295581
0.444933
0.546521
0.517312
0.457664
0.445302
0.533402
0.487862
0.493921
0.479702
0.510565
0.503801
0.473789
0.505144
0.476215
0.49835
0.490677
0.465415
0.514903
0.611129
0.382866
0.50868
0.492954
0.442423
0.502025
0.485312
0.482145
0.529062
0.47093
0.522745
0.466884
0.482204
0.507249
0.479405
0.494582
0.498091
0.461905
0.477744
0.491085
0.500558
0.502982
0.485791
0.490043
0.483715
0.509361
0.504805
0.501745
0.517691
0.496088
0.486774
0.501808
0.558406
0.416198
0.480319
0.517689
0.522956
0.460629
0.600466
0.399774
0.528756
0.459363
0.519568
0.476484
0.492897
0.494616
0.519832
0.469966
0.50575
0.492373
0.489398
0.495148
0.508255
0.488338
0.437426
0.543863
0.478789
0.516545
0.488637
0.503857
0.478881
0.51679
0.504797
0.493017
0.500273
0.507518
0.497825
0.481926
0.469106
0.497991
0.452413
0.543745
0.478554
0.527373
0.498814
0.501183
0.495805
0.516772
0.498004
0.482099
0.634181
0.377368
0.526311
0.472125
0.427601
0.5512
0.51437
0.462932
0.46443
0.481588
0.488088
0.504285
0.527656
0.466095
0.527191
0.461953
0.467897
0.531181
0.49474
0.497359
0.490428
0.496625
0.492117
0.504634
0.520897
0.47847
0.499465
0.482323
0.505041
0.489531
0.498361
0.48648
0.483705
0.488091
0.49751
0.473792
0.483976
0.498586
0.486374
0.506632
0.470079
0.49507
0.500522
0.476111
0.531901
0.471537
0.502929
0.490056
0.510812
0.456753
0.502695
0.483755
0.490906
0.489478
0.454413
0.540257
0.477452
0.489025
0.487221
0.493394
0.496201
0.489483
0.508628
0.477087
0.504862
0.493711
0.523505
0.454688
0.4823
0.49502
0.507608
0.500416
0.480176
0.483879
0.467784
0.512521
0.596993
0.393589
0.51625
0.474231
0.519989
0.485416
0.479221
0.499913
0.490292
0.496996
0.49353
0.497418
0.488868
0.485268
0.497924
0.488841
0.503889
0.477245
0.477719
0.519643
0.497721
0.489636
0.490372
0.474233
0.445903
0.546807
0.499211
0.502194
0.48968
0.517447
0.458886
0.51071
0.496095
0.495791
0.448499
0.547636
0.501833
0.510568
0.535955
0.466477
0.513203
0.47241
0.506679
0.48694
0.470627
0.488322
0.496819
0.485921
0.468955
0.50037
0.494262
0.47063
0.510176
0.454094
0.505459
0.509777
0.493117
0.487638
0.521155
0.479407
0.480455
0.488877
0.484098
0.516506
0.514785
0.480944
0.555977
0.44183
0.497776
0.503272
0.483103
0.495103
0.539112
0.415946
0.481528
0.498709
0.499212
0.482478
0.505318
0.472008
0.473344
0.510492
0.488532
0.513805
0.501585
0.492719
0.499044
0.492852
0.501261
0.466283
0.48449
0.474504
0.509146
0.505104
0.49026
0.520698
0.500309
0.497698
0.473913
0.523331
0.516785
0.470115
0.516808
0.451148
0.503347
0.488955
0.500523
0.479054
0.562138
0.417881
0.469098
0.507368
0.495414
0.446881
0.501321
0.501454
0.511556
0.494413
0.502558
0.471058
0.494801
0.506355
0.491312
0.500683
0.504319
0.495161
0.507691
0.479618
0.527165
0.447555
0.494265
0.490362
0.514007
0.460662
0.489796
0.502013
0.529344
0.459827
0.510051
0.489953
0.507335
0.481254
0.473903
0.511749
0.495792
0.485308
0.483454
0.503154
0.509268
0.483538
0.502048
0.471401
0.52236
0.468006
0.499637
0.497878
0.410389
0.577454
0.504775
0.463585
0.497724
0.462441
0.488356
0.48898
0.500398
0.50934
0.487958
0.487755
0.499031
0.495204
0.481532
0.507234
0.475438
0.497279
0.483672
0.489469
0.476384
0.51296
0.515467
0.443025
0.41851
0.559212
0.509914
0.447178
0.642479
0.352251
0.52154
0.483614
0.483707
0.495012
0.569669
0.422986
0.487965
0.48628
0.489299
0.527941
0.483295
0.491249
0.485546
0.493725
0.498606
0.476233
0.483724
0.513003
0.492809
0.514311
0.475463
0.525161
0.493887
0.484724
0.488064
0.49829
0.487769
0.513192
0.491252
0.495946
0.475605
0.496249
0.446176
0.520571
0.488052
0.492992
0.504731
0.479997
0.518662
0.489957
0.341052
0.639669
0.459964
0.506001
0.473321
0.483302
0.50675
0.476773
0.49701
0.45958
0.492602
0.504162
0.514483
0.484262
0.501008
0.483713
0.490742
0.494511
0.515372
0.47801
0.518975
0.481389
0.497244
0.503515
0.461758
0.521536
0.46847
0.512129
0.479967
0.506733
0.515914
0.486422
0.466549
0.514456
0.482676
0.509811
0.473451
0.483575
0.505083
0.491126
0.456033
0.55431
0.501521
0.491921
0.59103
0.385562
0.501679
0.48799
0.503228
0.507918
0.497798
0.480865
0.479691
0.504925
0.489194
0.489744
0.508222
0.491385
0.48561
0.503785
0.465854
0.515979
0.500727
0.491221
0.519418
0.473229
0.489963
0.518319
0.489436
0.461824
0.499099
0.477294
0.495544
0.479999
0.463723
0.53524
0.481033
0.482852
0.478449
0.50557
0.530429
0.450824
0.515893
0.477479
0.442602
0.555326
0.511946
0.489218
0.496711
0.50009
0.493903
0.505254
0.50181
0.494145
0.473272
0.516882
0.480087
0.484987
0.511104
0.499768
0.549493
0.436402
0.49879
0.476088
0.502621
0.488949
0.481212
0.483654
0.498043
0.484656
0.450799
0.511925
0.619753
0.364379
0.489553
0.514082
0.503708
0.487195
0.441992
0.561642
0.488948
0.500086
0.416273
0.550745
0.487553
0.4919
0.472522
0.494668
0.460798
0.511609
0.491998
0.515552
0.428743
0.548131
0.482303
0.501961
0.509424
0.501468
0.473874
0.504886
0.469927
0.490673
0.501072
0.497581
0.490403
0.495936
0.458138
0.509364
0.50087
0.503263
0.513854
0.473012
0.514469
0.472681
0.529932
0.45338
0.494934
0.50316
0.507604
0.477119
0.485612
0.494477
0.502079
0.490065
0.542856
0.463099
0.465468
0.499443
0.542117
0.453528
0.494371
0.488795
0.470845
0.522433
0.454911
0.510222
0.445646
0.547592
0.52475
0.465981
0.457487
0.526773
0.511543
0.482397
0.487174
0.506766
0.499952
0.486649
0.474087
0.514204
0.493586
0.495076
0.480408
0.507392
0.485265
0.494211
0.499498
0.501961
0.499409
0.484522
0.511252
0.492534
0.468871
0.535177
0.490241
0.511945
0.523663
0.473865
0.47867
0.497375
0.474588
0.498102
0.475156
0.506634
0.525827
0.489552
0.467077
0.516904
0.48422
0.487789
0.484198
0.488899
0.500122
0.499778
0.405541
0.589591
0.493041
0.500695
0.493032
0.511117
0.499464
0.483963
0.512983
0.494382
0.483667
0.486501
0.519535
0.468361
0.488923
0.513416
0.470377
0.482956
0.50295
0.481692
0.506985
0.466094
0.504787
0.489098
0.499839
0.500367
0.502361
0.493082
0.494545
0.494641
0.51199
0.45633
0.483363
0.510324
0.521727
0.466004
0.474643
0.507797
0.475873
0.506654
0.525149
0.467925
0.496662
0.488705
0.50043
0.494377
0.617776
0.367156
0.473414
0.502637
0.504878
0.5076
0.481324
0.487534
0.489497
0.490174
0.483196
0.502194
0.454252
0.549866
0.496294
0.486359
0.484385
0.501362
0.51197
0.497978
0.505552
0.506777
0.484391
0.510621
0.506052
0.503996
0.49847
0.504135
0.507019
0.486053
0.505685
0.489738
0.491138
0.506763
0.490238
0.466521
0.495376
0.504641
0.506393
0.464898
0.533029
0.44333
0.51061
0.48708
0.524554
0.468302
0.491278
0.493702
0.46519
0.503302
0.484252
0.465674
0.50514
0.484756
0.515321
0.472843
0.511629
0.465117
0.480838
0.487347
0.482644
0.5098
0.424413
0.537877
0.506578
0.487211
0.492057
0.512613
0.503923
0.497045
0.507701
0.478118
0.498961
0.498983
0.513032
0.496204
0.471023
0.517536
0.464614
0.496558
0.491332
0.476478
0.467208
0.512042
0.477259
0.499856
0.506381
0.50189
0.478558
0.49607
0.487076
0.497848
0.512676
0.494341
0.4878
0.504787
0.493051
0.495509
0.51872
0.483357
0.489957
0.503651
0.481882
0.493399
0.489835
0.483181
0.491637
0.508242
0.472397
0.526467
0.56203
0.44011
0.386389
0.601054
0.485621
0.516708
0.483035
0.510875
0.502302
0.486073
0.586015
0.396249
0.445119
0.531927
0.517206
0.476501
0.506977
0.490661
0.496442
0.497284
0.507674
0.491412
0.489141
0.481961
0.49554
0.498867
0.508004
0.498287
0.520904
0.449894
0.490041
0.473675
0.489417
0.48172
0.520291
0.469711
0.514185
0.485525
0.438625
0.555683
0.555487
0.427221
0.497505
0.501335
0.466199
0.475975
0.461196
0.511368
0.516872
0.492865
0.499942
0.507839
0.488492
0.497901
0.501482
0.499023
0.480741
0.49624
0.47129
0.498869
0.503593
0.497555
0.487522
0.500239
0.50448
0.487291
0.505525
0.506291
0.479753
0.507325
0.484811
0.506992
0.418753
0.563138
0.508046
0.491676
0.481654
0.489011
0.499532
0.486472
0.486065
0.474232
0.462398
0.507179
0.467089
0.530343
0.515527
0.488685
0.49624
0.493396
0.489624
0.490147
0.508537
0.479925
0.48084
0.502467
0.479304
0.500898
0.50276
0.491219
0.449103
0.502913
0.462209
0.524474
0.478187
0.496683
0.496584
0.479504
0.517558
0.482793
0.503448
0.492009
0.488667
0.519927
0.536915
0.451718
0.50036
0.495753
0.49664
0.484388
0.478041
0.498643
0.487104
0.472535
0.491435
0.509837
0.530474
0.452841
0.445624
0.540155
0.481236
0.523317
0.48862
0.496676
0.485662
0.508775
0.505844
0.488296
0.487108
0.500975
0.505152
0.487742
0.479091
0.473258
0.494333
0.50706
0.439623
0.539095
0.504368
0.493452
0.478187
0.495649
0.499039
0.480276
0.494681
0.503752
0.482471
0.515661
0.49793
0.496173
0.488927
0.481733
0.496843
0.493421
0.50148
0.477229
0.499209
0.495295
0.505795
0.508635
0.483769
0.499711
0.511087
0.449814
0.498643
0.466787
0.501032
0.496405
0.497041
0.477459
0.450353
0.5183
0.502496
0.48386
0.474169
0.513867
0.457311
0.53078
0.476142
0.494461
0.437187
0.559487
0.504869
0.482261
0.501007
0.51703
0.509916
0.484397
0.508573
0.501745
0.474098
0.505859
0.501678
0.47817
0.520753
0.499664
0.540488
0.487614
0.474232
0.506328
0.514346
0.456905
0.486868
0.502311
0.492699
0.477831
0.486701
0.489198
0.46713
0.504519
0.497845
0.492113
0.477731
0.485403
0.486381
0.506614
0.510823
0.479218
0.472493
0.511409
0.471389
0.507423
0.495639
0.495767
0.539131
0.46346
0.525866
0.481228
0.512296
0.469397
0.491739
0.497898
0.46632
0.497486
0.509027
0.480482
0.497267
0.470745
0.450928
0.469275
0.504921
0.501553
0.469965
0.51937
0.476861
0.510592
0.511737
0.493053
0.468281
0.509689
0.519384
0.490112
0.326602
0.64372
0.476467
0.509321
0.503179
0.481169
0.505635
0.502541
0.474737
0.48223
0.514597
0.475514
0.544624
0.453575
0.30058
0.686946
0.499445
0.486379
0.472691
0.531604
0.485681
0.490138
0.494013
0.494632
0.522531
0.466196
0.476069
0.493549
0.488151
0.505113
0.491768
0.523963
0.513538
0.495319
0.493535
0.475854
0.5189
0.470098
0.471251
0.520852
0.503352
0.481516
0.484694
0.509559
0.477682
0.503042
0.474762
0.498815
0.514778
0.490778
0.493597
0.478897
0.507463
0.5075
0.505588
0.47505
0.519581
0.480887
0.384933
0.581856
0.520594
0.429334
0.293435
0.671458
0.518368
0.473416
0.499771
0.505924
0.489306
0.494733
0.48564
0.512383
0.527889
0.479299
0.504501
0.486398
0.491939
0.528758
0.549743
0.436957
0.534037
0.464
0.589478
0.381504
0.506089
0.475248
0.480581
0.509868
0.508415
0.482458
0.494664
0.496616
0.491474
0.497482
0.492229
0.495548
0.512834
0.483517
0.501908
0.492246
0.50348
0.456544
0.481707
0.506112
0.448267
0.539007
0.41838
0.477875
0.488698
0.502763
0.493167
0.484381
0.498579
0.485091
0.499944
0.506191
0.490015
0.540456
0.509466
0.4882
0.50196
0.480601
0.511948
0.498149
0.494821
0.488934
0.494311
0.502639
0.494676
0.497623
0.47145
0.49352
0.512346
0.466308
0.489058
0.505042
0.498268
0.485939
0.489325
0.508685
0.50842
0.479799
0.492449
0.488164
0.522975
0.482486
0.496214
0.495478
0.505162
0.498905
0.532766
0.474055
0.47543
0.507126
0.540128
0.438847
0.50402
0.461293
0.509947
0.485801
0.545701
0.431077
0.462105
0.520493
0.477336
0.493793
0.498158
0.501735
0.494331
0.506584
0.461418
0.518319
0.484645
0.502572
0.461201
0.52904
0.508916
0.48491
0.478362
0.494696
0.505037
0.479448
0.450897
0.530715
0.491048
0.497633
0.48438
0.500137
0.503942
0.484127
0.499092
0.493216
0.492096
0.49428
0.484235
0.506699
0.497562
0.476736
0.479518
0.492285
0.479483
0.461018
0.483118
0.513263
0.506461
0.473125
0.466269
0.50011
0.493498
0.478424
0.507831
0.481211
0.491408
0.509973
0.492242
0.495052
0.464817
0.535969
0.481988
0.494462
0.539366
0.460828
0.467115
0.528749
0.498417
0.488237
0.499881
0.467383
0.490117
0.510715
0.497906
0.503899
0.520452
0.479106
0.504439
0.477033
0.517095
0.502475
0.464865
0.523173
0.508852
0.487388
0.509069
0.472899
0.662961
0.321662
0.467647
0.505819
0.495756
0.480879
0.49847
0.484782
0.52327
0.472328
0.492467
0.483932
0.544748
0.455538
0.488105
0.485528
0.498013
0.48667
0.441412
0.550465
0.504881
0.467518
0.501275
0.519321
0.495008
0.501725
0.505026
0.47575
0.519551
0.484198
0.468744
0.497942
0.481221
0.504149
0.479045
0.489979
0.479796
0.485131
0.497285
0.48981
0.473767
0.491404
0.47737
0.489684
0.510338
0.464829
0.521787
0.476847
0.501126
0.492533
0.492012
0.494307
0.489862
0.483582
0.484059
0.512112
0.497907
0.488147
0.508492
0.462522
0.505094
0.473484
0.415086
0.561009
0.470516
0.512882
0.478335
0.510782
0.439174
0.543025
0.481388
0.509531
0.496445
0.500576
0.50563
0.460422
0.491564
0.513484
0.494852
0.501849
0.510281
0.479678
0.503404
0.477471
0.495537
0.491647
0.502944
0.500115
0.518796
0.464449
0.492035
0.491379
0.49116
0.490168
0.494708
0.496022
0.502632
0.506313
0.473572
0.490323
0.485093
0.488309
0.426954
0.575441
0.482164
0.473717
0.472999
0.52537
0.507883
0.463601
0.313959
0.658182
0.519143
0.489914
0.53444
0.467237
0.508281
0.497853
0.494849
0.493589
0.44729
0.528787
0.517671
0.459278
0.457251
0.497069
0.481929
0.497852
0.469445
0.484992
0.494574
0.521168
0.430299
0.568396
0.514839
0.477087
0.375252
0.608056
0.495167
0.506515
0.482771
0.481901
0.483061
0.489797
0.48023
0.480955
0.523582
0.4775
0.527002
0.474055
0.487668
0.48966
0.496071
0.502722
0.484262
0.494992
0.522603
0.468319
0.500997
0.473758
0.489989
0.509248
0.486463
0.475274
0.455987
0.512023
0.489523
0.500814
0.49901
0.520963
0.466569
0.499576
0.481242
0.522016
0.453709
0.523687
0.440495
0.51688
0.5136
0.488029
0.505749
0.496021
0.460962
0.510251
0.522142
0.469876
0.476507
0.502536
0.483169
0.496022
0.474805
0.506998
0.487685
0.494699
0.5097
0.453506
0.467101
0.496299
0.475919
0.502356
0.496284
0.472525
0.505983
0.476738
0.475878
0.511794
0.504439
0.500684
0.503045
0.486864
0.421099
0.548647
0.486802
0.486314
0.494329
0.490559
0.488052
0.479003
0.485706
0.492608
0.498897
0.48526
0.497172
0.510301
0.438305
0.509969
0.517375
0.468392
0.481015
0.504459
0.501088
0.475929
0.503309
0.501237
0.497079
0.488987
0.488132
0.486946
0.466941
0.516382
0.498311
0.486826
0.509976
0.478524
0.51005
0.474456
0.485342
0.491548
0.495637
0.475919
0.509955
0.479332
0.499241
0.478869
0.515524
0.45447
0.517811
0.491643
0.505223
0.474095
0.470793
0.508353
0.52204
0.487234
0.533684
0.475837
0.497788
0.484582
0.511617
0.495762
0.489399
0.486138
0.634289
0.36843
0.491258
0.494073
0.53563
0.480816
0.472681
0.537862
0.505265
0.488182
0.505614
0.502142
0.497286
0.50268
0.55421
0.43849
0.490759
0.506548
0.491827
0.498382
0.477055
0.513098
0.516856
0.46321
0.501767
0.504119
0.498116
0.46662
0.579141
0.405834
0.51889
0.500305
0.503791
0.476081
0.4595
0.530771
0.554304
0.43544
0.523276
0.470537
0.480258
0.474847
0.529865
0.472307
0.464599
0.541697
0.484042
0.501894
0.507221
0.473684
0.482276
0.498638
0.489381
0.492296
0.495327
0.513976
0.48247
0.508517
0.511229
0.482693
0.49781
0.50687
0.472412
0.493269
0.516799
0.478377
0.468899
0.548755
0.47992
0.510281
0.495053
0.478016
0.486192
0.508711
0.486082
0.48432
0.493235
0.485894
0.514206
0.484026
0.476548
0.517684
0.515343
0.441738
0.471629
0.494396
0.484209
0.476912
0.484246
0.507812
0.501615
0.486518
0.507958
0.499385
0.499447
0.484844
0.492982
0.482131
0.479998
0.496028
0.497601
0.489928
0.50565
0.497771
0.512879
0.453988
0.487249
0.50336
0.475262
0.5011
0.470324
0.505986
0.502226
0.496835
0.494425
0.516954
0.491653
0.496929
0.4979
0.510912
0.517446
0.456763
0.499046
0.488657
0.505665
0.486643
0.481895
0.513559
0.482448
0.515524
0.45681
0.532134
0.494955
0.484589
0.488838
0.467767
0.498761
0.486946
0.407621
0.579293
0.523808
0.47175
0.475778
0.479126
0.484876
0.507819
0.493039
0.489136
0.48769
0.489948
0.526123
0.485744
0.193429
0.783144
0.518653
0.467077
0.484078
0.509443
0.513391
0.493779
0.492075
0.498426
0.50784
0.489117
0.421621
0.56231
0.489095
0.495826
0.616604
0.360084
0.488918
0.481888
0.480141
0.486241
0.643894
0.358216
0.474438
0.516585
0.525795
0.454061
0.491111
0.502949
0.503942
0.505493
0.501124
0.498791
0.48185
0.482044
0.505083
0.469962
0.481648
0.487399
0.478291
0.514205
0.48501
0.51152
0.489027
0.508455
0.465174
0.49636
0.515128
0.482584
0.485445
0.488572
0.49217
0.517992
0.487885
0.506869
0.463552
0.538087
0.478942
0.507957
0.480388
0.487065
0.500097
0.486314
0.457302
0.521589
0.444114
0.50686
0.503545
0.483215
0.486845
0.513836
0.496232
0.500241
0.499498
0.473208
0.475779
0.493429
0.546826
0.459967
0.449997
0.531041
0.471946
0.538247
0.47923
0.507604
0.501697
0.497502
0.475859
0.528779
0.510866
0.45576
0.530619
0.470282
0.495688
0.507451
0.503151
0.505757
0.498763
0.502674
0.466981
0.440852
0.467601
0.512655
0.528397
0.455404
0.490309
0.509058
0.497368
0.478348
0.490107
0.499665
0.486591
0.483662
0.5108
0.48112
0.385714
0.603092
0.489127
0.477954
0.469752
0.502785
0.558746
0.424388
0.512334
0.464221
0.548346
0.418976
0.480163
0.50192
0.46733
0.519815
0.521682
0.481179
0.486424
0.484484
0.498063
0.502379
0.479001
0.535827
0.495479
0.493238
0.479942
0.457723
0.467654
0.520953
0.47651
0.372721
0.503425
0.481224
0.485933
0.497583
0.47486
0.487518
0.509703
0.472116
0.509786
0.476915
0.498776
0.495041
0.509306
0.498617
0.474141
0.505673
0.437911
0.504528
0.503559
0.486878
0.484599
0.495652
0.50247
0.48997
0.486392
0.505928
0.521945
0.469778
0.490643
0.495312
0.486959
0.511871
0.46575
0.523133
0.508838
0.49115
0.489792
0.478308
0.479674
0.515583
0.495505
0.488693
0.52419
0.472255
0.494002
0.488608
0.484679
0.511952
0.394631
0.607041
0.525524
0.491309
0.521587
0.468774
0.522099
0.481934
0.486038
0.463412
0.501864
0.497265
0.48152
0.494423
0.531571
0.466833
0.484626
0.513526
0.506928
0.472689
0.51294
0.479937
0.470876
0.518798
0.489995
0.500896
0.477582
0.474825
0.420582
0.561571
0.495841
0.495591
0.50316
0.481807
0.49064
0.514244
0.45815
0.542569
0.457777
0.532772
0.482586
0.517876
0.519461
0.484132
0.473129
0.50575
0.468511
0.497021
0.491848
0.495421
0.511408
0.474488
0.48898
0.494434
0.484202
0.508991
0.494754
0.493526
0.482519
0.482785
0.489907
0.494381
0.467156
0.500258
0.49801
0.506554
0.517003
0.484447
0.498767
0.495745
0.497287
0.471351
0.511614
0.495468
0.483797
0.506399
0.506588
0.488416
0.533222
0.455107
0.502204
0.479395
0.46162
0.528572
0.571255
0.410913
0.444297
0.541697
0.513467
0.477531
0.487861
0.490708
0.520457
0.488688
0.643966
0.343245
0.479104
0.491221
0.517442
0.457856
0.480921
0.529917
0.513712
0.487539
0.492643
0.502703
0.534974
0.431427
0.466105
0.490875
0.492178
0.427523
0.504804
0.498275
0.407787
0.553392
0.545313
0.443441
0.498988
0.49138
0.51593
0.462245
0.498212
0.489587
0.428636
0.52781
0.50095
0.511672
0.466494
0.504376
0.454818
0.548121
0.506996
0.470465
0.47937
0.504302
0.477391
0.507233
0.484757
0.473553
0.489367
0.476581
0.578908
0.413118
0.517213
0.504436
0.507726
0.489487
0.500317
0.472207
0.483917
0.483299
0.478556
0.488391
0.507991
0.487448
0.498162
0.481524
0.48914
0.505372
0.536102
0.44738
0.476594
0.502162
0.487431
0.502849
0.533826
0.460703
0.490211
0.492585
0.487219
0.494012
0.510461
0.472371
0.456542
0.484872
0.465509
0.529539
0.496185
0.503569
0.337435
0.641237
0.502439
0.491484
0.471106
0.517621
0.496791
0.496882
0.482694
0.518206
0.495682
0.502766
0.50207
0.477977
0.482751
0.517044
0.491028
0.48811
0.506389
0.492614
0.49844
0.489841
0.503852
0.499357
0.51705
0.480138
0.498807
0.495997
0.458159
0.527121
0.489667
0.496147
0.478237
0.518645
0.528252
0.460325
0.508105
0.471318
0.543697
0.445448
0.539713
0.471234
0.516661
0.4772
0.464705
0.512359
0.44934
0.563877
0.48661
0.492415
0.522316
0.471595
0.494515
0.489645
0.458783
0.524537
0.514984
0.460493
0.498222
0.500695
0.531802
0.483374
0.491155
0.497417
0.5054
0.501391
0.502462
0.501922
0.480457
0.509587
0.496068
0.496747
0.508623
0.476656
0.482385
0.502704
0.505334
0.49943
0.430349
0.55138
0.450384
0.50927
0.526579
0.459266
0.48105
0.500686
0.482847
0.495228
0.529574
0.470645
0.481409
0.496784
0.497263
0.481421
0.515676
0.461661
0.50654
0.489705
0.511583
0.438992
0.457584
0.535769
0.495925
0.475284
0.48707
0.513885
0.494641
0.503231
0.48309
0.508487
0.458137
0.518901
0.480268
0.500862
0.493299
0.499058
0.488057
0.491187
0.56544
0.426379
0.427569
0.545598
0.529416
0.47284
0.491128
0.483165
0.478675
0.510106
0.474493
0.500586
0.501465
0.497991
0.497899
0.489722
0.486061
0.502375
0.480933
0.503075
0.503839
0.492906
0.472176
0.471087
0.497986
0.487881
0.499998
0.496277
0.5032
0.483937
0.539856
0.458143
0.496227
0.490633
0.522917
0.457921
0.471362
0.490146
0.486216
0.514967
0.393654
0.52856
0.493143
0.452424
0.483108
0.515191
0.482647
0.500744
0.493799
0.500563
0.498771
0.477678
0.497494
0.489062
0.543566
0.444499
0.467371
0.502145
0.507117
0.469806
0.49426
0.470048
0.479469
0.51643
0.478286
0.514532
0.511464
0.487948
0.461623
0.52404
0.476978
0.517642
0.502764
0.475887
0.505429
0.498825
0.47071
0.506148
0.4994
0.501749
0.509461
0.470787
0.480282
0.468716
0.506716
0.487679
0.567232
0.408627
0.479786
0.499573
0.506659
0.489171
0.506557
0.47629
0.519372
0.486229
0.421257
0.574779
0.478548
0.500774
0.503089
0.493844
0.487343
0.519948
0.500036
0.490926
0.493093
0.493097
0.473265
0.520378
0.464691
0.518686
0.439931
0.536685
0.490697
0.490927
0.467133
0.536981
0.509921
0.476434
0.437052
0.555243
0.461997
0.526268
0.481344
0.46217
0.491996
0.485729
0.509285
0.490548
0.601046
0.16528
0.446743
0.511194
0.493993
0.502684
0.512886
0.485335
0.485224
0.47778
0.488952
0.511719
0.516407
0.48044
0.502895
0.486185
0.502404
0.482429
0.510598
0.484838
0.51968
0.486616
0.477902
0.514838
0.553674
0.443518
0.498703
0.494169
0.489965
0.489282
0.465617
0.52623
0.4952
0.510716
0.502625
0.49978
0.459299
0.479896
0.544702
0.44188
0.488728
0.506627
0.494807
0.477828
0.501123
0.481452
0.483981
0.501872
0.503235
0.467324
0.494604
0.497719
0.603513
0.34807
0.50951
0.466571
0.492766
0.491516
0.471599
0.501558
0.498082
0.48706
0.479343
0.510934
0.490102
0.515369
0.497216
0.488832
0.489915
0.492361
0.468578
0.512385
0.522045
0.453537
0.521769
0.47463
0.421059
0.57938
0.518271
0.473067
0.494798
0.486925
0.483912
0.497808
0.484822
0.501084
0.490765
0.500505
0.499445
0.472333
0.493214
0.498504
0.479099
0.509879
0.503278
0.478903
0.451751
0.523339
0.489689
0.506744
0.437794
0.530164
0.480341
0.477565
0.489151
0.495801
0.497066
0.499936
0.490473
0.50422
0.514393
0.478548
0.483004
0.492034
0.496829
0.498048
0.48541
0.515041
0.481477
0.526057
0.512768
0.482835
0.487347
0.494812
0.512091
0.485054
0.50048
0.489097
0.257644
0.712331
0.501042
0.484778
0.431288
0.543497
0.513842
0.500775
0.479956
0.476824
0.473156
0.496909
0.508236
0.492973
0.476307
0.481709
0.51059
0.504121
0.511488
0.498343
0.481406
0.485298
0.511097
0.508214
0.518315
0.465941
0.502528
0.488378
0.500147
0.493009
0.498623
0.493343
0.469592
0.540033
0.493204
0.515209
0.514417
0.47582
0.50987
0.495953
0.482472
0.498929
0.454289
0.521029
0.435529
0.564965
0.446307
0.532101
0.529171
0.471355
0.502452
0.493858
0.499358
0.490379
0.490828
0.51879
0.482998
0.510418
0.507177
0.477508
0.509373
0.46865
0.502484
0.488925
0.484102
0.496435
0.459945
0.493761
0.487931
0.493884
0.514334
0.497761
0.519551
0.495444
0.48958
0.485417
0.49504
0.492099
0.501862
0.480657
0.501657
0.484046
0.493241
0.492233
0.495101
0.494494
0.511353
0.489097
0.495758
0.504427
0.48489
0.491228
0.489804
0.523261
0.519933
0.466278
0.523748
0.454873
0.491034
0.488772
0.502724
0.489174
0.492625
0.513312
0.488202
0.489066
0.493162
0.500189
0.504485
0.479607
0.500224
0.497219
0.509898
0.462842
0.501491
0.472493
0.481292
0.507153
0.477896
0.471839
0.491157
0.4828
0.494187
0.488862
0.49333
0.507264
0.498732
0.474061
0.527469
0.448588
0.405437
0.588972
0.489489
0.504853
0.507433
0.48926
0.429973
0.546161
0.464071
0.464466
0.436068
0.536582
0.676896
0.305641
0.480532
0.471258
0.491013
0.501002
0.450868
0.495317
0.507448
0.487261
0.472712
0.482237
0.488833
0.494685
0.481285
0.49624
0.504647
0.506985
0.469371
0.496107
0.509568
0.484064
0.495487
0.505418
0.491448
0.501002
0.502009
0.492273
0.445277
0.512756
0.497322
0.515566
0.486058
0.494785
0.420027
0.569617
0.514676
0.522003
0.485949
0.49845
0.509337
0.470692
0.50142
0.500029
0.478229
0.501852
0.528436
0.444165
0.509681
0.463738
0.463745
0.542429
0.489063
0.503438
0.442578
0.538444
0.494933
0.489234
0.471717
0.483932
0.497187
0.501349
0.505827
0.48008
0.513421
0.487925
0.510099
0.485689
0.482076
0.514711
0.519644
0.470365
0.481463
0.494074
0.497555
0.464788
0.483414
0.519316
0.532109
0.437358
0.521851
0.470101
0.493565
0.481387
0.485238
0.488972
0.508627
0.500109
0.4983
0.478015
0.493994
0.493978
0.445054
0.540641
0.472277
0.526404
0.50504
0.494564
0.480926
0.485567
0.50505
0.487382
0.527548
0.483321
0.466398
0.514553
0.537431
0.481974
0.477966
0.509861
0.437634
0.549966
0.470928
0.491108
0.45905
0.504105
0.483953
0.480536
0.546068
0.450329
0.493089
0.494617
0.444851
0.545502
0.486033
0.498612
0.489461
0.488258
0.510289
0.48426
0.470381
0.507314
0.535359
0.429338
0.499389
0.478383
0.511261
0.477554
0.520214
0.496743
0.496355
0.470164
0.505683
0.474204
0.47905
0.517619
0.500803
0.484012
0.503213
0.501592
0.474794
0.502796
0.495889
0.500659
0.48496
0.507738
0.497483
0.482306
0.486032
0.482272
0.483871
0.50031
0.507335
0.481567
0.503793
0.483969
0.509622
0.488052
0.604633
0.381152
0.436533
0.531582
0.492564
0.489327
0.5246
0.466898
0.513699
0.475132
0.491799
0.504622
0.477198
0.48694
0.482897
0.524822
0.476329
0.49252
0.495079
0.506789
0.482419
0.501348
0.510285
0.462878
0.49765
0.488523
0.451395
0.515732
0.589736
0.418603
0.505728
0.465885
0.492641
0.504659
0.490492
0.495971
0.503135
0.503415
0.483217
0.491568
0.475352
0.477893
0.483254
0.499215
0.470639
0.498859
0.564744
0.428953
0.471464
0.450045
0.519862
0.489959
0.513181
0.494688
0.492411
0.494988
0.465311
0.53333
0.49374
0.489138
0.50235
0.493054
0.515721
0.449367
0.486067
0.505161
0.484987
0.493724
0.524763
0.491921
0.504387
0.491366
0.49388
0.491644
0.507455
0.489476
0.472002
0.503689
0.48852
0.509319
0.490082
0.509777
0.519561
0.474805
0.494641
0.481092
0.487968
0.519792
0.516118
0.480052
0.484449
0.508953
0.494888
0.481757
0.491919
0.496148
0.475787
0.486935
0.481854
0.50584
0.496334
0.495912
0.537111
0.461522
0.488899
0.500101
0.487355
0.498152
0.49765
0.477792
0.490313
0.509847
0.490939
0.496059
0.453682
0.520516
0.516089
0.460294
0.491528
0.474041
0.465252
0.517844
0.490441
0.499297
0.489115
0.493244
0.49002
0.497455
0.511089
0.477964
0.492062
0.473877
0.491971
0.493918
0.525705
0.466948
0.476728
0.500352
0.486808
0.491752
0.486989
0.509783
0.484023
0.493407
0.503334
0.486385
0.458949
0.474447
0.509107
0.471194
0.480671
0.498603
0.465179
0.533329
0.493496
0.492918
0.471076
0.509924
0.487547
0.508722
0.502595
0.503859
0.499464
0.499763
0.53766
0.457696
0.51899
0.448128
0.472668
0.50936
0.480792
0.480118
0.489572
0.506188
0.486017
0.497923
0.476846
0.506588
0.473169
0.505029
0.514671
0.498719
0.458292
0.518534
0.469472
0.515988
0.509987
0.483069
0.433645
0.56283
0.4703
0.489912
0.530399
0.48096
0.461457
0.508093
0.51192
0.480832
0.469974
0.523709
0.497159
0.497477
0.497903
0.492875
0.481179
0.497187
0.478945
0.506486
0.492294
0.476858
0.48609
0.478569
0.502374
0.500226
0.51487
0.455966
0.501107
0.488472
0.502192
0.499811
0.494572
0.5039
0.515269
0.466497
0.488602
0.510736
0.467224
0.498901
0.495619
0.501821
0.523266
0.457778
0.498976
0.492007
0.502833
0.48173
0.5182
0.461412
0.463824
0.526016
0.479092
0.482998
0.485521
0.485785
0.485496
0.505639
0.5161
0.49233
0.524972
0.471842
0.423203
0.531899
0.532892
0.453815
0.491029
0.503224
0.491114
0.509992
0.648353
0.324175
0.484715
0.478335
0.482975
0.518114
0.493403
0.499661
0.489751
0.483505
0.493588
0.516634
0.487616
0.491435
0.519585
0.464986
0.474877
0.505192
0.498873
0.506483
0.487401
0.49182
0.505
0.475346
0.498045
0.509081
0.484157
0.490293
0.493605
0.477132
0.49081
0.504958
0.489228
0.484094
0.484015
0.49022
0.47949
0.500868
0.495788
0.499174
0.484735
0.482061
0.502949
0.499229
0.47369
0.518478
0.510574
0.480885
0.520228
0.459637
0.489713
0.494282
0.49858
0.48754
0.504889
0.501884
0.492603
0.505623
0.481129
0.504059
0.49095
0.505236
0.442098
0.540866
0.527679
0.47749
0.492213
0.472308
0.483888
0.477115
0.480568
0.506546
0.507041
0.494355
0.465906
0.507584
0.503372
0.488563
0.517534
0.466724
0.496179
0.478805
0.519617
0.484427
0.478163
0.500528
0.493279
0.467095
0.497801
0.484769
0.46772
0.504242
0.471488
0.483392
0.47201
0.488413
0.443172
0.533506
0.534583
0.463213
0.483433
0.504138
0.482454
0.50817
0.499274
0.506636
0.49411
0.476384
0.497966
0.512324
0.533839
0.475508
0.48547
0.484422
0.503423
0.494158
