0.1 1.125 0.742574
0.1 3.375 0.755511
0.1 5.625 0.757266
0.1 7.875 0.750493
0.1 10.125 0.710752
0.1 12.375 0.70979
0.1 14.625 0.659699
0.1 16.875 0.674045
0.1 19.125 0.752586
0.1 21.375 0.755218
0.1 23.625 0.747642
0.1 25.875 0.748913
0.1 28.125 0.742878
0.1 30.375 0.701703
0.1 32.625 0.731998
0.1 34.875 0.680829
0.1 37.125 0.712874
0.1 39.375 0.707924
0.1 41.625 0.758669
0.1 43.875 0.770417
0.3 1.125 0.731117
0.3 3.375 0.733481
0.3 5.625 0.727168
0.3 7.875 0.744431
0.3 10.125 0.734144
0.3 12.375 0.743093
0.3 14.625 0.743553
0.3 16.875 0.73943
0.3 19.125 0.734042
0.3 21.375 0.735732
0.3 23.625 0.736881
0.3 25.875 0.734076
0.3 28.125 0.736824
0.3 30.375 0.731246
0.3 32.625 0.734431
0.3 34.875 0.736972
0.3 37.125 0.732046
0.3 39.375 0.727954
0.3 41.625 0.745498
0.3 43.875 0.73427
0.5 1.125 0.710459
0.5 3.375 0.70351
0.5 5.625 0.719143
0.5 7.875 0.720452
0.5 10.125 0.714549
0.5 12.375 0.705622
0.5 14.625 0.715617
0.5 16.875 0.716418
0.5 19.125 0.714579
0.5 21.375 0.712679
0.5 23.625 0.709596
0.5 25.875 0.710405
0.5 28.125 0.704639
0.5 30.375 0.707251
0.5 32.625 0.710044
0.5 34.875 0.68131
0.5 37.125 0.72242
0.5 39.375 0.710395
0.5 41.625 0.700281
0.5 43.875 0.716278
0.7 1.125 0.679024
0.7 3.375 0.675326
0.7 5.625 0.670551
0.7 7.875 0.680717
0.7 10.125 0.67709
0.7 12.375 0.679973
0.7 14.625 0.672779
0.7 16.875 0.684455
0.7 19.125 0.668447
0.7 21.375 0.66015
0.7 23.625 0.665718
0.7 25.875 0.662985
0.7 28.125 0.658695
0.7 30.375 0.669968
0.7 32.625 0.672576
0.7 34.875 0.661705
0.7 37.125 0.674022
0.7 39.375 0.673075
0.7 41.625 0.679035
0.7 43.875 0.672021
0.9 1.125 0.59988
0.9 3.375 0.608823
0.9 5.625 0.618031
0.9 7.875 0.604391
0.9 10.125 0.603311
0.9 12.375 0.60969
0.9 14.625 0.614148
0.9 16.875 0.608524
0.9 19.125 0.587232
0.9 21.375 0.609348
0.9 23.625 0.591185
0.9 25.875 0.617609
0.9 28.125 0.602944
0.9 30.375 0.602373
0.9 32.625 0.634624
0.9 34.875 0.612553
0.9 37.125 0.610435
0.9 39.375 0.617816
0.9 41.625 0.622304
0.9 43.875 0.605944
1.1 1.125 0.471743
1.1 3.375 0.479736
1.1 5.625 0.489585
1.1 7.875 0.473827
1.1 10.125 0.472461
1.1 12.375 0.472245
1.1 14.625 0.502339
1.1 16.875 0.474024
1.1 19.125 0.476722
1.1 21.375 0.506439
1.1 23.625 0.491475
1.1 25.875 0.493539
1.1 28.125 0.49666
1.1 30.375 0.506539
1.1 32.625 0.540975
1.1 34.875 0.533459
1.1 37.125 0.553632
1.1 39.375 0.562354
1.1 41.625 0.562991
1.1 43.875 0.542658
1.3 1.125 0.295993
1.3 3.375 0.275507
1.3 5.625 0.291811
1.3 7.875 0.297788
1.3 10.125 0.309722
1.3 12.375 0.301684
1.3 14.625 0.334249
1.3 16.875 0.342509
1.3 19.125 0.340082
1.3 21.375 0.371793
1.3 23.625 0.341208
1.3 25.875 0.359725
1.3 28.125 0.365462
1.3 30.375 0.414784
1.3 32.625 0.40391
1.3 34.875 0.430964
1.3 37.125 0.427623
1.3 39.375 0.438902
1.3 41.625 0.443869
1.3 43.875 0.475323
1.5 1.125 0.169649
1.5 3.375 0.163099
1.5 5.625 0.168708
1.5 7.875 0.170508
1.5 10.125 0.167663
1.5 12.375 0.166322
1.5 14.625 0.198598
1.5 16.875 0.195954
1.5 19.125 0.210233
1.5 21.375 0.220209
1.5 23.625 0.237887
1.5 25.875 0.215998
1.5 28.125 0.236084
1.5 30.375 0.249722
1.5 32.625 0.261731
1.5 34.875 0.281182
1.5 37.125 0.303121
1.5 39.375 0.304846
1.5 41.625 0.321029
1.5 43.875 0.342706
1.7 1.125 0.0916172
1.7 3.375 0.0959116
1.7 5.625 0.100112
1.7 7.875 0.103354
1.7 10.125 0.111441
1.7 12.375 0.111294
1.7 14.625 0.113262
1.7 16.875 0.122348
1.7 19.125 0.120203
1.7 21.375 0.118954
1.7 23.625 0.126777
1.7 25.875 0.125644
1.7 28.125 0.131533
1.7 30.375 0.143964
1.7 32.625 0.147464
1.7 34.875 0.163141
1.7 37.125 0.162947
1.7 39.375 0.169546
1.7 41.625 0.172997
1.7 43.875 0.188367
1.9 1.125 0.0603011
1.9 3.375 0.0590545
1.9 5.625 0.0604736
1.9 7.875 0.063151
1.9 10.125 0.066759
1.9 12.375 0.0694921
1.9 14.625 0.0701882
1.9 16.875 0.0735259
1.9 19.125 0.0767106
1.9 21.375 0.0787811
1.9 23.625 0.073234
1.9 25.875 0.0802148
1.9 28.125 0.0786612
1.9 30.375 0.0922149
1.9 32.625 0.0973015
1.9 34.875 0.105281
1.9 37.125 0.101704
1.9 39.375 0.109817
1.9 41.625 0.104954
1.9 43.875 0.117884
2.1 1.125 0.036634
2.1 3.375 0.0374208
2.1 5.625 0.0377704
2.1 7.875 0.0395345
2.1 10.125 0.0412106
2.1 12.375 0.0423569
2.1 14.625 0.0454403
2.1 16.875 0.046237
2.1 19.125 0.0510109
2.1 21.375 0.0494352
2.1 23.625 0.04984
2.1 25.875 0.0519871
2.1 28.125 0.0523195
2.1 30.375 0.05659
2.1 32.625 0.060064
2.1 34.875 0.0621836
2.1 37.125 0.065706
2.1 39.375 0.070568
2.1 41.625 0.0666058
2.1 43.875 0.0750779
2.3 1.125 0.0227087
2.3 3.375 0.0243014
2.3 5.625 0.0247581
2.3 7.875 0.0231205
2.3 10.125 0.0249341
2.3 12.375 0.0249354
2.3 14.625 0.0254134
2.3 16.875 0.0281588
2.3 19.125 0.0295526
2.3 21.375 0.0305287
2.3 23.625 0.0322913
2.3 25.875 0.0340527
2.3 28.125 0.0344006
2.3 30.375 0.0408185
2.3 32.625 0.0420012
2.3 34.875 0.0405658
2.3 37.125 0.0451591
2.3 39.375 0.0459156
2.3 41.625 0.0446489
2.3 43.875 0.0463407
2.5 1.125 0.0159873
2.5 3.375 0.0164055
2.5 5.625 0.0157231
2.5 7.875 0.0152091
2.5 10.125 0.0159969
2.5 12.375 0.0149252
2.5 14.625 0.0161092
2.5 16.875 0.0171323
2.5 19.125 0.0171021
2.5 21.375 0.0180235
2.5 23.625 0.0175725
2.5 25.875 0.0213816
2.5 28.125 0.0234348
2.5 30.375 0.0261127
2.5 32.625 0.0287213
2.5 34.875 0.0290646
2.5 37.125 0.0298846
2.5 39.375 0.0303191
2.5 41.625 0.0294273
2.5 43.875 0.02978
2.7 1.125 0.0131494
2.7 3.375 0.0130146
2.7 5.625 0.0125192
2.7 7.875 0.0133034
2.7 10.125 0.0119167
2.7 12.375 0.0117919
2.7 14.625 0.0124143
2.7 16.875 0.012296
2.7 19.125 0.0134909
2.7 21.375 0.0125022
2.7 23.625 0.013319
2.7 25.875 0.0148004
2.7 28.125 0.0144175
2.7 30.375 0.0167302
2.7 32.625 0.0174038
2.7 34.875 0.0188706
2.7 37.125 0.0195451
2.7 39.375 0.0193702
2.7 41.625 0.0186498
2.7 43.875 0.0191994
2.9 1.125 0.0109529
2.9 3.375 0.010484
2.9 5.625 0.0103512
2.9 7.875 0.0103045
2.9 10.125 0.0099041
2.9 12.375 0.00985967
2.9 14.625 0.00953171
2.9 16.875 0.0110578
2.9 19.125 0.0112451
2.9 21.375 0.011033
2.9 23.625 0.0116648
2.9 25.875 0.0118055
2.9 28.125 0.0125549
2.9 30.375 0.0121608
2.9 32.625 0.0128013
2.9 34.875 0.0127075
2.9 37.125 0.0134637
2.9 39.375 0.0146026
2.9 41.625 0.0142757
2.9 43.875 0.0135123
3.1 1.125 0.00883209
3.1 3.375 0.00865758
3.1 5.625 0.00846723
3.1 7.875 0.00827496
3.1 10.125 0.00856519
3.1 12.375 0.00819239
3.1 14.625 0.00793082
3.1 16.875 0.0088599
3.1 19.125 0.00824042
3.1 21.375 0.00914503
3.1 23.625 0.00860315
3.1 25.875 0.0103752
3.1 28.125 0.00986047
3.1 30.375 0.00970266
3.1 32.625 0.010453
3.1 34.875 0.00985412
3.1 37.125 0.00986235
3.1 39.375 0.0106591
3.1 41.625 0.0108433
3.1 43.875 0.011349
3.3 1.125 0.00789838
3.3 3.375 0.00790185
3.3 5.625 0.00743539
3.3 7.875 0.00801614
3.3 10.125 0.00722585
3.3 12.375 0.00784093
3.3 14.625 0.00811087
3.3 16.875 0.00787651
3.3 19.125 0.00788166
3.3 21.375 0.00683348
3.3 23.625 0.00748067
3.3 25.875 0.00851631
3.3 28.125 0.00855313
3.3 30.375 0.00826682
3.3 32.625 0.00914085
3.3 34.875 0.00849751
3.3 37.125 0.00829409
3.3 39.375 0.00876873
3.3 41.625 0.0086708
3.3 43.875 0.00862548
3.5 1.125 0.00632103
3.5 3.375 0.0062884
3.5 5.625 0.00639679
3.5 7.875 0.00600845
3.5 10.125 0.00702833
3.5 12.375 0.00592765
3.5 14.625 0.00625114
3.5 16.875 0.00644022
3.5 19.125 0.00683339
3.5 21.375 0.00691362
3.5 23.625 0.00762564
3.5 25.875 0.00701652
3.5 28.125 0.00694001
3.5 30.375 0.00707647
3.5 32.625 0.00759654
3.5 34.875 0.00707872
3.5 37.125 0.00760128
3.5 39.375 0.00744055
3.5 41.625 0.00741685
3.5 43.875 0.00702421
3.7 1.125 0.00629004
3.7 3.375 0.00556251
3.7 5.625 0.00542475
3.7 7.875 0.00575057
3.7 10.125 0.0056811
3.7 12.375 0.00600488
3.7 14.625 0.00524083
3.7 16.875 0.00622534
3.7 19.125 0.0054936
3.7 21.375 0.0073883
3.7 23.625 0.00782044
3.7 25.875 0.00580397
3.7 28.125 0.00675348
3.7 30.375 0.00651796
3.7 32.625 0.00671637
3.7 34.875 0.00647465
3.7 37.125 0.00656593
3.7 39.375 0.00671242
3.7 41.625 0.00646153
3.7 43.875 0.00613988
3.9 1.125 0.00563115
3.9 3.375 0.00558284
3.9 5.625 0.00537316
3.9 7.875 0.00560313
3.9 10.125 0.00540955
3.9 12.375 0.00546996
3.9 14.625 0.00588778
3.9 16.875 0.00546339
3.9 19.125 0.00622148
3.9 21.375 0.00586364
3.9 23.625 0.00587129
3.9 25.875 0.0058267
3.9 28.125 0.00539361
3.9 30.375 0.00645594
3.9 32.625 0.00558723
3.9 34.875 0.00568449
3.9 37.125 0.00569607
3.9 39.375 0.00521166
3.9 41.625 0.0055255
3.9 43.875 0.00556537
4.1 1.125 0.00524751
4.1 3.375 0.00501301
4.1 5.625 0.00493745
4.1 7.875 0.00501455
4.1 10.125 0.0048247
4.1 12.375 0.0053465
4.1 14.625 0.00558329
4.1 16.875 0.00496276
4.1 19.125 0.00571574
4.1 21.375 0.0054282
4.1 23.625 0.00556527
4.1 25.875 0.00530163
4.1 28.125 0.00545314
4.1 30.375 0.00574305
4.1 32.625 0.00444403
4.1 34.875 0.00476924
4.1 37.125 0.00521019
4.1 39.375 0.00496212
4.1 41.625 0.005022
4.1 43.875 0.00451024
4.3 1.125 0.00444572
4.3 3.375 0.00484947
4.3 5.625 0.00408117
4.3 7.875 0.00500555
4.3 10.125 0.00510817
4.3 12.375 0.00520063
4.3 14.625 0.00504786
4.3 16.875 0.00541287
4.3 19.125 0.00481961
4.3 21.375 0.00491418
4.3 23.625 0.00528939
4.3 25.875 0.00512743
4.3 28.125 0.00497901
4.3 30.375 0.0047894
4.3 32.625 0.00495203
4.3 34.875 0.00450921
4.3 37.125 0.00436851
4.3 39.375 0.0043338
4.3 41.625 0.00413723
4.3 43.875 0.0043497
4.5 1.125 0.00416452
4.5 3.375 0.00459078
4.5 5.625 0.00425898
4.5 7.875 0.00402991
4.5 10.125 0.00408309
4.5 12.375 0.0040603
4.5 14.625 0.00440746
4.5 16.875 0.00478483
4.5 19.125 0.00453684
4.5 21.375 0.00499129
4.5 23.625 0.00448593
4.5 25.875 0.0046794
4.5 28.125 0.00429912
4.5 30.375 0.00481993
4.5 32.625 0.00442044
4.5 34.875 0.00429614
4.5 37.125 0.00464178
4.5 39.375 0.00378486
4.5 41.625 0.00385714
4.5 43.875 0.00362109
4.7 1.125 0.00395309
4.7 3.375 0.0038124
4.7 5.625 0.00385494
4.7 7.875 0.00382782
4.7 10.125 0.00396556
4.7 12.375 0.00399335
4.7 14.625 0.00407507
4.7 16.875 0.0044371
4.7 19.125 0.00397359
4.7 21.375 0.00396573
4.7 23.625 0.00398994
4.7 25.875 0.00445842
4.7 28.125 0.00433963
4.7 30.375 0.00428733
4.7 32.625 0.0041415
4.7 34.875 0.00389822
4.7 37.125 0.00377495
4.7 39.375 0.00406599
4.7 41.625 0.00388081
4.7 43.875 0.00377309
4.9 1.125 0.00365414
4.9 3.375 0.00337648
4.9 5.625 0.00370499
4.9 7.875 0.00350361
4.9 10.125 0.00371704
4.9 12.375 0.00404183
4.9 14.625 0.0036677
4.9 16.875 0.00356228
4.9 19.125 0.00360396
4.9 21.375 0.00380643
4.9 23.625 0.0039595
4.9 25.875 0.00410075
4.9 28.125 0.0042283
4.9 30.375 0.003745
4.9 32.625 0.00408768
4.9 34.875 0.0036531
4.9 37.125 0.00421296
4.9 39.375 0.00386806
4.9 41.625 0.00341818
4.9 43.875 0.00317238
5.1 1.125 0.00341455
5.1 3.375 0.00307257
5.1 5.625 0.00341618
5.1 7.875 0.00352133
5.1 10.125 0.00350058
5.1 12.375 0.00331388
5.1 14.625 0.00334999
5.1 16.875 0.00349804
5.1 19.125 0.0035712
5.1 21.375 0.0037043
5.1 23.625 0.00390034
5.1 25.875 0.00351243
5.1 28.125 0.0038729
5.1 30.375 0.00338764
5.1 32.625 0.00328171
5.1 34.875 0.00365788
5.1 37.125 0.00331391
5.1 39.375 0.0040454
5.1 41.625 0.00353505
5.1 43.875 0.00333664
5.3 1.125 0.00386525
5.3 3.375 0.00291972
5.3 5.625 0.00302482
5.3 7.875 0.00314711
5.3 10.125 0.00291404
5.3 12.375 0.00320334
5.3 14.625 0.00346835
5.3 16.875 0.00356625
5.3 19.125 0.00335429
5.3 21.375 0.00369124
5.3 23.625 0.00345522
5.3 25.875 0.00342142
5.3 28.125 0.00324174
5.3 30.375 0.00354565
5.3 32.625 0.00331872
5.3 34.875 0.00551937
5.3 37.125 0.00338229
5.3 39.375 0.00378562
5.3 41.625 0.00326961
5.3 43.875 0.00337385
5.5 1.125 0.0028295
5.5 3.375 0.00310655
5.5 5.625 0.00289049
5.5 7.875 0.00300251
5.5 10.125 0.0035359
5.5 12.375 0.00261505
5.5 14.625 0.00315685
5.5 16.875 0.00581335
5.5 19.125 0.00346148
5.5 21.375 0.00303901
5.5 23.625 0.00326872
5.5 25.875 0.00317001
5.5 28.125 0.00325469
5.5 30.375 0.00327846
5.5 32.625 0.00316889
5.5 34.875 0.00583014
5.5 37.125 0.00320859
5.5 39.375 0.00332802
5.5 41.625 0.00356671
5.5 43.875 0.00349796
5.7 1.125 0.00273935
5.7 3.375 0.00287961
5.7 5.625 0.00309479
5.7 7.875 0.00291172
5.7 10.125 0.00299997
5.7 12.375 0.00312095
5.7 14.625 0.00321816
5.7 16.875 0.00319596
5.7 19.125 0.00294748
5.7 21.375 0.00302977
5.7 23.625 0.00308741
5.7 25.875 0.00303095
5.7 28.125 0.00324224
5.7 30.375 0.00312779
5.7 32.625 0.00323664
5.7 34.875 0.00306563
5.7 37.125 0.00302976
5.7 39.375 0.00309842
5.7 41.625 0.00334122
5.7 43.875 0.00308575
5.9 1.125 0.00289365
5.9 3.375 0.00285682
5.9 5.625 0.00327347
5.9 7.875 0.00244358
5.9 10.125 0.00255536
5.9 12.375 0.00307954
5.9 14.625 0.00291835
5.9 16.875 0.00304217
5.9 19.125 0.00268133
5.9 21.375 0.00270851
5.9 23.625 0.0034304
5.9 25.875 0.00273076
5.9 28.125 0.00295758
5.9 30.375 0.00307304
5.9 32.625 0.0026963
5.9 34.875 0.00295714
5.9 37.125 0.00294207
5.9 39.375 0.00328326
5.9 41.625 0.00284339
5.9 43.875 0.00291045
6.1 1.125 0.00272288
6.1 3.375 0.00279348
6.1 5.625 0.00336059
6.1 7.875 0.00245211
6.1 10.125 0.00272048
6.1 12.375 0.00273506
6.1 14.625 0.0029378
6.1 16.875 0.00270269
6.1 19.125 0.00314789
6.1 21.375 0.00297176
6.1 23.625 0.0027753
6.1 25.875 0.00299103
6.1 28.125 0.00275455
6.1 30.375 0.00244772
6.1 32.625 0.00293282
6.1 34.875 0.00272535
6.1 37.125 0.00283278
6.1 39.375 0.00311842
6.1 41.625 0.00340499
6.1 43.875 0.00270254
6.3 1.125 0.00284434
6.3 3.375 0.00273598
6.3 5.625 0.00238096
6.3 7.875 0.00306058
6.3 10.125 0.00275152
6.3 12.375 0.00320888
6.3 14.625 0.00338018
6.3 16.875 0.00255278
6.3 19.125 0.00275621
6.3 21.375 0.00262825
6.3 23.625 0.00249015
6.3 25.875 0.00255417
6.3 28.125 0.00229
6.3 30.375 0.00286779
6.3 32.625 0.00281436
6.3 34.875 0.00235323
6.3 37.125 0.00300611
6.3 39.375 0.00260469
6.3 41.625 0.00286158
6.3 43.875 0.00295968
6.5 1.125 0.00285951
6.5 3.375 0.00304447
6.5 5.625 0.00257916
6.5 7.875 0.00285557
6.5 10.125 0.00272598
6.5 12.375 0.00342316
6.5 14.625 0.00273636
6.5 16.875 0.00298711
6.5 19.125 0.00263224
6.5 21.375 0.00303459
6.5 23.625 0.00240331
6.5 25.875 0.00272682
6.5 28.125 0.00248217
6.5 30.375 0.00277686
6.5 32.625 0.00253454
6.5 34.875 0.00264141
6.5 37.125 0.00276024
6.5 39.375 0.00280904
6.5 41.625 0.00261147
6.5 43.875 0.00250536
6.7 1.125 0.00270086
6.7 3.375 0.0026608
6.7 5.625 0.00251878
6.7 7.875 0.00265981
6.7 10.125 0.00238262
6.7 12.375 0.00294286
6.7 14.625 0.0029179
6.7 16.875 0.00261549
6.7 19.125 0.00253707
6.7 21.375 0.00290341
6.7 23.625 0.00280725
6.7 25.875 0.00394223
6.7 28.125 0.00306146
6.7 30.375 0.00233918
6.7 32.625 0.00253983
6.7 34.875 0.00267152
6.7 37.125 0.00251316
6.7 39.375 0.00300972
6.7 41.625 0.00274553
6.7 43.875 0.00234841
6.9 1.125 0.00279258
6.9 3.375 0.00269308
6.9 5.625 0.00236733
6.9 7.875 0.00266579
6.9 10.125 0.00266408
6.9 12.375 0.00242766
6.9 14.625 0.00273906
6.9 16.875 0.0028656
6.9 19.125 0.00304662
6.9 21.375 0.00283927
6.9 23.625 0.00256352
6.9 25.875 0.00243632
6.9 28.125 0.00229728
6.9 30.375 0.00273652
6.9 32.625 0.00248944
6.9 34.875 0.00247146
6.9 37.125 0.00227751
6.9 39.375 0.00262387
6.9 41.625 0.00253304
6.9 43.875 0.00236175
7.1 1.125 0.0025139
7.1 3.375 0.00236494
7.1 5.625 0.0027214
7.1 7.875 0.00277487
7.1 10.125 0.00271787
7.1 12.375 0.00238363
7.1 14.625 0.00215506
7.1 16.875 0.00276966
7.1 19.125 0.00258305
7.1 21.375 0.00290086
7.1 23.625 0.00272943
7.1 25.875 0.00258074
7.1 28.125 0.00297588
7.1 30.375 0.00228896
7.1 32.625 0.00248792
7.1 34.875 0.00244973
7.1 37.125 0.00248934
7.1 39.375 0.00299266
7.1 41.625 0.00265018
7.1 43.875 0.00240326
7.3 1.125 0.00244254
7.3 3.375 0.00262308
7.3 5.625 0.00248661
7.3 7.875 0.00236637
7.3 10.125 0.00274998
7.3 12.375 0.00299556
7.3 14.625 0.00266857
7.3 16.875 0.00281816
7.3 19.125 0.00242036
7.3 21.375 0.00217477
7.3 23.625 0.00393337
7.3 25.875 0.00249808
7.3 28.125 0.00257731
7.3 30.375 0.00273113
7.3 32.625 0.0027862
7.3 34.875 0.00333707
7.3 37.125 0.00257519
7.3 39.375 0.00237424
7.3 41.625 0.00228468
7.3 43.875 0.00255532
7.5 1.125 0.00236449
7.5 3.375 0.00264062
7.5 5.625 0.00234686
7.5 7.875 0.00253212
7.5 10.125 0.00257562
7.5 12.375 0.00228757
7.5 14.625 0.00228571
7.5 16.875 0.00233474
7.5 19.125 0.00238654
7.5 21.375 0.00222504
7.5 23.625 0.00227921
7.5 25.875 0.00249364
7.5 28.125 0.00229514
7.5 30.375 0.00236689
7.5 32.625 0.00227929
7.5 34.875 0.00250761
7.5 37.125 0.00254424
7.5 39.375 0.00242544
7.5 41.625 0.00235476
7.5 43.875 0.00252358
7.7 1.125 0.0026074
7.7 3.375 0.00218728
7.7 5.625 0.00249619
7.7 7.875 0.00218498
7.7 10.125 0.00241002
7.7 12.375 0.00226946
7.7 14.625 0.00251489
7.7 16.875 0.00276444
7.7 19.125 0.0026478
7.7 21.375 0.00250316
7.7 23.625 0.0030505
7.7 25.875 0.00960272
7.7 28.125 0.0024285
7.7 30.375 0.00243792
7.7 32.625 0.00211155
7.7 34.875 0.002286
7.7 37.125 0.00241033
7.7 39.375 0.00254649
7.7 41.625 0.00237657
7.7 43.875 0.00251034
7.9 1.125 0.00220555
7.9 3.375 0.00257063
7.9 5.625 0.00504432
7.9 7.875 0.00305839
7.9 10.125 0.00254469
7.9 12.375 0.00244964
7.9 14.625 0.00215263
7.9 16.875 0.00234092
7.9 19.125 0.00266558
7.9 21.375 0.00254669
7.9 23.625 0.00239289
7.9 25.875 0.00289617
7.9 28.125 0.00264679
7.9 30.375 0.00240949
7.9 32.625 0.00219452
7.9 34.875 0.0021691
7.9 37.125 0.00249985
7.9 39.375 0.00175304
7.9 41.625 0.00625923
7.9 43.875 0.00247056
8.1 1.125 0.00226371
8.1 3.375 0.00219046
8.1 5.625 0.00222328
8.1 7.875 0.00217634
8.1 10.125 0.00254069
8.1 12.375 0.00253439
8.1 14.625 0.00204353
8.1 16.875 0.0025896
8.1 19.125 0.00243224
8.1 21.375 0.00243699
8.1 23.625 0.00212741
8.1 25.875 0.00209085
8.1 28.125 0.00250316
8.1 30.375 0.00240383
8.1 32.625 0.00254659
8.1 34.875 0.00243007
8.1 37.125 0.00225556
8.1 39.375 0.00265826
8.1 41.625 0.00232055
8.1 43.875 0.00235272
8.3 1.125 0.00213567
8.3 3.375 0.00260701
8.3 5.625 0.00225173
8.3 7.875 0.00243162
8.3 10.125 0.00213776
8.3 12.375 0.00243563
8.3 14.625 0.00262026
8.3 16.875 0.00224267
8.3 19.125 0.00206556
8.3 21.375 0.0023462
8.3 23.625 0.00219306
8.3 25.875 0.00256204
8.3 28.125 0.00268685
8.3 30.375 0.00258601
8.3 32.625 0.00248727
8.3 34.875 0.00216852
8.3 37.125 0.00233108
8.3 39.375 0.00217492
8.3 41.625 0.00225769
8.3 43.875 0.00234245
8.5 1.125 0.00317262
8.5 3.375 0.00195893
8.5 5.625 0.00228944
8.5 7.875 0.00197644
8.5 10.125 0.00225213
8.5 12.375 0.0027932
8.5 14.625 0.00202215
8.5 16.875 0.0024342
8.5 19.125 0.00243537
8.5 21.375 0.00198901
8.5 23.625 0.00222248
8.5 25.875 0.00228237
8.5 28.125 0.00226814
8.5 30.375 0.00238097
8.5 32.625 0.0026415
8.5 34.875 0.00191039
8.5 37.125 0.00241422
8.5 39.375 0.00231672
8.5 41.625 0.00217147
8.5 43.875 0.00221765
8.7 1.125 0.00255495
8.7 3.375 0.00254953
8.7 5.625 0.0023495
8.7 7.875 0.00235405
8.7 10.125 0.00197832
8.7 12.375 0.00207693
8.7 14.625 0.00202844
8.7 16.875 0.0022638
8.7 19.125 0.00231571
8.7 21.375 0.00224595
8.7 23.625 0.00224004
8.7 25.875 0.00213618
8.7 28.125 0.0021256
8.7 30.375 0.00214409
8.7 32.625 0.0021654
8.7 34.875 0.00212848
8.7 37.125 0.00187607
8.7 39.375 0.00223135
8.7 41.625 0.00585604
8.7 43.875 0.00223599
8.9 1.125 0.00243753
8.9 3.375 0.00221462
8.9 5.625 0.00222003
8.9 7.875 0.00210823
8.9 10.125 0.00208023
8.9 12.375 0.00201637
8.9 14.625 0.00228883
8.9 16.875 0.00204321
8.9 19.125 0.0025583
8.9 21.375 0.00475116
8.9 23.625 0.00244496
8.9 25.875 0.00264351
8.9 28.125 0.00265594
8.9 30.375 0.00229466
8.9 32.625 0.00237767
8.9 34.875 0.0027591
8.9 37.125 0.00207728
8.9 39.375 0.00283112
8.9 41.625 0.00189445
8.9 43.875 0.00224233
9.1 1.125 0.00249128
9.1 3.375 0.00226528
9.1 5.625 0.00187947
9.1 7.875 0.00254994
9.1 10.125 0.00229827
9.1 12.375 0.00225065
9.1 14.625 0.00249505
9.1 16.875 0.00215997
9.1 19.125 0.00211869
9.1 21.375 0.00213848
9.1 23.625 0.00221571
9.1 25.875 0.00227246
9.1 28.125 0.00221846
9.1 30.375 0.00222235
9.1 32.625 0.00228675
9.1 34.875 0.0026267
9.1 37.125 0.00901757
9.1 39.375 0.00202282
9.1 41.625 0.00234591
9.1 43.875 0.00224361
9.3 1.125 0.00234409
9.3 3.375 0.00215835
9.3 5.625 0.00191385
9.3 7.875 0.00234667
9.3 10.125 0.00234894
9.3 12.375 0.00236945
9.3 14.625 0.00198834
9.3 16.875 0.00210656
9.3 19.125 0.00582129
9.3 21.375 0.00194275
9.3 23.625 0.00224328
9.3 25.875 0.00229026
9.3 28.125 0.00180267
9.3 30.375 0.00176263
9.3 32.625 0.002054
9.3 34.875 0.00206962
9.3 37.125 0.00287962
9.3 39.375 0.00221412
9.3 41.625 0.00232721
9.3 43.875 0.00210515
9.5 1.125 0.00182406
9.5 3.375 0.00238923
9.5 5.625 0.00207283
9.5 7.875 0.00248835
9.5 10.125 0.00232761
9.5 12.375 0.00217506
9.5 14.625 0.00229052
9.5 16.875 0.00249618
9.5 19.125 0.00238998
9.5 21.375 0.00291191
9.5 23.625 0.00174271
9.5 25.875 0.00229848
9.5 28.125 0.00261146
9.5 30.375 0.0026922
9.5 32.625 0.00217423
9.5 34.875 0.00187624
9.5 37.125 0.00223042
9.5 39.375 0.00230117
9.5 41.625 0.00201945
9.5 43.875 0.00195714
9.7 1.125 0.00198922
9.7 3.375 0.0023619
9.7 5.625 0.00219558
9.7 7.875 0.00231927
9.7 10.125 0.00175442
9.7 12.375 0.00220402
9.7 14.625 0.00258966
9.7 16.875 0.00219958
9.7 19.125 0.00230578
9.7 21.375 0.00212258
9.7 23.625 0.0018565
9.7 25.875 0.0020393
9.7 28.125 0.00213349
9.7 30.375 0.00265141
9.7 32.625 0.00163605
9.7 34.875 0.00245897
9.7 37.125 0.00222038
9.7 39.375 0.0022789
9.7 41.625 0.00235469
9.7 43.875 0.00200059
9.9 1.125 0.00218703
9.9 3.375 0.00203366
9.9 5.625 0.00226054
9.9 7.875 0.00857369
9.9 10.125 0.00201529
9.9 12.375 0.00213646
9.9 14.625 0.00219554
9.9 16.875 0.00187909
9.9 19.125 0.00318713
9.9 21.375 0.0019884
9.9 23.625 0.00250025
9.9 25.875 0.00213024
9.9 28.125 0.00199335
9.9 30.375 0.00202805
9.9 32.625 0.00202812
9.9 34.875 0.00254994
9.9 37.125 0.00302729
9.9 39.375 0.00203851
9.9 41.625 0.00242016
9.9 43.875 0.00187688
10.1 1.125 0.00160393
10.1 3.375 0.00205882
10.1 5.625 0.00219196
10.1 7.875 0.00194155
10.1 10.125 0.00208464
10.1 12.375 0.0022542
10.1 14.625 0.00232251
10.1 16.875 0.0025563
10.1 19.125 0.00227331
10.1 21.375 0.00230811
10.1 23.625 0.00225947
10.1 25.875 0.00167256
10.1 28.125 0.00211672
10.1 30.375 0.00211902
10.1 32.625 0.0016962
10.1 34.875 0.00198802
10.1 37.125 0.00141909
10.1 39.375 0.0018587
10.1 41.625 0.0020392
10.1 43.875 0.00223652
10.3 1.125 0.00192189
10.3 3.375 0.00273234
10.3 5.625 0.00252894
10.3 7.875 0.0120966
10.3 10.125 0.00207526
10.3 12.375 0.00209053
10.3 14.625 0.00246182
10.3 16.875 0.00198175
10.3 19.125 0.00219451
10.3 21.375 0.00251196
10.3 23.625 0.00198327
10.3 25.875 0.00200889
10.3 28.125 0.00235348
10.3 30.375 0.00223771
10.3 32.625 0.00239096
10.3 34.875 0.00317295
10.3 37.125 0.00212877
10.3 39.375 0.00232535
10.3 41.625 0.00218328
10.3 43.875 0.00196529
10.5 1.125 0.00166956
10.5 3.375 0.00236658
10.5 5.625 0.00188824
10.5 7.875 0.0022778
10.5 10.125 0.00205645
10.5 12.375 0.00209604
10.5 14.625 0.00204216
10.5 16.875 0.00232948
10.5 19.125 0.00191462
10.5 21.375 0.00267723
10.5 23.625 0.00207857
10.5 25.875 0.00209186
10.5 28.125 0.00273296
10.5 30.375 0.00220987
10.5 32.625 0.00222532
10.5 34.875 0.00301024
10.5 37.125 0.00310254
10.5 39.375 0.00583091
10.5 41.625 0.00227997
10.5 43.875 0.00238418
10.7 1.125 0.00195807
10.7 3.375 0.00200385
10.7 5.625 0.00260907
10.7 7.875 0.00255622
10.7 10.125 0.00167943
10.7 12.375 0.00246821
10.7 14.625 0.00240196
10.7 16.875 0.00184829
10.7 19.125 0.00207497
10.7 21.375 0.0020084
10.7 23.625 0.00225347
10.7 25.875 0.00470935
10.7 28.125 0.00206079
10.7 30.375 0.00217189
10.7 32.625 0.00246358
10.7 34.875 0.00207232
10.7 37.125 0.00262651
10.7 39.375 0.00328671
10.7 41.625 0.0030513
10.7 43.875 0.00200811
10.9 1.125 0.00504551
10.9 3.375 0.00210613
10.9 5.625 0.00296126
10.9 7.875 0.00197629
10.9 10.125 0.00218349
10.9 12.375 0.00232882
10.9 14.625 0.00242999
10.9 16.875 0.00224581
10.9 19.125 0.00233589
10.9 21.375 0.00202406
10.9 23.625 0.00238047
10.9 25.875 0.00239961
10.9 28.125 0.00240849
10.9 30.375 0.00192779
10.9 32.625 0.0022896
10.9 34.875 0.00306638
10.9 37.125 0.0022046
10.9 39.375 0.00276269
10.9 41.625 0.00194947
10.9 43.875 0.00226926
11.1 1.125 0.00256432
11.1 3.375 0.00217681
11.1 5.625 0.00183514
11.1 7.875 0.00152741
11.1 10.125 0.00281484
11.1 12.375 0.00189968
11.1 14.625 0.00167361
11.1 16.875 0.00286875
11.1 19.125 0.00219616
11.1 21.375 0.00246189
11.1 23.625 0.00224602
11.1 25.875 0.0110302
11.1 28.125 0.00278936
11.1 30.375 0.00300217
11.1 32.625 0.00216551
11.1 34.875 0.00295515
11.1 37.125 0.00225275
11.1 39.375 0.00274562
11.1 41.625 0.00197403
11.1 43.875 0.00224775
11.3 1.125 0.00172444
11.3 3.375 0.00197707
11.3 5.625 0.00256635
11.3 7.875 0.00226763
11.3 10.125 0.00211947
11.3 12.375 0.00265812
11.3 14.625 0.00239819
11.3 16.875 0.00211971
11.3 19.125 0.00197871
11.3 21.375 0.00224348
11.3 23.625 0.00352173
11.3 25.875 0.00197023
11.3 28.125 0.00233542
11.3 30.375 0.00267323
11.3 32.625 0.00193687
11.3 34.875 0.00211869
11.3 37.125 0.00163255
11.3 39.375 0.00226029
11.3 41.625 0.00158667
11.3 43.875 0.00277323
11.5 1.125 0.00176475
11.5 3.375 0.00249576
11.5 5.625 0.00179928
11.5 7.875 0.00147485
11.5 10.125 0.00230267
11.5 12.375 0.00191682
11.5 14.625 0.00168451
11.5 16.875 0.00244354
11.5 19.125 0.00156574
11.5 21.375 0.00188902
11.5 23.625 0.00178976
11.5 25.875 0.00242853
11.5 28.125 0.00225839
11.5 30.375 0.00267597
11.5 32.625 0.00209431
11.5 34.875 0.00225032
11.5 37.125 0.00191528
11.5 39.375 0.00174515
11.5 41.625 0.00237055
11.5 43.875 0.00253414
11.7 1.125 0.00186944
11.7 3.375 0.00294943
11.7 5.625 0.00201783
11.7 7.875 0.00238061
11.7 10.125 0.00225019
11.7 12.375 0.00141555
11.7 14.625 0.00264495
11.7 16.875 0.00259461
11.7 19.125 0.00160888
11.7 21.375 0.00173803
11.7 23.625 0.00187092
11.7 25.875 0.00189742
11.7 28.125 0.00219327
11.7 30.375 0.00179554
11.7 32.625 0.0021836
11.7 34.875 0.00214485
11.7 37.125 0.00219095
11.7 39.375 0.0018755
11.7 41.625 0.00221773
11.7 43.875 0.00223231
11.9 1.125 0.00251546
11.9 3.375 0.00196699
11.9 5.625 0.00208136
11.9 7.875 0.00176036
11.9 10.125 0.00217833
11.9 12.375 0.00191179
11.9 14.625 0.00199841
11.9 16.875 0.00170515
11.9 19.125 0.00164952
11.9 21.375 0.00223919
11.9 23.625 0.00176063
11.9 25.875 0.001983
11.9 28.125 0.0017675
11.9 30.375 0.00200844
11.9 32.625 0.00165657
11.9 34.875 0.00248686
11.9 37.125 0.00301206
11.9 39.375 0.00247414
11.9 41.625 0.00181557
11.9 43.875 0.00114234
12.1 1.125 0.00247674
12.1 3.375 0.00195819
12.1 5.625 0.0022552
12.1 7.875 0.00180132
12.1 10.125 0.00248799
12.1 12.375 0.00182431
12.1 14.625 0.00194088
12.1 16.875 0.00353382
12.1 19.125 0.0030585
12.1 21.375 0.00182299
12.1 23.625 0.001975
12.1 25.875 0.00192305
12.1 28.125 0.00330869
12.1 30.375 0.00167234
12.1 32.625 0.00226705
12.1 34.875 0.00176348
12.1 37.125 0.00198221
12.1 39.375 0.00227634
12.1 41.625 0.00194774
12.1 43.875 0.00185879
12.3 1.125 0.0020594
12.3 3.375 0.00235608
12.3 5.625 0.00255763
12.3 7.875 0.00170307
12.3 10.125 0.0017445
12.3 12.375 0.00241049
12.3 14.625 0.00208394
12.3 16.875 0.00226565
12.3 19.125 0.00251544
12.3 21.375 0.00212417
12.3 23.625 0.00250553
12.3 25.875 0.00193224
12.3 28.125 0.00177593
12.3 30.375 0.00290518
12.3 32.625 0.00224525
12.3 34.875 0.00276852
12.3 37.125 0.00227382
12.3 39.375 0.00204541
12.3 41.625 0.00158531
12.3 43.875 0.00188052
12.5 1.125 0.00195288
12.5 3.375 0.00219873
12.5 5.625 0.00222031
12.5 7.875 0.00252619
12.5 10.125 0.00261393
12.5 12.375 0.00210048
12.5 14.625 0.00185572
12.5 16.875 0.00258493
12.5 19.125 0.00259099
12.5 21.375 0.00222202
12.5 23.625 0.00222505
12.5 25.875 0.00224957
12.5 28.125 0.00211799
12.5 30.375 0.0025698
12.5 32.625 0.0260951
12.5 34.875 0.00210331
12.5 37.125 0.00483733
12.5 39.375 0.00160738
12.5 41.625 0.00132061
12.5 43.875 0.0051591
12.7 1.125 0.00181098
12.7 3.375 0.00209995
12.7 5.625 0.00216244
12.7 7.875 0.00194018
12.7 10.125 0.00245547
12.7 12.375 0.00182269
12.7 14.625 0.00249486
12.7 16.875 0.00191032
12.7 19.125 0.00241098
12.7 21.375 0.00216909
12.7 23.625 0.00182094
12.7 25.875 0.00310834
12.7 28.125 0.00193562
12.7 30.375 0.00184361
12.7 32.625 0.0031463
12.7 34.875 0.0018973
12.7 37.125 0.00196415
12.7 39.375 0.00380969
12.7 41.625 0.00587532
12.7 43.875 0.00187007
12.9 1.125 0.00144866
12.9 3.375 0.00205361
12.9 5.625 0.00154
12.9 7.875 0.00286852
12.9 10.125 0.00199422
12.9 12.375 0.00177785
12.9 14.625 0.00298097
12.9 16.875 0.00243969
12.9 19.125 0.00174651
12.9 21.375 0.00190017
12.9 23.625 0.00222668
12.9 25.875 0.00227224
12.9 28.125 0.00161222
12.9 30.375 0.00209773
12.9 32.625 0.00319798
12.9 34.875 0.0019169
12.9 37.125 0.00212989
12.9 39.375 0.00189001
12.9 41.625 0.00438771
12.9 43.875 0.00285435
13.1 1.125 0.00212929
13.1 3.375 0.00216318
13.1 5.625 0.00165909
13.1 7.875 0.00238062
13.1 10.125 0.00176882
13.1 12.375 0.00185238
13.1 14.625 0.00314938
13.1 16.875 0.00250122
13.1 19.125 0.0017201
13.1 21.375 0.00274032
13.1 23.625 0.00185484
13.1 25.875 0.00299803
13.1 28.125 0.00204546
13.1 30.375 0.00153031
13.1 32.625 0.00189997
13.1 34.875 0.00277658
13.1 37.125 0.00191592
13.1 39.375 0.00208513
13.1 41.625 0.00141599
13.1 43.875 0.00235448
13.3 1.125 0.0362031
13.3 3.375 0.00217431
13.3 5.625 0.00165617
13.3 7.875 0.00185588
13.3 10.125 0.00411665
13.3 12.375 0.00251573
13.3 14.625 0.00152814
13.3 16.875 0.0020392
13.3 19.125 0.00149794
13.3 21.375 0.00309147
13.3 23.625 0.00235424
13.3 25.875 0.00349968
13.3 28.125 0.0011288
13.3 30.375 0.00312432
13.3 32.625 0.00183628
13.3 34.875 0.00216792
13.3 37.125 0.00203195
13.3 39.375 0.0026111
13.3 41.625 0.0030125
13.3 43.875 0.00137229
13.5 1.125 0.00166586
13.5 3.375 0.00115677
13.5 7.875 0.00675026
13.5 10.125 0.00143439
13.5 12.375 0.00250178
13.5 14.625 0.00170805
13.5 16.875 0.00196693
13.5 19.125 0.0012916
13.5 21.375 0.00979663
13.5 23.625 0.00278259
13.5 25.875 0.00237809
13.5 28.125 0.00181824
13.5 30.375 0.00273583
13.5 32.625 0.00172154
13.5 34.875 0.00216753
13.5 37.125 0.00203285
13.5 39.375 0.00230545
13.5 41.625 0.00220162
13.5 43.875 0.00171472
13.7 1.125 0.00222351
13.7 3.375 0.00241965
13.7 5.625 0.00354792
13.7 7.875 0.00418863
13.7 10.125 0.00226461
13.7 12.375 0.00223199
13.7 19.125 0.00167147
13.7 21.375 0.00190077
13.7 23.625 0.00146213
13.7 25.875 0.00307834
13.7 28.125 0.00307795
13.7 30.375 0.00236813
13.7 32.625 0.00174176
13.7 34.875 0.00450791
13.7 37.125 0.00149896
13.7 39.375 0.00154178
13.7 41.625 0.00195092
13.7 43.875 0.0023261
13.9 1.125 0.00324947
13.9 3.375 0.0026537
13.9 7.875 0.00176305
13.9 10.125 0.00255291
13.9 12.375 0.00174718
13.9 16.875 0.0014055
13.9 19.125 0.00153529
13.9 21.375 0.00176662
13.9 23.625 0.00230171
13.9 25.875 0.00362649
13.9 28.125 0.00224475
13.9 30.375 0.00164377
13.9 32.625 0.00195774
13.9 34.875 0.0016144
13.9 37.125 0.00160721
13.9 39.375 0.00130131
13.9 41.625 0.00473052
13.9 43.875 0.00279494
