0.1 1.125 0.722794
0.1 3.375 0.728406
0.1 5.625 0.750978
0.1 7.875 0.755403
0.1 10.125 0.738988
0.1 12.375 0.708503
0.1 14.625 0.680256
0.1 16.875 0.764232
0.1 19.125 0.757979
0.1 21.375 0.71683
0.1 23.625 0.695747
0.1 25.875 0.72065
0.1 28.125 0.762218
0.1 30.375 0.730851
0.1 32.625 0.765658
0.1 34.875 0.749824
0.1 37.125 0.760141
0.1 39.375 0.763509
0.1 41.625 0.733899
0.1 43.875 0.754566
0.3 1.125 0.744652
0.3 3.375 0.743962
0.3 5.625 0.740261
0.3 7.875 0.71176
0.3 10.125 0.742344
0.3 12.375 0.736824
0.3 14.625 0.735036
0.3 16.875 0.738183
0.3 19.125 0.734239
0.3 21.375 0.735555
0.3 23.625 0.738259
0.3 25.875 0.737799
0.3 28.125 0.730193
0.3 30.375 0.736576
0.3 32.625 0.724135
0.3 34.875 0.735497
0.3 37.125 0.728872
0.3 39.375 0.743383
0.3 41.625 0.724703
0.3 43.875 0.742208
0.5 1.125 0.717285
0.5 3.375 0.682897
0.5 5.625 0.724238
0.5 7.875 0.725083
0.5 10.125 0.710308
0.5 12.375 0.723602
0.5 14.625 0.71542
0.5 16.875 0.719438
0.5 19.125 0.713379
0.5 21.375 0.713748
0.5 23.625 0.702651
0.5 25.875 0.711549
0.5 28.125 0.703988
0.5 30.375 0.713673
0.5 32.625 0.71664
0.5 34.875 0.712697
0.5 37.125 0.705801
0.5 39.375 0.700429
0.5 41.625 0.715946
0.5 43.875 0.713389
0.7 1.125 0.687105
0.7 3.375 0.680668
0.7 5.625 0.686678
0.7 7.875 0.682283
0.7 10.125 0.701498
0.7 12.375 0.689706
0.7 14.625 0.687853
0.7 16.875 0.678576
0.7 19.125 0.665371
0.7 21.375 0.677817
0.7 23.625 0.681449
0.7 25.875 0.670337
0.7 28.125 0.67594
0.7 30.375 0.672943
0.7 32.625 0.672961
0.7 34.875 0.675629
0.7 37.125 0.682336
0.7 39.375 0.666438
0.7 41.625 0.650702
0.7 43.875 0.674244
0.9 1.125 0.615412
0.9 3.375 0.619137
0.9 5.625 0.606799
0.9 7.875 0.617986
0.9 10.125 0.619551
0.9 12.375 0.627094
0.9 14.625 0.607275
0.9 16.875 0.615293
0.9 19.125 0.607697
0.9 21.375 0.616781
0.9 23.625 0.602601
0.9 25.875 0.603666
0.9 28.125 0.618327
0.9 30.375 0.610548
0.9 32.625 0.61801
0.9 34.875 0.61711
0.9 37.125 0.61908
0.9 39.375 0.623965
0.9 41.625 0.621049
0.9 43.875 0.606607
1.1 1.125 0.485891
1.1 3.375 0.476304
1.1 5.625 0.500333
1.1 7.875 0.486916
1.1 10.125 0.520433
1.1 12.375 0.469092
1.1 14.625 0.485113
1.1 16.875 0.480804
1.1 19.125 0.503031
1.1 21.375 0.498628
1.1 23.625 0.480879
1.1 25.875 0.513363
1.1 28.125 0.536455
1.1 30.375 0.557532
1.1 32.625 0.547709
1.1 34.875 0.549342
1.1 37.125 0.53752
1.1 39.375 0.562512
1.1 41.625 0.550363
1.1 43.875 0.567351
1.3 1.125 0.301961
1.3 3.375 0.302892
1.3 5.625 0.302906
1.3 7.875 0.31946
1.3 10.125 0.338544
1.3 12.375 0.326871
1.3 14.625 0.362709
1.3 16.875 0.332425
1.3 19.125 0.358942
1.3 21.375 0.369211
1.3 23.625 0.378348
1.3 25.875 0.406342
1.3 28.125 0.393353
1.3 30.375 0.411505
1.3 32.625 0.416439
1.3 34.875 0.408613
1.3 37.125 0.47133
1.3 39.375 0.442086
1.3 41.625 0.452144
1.3 43.875 0.479701
1.5 1.125 0.179087
1.5 3.375 0.17691
1.5 5.625 0.182777
1.5 7.875 0.18013
1.5 10.125 0.209698
1.5 12.375 0.208234
1.5 14.625 0.211131
1.5 16.875 0.226593
1.5 19.125 0.223719
1.5 21.375 0.232657
1.5 23.625 0.217072
1.5 25.875 0.253437
1.5 28.125 0.273062
1.5 30.375 0.297677
1.5 32.625 0.288367
1.5 34.875 0.309113
1.5 37.125 0.31324
1.5 39.375 0.339105
1.5 41.625 0.366515
1.5 43.875 0.343564
1.7 1.125 0.0994692
1.7 3.375 0.101298
1.7 5.625 0.101504
1.7 7.875 0.10404
1.7 10.125 0.115349
1.7 12.375 0.12297
1.7 14.625 0.130277
1.7 16.875 0.124163
1.7 19.125 0.14124
1.7 21.375 0.139755
1.7 23.625 0.151254
1.7 25.875 0.146171
1.7 28.125 0.164377
1.7 30.375 0.174369
1.7 32.625 0.166548
1.7 34.875 0.177661
1.7 37.125 0.202785
1.7 39.375 0.191815
1.7 41.625 0.217227
1.7 43.875 0.211303
1.9 1.125 0.06195
1.9 3.375 0.0631349
1.9 5.625 0.0668369
1.9 7.875 0.0679598
1.9 10.125 0.0700151
1.9 12.375 0.0754002
1.9 14.625 0.0784347
1.9 16.875 0.0815219
1.9 19.125 0.0811237
1.9 21.375 0.0848698
1.9 23.625 0.0827882
1.9 25.875 0.0865031
1.9 28.125 0.0965613
1.9 30.375 0.10056
1.9 32.625 0.105452
1.9 34.875 0.116806
1.9 37.125 0.114284
1.9 39.375 0.123951
1.9 41.625 0.119998
1.9 43.875 0.133611
2.1 1.125 0.0402786
2.1 3.375 0.0426821
2.1 5.625 0.0415649
2.1 7.875 0.0429246
2.1 10.125 0.0423281
2.1 12.375 0.0481008
2.1 14.625 0.0496906
2.1 16.875 0.0542983
2.1 19.125 0.0528798
2.1 21.375 0.0552529
2.1 23.625 0.0532616
2.1 25.875 0.0561355
2.1 28.125 0.0614062
2.1 30.375 0.0634357
2.1 32.625 0.0684105
2.1 34.875 0.0678028
2.1 37.125 0.0691192
2.1 39.375 0.0763671
2.1 41.625 0.0756972
2.1 43.875 0.0782045
2.3 1.125 0.0267901
2.3 3.375 0.0261269
2.3 5.625 0.0268186
2.3 7.875 0.0281088
2.3 10.125 0.026555
2.3 12.375 0.0292689
2.3 14.625 0.030739
2.3 16.875 0.0309165
2.3 19.125 0.0320226
2.3 21.375 0.0346849
2.3 23.625 0.0372274
2.3 25.875 0.0382923
2.3 28.125 0.0429035
2.3 30.375 0.0463789
2.3 32.625 0.0451888
2.3 34.875 0.0452067
2.3 37.125 0.0496366
2.3 39.375 0.0491278
2.3 41.625 0.0526582
2.3 43.875 0.0505174
2.5 1.125 0.0166312
2.5 3.375 0.0172503
2.5 5.625 0.0161859
2.5 7.875 0.0151581
2.5 10.125 0.0168465
2.5 12.375 0.0167707
2.5 14.625 0.0170801
2.5 16.875 0.0169135
2.5 19.125 0.0183185
2.5 21.375 0.0212324
2.5 23.625 0.0210266
2.5 25.875 0.0238232
2.5 28.125 0.0268382
2.5 30.375 0.0280694
2.5 32.625 0.0299534
2.5 34.875 0.0306054
2.5 37.125 0.0342425
2.5 39.375 0.0327398
2.5 41.625 0.0310486
2.5 43.875 0.0323847
2.7 1.125 0.0144176
2.7 3.375 0.0138274
2.7 5.625 0.014121
2.7 7.875 0.0135351
2.7 10.125 0.0129919
2.7 12.375 0.0137154
2.7 14.625 0.0125618
2.7 16.875 0.01271
2.7 19.125 0.0135239
2.7 21.375 0.0140218
2.7 23.625 0.0145285
2.7 25.875 0.0155857
2.7 28.125 0.01706
2.7 30.375 0.0193089
2.7 32.625 0.020954
2.7 34.875 0.0199184
2.7 37.125 0.0220603
2.7 39.375 0.0215893
2.7 41.625 0.0192573
2.7 43.875 0.0216182
2.9 1.125 0.0108231
2.9 3.375 0.0112541
2.9 5.625 0.0109473
2.9 7.875 0.0119306
2.9 10.125 0.0104338
2.9 12.375 0.0105856
2.9 14.625 0.0108083
2.9 16.875 0.0112272
2.9 19.125 0.0112633
2.9 21.375 0.0115146
2.9 23.625 0.0111553
2.9 25.875 0.0121964
2.9 28.125 0.0123438
2.9 30.375 0.0126034
2.9 32.625 0.0132638
2.9 34.875 0.0139413
2.9 37.125 0.0146025
2.9 39.375 0.0146698
2.9 41.625 0.0139402
2.9 43.875 0.0150906
3.1 1.125 0.00940531
3.1 3.375 0.00930871
3.1 5.625 0.00867136
3.1 7.875 0.00888846
3.1 10.125 0.00850311
3.1 12.375 0.00903029
3.1 14.625 0.00907557
3.1 16.875 0.00893902
3.1 19.125 0.00924752
3.1 21.375 0.0101766
3.1 23.625 0.00951831
3.1 25.875 0.00985678
3.1 28.125 0.00993244
3.1 30.375 0.0106826
3.1 32.625 0.00973212
3.1 34.875 0.00999417
3.1 37.125 0.0102119
3.1 39.375 0.0106263
3.1 41.625 0.011507
3.1 43.875 0.0110328
3.3 1.125 0.0081226
3.3 3.375 0.00800652
3.3 5.625 0.00807167
3.3 7.875 0.00821136
3.3 10.125 0.00792439
3.3 12.375 0.00805945
3.3 14.625 0.00744383
3.3 16.875 0.0078389
3.3 19.125 0.00765689
3.3 21.375 0.00832685
3.3 23.625 0.009464
3.3 25.875 0.00794157
3.3 28.125 0.00932652
3.3 30.375 0.00921394
3.3 32.625 0.010099
3.3 34.875 0.00917708
3.3 37.125 0.00925767
3.3 39.375 0.00873408
3.3 41.625 0.0099554
3.3 43.875 0.00973937
3.5 1.125 0.00719794
3.5 3.375 0.00742291
3.5 5.625 0.00696526
3.5 7.875 0.00655995
3.5 10.125 0.00660998
3.5 12.375 0.00693013
3.5 14.625 0.00641127
3.5 16.875 0.00666485
3.5 19.125 0.00603675
3.5 21.375 0.00796418
3.5 23.625 0.00768396
3.5 25.875 0.00632016
3.5 28.125 0.00698656
3.5 30.375 0.00792546
3.5 32.625 0.00720715
3.5 34.875 0.00772234
3.5 37.125 0.00779182
3.5 39.375 0.00838493
3.5 41.625 0.00712008
3.5 43.875 0.00727109
3.7 1.125 0.00694446
3.7 3.375 0.00593419
3.7 5.625 0.00609375
3.7 7.875 0.00706069
3.7 10.125 0.00616021
3.7 12.375 0.00673568
3.7 14.625 0.0052012
3.7 16.875 0.00623892
3.7 19.125 0.00680764
3.7 21.375 0.00709991
3.7 23.625 0.00722487
3.7 25.875 0.00695632
3.7 28.125 0.00700013
3.7 30.375 0.00670553
3.7 32.625 0.00639035
3.7 34.875 0.00710525
3.7 37.125 0.00635761
3.7 39.375 0.00663178
3.7 41.625 0.00617388
3.7 43.875 0.00648416
3.9 1.125 0.00576937
3.9 3.375 0.00534543
3.9 5.625 0.0061114
3.9 7.875 0.00560411
3.9 10.125 0.00668985
3.9 12.375 0.00564519
3.9 14.625 0.00576542
3.9 16.875 0.00550896
3.9 19.125 0.00640261
3.9 21.375 0.0064939
3.9 23.625 0.00626399
3.9 25.875 0.00593174
3.9 28.125 0.00702589
3.9 30.375 0.00647259
3.9 32.625 0.00616377
3.9 34.875 0.00570747
3.9 37.125 0.005686
3.9 39.375 0.00578209
3.9 41.625 0.00555087
3.9 43.875 0.00541243
4.1 1.125 0.00540567
4.1 3.375 0.00551801
4.1 5.625 0.00579232
4.1 7.875 0.00571062
4.1 10.125 0.00591522
4.1 12.375 0.00555186
4.1 14.625 0.00636718
4.1 16.875 0.00574364
4.1 19.125 0.00658477
4.1 21.375 0.00571317
4.1 23.625 0.0057879
4.1 25.875 0.00552851
4.1 28.125 0.00551569
4.1 30.375 0.00525315
4.1 32.625 0.00581611
4.1 34.875 0.00513582
4.1 37.125 0.00516466
4.1 39.375 0.0045711
4.1 41.625 0.00501111
4.1 43.875 0.0050988
4.3 1.125 0.00502738
4.3 3.375 0.00473592
4.3 5.625 0.00485375
4.3 7.875 0.00477731
4.3 10.125 0.00464994
4.3 12.375 0.00530557
4.3 14.625 0.00508152
4.3 16.875 0.00644853
4.3 19.125 0.00585147
4.3 21.375 0.00543175
4.3 23.625 0.00560813
4.3 25.875 0.00492058
4.3 28.125 0.00526319
4.3 30.375 0.00539557
4.3 32.625 0.00542015
4.3 34.875 0.00448084
4.3 37.125 0.00468189
4.3 39.375 0.00463371
4.3 41.625 0.00460525
4.3 43.875 0.00421313
4.5 1.125 0.00456349
4.5 3.375 0.00408059
4.5 5.625 0.00413364
4.5 7.875 0.0047684
4.5 10.125 0.00466086
4.5 12.375 0.0043473
4.5 14.625 0.0052982
4.5 16.875 0.00451138
4.5 19.125 0.00475601
4.5 21.375 0.00452205
4.5 23.625 0.00526624
4.5 25.875 0.00473358
4.5 28.125 0.00548764
4.5 30.375 0.00505843
4.5 32.625 0.00456695
4.5 34.875 0.00440833
4.5 37.125 0.00424956
4.5 39.375 0.00448688
4.5 41.625 0.00431521
4.5 43.875 0.00389168
4.7 1.125 0.00395146
4.7 3.375 0.00404143
4.7 5.625 0.00419716
4.7 7.875 0.00386202
4.7 10.125 0.00679892
4.7 12.375 0.00390204
4.7 14.625 0.00409897
4.7 16.875 0.0042572
4.7 19.125 0.0040541
4.7 21.375 0.00408128
4.7 23.625 0.00437956
4.7 25.875 0.0045223
4.7 28.125 0.00413361
4.7 30.375 0.00447903
4.7 32.625 0.00439959
4.7 34.875 0.00398063
4.7 37.125 0.0037382
4.7 39.375 0.00409557
4.7 41.625 0.00421166
4.7 43.875 0.0039596
4.9 1.125 0.0049377
4.9 3.375 0.00340611
4.9 5.625 0.00405434
4.9 7.875 0.00363259
4.9 10.125 0.00345167
4.9 12.375 0.00387184
4.9 14.625 0.00365449
4.9 16.875 0.00651973
4.9 19.125 0.00415958
4.9 21.375 0.00434271
4.9 23.625 0.0042731
4.9 25.875 0.0038857
4.9 28.125 0.00399413
4.9 30.375 0.00401237
4.9 32.625 0.00363077
4.9 34.875 0.00362513
4.9 37.125 0.00378371
4.9 39.375 0.00404365
4.9 41.625 0.0043767
4.9 43.875 0.00392783
5.1 1.125 0.00532116
5.1 3.375 0.00341797
5.1 5.625 0.00318282
5.1 7.875 0.00324917
5.1 10.125 0.00340084
5.1 12.375 0.00347982
5.1 14.625 0.00358294
5.1 16.875 0.00372768
5.1 19.125 0.00399852
5.1 21.375 0.00378286
5.1 23.625 0.00361426
5.1 25.875 0.00388686
5.1 28.125 0.00369563
5.1 30.375 0.00383562
5.1 32.625 0.00356561
5.1 34.875 0.00383149
5.1 37.125 0.003614
5.1 39.375 0.0036424
5.1 41.625 0.00390139
5.1 43.875 0.0040863
5.3 1.125 0.0030844
5.3 3.375 0.00312546
5.3 5.625 0.00292173
5.3 7.875 0.00295598
5.3 10.125 0.0031603
5.3 12.375 0.00318055
5.3 14.625 0.00359296
5.3 16.875 0.00334299
5.3 19.125 0.0035473
5.3 21.375 0.00332967
5.3 23.625 0.0036173
5.3 25.875 0.00346096
5.3 28.125 0.00336884
5.3 30.375 0.00337051
5.3 32.625 0.0034347
5.3 34.875 0.00355399
5.3 37.125 0.00337699
5.3 39.375 0.00349213
5.3 41.625 0.00342084
5.3 43.875 0.00389844
5.5 1.125 0.0030391
5.5 3.375 0.00319725
5.5 5.625 0.00303198
5.5 7.875 0.00316259
5.5 10.125 0.00311434
5.5 12.375 0.00303629
5.5 14.625 0.00276969
5.5 16.875 0.00349177
5.5 19.125 0.0036433
5.5 21.375 0.00351609
5.5 23.625 0.00318515
5.5 25.875 0.00358627
5.5 28.125 0.00348769
5.5 30.375 0.00328752
5.5 32.625 0.00323456
5.5 34.875 0.00343959
5.5 37.125 0.003295
5.5 39.375 0.00335439
5.5 41.625 0.00338896
5.5 43.875 0.00329329
5.7 1.125 0.00289138
5.7 3.375 0.00309225
5.7 5.625 0.00290841
5.7 7.875 0.00302659
5.7 10.125 0.00283545
5.7 12.375 0.00328448
5.7 14.625 0.00343553
5.7 16.875 0.0026174
5.7 19.125 0.00300961
5.7 21.375 0.00317366
5.7 23.625 0.00307507
5.7 25.875 0.00303379
5.7 28.125 0.00283034
5.7 30.375 0.00299446
5.7 32.625 0.00296512
5.7 34.875 0.00295285
5.7 37.125 0.00337866
5.7 39.375 0.00291953
5.7 41.625 0.00360584
5.7 43.875 0.00350773
5.9 1.125 0.00273405
5.9 3.375 0.00723283
5.9 5.625 0.00296248
5.9 7.875 0.00288334
5.9 10.125 0.00312021
5.9 12.375 0.00282148
5.9 14.625 0.00269891
5.9 16.875 0.00322004
5.9 19.125 0.00309848
5.9 21.375 0.00295989
5.9 23.625 0.00285525
5.9 25.875 0.00313615
5.9 28.125 0.00322203
5.9 30.375 0.00320076
5.9 32.625 0.00262197
5.9 34.875 0.00291767
5.9 37.125 0.00295111
5.9 39.375 0.00270515
5.9 41.625 0.00348712
5.9 43.875 0.0033144
6.1 1.125 0.00286868
6.1 3.375 0.00301885
6.1 5.625 0.00280226
6.1 7.875 0.00291988
6.1 10.125 0.00280051
6.1 12.375 0.00691436
6.1 14.625 0.00326336
6.1 16.875 0.00282254
6.1 19.125 0.00293552
6.1 21.375 0.00311904
6.1 23.625 0.00282721
6.1 25.875 0.00302025
6.1 28.125 0.00270584
6.1 30.375 0.003413
6.1 32.625 0.00335935
6.1 34.875 0.00282701
6.1 37.125 0.00271973
6.1 39.375 0.00281634
6.1 41.625 0.00295484
6.1 43.875 0.00288907
6.3 1.125 0.00272933
6.3 3.375 0.00291413
6.3 5.625 0.00263588
6.3 7.875 0.00247887
6.3 10.125 0.00284675
6.3 12.375 0.00264667
6.3 14.625 0.00301682
6.3 16.875 0.00314689
6.3 19.125 0.00257733
6.3 21.375 0.00297155
6.3 23.625 0.00300989
6.3 25.875 0.00300057
6.3 28.125 0.00256428
6.3 30.375 0.00252766
6.3 32.625 0.00291768
6.3 34.875 0.00283972
6.3 37.125 0.00262629
6.3 39.375 0.00264312
6.3 41.625 0.00299471
6.3 43.875 0.00295919
6.5 1.125 0.0026679
6.5 3.375 0.00286083
6.5 5.625 0.00261116
6.5 7.875 0.00265018
6.5 10.125 0.00229345
6.5 12.375 0.00304664
6.5 14.625 0.0029395
6.5 16.875 0.00264466
6.5 19.125 0.00281119
6.5 21.375 0.0029205
6.5 23.625 0.00265541
6.5 25.875 0.00353725
6.5 28.125 0.00271708
6.5 30.375 0.00307392
6.5 32.625 0.00262328
6.5 34.875 0.00292849
6.5 37.125 0.00244548
6.5 39.375 0.00271419
6.5 41.625 0.00249635
6.5 43.875 0.00275564
6.7 1.125 0.00246098
6.7 3.375 0.00307665
6.7 5.625 0.00337726
6.7 7.875 0.00255876
6.7 10.125 0.00232964
6.7 12.375 0.00298119
6.7 14.625 0.0033186
6.7 16.875 0.00260748
6.7 19.125 0.00286679
6.7 21.375 0.00280857
6.7 23.625 0.0030917
6.7 25.875 0.00292716
6.7 28.125 0.0021637
6.7 30.375 0.00277726
6.7 32.625 0.0028865
6.7 34.875 0.002387
6.7 37.125 0.00267808
6.7 39.375 0.00298186
6.7 41.625 0.00248108
6.7 43.875 0.0028648
6.9 1.125 0.00289562
6.9 3.375 0.00274257
6.9 5.625 0.0028083
6.9 7.875 0.00266142
6.9 10.125 0.00350409
6.9 12.375 0.00258525
6.9 14.625 0.00286444
6.9 16.875 0.00286806
6.9 19.125 0.00292384
6.9 21.375 0.00272048
6.9 23.625 0.00238466
6.9 25.875 0.00267769
6.9 28.125 0.00268395
6.9 30.375 0.00278879
6.9 32.625 0.00257887
6.9 34.875 0.00226005
6.9 37.125 0.00282813
6.9 39.375 0.00257587
6.9 41.625 0.00287606
6.9 43.875 0.00256164
7.1 1.125 0.00266407
7.1 3.375 0.00270083
7.1 5.625 0.00256108
7.1 7.875 0.00464852
7.1 10.125 0.002661
7.1 12.375 0.00234812
7.1 14.625 0.00261175
7.1 16.875 0.00250971
7.1 19.125 0.00300245
7.1 21.375 0.0026723
7.1 23.625 0.00263442
7.1 25.875 0.00270792
7.1 28.125 0.00266748
7.1 30.375 0.00263689
7.1 32.625 0.00447041
7.1 34.875 0.0023167
7.1 37.125 0.00248738
7.1 39.375 0.00276851
7.1 41.625 0.00276678
7.1 43.875 0.00254276
7.3 1.125 0.00343703
7.3 3.375 0.00664501
7.3 5.625 0.0024344
7.3 7.875 0.0024896
7.3 10.125 0.00255489
7.3 12.375 0.00250187
7.3 14.625 0.00266621
7.3 16.875 0.00258988
7.3 19.125 0.00273286
7.3 21.375 0.0025631
7.3 23.625 0.00232123
7.3 25.875 0.002447
7.3 28.125 0.00238248
7.3 30.375 0.00278053
7.3 32.625 0.00269173
7.3 34.875 0.00272034
7.3 37.125 0.00264436
7.3 39.375 0.00248862
7.3 41.625 0.00263656
7.3 43.875 0.00204584
7.5 1.125 0.00263444
7.5 3.375 0.00785023
7.5 5.625 0.00271353
7.5 7.875 0.00222133
7.5 10.125 0.00303095
7.5 12.375 0.00251129
7.5 14.625 0.00425885
7.5 16.875 0.00398624
7.5 19.125 0.0026352
7.5 21.375 0.00275985
7.5 23.625 0.00226049
7.5 25.875 0.00257498
7.5 28.125 0.00258019
7.5 30.375 0.00257886
7.5 32.625 0.00256805
7.5 34.875 0.00272879
7.5 37.125 0.00228695
7.5 39.375 0.00223114
7.5 41.625 0.00229898
7.5 43.875 0.00245466
7.7 1.125 0.00248498
7.7 3.375 0.00213453
7.7 5.625 0.00518314
7.7 7.875 0.00200752
7.7 10.125 0.00236941
7.7 12.375 0.00261812
7.7 14.625 0.00290197
7.7 16.875 0.00235772
7.7 19.125 0.0029789
7.7 21.375 0.00276781
7.7 23.625 0.00268169
7.7 25.875 0.005162
7.7 28.125 0.00245928
7.7 30.375 0.00269986
7.7 32.625 0.00256213
7.7 34.875 0.0028523
7.7 37.125 0.00241051
7.7 39.375 0.00238745
7.7 41.625 0.00274355
7.7 43.875 0.00231172
7.9 1.125 0.00237596
7.9 3.375 0.00219687
7.9 5.625 0.00481221
7.9 7.875 0.00254373
7.9 10.125 0.00252634
7.9 12.375 0.00971175
7.9 14.625 0.00230617
7.9 16.875 0.00263062
7.9 19.125 0.00254846
7.9 21.375 0.00241186
7.9 23.625 0.00227121
7.9 25.875 0.0022916
7.9 28.125 0.00230632
7.9 30.375 0.00221758
7.9 32.625 0.00257541
7.9 34.875 0.00241023
7.9 37.125 0.00247657
7.9 39.375 0.00212039
7.9 41.625 0.00209118
7.9 43.875 0.00233191
8.1 1.125 0.00260329
8.1 3.375 0.00224446
8.1 5.625 0.00210141
8.1 7.875 0.00272045
8.1 10.125 0.00222475
8.1 12.375 0.00264799
8.1 14.625 0.0022479
8.1 16.875 0.0023265
8.1 19.125 0.0022939
8.1 21.375 0.00302956
8.1 23.625 0.00218793
8.1 25.875 0.00207009
8.1 28.125 0.00228287
8.1 30.375 0.00251424
8.1 32.625 0.00231111
8.1 34.875 0.0028012
8.1 37.125 0.00211579
8.1 39.375 0.00228806
8.1 41.625 0.00246923
8.1 43.875 0.00332733
8.3 1.125 0.00243674
8.3 3.375 0.00207202
8.3 5.625 0.00178917
8.3 7.875 0.0027296
8.3 10.125 0.00246696
8.3 12.375 0.00249507
8.3 14.625 0.00206463
8.3 16.875 0.00250124
8.3 19.125 0.00223489
8.3 21.375 0.00226575
8.3 23.625 0.00240059
8.3 25.875 0.00210366
8.3 28.125 0.00209273
8.3 30.375 0.00242709
8.3 32.625 0.00235787
8.3 34.875 0.00264114
8.3 37.125 0.0024327
8.3 39.375 0.00239261
8.3 41.625 0.00240037
8.3 43.875 0.00275636
8.5 1.125 0.00291569
8.5 3.375 0.00240204
8.5 5.625 0.00199606
8.5 7.875 0.00245154
8.5 10.125 0.00286147
8.5 12.375 0.00268199
8.5 14.625 0.00249422
8.5 16.875 0.00226943
8.5 19.125 0.0027025
8.5 21.375 0.00226263
8.5 23.625 0.00255612
8.5 25.875 0.00303438
8.5 28.125 0.00252754
8.5 30.375 0.00555648
8.5 32.625 0.00253109
8.5 34.875 0.0023896
8.5 37.125 0.00230356
8.5 39.375 0.00260995
8.5 41.625 0.00229623
8.5 43.875 0.00230727
8.7 1.125 0.00225822
8.7 3.375 0.00237756
8.7 5.625 0.00229567
8.7 7.875 0.00212099
8.7 10.125 0.00254996
8.7 12.375 0.00225242
8.7 14.625 0.00248941
8.7 16.875 0.00231225
8.7 19.125 0.0020305
8.7 21.375 0.00254181
8.7 23.625 0.00247105
8.7 25.875 0.0022015
8.7 28.125 0.00324962
8.7 30.375 0.00218225
8.7 32.625 0.00257271
8.7 34.875 0.00270804
8.7 37.125 0.00187376
8.7 39.375 0.00218711
8.7 41.625 0.00250412
8.7 43.875 0.00226425
8.9 1.125 0.00243286
8.9 3.375 0.00215157
8.9 5.625 0.00224267
8.9 7.875 0.00180714
8.9 10.125 0.00233561
8.9 12.375 0.00211833
8.9 14.625 0.00220563
8.9 16.875 0.00239246
8.9 19.125 0.00281523
8.9 21.375 0.00235879
8.9 23.625 0.00206854
8.9 25.875 0.00402384
8.9 28.125 0.00214912
8.9 30.375 0.00242518
8.9 32.625 0.00241873
8.9 34.875 0.00186617
8.9 37.125 0.00236471
8.9 39.375 0.00246337
8.9 41.625 0.00226087
8.9 43.875 0.00237912
9.1 1.125 0.00854589
9.1 3.375 0.00200136
9.1 5.625 0.00214387
9.1 7.875 0.00235708
9.1 10.125 0.00191275
9.1 12.375 0.00242582
9.1 14.625 0.00239263
9.1 16.875 0.00227922
9.1 19.125 0.00180092
9.1 21.375 0.00252296
9.1 23.625 0.00198165
9.1 25.875 0.00329881
9.1 28.125 0.00262354
9.1 30.375 0.00229202
9.1 32.625 0.00219972
9.1 34.875 0.00204135
9.1 37.125 0.00216743
9.1 39.375 0.00273277
9.1 41.625 0.00242578
9.1 43.875 0.00177616
9.3 1.125 0.00167316
9.3 3.375 0.00967136
9.3 5.625 0.00197644
9.3 7.875 0.00360489
9.3 10.125 0.00227801
9.3 12.375 0.00229041
9.3 14.625 0.00171862
9.3 16.875 0.00236573
9.3 19.125 0.00197831
9.3 21.375 0.00170623
9.3 23.625 0.00267356
9.3 25.875 0.00245403
9.3 28.125 0.00252032
9.3 30.375 0.00262906
9.3 32.625 0.00191105
9.3 34.875 0.00229269
9.3 37.125 0.00239229
9.3 39.375 0.00189901
9.3 41.625 0.00234921
9.3 43.875 0.00221655
9.5 1.125 0.00206917
9.5 3.375 0.00253633
9.5 5.625 0.00294519
9.5 7.875 0.00207773
9.5 10.125 0.00195073
9.5 12.375 0.00236942
9.5 14.625 0.00262866
9.5 16.875 0.00233433
9.5 19.125 0.00211956
9.5 21.375 0.0023044
9.5 23.625 0.00216921
9.5 25.875 0.00194374
9.5 28.125 0.00214896
9.5 30.375 0.00216724
9.5 32.625 0.00238579
9.5 34.875 0.0020496
9.5 37.125 0.0110816
9.5 39.375 0.00220077
9.5 41.625 0.00247026
9.5 43.875 0.00224172
9.7 1.125 0.00245904
9.7 3.375 0.00614147
9.7 5.625 0.00236122
9.7 7.875 0.00222544
9.7 10.125 0.0024362
9.7 12.375 0.00229591
9.7 14.625 0.0021755
9.7 16.875 0.00209451
9.7 19.125 0.00271396
9.7 21.375 0.00203229
9.7 23.625 0.00221417
9.7 25.875 0.00233436
9.7 28.125 0.00250447
9.7 30.375 0.00221807
9.7 32.625 0.00203599
9.7 34.875 0.00203995
9.7 37.125 0.00209558
9.7 39.375 0.00262275
9.7 41.625 0.0020877
9.7 43.875 0.00271209
9.9 1.125 0.00218359
9.9 3.375 0.00361687
9.9 5.625 0.00199347
9.9 7.875 0.00201623
9.9 10.125 0.00230365
9.9 12.375 0.00514963
9.9 14.625 0.00236275
9.9 16.875 0.00201577
9.9 19.125 0.00299851
9.9 21.375 0.00179569
9.9 23.625 0.00235197
9.9 25.875 0.00244386
9.9 28.125 0.00209061
9.9 30.375 0.0018304
9.9 32.625 0.00205662
9.9 34.875 0.00214439
9.9 37.125 0.00233975
9.9 39.375 0.00197078
9.9 41.625 0.00215284
9.9 43.875 0.00202998
10.1 1.125 0.0020216
10.1 3.375 0.00224913
10.1 5.625 0.0022574
10.1 7.875 0.0148477
10.1 10.125 0.00223453
10.1 12.375 0.0018505
10.1 14.625 0.00227393
10.1 16.875 0.0027362
10.1 19.125 0.00259079
10.1 21.375 0.00187408
10.1 23.625 0.00211326
10.1 25.875 0.00214755
10.1 28.125 0.00215288
10.1 30.375 0.00256473
10.1 32.625 0.00233295
10.1 34.875 0.00253615
10.1 37.125 0.00190968
10.1 39.375 0.00202706
10.1 41.625 0.0021695
10.1 43.875 0.00281858
10.3 1.125 0.00252475
10.3 3.375 0.0022001
10.3 5.625 0.00237412
10.3 7.875 0.00208548
10.3 10.125 0.00212993
10.3 12.375 0.00222172
10.3 14.625 0.00200993
10.3 16.875 0.00222126
10.3 19.125 0.00205455
10.3 21.375 0.00238657
10.3 23.625 0.0022251
10.3 25.875 0.00230616
10.3 28.125 0.00239771
10.3 30.375 0.00183644
10.3 32.625 0.0018028
10.3 34.875 0.00194731
10.3 37.125 0.00288915
10.3 39.375 0.00239539
10.3 41.625 0.00206901
10.3 43.875 0.00175491
10.5 1.125 0.00186639
10.5 3.375 0.00191889
10.5 5.625 0.00169777
10.5 7.875 0.00180502
10.5 10.125 0.00224088
10.5 12.375 0.002112
10.5 14.625 0.00179266
10.5 16.875 0.00199134
10.5 19.125 0.00166231
10.5 21.375 0.00227286
10.5 23.625 0.00203431
10.5 25.875 0.00223157
10.5 28.125 0.00192366
10.5 30.375 0.00259066
10.5 32.625 0.00186673
10.5 34.875 0.00233002
10.5 37.125 0.00265467
10.5 39.375 0.00230468
10.5 41.625 0.00188349
10.5 43.875 0.00215251
10.7 1.125 0.00207733
10.7 3.375 0.00220331
10.7 5.625 0.00193939
10.7 7.875 0.00221338
10.7 10.125 0.00209998
10.7 12.375 0.00232042
10.7 14.625 0.00215519
10.7 16.875 0.00188245
10.7 19.125 0.00238225
10.7 21.375 0.00314894
10.7 23.625 0.0019688
10.7 25.875 0.00250194
10.7 28.125 0.00233715
10.7 30.375 0.00244899
10.7 32.625 0.00210019
10.7 34.875 0.00258054
10.7 37.125 0.00225547
10.7 39.375 0.00255843
10.7 41.625 0.00222418
10.7 43.875 0.00191975
10.9 1.125 0.00211571
10.9 3.375 0.00212775
10.9 5.625 0.00236216
10.9 7.875 0.00235596
10.9 10.125 0.00205892
10.9 12.375 0.00188945
10.9 14.625 0.00254376
10.9 16.875 0.0021354
10.9 19.125 0.00220122
10.9 21.375 0.00276302
10.9 23.625 0.00224292
10.9 25.875 0.00240802
10.9 28.125 0.0018307
10.9 30.375 0.00258481
10.9 32.625 0.0021789
10.9 34.875 0.0029083
10.9 37.125 0.00211637
10.9 39.375 0.00198742
10.9 41.625 0.00284752
10.9 43.875 0.00198103
11.1 1.125 0.00207311
11.1 3.375 0.00172371
11.1 5.625 0.00186883
11.1 7.875 0.00276564
11.1 10.125 0.00213989
11.1 12.375 0.0025918
11.1 14.625 0.00236611
11.1 16.875 0.00217554
11.1 19.125 0.00250121
11.1 21.375 0.00291341
11.1 23.625 0.00215423
11.1 25.875 0.00206562
11.1 28.125 0.00265113
11.1 30.375 0.0029097
11.1 32.625 0.00230113
11.1 34.875 0.00180806
11.1 37.125 0.00183732
11.1 39.375 0.00193049
11.1 41.625 0.00231319
11.1 43.875 0.00206318
11.3 1.125 0.00159337
11.3 3.375 0.00197512
11.3 5.625 0.00215506
11.3 7.875 0.00190733
11.3 10.125 0.00182287
11.3 12.375 0.0020574
11.3 14.625 0.00228701
11.3 16.875 0.00207816
11.3 19.125 0.00170055
11.3 21.375 0.00208417
11.3 23.625 0.00194627
11.3 25.875 0.00238059
11.3 28.125 0.0119571
11.3 30.375 0.00178923
11.3 32.625 0.00364103
11.3 34.875 0.00268687
11.3 37.125 0.00200008
11.3 39.375 0.00206802
11.3 41.625 0.00191057
11.3 43.875 0.00215664
11.5 1.125 0.00191562
11.5 3.375 0.00246133
11.5 5.625 0.00170907
11.5 7.875 0.00286957
11.5 10.125 0.00201638
11.5 12.375 0.00187322
11.5 14.625 0.0026789
11.5 16.875 0.00215296
11.5 19.125 0.00332974
11.5 21.375 0.00187723
11.5 23.625 0.00252685
11.5 25.875 0.0019328
11.5 28.125 0.00177055
11.5 30.375 0.00194521
11.5 32.625 0.00178058
11.5 34.875 0.0021518
11.5 37.125 0.00195698
11.5 39.375 0.00178203
11.5 41.625 0.00185399
11.5 43.875 0.00263037
11.7 1.125 0.00216339
11.7 3.375 0.00235803
11.7 5.625 0.00228801
11.7 7.875 0.00250063
11.7 10.125 0.00260748
11.7 12.375 0.00179431
11.7 14.625 0.00194574
11.7 16.875 0.00151491
11.7 19.125 0.00191135
11.7 21.375 0.00205597
11.7 23.625 0.00201833
11.7 25.875 0.0025819
11.7 28.125 0.00220043
11.7 30.375 0.00267296
11.7 32.625 0.0020222
11.7 34.875 0.00251342
11.7 37.125 0.00212195
11.7 39.375 0.00237703
11.7 41.625 0.00227928
11.7 43.875 0.00153198
11.9 1.125 0.0032767
11.9 3.375 0.00232992
11.9 5.625 0.0014801
11.9 7.875 0.00244625
11.9 10.125 0.00209439
11.9 12.375 0.00218522
11.9 14.625 0.00205705
11.9 16.875 0.00314628
11.9 19.125 0.00261555
11.9 21.375 0.0017005
11.9 23.625 0.00203106
11.9 25.875 0.00203002
11.9 28.125 0.00185013
11.9 30.375 0.00289842
11.9 32.625 0.00260801
11.9 34.875 0.00169983
11.9 37.125 0.0019421
11.9 39.375 0.00171342
11.9 41.625 0.00231063
11.9 43.875 0.00289096
12.1 1.125 0.00192124
12.1 3.375 0.00226768
12.1 5.625 0.00247951
12.1 7.875 0.00226845
12.1 10.125 0.00181659
12.1 12.375 0.00264429
12.1 14.625 0.00243723
12.1 16.875 0.00196936
12.1 19.125 0.00236406
12.1 21.375 0.00193066
12.1 23.625 0.00206749
12.1 25.875 0.00176339
12.1 28.125 0.00236131
12.1 30.375 0.001844
12.1 32.625 0.00205437
12.1 34.875 0.0029073
12.1 37.125 0.00208398
12.1 39.375 0.0022752
12.1 41.625 0.00273299
12.1 43.875 0.00443671
12.3 1.125 0.00183758
12.3 3.375 0.00246082
12.3 5.625 0.00229783
12.3 7.875 0.00193822
12.3 10.125 0.00172912
12.3 12.375 0.00242991
12.3 14.625 0.00176527
12.3 16.875 0.00171559
12.3 19.125 0.00167006
12.3 21.375 0.00184143
12.3 23.625 0.00292886
12.3 25.875 0.00187598
12.3 28.125 0.00178374
12.3 30.375 0.00208324
12.3 32.625 0.00178765
12.3 34.875 0.00175735
12.3 37.125 0.00227334
12.3 39.375 0.00186158
12.3 41.625 0.00165532
12.3 43.875 0.00150352
12.5 1.125 0.00224423
12.5 3.375 0.00182223
12.5 5.625 0.00169122
12.5 7.875 0.00296466
12.5 10.125 0.00248541
12.5 12.375 0.0147353
12.5 14.625 0.00257133
12.5 16.875 0.00163997
12.5 19.125 0.00291337
12.5 21.375 0.0021638
12.5 23.625 0.00200815
12.5 25.875 0.00226747
12.5 28.125 0.00258812
12.5 30.375 0.0017777
12.5 32.625 0.00157762
12.5 34.875 0.00227979
12.5 37.125 0.00142117
12.5 39.375 0.00211555
12.5 41.625 0.00254665
12.5 43.875 0.00158535
12.7 1.125 0.00177031
12.7 3.375 0.00216779
12.7 5.625 0.00151581
12.7 7.875 0.00335476
12.7 10.125 0.00267144
12.7 12.375 0.00342381
12.7 14.625 0.00192395
12.7 16.875 0.00194255
12.7 19.125 0.00181088
12.7 21.375 0.00286492
12.7 23.625 0.00235585
12.7 25.875 0.00270509
12.7 28.125 0.00331251
12.7 30.375 0.00312171
12.7 32.625 0.0019467
12.7 34.875 0.00226364
12.7 37.125 0.00266029
12.7 39.375 0.00183255
12.7 41.625 0.00481278
12.7 43.875 0.0024899
12.9 1.125 0.00187959
12.9 3.375 0.00176884
12.9 5.625 0.00322036
12.9 7.875 0.00259485
12.9 10.125 0.0019571
12.9 12.375 0.00196294
12.9 14.625 0.00244875
12.9 16.875 0.00211203
12.9 19.125 0.00253798
12.9 21.375 0.00199049
12.9 23.625 0.00198246
12.9 25.875 0.0022255
12.9 28.125 0.00184057
12.9 30.375 0.00178479
12.9 32.625 0.00189511
12.9 34.875 0.0022665
12.9 37.125 0.00245274
12.9 39.375 0.00216535
12.9 41.625 0.00195029
12.9 43.875 0.00199618
13.1 1.125 0.0308046
13.1 3.375 0.00198166
13.1 5.625 0.00182977
13.1 7.875 0.00196638
13.1 10.125 0.0016501
13.1 12.375 0.00214229
13.1 14.625 0.00146564
13.1 16.875 0.00288654
13.1 19.125 0.00226515
13.1 21.375 0.00211977
13.1 23.625 0.00229063
13.1 25.875 0.00204685
13.1 28.125 0.0019135
13.1 30.375 0.001337
13.1 32.625 0.00202254
13.1 34.875 0.00188322
13.1 37.125 0.00246275
13.1 39.375 0.00264423
13.1 41.625 0.00168472
13.1 43.875 0.00174283
13.3 1.125 0.00186724
13.3 3.375 0.00176713
13.3 5.625 0.00270844
13.3 7.875 0.00252102
13.3 10.125 0.00268742
13.3 12.375 0.00222598
13.3 14.625 0.0023802
13.3 16.875 0.00202776
13.3 19.125 0.0016762
13.3 21.375 0.00240311
13.3 23.625 0.00203124
13.3 25.875 0.00331943
13.3 28.125 0.00155386
13.3 30.375 0.00276427
13.3 32.625 0.00214701
13.3 34.875 0.00183262
13.3 37.125 0.00212508
13.3 39.375 0.00261376
13.3 41.625 0.00173987
13.3 43.875 0.00164247
13.5 1.125 0.00152351
13.5 3.375 0.00213123
13.5 7.875 0.00360154
13.5 10.125 0.00162107
13.5 12.375 0.00284337
13.5 14.625 0.00124506
13.5 16.875 0.00292295
13.5 19.125 0.00211923
13.5 21.375 0.00220272
13.5 23.625 0.00150698
13.5 25.875 0.00225393
13.5 28.125 0.00451335
13.5 30.375 0.00189101
13.5 32.625 0.00202693
13.5 34.875 0.00229535
13.5 37.125 0.00195817
13.5 39.375 0.00165081
13.5 41.625 0.00212808
13.5 43.875 0.00215502
13.7 1.125 0.00273459
13.7 3.375 0.0017184
13.7 5.625 0.00292704
13.7 7.875 0.00249632
13.7 10.125 0.00249924
13.7 12.375 0.00130184
13.7 14.625 0.00277619
13.7 16.875 0.00233389
13.7 19.125 0.00208204
13.7 21.375 0.00234399
13.7 23.625 0.00139111
13.7 25.875 0.00262256
13.7 28.125 0.00163114
13.7 30.375 0.00158024
13.7 32.625 0.00173504
13.7 34.875 0.00198088
13.7 37.125 0.0019435
13.7 39.375 0.00411628
13.7 41.625 0.00219365
13.7 43.875 0.0023751
13.9 1.125 0.00238856
13.9 3.375 0.00316775
13.9 5.625 0.00177501
13.9 7.875 0.00180272
13.9 10.125 0.00132895
13.9 12.375 0.00238351
13.9 14.625 0.00212289
13.9 16.875 0.00148235
13.9 19.125 0.0022281
13.9 21.375 0.00305279
13.9 23.625 0.0174004
13.9 25.875 0.00223856
13.9 28.125 0.00179616
13.9 30.375 0.00201226
13.9 32.625 0.00161214
13.9 34.875 0.00187716
13.9 37.125 0.00226326
13.9 39.375 0.00157239
13.9 41.625 0.00179175
13.9 43.875 0.00169259
