0.1 1.125 2.34295
0.1 3.375 1.68096
0.1 5.625 2.47201
0.1 7.875 2.08078
0.1 10.125 2.45221
0.1 12.375 2.45213
0.1 14.625 2.27889
0.1 16.875 2.46966
0.1 19.125 1.98304
0.1 21.375 2.41836
0.1 23.625 2.40413
0.1 25.875 1.98614
0.1 28.125 2.25059
0.1 30.375 2.26657
0.1 32.625 2.22523
0.1 37.125 2.46655
0.1 39.375 1.98469
0.1 41.625 2.43869
0.1 43.875 2.42334
0.3 1.125 2.09086
0.3 3.375 2.40646
0.3 5.625 2.34504
0.3 7.875 2.0309
0.3 10.125 2.20642
0.3 12.375 2.25004
0.3 14.625 2.19576
0.3 16.875 2.43408
0.3 19.125 2.10043
0.3 21.375 2.27611
0.3 23.625 2.12902
0.3 25.875 2.22264
0.3 28.125 2.2553
0.3 30.375 2.26961
0.3 32.625 2.35664
0.3 34.875 2.29299
0.3 37.125 2.42821
0.3 39.375 2.35281
0.3 41.625 2.3202
0.3 43.875 2.38032
0.5 1.125 2.23133
0.5 3.375 2.19396
0.5 5.625 2.17852
0.5 7.875 1.66537
0.5 10.125 1.81758
0.5 12.375 2.23311
0.5 14.625 2.36981
0.5 16.875 2.13667
0.5 19.125 2.23711
0.5 21.375 2.25118
0.5 23.625 2.27841
0.5 25.875 2.29604
0.5 28.125 2.08277
0.5 30.375 2.29044
0.5 32.625 2.30419
0.5 34.875 2.24341
0.5 37.125 2.2478
0.5 39.375 2.2924
0.5 41.625 2.13603
0.5 43.875 2.27353
0.7 1.125 2.07788
0.7 3.375 2.203
0.7 5.625 2.15775
0.7 7.875 2.11354
0.7 10.125 2.17624
0.7 12.375 2.10951
0.7 14.625 2.14579
0.7 16.875 2.16212
0.7 19.125 2.12612
0.7 21.375 2.18638
0.7 23.625 2.17374
0.7 25.875 2.17566
0.7 28.125 2.11548
0.7 30.375 2.17904
0.7 32.625 2.10314
0.7 34.875 2.09152
0.7 37.125 2.18284
0.7 39.375 2.16036
0.7 41.625 2.17808
0.7 43.875 2.07124
0.9 1.125 1.86056
0.9 3.375 1.89947
0.9 5.625 1.86991
0.9 7.875 1.83966
0.9 10.125 1.92132
0.9 12.375 1.85407
0.9 14.625 1.88018
0.9 16.875 1.88509
0.9 19.125 1.89483
0.9 21.375 1.86997
0.9 23.625 1.93365
0.9 25.875 1.86812
0.9 28.125 2.00387
0.9 30.375 1.97414
0.9 32.625 1.95776
0.9 34.875 2.01441
0.9 37.125 1.91511
0.9 39.375 2.04564
0.9 41.625 2.06793
0.9 43.875 2.03964
1.1 1.125 1.29611
1.1 3.375 1.29199
1.1 5.625 1.24001
1.1 7.875 1.31541
1.1 10.125 1.34492
1.1 12.375 1.33759
1.1 14.625 1.38639
1.1 16.875 1.40034
1.1 19.125 1.44578
1.1 21.375 1.52142
1.1 23.625 1.56894
1.1 25.875 1.5427
1.1 28.125 1.59578
1.1 30.375 1.66612
1.1 32.625 1.65567
1.1 34.875 1.76385
1.1 37.125 1.76505
1.1 39.375 1.67827
1.1 41.625 1.73204
1.1 43.875 1.79724
1.3 1.125 0.693819
1.3 3.375 0.729605
1.3 5.625 0.74808
1.3 7.875 0.732768
1.3 10.125 0.777032
1.3 12.375 0.855808
1.3 14.625 0.766822
1.3 16.875 0.841797
1.3 19.125 0.810891
1.3 21.375 0.978454
1.3 23.625 0.965854
1.3 25.875 1.03198
1.3 28.125 1.07744
1.3 30.375 1.11321
1.3 32.625 1.17208
1.3 34.875 1.23943
1.3 37.125 1.2826
1.3 39.375 1.39276
1.3 41.625 1.4645
1.3 43.875 1.53665
1.5 1.125 0.375996
1.5 3.375 0.371039
1.5 5.625 0.385107
1.5 7.875 0.368757
1.5 10.125 0.364475
1.5 12.375 0.398186
1.5 14.625 0.420281
1.5 16.875 0.419702
1.5 19.125 0.445643
1.5 21.375 0.444438
1.5 23.625 0.476846
1.5 25.875 0.515955
1.5 28.125 0.518623
1.5 30.375 0.584435
1.5 32.625 0.638429
1.5 34.875 0.703893
1.5 37.125 0.781194
1.5 39.375 0.841002
1.5 41.625 0.904835
1.5 43.875 1.05825
1.7 1.125 0.227446
1.7 3.375 0.213949
1.7 5.625 0.221321
1.7 7.875 0.219685
1.7 10.125 0.237109
1.7 12.375 0.231471
1.7 14.625 0.246837
1.7 16.875 0.250245
1.7 19.125 0.247178
1.7 21.375 0.260275
1.7 23.625 0.269035
1.7 25.875 0.267177
1.7 28.125 0.303321
1.7 30.375 0.316997
1.7 32.625 0.327452
1.7 34.875 0.335639
1.7 37.125 0.349608
1.7 39.375 0.413173
1.7 41.625 0.337405
1.7 43.875 0.360203
1.9 1.125 0.130427
1.9 3.375 0.130544
1.9 5.625 0.137589
1.9 7.875 0.143468
1.9 10.125 0.145894
1.9 12.375 0.154548
1.9 14.625 0.152494
1.9 16.875 0.14836
1.9 19.125 0.147335
1.9 21.375 0.157893
1.9 23.625 0.164004
1.9 25.875 0.166298
1.9 28.125 0.178434
1.9 30.375 0.184264
1.9 32.625 0.180042
1.9 34.875 0.196876
1.9 37.125 0.198988
1.9 39.375 0.213509
1.9 41.625 0.225596
1.9 43.875 0.211113
2.1 1.125 0.0893647
2.1 3.375 0.0913562
2.1 5.625 0.0948246
2.1 7.875 0.0965362
2.1 10.125 0.0895552
2.1 12.375 0.0999908
2.1 14.625 0.0985559
2.1 16.875 0.0972676
2.1 19.125 0.104553
2.1 21.375 0.102482
2.1 23.625 0.102644
2.1 25.875 0.104608
2.1 28.125 0.106699
2.1 30.375 0.14592
2.1 32.625 0.114179
2.1 34.875 0.132434
2.1 37.125 0.134428
2.1 39.375 0.13924
2.1 41.625 0.138009
2.1 43.875 0.143046
2.3 1.125 0.0680276
2.3 3.375 0.068248
2.3 5.625 0.0666746
2.3 7.875 0.0663831
2.3 10.125 0.0679527
2.3 12.375 0.066193
2.3 14.625 0.0705071
2.3 16.875 0.0676384
2.3 19.125 0.070233
2.3 21.375 0.0742419
2.3 23.625 0.0750741
2.3 25.875 0.0758083
2.3 28.125 0.0879048
2.3 30.375 0.0949167
2.3 32.625 0.0881833
2.3 34.875 0.0878114
2.3 37.125 0.104165
2.3 39.375 0.103655
2.3 41.625 0.0952725
2.3 43.875 0.095286
2.5 1.125 0.052956
2.5 3.375 0.0476696
2.5 5.625 0.0473832
2.5 7.875 0.0501361
2.5 10.125 0.0512445
2.5 12.375 0.0532763
2.5 14.625 0.0555798
2.5 16.875 0.0524706
2.5 19.125 0.0505381
2.5 21.375 0.0552447
2.5 23.625 0.062576
2.5 25.875 0.0597391
2.5 28.125 0.060951
2.5 30.375 0.0608398
2.5 32.625 0.0773639
2.5 34.875 0.0598759
2.5 37.125 0.0657669
2.5 39.375 0.0695591
2.5 41.625 0.0607608
2.5 43.875 0.063228
2.7 1.125 0.0387172
2.7 3.375 0.0402417
2.7 5.625 0.0418755
2.7 7.875 0.0412515
2.7 10.125 0.0360777
2.7 12.375 0.0392549
2.7 14.625 0.0378942
2.7 16.875 0.0403922
2.7 19.125 0.0403007
2.7 21.375 0.0394234
2.7 23.625 0.0452267
2.7 25.875 0.0441211
2.7 28.125 0.0448645
2.7 30.375 0.0487941
2.7 32.625 0.0439953
2.7 34.875 0.0532094
2.7 37.125 0.0464493
2.7 39.375 0.0440575
2.7 41.625 0.0471985
2.7 43.875 0.0442938
2.9 1.125 0.030747
2.9 3.375 0.0313063
2.9 5.625 0.0344769
2.9 7.875 0.0336951
2.9 10.125 0.0297122
2.9 12.375 0.0307427
2.9 14.625 0.0330061
2.9 16.875 0.0325323
2.9 19.125 0.0339639
2.9 21.375 0.0338116
2.9 23.625 0.032564
2.9 25.875 0.0454897
2.9 28.125 0.0345112
2.9 30.375 0.0356437
2.9 32.625 0.035718
2.9 34.875 0.0327934
2.9 37.125 0.0326016
2.9 39.375 0.0342117
2.9 41.625 0.03609
2.9 43.875 0.0385937
3.1 1.125 0.0246375
3.1 3.375 0.0259418
3.1 5.625 0.0256737
3.1 7.875 0.0301934
3.1 10.125 0.0262245
3.1 12.375 0.0255323
3.1 14.625 0.0262689
3.1 16.875 0.0261532
3.1 19.125 0.0275399
3.1 21.375 0.0316927
3.1 23.625 0.027212
3.1 25.875 0.0321571
3.1 28.125 0.0312638
3.1 30.375 0.028057
3.1 32.625 0.0280863
3.1 34.875 0.0310409
3.1 37.125 0.026356
3.1 39.375 0.0281783
3.1 41.625 0.0283116
3.1 43.875 0.0302906
3.3 1.125 0.019559
3.3 3.375 0.0199276
3.3 5.625 0.0202405
3.3 7.875 0.0185311
3.3 10.125 0.0197931
3.3 12.375 0.0236241
3.3 14.625 0.0193742
3.3 16.875 0.0228255
3.3 19.125 0.0209834
3.3 21.375 0.0285469
3.3 23.625 0.0236848
3.3 25.875 0.0222748
3.3 28.125 0.0241435
3.3 30.375 0.023594
3.3 32.625 0.0229164
3.3 34.875 0.0225986
3.3 37.125 0.0210769
3.3 39.375 0.0253868
3.3 41.625 0.0253729
3.3 43.875 0.024354
3.5 1.125 0.0194792
3.5 3.375 0.0212565
3.5 5.625 0.0155492
3.5 7.875 0.0165917
3.5 10.125 0.0183005
3.5 12.375 0.025605
3.5 14.625 0.0194946
3.5 16.875 0.0212804
3.5 19.125 0.0190962
3.5 21.375 0.0181728
3.5 23.625 0.0178417
3.5 25.875 0.019609
3.5 28.125 0.0214618
3.5 30.375 0.017328
3.5 32.625 0.0186844
3.5 34.875 0.0184338
3.5 37.125 0.0189154
3.5 39.375 0.0175742
3.5 41.625 0.0183129
3.5 43.875 0.0189189
3.7 1.125 0.0133411
3.7 3.375 0.0135971
3.7 5.625 0.012912
3.7 7.875 0.0213022
3.7 10.125 0.0138968
3.7 12.375 0.0161325
3.7 14.625 0.0182864
3.7 16.875 0.0200647
3.7 19.125 0.013137
3.7 21.375 0.0154656
3.7 23.625 0.0159337
3.7 25.875 0.0146987
3.7 28.125 0.0150893
3.7 30.375 0.0142037
3.7 32.625 0.0153471
3.7 34.875 0.0164226
3.7 37.125 0.0202573
3.7 39.375 0.0152529
3.7 41.625 0.0150537
3.7 43.875 0.0186741
3.9 1.125 0.0123845
3.9 3.375 0.0165997
3.9 5.625 0.0125097
3.9 7.875 0.0179446
3.9 10.125 0.012104
3.9 12.375 0.0121928
3.9 14.625 0.0122897
3.9 16.875 0.0168994
3.9 19.125 0.0139195
3.9 21.375 0.0155681
3.9 23.625 0.0164563
3.9 25.875 0.0120133
3.9 28.125 0.0119
3.9 30.375 0.0183931
3.9 32.625 0.0182148
3.9 34.875 0.0122723
3.9 37.125 0.018287
3.9 39.375 0.0156123
3.9 41.625 0.0152779
3.9 43.875 0.0137469
4.1 1.125 0.00951217
4.1 3.375 0.0108348
4.1 5.625 0.0144033
4.1 7.875 0.00981921
4.1 10.125 0.009937
4.1 12.375 0.0109263
4.1 14.625 0.0110342
4.1 16.875 0.0116962
4.1 19.125 0.0106269
4.1 21.375 0.010772
4.1 23.625 0.0133169
4.1 25.875 0.0143847
4.1 28.125 0.0141583
4.1 30.375 0.011135
4.1 32.625 0.0100362
4.1 34.875 0.0102346
4.1 37.125 0.010843
4.1 39.375 0.0127162
4.1 41.625 0.0111639
4.1 43.875 0.0106876
4.3 1.125 0.0116728
4.3 3.375 0.00895498
4.3 5.625 0.00860459
4.3 7.875 0.0135816
4.3 10.125 0.00942812
4.3 12.375 0.00872779
4.3 14.625 0.00880144
4.3 16.875 0.00947465
4.3 19.125 0.00966916
4.3 21.375 0.0129106
4.3 23.625 0.00945369
4.3 25.875 0.0121956
4.3 28.125 0.0106629
4.3 30.375 0.00890017
4.3 32.625 0.00855502
4.3 34.875 0.00997076
4.3 37.125 0.00916639
4.3 39.375 0.0151092
4.3 41.625 0.0123706
4.3 43.875 0.00889295
4.5 1.125 0.00972774
4.5 3.375 0.00779096
4.5 5.625 0.00733974
4.5 7.875 0.00729508
4.5 10.125 0.0167476
4.5 12.375 0.00761984
4.5 14.625 0.0106137
4.5 16.875 0.00867531
4.5 19.125 0.00774143
4.5 21.375 0.0107119
4.5 23.625 0.00772951
4.5 25.875 0.00820137
4.5 28.125 0.0116583
4.5 30.375 0.00787423
4.5 32.625 0.0111386
4.5 34.875 0.00754127
4.5 37.125 0.0103437
4.5 39.375 0.00939639
4.5 41.625 0.00835796
4.5 43.875 0.00772533
4.7 1.125 0.0105057
4.7 3.375 0.00679047
4.7 5.625 0.0071278
4.7 7.875 0.0113336
4.7 10.125 0.00736623
4.7 12.375 0.00896569
4.7 14.625 0.00726066
4.7 16.875 0.00767759
4.7 19.125 0.0146751
4.7 21.375 0.00683601
4.7 23.625 0.00709243
4.7 25.875 0.0108369
4.7 28.125 0.0077266
4.7 30.375 0.00771851
4.7 32.625 0.00679707
4.7 34.875 0.00989818
4.7 37.125 0.0109236
4.7 39.375 0.00690733
4.7 41.625 0.00724092
4.7 43.875 0.00681126
4.9 1.125 0.00662642
4.9 3.375 0.0116809
4.9 5.625 0.0110654
4.9 7.875 0.00600811
4.9 10.125 0.0110669
4.9 12.375 0.00665733
4.9 14.625 0.00649333
4.9 16.875 0.00744069
4.9 19.125 0.0126353
4.9 21.375 0.00635054
4.9 23.625 0.00935303
4.9 25.875 0.00620392
4.9 28.125 0.00857168
4.9 30.375 0.00592931
4.9 32.625 0.00568194
4.9 34.875 0.00731494
4.9 37.125 0.00738995
4.9 39.375 0.00601304
4.9 41.625 0.00564648
4.9 43.875 0.00587105
5.1 1.125 0.00560749
5.1 3.375 0.00541216
5.1 5.625 0.00526664
5.1 7.875 0.00761087
5.1 10.125 0.00979376
5.1 12.375 0.0113312
5.1 14.625 0.0059469
5.1 16.875 0.0102965
5.1 19.125 0.00782776
5.1 21.375 0.0123876
5.1 23.625 0.00931503
5.1 25.875 0.0079531
5.1 28.125 0.0105462
5.1 30.375 0.005598
5.1 32.625 0.00871546
5.1 34.875 0.00514948
5.1 37.125 0.0051741
5.1 39.375 0.00631263
5.1 41.625 0.00853563
5.1 43.875 0.00516895
5.3 1.125 0.00623332
5.3 3.375 0.00513488
5.3 5.625 0.00556275
5.3 7.875 0.00549646
5.3 10.125 0.00739431
5.3 12.375 0.00611884
5.3 14.625 0.00593516
5.3 16.875 0.00538321
5.3 19.125 0.00505555
5.3 21.375 0.00756265
5.3 23.625 0.00634664
5.3 25.875 0.00536881
5.3 28.125 0.00579603
5.3 30.375 0.0050263
5.3 32.625 0.00597489
5.3 34.875 0.00466905
5.3 37.125 0.0117546
5.3 39.375 0.00461923
5.3 41.625 0.00543232
5.3 43.875 0.0108528
5.5 1.125 0.00458393
5.5 3.375 0.00505966
5.5 5.625 0.00484158
5.5 7.875 0.00449707
5.5 10.125 0.00871848
5.5 12.375 0.00480765
5.5 14.625 0.0105563
5.5 16.875 0.00519615
5.5 19.125 0.00508367
5.5 21.375 0.0127881
5.5 23.625 0.00563787
5.5 25.875 0.00612615
5.5 28.125 0.0085997
5.5 30.375 0.00482824
5.5 32.625 0.00464446
5.5 34.875 0.00471413
5.5 37.125 0.00581753
5.5 39.375 0.00739805
5.5 41.625 0.0065679
5.5 43.875 0.00472991
5.7 1.125 0.00469976
5.7 3.375 0.00754706
5.7 5.625 0.00850272
5.7 7.875 0.0047829
5.7 10.125 0.00425799
5.7 12.375 0.00510647
5.7 14.625 0.00524339
5.7 16.875 0.00464128
5.7 19.125 0.00824298
5.7 21.375 0.0105855
5.7 23.625 0.00509673
5.7 25.875 0.0119764
5.7 28.125 0.00446287
5.7 30.375 0.0122909
5.7 32.625 0.00401984
5.7 34.875 0.0144899
5.7 37.125 0.0143266
5.7 39.375 0.00698965
5.7 41.625 0.00948921
5.7 43.875 0.00928622
5.9 1.125 0.00409416
5.9 3.375 0.00406405
5.9 5.625 0.00626255
5.9 7.875 0.00500718
5.9 10.125 0.0152255
5.9 12.375 0.0119224
5.9 14.625 0.00412628
5.9 16.875 0.00397852
5.9 19.125 0.00419569
5.9 21.375 0.00408093
5.9 23.625 0.00410445
5.9 25.875 0.00416635
5.9 28.125 0.00778624
5.9 30.375 0.00399454
5.9 32.625 0.00432416
5.9 34.875 0.00885635
5.9 37.125 0.00415217
5.9 39.375 0.00410994
5.9 41.625 0.00864721
5.9 43.875 0.00417477
6.1 1.125 0.00398624
6.1 3.375 0.00665325
6.1 5.625 0.00346166
6.1 7.875 0.00769765
6.1 10.125 0.00431058
6.1 12.375 0.00486651
6.1 14.625 0.00431854
6.1 16.875 0.00382805
6.1 19.125 0.00719053
6.1 21.375 0.00401145
6.1 23.625 0.0137666
6.1 25.875 0.00404645
6.1 28.125 0.00615501
6.1 30.375 0.00445739
6.1 32.625 0.00470706
6.1 34.875 0.00435172
6.1 37.125 0.00432172
6.1 39.375 0.00690822
6.1 41.625 0.00409777
6.1 43.875 0.00340855
6.3 1.125 0.00617091
6.3 3.375 0.00445168
6.3 5.625 0.00395171
6.3 7.875 0.00438903
6.3 10.125 0.00440674
6.3 12.375 0.0045773
6.3 14.625 0.0114071
6.3 16.875 0.00439493
6.3 19.125 0.00401663
6.3 21.375 0.00763175
6.3 23.625 0.00826401
6.3 25.875 0.00342727
6.3 28.125 0.00611487
6.3 30.375 0.00368532
6.3 32.625 0.00871872
6.3 34.875 0.00338668
6.3 37.125 0.00836363
6.3 39.375 0.0131855
6.3 41.625 0.00321468
6.3 43.875 0.00500672
6.5 1.125 0.00400935
6.5 3.375 0.00359753
6.5 5.625 0.0091772
6.5 7.875 0.00984462
6.5 10.125 0.00449112
6.5 12.375 0.00422954
6.5 14.625 0.00396052
6.5 16.875 0.00386008
6.5 19.125 0.00401354
6.5 21.375 0.0149193
6.5 23.625 0.00354692
6.5 25.875 0.00438211
6.5 28.125 0.0116671
6.5 30.375 0.00391734
6.5 32.625 0.00362636
6.5 34.875 0.00347081
6.5 37.125 0.00332162
6.5 39.375 0.00352152
6.5 41.625 0.00409335
6.5 43.875 0.00606329
6.7 1.125 0.00398428
6.7 3.375 0.00395751
6.7 5.625 0.00368705
6.7 7.875 0.00987632
6.7 10.125 0.00435129
6.7 12.375 0.00430641
6.7 14.625 0.00397771
6.7 16.875 0.016586
6.7 19.125 0.00895753
6.7 21.375 0.00850965
6.7 23.625 0.00787077
6.7 25.875 0.00411182
6.7 28.125 0.00375224
6.7 30.375 0.00376112
6.7 32.625 0.00329385
6.7 34.875 0.0066351
6.7 37.125 0.00493181
6.7 39.375 0.0100946
6.7 41.625 0.00354763
6.7 43.875 0.00916297
6.9 1.125 0.0116543
6.9 3.375 0.00865379
6.9 5.625 0.00480352
6.9 7.875 0.0078681
6.9 10.125 0.00886964
6.9 12.375 0.00378811
6.9 14.625 0.00380384
6.9 16.875 0.00341495
6.9 19.125 0.00792247
6.9 21.375 0.00403587
6.9 23.625 0.0107123
6.9 25.875 0.00307788
6.9 28.125 0.00318809
6.9 30.375 0.00356988
6.9 32.625 0.0032809
6.9 34.875 0.00409493
6.9 37.125 0.00804448
6.9 39.375 0.00321371
6.9 41.625 0.00312368
6.9 43.875 0.00926353
7.1 1.125 0.00857386
7.1 3.375 0.00326519
7.1 5.625 0.0183244
7.1 7.875 0.00792746
7.1 10.125 0.00748465
7.1 12.375 0.00447075
7.1 14.625 0.0100121
7.1 16.875 0.010346
7.1 19.125 0.00398805
7.1 21.375 0.0050216
7.1 23.625 0.00308072
7.1 25.875 0.00435851
7.1 28.125 0.010539
7.1 30.375 0.00385876
7.1 32.625 0.00364208
7.1 34.875 0.00378126
7.1 37.125 0.00353381
7.1 39.375 0.00366523
7.1 41.625 0.00589991
7.1 43.875 0.00275258
7.3 1.125 0.00362145
7.3 3.375 0.00658617
7.3 5.625 0.00290474
7.3 7.875 0.00323768
7.3 10.125 0.00325144
7.3 12.375 0.0052513
7.3 14.625 0.00457289
7.3 16.875 0.00363189
7.3 19.125 0.0139026
7.3 21.375 0.0164249
7.3 23.625 0.00270519
7.3 25.875 0.00286554
7.3 28.125 0.0030712
7.3 30.375 0.00319743
7.3 32.625 0.0101943
7.3 34.875 0.00801499
7.3 37.125 0.00913852
7.3 39.375 0.00389077
7.3 41.625 0.00355357
7.3 43.875 0.00298678
7.5 1.125 0.00370244
7.5 3.375 0.00863296
7.5 5.625 0.0035499
7.5 7.875 0.00326075
7.5 10.125 0.003455
7.5 12.375 0.00309742
7.5 14.625 0.00379377
7.5 16.875 0.00519637
7.5 19.125 0.00423633
7.5 21.375 0.00376323
7.5 23.625 0.00303354
7.5 25.875 0.00824585
7.5 28.125 0.00352509
7.5 30.375 0.00311048
7.5 32.625 0.00324933
7.5 34.875 0.00322202
7.5 37.125 0.0036118
7.5 39.375 0.00389235
7.5 41.625 0.011623
7.5 43.875 0.0030528
7.7 1.125 0.0102151
7.7 3.375 0.0162926
7.7 5.625 0.00288842
7.7 7.875 0.00355693
7.7 10.125 0.00323671
7.7 12.375 0.00306703
7.7 14.625 0.00244772
7.7 16.875 0.00348776
7.7 19.125 0.0032935
7.7 21.375 0.00418064
7.7 23.625 0.00284829
7.7 25.875 0.0029232
7.7 28.125 0.00327882
7.7 30.375 0.00374263
7.7 32.625 0.00598887
7.7 34.875 0.0029499
7.7 37.125 0.00415385
7.7 39.375 0.0128716
7.7 41.625 0.00350448
7.7 43.875 0.0191923
7.9 1.125 0.00358187
7.9 3.375 0.00332857
7.9 5.625 0.00317143
7.9 7.875 0.00323421
7.9 10.125 0.00286957
7.9 12.375 0.00345415
7.9 14.625 0.00314517
7.9 16.875 0.00270671
7.9 19.125 0.0130866
7.9 21.375 0.00562993
7.9 23.625 0.00742207
7.9 25.875 0.0146117
7.9 28.125 0.00318971
7.9 30.375 0.00355007
7.9 32.625 0.00519439
7.9 34.875 0.0157692
7.9 37.125 0.00307017
7.9 39.375 0.0264342
7.9 41.625 0.00339511
7.9 43.875 0.01098
8.1 1.125 0.00377585
8.1 3.375 0.0126922
8.1 5.625 0.0139512
8.1 7.875 0.00324195
8.1 10.125 0.01104
8.1 12.375 0.00929108
8.1 14.625 0.00254725
8.1 16.875 0.00297433
8.1 19.125 0.00300322
8.1 21.375 0.00568726
8.1 23.625 0.0123762
8.1 25.875 0.00347081
8.1 28.125 0.00423836
8.1 30.375 0.00788458
8.1 32.625 0.00322185
8.1 34.875 0.00627522
8.1 37.125 0.0026691
8.1 39.375 0.00870355
8.1 41.625 0.0182769
8.1 43.875 0.00456389
8.3 1.125 0.0057332
8.3 3.375 0.00270364
8.3 5.625 0.00275486
8.3 7.875 0.0104087
8.3 10.125 0.00403919
8.3 12.375 0.00307433
8.3 14.625 0.011347
8.3 16.875 0.00293054
8.3 19.125 0.00300026
8.3 21.375 0.00525349
8.3 23.625 0.00266355
8.3 25.875 0.00310291
8.3 28.125 0.0108207
8.3 30.375 0.0156836
8.3 32.625 0.0130998
8.3 34.875 0.0218194
8.3 37.125 0.00274309
8.3 39.375 0.00547034
8.3 41.625 0.00283867
8.3 43.875 0.00316137
8.5 1.125 0.0146475
8.5 3.375 0.0262074
8.5 5.625 0.00369463
8.5 7.875 0.00268298
8.5 10.125 0.00312816
8.5 12.375 0.00268569
8.5 14.625 0.00304164
8.5 16.875 0.00662136
8.5 19.125 0.0036408
8.5 21.375 0.00290036
8.5 23.625 0.0236621
8.5 25.875 0.00503957
8.5 28.125 0.00308239
8.5 30.375 0.00421205
8.5 32.625 0.00384253
8.5 34.875 0.00292758
8.5 37.125 0.00283634
8.5 39.375 0.0158059
8.5 41.625 0.00556586
8.5 43.875 0.0109689
8.7 1.125 0.00675109
8.7 3.375 0.00576092
8.7 5.625 0.00341239
8.7 7.875 0.0180774
8.7 10.125 0.00299383
8.7 12.375 0.00296124
8.7 14.625 0.00321244
8.7 16.875 0.0124273
8.7 19.125 0.00285774
8.7 21.375 0.00388934
8.7 23.625 0.00366882
8.7 25.875 0.00447912
8.7 28.125 0.00309086
8.7 30.375 0.00272221
8.7 32.625 0.00542865
8.7 34.875 0.0034789
8.7 37.125 0.00270135
8.7 39.375 0.0293714
8.7 41.625 0.0223643
8.7 43.875 0.0026957
8.9 1.125 0.00317202
8.9 3.375 0.00304998
8.9 5.625 0.00314724
8.9 7.875 0.00334427
8.9 10.125 0.0183176
8.9 12.375 0.00539323
8.9 14.625 0.00517801
8.9 16.875 0.00295525
8.9 19.125 0.00308582
8.9 21.375 0.0045839
8.9 23.625 0.0240527
8.9 25.875 0.0044319
8.9 28.125 0.00381684
8.9 30.375 0.00307627
8.9 32.625 0.00495206
8.9 34.875 0.0201138
8.9 37.125 0.00271115
8.9 39.375 0.00471492
8.9 41.625 0.00780488
8.9 43.875 0.00243406
9.1 1.125 0.0158458
9.1 3.375 0.00336155
9.1 5.625 0.0170307
9.1 7.875 0.00887105
9.1 10.125 0.00289153
9.1 12.375 0.00284801
9.1 14.625 0.004886
9.1 16.875 0.00316249
9.1 19.125 0.0030089
9.1 21.375 0.00884173
9.1 23.625 0.00584672
9.1 25.875 0.0143786
9.1 28.125 0.0032851
9.1 30.375 0.00335598
9.1 32.625 0.00247612
9.1 34.875 0.00316746
9.1 37.125 0.00378493
9.1 39.375 0.0026029
9.1 41.625 0.0063197
9.1 43.875 0.00684966
9.3 1.125 0.00413103
9.3 3.375 0.0214413
9.3 5.625 0.00374884
9.3 7.875 0.00385463
9.3 10.125 0.00477885
9.3 12.375 0.0031053
9.3 14.625 0.00338927
9.3 16.875 0.0219013
9.3 19.125 0.00489345
9.3 21.375 0.0221939
9.3 23.625 0.00332761
9.3 25.875 0.0381361
9.3 28.125 0.00288366
9.3 30.375 0.00241005
9.3 32.625 0.00281756
9.3 34.875 0.0031361
9.3 37.125 0.00531184
9.3 39.375 0.00243192
9.3 41.625 0.00383106
9.3 43.875 0.00465035
9.5 1.125 0.0200474
9.5 3.375 0.00413722
9.5 5.625 0.00381801
9.5 7.875 0.0172208
9.5 10.125 0.007076
9.5 12.375 0.00620696
9.5 14.625 0.00332229
9.5 16.875 0.00469295
9.5 19.125 0.0140658
9.5 21.375 0.0033465
9.5 23.625 0.00286647
9.5 25.875 0.00926934
9.5 28.125 0.00349347
9.5 30.375 0.0223508
9.5 32.625 0.0054319
9.5 34.875 0.0066611
9.5 37.125 0.00304257
9.5 39.375 0.0032274
9.5 41.625 0.00249805
9.5 43.875 0.0031083
9.7 1.125 0.00272817
9.7 3.375 0.0033252
9.7 5.625 0.00311584
9.7 7.875 0.0116598
9.7 10.125 0.00289601
9.7 12.375 0.0103445
9.7 14.625 0.0062353
9.7 16.875 0.0241808
9.7 19.125 0.0191999
9.7 21.375 0.0030458
9.7 23.625 0.0133401
9.7 25.875 0.0269387
9.7 28.125 0.0271792
9.7 30.375 0.00404463
9.7 32.625 0.00240697
9.7 34.875 0.00208357
9.7 37.125 0.00286098
9.7 39.375 0.00418533
9.7 41.625 0.0243525
9.7 43.875 0.0207344
9.9 1.125 0.00524285
9.9 3.375 0.00295708
9.9 5.625 0.00341931
9.9 7.875 0.00310894
9.9 10.125 0.0129099
9.9 12.375 0.00274158
9.9 14.625 0.00246619
9.9 16.875 0.00267281
9.9 19.125 0.00754195
9.9 21.375 0.00308306
9.9 23.625 0.0198594
9.9 25.875 0.00286946
9.9 28.125 0.00305684
9.9 30.375 0.0262531
9.9 32.625 0.00230044
9.9 34.875 0.00583757
9.9 37.125 0.00320232
9.9 39.375 0.0040394
9.9 41.625 0.00643021
9.9 43.875 0.00334554
10.1 1.125 0.00937341
10.1 3.375 0.00278262
10.1 5.625 0.0128207
10.1 7.875 0.0037662
10.1 10.125 0.00282936
10.1 12.375 0.00918926
10.1 14.625 0.00466019
10.1 16.875 0.00699715
10.1 19.125 0.00292213
10.1 21.375 0.00267767
10.1 23.625 0.00300118
10.1 25.875 0.0206783
10.1 28.125 0.0027505
10.1 30.375 0.00271637
10.1 32.625 0.0034051
10.1 34.875 0.00398005
10.1 37.125 0.00430678
10.1 39.375 0.00184141
10.1 41.625 0.0302953
10.1 43.875 0.0521632
10.3 1.125 0.0034066
10.3 3.375 0.00412404
10.3 5.625 0.0049014
10.3 7.875 0.0045535
10.3 10.125 0.00291568
10.3 12.375 0.00853552
10.3 14.625 0.0281388
10.3 16.875 0.00540573
10.3 19.125 0.00301972
10.3 21.375 0.00580373
10.3 23.625 0.00549772
10.3 25.875 0.0230868
10.3 28.125 0.00634192
10.3 30.375 0.00746219
10.3 32.625 0.00202053
10.3 34.875 0.0028411
10.3 37.125 0.00696879
10.3 39.375 0.0363257
10.3 41.625 0.00358365
10.3 43.875 0.0115223
10.5 1.125 0.00264241
10.5 3.375 0.00286189
10.5 5.625 0.0211159
10.5 7.875 0.0124356
10.5 10.125 0.0169198
10.5 12.375 0.0369033
10.5 14.625 0.00288999
10.5 16.875 0.012618
10.5 19.125 0.00421884
10.5 21.375 0.0301972
10.5 23.625 0.00292924
10.5 25.875 0.00285004
10.5 28.125 0.0446298
10.5 30.375 0.00919765
10.5 32.625 0.0143592
10.5 34.875 0.00363164
10.5 37.125 0.0267955
10.5 39.375 0.0109852
10.5 41.625 0.0232295
10.5 43.875 0.0033128
10.7 1.125 0.00455534
10.7 3.375 0.00650639
10.7 5.625 0.00398679
10.7 7.875 0.00872961
10.7 10.125 0.00367261
10.7 12.375 0.0102532
10.7 14.625 0.00362403
10.7 16.875 0.00309508
10.7 19.125 0.00334524
10.7 21.375 0.00272605
10.7 23.625 0.0295965
10.7 25.875 0.0216102
10.7 28.125 0.0155359
10.7 30.375 0.00312342
10.7 32.625 0.00692344
10.7 34.875 0.00469051
10.7 37.125 0.0324659
10.7 39.375 0.00663432
10.7 41.625 0.00411578
10.7 43.875 0.00294375
10.9 1.125 0.00402189
10.9 3.375 0.011376
10.9 5.625 0.00495118
10.9 7.875 0.00257827
10.9 10.125 0.00372747
10.9 12.375 0.00295227
10.9 14.625 0.00298958
10.9 16.875 0.0036415
10.9 19.125 0.0259719
10.9 21.375 0.00301393
10.9 23.625 0.0211511
10.9 25.875 0.00229725
10.9 28.125 0.0137755
10.9 30.375 0.00474057
10.9 32.625 0.00818832
10.9 34.875 0.00552744
10.9 37.125 0.017929
10.9 39.375 0.00241977
10.9 41.625 0.00258906
10.9 43.875 0.00652364
11.1 1.125 0.00233841
11.1 3.375 0.00460943
11.1 5.625 0.00275827
11.1 7.875 0.00415959
11.1 10.125 0.00572522
11.1 12.375 0.00298833
11.1 14.625 0.0448589
11.1 16.875 0.0026185
11.1 19.125 0.00493901
11.1 21.375 0.00249182
11.1 23.625 0.0312267
11.1 25.875 0.00341138
11.1 28.125 0.008556
11.1 30.375 0.00811034
11.1 32.625 0.00303641
11.1 34.875 0.0034646
11.1 37.125 0.0040793
11.1 39.375 0.00376993
11.1 41.625 0.00617535
11.1 43.875 0.0138315
11.3 1.125 0.00295388
11.3 3.375 0.00405768
11.3 5.625 0.0385257
11.3 7.875 0.0234955
11.3 10.125 0.00293037
11.3 12.375 0.00311829
11.3 14.625 0.00628158
11.3 16.875 0.0092826
11.3 19.125 0.0320237
11.3 21.375 0.00463354
11.3 23.625 0.00649163
11.3 25.875 0.00198983
11.3 28.125 0.00323292
11.3 30.375 0.00437931
11.3 32.625 0.0180398
11.3 34.875 0.0870783
11.3 37.125 0.0332558
11.3 39.375 0.00246733
11.3 41.625 0.0552019
11.3 43.875 0.00902236
11.5 1.125 0.00249402
11.5 3.375 0.00268725
11.5 5.625 0.00326256
11.5 7.875 0.00361457
11.5 10.125 0.00458981
11.5 12.375 0.00344713
11.5 14.625 0.00298691
11.5 16.875 0.00861913
11.5 19.125 0.0270362
11.5 21.375 0.0655781
11.5 23.625 0.00216827
11.5 25.875 0.0029961
11.5 28.125 0.0554385
11.5 30.375 0.00339778
11.5 32.625 0.00397188
11.5 34.875 0.102347
11.5 37.125 0.022774
11.5 39.375 0.00390831
11.5 41.625 0.00919728
11.5 43.875 0.00547222
11.7 1.125 0.0029812
11.7 3.375 0.0053446
11.7 5.625 0.00605999
11.7 7.875 0.00394507
11.7 10.125 0.00183148
11.7 12.375 0.0146762
11.7 14.625 0.0362648
11.7 16.875 0.00540699
11.7 19.125 0.00409424
11.7 21.375 0.0049394
11.7 23.625 0.0549689
11.7 25.875 0.00382041
11.7 28.125 0.0762341
11.7 30.375 0.00293102
11.7 32.625 0.0391372
11.7 34.875 0.0156584
11.7 37.125 0.00988657
11.7 39.375 0.00430631
11.7 41.625 0.00228526
11.7 43.875 0.00369463
11.9 1.125 0.00345424
11.9 3.375 0.00901728
11.9 5.625 0.0335122
11.9 7.875 0.0231168
11.9 10.125 0.00276598
11.9 12.375 0.00281602
11.9 14.625 0.00299198
11.9 16.875 0.00464641
11.9 19.125 0.0257405
11.9 21.375 0.0031083
11.9 23.625 0.00961661
11.9 25.875 0.0162824
11.9 28.125 0.00415091
11.9 30.375 0.064191
11.9 32.625 0.00326917
11.9 34.875 0.00581222
11.9 37.125 0.0192338
11.9 39.375 0.00423538
11.9 41.625 0.00397176
11.9 43.875 0.0181233
12.1 1.125 0.00302918
12.1 3.375 0.00671184
12.1 5.625 0.00458081
12.1 7.875 0.00221758
12.1 10.125 0.0109195
12.1 12.375 0.00312995
12.1 14.625 0.00218183
12.1 16.875 0.00384219
12.1 19.125 0.00407028
12.1 21.375 0.00909913
12.1 23.625 0.00656864
12.1 25.875 0.00213867
12.1 28.125 0.00943522
12.1 30.375 0.00361903
12.1 32.625 0.0054206
12.1 34.875 0.00559237
12.1 37.125 0.120633
12.1 39.375 0.00363201
12.1 41.625 0.00290864
12.1 43.875 0.134219
12.3 1.125 0.00519347
12.3 3.375 0.0053555
12.3 5.625 0.0366255
12.3 7.875 0.00352096
12.3 10.125 0.00549973
12.3 12.375 0.00334122
12.3 14.625 0.00267987
12.3 16.875 0.00468218
12.3 19.125 0.00485279
12.3 21.375 0.00240397
12.3 23.625 0.00377147
12.3 25.875 0.0023858
12.3 28.125 0.00462439
12.3 30.375 0.00500486
12.3 32.625 0.00311646
12.3 34.875 0.0607737
12.3 37.125 0.0106397
12.3 39.375 0.00351005
12.3 41.625 0.0162272
12.3 43.875 0.00418998
12.5 1.125 0.00295643
12.5 3.375 0.00460608
12.5 5.625 0.00537846
12.5 7.875 0.00281021
12.5 10.125 0.00241364
12.5 12.375 0.00284842
12.5 14.625 0.00357521
12.5 16.875 0.0284206
12.5 19.125 0.00273537
12.5 21.375 0.0121006
12.5 23.625 0.00276074
12.5 25.875 0.0029323
12.5 28.125 0.0076026
12.5 30.375 0.0150062
12.5 32.625 0.00645796
12.5 34.875 0.00393499
12.5 37.125 0.0115612
12.5 39.375 0.00398047
12.5 41.625 0.0208849
12.5 43.875 0.00308155
12.7 1.125 0.00757616
12.7 3.375 0.00644579
12.7 5.625 0.0179664
12.7 7.875 0.0419892
12.7 10.125 0.041277
12.7 12.375 0.00539015
12.7 14.625 0.0495476
12.7 16.875 0.0123149
12.7 19.125 0.00317642
12.7 21.375 0.0279102
12.7 23.625 0.00240394
12.7 25.875 0.00425252
12.7 28.125 0.00307064
12.7 30.375 0.00504902
12.7 32.625 0.0215624
12.7 34.875 0.0473439
12.7 37.125 0.0692213
12.7 39.375 0.00536563
12.7 41.625 0.0386121
12.7 43.875 0.0783525
12.9 1.125 0.0527429
12.9 3.375 0.00329712
12.9 5.625 0.0337027
12.9 7.875 0.0147913
12.9 10.125 0.0101147
12.9 12.375 0.0065282
12.9 14.625 0.00381467
12.9 16.875 0.00278849
12.9 19.125 0.0734199
12.9 21.375 0.031644
12.9 23.625 0.00324362
12.9 25.875 0.00299864
12.9 28.125 0.00369323
12.9 30.375 0.00571011
12.9 32.625 0.002457
12.9 34.875 0.00525254
12.9 37.125 0.00361223
12.9 39.375 0.0334332
12.9 41.625 0.010038
12.9 43.875 0.00490364
13.1 1.125 0.00240418
13.1 3.375 0.00367153
13.1 5.625 0.00273472
13.1 7.875 0.00302043
13.1 10.125 0.00353039
13.1 12.375 0.00374879
13.1 14.625 0.00440684
13.1 16.875 0.0452887
13.1 19.125 0.00326858
13.1 21.375 0.00394863
13.1 23.625 0.00248188
13.1 25.875 0.00307953
13.1 28.125 0.00311698
13.1 30.375 0.00783757
13.1 32.625 0.00335319
13.1 34.875 0.0421663
13.1 37.125 0.00446832
13.1 39.375 0.00414269
13.1 41.625 0.00329412
13.1 43.875 0.0031045
13.3 1.125 0.0314499
13.3 3.375 0.00353167
13.3 5.625 0.0025343
13.3 7.875 0.0186623
13.3 10.125 0.00342769
13.3 12.375 0.04261
13.3 14.625 0.0276607
13.3 16.875 0.00810307
13.3 19.125 0.00375703
13.3 21.375 0.0658182
13.3 23.625 0.0385837
13.3 25.875 0.00282844
13.3 28.125 0.00572364
13.3 30.375 0.00974213
13.3 32.625 0.00588902
13.3 34.875 0.200129
13.3 37.125 0.0105599
13.3 39.375 0.015647
13.3 41.625 0.0639429
13.3 43.875 0.0385213
13.5 1.125 0.00282781
13.5 3.375 0.00683912
13.5 5.625 0.00359972
13.5 7.875 0.00357308
13.5 10.125 0.0569438
13.5 12.375 0.0100378
13.5 14.625 0.0685189
13.5 16.875 0.0279134
13.5 19.125 0.0520335
13.5 21.375 0.0423303
13.5 23.625 0.00843155
13.5 25.875 0.00242102
13.5 28.125 0.00312645
13.5 30.375 0.00576116
13.5 32.625 0.00315212
13.5 34.875 0.0951534
13.5 37.125 0.00768149
13.5 39.375 0.00771274
13.5 41.625 0.00561604
13.5 43.875 0.00573742
13.7 1.125 0.0382079
13.7 3.375 0.0180383
13.7 5.625 0.00236583
13.7 7.875 0.00247403
13.7 10.125 0.00876119
13.7 12.375 0.00246582
13.7 14.625 0.0488362
13.7 16.875 0.010222
13.7 19.125 0.00243859
13.7 21.375 0.00650114
13.7 23.625 0.00253906
13.7 25.875 0.00631554
13.7 28.125 0.149001
13.7 30.375 0.0505078
13.7 32.625 0.00349232
13.7 34.875 0.0126911
13.7 37.125 0.106219
13.7 39.375 0.174638
13.7 41.625 0.00878869
13.7 43.875 0.0261697
13.9 1.125 0.0041258
13.9 3.375 0.00503374
13.9 5.625 0.00346725
13.9 7.875 0.00370628
13.9 10.125 0.051131
13.9 12.375 0.00331837
13.9 14.625 0.0157878
13.9 16.875 0.00263861
13.9 19.125 0.00478829
13.9 21.375 0.0197387
13.9 23.625 0.00492498
13.9 25.875 0.0776197
13.9 28.125 0.00255904
13.9 30.375 0.0384596
13.9 32.625 0.00341791
13.9 34.875 0.00270004
13.9 37.125 0.00395386
13.9 39.375 0.115599
13.9 41.625 0.00251187
13.9 43.875 0.00328767
