0.1 1.125 0.425842
0.1 3.375 0.426222
0.1 5.625 0.426995
0.1 7.875 0.4151
0.1 10.125 0.426765
0.1 12.375 0.429068
0.1 14.625 0.421114
0.1 16.875 0.418033
0.1 19.125 0.420384
0.1 21.375 0.406342
0.1 23.625 0.414722
0.1 25.875 0.402137
0.1 28.125 0.421367
0.1 30.375 0.420533
0.1 32.625 0.414437
0.1 34.875 0.42489
0.1 37.125 0.422591
0.1 39.375 0.422967
0.1 41.625 0.420534
0.1 43.875 0.407909
0.3 1.125 0.412276
0.3 3.375 0.398008
0.3 5.625 0.411888
0.3 7.875 0.412573
0.3 10.125 0.412993
0.3 12.375 0.404003
0.3 14.625 0.408328
0.3 16.875 0.399959
0.3 19.125 0.410533
0.3 21.375 0.407713
0.3 23.625 0.405173
0.3 25.875 0.407017
0.3 28.125 0.411325
0.3 30.375 0.409467
0.3 32.625 0.397785
0.3 34.875 0.397233
0.3 37.125 0.398889
0.3 39.375 0.409588
0.3 41.625 0.403396
0.3 43.875 0.408452
0.5 1.125 0.395974
0.5 3.375 0.38999
0.5 5.625 0.396997
0.5 7.875 0.394013
0.5 10.125 0.392819
0.5 12.375 0.392166
0.5 14.625 0.393838
0.5 16.875 0.395314
0.5 19.125 0.389059
0.5 21.375 0.385672
0.5 23.625 0.395696
0.5 25.875 0.386019
0.5 28.125 0.383512
0.5 30.375 0.390855
0.5 32.625 0.378579
0.5 34.875 0.38077
0.5 37.125 0.384363
0.5 39.375 0.387925
0.5 41.625 0.395422
0.5 43.875 0.38843
0.7 1.125 0.377193
0.7 3.375 0.370534
0.7 5.625 0.373072
0.7 7.875 0.365133
0.7 10.125 0.370458
0.7 12.375 0.370681
0.7 14.625 0.365977
0.7 16.875 0.376331
0.7 19.125 0.367546
0.7 21.375 0.367989
0.7 23.625 0.361288
0.7 25.875 0.358385
0.7 28.125 0.353369
0.7 30.375 0.354994
0.7 32.625 0.359661
0.7 34.875 0.362892
0.7 37.125 0.356579
0.7 39.375 0.360253
0.7 41.625 0.359431
0.7 43.875 0.36583
0.9 1.125 0.332953
0.9 3.375 0.329683
0.9 5.625 0.328912
0.9 7.875 0.325064
0.9 10.125 0.330956
0.9 12.375 0.329695
0.9 14.625 0.325419
0.9 16.875 0.327514
0.9 19.125 0.323247
0.9 21.375 0.317691
0.9 23.625 0.319628
0.9 25.875 0.311031
0.9 28.125 0.319573
0.9 30.375 0.312865
0.9 32.625 0.335041
0.9 34.875 0.326344
0.9 37.125 0.316322
0.9 39.375 0.326519
0.9 41.625 0.324447
0.9 43.875 0.327883
1.1 1.125 0.259044
1.1 3.375 0.255526
1.1 5.625 0.265118
1.1 7.875 0.2564
1.1 10.125 0.25181
1.1 12.375 0.259115
1.1 14.625 0.262121
1.1 16.875 0.257463
1.1 19.125 0.267554
1.1 21.375 0.256234
1.1 23.625 0.265225
1.1 25.875 0.273769
1.1 28.125 0.267884
1.1 30.375 0.280036
1.1 32.625 0.272972
1.1 34.875 0.288271
1.1 37.125 0.272581
1.1 39.375 0.285911
1.1 41.625 0.297087
1.1 43.875 0.29009
1.3 1.125 0.170348
1.3 3.375 0.174025
1.3 5.625 0.169946
1.3 7.875 0.166666
1.3 10.125 0.171895
1.3 12.375 0.179136
1.3 14.625 0.193998
1.3 16.875 0.176717
1.3 19.125 0.192752
1.3 21.375 0.18714
1.3 23.625 0.214065
1.3 25.875 0.193791
1.3 28.125 0.194942
1.3 30.375 0.201097
1.3 32.625 0.201894
1.3 34.875 0.230186
1.3 37.125 0.241444
1.3 39.375 0.214348
1.3 41.625 0.231235
1.3 43.875 0.243026
1.5 1.125 0.102286
1.5 3.375 0.104386
1.5 5.625 0.101048
1.5 7.875 0.105425
1.5 10.125 0.10126
1.5 12.375 0.111355
1.5 14.625 0.11619
1.5 16.875 0.109252
1.5 19.125 0.120941
1.5 21.375 0.125691
1.5 23.625 0.140121
1.5 25.875 0.138081
1.5 28.125 0.136586
1.5 30.375 0.153975
1.5 32.625 0.146457
1.5 34.875 0.152236
1.5 37.125 0.165934
1.5 39.375 0.161811
1.5 41.625 0.189354
1.5 43.875 0.193761
1.7 1.125 0.0589961
1.7 3.375 0.0624219
1.7 5.625 0.0642516
1.7 7.875 0.0655634
1.7 10.125 0.0688507
1.7 12.375 0.0712522
1.7 14.625 0.0747858
1.7 16.875 0.0746612
1.7 19.125 0.0734018
1.7 21.375 0.0761636
1.7 23.625 0.0833198
1.7 25.875 0.0877514
1.7 28.125 0.0900608
1.7 30.375 0.0980493
1.7 32.625 0.0928619
1.7 34.875 0.0884757
1.7 37.125 0.0774054
1.7 39.375 0.0836311
1.7 41.625 0.0904171
1.7 43.875 0.117999
1.9 1.125 0.0379219
1.9 3.375 0.0404722
1.9 5.625 0.042002
1.9 7.875 0.0424127
1.9 10.125 0.0404616
1.9 12.375 0.0413782
1.9 14.625 0.0474991
1.9 16.875 0.0457674
1.9 19.125 0.0497902
1.9 21.375 0.0484744
1.9 23.625 0.0500121
1.9 25.875 0.0549882
1.9 28.125 0.0545688
1.9 30.375 0.0588703
1.9 32.625 0.0520554
1.9 34.875 0.0624941
1.9 37.125 0.0599836
1.9 39.375 0.0617809
1.9 41.625 0.0725273
1.9 43.875 0.0677937
2.1 1.125 0.024237
2.1 3.375 0.0245078
2.1 5.625 0.0257741
2.1 7.875 0.0244701
2.1 10.125 0.0257038
2.1 12.375 0.0269
2.1 14.625 0.0293467
2.1 16.875 0.0320143
2.1 19.125 0.0304043
2.1 21.375 0.0342567
2.1 23.625 0.0337032
2.1 25.875 0.0361684
2.1 28.125 0.0351711
2.1 30.375 0.0378709
2.1 32.625 0.0416989
2.1 34.875 0.0396084
2.1 37.125 0.0424099
2.1 39.375 0.0494213
2.1 41.625 0.0427914
2.1 43.875 0.046351
2.3 1.125 0.0128131
2.3 3.375 0.0126531
2.3 5.625 0.013976
2.3 7.875 0.0138415
2.3 10.125 0.0141085
2.3 12.375 0.0145407
2.3 14.625 0.0157792
2.3 16.875 0.0160951
2.3 19.125 0.0162138
2.3 21.375 0.0182794
2.3 23.625 0.0224229
2.3 25.875 0.0230522
2.3 28.125 0.0261668
2.3 30.375 0.026314
2.3 32.625 0.0271908
2.3 34.875 0.0302103
2.3 37.125 0.028211
2.3 39.375 0.0278294
2.3 41.625 0.0299255
2.3 43.875 0.0314178
2.5 1.125 0.00840801
2.5 3.375 0.00867316
2.5 5.625 0.00883092
2.5 7.875 0.0088218
2.5 10.125 0.00870049
2.5 12.375 0.0087151
2.5 14.625 0.00901545
2.5 16.875 0.00897677
2.5 19.125 0.009975
2.5 21.375 0.0110891
2.5 23.625 0.011395
2.5 25.875 0.0127353
2.5 28.125 0.0160646
2.5 30.375 0.0168028
2.5 32.625 0.0184386
2.5 34.875 0.0187991
2.5 37.125 0.0208468
2.5 39.375 0.0219733
2.5 41.625 0.0221126
2.5 43.875 0.0203288
2.7 1.125 0.00742772
2.7 3.375 0.00770663
2.7 5.625 0.00770582
2.7 7.875 0.00681205
2.7 10.125 0.00685653
2.7 12.375 0.00701612
2.7 14.625 0.00658741
2.7 16.875 0.00727536
2.7 19.125 0.00690164
2.7 21.375 0.00705205
2.7 23.625 0.0079288
2.7 25.875 0.00852259
2.7 28.125 0.00939727
2.7 30.375 0.0105034
2.7 32.625 0.0113564
2.7 34.875 0.0133544
2.7 37.125 0.0130856
2.7 39.375 0.0119188
2.7 41.625 0.0142553
2.7 43.875 0.0156629
2.9 1.125 0.00640214
2.9 3.375 0.00645869
2.9 5.625 0.00644748
2.9 7.875 0.00661119
2.9 10.125 0.00628636
2.9 12.375 0.00656448
2.9 14.625 0.00662383
2.9 16.875 0.00613852
2.9 19.125 0.00631176
2.9 21.375 0.00665799
2.9 23.625 0.00598966
2.9 25.875 0.00725179
2.9 28.125 0.0065968
2.9 30.375 0.0078065
2.9 32.625 0.00709519
2.9 34.875 0.00813863
2.9 37.125 0.00792742
2.9 39.375 0.00902286
2.9 41.625 0.0100568
2.9 43.875 0.0112516
3.1 1.125 0.00559905
3.1 3.375 0.00533548
3.1 5.625 0.00568507
3.1 7.875 0.00587958
3.1 10.125 0.00567799
3.1 12.375 0.0053123
3.1 14.625 0.00491838
3.1 16.875 0.00585727
3.1 19.125 0.00540232
3.1 21.375 0.00612992
3.1 23.625 0.00562206
3.1 25.875 0.00570537
3.1 28.125 0.0058739
3.1 30.375 0.00630057
3.1 32.625 0.00644389
3.1 34.875 0.0056924
3.1 37.125 0.00628742
3.1 39.375 0.00691132
3.1 41.625 0.00786268
3.1 43.875 0.0083625
3.3 1.125 0.00533981
3.3 3.375 0.00499636
3.3 5.625 0.00577643
3.3 7.875 0.00545015
3.3 10.125 0.0053007
3.3 12.375 0.00523384
3.3 14.625 0.00474923
3.3 16.875 0.00697543
3.3 19.125 0.0053199
3.3 21.375 0.00527067
3.3 23.625 0.00567412
3.3 25.875 0.00628852
3.3 28.125 0.00610471
3.3 30.375 0.00511991
3.3 32.625 0.00600348
3.3 34.875 0.00608353
3.3 37.125 0.00568888
3.3 39.375 0.00578256
3.3 41.625 0.00578399
3.3 43.875 0.00613351
3.5 1.125 0.00498292
3.5 3.375 0.00547247
3.5 5.625 0.0045126
3.5 7.875 0.00442366
3.5 10.125 0.00411103
3.5 12.375 0.00472886
3.5 14.625 0.00493325
3.5 16.875 0.00458593
3.5 19.125 0.00458087
3.5 21.375 0.00449446
3.5 23.625 0.00457682
3.5 25.875 0.00566553
3.5 28.125 0.00540593
3.5 30.375 0.00526809
3.5 32.625 0.00464369
3.5 34.875 0.0050598
3.5 37.125 0.00513073
3.5 39.375 0.00562837
3.5 41.625 0.00501878
3.5 43.875 0.00484959
3.7 1.125 0.00481267
3.7 3.375 0.00472428
3.7 5.625 0.00435819
3.7 7.875 0.00439582
3.7 10.125 0.00417082
3.7 12.375 0.00374947
3.7 14.625 0.00551111
3.7 16.875 0.00429993
3.7 19.125 0.00492592
3.7 21.375 0.00439698
3.7 23.625 0.00384594
3.7 25.875 0.00534582
3.7 28.125 0.00471756
3.7 30.375 0.00470788
3.7 32.625 0.00442117
3.7 34.875 0.00467796
3.7 37.125 0.00452274
3.7 39.375 0.00451605
3.7 41.625 0.00446187
3.7 43.875 0.00426182
3.9 1.125 0.0042284
3.9 3.375 0.00433786
3.9 5.625 0.0041506
3.9 7.875 0.00421357
3.9 10.125 0.00471818
3.9 12.375 0.00423237
3.9 14.625 0.00473953
3.9 16.875 0.00411232
3.9 19.125 0.00507831
3.9 21.375 0.00426601
3.9 23.625 0.00484463
3.9 25.875 0.00562091
3.9 28.125 0.00480166
3.9 30.375 0.00433297
3.9 32.625 0.00455811
3.9 34.875 0.00392974
3.9 37.125 0.00410984
3.9 39.375 0.00406019
3.9 41.625 0.00382501
3.9 43.875 0.00429678
4.1 1.125 0.00418366
4.1 3.375 0.00400631
4.1 5.625 0.00359628
4.1 7.875 0.0035255
4.1 10.125 0.00376147
4.1 12.375 0.0040215
4.1 14.625 0.00437702
4.1 16.875 0.00513561
4.1 19.125 0.00455909
4.1 21.375 0.00393176
4.1 23.625 0.00456055
4.1 25.875 0.00471713
4.1 28.125 0.00472797
4.1 30.375 0.00445271
4.1 32.625 0.00422456
4.1 34.875 0.00439674
4.1 37.125 0.00369876
4.1 39.375 0.00369528
4.1 41.625 0.00404018
4.1 43.875 0.00406495
4.3 1.125 0.0039626
4.3 3.375 0.0036799
4.3 5.625 0.0042138
4.3 7.875 0.00376539
4.3 10.125 0.00688864
4.3 12.375 0.00337786
4.3 14.625 0.00402268
4.3 16.875 0.00371697
4.3 19.125 0.0048303
4.3 21.375 0.00450696
4.3 23.625 0.00394969
4.3 25.875 0.00438279
4.3 28.125 0.00464046
4.3 30.375 0.00417602
4.3 32.625 0.00411312
4.3 34.875 0.00327998
4.3 37.125 0.00370823
4.3 39.375 0.00350645
4.3 41.625 0.00359347
4.3 43.875 0.00347577
4.5 1.125 0.00313097
4.5 3.375 0.00334419
4.5 5.625 0.0051103
4.5 7.875 0.00362926
4.5 10.125 0.00359502
4.5 12.375 0.00426099
4.5 14.625 0.00367254
4.5 16.875 0.00407353
4.5 19.125 0.00375642
4.5 21.375 0.00336578
4.5 23.625 0.00358779
4.5 25.875 0.00440709
4.5 28.125 0.00409304
4.5 30.375 0.00383615
4.5 32.625 0.00385898
4.5 34.875 0.00331656
4.5 37.125 0.00346962
4.5 39.375 0.00366748
4.5 41.625 0.00361198
4.5 43.875 0.00320638
4.7 1.125 0.00318681
4.7 3.375 0.00323032
4.7 5.625 0.00308854
4.7 7.875 0.0029665
4.7 10.125 0.00340196
4.7 12.375 0.00344282
4.7 14.625 0.00365374
4.7 16.875 0.0031738
4.7 19.125 0.00378668
4.7 21.375 0.00359561
4.7 23.625 0.00329776
4.7 25.875 0.00332143
4.7 28.125 0.00357169
4.7 30.375 0.00374393
4.7 32.625 0.00329911
4.7 34.875 0.0033495
4.7 37.125 0.0032057
4.7 39.375 0.00292941
4.7 41.625 0.00285362
4.7 43.875 0.0030498
4.9 1.125 0.00300834
4.9 3.375 0.00283681
4.9 5.625 0.00265372
4.9 7.875 0.0035542
4.9 10.125 0.00321294
4.9 12.375 0.0031766
4.9 14.625 0.00333053
4.9 16.875 0.00300328
4.9 19.125 0.00328453
4.9 21.375 0.00347476
4.9 23.625 0.00321773
4.9 25.875 0.00348434
4.9 28.125 0.00331156
4.9 30.375 0.00313691
4.9 32.625 0.00333026
4.9 34.875 0.00300748
4.9 37.125 0.00294747
4.9 39.375 0.00323803
4.9 41.625 0.00333212
4.9 43.875 0.00332644
5.1 1.125 0.00277851
5.1 3.375 0.00274303
5.1 5.625 0.00298319
5.1 7.875 0.00274953
5.1 10.125 0.00278779
5.1 12.375 0.00268221
5.1 14.625 0.00290869
5.1 16.875 0.002911
5.1 19.125 0.00327309
5.1 21.375 0.00299654
5.1 23.625 0.00302731
5.1 25.875 0.00359386
5.1 28.125 0.00303686
5.1 30.375 0.00295691
5.1 32.625 0.00319177
5.1 34.875 0.00354634
5.1 37.125 0.0034788
5.1 39.375 0.00357473
5.1 41.625 0.00431085
5.1 43.875 0.00355524
5.3 1.125 0.00285149
5.3 3.375 0.0024589
5.3 5.625 0.0027957
5.3 7.875 0.00294157
5.3 10.125 0.00294591
5.3 12.375 0.0028552
5.3 14.625 0.00355875
5.3 16.875 0.00315741
5.3 19.125 0.00254755
5.3 21.375 0.00320732
5.3 23.625 0.00355835
5.3 25.875 0.00286165
5.3 28.125 0.00311453
5.3 30.375 0.00333624
5.3 32.625 0.00327206
5.3 34.875 0.00316186
5.3 37.125 0.00273986
5.3 39.375 0.00348639
5.3 41.625 0.00290202
5.3 43.875 0.00254291
5.5 1.125 0.0026912
5.5 3.375 0.00293157
5.5 5.625 0.00261684
5.5 7.875 0.00341252
5.5 10.125 0.00268598
5.5 12.375 0.00277376
5.5 14.625 0.00265318
5.5 16.875 0.00240825
5.5 19.125 0.00275267
5.5 21.375 0.00347047
5.5 23.625 0.00281425
5.5 25.875 0.00312862
5.5 28.125 0.00299321
5.5 30.375 0.00275265
5.5 32.625 0.00317111
5.5 34.875 0.00298809
5.5 37.125 0.00290687
5.5 39.375 0.00270002
5.5 41.625 0.00351449
5.5 43.875 0.00281878
5.7 1.125 0.00303054
5.7 3.375 0.0026365
5.7 5.625 0.00272967
5.7 7.875 0.00282455
5.7 10.125 0.00279865
5.7 12.375 0.0025273
5.7 14.625 0.00217558
5.7 16.875 0.00281177
5.7 19.125 0.0026746
5.7 21.375 0.00230882
5.7 23.625 0.00317929
5.7 25.875 0.00254272
5.7 28.125 0.00228474
5.7 30.375 0.0026909
5.7 32.625 0.00309607
5.7 34.875 0.00281813
5.7 37.125 0.00266821
5.7 39.375 0.0025308
5.7 41.625 0.00295617
5.7 43.875 0.00241004
5.9 1.125 0.00262855
5.9 3.375 0.00286475
5.9 5.625 0.00246692
5.9 7.875 0.00215147
5.9 10.125 0.00251091
5.9 12.375 0.00198888
5.9 14.625 0.00251727
5.9 16.875 0.00261447
5.9 19.125 0.00297313
5.9 21.375 0.00258698
5.9 23.625 0.00267211
5.9 25.875 0.00286325
5.9 28.125 0.00269136
5.9 30.375 0.00245909
5.9 32.625 0.00272717
5.9 34.875 0.0024971
5.9 37.125 0.00301901
5.9 39.375 0.00261471
5.9 41.625 0.00299002
5.9 43.875 0.00246444
6.1 1.125 0.00265634
6.1 3.375 0.00286038
6.1 5.625 0.0020711
6.1 7.875 0.00257199
6.1 10.125 0.0022387
6.1 12.375 0.00248774
6.1 14.625 0.0027699
6.1 16.875 0.00236467
6.1 19.125 0.00215751
6.1 21.375 0.00307807
6.1 23.625 0.00271383
6.1 25.875 0.00306403
6.1 28.125 0.0023052
6.1 30.375 0.00270445
6.1 32.625 0.00257097
6.1 34.875 0.00583075
6.1 37.125 0.00260888
6.1 39.375 0.00279016
6.1 41.625 0.00294893
6.1 43.875 0.0027411
6.3 1.125 0.00255052
6.3 3.375 0.00252183
6.3 5.625 0.0020605
6.3 7.875 0.00256186
6.3 10.125 0.00210371
6.3 12.375 0.00334601
6.3 14.625 0.0023735
6.3 16.875 0.00285058
6.3 19.125 0.00300763
6.3 21.375 0.00271585
6.3 23.625 0.00257654
6.3 25.875 0.0026343
6.3 28.125 0.00210099
6.3 30.375 0.00226916
6.3 32.625 0.00229949
6.3 34.875 0.00312882
6.3 37.125 0.00274146
6.3 39.375 0.0025931
6.3 41.625 0.00242729
6.3 43.875 0.0026497
6.5 1.125 0.00276247
6.5 3.375 0.00258382
6.5 5.625 0.0025386
6.5 7.875 0.00239726
6.5 10.125 0.00290441
6.5 12.375 0.00300234
6.5 14.625 0.00278868
6.5 16.875 0.00275886
6.5 19.125 0.00236394
6.5 21.375 0.00240163
6.5 23.625 0.00289005
6.5 25.875 0.00301639
6.5 28.125 0.00231548
6.5 30.375 0.00247938
6.5 32.625 0.0022442
6.5 34.875 0.00239283
6.5 37.125 0.00261113
6.5 39.375 0.00265666
6.5 41.625 0.00223844
6.5 43.875 0.00288387
6.7 1.125 0.00246238
6.7 3.375 0.00241501
6.7 5.625 0.00236462
6.7 7.875 0.00291863
6.7 10.125 0.00254384
6.7 12.375 0.00228907
6.7 14.625 0.00295181
6.7 16.875 0.00252954
6.7 19.125 0.00278363
6.7 21.375 0.00272978
6.7 23.625 0.00254506
6.7 25.875 0.00223186
6.7 28.125 0.00227009
6.7 30.375 0.00298664
6.7 32.625 0.00228652
6.7 34.875 0.00258356
6.7 37.125 0.00301534
6.7 39.375 0.00237453
6.7 41.625 0.00243693
6.7 43.875 0.00274943
6.9 1.125 0.00270596
6.9 3.375 0.00212117
6.9 5.625 0.0026932
6.9 7.875 0.0024191
6.9 10.125 0.00235645
6.9 12.375 0.0026069
6.9 14.625 0.00260319
6.9 16.875 0.00228137
6.9 19.125 0.0026078
6.9 21.375 0.0022964
6.9 23.625 0.00229545
6.9 25.875 0.00223186
6.9 28.125 0.00187936
6.9 30.375 0.00228748
6.9 32.625 0.00297431
6.9 34.875 0.0024058
6.9 37.125 0.00205754
6.9 39.375 0.00238215
6.9 41.625 0.00275549
6.9 43.875 0.00244521
7.1 1.125 0.00479011
7.1 3.375 0.00243586
7.1 5.625 0.00256877
7.1 7.875 0.00248417
7.1 10.125 0.0021369
7.1 12.375 0.00321179
7.1 14.625 0.0024655
7.1 16.875 0.00212952
7.1 19.125 0.00259435
7.1 21.375 0.00254847
7.1 23.625 0.00221794
7.1 25.875 0.00221931
7.1 28.125 0.00211053
7.1 30.375 0.00203119
7.1 32.625 0.00219053
7.1 34.875 0.00238605
7.1 37.125 0.00198064
7.1 39.375 0.00254274
7.1 41.625 0.00217926
7.1 43.875 0.00248248
7.3 1.125 0.00243908
7.3 3.375 0.00252937
7.3 5.625 0.00222043
7.3 7.875 0.00243894
7.3 10.125 0.00209401
7.3 12.375 0.00232638
7.3 14.625 0.00273993
7.3 16.875 0.00239483
7.3 19.125 0.00248072
7.3 21.375 0.00255721
7.3 23.625 0.00177717
7.3 25.875 0.00195616
7.3 28.125 0.00185603
7.3 30.375 0.00307724
7.3 32.625 0.00271688
7.3 34.875 0.00248483
7.3 37.125 0.00226393
7.3 39.375 0.0025179
7.3 41.625 0.00272532
7.3 43.875 0.0024438
7.5 1.125 0.0024046
7.5 3.375 0.00224381
7.5 5.625 0.00337441
7.5 7.875 0.00480989
7.5 10.125 0.00199624
7.5 12.375 0.00259962
7.5 14.625 0.00264385
7.5 16.875 0.0034145
7.5 19.125 0.00254291
7.5 21.375 0.00225611
7.5 23.625 0.00226609
7.5 25.875 0.00283412
7.5 28.125 0.00220444
7.5 30.375 0.00235938
7.5 32.625 0.00292769
7.5 34.875 0.00211299
7.5 37.125 0.0026434
7.5 39.375 0.00265146
7.5 41.625 0.00217231
7.5 43.875 0.00193324
7.7 1.125 0.00233816
7.7 3.375 0.00222008
7.7 5.625 0.00227748
7.7 7.875 0.0023526
7.7 10.125 0.00244862
7.7 12.375 0.00258997
7.7 14.625 0.00277647
7.7 16.875 0.00226012
7.7 19.125 0.0022315
7.7 21.375 0.00244017
7.7 23.625 0.0025872
7.7 25.875 0.00207552
7.7 28.125 0.00207195
7.7 30.375 0.00222905
7.7 32.625 0.00231483
7.7 34.875 0.00286451
7.7 37.125 0.00281902
7.7 39.375 0.00249203
7.7 41.625 0.00253446
7.7 43.875 0.00226675
7.9 1.125 0.0022897
7.9 3.375 0.0022527
7.9 5.625 0.00258771
7.9 7.875 0.0018666
7.9 10.125 0.00255918
7.9 12.375 0.00258322
7.9 14.625 0.00196866
7.9 16.875 0.00223957
7.9 19.125 0.0019741
7.9 21.375 0.00231166
7.9 23.625 0.00273615
7.9 25.875 0.00254462
7.9 28.125 0.00268075
7.9 30.375 0.00262302
7.9 32.625 0.00258198
7.9 34.875 0.00267524
7.9 37.125 0.00202436
7.9 39.375 0.00239383
7.9 41.625 0.00249105
7.9 43.875 0.00209441
8.1 1.125 0.00233586
8.1 3.375 0.00231291
8.1 5.625 0.00294035
8.1 7.875 0.00233393
8.1 10.125 0.00220401
8.1 12.375 0.00254923
8.1 14.625 0.0023695
8.1 16.875 0.00234707
8.1 19.125 0.00226395
8.1 21.375 0.00225453
8.1 23.625 0.00245018
8.1 25.875 0.00220994
8.1 28.125 0.00203014
8.1 30.375 0.00202106
8.1 32.625 0.00300469
8.1 34.875 0.00205788
8.1 37.125 0.002652
8.1 39.375 0.00254368
8.1 41.625 0.00198057
8.1 43.875 0.00270518
8.3 1.125 0.00225942
8.3 3.375 0.00281049
8.3 5.625 0.00216515
8.3 7.875 0.00232902
8.3 10.125 0.00220985
8.3 12.375 0.00202094
8.3 14.625 0.00201037
8.3 16.875 0.00246936
8.3 19.125 0.00182332
8.3 21.375 0.00222529
8.3 23.625 0.00201392
8.3 25.875 0.00207704
8.3 28.125 0.00207064
8.3 30.375 0.00207994
8.3 32.625 0.00238204
8.3 34.875 0.00243981
8.3 37.125 0.00227701
8.3 39.375 0.00228642
8.3 41.625 0.00223361
8.3 43.875 0.00237172
8.5 1.125 0.00298061
8.5 3.375 0.00259068
8.5 5.625 0.00191295
8.5 7.875 0.00274695
8.5 10.125 0.00241529
8.5 12.375 0.00216025
8.5 14.625 0.00208089
8.5 16.875 0.00296392
8.5 19.125 0.00240948
8.5 21.375 0.00205562
8.5 23.625 0.00264931
8.5 25.875 0.0024926
8.5 28.125 0.00250871
8.5 30.375 0.00240668
8.5 32.625 0.00215574
8.5 34.875 0.0024364
8.5 37.125 0.00193654
8.5 39.375 0.00248815
8.5 41.625 0.00325052
8.5 43.875 0.00234538
8.7 1.125 0.00208568
8.7 3.375 0.00217269
8.7 5.625 0.00206667
8.7 7.875 0.00240065
8.7 10.125 0.00253595
8.7 12.375 0.00226842
8.7 14.625 0.00210936
8.7 16.875 0.00207246
8.7 19.125 0.00198933
8.7 21.375 0.00195436
8.7 23.625 0.00253598
8.7 25.875 0.00255526
8.7 28.125 0.0024238
8.7 30.375 0.00215775
8.7 32.625 0.00180062
8.7 34.875 0.00199929
8.7 37.125 0.00224381
8.7 39.375 0.00251963
8.7 41.625 0.00355948
8.7 43.875 0.00177429
8.9 1.125 0.00237109
8.9 3.375 0.00246174
8.9 5.625 0.00257365
8.9 7.875 0.00238281
8.9 10.125 0.00277578
8.9 12.375 0.00264237
8.9 14.625 0.00191777
8.9 16.875 0.00254538
8.9 19.125 0.0033849
8.9 21.375 0.00179732
8.9 23.625 0.00193131
8.9 25.875 0.00165167
8.9 28.125 0.00278906
8.9 30.375 0.00228554
8.9 32.625 0.00218459
8.9 34.875 0.00214574
8.9 37.125 0.00213568
8.9 39.375 0.00165341
8.9 41.625 0.0027269
8.9 43.875 0.00200011
9.1 1.125 0.00222921
9.1 3.375 0.00254621
9.1 5.625 0.00226597
9.1 7.875 0.00282349
9.1 10.125 0.00174766
9.1 12.375 0.00249529
9.1 14.625 0.00201788
9.1 16.875 0.00233318
9.1 19.125 0.00228044
9.1 21.375 0.00224363
9.1 23.625 0.0015425
9.1 25.875 0.0019188
9.1 28.125 0.00217314
9.1 30.375 0.00247984
9.1 32.625 0.00240804
9.1 34.875 0.002422
9.1 37.125 0.00216698
9.1 39.375 0.00205403
9.1 41.625 0.00203506
9.1 43.875 0.00216467
9.3 1.125 0.00240638
9.3 3.375 0.00205953
9.3 5.625 0.00191118
9.3 7.875 0.00310182
9.3 10.125 0.00192384
9.3 12.375 0.00184974
9.3 14.625 0.00227303
9.3 16.875 0.0022854
9.3 19.125 0.00192152
9.3 21.375 0.00211348
9.3 23.625 0.00253544
9.3 25.875 0.0017982
9.3 28.125 0.00231982
9.3 30.375 0.00292002
9.3 32.625 0.00242593
9.3 34.875 0.00240721
9.3 37.125 0.00214233
9.3 39.375 0.00196653
9.3 41.625 0.00225601
9.3 43.875 0.00220001
9.5 1.125 0.00280529
9.5 3.375 0.00193168
9.5 5.625 0.00234795
9.5 7.875 0.00248996
9.5 10.125 0.00242062
9.5 12.375 0.00231598
9.5 14.625 0.00194848
9.5 16.875 0.00246399
9.5 19.125 0.00191068
9.5 21.375 0.00227741
9.5 23.625 0.00238465
9.5 25.875 0.00246097
9.5 28.125 0.00192313
9.5 30.375 0.00245402
9.5 32.625 0.0019992
9.5 34.875 0.0019625
9.5 37.125 0.00237974
9.5 39.375 0.00196875
9.5 41.625 0.00262307
9.5 43.875 0.00193473
9.7 1.125 0.00216669
9.7 3.375 0.00254133
9.7 5.625 0.00175038
9.7 7.875 0.00213793
9.7 10.125 0.00327259
9.7 12.375 0.00249686
9.7 14.625 0.00206686
9.7 16.875 0.00199919
9.7 19.125 0.00209612
9.7 21.375 0.00206191
9.7 23.625 0.00270137
9.7 25.875 0.00231531
9.7 28.125 0.00220432
9.7 30.375 0.00236669
9.7 32.625 0.00246376
9.7 34.875 0.00200468
9.7 37.125 0.00209615
9.7 39.375 0.00232268
9.7 41.625 0.00269975
9.7 43.875 0.00271374
9.9 1.125 0.00204585
9.9 3.375 0.00248419
9.9 5.625 0.00259311
9.9 7.875 0.00180197
9.9 10.125 0.00242694
9.9 12.375 0.001808
9.9 14.625 0.00208984
9.9 16.875 0.00179446
9.9 19.125 0.00210123
9.9 21.375 0.00183073
9.9 23.625 0.0022985
9.9 25.875 0.00250859
9.9 28.125 0.00176491
9.9 30.375 0.00241248
9.9 32.625 0.00167965
9.9 34.875 0.00182307
9.9 37.125 0.00202141
9.9 39.375 0.00210873
9.9 41.625 0.00202756
9.9 43.875 0.0025501
10.1 1.125 0.00217985
10.1 3.375 0.00164722
10.1 5.625 0.0023228
10.1 7.875 0.0020658
10.1 10.125 0.00212391
10.1 12.375 0.00192125
10.1 14.625 0.00200831
10.1 16.875 0.00195119
10.1 19.125 0.00273059
10.1 21.375 0.00201529
10.1 23.625 0.00217457
10.1 25.875 0.00230476
10.1 28.125 0.00196295
10.1 30.375 0.0015357
10.1 32.625 0.00291884
10.1 34.875 0.00291153
10.1 37.125 0.00584373
10.1 39.375 0.00242359
10.1 41.625 0.00190973
10.1 43.875 0.00570846
10.3 1.125 0.001741
10.3 3.375 0.0023257
10.3 5.625 0.0018412
10.3 7.875 0.00178643
10.3 10.125 0.00232588
10.3 12.375 0.00235213
10.3 14.625 0.00230184
10.3 16.875 0.0021159
10.3 19.125 0.00167507
10.3 21.375 0.00182309
10.3 23.625 0.00187231
10.3 25.875 0.00211398
10.3 28.125 0.00171422
10.3 30.375 0.00203709
10.3 32.625 0.00243816
10.3 34.875 0.00198513
10.3 37.125 0.00217989
10.3 39.375 0.00221271
10.3 41.625 0.0017346
10.3 43.875 0.00201959
10.5 1.125 0.00213879
10.5 3.375 0.00222448
10.5 5.625 0.00190953
10.5 7.875 0.00203301
10.5 10.125 0.00175573
10.5 12.375 0.00225338
10.5 14.625 0.00187484
10.5 16.875 0.00222785
10.5 19.125 0.00185127
10.5 21.375 0.0020076
10.5 23.625 0.00144055
10.5 25.875 0.00215047
10.5 28.125 0.00181842
10.5 30.375 0.00204023
10.5 32.625 0.00189854
10.5 34.875 0.00124123
10.5 37.125 0.00158954
10.5 39.375 0.00163233
10.5 41.625 0.00232465
10.5 43.875 0.00221508
10.7 1.125 0.00279219
10.7 3.375 0.00202938
10.7 5.625 0.00204096
10.7 7.875 0.00256328
10.7 10.125 0.00203493
10.7 12.375 0.00217491
10.7 14.625 0.00231534
10.7 16.875 0.00218952
10.7 19.125 0.0019964
10.7 21.375 0.00224712
10.7 23.625 0.0026345
10.7 25.875 0.00273482
10.7 28.125 0.00319109
10.7 30.375 0.00290553
10.7 32.625 0.00196705
10.7 34.875 0.00195458
10.7 37.125 0.00241629
10.7 39.375 0.00208393
10.7 41.625 0.00196384
10.7 43.875 0.00191533
10.9 1.125 0.0023253
10.9 3.375 0.00253448
10.9 5.625 0.002523
10.9 7.875 0.00234631
10.9 10.125 0.00192301
10.9 12.375 0.0153856
10.9 14.625 0.00158976
10.9 16.875 0.00221877
10.9 19.125 0.00208036
10.9 21.375 0.0016825
10.9 23.625 0.00150349
10.9 25.875 0.00215658
10.9 28.125 0.00188872
10.9 30.375 0.00182431
10.9 32.625 0.00203688
10.9 34.875 0.00273851
10.9 37.125 0.00155919
10.9 39.375 0.00217781
10.9 41.625 0.00247346
10.9 43.875 0.00196506
11.1 1.125 0.00310653
11.1 3.375 0.00215704
11.1 5.625 0.0028394
11.1 7.875 0.00196553
11.1 10.125 0.00263037
11.1 12.375 0.00233626
11.1 14.625 0.00166481
11.1 16.875 0.00194159
11.1 19.125 0.0016173
11.1 21.375 0.00221739
11.1 23.625 0.00201613
11.1 25.875 0.00234848
11.1 28.125 0.00188072
11.1 30.375 0.00299762
11.1 32.625 0.00153956
11.1 34.875 0.00202915
11.1 37.125 0.00173356
11.1 39.375 0.0024943
11.1 41.625 0.00229563
11.1 43.875 0.00158033
11.3 1.125 0.00207192
11.3 3.375 0.00231632
11.3 5.625 0.00180519
11.3 7.875 0.002041
11.3 10.125 0.00160206
11.3 12.375 0.00233898
11.3 14.625 0.00222841
11.3 16.875 0.00152677
11.3 19.125 0.00220252
11.3 21.375 0.00266429
11.3 23.625 0.00227205
11.3 25.875 0.00187069
11.3 28.125 0.00175057
11.3 30.375 0.00160602
11.3 32.625 0.00150021
11.3 34.875 0.00304282
11.3 37.125 0.00242607
11.3 39.375 0.00217682
11.3 41.625 0.00289944
11.3 43.875 0.00188714
11.5 1.125 0.00186626
11.5 3.375 0.00220093
11.5 5.625 0.00249394
11.5 7.875 0.00172505
11.5 10.125 0.00280013
11.5 12.375 0.00166871
11.5 14.625 0.00155885
11.5 16.875 0.00237794
11.5 19.125 0.00277568
11.5 21.375 0.00182221
11.5 23.625 0.00253032
11.5 25.875 0.00173104
11.5 28.125 0.00218833
11.5 30.375 0.00210888
11.5 32.625 0.00220937
11.5 34.875 0.00311965
11.5 37.125 0.00243023
11.5 39.375 0.00204704
11.5 41.625 0.00275414
11.5 43.875 0.00127845
11.7 1.125 0.0025511
11.7 3.375 0.0020347
11.7 5.625 0.00202338
11.7 7.875 0.00195384
11.7 10.125 0.00218722
11.7 12.375 0.00240946
11.7 14.625 0.00206558
11.7 16.875 0.00154567
11.7 19.125 0.00209722
11.7 21.375 0.00423103
11.7 23.625 0.00267061
11.7 25.875 0.0013567
11.7 28.125 0.0020664
11.7 30.375 0.0021194
11.7 32.625 0.00127114
11.7 34.875 0.00165809
11.7 37.125 0.00309999
11.7 39.375 0.001856
11.7 41.625 0.0191515
11.7 43.875 0.00210314
11.9 1.125 0.00205278
11.9 3.375 0.00148242
11.9 5.625 0.00204626
11.9 7.875 0.00260687
11.9 10.125 0.00183297
11.9 12.375 0.00257641
11.9 14.625 0.00224366
11.9 16.875 0.00196657
11.9 19.125 0.00230532
11.9 21.375 0.00311104
11.9 23.625 0.00157874
11.9 25.875 0.00220063
11.9 28.125 0.00247676
11.9 30.375 0.00201251
11.9 32.625 0.00221504
11.9 34.875 0.00122795
11.9 37.125 0.00920125
11.9 39.375 0.00208813
11.9 41.625 0.00165577
11.9 43.875 0.00232483
12.1 1.125 0.00272842
12.1 3.375 0.00207911
12.1 5.625 0.00212885
12.1 7.875 0.00138492
12.1 10.125 0.00156554
12.1 12.375 0.0017911
12.1 14.625 0.00182401
12.1 16.875 0.0039329
12.1 19.125 0.00244974
12.1 21.375 0.00149923
12.1 23.625 0.0022325
12.1 25.875 0.00192076
12.1 28.125 0.00179055
12.1 30.375 0.00103412
12.1 32.625 0.00204342
12.1 34.875 0.00145011
12.1 37.125 0.00188662
12.1 39.375 0.00273284
12.1 41.625 0.00202945
12.1 43.875 0.00198071
12.3 1.125 0.00200946
12.3 3.375 0.00212669
12.3 5.625 0.0023454
12.3 7.875 0.00152631
12.3 10.125 0.00232366
12.3 12.375 0.00196128
12.3 14.625 0.00195533
12.3 16.875 0.00280036
12.3 19.125 0.00190186
12.3 21.375 0.00240524
12.3 23.625 0.00111139
12.3 25.875 0.00212143
12.3 28.125 0.00217838
12.3 30.375 0.00116131
12.3 32.625 0.00149784
12.3 34.875 0.002195
12.3 37.125 0.00150438
12.3 39.375 0.00183703
12.3 41.625 0.00158457
12.3 43.875 0.00195769
12.5 1.125 0.00161832
12.5 3.375 0.00166747
12.5 5.625 0.00273184
12.5 7.875 0.00196808
12.5 10.125 0.00163376
12.5 12.375 0.00205201
12.5 14.625 0.0019904
12.5 16.875 0.00178949
12.5 23.625 0.00210345
12.5 25.875 0.00310282
12.5 28.125 0.00217326
12.5 32.625 0.00196023
12.5 34.875 0.00243905
12.5 37.125 0.0021519
12.5 39.375 0.00226583
12.5 41.625 0.00138589
12.5 43.875 0.00151582
12.7 1.125 0.0022358
12.7 3.375 0.00166834
12.7 7.875 0.00200185
12.7 10.125 0.00178366
12.7 12.375 0.00132387
12.7 14.625 0.00213834
12.7 16.875 0.00156563
12.7 19.125 0.00273796
12.7 21.375 0.00262078
12.7 23.625 0.00190504
12.7 25.875 0.00142426
12.7 28.125 0.00207493
12.7 30.375 0.00165287
12.7 32.625 0.00161531
12.7 34.875 0.00248435
12.7 37.125 0.00205368
12.7 39.375 0.00231324
12.7 41.625 0.00181098
12.7 43.875 0.00403569
12.9 1.125 0.00133806
12.9 3.375 0.00181585
12.9 5.625 0.00213305
12.9 7.875 0.00178728
12.9 10.125 0.00238757
12.9 12.375 0.00131702
12.9 14.625 0.00211574
12.9 16.875 0.00211215
12.9 19.125 0.00165277
12.9 21.375 0.00338571
12.9 23.625 0.0028019
12.9 25.875 0.00183233
12.9 30.375 0.00151599
12.9 32.625 0.00178959
12.9 34.875 0.00207833
12.9 37.125 0.0025225
12.9 39.375 0.00258562
12.9 41.625 0.00109801
12.9 43.875 0.00152604
13.1 1.125 0.00167834
13.1 3.375 0.00190347
13.1 5.625 0.00217331
13.1 7.875 0.00178601
13.1 12.375 0.00215679
13.1 14.625 0.00157184
13.1 16.875 0.00168325
13.1 19.125 0.00262905
13.1 21.375 0.00190707
13.1 23.625 0.00223652
13.1 25.875 0.00147083
13.1 30.375 0.00303671
13.1 32.625 0.00217821
13.1 34.875 0.00287798
13.1 37.125 0.00171704
13.1 39.375 0.00165667
13.1 41.625 0.00140437
13.1 43.875 0.0013498
13.3 1.125 0.00484828
13.3 3.375 0.00107457
13.3 5.625 0.00175782
13.3 7.875 0.00200402
13.3 10.125 0.0028257
13.3 12.375 0.00163651
13.3 14.625 0.0022717
13.3 16.875 0.00148522
13.3 19.125 0.00174273
13.3 21.375 0.00256278
13.3 23.625 0.00231329
13.3 25.875 0.00185186
13.3 28.125 0.00203743
13.3 32.625 0.00163712
13.3 34.875 0.00209907
13.3 37.125 0.00312806
13.3 41.625 0.00149966
13.3 43.875 0.00212671
13.5 1.125 0.00201153
13.5 3.375 0.00251415
13.5 7.875 0.00126165
13.5 10.125 0.00172577
13.5 12.375 0.001366
13.5 14.625 0.00115542
13.5 16.875 0.00104275
13.5 19.125 0.00164817
13.5 21.375 0.00153093
13.5 23.625 0.00155458
13.5 25.875 0.00162208
13.5 28.125 0.00226553
13.5 32.625 0.00300283
13.5 34.875 0.00178975
13.5 39.375 0.00218724
13.5 41.625 0.00389891
13.5 43.875 0.00190863
13.7 1.125 0.00177793
13.7 3.375 0.00162697
13.7 7.875 0.00149544
13.7 10.125 0.00266138
13.7 12.375 0.00161835
13.7 14.625 0.00213963
13.7 19.125 0.00127191
13.7 21.375 0.00100187
13.7 23.625 0.00208968
13.7 25.875 0.00295107
13.7 28.125 0.00207822
13.7 30.375 0.00185469
13.7 32.625 0.000987156
13.7 34.875 0.00350306
13.7 37.125 0.000827111
13.7 39.375 0.00163152
13.7 41.625 0.00146669
13.7 43.875 0.00202091
13.9 1.125 0.00215717
13.9 3.375 0.00138594
13.9 5.625 0.00112205
13.9 10.125 0.0020616
13.9 19.125 0.000827302
13.9 21.375 0.0028615
13.9 23.625 0.00268982
13.9 25.875 0.00153991
13.9 28.125 0.00146872
13.9 30.375 0.00189002
13.9 32.625 0.00233572
13.9 34.875 0.0029588
13.9 37.125 0.00145493
13.9 39.375 0.00598053
13.9 41.625 0.00146495
13.9 43.875 0.00192454
