0.5 12.375 1.61932
0.5 39.375 1.65219
0.7 1.125 1.41018
0.7 21.375 1.49191
0.9 1.125 1.42608
0.9 5.625 1.42291
0.9 10.125 1.42051
0.9 32.625 1.49413
0.9 34.875 1.46511
0.9 37.125 1.47349
1.1 1.125 1.05872
1.1 12.375 1.1819
1.1 19.125 1.23751
1.1 43.875 1.30432
1.3 1.125 0.681226
1.3 3.375 0.609029
1.3 10.125 0.726704
1.3 16.875 0.801989
1.3 23.625 0.855373
1.3 34.875 1.04124
1.3 37.125 1.19385
1.5 1.125 0.369272
1.5 3.375 0.302577
1.5 12.375 0.414265
1.5 14.625 0.402207
1.5 23.625 0.515354
1.5 25.875 0.495099
1.5 30.375 0.737565
1.5 32.625 0.699104
1.5 34.875 0.711663
1.7 1.125 0.202476
1.7 5.625 0.252194
1.7 7.875 0.183007
1.7 10.125 0.19888
1.7 12.375 0.249506
1.7 14.625 0.264798
1.7 19.125 0.208515
1.7 25.875 0.394356
1.7 30.375 0.308177
1.9 1.125 0.102835
1.9 3.375 0.11394
1.9 10.125 0.118171
1.9 12.375 0.162299
1.9 14.625 0.127155
1.9 16.875 0.124875
1.9 19.125 0.181292
1.9 21.375 0.168488
1.9 30.375 0.224219
1.9 32.625 0.199554
1.9 39.375 0.315746
1.9 41.625 0.267441
2.1 1.125 0.068937
2.1 3.375 0.085177
2.1 5.625 0.0940623
2.1 7.875 0.0850578
2.1 10.125 0.0870989
2.1 12.375 0.0990193
2.1 14.625 0.0836884
2.1 16.875 0.0953028
2.1 19.125 0.0915589
2.1 21.375 0.0834874
2.1 23.625 0.103404
2.1 25.875 0.105062
2.1 30.375 0.0758754
2.1 34.875 0.148813
2.1 37.125 0.135541
2.1 39.375 0.165985
2.1 43.875 0.120168
2.3 7.875 0.0524866
2.3 10.125 0.0576315
2.3 16.875 0.0644572
2.3 19.125 0.0703498
2.3 21.375 0.0631601
2.3 25.875 0.0673765
2.3 28.125 0.05063
2.3 30.375 0.0819111
2.3 32.625 0.0825552
2.3 37.125 0.118256
2.3 39.375 0.0908708
2.3 43.875 0.086646
2.5 5.625 0.0394616
2.5 7.875 0.0337596
2.5 10.125 0.0367683
2.5 12.375 0.0323274
2.5 16.875 0.0377748
2.5 19.125 0.0403728
2.5 21.375 0.0489146
2.5 23.625 0.0615867
2.5 25.875 0.0563342
2.5 28.125 0.0422169
2.5 30.375 0.0745713
2.5 32.625 0.0632209
2.5 37.125 0.0635804
2.5 39.375 0.0373722
2.5 41.625 0.0799782
2.5 43.875 0.0597952
2.7 1.125 0.0312981
2.7 5.625 0.0303004
2.7 7.875 0.0346165
2.7 12.375 0.0276464
2.7 14.625 0.0441296
2.7 16.875 0.0301628
2.7 19.125 0.0337651
2.7 21.375 0.0250599
2.7 23.625 0.0339737
2.7 25.875 0.0461293
2.7 28.125 0.0397443
2.7 30.375 0.0377107
2.7 32.625 0.0432765
2.7 37.125 0.0676318
2.7 39.375 0.0354915
2.7 41.625 0.043184
2.7 43.875 0.0492395
2.9 1.125 0.0282426
2.9 3.375 0.0226509
2.9 5.625 0.0321085
2.9 7.875 0.0217267
2.9 10.125 0.0210292
2.9 12.375 0.02505
2.9 14.625 0.0245047
2.9 16.875 0.0316325
2.9 19.125 0.0240456
2.9 21.375 0.0285325
2.9 23.625 0.0202416
2.9 25.875 0.0252295
2.9 28.125 0.0321929
2.9 30.375 0.0379845
2.9 32.625 0.0328794
2.9 34.875 0.0237213
2.9 37.125 0.033049
2.9 39.375 0.0215904
2.9 43.875 0.0304389
3.1 1.125 0.0227396
3.1 3.375 0.0227303
3.1 5.625 0.0211066
3.1 7.875 0.0213519
3.1 10.125 0.0150242
3.1 12.375 0.0194556
3.1 14.625 0.0236053
3.1 16.875 0.0195329
3.1 19.125 0.0265806
3.1 21.375 0.0164504
3.1 23.625 0.0256739
3.1 25.875 0.023003
3.1 28.125 0.0184236
3.1 30.375 0.0335858
3.1 32.625 0.0191101
3.1 34.875 0.0216073
3.1 37.125 0.0202267
3.1 39.375 0.0276528
3.1 41.625 0.0235373
3.1 43.875 0.0257669
3.3 1.125 0.0158366
3.3 3.375 0.0160111
3.3 7.875 0.0162702
3.3 10.125 0.0182678
3.3 12.375 0.0202663
3.3 14.625 0.0162959
3.3 16.875 0.0127717
3.3 19.125 0.0187173
3.3 21.375 0.0162444
3.3 23.625 0.0250739
3.3 25.875 0.0176867
3.3 28.125 0.0216531
3.3 30.375 0.0109834
3.3 32.625 0.0213517
3.3 34.875 0.0111864
3.3 37.125 0.0175374
3.3 39.375 0.0160715
3.3 41.625 0.0194646
3.5 1.125 0.0157998
3.5 3.375 0.012961
3.5 5.625 0.0164199
3.5 7.875 0.0172056
3.5 10.125 0.00961222
3.5 12.375 0.0146899
3.5 14.625 0.0148029
3.5 16.875 0.0154449
3.5 21.375 0.0132769
3.5 23.625 0.0208838
3.5 25.875 0.0127525
3.5 28.125 0.0205231
3.5 30.375 0.0143283
3.5 32.625 0.0181734
3.5 34.875 0.0128878
3.5 37.125 0.0175336
3.5 39.375 0.0136291
3.5 41.625 0.0169541
3.5 43.875 0.019118
3.7 1.125 0.0124158
3.7 3.375 0.016587
3.7 5.625 0.0107947
3.7 7.875 0.016987
3.7 10.125 0.0151787
3.7 12.375 0.0145113
3.7 14.625 0.01338
3.7 19.125 0.0122628
3.7 23.625 0.0119462
3.7 25.875 0.0199814
3.7 28.125 0.0145324
3.7 30.375 0.0211069
3.7 32.625 0.0128125
3.7 34.875 0.0121714
3.7 37.125 0.00637285
3.7 39.375 0.0121591
3.7 41.625 0.0133907
3.9 1.125 0.0106783
3.9 3.375 0.0079927
3.9 5.625 0.0131354
3.9 10.125 0.0120133
3.9 12.375 0.0110195
3.9 16.875 0.00943646
3.9 21.375 0.0103798
3.9 23.625 0.0113279
3.9 25.875 0.0188443
3.9 28.125 0.0152802
3.9 30.375 0.00962821
3.9 32.625 0.0198854
3.9 34.875 0.011994
3.9 37.125 0.0104253
3.9 39.375 0.00697367
3.9 41.625 0.0105155
3.9 43.875 0.0113699
4.1 1.125 0.0139037
4.1 3.375 0.0121867
4.1 5.625 0.0116436
4.1 7.875 0.00668438
4.1 10.125 0.00823438
4.1 12.375 0.00895829
4.1 14.625 0.0110754
4.1 16.875 0.00847729
4.1 21.375 0.0132561
4.1 23.625 0.0110989
4.1 25.875 0.00783615
4.1 28.125 0.0108168
4.1 30.375 0.0111597
4.1 32.625 0.0101803
4.1 34.875 0.00889148
4.1 37.125 0.0102813
4.1 39.375 0.0112278
4.1 41.625 0.0150033
4.1 43.875 0.0105781
4.3 1.125 0.0101071
4.3 5.625 0.00770468
4.3 7.875 0.00829304
4.3 10.125 0.00968154
4.3 12.375 0.0118375
4.3 14.625 0.0082668
4.3 16.875 0.00707603
4.3 19.125 0.0108098
4.3 21.375 0.00836581
4.3 23.625 0.0133245
4.3 25.875 0.0132405
4.3 28.125 0.00732835
4.3 30.375 0.0102149
4.3 32.625 0.00873192
4.3 34.875 0.0120117
4.3 41.625 0.0105094
4.3 43.875 0.00829492
4.5 1.125 0.0101581
4.5 3.375 0.0176531
4.5 5.625 0.0106216
4.5 7.875 0.00919908
4.5 10.125 0.00911433
4.5 14.625 0.0087695
4.5 16.875 0.00942832
4.5 19.125 0.0136602
4.5 21.375 0.0112381
4.5 23.625 0.0111402
4.5 25.875 0.00790332
4.5 28.125 0.00602508
4.5 32.625 0.0112756
4.5 34.875 0.00955767
4.5 37.125 0.00783057
4.5 39.375 0.00815069
4.5 41.625 0.00781026
4.5 43.875 0.00786241
4.7 3.375 0.0105831
4.7 5.625 0.00623644
4.7 7.875 0.0080711
4.7 10.125 0.00809654
4.7 12.375 0.00537609
4.7 14.625 0.00915304
4.7 16.875 0.0103228
4.7 23.625 0.00902058
4.7 25.875 0.00889735
4.7 28.125 0.0106986
4.7 30.375 0.00727022
4.7 32.625 0.00773937
4.7 37.125 0.00732517
4.7 39.375 0.0108967
4.7 41.625 0.00961888
4.7 43.875 0.00651028
4.9 3.375 0.00864418
4.9 5.625 0.00782179
4.9 7.875 0.00552752
4.9 10.125 0.00647709
4.9 12.375 0.00690551
4.9 14.625 0.00579084
4.9 19.125 0.00831231
4.9 21.375 0.00907746
4.9 23.625 0.00837287
4.9 25.875 0.00815858
4.9 28.125 0.00720711
4.9 30.375 0.0106322
4.9 32.625 0.0054717
4.9 34.875 0.00962575
4.9 37.125 0.00992301
4.9 39.375 0.00863779
4.9 41.625 0.00948637
4.9 43.875 0.00820518
5.1 3.375 0.00968648
5.1 7.875 0.0106497
5.1 10.125 0.00513645
5.1 12.375 0.00482623
5.1 14.625 0.00508854
5.1 16.875 0.00801012
5.1 19.125 0.00976144
5.1 21.375 0.00815525
5.1 23.625 0.00688744
5.1 25.875 0.00727448
5.1 28.125 0.00645895
5.1 30.375 0.00674454
5.1 34.875 0.00549338
5.1 37.125 0.00551707
5.1 39.375 0.0115732
5.3 1.125 0.00502174
5.3 3.375 0.00759081
5.3 5.625 0.00579697
5.3 7.875 0.00714991
5.3 12.375 0.00530327
5.3 14.625 0.00833013
5.3 16.875 0.00614259
5.3 19.125 0.00836592
5.3 23.625 0.0113984
5.3 28.125 0.00661155
5.3 30.375 0.00851172
5.3 32.625 0.00814512
5.3 34.875 0.00509831
5.3 37.125 0.00769274
5.3 39.375 0.00621508
5.3 41.625 0.00575098
5.5 1.125 0.00497297
5.5 3.375 0.0087475
5.5 5.625 0.00705846
5.5 7.875 0.00785518
5.5 10.125 0.00613248
5.5 12.375 0.00697869
5.5 14.625 0.00786208
5.5 32.625 0.00649477
5.5 34.875 0.00518046
5.5 39.375 0.00811673
5.5 41.625 0.00557677
5.7 1.125 0.00628317
5.7 5.625 0.0056207
5.7 10.125 0.00510675
5.7 16.875 0.00846146
5.7 21.375 0.0045158
5.7 23.625 0.00592836
5.7 25.875 0.0062786
5.7 30.375 0.00574536
5.7 34.875 0.00631538
5.7 37.125 0.00513606
5.7 39.375 0.00696823
5.9 7.875 0.00700699
5.9 19.125 0.00688404
5.9 21.375 0.00482903
5.9 23.625 0.00838458
5.9 28.125 0.00613263
5.9 32.625 0.00609514
5.9 37.125 0.00736712
5.9 43.875 0.00543283
6.1 3.375 0.0043531
6.1 5.625 0.00379915
6.1 14.625 0.00941808
6.1 25.875 0.00879292
6.1 30.375 0.0053213
6.1 37.125 0.00880558
6.1 41.625 0.00618382
6.1 43.875 0.00565264
6.3 7.875 0.00460759
6.3 23.625 0.00506087
6.3 28.125 0.00426381
6.3 30.375 0.00557712
6.3 43.875 0.00544969
6.5 1.125 0.00592218
6.5 7.875 0.00529455
6.5 21.375 0.00729762
6.5 25.875 0.00535724
6.5 41.625 0.00451493
6.5 43.875 0.00465394
6.7 21.375 0.00404356
6.7 39.375 0.0040432
6.9 16.875 0.00505404
6.9 21.375 0.00436231
6.9 37.125 0.00390427
7.1 3.375 0.0055068
7.1 16.875 0.00417505
7.1 21.375 0.00501834
7.1 23.625 0.00744421
7.3 3.375 0.00488291
7.3 19.125 0.00620655
7.5 21.375 0.0046829
7.5 41.625 0.00658093
7.7 12.375 0.00598368
7.9 14.625 0.0042277
8.3 28.125 0.00510132
8.3 32.625 0.00471701
