0.1 1.125 1.43546
0.1 3.375 2.57833
0.1 5.625 2.54681
0.1 7.875 2.36908
0.1 10.125 2.02789
0.1 12.375 1.9134
0.1 14.625 2.45144
0.1 16.875 1.571
0.1 19.125 2.04913
0.1 21.375 1.64845
0.1 23.625 1.18101
0.1 25.875 1.57699
0.1 28.125 1.97744
0.1 30.375 2.19189
0.1 34.875 2.36188
0.1 37.125 2.57757
0.1 41.625 2.85854
0.1 43.875 2.34127
0.3 1.125 2.40057
0.3 3.375 2.59212
0.3 5.625 2.36151
0.3 7.875 2.72949
0.3 10.125 2.88764
0.3 12.375 2.76639
0.3 14.625 2.88893
0.3 16.875 2.85177
0.3 19.125 2.8851
0.3 21.375 2.60529
0.3 23.625 2.88559
0.3 25.875 2.88977
0.3 28.125 2.68023
0.3 30.375 2.88853
0.3 32.625 2.77158
0.3 34.875 2.76792
0.3 37.125 2.76177
0.3 39.375 2.83866
0.3 41.625 2.86453
0.3 43.875 2.75986
0.5 1.125 2.74585
0.5 3.375 2.40959
0.5 5.625 2.72966
0.5 7.875 2.82124
0.5 10.125 2.78345
0.5 12.375 2.8037
0.5 14.625 2.82924
0.5 16.875 2.81477
0.5 19.125 2.83175
0.5 21.375 2.82536
0.5 23.625 2.77839
0.5 25.875 2.7767
0.5 28.125 2.81157
0.5 30.375 2.69561
0.5 32.625 2.81721
0.5 34.875 2.78457
0.5 37.125 2.8317
0.5 39.375 2.71894
0.5 41.625 2.78387
0.5 43.875 2.72358
0.7 1.125 2.58353
0.7 3.375 2.53103
0.7 5.625 2.6944
0.7 7.875 2.70628
0.7 10.125 2.69312
0.7 12.375 2.70776
0.7 14.625 2.68972
0.7 16.875 2.69018
0.7 19.125 2.67036
0.7 21.375 2.69379
0.7 23.625 2.63207
0.7 25.875 2.66291
0.7 28.125 2.70263
0.7 30.375 2.68282
0.7 32.625 2.65801
0.7 34.875 2.68642
0.7 37.125 2.7189
0.7 39.375 2.66967
0.7 41.625 2.65575
0.7 43.875 2.56681
0.9 1.125 2.27589
0.9 3.375 2.33107
0.9 5.625 2.4182
0.9 7.875 2.43538
0.9 10.125 2.43834
0.9 12.375 2.4232
0.9 14.625 2.39275
0.9 16.875 2.42372
0.9 19.125 2.48976
0.9 21.375 2.41184
0.9 23.625 2.51149
0.9 25.875 2.50645
0.9 28.125 2.46278
0.9 30.375 2.53265
0.9 32.625 2.57248
0.9 34.875 2.52329
0.9 37.125 2.53571
0.9 39.375 2.53431
0.9 41.625 2.53705
0.9 43.875 2.51296
1.1 1.125 1.88036
1.1 3.375 1.90796
1.1 5.625 1.9907
1.1 7.875 1.9072
1.1 10.125 1.93078
1.1 12.375 1.99562
1.1 14.625 1.99003
1.1 16.875 2.04484
1.1 19.125 2.04786
1.1 21.375 2.09505
1.1 23.625 2.12736
1.1 25.875 2.17077
1.1 28.125 2.16058
1.1 30.375 2.27822
1.1 32.625 2.29602
1.1 34.875 2.28977
1.1 37.125 2.36963
1.1 39.375 2.35489
1.1 41.625 2.38177
1.1 43.875 2.34343
1.3 1.125 1.15241
1.3 3.375 1.19815
1.3 5.625 1.20601
1.3 7.875 1.2161
1.3 10.125 1.23535
1.3 12.375 1.29431
1.3 14.625 1.2675
1.3 16.875 1.36994
1.3 19.125 1.38355
1.3 21.375 1.44246
1.3 23.625 1.52093
1.3 25.875 1.60993
1.3 28.125 1.63886
1.3 30.375 1.77558
1.3 32.625 1.81416
1.3 34.875 1.86668
1.3 37.125 1.87297
1.3 39.375 1.96993
1.3 41.625 1.97822
1.3 43.875 1.96616
1.5 1.125 0.636236
1.5 3.375 0.623671
1.5 5.625 0.657668
1.5 7.875 0.6688
1.5 10.125 0.675739
1.5 12.375 0.668789
1.5 14.625 0.72864
1.5 16.875 0.734907
1.5 19.125 0.744414
1.5 21.375 0.835266
1.5 23.625 0.857008
1.5 25.875 0.945508
1.5 28.125 0.948891
1.5 30.375 1.01385
1.5 32.625 1.10214
1.5 34.875 1.20225
1.5 37.125 1.29371
1.5 39.375 1.35933
1.5 41.625 1.45861
1.5 43.875 1.5056
1.7 1.125 0.336845
1.7 3.375 0.35424
1.7 5.625 0.378846
1.7 7.875 0.375069
1.7 10.125 0.379228
1.7 12.375 0.392271
1.7 14.625 0.440212
1.7 16.875 0.396385
1.7 19.125 0.416336
1.7 21.375 0.420552
1.7 23.625 0.452125
1.7 25.875 0.483992
1.7 28.125 0.520553
1.7 30.375 0.532674
1.7 32.625 0.548294
1.7 34.875 0.627888
1.7 37.125 0.697649
1.7 39.375 0.803662
1.7 41.625 0.760767
1.7 43.875 0.8113
1.9 1.125 0.198505
1.9 3.375 0.207184
1.9 5.625 0.214487
1.9 7.875 0.227429
1.9 10.125 0.235859
1.9 12.375 0.242658
1.9 14.625 0.243459
1.9 16.875 0.256606
1.9 19.125 0.26519
1.9 21.375 0.261174
1.9 23.625 0.256078
1.9 25.875 0.275978
1.9 28.125 0.288138
1.9 30.375 0.313122
1.9 32.625 0.318082
1.9 34.875 0.336165
1.9 37.125 0.378289
1.9 39.375 0.428382
1.9 41.625 0.465747
1.9 43.875 0.49732
2.1 1.125 0.13245
2.1 3.375 0.142339
2.1 5.625 0.136572
2.1 7.875 0.139947
2.1 10.125 0.152889
2.1 12.375 0.154779
2.1 14.625 0.155875
2.1 16.875 0.16549
2.1 19.125 0.163195
2.1 21.375 0.164073
2.1 23.625 0.166435
2.1 25.875 0.170075
2.1 28.125 0.180938
2.1 30.375 0.193915
2.1 32.625 0.200785
2.1 34.875 0.237404
2.1 37.125 0.24099
2.1 39.375 0.251487
2.1 41.625 0.277979
2.1 43.875 0.269274
2.3 1.125 0.0921131
2.3 3.375 0.0946151
2.3 5.625 0.0983407
2.3 7.875 0.10321
2.3 10.125 0.102833
2.3 12.375 0.103985
2.3 14.625 0.108573
2.3 16.875 0.111708
2.3 19.125 0.117449
2.3 21.375 0.111213
2.3 23.625 0.114854
2.3 25.875 0.117775
2.3 28.125 0.126506
2.3 30.375 0.134607
2.3 32.625 0.145027
2.3 34.875 0.159358
2.3 37.125 0.16128
2.3 39.375 0.162485
2.3 41.625 0.163394
2.3 43.875 0.16496
2.5 1.125 0.0654836
2.5 3.375 0.0742683
2.5 5.625 0.071788
2.5 7.875 0.0728497
2.5 10.125 0.0713032
2.5 12.375 0.0706738
2.5 14.625 0.0725275
2.5 16.875 0.0705209
2.5 19.125 0.0737838
2.5 21.375 0.0778019
2.5 23.625 0.0807402
2.5 25.875 0.0849396
2.5 28.125 0.0926445
2.5 30.375 0.100521
2.5 32.625 0.103502
2.5 34.875 0.10867
2.5 37.125 0.111278
2.5 39.375 0.111922
2.5 41.625 0.121976
2.5 43.875 0.108813
2.7 1.125 0.0591629
2.7 3.375 0.0544373
2.7 5.625 0.0557747
2.7 7.875 0.0550285
2.7 10.125 0.0532172
2.7 12.375 0.0561705
2.7 14.625 0.0547852
2.7 16.875 0.0538651
2.7 19.125 0.0546369
2.7 21.375 0.0602822
2.7 23.625 0.0578296
2.7 25.875 0.0640461
2.7 28.125 0.0685516
2.7 30.375 0.0702026
2.7 32.625 0.0723053
2.7 34.875 0.0727361
2.7 37.125 0.0754431
2.7 39.375 0.0726072
2.7 41.625 0.072777
2.7 43.875 0.073195
2.9 1.125 0.0441081
2.9 3.375 0.0415877
2.9 5.625 0.0443427
2.9 7.875 0.0410836
2.9 10.125 0.0431651
2.9 12.375 0.0426786
2.9 14.625 0.04355
2.9 16.875 0.0431683
2.9 19.125 0.0443177
2.9 21.375 0.048418
2.9 23.625 0.0468992
2.9 25.875 0.0511307
2.9 28.125 0.0521913
2.9 30.375 0.0521353
2.9 32.625 0.0507355
2.9 34.875 0.0525272
2.9 37.125 0.0519451
2.9 39.375 0.0523536
2.9 41.625 0.0516443
2.9 43.875 0.0499908
3.1 1.125 0.0351466
3.1 3.375 0.0338668
3.1 5.625 0.0350204
3.1 7.875 0.033663
3.1 10.125 0.0345039
3.1 12.375 0.0346552
3.1 14.625 0.0344386
3.1 16.875 0.0330546
3.1 19.125 0.0363467
3.1 21.375 0.037058
3.1 23.625 0.0394757
3.1 25.875 0.0409094
3.1 28.125 0.0414919
3.1 30.375 0.0409593
3.1 32.625 0.042873
3.1 34.875 0.040791
3.1 37.125 0.0402126
3.1 39.375 0.0401362
3.1 41.625 0.0401038
3.1 43.875 0.0393013
3.3 1.125 0.0285651
3.3 3.375 0.0292062
3.3 5.625 0.0270477
3.3 7.875 0.0280929
3.3 10.125 0.0294124
3.3 12.375 0.0272529
3.3 14.625 0.0271159
3.3 16.875 0.02689
3.3 19.125 0.0296713
3.3 21.375 0.0284029
3.3 23.625 0.0318557
3.3 25.875 0.0330846
3.3 28.125 0.0339688
3.3 30.375 0.0349494
3.3 32.625 0.0362395
3.3 34.875 0.034748
3.3 37.125 0.0345026
3.3 39.375 0.0330446
3.3 41.625 0.0326479
3.3 43.875 0.0318139
3.5 1.125 0.0229293
3.5 3.375 0.022352
3.5 5.625 0.0243585
3.5 7.875 0.0228222
3.5 10.125 0.022103
3.5 12.375 0.0216014
3.5 14.625 0.0222564
3.5 16.875 0.0223684
3.5 19.125 0.0239355
3.5 21.375 0.0239282
3.5 23.625 0.0266923
3.5 25.875 0.0330068
3.5 28.125 0.029109
3.5 30.375 0.0264266
3.5 32.625 0.0277405
3.5 34.875 0.027233
3.5 37.125 0.0283687
3.5 39.375 0.0274599
3.5 41.625 0.0263923
3.5 43.875 0.0257237
3.7 1.125 0.0206193
3.7 3.375 0.0206307
3.7 5.625 0.0194909
3.7 7.875 0.0196736
3.7 10.125 0.0192277
3.7 12.375 0.0202434
3.7 14.625 0.0176348
3.7 16.875 0.019649
3.7 19.125 0.0221595
3.7 21.375 0.0218291
3.7 23.625 0.022176
3.7 25.875 0.0213905
3.7 28.125 0.0227954
3.7 30.375 0.0240521
3.7 32.625 0.021607
3.7 34.875 0.0224576
3.7 37.125 0.0227112
3.7 39.375 0.0235233
3.7 41.625 0.0221517
3.7 43.875 0.0230742
3.9 1.125 0.0188481
3.9 3.375 0.018932
3.9 5.625 0.0169043
3.9 7.875 0.017649
3.9 10.125 0.0158816
3.9 12.375 0.016877
3.9 14.625 0.0177857
3.9 16.875 0.0174688
3.9 19.125 0.0176364
3.9 21.375 0.0210559
3.9 23.625 0.0187772
3.9 25.875 0.0183139
3.9 28.125 0.017974
3.9 30.375 0.0186012
3.9 32.625 0.0185161
3.9 34.875 0.0189372
3.9 37.125 0.0198998
3.9 39.375 0.0183477
3.9 41.625 0.0190135
3.9 43.875 0.0188302
4.1 1.125 0.0151509
4.1 3.375 0.014169
4.1 5.625 0.0152083
4.1 7.875 0.0151662
4.1 10.125 0.0157296
4.1 12.375 0.0149462
4.1 14.625 0.0201122
4.1 16.875 0.0172583
4.1 19.125 0.0170512
4.1 21.375 0.0169292
4.1 23.625 0.0170878
4.1 25.875 0.0162603
4.1 28.125 0.0146236
4.1 30.375 0.015697
4.1 32.625 0.0149928
4.1 34.875 0.0158413
4.1 37.125 0.0142346
4.1 39.375 0.0151221
4.1 41.625 0.014255
4.1 43.875 0.0161044
4.3 1.125 0.0127508
4.3 3.375 0.0141562
4.3 5.625 0.0130137
4.3 7.875 0.0136947
4.3 10.125 0.0134069
4.3 12.375 0.0126611
4.3 14.625 0.0170658
4.3 16.875 0.013829
4.3 19.125 0.0151385
4.3 21.375 0.014349
4.3 23.625 0.0145942
4.3 25.875 0.0148944
4.3 28.125 0.0144654
4.3 30.375 0.0141834
4.3 32.625 0.0130973
4.3 34.875 0.0134446
4.3 37.125 0.0129278
4.3 39.375 0.0129372
4.3 41.625 0.0128124
4.3 43.875 0.0122726
4.5 1.125 0.0137969
4.5 3.375 0.010733
4.5 5.625 0.0112615
4.5 7.875 0.0111272
4.5 10.125 0.0114194
4.5 12.375 0.0110635
4.5 14.625 0.0175186
4.5 16.875 0.0117953
4.5 19.125 0.0121801
4.5 21.375 0.012707
4.5 23.625 0.0123098
4.5 25.875 0.0132342
4.5 28.125 0.0116895
4.5 30.375 0.0118939
4.5 32.625 0.0127083
4.5 34.875 0.0111002
4.5 37.125 0.0109682
4.5 39.375 0.0113348
4.5 41.625 0.0114218
4.5 43.875 0.0106031
4.7 1.125 0.00968293
4.7 3.375 0.00934381
4.7 5.625 0.00901872
4.7 7.875 0.00925408
4.7 10.125 0.00963965
4.7 12.375 0.00970309
4.7 14.625 0.00984008
4.7 16.875 0.0104368
4.7 19.125 0.0110551
4.7 21.375 0.0109052
4.7 23.625 0.0160089
4.7 25.875 0.0105269
4.7 28.125 0.0104838
4.7 30.375 0.010423
4.7 32.625 0.0104022
4.7 34.875 0.0103337
4.7 37.125 0.00934691
4.7 39.375 0.0092898
4.7 41.625 0.008803
4.7 43.875 0.00901756
4.9 1.125 0.00917524
4.9 3.375 0.00776009
4.9 5.625 0.00883134
4.9 7.875 0.00794669
4.9 10.125 0.00827862
4.9 12.375 0.00746852
4.9 14.625 0.00851175
4.9 16.875 0.00934489
4.9 19.125 0.00920108
4.9 21.375 0.00886053
4.9 23.625 0.00961907
4.9 25.875 0.00870433
4.9 28.125 0.00948184
4.9 30.375 0.00912156
4.9 32.625 0.00919746
4.9 34.875 0.00880425
4.9 37.125 0.00984697
4.9 39.375 0.00833854
4.9 41.625 0.00822047
4.9 43.875 0.00776132
5.1 1.125 0.00851944
5.1 3.375 0.00726
5.1 5.625 0.00689328
5.1 7.875 0.00735184
5.1 10.125 0.00744147
5.1 12.375 0.00798807
5.1 14.625 0.0135889
5.1 16.875 0.00821251
5.1 19.125 0.0082581
5.1 21.375 0.00796384
5.1 23.625 0.00851442
5.1 25.875 0.00749829
5.1 28.125 0.0128312
5.1 30.375 0.00845885
5.1 32.625 0.00802898
5.1 34.875 0.00791093
5.1 37.125 0.0135289
5.1 39.375 0.00731179
5.1 41.625 0.00713365
5.1 43.875 0.00646636
5.3 1.125 0.00602124
5.3 3.375 0.00639994
5.3 5.625 0.00656793
5.3 7.875 0.00658074
5.3 10.125 0.00636086
5.3 12.375 0.00674526
5.3 14.625 0.00648264
5.3 16.875 0.00680457
5.3 19.125 0.00696753
5.3 21.375 0.00658694
5.3 23.625 0.0116978
5.3 25.875 0.00712588
5.3 28.125 0.00731693
5.3 30.375 0.00691149
5.3 32.625 0.00673423
5.3 34.875 0.0071978
5.3 37.125 0.0114177
5.3 39.375 0.00728566
5.3 41.625 0.00761331
5.3 43.875 0.00614963
5.5 1.125 0.00555186
5.5 3.375 0.00549199
5.5 5.625 0.00525404
5.5 7.875 0.00572294
5.5 10.125 0.00564889
5.5 12.375 0.00617209
5.5 14.625 0.00585919
5.5 16.875 0.00643852
5.5 19.125 0.00618704
5.5 21.375 0.00602923
5.5 23.625 0.0172653
5.5 25.875 0.00686386
5.5 28.125 0.00632424
5.5 30.375 0.0066948
5.5 32.625 0.00619067
5.5 34.875 0.00641709
5.5 37.125 0.00612685
5.5 39.375 0.00627942
5.5 41.625 0.00621579
5.5 43.875 0.0147429
5.7 1.125 0.00494481
5.7 3.375 0.00517003
5.7 5.625 0.00461475
5.7 7.875 0.00522485
5.7 10.125 0.0053893
5.7 12.375 0.00524226
5.7 14.625 0.00577463
5.7 16.875 0.00565424
5.7 19.125 0.010257
5.7 21.375 0.00569968
5.7 23.625 0.00606088
5.7 25.875 0.00610034
5.7 28.125 0.00566114
5.7 30.375 0.00645562
5.7 32.625 0.00576894
5.7 34.875 0.00579935
5.7 37.125 0.00542873
5.7 39.375 0.00646407
5.7 41.625 0.00587036
5.7 43.875 0.00582523
5.9 1.125 0.00474092
5.9 3.375 0.00499617
5.9 5.625 0.00484427
5.9 7.875 0.00467951
5.9 10.125 0.011984
5.9 12.375 0.00489606
5.9 14.625 0.00501178
5.9 16.875 0.00495579
5.9 19.125 0.00515839
5.9 21.375 0.00511981
5.9 23.625 0.00552856
5.9 25.875 0.00484636
5.9 28.125 0.00527863
5.9 30.375 0.00531506
5.9 32.625 0.00475923
5.9 34.875 0.00483341
5.9 37.125 0.00483762
5.9 39.375 0.00503299
5.9 41.625 0.00539718
5.9 43.875 0.00549338
6.1 1.125 0.00455708
6.1 3.375 0.004441
6.1 5.625 0.0045291
6.1 7.875 0.00422356
6.1 10.125 0.00399765
6.1 12.375 0.00430588
6.1 14.625 0.00477196
6.1 16.875 0.00498562
6.1 19.125 0.00465722
6.1 21.375 0.00479335
6.1 23.625 0.00468684
6.1 25.875 0.00452191
6.1 28.125 0.00470719
6.1 30.375 0.00501578
6.1 32.625 0.00447566
6.1 34.875 0.00417021
6.1 37.125 0.00470186
6.1 39.375 0.005038
6.1 41.625 0.00482289
6.1 43.875 0.00487578
6.3 1.125 0.00442749
6.3 3.375 0.00453884
6.3 5.625 0.00438332
6.3 7.875 0.00399643
6.3 10.125 0.00435688
6.3 12.375 0.00425353
6.3 14.625 0.0045109
6.3 16.875 0.00414089
6.3 19.125 0.00411061
6.3 21.375 0.00418463
6.3 23.625 0.00450782
6.3 25.875 0.00402447
6.3 28.125 0.00420109
6.3 30.375 0.00438852
6.3 32.625 0.00429761
6.3 34.875 0.00384454
6.3 37.125 0.0044617
6.3 39.375 0.00427455
6.3 41.625 0.00427824
6.3 43.875 0.00462651
6.5 1.125 0.00417898
6.5 3.375 0.00376202
6.5 5.625 0.00391514
6.5 7.875 0.00402881
6.5 10.125 0.00680926
6.5 12.375 0.00430212
6.5 14.625 0.00451148
6.5 16.875 0.00468473
6.5 19.125 0.00394921
6.5 21.375 0.00418726
6.5 23.625 0.00401228
6.5 25.875 0.0038198
6.5 28.125 0.00427528
6.5 30.375 0.00375266
6.5 32.625 0.0114226
6.5 34.875 0.00764064
6.5 37.125 0.00414167
6.5 39.375 0.00418291
6.5 41.625 0.00428702
6.5 43.875 0.00406905
6.7 1.125 0.00390663
6.7 3.375 0.00370844
6.7 5.625 0.0104592
6.7 7.875 0.00375971
6.7 10.125 0.00830676
6.7 12.375 0.00403952
6.7 14.625 0.00405675
6.7 16.875 0.0036821
6.7 19.125 0.00413487
6.7 21.375 0.00391612
6.7 23.625 0.00398518
6.7 25.875 0.00361719
6.7 28.125 0.00357356
6.7 30.375 0.00428315
6.7 32.625 0.00337956
6.7 34.875 0.00422313
6.7 37.125 0.0039493
6.7 39.375 0.0038799
6.7 41.625 0.00569563
6.7 43.875 0.00374174
6.9 1.125 0.00353261
6.9 3.375 0.00359673
6.9 5.625 0.0030994
6.9 7.875 0.00368378
6.9 10.125 0.00417646
6.9 12.375 0.00401881
6.9 14.625 0.00410193
6.9 16.875 0.00376467
6.9 19.125 0.00664792
6.9 21.375 0.00374922
6.9 23.625 0.00368152
6.9 25.875 0.00991526
6.9 28.125 0.00340512
6.9 30.375 0.00292684
6.9 32.625 0.00348147
6.9 34.875 0.00754934
6.9 37.125 0.00434038
6.9 39.375 0.00361878
6.9 41.625 0.00330748
6.9 43.875 0.00473555
7.1 1.125 0.0108359
7.1 3.375 0.00340456
7.1 5.625 0.00330703
7.1 7.875 0.00337464
7.1 10.125 0.00341029
7.1 12.375 0.00353774
7.1 14.625 0.00349101
7.1 16.875 0.00364412
7.1 19.125 0.00372385
7.1 21.375 0.00348088
7.1 23.625 0.00341191
7.1 25.875 0.0099393
7.1 28.125 0.00314419
7.1 30.375 0.00328863
7.1 32.625 0.0034211
7.1 34.875 0.00385506
7.1 37.125 0.00352673
7.1 39.375 0.00365789
7.1 41.625 0.00329274
7.1 43.875 0.00355307
7.3 1.125 0.00827655
7.3 3.375 0.00376746
7.3 5.625 0.00428867
7.3 7.875 0.00914645
7.3 10.125 0.00332699
7.3 12.375 0.00355942
7.3 14.625 0.00359418
7.3 16.875 0.00309132
7.3 19.125 0.0034738
7.3 21.375 0.00341654
7.3 23.625 0.00329902
7.3 25.875 0.00386157
7.3 28.125 0.00516252
7.3 30.375 0.00313303
7.3 32.625 0.00317764
7.3 34.875 0.00355832
7.3 37.125 0.00313611
7.3 39.375 0.00330507
7.3 41.625 0.00340602
7.3 43.875 0.00314899
7.5 1.125 0.0160546
7.5 3.375 0.00304866
7.5 5.625 0.00310611
7.5 7.875 0.00316852
7.5 10.125 0.00323723
7.5 12.375 0.00440227
7.5 14.625 0.00475568
7.5 16.875 0.00905265
7.5 19.125 0.00351851
7.5 21.375 0.00302213
7.5 23.625 0.00341954
7.5 25.875 0.00316069
7.5 28.125 0.00363562
7.5 30.375 0.00368242
7.5 32.625 0.00372658
7.5 34.875 0.00333892
7.5 37.125 0.00320733
7.5 39.375 0.00336096
7.5 41.625 0.00306898
7.5 43.875 0.00301979
7.7 1.125 0.00267869
7.7 3.375 0.00330378
7.7 5.625 0.00407975
7.7 7.875 0.00295438
7.7 10.125 0.00304925
7.7 12.375 0.00954565
7.7 14.625 0.00320529
7.7 16.875 0.00393782
7.7 19.125 0.0128357
7.7 21.375 0.00799273
7.7 23.625 0.00299268
7.7 25.875 0.00302572
7.7 28.125 0.00333117
7.7 30.375 0.00302524
7.7 32.625 0.00334906
7.7 34.875 0.00296516
7.7 37.125 0.00302608
7.7 39.375 0.00289566
7.7 41.625 0.00282352
7.7 43.875 0.00285324
7.9 1.125 0.00301422
7.9 3.375 0.00264718
7.9 5.625 0.00262863
7.9 7.875 0.00318786
7.9 10.125 0.00677923
7.9 12.375 0.00272636
7.9 14.625 0.00291177
7.9 16.875 0.00493361
7.9 19.125 0.00321658
7.9 21.375 0.00889534
7.9 23.625 0.00983462
7.9 25.875 0.00368797
7.9 28.125 0.00287475
7.9 30.375 0.00307456
7.9 32.625 0.00309505
7.9 34.875 0.00292625
7.9 37.125 0.00294289
7.9 39.375 0.00285962
7.9 41.625 0.0030892
7.9 43.875 0.00288887
8.1 1.125 0.0167986
8.1 3.375 0.00266948
8.1 5.625 0.0030042
8.1 7.875 0.00288559
8.1 10.125 0.00333418
8.1 12.375 0.00272631
8.1 14.625 0.00342876
8.1 16.875 0.00307013
8.1 19.125 0.0109098
8.1 21.375 0.00300139
8.1 23.625 0.00291106
8.1 25.875 0.00288049
8.1 28.125 0.00302829
8.1 30.375 0.00293645
8.1 32.625 0.00284805
8.1 34.875 0.00294171
8.1 37.125 0.00283294
8.1 39.375 0.00300239
8.1 41.625 0.0028358
8.1 43.875 0.00307623
8.3 1.125 0.00274741
8.3 3.375 0.00479811
8.3 5.625 0.00257504
8.3 7.875 0.00451776
8.3 10.125 0.00307136
8.3 12.375 0.00259958
8.3 14.625 0.00952234
8.3 16.875 0.00261255
8.3 19.125 0.00279546
8.3 21.375 0.00277969
8.3 23.625 0.00299915
8.3 25.875 0.0028403
8.3 28.125 0.00254209
8.3 30.375 0.00289675
8.3 32.625 0.0027787
8.3 34.875 0.00252644
8.3 37.125 0.00283903
8.3 39.375 0.00260772
8.3 41.625 0.00384307
8.3 43.875 0.00262597
8.5 1.125 0.00247127
8.5 3.375 0.00262802
8.5 5.625 0.00288178
8.5 7.875 0.00242426
8.5 10.125 0.00274567
8.5 12.375 0.00292837
8.5 14.625 0.00268817
8.5 16.875 0.00362909
8.5 19.125 0.00276803
8.5 21.375 0.00276948
8.5 23.625 0.00261226
8.5 25.875 0.0063657
8.5 28.125 0.0032339
8.5 30.375 0.00852696
8.5 32.625 0.00278756
8.5 34.875 0.0027587
8.5 37.125 0.00267377
8.5 39.375 0.00247684
8.5 41.625 0.00331667
8.5 43.875 0.00238039
8.7 1.125 0.00256602
8.7 3.375 0.00278979
8.7 5.625 0.00247131
8.7 7.875 0.00253109
8.7 10.125 0.00297367
8.7 12.375 0.0028813
8.7 14.625 0.00274785
8.7 16.875 0.0025775
8.7 19.125 0.0107271
8.7 21.375 0.00264857
8.7 23.625 0.00375979
8.7 25.875 0.00256348
8.7 28.125 0.00254945
8.7 30.375 0.00379845
8.7 32.625 0.00301907
8.7 34.875 0.00290945
8.7 37.125 0.0027376
8.7 39.375 0.00362267
8.7 41.625 0.00738986
8.7 43.875 0.00258312
8.9 1.125 0.00232878
8.9 3.375 0.00301505
8.9 5.625 0.00260984
8.9 7.875 0.00262642
8.9 10.125 0.00269922
8.9 12.375 0.00270344
8.9 14.625 0.00262245
8.9 16.875 0.00269724
8.9 19.125 0.00252843
8.9 21.375 0.00231562
8.9 23.625 0.00961666
8.9 25.875 0.00237857
8.9 28.125 0.00251305
8.9 30.375 0.00254731
8.9 32.625 0.0116708
8.9 34.875 0.00330737
8.9 37.125 0.00278725
8.9 39.375 0.00252173
8.9 41.625 0.00272511
8.9 43.875 0.00252815
9.1 1.125 0.00269487
9.1 3.375 0.00294872
9.1 5.625 0.00283241
9.1 7.875 0.00257395
9.1 10.125 0.00250248
9.1 12.375 0.00272695
9.1 14.625 0.0025481
9.1 16.875 0.00261128
9.1 19.125 0.00471206
9.1 21.375 0.00230747
9.1 23.625 0.00225915
9.1 25.875 0.00294246
9.1 28.125 0.00266311
9.1 30.375 0.00267971
9.1 32.625 0.00295898
9.1 34.875 0.00277309
9.1 37.125 0.00252163
9.1 39.375 0.00239713
9.1 41.625 0.00260245
9.1 43.875 0.00272246
9.3 1.125 0.00245693
9.3 3.375 0.00222182
9.3 5.625 0.00312909
9.3 7.875 0.00366625
9.3 10.125 0.0133852
9.3 12.375 0.00272134
9.3 14.625 0.00293521
9.3 16.875 0.00291201
9.3 19.125 0.00264773
9.3 21.375 0.00232423
9.3 23.625 0.00248399
9.3 25.875 0.00659069
9.3 28.125 0.0025704
9.3 30.375 0.00259632
9.3 32.625 0.00250859
9.3 34.875 0.00347169
9.3 37.125 0.00236574
9.3 39.375 0.00247577
9.3 41.625 0.00248896
9.3 43.875 0.00266368
9.5 1.125 0.00268952
9.5 3.375 0.00289092
9.5 5.625 0.00250153
9.5 7.875 0.00271145
9.5 10.125 0.00236032
9.5 12.375 0.00269031
9.5 14.625 0.00235028
9.5 16.875 0.00374917
9.5 19.125 0.00358212
9.5 21.375 0.00260459
9.5 23.625 0.0027729
9.5 25.875 0.0028453
9.5 28.125 0.00246871
9.5 30.375 0.00248704
9.5 32.625 0.00254391
9.5 34.875 0.00257428
9.5 37.125 0.00236892
9.5 39.375 0.00250801
9.5 41.625 0.00242009
9.5 43.875 0.00245421
9.7 1.125 0.00307099
9.7 3.375 0.00272049
9.7 5.625 0.00355835
9.7 7.875 0.00554153
9.7 10.125 0.00245252
9.7 12.375 0.00547834
9.7 14.625 0.00261545
9.7 16.875 0.0028813
9.7 19.125 0.00244535
9.7 21.375 0.00280188
9.7 23.625 0.00239381
9.7 25.875 0.00426032
9.7 28.125 0.00239761
9.7 30.375 0.00244873
9.7 32.625 0.00236334
9.7 34.875 0.00236455
9.7 37.125 0.00247297
9.7 39.375 0.00220256
9.7 41.625 0.00211816
9.7 43.875 0.00235634
9.9 1.125 0.00468008
9.9 3.375 0.0025815
9.9 5.625 0.00270617
9.9 7.875 0.00286557
9.9 10.125 0.00405799
9.9 12.375 0.00272564
9.9 14.625 0.00273132
9.9 16.875 0.00235137
9.9 19.125 0.00260835
9.9 21.375 0.00259562
9.9 23.625 0.00240653
9.9 25.875 0.00236455
9.9 28.125 0.00247797
9.9 30.375 0.0028246
9.9 32.625 0.00252672
9.9 34.875 0.00235663
9.9 37.125 0.00218643
9.9 39.375 0.00317478
9.9 41.625 0.00230077
9.9 43.875 0.00252416
10.1 1.125 0.00317198
10.1 3.375 0.00247791
10.1 5.625 0.00348927
10.1 7.875 0.00291193
10.1 10.125 0.00254884
10.1 12.375 0.00279066
10.1 14.625 0.0101945
10.1 16.875 0.00653638
10.1 19.125 0.00238672
10.1 21.375 0.00230496
10.1 23.625 0.00404294
10.1 25.875 0.00240955
10.1 28.125 0.00240399
10.1 30.375 0.00228394
10.1 32.625 0.00237626
10.1 34.875 0.0019698
10.1 37.125 0.0036836
10.1 39.375 0.0020755
10.1 41.625 0.00259764
10.1 43.875 0.00246113
10.3 1.125 0.00272778
10.3 3.375 0.00224284
10.3 5.625 0.00241224
10.3 7.875 0.00641023
10.3 10.125 0.00235892
10.3 12.375 0.00248169
10.3 14.625 0.00310168
10.3 16.875 0.00310021
10.3 19.125 0.00239273
10.3 21.375 0.00246087
10.3 23.625 0.00195004
10.3 25.875 0.00278773
10.3 28.125 0.00221812
10.3 30.375 0.00256468
10.3 32.625 0.00317567
10.3 34.875 0.00228952
10.3 37.125 0.00287491
10.3 39.375 0.00249872
10.3 41.625 0.0022724
10.3 43.875 0.00331183
10.5 1.125 0.00802575
10.5 3.375 0.00227234
10.5 5.625 0.00256204
10.5 7.875 0.00247778
10.5 10.125 0.00211789
10.5 12.375 0.00227958
10.5 14.625 0.00351212
10.5 16.875 0.00407622
10.5 19.125 0.00259525
10.5 21.375 0.00252966
10.5 23.625 0.00246815
10.5 25.875 0.00223581
10.5 28.125 0.00235106
10.5 30.375 0.0023183
10.5 32.625 0.0029095
10.5 34.875 0.00270999
10.5 37.125 0.00233515
10.5 39.375 0.00258168
10.5 41.625 0.00234075
10.5 43.875 0.00266314
10.7 1.125 0.00233588
10.7 3.375 0.00277331
10.7 5.625 0.00584545
10.7 7.875 0.00397968
10.7 10.125 0.00270026
10.7 12.375 0.00369744
10.7 14.625 0.00278155
10.7 16.875 0.00274658
10.7 19.125 0.00254461
10.7 21.375 0.00918718
10.7 23.625 0.00390249
10.7 25.875 0.00228068
10.7 28.125 0.00220806
10.7 30.375 0.00234461
10.7 32.625 0.00252484
10.7 34.875 0.0025629
10.7 37.125 0.0155156
10.7 39.375 0.00260996
10.7 41.625 0.00239151
10.7 43.875 0.00590779
10.9 1.125 0.0020613
10.9 3.375 0.00231388
10.9 5.625 0.00281564
10.9 7.875 0.0351101
10.9 10.125 0.0248451
10.9 12.375 0.00240342
10.9 14.625 0.00369915
10.9 16.875 0.00240632
10.9 19.125 0.00460321
10.9 21.375 0.00237483
10.9 23.625 0.00305301
10.9 25.875 0.0302662
10.9 28.125 0.00279869
10.9 30.375 0.00236542
10.9 32.625 0.00251591
10.9 34.875 0.00232386
10.9 37.125 0.00267851
10.9 39.375 0.0023493
10.9 41.625 0.00246052
10.9 43.875 0.00227585
11.1 1.125 0.00225869
11.1 3.375 0.0146101
11.1 5.625 0.00258672
11.1 7.875 0.00264835
11.1 10.125 0.00186497
11.1 12.375 0.00236593
11.1 14.625 0.00716475
11.1 16.875 0.0022082
11.1 19.125 0.00269682
11.1 21.375 0.00227485
11.1 23.625 0.00217961
11.1 25.875 0.0031852
11.1 28.125 0.00468134
11.1 30.375 0.0022481
11.1 32.625 0.00263016
11.1 34.875 0.00233233
11.1 37.125 0.0182891
11.1 39.375 0.00263341
11.1 41.625 0.00247516
11.1 43.875 0.00214778
11.3 1.125 0.00216729
11.3 3.375 0.0110477
11.3 5.625 0.00228261
11.3 7.875 0.00219114
11.3 10.125 0.00296782
11.3 12.375 0.00203949
11.3 14.625 0.00233413
11.3 16.875 0.00258233
11.3 19.125 0.00286767
11.3 21.375 0.00263261
11.3 23.625 0.00217554
11.3 25.875 0.0023498
11.3 28.125 0.00293137
11.3 30.375 0.00235444
11.3 32.625 0.00243266
11.3 34.875 0.00224992
11.3 37.125 0.00243468
11.3 39.375 0.00185404
11.3 41.625 0.00215658
11.3 43.875 0.00282882
11.5 1.125 0.00230439
11.5 3.375 0.00202718
11.5 5.625 0.00244921
11.5 7.875 0.00211981
11.5 10.125 0.00300152
11.5 12.375 0.00247478
11.5 14.625 0.00507995
11.5 16.875 0.00234285
11.5 19.125 0.00213592
11.5 21.375 0.0315848
11.5 23.625 0.00410856
11.5 25.875 0.00385309
11.5 28.125 0.00274004
11.5 30.375 0.00245492
11.5 32.625 0.00253457
11.5 34.875 0.00250637
11.5 37.125 0.0125949
11.5 39.375 0.00210479
11.5 41.625 0.0020837
11.5 43.875 0.00225191
11.7 1.125 0.00202735
11.7 3.375 0.0110771
11.7 5.625 0.00372136
11.7 7.875 0.0248745
11.7 10.125 0.00251986
11.7 12.375 0.00248224
11.7 14.625 0.0365155
11.7 16.875 0.0022038
11.7 19.125 0.00256195
11.7 21.375 0.00264292
11.7 23.625 0.00252976
11.7 25.875 0.00290406
11.7 28.125 0.00234582
11.7 30.375 0.00245979
11.7 32.625 0.00232362
11.7 34.875 0.00203853
11.7 37.125 0.00276025
11.7 39.375 0.00239079
11.7 41.625 0.00221997
11.7 43.875 0.00229883
11.9 1.125 0.00215098
11.9 3.375 0.00250978
11.9 5.625 0.0023655
11.9 7.875 0.023838
11.9 10.125 0.00197894
11.9 12.375 0.00227585
11.9 14.625 0.00264501
11.9 16.875 0.00549705
11.9 19.125 0.0023932
11.9 21.375 0.00556875
11.9 23.625 0.00248963
11.9 25.875 0.00896385
11.9 28.125 0.00241384
11.9 30.375 0.00221413
11.9 32.625 0.0147897
11.9 34.875 0.0027959
11.9 37.125 0.00233061
11.9 39.375 0.00226914
11.9 41.625 0.00263643
11.9 43.875 0.00179662
12.1 1.125 0.00280165
12.1 3.375 0.00346841
12.1 5.625 0.0367249
12.1 7.875 0.0027405
12.1 10.125 0.0232531
12.1 12.375 0.00235207
12.1 14.625 0.00189123
12.1 16.875 0.00213774
12.1 19.125 0.0027551
12.1 21.375 0.00233774
12.1 23.625 0.00217311
12.1 25.875 0.00240565
12.1 28.125 0.00199473
12.1 30.375 0.00203818
12.1 32.625 0.00205595
12.1 34.875 0.00307817
12.1 37.125 0.00235435
12.1 39.375 0.0023693
12.1 41.625 0.00210975
12.1 43.875 0.00234075
12.3 1.125 0.0383639
12.3 3.375 0.0108968
12.3 5.625 0.00282468
12.3 7.875 0.00239134
12.3 10.125 0.00350229
12.3 12.375 0.00324089
12.3 14.625 0.00306675
12.3 16.875 0.00262053
12.3 19.125 0.00190497
12.3 21.375 0.00218964
12.3 23.625 0.00208578
12.3 25.875 0.00397308
12.3 28.125 0.00243801
12.3 30.375 0.00200355
12.3 32.625 0.00199578
12.3 34.875 0.00232267
12.3 37.125 0.0483397
12.3 39.375 0.00239763
12.3 41.625 0.00215899
12.3 43.875 0.00494873
12.5 1.125 0.00284778
12.5 3.375 0.00784467
12.5 5.625 0.00207372
12.5 7.875 0.00616793
12.5 10.125 0.0205882
12.5 12.375 0.0261043
12.5 14.625 0.00199811
12.5 16.875 0.00256701
12.5 19.125 0.00302221
12.5 21.375 0.00202115
12.5 23.625 0.00232767
12.5 25.875 0.013044
12.5 28.125 0.00202368
12.5 30.375 0.00947412
12.5 32.625 0.00782922
12.5 34.875 0.00324715
12.5 37.125 0.00204142
12.5 39.375 0.0222489
12.5 41.625 0.00227146
12.5 43.875 0.00280758
12.7 1.125 0.0264889
12.7 3.375 0.00259002
12.7 5.625 0.00237876
12.7 7.875 0.00264599
12.7 10.125 0.00236164
12.7 12.375 0.00278281
12.7 14.625 0.0435526
12.7 16.875 0.00228
12.7 19.125 0.0354441
12.7 21.375 0.00288626
12.7 23.625 0.00194573
12.7 25.875 0.00211523
12.7 28.125 0.00216524
12.7 30.375 0.00904019
12.7 32.625 0.00239032
12.7 34.875 0.00235212
12.7 37.125 0.00425041
12.7 39.375 0.00234461
12.7 41.625 0.00253145
12.7 43.875 0.00326873
12.9 1.125 0.0229379
12.9 3.375 0.00341841
12.9 5.625 0.0109254
12.9 7.875 0.0602289
12.9 10.125 0.0298774
12.9 12.375 0.0208752
12.9 14.625 0.00287168
12.9 16.875 0.0026251
12.9 19.125 0.00202582
12.9 21.375 0.0259619
12.9 23.625 0.00340977
12.9 25.875 0.00438677
12.9 28.125 0.00590818
12.9 30.375 0.00214185
12.9 32.625 0.00242261
12.9 34.875 0.00254027
12.9 37.125 0.009524
12.9 39.375 0.00242609
12.9 41.625 0.00233301
12.9 43.875 0.0333336
13.1 1.125 0.00226267
13.1 3.375 0.0290395
13.1 5.625 0.0280274
13.1 7.875 0.00195847
13.1 10.125 0.0168745
13.1 12.375 0.0022574
13.1 14.625 0.0021036
13.1 16.875 0.0018209
13.1 19.125 0.00264129
13.1 21.375 0.00308979
13.1 23.625 0.00274455
13.1 25.875 0.00247813
13.1 28.125 0.00266291
13.1 30.375 0.00216116
13.1 32.625 0.0147783
13.1 34.875 0.0019734
13.1 37.125 0.00215019
13.1 39.375 0.0497296
13.1 41.625 0.0021032
13.1 43.875 0.00298818
13.3 1.125 0.00222468
13.3 3.375 0.00172476
13.3 5.625 0.00242927
13.3 7.875 0.00290124
13.3 10.125 0.00225182
13.3 12.375 0.00269849
13.3 14.625 0.0706672
13.3 16.875 0.0646606
13.3 19.125 0.00245472
13.3 21.375 0.0122219
13.3 23.625 0.00232455
13.3 25.875 0.00228342
13.3 28.125 0.00198457
13.3 30.375 0.00205411
13.3 32.625 0.00222592
13.3 34.875 0.00524444
13.3 37.125 0.00370228
13.3 39.375 0.00205453
13.3 41.625 0.00168267
13.3 43.875 0.00216154
13.5 1.125 0.00290522
13.5 3.375 0.00807984
13.5 5.625 0.00329402
13.5 7.875 0.0664908
13.5 10.125 0.00390543
13.5 12.375 0.00510672
13.5 14.625 0.00274461
13.5 16.875 0.00292449
13.5 19.125 0.0545537
13.5 21.375 0.0203291
13.5 23.625 0.00528562
13.5 25.875 0.00253809
13.5 28.125 0.00318021
13.5 30.375 0.00433676
13.5 32.625 0.00238118
13.5 34.875 0.0024266
13.5 37.125 0.00216665
13.5 39.375 0.00256258
13.5 41.625 0.00222251
13.5 43.875 0.0254745
13.7 1.125 0.00235619
13.7 3.375 0.00292381
13.7 5.625 0.00460283
13.7 7.875 0.00186203
13.7 10.125 0.00269218
13.7 12.375 0.00210399
13.7 14.625 0.00209358
13.7 16.875 0.00505829
13.7 19.125 0.0296092
13.7 21.375 0.00219501
13.7 23.625 0.00265854
13.7 25.875 0.00585812
13.7 28.125 0.0039568
13.7 30.375 0.00225167
13.7 32.625 0.00221675
13.7 34.875 0.0407312
13.7 37.125 0.00305913
13.7 39.375 0.00195953
13.7 41.625 0.00215272
13.7 43.875 0.00204734
13.9 1.125 0.00211158
13.9 3.375 0.0205693
13.9 5.625 0.00236023
13.9 7.875 0.00250186
13.9 10.125 0.00249382
13.9 12.375 0.00220344
13.9 14.625 0.00306575
13.9 16.875 0.00240425
13.9 19.125 0.00251567
13.9 21.375 0.00265755
13.9 23.625 0.00237392
13.9 25.875 0.00227536
13.9 28.125 0.0021838
13.9 30.375 0.00258361
13.9 32.625 0.0020099
13.9 34.875 0.00184001
13.9 37.125 0.0016986
13.9 39.375 0.00260269
13.9 41.625 0.00640635
13.9 43.875 0.00363404
