0.1 1.125 0.166841
0.1 3.375 0.166444
0.1 5.625 0.171257
0.1 7.875 0.168233
0.1 10.125 0.171847
0.1 12.375 0.169807
0.1 14.625 0.170526
0.1 16.875 0.172115
0.1 19.125 0.168127
0.1 21.375 0.172991
0.1 23.625 0.170839
0.1 25.875 0.167468
0.1 28.125 0.169989
0.1 30.375 0.172207
0.1 32.625 0.168657
0.1 34.875 0.167269
0.1 37.125 0.167263
0.1 39.375 0.169406
0.1 41.625 0.16366
0.1 43.875 0.170275
0.3 1.125 0.15665
0.3 3.375 0.158541
0.3 5.625 0.162162
0.3 7.875 0.163654
0.3 10.125 0.161891
0.3 12.375 0.16101
0.3 14.625 0.163297
0.3 16.875 0.161025
0.3 19.125 0.161776
0.3 21.375 0.16184
0.3 23.625 0.163462
0.3 25.875 0.16064
0.3 28.125 0.160022
0.3 30.375 0.164267
0.3 32.625 0.161793
0.3 34.875 0.159835
0.3 37.125 0.159822
0.3 39.375 0.161393
0.3 41.625 0.157645
0.3 43.875 0.161683
0.5 1.125 0.14987
0.5 3.375 0.149517
0.5 5.625 0.151138
0.5 7.875 0.150364
0.5 10.125 0.148676
0.5 12.375 0.1519
0.5 14.625 0.15273
0.5 16.875 0.154971
0.5 19.125 0.147462
0.5 21.375 0.147867
0.5 23.625 0.148551
0.5 25.875 0.147059
0.5 28.125 0.151231
0.5 30.375 0.13754
0.5 32.625 0.151272
0.5 34.875 0.148845
0.5 37.125 0.142527
0.5 39.375 0.15074
0.5 41.625 0.149479
0.5 43.875 0.153317
0.7 1.125 0.138344
0.7 3.375 0.141656
0.7 5.625 0.137285
0.7 7.875 0.13662
0.7 10.125 0.141768
0.7 12.375 0.131059
0.7 14.625 0.139416
0.7 16.875 0.138149
0.7 19.125 0.132989
0.7 21.375 0.132755
0.7 23.625 0.130192
0.7 25.875 0.136786
0.7 28.125 0.135281
0.7 30.375 0.128731
0.7 32.625 0.125872
0.7 34.875 0.135386
0.7 37.125 0.125617
0.7 39.375 0.129672
0.7 41.625 0.139401
0.7 43.875 0.136155
0.9 1.125 0.125538
0.9 3.375 0.12338
0.9 5.625 0.123539
0.9 7.875 0.120738
0.9 10.125 0.116927
0.9 12.375 0.122427
0.9 14.625 0.121215
0.9 16.875 0.113328
0.9 19.125 0.119884
0.9 21.375 0.117164
0.9 23.625 0.116626
0.9 25.875 0.114109
0.9 28.125 0.116825
0.9 30.375 0.115797
0.9 32.625 0.109938
0.9 34.875 0.115681
0.9 37.125 0.115803
0.9 39.375 0.118617
0.9 41.625 0.113951
0.9 43.875 0.120005
1.1 1.125 0.100186
1.1 3.375 0.10251
1.1 5.625 0.101813
1.1 7.875 0.101476
1.1 10.125 0.0962724
1.1 12.375 0.0977346
1.1 14.625 0.0991569
1.1 16.875 0.0960496
1.1 19.125 0.099486
1.1 21.375 0.0934541
1.1 23.625 0.0971958
1.1 25.875 0.0951945
1.1 28.125 0.0917582
1.1 30.375 0.0982065
1.1 32.625 0.106341
1.1 34.875 0.0857508
1.1 37.125 0.0893445
1.1 39.375 0.0953299
1.1 41.625 0.103272
1.1 43.875 0.105258
1.3 1.125 0.0753764
1.3 3.375 0.0757551
1.3 5.625 0.0745913
1.3 7.875 0.0736937
1.3 10.125 0.0746206
1.3 12.375 0.0730899
1.3 14.625 0.0763978
1.3 16.875 0.0767941
1.3 19.125 0.0792816
1.3 21.375 0.0679533
1.3 23.625 0.0694037
1.3 25.875 0.081541
1.3 28.125 0.0675986
1.3 30.375 0.0751098
1.3 32.625 0.069779
1.3 34.875 0.0770392
1.3 37.125 0.0743796
1.3 39.375 0.0698139
1.3 41.625 0.0697538
1.3 43.875 0.0848202
1.5 1.125 0.0521236
1.5 3.375 0.0538813
1.5 5.625 0.0533207
1.5 7.875 0.0521516
1.5 10.125 0.0538272
1.5 12.375 0.0531488
1.5 14.625 0.0555146
1.5 16.875 0.0513345
1.5 19.125 0.0619899
1.5 21.375 0.0616256
1.5 23.625 0.0602305
1.5 25.875 0.0566807
1.5 28.125 0.0574543
1.5 30.375 0.0669567
1.5 32.625 0.0605422
1.5 34.875 0.0626701
1.5 37.125 0.0593982
1.5 39.375 0.0586624
1.5 41.625 0.0618932
1.5 43.875 0.0772086
1.7 1.125 0.037362
1.7 3.375 0.0374804
1.7 5.625 0.0374898
1.7 7.875 0.0349417
1.7 10.125 0.0358785
1.7 12.375 0.0376614
1.7 14.625 0.0387746
1.7 16.875 0.0416151
1.7 19.125 0.0471623
1.7 21.375 0.0421233
1.7 23.625 0.039678
1.7 25.875 0.0437552
1.7 28.125 0.0418905
1.7 30.375 0.0470235
1.7 32.625 0.0374326
1.7 34.875 0.0450369
1.7 37.125 0.0345736
1.7 39.375 0.0301142
1.7 41.625 0.0512631
1.7 43.875 0.0495347
1.9 1.125 0.0254801
1.9 3.375 0.0242351
1.9 5.625 0.0249353
1.9 7.875 0.0252294
1.9 10.125 0.0238547
1.9 12.375 0.0260616
1.9 14.625 0.0245691
1.9 16.875 0.0246659
1.9 19.125 0.0265543
1.9 21.375 0.0285454
1.9 23.625 0.0268769
1.9 25.875 0.0228451
1.9 28.125 0.0253364
1.9 30.375 0.0313261
1.9 32.625 0.0370389
1.9 34.875 0.0395746
1.9 37.125 0.0286247
1.9 39.375 0.042428
1.9 41.625 0.0378276
1.9 43.875 0.0414187
2.1 1.125 0.0151821
2.1 3.375 0.0141392
2.1 5.625 0.013293
2.1 7.875 0.0136009
2.1 10.125 0.0132673
2.1 12.375 0.0157451
2.1 14.625 0.0140455
2.1 16.875 0.0199112
2.1 19.125 0.0223746
2.1 21.375 0.0178287
2.1 23.625 0.0204446
2.1 25.875 0.0255472
2.1 28.125 0.024693
2.1 30.375 0.0254318
2.1 32.625 0.026728
2.1 34.875 0.0254923
2.1 37.125 0.0256017
2.1 39.375 0.0240368
2.1 41.625 0.023518
2.1 43.875 0.0275784
2.3 1.125 0.00803032
2.3 3.375 0.00754906
2.3 5.625 0.00839544
2.3 7.875 0.0079101
2.3 10.125 0.00797018
2.3 12.375 0.00930519
2.3 14.625 0.0100231
2.3 16.875 0.0103984
2.3 19.125 0.0120765
2.3 21.375 0.0117247
2.3 23.625 0.0112505
2.3 25.875 0.0138437
2.3 28.125 0.0147261
2.3 30.375 0.0186661
2.3 32.625 0.016732
2.3 34.875 0.0202422
2.3 37.125 0.0220613
2.3 39.375 0.0240882
2.3 41.625 0.0256631
2.3 43.875 0.0308689
2.5 1.125 0.00478763
2.5 3.375 0.00473619
2.5 5.625 0.00478232
2.5 7.875 0.00480946
2.5 10.125 0.00581308
2.5 12.375 0.00532207
2.5 14.625 0.00547855
2.5 16.875 0.00602767
2.5 19.125 0.00747334
2.5 21.375 0.00752076
2.5 23.625 0.00743369
2.5 25.875 0.00806142
2.5 28.125 0.0127949
2.5 30.375 0.012831
2.5 32.625 0.0121638
2.5 34.875 0.0120286
2.5 37.125 0.0134536
2.5 39.375 0.0165603
2.5 41.625 0.0141631
2.5 43.875 0.017579
2.7 1.125 0.00475824
2.7 3.375 0.00547626
2.7 5.625 0.00460138
2.7 7.875 0.0043676
2.7 10.125 0.00473436
2.7 12.375 0.00376176
2.7 14.625 0.00485845
2.7 16.875 0.00529086
2.7 19.125 0.00552702
2.7 21.375 0.00533848
2.7 23.625 0.00541297
2.7 25.875 0.00657258
2.7 28.125 0.00574375
2.7 30.375 0.00657995
2.7 32.625 0.00889448
2.7 34.875 0.00979911
2.7 37.125 0.00895185
2.7 39.375 0.011797
2.7 41.625 0.0117231
2.7 43.875 0.0135899
2.9 1.125 0.00448199
2.9 3.375 0.00451814
2.9 5.625 0.00447469
2.9 7.875 0.00413811
2.9 10.125 0.00424719
2.9 12.375 0.00542859
2.9 14.625 0.00562365
2.9 16.875 0.00666199
2.9 19.125 0.00370905
2.9 21.375 0.0057372
2.9 23.625 0.00716227
2.9 25.875 0.00527448
2.9 28.125 0.00420655
2.9 30.375 0.004771
2.9 32.625 0.00565753
2.9 34.875 0.00545735
2.9 37.125 0.00644003
2.9 39.375 0.00705544
2.9 41.625 0.00744955
2.9 43.875 0.0102679
3.1 1.125 0.00404764
3.1 3.375 0.00406302
3.1 5.625 0.0059318
3.1 7.875 0.00410401
3.1 10.125 0.00404129
3.1 12.375 0.00692449
3.1 14.625 0.00654059
3.1 16.875 0.00393735
3.1 19.125 0.00365108
3.1 21.375 0.0032993
3.1 23.625 0.00589925
3.1 25.875 0.00344256
3.1 28.125 0.00494036
3.1 30.375 0.00434008
3.1 32.625 0.00490299
3.1 34.875 0.00426174
3.1 37.125 0.00528807
3.1 39.375 0.00498245
3.1 41.625 0.00530523
3.1 43.875 0.00710568
3.3 1.125 0.00422502
3.3 3.375 0.0044321
3.3 5.625 0.00566599
3.3 7.875 0.00392851
3.3 10.125 0.00457182
3.3 12.375 0.00746148
3.3 14.625 0.0125232
3.3 16.875 0.00314486
3.3 19.125 0.0056503
3.3 21.375 0.00825332
3.3 23.625 0.00377965
3.3 25.875 0.00364999
3.3 28.125 0.00398062
3.3 30.375 0.00424263
3.3 32.625 0.00515394
3.3 34.875 0.00396602
3.3 37.125 0.00392637
3.3 39.375 0.00409877
3.3 41.625 0.00411937
3.3 43.875 0.00491916
3.5 1.125 0.00445905
3.5 3.375 0.00533426
3.5 5.625 0.00288699
3.5 7.875 0.0034361
3.5 10.125 0.00671097
3.5 12.375 0.00245642
3.5 14.625 0.00337077
3.5 16.875 0.00281953
3.5 19.125 0.00400571
3.5 21.375 0.00401848
3.5 23.625 0.00452211
3.5 25.875 0.00350477
3.5 28.125 0.00440682
3.5 30.375 0.00548908
3.5 32.625 0.0046212
3.5 34.875 0.00510221
3.5 37.125 0.00369171
3.5 39.375 0.00341222
3.5 41.625 0.00323479
3.5 43.875 0.00316036
3.7 1.125 0.00362414
3.7 3.375 0.00378939
3.7 5.625 0.0039757
3.7 7.875 0.00432264
3.7 10.125 0.00763619
3.7 12.375 0.00358037
3.7 14.625 0.0093536
3.7 16.875 0.0039333
3.7 19.125 0.00235045
3.7 21.375 0.0111719
3.7 23.625 0.00389736
3.7 25.875 0.00368515
3.7 28.125 0.00312097
3.7 30.375 0.00311576
3.7 32.625 0.00332773
3.7 34.875 0.0041715
3.7 37.125 0.0037423
3.7 39.375 0.0036049
3.7 41.625 0.00273382
3.7 43.875 0.0024334
3.9 1.125 0.00317872
3.9 3.375 0.00321737
3.9 5.625 0.00340611
3.9 7.875 0.0031295
3.9 10.125 0.0038843
3.9 12.375 0.00455694
3.9 14.625 0.00517309
3.9 16.875 0.00431012
3.9 19.125 0.00753384
3.9 21.375 0.00454331
3.9 23.625 0.00343766
3.9 25.875 0.00393042
3.9 28.125 0.00546961
3.9 30.375 0.00741579
3.9 32.625 0.00410445
3.9 34.875 0.00336457
3.9 37.125 0.00306663
3.9 39.375 0.00274109
3.9 41.625 0.00270777
3.9 43.875 0.00352417
4.1 1.125 0.00415833
4.1 3.375 0.00321883
4.1 5.625 0.00551376
4.1 7.875 0.0027023
4.1 10.125 0.00490283
4.1 12.375 0.0044432
4.1 14.625 0.0030085
4.1 16.875 0.00414879
4.1 19.125 0.0032085
4.1 21.375 0.00381031
4.1 23.625 0.00540153
4.1 25.875 0.00295991
4.1 28.125 0.00392506
4.1 30.375 0.00381709
4.1 32.625 0.00414549
4.1 34.875 0.00367197
4.1 37.125 0.00280412
4.1 39.375 0.00219095
4.1 41.625 0.00293971
4.1 43.875 0.00254578
4.3 1.125 0.00377362
4.3 3.375 0.00408662
4.3 5.625 0.00316511
4.3 7.875 0.00329337
4.3 10.125 0.0032602
4.3 12.375 0.00372787
4.3 14.625 0.00370491
4.3 16.875 0.00329082
4.3 19.125 0.00328779
4.3 21.375 0.00479821
4.3 23.625 0.00335744
4.3 25.875 0.00542947
4.3 28.125 0.00339579
4.3 30.375 0.00404098
4.3 32.625 0.00327981
4.3 34.875 0.00275114
4.3 37.125 0.00272625
4.3 39.375 0.00260343
4.3 41.625 0.00248289
4.3 43.875 0.00200545
4.5 1.125 0.00338182
4.5 3.375 0.0035324
4.5 5.625 0.00363399
4.5 7.875 0.00322566
4.5 10.125 0.00364853
4.5 12.375 0.00280741
4.5 14.625 0.00372444
4.5 16.875 0.00334232
4.5 19.125 0.00198104
4.5 21.375 0.00366733
4.5 23.625 0.00384605
4.5 25.875 0.00412378
4.5 28.125 0.00386143
4.5 30.375 0.00400939
4.5 32.625 0.00315555
4.5 34.875 0.00310099
4.5 37.125 0.00307566
4.5 39.375 0.00272858
4.5 41.625 0.00717067
4.5 43.875 0.00170594
4.7 1.125 0.00306236
4.7 3.375 0.0029258
4.7 5.625 0.0031192
4.7 7.875 0.00291083
4.7 10.125 0.00298753
4.7 12.375 0.00234774
4.7 14.625 0.00344882
4.7 16.875 0.00512798
4.7 19.125 0.00311417
4.7 21.375 0.00348313
4.7 23.625 0.00702781
4.7 25.875 0.00334208
4.7 28.125 0.00369037
4.7 30.375 0.00314258
4.7 32.625 0.00295149
4.7 34.875 0.00297571
4.7 37.125 0.00207686
4.7 39.375 0.00205053
4.7 41.625 0.00315449
4.7 43.875 0.00257009
4.9 1.125 0.0025026
4.9 3.375 0.00241586
4.9 5.625 0.00336027
4.9 7.875 0.0024562
4.9 10.125 0.00266656
4.9 12.375 0.00309368
4.9 14.625 0.00280127
4.9 16.875 0.00292057
4.9 19.125 0.00339223
4.9 21.375 0.00331796
4.9 23.625 0.00346017
4.9 25.875 0.00358679
4.9 28.125 0.00393384
4.9 30.375 0.00273786
4.9 32.625 0.00254608
4.9 34.875 0.00258724
4.9 37.125 0.002506
4.9 39.375 0.00222353
4.9 41.625 0.00257687
4.9 43.875 0.00227332
5.1 1.125 0.00253532
5.1 3.375 0.0058774
5.1 5.625 0.0038762
5.1 7.875 0.00268739
5.1 10.125 0.00252758
5.1 12.375 0.00195605
5.1 14.625 0.0022617
5.1 16.875 0.00247503
5.1 19.125 0.00279387
5.1 21.375 0.00283763
5.1 23.625 0.00323785
5.1 25.875 0.00333117
5.1 28.125 0.00325939
5.1 30.375 0.00271215
5.1 32.625 0.00234325
5.1 34.875 0.00257804
5.1 37.125 0.00701863
5.1 39.375 0.00298251
5.1 41.625 0.00395501
5.1 43.875 0.00478571
5.3 1.125 0.00250841
5.3 3.375 0.00472247
5.3 5.625 0.00289319
5.3 7.875 0.00237285
5.3 10.125 0.00196555
5.3 12.375 0.0025842
5.3 14.625 0.00291123
5.3 16.875 0.00242578
5.3 19.125 0.00248213
5.3 21.375 0.00250499
5.3 23.625 0.00280456
5.3 25.875 0.00275979
5.3 28.125 0.00256557
5.3 30.375 0.00277196
5.3 32.625 0.0022007
5.3 34.875 0.00257614
5.3 37.125 0.0034257
5.3 39.375 0.00271077
5.3 41.625 0.00275118
5.3 43.875 0.00387594
5.5 1.125 0.00404346
5.5 3.375 0.00295637
5.5 5.625 0.00927302
5.5 7.875 0.00271814
5.5 10.125 0.00238147
5.5 12.375 0.00199341
5.5 14.625 0.00261093
5.5 16.875 0.00281219
5.5 19.125 0.00226648
5.5 21.375 0.00289879
5.5 23.625 0.00227492
5.5 25.875 0.0023165
5.5 28.125 0.00228737
5.5 30.375 0.00235629
5.5 32.625 0.00264424
5.5 34.875 0.00290023
5.5 37.125 0.00300321
5.5 39.375 0.00372176
5.5 41.625 0.00268782
5.5 43.875 0.00197929
5.7 1.125 0.00283814
5.7 3.375 0.00201325
5.7 5.625 0.00239442
5.7 7.875 0.00505527
5.7 10.125 0.0141501
5.7 12.375 0.00214635
5.7 14.625 0.00256436
5.7 16.875 0.0040856
5.7 19.125 0.0028199
5.7 21.375 0.00268597
5.7 23.625 0.00213221
5.7 25.875 0.0022417
5.7 28.125 0.00199233
5.7 30.375 0.00235491
5.7 32.625 0.00221334
5.7 34.875 0.00304366
5.7 37.125 0.00252564
5.7 39.375 0.00781566
5.7 41.625 0.00248468
5.7 43.875 0.00226176
5.9 1.125 0.00416844
5.9 3.375 0.00214464
5.9 5.625 0.00347579
5.9 7.875 0.00225367
5.9 10.125 0.00221716
5.9 12.375 0.00950071
5.9 14.625 0.00263671
5.9 16.875 0.00252741
5.9 19.125 0.0037981
5.9 21.375 0.00267069
5.9 23.625 0.00254359
5.9 25.875 0.00186513
5.9 28.125 0.0018903
5.9 30.375 0.0022558
5.9 32.625 0.00214004
5.9 34.875 0.003088
5.9 37.125 0.00294306
5.9 39.375 0.00263481
5.9 41.625 0.00243743
5.9 43.875 0.00296135
6.1 1.125 0.00522116
6.1 3.375 0.00302772
6.1 5.625 0.00354009
6.1 7.875 0.00325421
6.1 10.125 0.00217788
6.1 12.375 0.00276196
6.1 14.625 0.0027202
6.1 16.875 0.00276659
6.1 19.125 0.00307619
6.1 21.375 0.00299099
6.1 23.625 0.0021089
6.1 25.875 0.00233468
6.1 28.125 0.00191526
6.1 30.375 0.00261606
6.1 32.625 0.00244474
6.1 34.875 0.00221242
6.1 37.125 0.00205172
6.1 39.375 0.00317599
6.1 41.625 0.00312701
6.1 43.875 0.00280374
6.3 1.125 0.00273114
6.3 3.375 0.00295425
6.3 5.625 0.0114316
6.3 7.875 0.00338441
6.3 10.125 0.00255612
6.3 12.375 0.00262007
6.3 14.625 0.00277255
6.3 16.875 0.00168849
6.3 19.125 0.00365589
6.3 21.375 0.00378818
6.3 23.625 0.00212333
6.3 25.875 0.00186006
6.3 28.125 0.00250182
6.3 30.375 0.00219138
6.3 32.625 0.00234783
6.3 34.875 0.00264331
6.3 37.125 0.00266509
6.3 39.375 0.00205109
6.3 41.625 0.0023958
6.3 43.875 0.00270459
6.5 1.125 0.00267326
6.5 3.375 0.00690384
6.5 5.625 0.00202954
6.5 7.875 0.00359545
6.5 10.125 0.00137009
6.5 12.375 0.00233059
6.5 14.625 0.00301685
6.5 16.875 0.00385398
6.5 19.125 0.00264297
6.5 21.375 0.00267658
6.5 23.625 0.00238931
6.5 25.875 0.00198287
6.5 28.125 0.00319206
6.5 30.375 0.00227305
6.5 32.625 0.00260204
6.5 34.875 0.00208861
6.5 37.125 0.00191925
6.5 39.375 0.00178325
6.5 41.625 0.00269112
6.5 43.875 0.00285636
6.7 1.125 0.00476383
6.7 3.375 0.00302322
6.7 5.625 0.00764701
6.7 7.875 0.00307129
6.7 10.125 0.00243922
6.7 12.375 0.00186015
6.7 14.625 0.00449792
6.7 16.875 0.00246666
6.7 19.125 0.00255362
6.7 21.375 0.00259124
6.7 23.625 0.0018348
6.7 25.875 0.00304384
6.7 28.125 0.00627421
6.7 30.375 0.00246432
6.7 32.625 0.00446729
6.7 34.875 0.00195378
6.7 37.125 0.00222955
6.7 39.375 0.00208564
6.7 41.625 0.00235413
6.7 43.875 0.00242355
6.9 1.125 0.00261989
6.9 3.375 0.00303038
6.9 5.625 0.00272973
6.9 7.875 0.00828519
6.9 10.125 0.00280681
6.9 12.375 0.0025895
6.9 14.625 0.00339276
6.9 16.875 0.00345127
6.9 19.125 0.002576
6.9 21.375 0.00263959
6.9 23.625 0.00257103
6.9 25.875 0.00285747
6.9 28.125 0.00206195
6.9 30.375 0.00354122
6.9 32.625 0.00235457
6.9 34.875 0.00278285
6.9 37.125 0.00226223
6.9 39.375 0.00273212
6.9 41.625 0.0026608
6.9 43.875 0.0018971
7.1 1.125 0.00221963
7.1 3.375 0.00174261
7.1 5.625 0.00194475
7.1 7.875 0.00207915
7.1 10.125 0.00285885
7.1 12.375 0.00229548
7.1 14.625 0.00251284
7.1 16.875 0.00321791
7.1 19.125 0.00264255
7.1 21.375 0.00198643
7.1 23.625 0.00216963
7.1 25.875 0.00208688
7.1 28.125 0.0018486
7.1 30.375 0.00227552
7.1 32.625 0.0028838
7.1 34.875 0.00178759
7.1 37.125 0.00193889
7.1 39.375 0.00267273
7.1 41.625 0.00220389
7.1 43.875 0.00198538
7.3 1.125 0.00220541
7.3 3.375 0.00189626
7.3 5.625 0.00429207
7.3 7.875 0.00217007
7.3 10.125 0.00239136
7.3 12.375 0.00259534
7.3 14.625 0.00233999
7.3 16.875 0.00261505
7.3 19.125 0.00402855
7.3 21.375 0.00220682
7.3 23.625 0.00246575
7.3 25.875 0.00241392
7.3 28.125 0.0222477
7.3 30.375 0.00352494
7.3 32.625 0.00185826
7.3 34.875 0.0020636
7.3 37.125 0.00280653
7.3 39.375 0.00322742
7.3 41.625 0.00180044
7.3 43.875 0.0016939
7.5 1.125 0.00363993
7.5 3.375 0.00326074
7.5 5.625 0.00187579
7.5 7.875 0.00193158
7.5 10.125 0.00204888
7.5 12.375 0.0119927
7.5 14.625 0.00286075
7.5 16.875 0.00406965
7.5 19.125 0.00241639
7.5 21.375 0.00249304
7.5 23.625 0.00267932
7.5 25.875 0.0121584
7.5 28.125 0.00236387
7.5 30.375 0.00223185
7.5 32.625 0.00289847
7.5 34.875 0.00253498
7.5 37.125 0.00307349
7.5 39.375 0.00231087
7.5 41.625 0.00187024
7.5 43.875 0.00176295
7.7 1.125 0.00462131
7.7 3.375 0.00169695
7.7 5.625 0.0115736
7.7 7.875 0.00205016
7.7 10.125 0.00178156
7.7 12.375 0.00568365
7.7 14.625 0.00238981
7.7 16.875 0.00421104
7.7 19.125 0.00217821
7.7 21.375 0.00237281
7.7 23.625 0.00191493
7.7 25.875 0.00259422
7.7 28.125 0.00338166
7.7 30.375 0.00486041
7.7 32.625 0.00233292
7.7 34.875 0.00194405
7.7 37.125 0.00237775
7.7 39.375 0.00197457
7.7 41.625 0.00259938
7.7 43.875 0.0119286
7.9 1.125 0.00168587
7.9 3.375 0.00270052
7.9 5.625 0.0170175
7.9 7.875 0.00247847
7.9 10.125 0.00258203
7.9 12.375 0.00283518
7.9 14.625 0.00205997
7.9 16.875 0.00168307
7.9 19.125 0.00183274
7.9 21.375 0.00153969
7.9 23.625 0.00692886
7.9 25.875 0.0020657
7.9 28.125 0.00198822
7.9 30.375 0.00296292
7.9 32.625 0.00255433
7.9 34.875 0.0023656
7.9 37.125 0.0022874
7.9 39.375 0.00322699
7.9 41.625 0.00197314
7.9 43.875 0.00305719
8.1 1.125 0.00175362
8.1 3.375 0.00166286
8.1 5.625 0.00314747
8.1 7.875 0.00196653
8.1 10.125 0.00212318
8.1 12.375 0.00183139
8.1 14.625 0.00236159
8.1 16.875 0.00248723
8.1 19.125 0.00267046
8.1 21.375 0.00204743
8.1 23.625 0.00182013
8.1 25.875 0.00173442
8.1 28.125 0.00219797
8.1 30.375 0.00223104
8.1 32.625 0.00344205
8.1 34.875 0.00290408
8.1 37.125 0.002641
8.1 39.375 0.0020423
8.1 41.625 0.00209118
8.1 43.875 0.00270771
8.3 1.125 0.00246285
8.3 3.375 0.00164669
8.3 5.625 0.00218932
8.3 10.125 0.00185711
8.3 12.375 0.00275144
8.3 14.625 0.00250581
8.3 16.875 0.00202473
8.3 19.125 0.00206786
8.3 21.375 0.00240829
8.3 23.625 0.00180836
8.3 25.875 0.00376051
8.3 28.125 0.0025328
8.3 30.375 0.00170095
8.3 32.625 0.00303331
8.3 34.875 0.00267709
8.3 37.125 0.00222744
8.3 39.375 0.00248398
8.3 41.625 0.00136058
8.5 1.125 0.0102453
8.5 3.375 0.00275822
8.5 5.625 0.00169956
8.5 12.375 0.00168708
8.5 14.625 0.00332644
8.5 16.875 0.00203328
8.5 19.125 0.00165135
8.5 21.375 0.00175146
8.5 23.625 0.00215045
8.5 25.875 0.00214716
8.5 28.125 0.00210673
8.5 30.375 0.00284662
8.5 32.625 0.00241851
8.5 34.875 0.00239972
8.5 37.125 0.00223151
8.5 39.375 0.00232047
8.5 41.625 0.00283559
8.7 1.125 0.00200875
8.7 3.375 0.0021987
8.7 5.625 0.00266048
8.7 7.875 0.00193062
8.7 10.125 0.0052623
8.7 12.375 0.00144397
8.7 14.625 0.00329231
8.7 16.875 0.00198136
8.7 19.125 0.0021993
8.7 21.375 0.00130362
8.7 23.625 0.0022366
8.7 28.125 0.00186786
8.7 30.375 0.00187453
8.7 32.625 0.0021211
8.7 34.875 0.00192722
8.7 37.125 0.00210625
8.7 39.375 0.00337808
8.7 41.625 0.00209012
8.7 43.875 0.00218505
8.9 1.125 0.00263703
8.9 3.375 0.00225278
8.9 7.875 0.00179804
8.9 10.125 0.00229757
8.9 12.375 0.00253099
8.9 14.625 0.00369665
8.9 16.875 0.002757
8.9 19.125 0.00160158
8.9 21.375 0.00228199
8.9 23.625 0.00261844
8.9 25.875 0.00145815
8.9 28.125 0.00189293
8.9 30.375 0.0016612
8.9 32.625 0.00155994
8.9 34.875 0.00223329
8.9 37.125 0.00250726
8.9 39.375 0.00238752
8.9 41.625 0.00241817
8.9 43.875 0.00127454
9.1 1.125 0.00288575
9.1 3.375 0.00235372
9.1 7.875 0.00242443
9.1 10.125 0.00249327
9.1 12.375 0.00259193
9.1 14.625 0.00247236
9.1 16.875 0.00208428
9.1 19.125 0.00249556
9.1 21.375 0.00319098
9.1 23.625 0.00252753
9.1 25.875 0.00212422
9.1 28.125 0.0019812
9.1 30.375 0.00218216
9.1 32.625 0.00172058
9.1 34.875 0.00143771
9.1 37.125 0.00219441
9.1 39.375 0.00217124
9.1 41.625 0.00344831
9.1 43.875 0.00219083
9.3 1.125 0.00265895
9.3 3.375 0.00246335
9.3 5.625 0.00315937
9.3 7.875 0.0017842
9.3 10.125 0.00254893
9.3 12.375 0.00212195
9.3 14.625 0.00250903
9.3 16.875 0.00195842
9.3 19.125 0.0017007
9.3 23.625 0.00209895
9.3 25.875 0.00243302
9.3 28.125 0.00346905
9.3 30.375 0.00239981
9.3 32.625 0.00154447
9.3 34.875 0.00149306
9.3 37.125 0.00163939
9.3 39.375 0.00203907
9.3 41.625 0.00256984
9.3 43.875 0.00279954
9.5 1.125 0.00231767
9.5 3.375 0.00173701
9.5 5.625 0.00177546
9.5 7.875 0.00370637
9.5 10.125 0.00234444
9.5 12.375 0.00299757
9.5 14.625 0.00243245
9.5 16.875 0.00227664
9.5 19.125 0.00243386
9.5 21.375 0.00249053
9.5 25.875 0.00121515
9.5 28.125 0.00160877
9.5 30.375 0.00204923
9.5 32.625 0.00241732
9.5 37.125 0.00185276
9.5 39.375 0.00214558
9.5 41.625 0.00321901
9.5 43.875 0.00247768
9.7 1.125 0.00213078
9.7 3.375 0.00176984
9.7 5.625 0.00175422
9.7 7.875 0.00238678
9.7 10.125 0.00205901
9.7 12.375 0.00215596
9.7 14.625 0.00199711
9.7 16.875 0.00264544
9.7 19.125 0.0026726
9.7 21.375 0.00116837
9.7 23.625 0.00219018
9.7 25.875 0.00281068
9.7 28.125 0.00197018
9.7 30.375 0.00270881
9.7 32.625 0.00428096
9.7 34.875 0.00363587
9.7 37.125 0.00141963
9.7 39.375 0.0028584
9.7 41.625 0.00165944
9.7 43.875 0.00260627
9.9 1.125 0.00196065
9.9 3.375 0.00209622
9.9 5.625 0.00185264
9.9 7.875 0.00206936
9.9 10.125 0.00154715
9.9 12.375 0.00193755
9.9 14.625 0.00167405
9.9 16.875 0.00191321
9.9 19.125 0.00164993
9.9 21.375 0.00235466
9.9 23.625 0.00321432
9.9 25.875 0.00121179
9.9 28.125 0.00372989
9.9 30.375 0.00277947
9.9 32.625 0.00233465
9.9 34.875 0.00163995
9.9 39.375 0.00293859
9.9 41.625 0.00216299
9.9 43.875 0.00240295
10.1 1.125 0.00254525
10.1 3.375 0.0020388
10.1 5.625 0.00138284
10.1 7.875 0.00178734
10.1 10.125 0.00190482
10.1 12.375 0.00198622
10.1 14.625 0.00182446
10.1 16.875 0.00219571
10.1 19.125 0.00312873
10.1 21.375 0.00372588
10.1 23.625 0.00336195
10.1 25.875 0.00193595
10.1 28.125 0.00273791
10.1 30.375 0.00280854
10.1 32.625 0.00144769
10.1 37.125 0.00199473
10.1 39.375 0.00175827
10.1 41.625 0.0023344
10.1 43.875 0.00259912
10.3 1.125 0.0132454
10.3 10.125 0.00463097
10.3 12.375 0.00257482
10.3 14.625 0.00143338
10.3 16.875 0.00182067
10.3 19.125 0.00165717
10.3 21.375 0.00179605
10.3 23.625 0.00225312
10.3 25.875 0.0019473
10.3 28.125 0.00175342
10.3 30.375 0.00393784
10.3 32.625 0.00240693
10.3 39.375 0.00184445
10.3 41.625 0.00244076
10.3 43.875 0.00190364
10.5 1.125 0.00230459
10.5 3.375 0.00287382
10.5 10.125 0.00345224
10.5 12.375 0.0019313
10.5 14.625 0.00206549
10.5 21.375 0.00305303
10.5 23.625 0.00152031
10.5 25.875 0.00234308
10.5 28.125 0.00247568
10.5 30.375 0.00309659
10.5 41.625 0.0018637
10.5 43.875 0.00166246
10.7 1.125 0.0020977
10.7 7.875 0.00236056
10.7 10.125 0.0018175
10.7 12.375 0.00138655
10.7 14.625 0.0014337
10.7 16.875 0.00130282
10.7 19.125 0.00191163
10.7 21.375 0.00168115
10.7 23.625 0.00436954
10.7 25.875 0.0018568
10.7 28.125 0.00181063
10.7 30.375 0.00171151
10.7 39.375 0.00269842
10.7 41.625 0.00312448
10.7 43.875 0.00128545
10.9 1.125 0.00223182
10.9 12.375 0.00256291
10.9 14.625 0.00207131
10.9 16.875 0.00211118
10.9 21.375 0.00362154
10.9 23.625 0.00155966
10.9 25.875 0.00189758
10.9 28.125 0.00147177
10.9 30.375 0.00244315
10.9 32.625 0.00236166
10.9 37.125 0.00124679
10.9 39.375 0.0016459
10.9 43.875 0.0022086
11.1 10.125 0.00198841
11.1 12.375 0.0025148
11.1 14.625 0.0019445
11.1 21.375 0.00144334
11.1 23.625 0.0014058
11.1 25.875 0.00202322
11.1 28.125 0.00132145
11.1 30.375 0.00155591
11.1 32.625 0.00302014
11.1 37.125 0.00178627
11.1 39.375 0.00224288
11.1 41.625 0.00215496
11.1 43.875 0.00160401
11.3 1.125 0.00260141
11.3 3.375 0.00206123
11.3 7.875 0.00417543
11.3 10.125 0.00185405
11.3 12.375 0.0020017
11.3 14.625 0.00161826
11.3 23.625 0.00145717
11.3 25.875 0.00204885
11.3 28.125 0.00161134
11.3 30.375 0.00207555
11.3 34.875 0.0026002
11.3 37.125 0.00396909
11.3 39.375 0.00215059
11.3 41.625 0.00153459
11.5 1.125 0.00227032
11.5 7.875 0.00156535
11.5 12.375 0.00279687
11.5 23.625 0.001941
11.5 25.875 0.00187953
11.5 28.125 0.00185821
11.5 32.625 0.0017938
11.5 34.875 0.00243422
11.5 37.125 0.00273957
11.5 39.375 0.0013694
11.5 41.625 0.0012182
11.7 1.125 0.00181375
11.7 3.375 0.00187253
11.7 7.875 0.00357162
11.7 10.125 0.00177455
11.7 12.375 0.00197297
11.7 14.625 0.00233589
11.7 25.875 0.00194153
11.7 28.125 0.00282795
11.7 30.375 0.00502102
11.7 32.625 0.00181704
11.7 34.875 0.00210676
11.7 37.125 0.00240234
11.7 39.375 0.00143966
11.9 1.125 0.00193852
11.9 3.375 0.00274257
11.9 12.375 0.00187854
11.9 21.375 0.00330549
11.9 23.625 0.00331916
11.9 34.875 0.0015273
11.9 37.125 0.00275318
12.1 1.125 0.00179507
12.1 3.375 0.00217347
12.1 5.625 0.00133007
12.1 7.875 0.00154314
12.1 10.125 0.00363819
12.1 12.375 0.00163333
12.1 21.375 0.00194386
12.1 23.625 0.00222446
12.1 32.625 0.00117244
12.1 34.875 0.00188344
12.1 37.125 0.00177101
12.1 39.375 0.00299029
12.3 1.125 0.00219322
12.3 3.375 0.00157343
12.3 5.625 0.00301038
12.3 7.875 0.00172527
12.3 10.125 0.00140713
12.3 12.375 0.00207467
12.3 14.625 0.00262142
12.3 19.125 0.00216576
12.3 21.375 0.00246467
12.3 37.125 0.00191975
12.5 1.125 0.00193855
12.5 3.375 0.00249053
12.5 7.875 0.00300014
12.5 10.125 0.00208508
12.5 12.375 0.00167692
12.5 14.625 0.00238898
12.5 16.875 0.00191822
12.5 21.375 0.00371676
12.5 23.625 0.00156137
12.5 25.875 0.00176343
12.5 32.625 0.00417583
12.5 34.875 0.0013356
12.5 37.125 0.00161291
12.5 39.375 0.00163241
12.7 1.125 0.00174901
12.7 3.375 0.00201566
12.7 10.125 0.00233055
12.7 12.375 0.00228325
12.7 14.625 0.00151004
12.7 16.875 0.00154891
12.7 19.125 0.00180399
12.7 21.375 0.00218744
12.7 23.625 0.00123091
12.7 25.875 0.00280802
12.7 34.875 0.00211362
12.7 37.125 0.00122661
12.7 39.375 0.00126191
12.7 41.625 0.00244344
12.7 43.875 0.00142121
12.9 12.375 0.00179314
12.9 14.625 0.00164286
12.9 19.125 0.00224212
12.9 21.375 0.00184878
12.9 23.625 0.00181081
12.9 25.875 0.00151763
12.9 39.375 0.00339071
13.1 1.125 0.00168929
13.1 10.125 0.00156505
13.1 19.125 0.022282
13.1 21.375 0.00217096
13.1 23.625 0.00146897
13.1 30.375 0.00216164
13.1 32.625 0.00233803
13.1 34.875 0.00188794
13.1 41.625 0.00280457
13.1 43.875 0.00174223
13.3 21.375 0.00106482
13.3 28.125 0.00253578
13.3 34.875 0.00849907
13.3 41.625 0.00124773
13.3 43.875 0.00179388
13.5 21.375 0.00243198
13.5 25.875 0.00127003
13.7 21.375 0.00206763
13.7 28.125 0.00256
13.7 43.875 0.00138451
13.9 7.875 0.00184981
13.9 30.375 0.00175101
13.9 32.625 0.0020206
13.9 43.875 0.00235521
