0.1 1.125 2.69957
0.1 5.625 2.01139
0.1 7.875 2.45012
0.1 10.125 2.98371
0.1 12.375 2.8737
0.1 14.625 3.3092
0.1 16.875 2.64328
0.1 21.375 2.86157
0.1 23.625 3.24464
0.1 25.875 2.71703
0.1 28.125 2.9538
0.1 30.375 2.98424
0.1 32.625 3.2111
0.1 34.875 2.8951
0.1 37.125 2.68998
0.1 39.375 2.84499
0.1 41.625 3.24425
0.1 43.875 2.30208
0.3 1.125 2.82989
0.3 3.375 2.88614
0.3 5.625 2.81183
0.3 7.875 2.5107
0.3 10.125 2.89965
0.3 12.375 2.83112
0.3 14.625 3.08899
0.3 16.875 2.83843
0.3 19.125 2.67921
0.3 21.375 2.57062
0.3 23.625 2.62134
0.3 25.875 2.66224
0.3 28.125 2.8051
0.3 30.375 2.69974
0.3 32.625 2.78696
0.3 34.875 2.80741
0.3 37.125 2.79657
0.3 39.375 2.2811
0.3 41.625 3.08659
0.3 43.875 2.95875
0.5 1.125 2.85707
0.5 3.375 2.83999
0.5 5.625 2.833
0.5 7.875 2.04708
0.5 10.125 2.69762
0.5 12.375 3.05476
0.5 14.625 3.07501
0.5 16.875 2.75804
0.5 19.125 2.98732
0.5 21.375 2.87468
0.5 23.625 3.01221
0.5 25.875 2.71794
0.5 28.125 2.87217
0.5 30.375 2.75886
0.5 32.625 2.82882
0.5 34.875 3.00416
0.5 37.125 2.94659
0.5 39.375 3.06972
0.5 41.625 3.02801
0.5 43.875 3.05919
0.7 1.125 2.77989
0.7 3.375 2.78233
0.7 5.625 2.69722
0.7 7.875 2.73603
0.7 10.125 2.8146
0.7 12.375 2.86761
0.7 14.625 2.72469
0.7 16.875 2.76967
0.7 19.125 2.63181
0.7 21.375 2.97391
0.7 23.625 2.77691
0.7 25.875 2.85204
0.7 28.125 2.83272
0.7 30.375 2.88782
0.7 32.625 2.76677
0.7 34.875 2.69312
0.7 37.125 2.91402
0.7 39.375 2.93558
0.7 41.625 2.84724
0.7 43.875 2.91474
0.9 1.125 2.40893
0.9 3.375 2.20335
0.9 5.625 2.42596
0.9 7.875 2.31816
0.9 10.125 2.54352
0.9 12.375 2.46739
0.9 14.625 2.48676
0.9 16.875 2.47953
0.9 19.125 2.45408
0.9 21.375 2.51383
0.9 23.625 2.47838
0.9 25.875 2.37212
0.9 28.125 2.49677
0.9 30.375 2.60012
0.9 32.625 2.61696
0.9 34.875 2.70479
0.9 37.125 2.52663
0.9 39.375 2.69995
0.9 41.625 2.54853
0.9 43.875 2.60105
1.1 1.125 1.79647
1.1 3.375 1.82813
1.1 5.625 1.52304
1.1 7.875 1.71939
1.1 10.125 1.82175
1.1 12.375 1.69822
1.1 14.625 1.72409
1.1 16.875 1.75745
1.1 19.125 1.89932
1.1 21.375 1.97722
1.1 23.625 1.86364
1.1 25.875 2.09587
1.1 28.125 2.17716
1.1 30.375 2.26773
1.1 32.625 2.2129
1.1 34.875 2.36057
1.1 37.125 2.16433
1.1 39.375 2.34613
1.1 41.625 2.29732
1.1 43.875 2.31873
1.3 1.125 0.92301
1.3 3.375 0.877889
1.3 5.625 0.948098
1.3 7.875 0.924715
1.3 10.125 0.963058
1.3 12.375 0.934934
1.3 14.625 0.97973
1.3 16.875 1.15425
1.3 19.125 1.15912
1.3 21.375 1.13487
1.3 23.625 1.27067
1.3 25.875 1.27972
1.3 28.125 1.50118
1.3 30.375 1.36443
1.3 32.625 1.55759
1.3 34.875 1.60062
1.3 37.125 1.74874
1.3 39.375 1.86355
1.3 41.625 1.97683
1.3 43.875 1.91731
1.5 1.125 0.476722
1.5 3.375 0.510699
1.5 5.625 0.483447
1.5 7.875 0.492758
1.5 10.125 0.521839
1.5 12.375 0.529803
1.5 14.625 0.519962
1.5 16.875 0.531631
1.5 19.125 0.524986
1.5 21.375 0.595872
1.5 23.625 0.60145
1.5 25.875 0.650168
1.5 28.125 0.662531
1.5 30.375 0.78078
1.5 32.625 0.826095
1.5 34.875 0.906194
1.5 37.125 0.940568
1.5 39.375 0.998455
1.5 41.625 1.18703
1.5 43.875 1.19014
1.7 1.125 0.277958
1.7 3.375 0.288343
1.7 5.625 0.285457
1.7 7.875 0.295047
1.7 10.125 0.306752
1.7 12.375 0.312512
1.7 14.625 0.311457
1.7 16.875 0.322376
1.7 19.125 0.329528
1.7 21.375 0.335702
1.7 23.625 0.347657
1.7 25.875 0.358112
1.7 28.125 0.374732
1.7 30.375 0.369609
1.7 32.625 0.414418
1.7 34.875 0.420972
1.7 37.125 0.463785
1.7 39.375 0.410186
1.7 41.625 0.45326
1.7 43.875 0.418172
1.9 1.125 0.177879
1.9 3.375 0.181056
1.9 5.625 0.185614
1.9 7.875 0.185031
1.9 10.125 0.186589
1.9 12.375 0.200107
1.9 14.625 0.20545
1.9 16.875 0.190614
1.9 19.125 0.206397
1.9 21.375 0.209988
1.9 23.625 0.221554
1.9 25.875 0.213068
1.9 28.125 0.229718
1.9 30.375 0.244047
1.9 32.625 0.241624
1.9 34.875 0.243789
1.9 37.125 0.274164
1.9 39.375 0.267859
1.9 41.625 0.286563
1.9 43.875 0.261725
2.1 1.125 0.129903
2.1 3.375 0.121246
2.1 5.625 0.128938
2.1 7.875 0.132558
2.1 10.125 0.129471
2.1 12.375 0.124706
2.1 14.625 0.127143
2.1 16.875 0.142621
2.1 19.125 0.141814
2.1 21.375 0.14128
2.1 23.625 0.151552
2.1 25.875 0.167855
2.1 28.125 0.145645
2.1 30.375 0.157636
2.1 32.625 0.168795
2.1 34.875 0.188669
2.1 37.125 0.166468
2.1 39.375 0.192384
2.1 41.625 0.175062
2.1 43.875 0.181586
2.3 1.125 0.095678
2.3 3.375 0.0956787
2.3 5.625 0.0885074
2.3 7.875 0.089229
2.3 10.125 0.0879987
2.3 12.375 0.0889973
2.3 14.625 0.0890841
2.3 16.875 0.0878055
2.3 19.125 0.101565
2.3 21.375 0.0935962
2.3 23.625 0.100905
2.3 25.875 0.109009
2.3 28.125 0.0999883
2.3 30.375 0.0974887
2.3 32.625 0.111792
2.3 34.875 0.112123
2.3 37.125 0.122048
2.3 39.375 0.118403
2.3 41.625 0.118407
2.3 43.875 0.123096
2.5 1.125 0.0616688
2.5 3.375 0.0642113
2.5 5.625 0.0745179
2.5 7.875 0.0748382
2.5 10.125 0.0626352
2.5 12.375 0.0638683
2.5 14.625 0.0639939
2.5 16.875 0.0670114
2.5 19.125 0.0678985
2.5 21.375 0.0721369
2.5 23.625 0.0716989
2.5 25.875 0.0714227
2.5 28.125 0.077367
2.5 30.375 0.0789093
2.5 32.625 0.0781186
2.5 34.875 0.0899276
2.5 37.125 0.0838233
2.5 39.375 0.0815289
2.5 41.625 0.0819933
2.5 43.875 0.0810891
2.7 1.125 0.0492609
2.7 3.375 0.0495333
2.7 5.625 0.0492949
2.7 7.875 0.0668657
2.7 10.125 0.049136
2.7 12.375 0.0496812
2.7 14.625 0.0502746
2.7 16.875 0.0587291
2.7 19.125 0.0517801
2.7 21.375 0.0585748
2.7 23.625 0.0630675
2.7 25.875 0.059822
2.7 28.125 0.067425
2.7 30.375 0.0644664
2.7 32.625 0.0579857
2.7 34.875 0.0593064
2.7 37.125 0.0656711
2.7 39.375 0.0636699
2.7 41.625 0.0613887
2.7 43.875 0.0606343
2.9 1.125 0.0407694
2.9 3.375 0.0489934
2.9 5.625 0.0426976
2.9 7.875 0.0399918
2.9 10.125 0.0409229
2.9 12.375 0.0444303
2.9 14.625 0.0430286
2.9 16.875 0.0474417
2.9 19.125 0.0420601
2.9 21.375 0.0446395
2.9 23.625 0.0482287
2.9 25.875 0.0485543
2.9 28.125 0.0435725
2.9 30.375 0.0441389
2.9 32.625 0.047208
2.9 34.875 0.0496217
2.9 37.125 0.0501012
2.9 39.375 0.0509091
2.9 41.625 0.0434028
2.9 43.875 0.0462242
3.1 1.125 0.0323754
3.1 3.375 0.0335685
3.1 5.625 0.0343637
3.1 7.875 0.0328097
3.1 10.125 0.0335742
3.1 12.375 0.0346538
3.1 14.625 0.0348338
3.1 16.875 0.040189
3.1 19.125 0.0435646
3.1 21.375 0.0402849
3.1 23.625 0.046936
3.1 25.875 0.0429238
3.1 28.125 0.0472283
3.1 30.375 0.0373651
3.1 32.625 0.0362802
3.1 34.875 0.0431
3.1 37.125 0.0346093
3.1 39.375 0.0350599
3.1 41.625 0.0439542
3.1 43.875 0.0456376
3.3 1.125 0.0243896
3.3 3.375 0.0346063
3.3 5.625 0.0425646
3.3 7.875 0.0259111
3.3 10.125 0.0271023
3.3 12.375 0.0275171
3.3 14.625 0.0358448
3.3 16.875 0.0357195
3.3 19.125 0.0379585
3.3 21.375 0.0372352
3.3 23.625 0.0391465
3.3 25.875 0.0291516
3.3 28.125 0.0299705
3.3 30.375 0.0331433
3.3 32.625 0.0392011
3.3 34.875 0.0373844
3.3 37.125 0.036439
3.3 39.375 0.0311365
3.3 41.625 0.0304874
3.3 43.875 0.0286367
3.5 1.125 0.0217024
3.5 3.375 0.0215286
3.5 5.625 0.0215431
3.5 7.875 0.0262646
3.5 10.125 0.029719
3.5 12.375 0.0295122
3.5 14.625 0.0257774
3.5 16.875 0.0262477
3.5 19.125 0.0237656
3.5 21.375 0.0293564
3.5 23.625 0.0245184
3.5 25.875 0.0253603
3.5 28.125 0.02378
3.5 30.375 0.0327389
3.5 32.625 0.024867
3.5 34.875 0.0250113
3.5 37.125 0.029967
3.5 39.375 0.0280462
3.5 41.625 0.0290615
3.5 43.875 0.0314707
3.7 1.125 0.0179748
3.7 3.375 0.0177853
3.7 5.625 0.0208788
3.7 7.875 0.0204209
3.7 10.125 0.0165254
3.7 12.375 0.031065
3.7 14.625 0.0162869
3.7 16.875 0.0209163
3.7 19.125 0.030785
3.7 21.375 0.0196765
3.7 23.625 0.0354335
3.7 25.875 0.0218885
3.7 28.125 0.0188237
3.7 30.375 0.0200016
3.7 32.625 0.024602
3.7 34.875 0.0222145
3.7 37.125 0.024162
3.7 39.375 0.0193616
3.7 41.625 0.0253776
3.7 43.875 0.0195852
3.9 1.125 0.0161975
3.9 3.375 0.0149782
3.9 5.625 0.0170731
3.9 7.875 0.0143158
3.9 10.125 0.0182545
3.9 12.375 0.0182907
3.9 14.625 0.0214277
3.9 16.875 0.0145951
3.9 19.125 0.0171251
3.9 21.375 0.0166369
3.9 23.625 0.0157019
3.9 25.875 0.0159517
3.9 28.125 0.0165181
3.9 30.375 0.0164966
3.9 32.625 0.0157317
3.9 34.875 0.016772
3.9 37.125 0.0185084
3.9 39.375 0.0245636
3.9 41.625 0.0168052
3.9 43.875 0.0171187
4.1 1.125 0.0270618
4.1 3.375 0.0185321
4.1 5.625 0.0186613
4.1 7.875 0.0151214
4.1 10.125 0.0208244
4.1 12.375 0.0137058
4.1 14.625 0.0184354
4.1 16.875 0.0154974
4.1 19.125 0.0145586
4.1 21.375 0.0304153
4.1 23.625 0.014483
4.1 25.875 0.0218619
4.1 28.125 0.0172409
4.1 30.375 0.0143683
4.1 32.625 0.0133169
4.1 34.875 0.0157204
4.1 37.125 0.0197525
4.1 39.375 0.0181805
4.1 41.625 0.0171044
4.1 43.875 0.0216226
4.3 1.125 0.0181475
4.3 3.375 0.0118462
4.3 5.625 0.0147734
4.3 7.875 0.0113788
4.3 10.125 0.0110786
4.3 12.375 0.0158683
4.3 14.625 0.0114378
4.3 16.875 0.017366
4.3 19.125 0.0129445
4.3 21.375 0.0130871
4.3 23.625 0.0113305
4.3 25.875 0.0155401
4.3 28.125 0.0178753
4.3 30.375 0.0109746
4.3 32.625 0.0110095
4.3 34.875 0.0170385
4.3 37.125 0.0146602
4.3 39.375 0.0116349
4.3 41.625 0.0125949
4.3 43.875 0.0177834
4.5 1.125 0.0106126
4.5 3.375 0.0163844
4.5 5.625 0.0173906
4.5 7.875 0.0112674
4.5 10.125 0.0171064
4.5 12.375 0.00928495
4.5 14.625 0.0138331
4.5 16.875 0.0107011
4.5 19.125 0.013985
4.5 21.375 0.0100301
4.5 23.625 0.00953798
4.5 25.875 0.00974633
4.5 28.125 0.0106955
4.5 30.375 0.0100786
4.5 32.625 0.0148816
4.5 34.875 0.0201604
4.5 37.125 0.0196643
4.5 39.375 0.0109489
4.5 41.625 0.0115118
4.5 43.875 0.0154777
4.7 1.125 0.00802502
4.7 3.375 0.00980861
4.7 5.625 0.00855765
4.7 7.875 0.0091608
4.7 10.125 0.00792903
4.7 12.375 0.0165766
4.7 14.625 0.00936784
4.7 16.875 0.0114205
4.7 19.125 0.00921736
4.7 21.375 0.00935072
4.7 23.625 0.0128796
4.7 25.875 0.00878341
4.7 28.125 0.00887546
4.7 30.375 0.00872805
4.7 32.625 0.0084328
4.7 34.875 0.0257829
4.7 37.125 0.00866004
4.7 39.375 0.00852473
4.7 41.625 0.0104808
4.7 43.875 0.00938022
4.9 1.125 0.0169332
4.9 3.375 0.00819417
4.9 5.625 0.0122829
4.9 7.875 0.0071269
4.9 10.125 0.0075034
4.9 12.375 0.0080072
4.9 14.625 0.0122035
4.9 16.875 0.00968759
4.9 19.125 0.00760705
4.9 21.375 0.0125938
4.9 23.625 0.00734039
4.9 25.875 0.00921429
4.9 28.125 0.0073896
4.9 30.375 0.0119129
4.9 32.625 0.00791594
4.9 34.875 0.0111129
4.9 37.125 0.0124628
4.9 39.375 0.00736896
4.9 41.625 0.00737019
4.9 43.875 0.00756519
5.1 1.125 0.00709295
5.1 3.375 0.00742073
5.1 5.625 0.00705153
5.1 7.875 0.00705793
5.1 10.125 0.00699676
5.1 12.375 0.0154966
5.1 14.625 0.00829113
5.1 16.875 0.0170528
5.1 19.125 0.00736569
5.1 21.375 0.00767439
5.1 23.625 0.0136253
5.1 25.875 0.0154012
5.1 28.125 0.00661085
5.1 30.375 0.00715672
5.1 32.625 0.00698096
5.1 34.875 0.0072969
5.1 37.125 0.0065286
5.1 39.375 0.00937782
5.1 41.625 0.0136692
5.1 43.875 0.0128638
5.3 1.125 0.00749439
5.3 3.375 0.00731824
5.3 5.625 0.00641913
5.3 7.875 0.00645956
5.3 10.125 0.00661682
5.3 12.375 0.014602
5.3 14.625 0.00669111
5.3 16.875 0.00860827
5.3 19.125 0.00898066
5.3 21.375 0.00860964
5.3 23.625 0.021555
5.3 25.875 0.00590339
5.3 28.125 0.00643837
5.3 30.375 0.0126974
5.3 32.625 0.0083938
5.3 34.875 0.0110675
5.3 37.125 0.0129238
5.3 39.375 0.0105518
5.3 41.625 0.00626919
5.3 43.875 0.0058455
5.5 1.125 0.00570242
5.5 3.375 0.0100612
5.5 5.625 0.00590432
5.5 7.875 0.00846775
5.5 10.125 0.00569744
5.5 12.375 0.00580753
5.5 14.625 0.00666919
5.5 16.875 0.0076397
5.5 19.125 0.0103891
5.5 21.375 0.00861946
5.5 23.625 0.00570646
5.5 25.875 0.010747
5.5 28.125 0.00625153
5.5 30.375 0.0103312
5.5 32.625 0.00508853
5.5 34.875 0.017608
5.5 37.125 0.00934624
5.5 39.375 0.00925159
5.5 41.625 0.0058413
5.5 43.875 0.00651224
5.7 1.125 0.00594287
5.7 3.375 0.0146117
5.7 5.625 0.00560575
5.7 7.875 0.00500442
5.7 10.125 0.00565342
5.7 12.375 0.00527682
5.7 14.625 0.00609798
5.7 16.875 0.00529091
5.7 19.125 0.0100447
5.7 21.375 0.0157303
5.7 23.625 0.0101121
5.7 25.875 0.00550017
5.7 28.125 0.00481564
5.7 30.375 0.00587653
5.7 32.625 0.00539345
5.7 34.875 0.0091875
5.7 37.125 0.0204489
5.7 39.375 0.00494546
5.7 41.625 0.00534885
5.7 43.875 0.016065
5.9 1.125 0.00408198
5.9 3.375 0.00605517
5.9 5.625 0.00562756
5.9 7.875 0.00972708
5.9 10.125 0.00451144
5.9 12.375 0.00753914
5.9 14.625 0.0130132
5.9 16.875 0.0114597
5.9 19.125 0.00559422
5.9 21.375 0.00570457
5.9 23.625 0.00477458
5.9 25.875 0.00913226
5.9 28.125 0.00507681
5.9 30.375 0.00549435
5.9 32.625 0.0105475
5.9 34.875 0.0045524
5.9 37.125 0.00462582
5.9 39.375 0.00617455
5.9 41.625 0.00886207
5.9 43.875 0.0090475
6.1 1.125 0.00452806
6.1 3.375 0.00486889
6.1 5.625 0.0048625
6.1 7.875 0.00466818
6.1 10.125 0.0145479
6.1 12.375 0.00495615
6.1 14.625 0.00493478
6.1 16.875 0.00499699
6.1 19.125 0.00856549
6.1 21.375 0.00603707
6.1 23.625 0.00469675
6.1 25.875 0.00549458
6.1 28.125 0.00468476
6.1 30.375 0.00537455
6.1 32.625 0.013564
6.1 34.875 0.0045295
6.1 37.125 0.00929477
6.1 39.375 0.00460702
6.1 41.625 0.00391813
6.1 43.875 0.00401211
6.3 1.125 0.00448244
6.3 3.375 0.00735403
6.3 5.625 0.0094185
6.3 7.875 0.00453753
6.3 10.125 0.0088277
6.3 12.375 0.0133928
6.3 14.625 0.0103041
6.3 16.875 0.0131779
6.3 19.125 0.00443685
6.3 21.375 0.00425363
6.3 23.625 0.01087
6.3 25.875 0.0047655
6.3 28.125 0.00413328
6.3 30.375 0.00961951
6.3 32.625 0.0113779
6.3 34.875 0.00397373
6.3 37.125 0.00462509
6.3 39.375 0.00489255
6.3 41.625 0.00691551
6.3 43.875 0.00401795
6.5 1.125 0.00595046
6.5 3.375 0.0178163
6.5 5.625 0.00949256
6.5 7.875 0.00574435
6.5 10.125 0.00632472
6.5 12.375 0.0120013
6.5 14.625 0.00480269
6.5 16.875 0.00625332
6.5 19.125 0.00450639
6.5 21.375 0.00630942
6.5 23.625 0.00369895
6.5 25.875 0.0130364
6.5 28.125 0.00457232
6.5 30.375 0.00394097
6.5 32.625 0.0038458
6.5 34.875 0.00466406
6.5 37.125 0.00432701
6.5 39.375 0.00333152
6.5 41.625 0.00388348
6.5 43.875 0.00424032
6.7 1.125 0.00715547
6.7 3.375 0.00665179
6.7 5.625 0.00454996
6.7 7.875 0.00490774
6.7 10.125 0.00511509
6.7 12.375 0.00421676
6.7 14.625 0.00410764
6.7 16.875 0.00377678
6.7 19.125 0.0125623
6.7 21.375 0.0073701
6.7 23.625 0.00397456
6.7 25.875 0.0182699
6.7 28.125 0.00362478
6.7 30.375 0.00437685
6.7 32.625 0.00444018
6.7 34.875 0.00413768
6.7 37.125 0.00335827
6.7 39.375 0.0110531
6.7 41.625 0.00351324
6.7 43.875 0.0117952
6.9 1.125 0.00935054
6.9 3.375 0.00567685
6.9 5.625 0.0111592
6.9 7.875 0.00829008
6.9 10.125 0.0345498
6.9 12.375 0.0037023
6.9 14.625 0.00752521
6.9 16.875 0.00350652
6.9 19.125 0.0036918
6.9 21.375 0.0152403
6.9 23.625 0.0127794
6.9 25.875 0.00854421
6.9 28.125 0.00381799
6.9 30.375 0.00441198
6.9 32.625 0.00316558
6.9 34.875 0.00456077
6.9 37.125 0.00978631
6.9 39.375 0.00366471
6.9 41.625 0.00681627
6.9 43.875 0.00719351
7.1 1.125 0.0110423
7.1 3.375 0.00712082
7.1 5.625 0.0124764
7.1 7.875 0.00501462
7.1 10.125 0.0049981
7.1 12.375 0.00677219
7.1 14.625 0.0162272
7.1 16.875 0.00396819
7.1 19.125 0.015626
7.1 21.375 0.00421341
7.1 23.625 0.0113029
7.1 25.875 0.00448734
7.1 28.125 0.015159
7.1 30.375 0.0034113
7.1 32.625 0.0143928
7.1 34.875 0.00400529
7.1 37.125 0.00367568
7.1 39.375 0.00307431
7.1 41.625 0.00879754
7.1 43.875 0.00945106
7.3 1.125 0.00363445
7.3 3.375 0.0153067
7.3 5.625 0.00432385
7.3 7.875 0.00569116
7.3 10.125 0.00345532
7.3 12.375 0.00331681
7.3 14.625 0.0102742
7.3 16.875 0.00469329
7.3 19.125 0.00338255
7.3 21.375 0.0170003
7.3 23.625 0.0140894
7.3 25.875 0.0154068
7.3 28.125 0.00822594
7.3 30.375 0.00454538
7.3 32.625 0.0101031
7.3 34.875 0.00797828
7.3 37.125 0.0203306
7.3 39.375 0.0129208
7.3 41.625 0.0110518
7.3 43.875 0.00957805
7.5 1.125 0.0281994
7.5 3.375 0.00365391
7.5 5.625 0.0120359
7.5 7.875 0.00320052
7.5 10.125 0.0137581
7.5 12.375 0.00377533
7.5 14.625 0.00716839
7.5 16.875 0.00470189
7.5 19.125 0.00496438
7.5 21.375 0.0151735
7.5 23.625 0.00374294
7.5 25.875 0.00341364
7.5 28.125 0.00549615
7.5 30.375 0.0297675
7.5 32.625 0.00377164
7.5 34.875 0.00300754
7.5 37.125 0.018361
7.5 39.375 0.00393444
7.5 41.625 0.00353817
7.5 43.875 0.00887504
7.7 1.125 0.00320056
7.7 3.375 0.0106207
7.7 5.625 0.00309203
7.7 7.875 0.00367064
7.7 10.125 0.0182449
7.7 12.375 0.0032851
7.7 14.625 0.00452376
7.7 16.875 0.00374759
7.7 19.125 0.0156726
7.7 21.375 0.00484628
7.7 23.625 0.0226588
7.7 25.875 0.011205
7.7 28.125 0.0165518
7.7 30.375 0.025094
7.7 32.625 0.00266665
7.7 34.875 0.00883941
7.7 37.125 0.00396337
7.7 39.375 0.00642436
7.7 41.625 0.0130532
7.7 43.875 0.0229035
7.9 1.125 0.00368564
7.9 3.375 0.0060439
7.9 5.625 0.00419958
7.9 7.875 0.00390809
7.9 10.125 0.0119121
7.9 12.375 0.00303998
7.9 14.625 0.00408265
7.9 16.875 0.0154123
7.9 19.125 0.00337805
7.9 21.375 0.00333686
7.9 23.625 0.00878329
7.9 25.875 0.00872732
7.9 28.125 0.0145399
7.9 30.375 0.0167369
7.9 32.625 0.01416
7.9 34.875 0.0031365
7.9 37.125 0.00340323
7.9 39.375 0.00554163
7.9 41.625 0.00880576
7.9 43.875 0.00293533
8.1 1.125 0.00327042
8.1 3.375 0.00595068
8.1 5.625 0.011151
8.1 7.875 0.0229388
8.1 10.125 0.002921
8.1 12.375 0.00899889
8.1 14.625 0.00319599
8.1 16.875 0.0028659
8.1 19.125 0.00332978
8.1 21.375 0.0131834
8.1 23.625 0.0128349
8.1 25.875 0.00331894
8.1 28.125 0.011945
8.1 30.375 0.00331413
8.1 32.625 0.0245014
8.1 34.875 0.00425085
8.1 37.125 0.00314788
8.1 39.375 0.00374498
8.1 41.625 0.00384096
8.1 43.875 0.00336767
8.3 1.125 0.00734615
8.3 3.375 0.00440074
8.3 5.625 0.0150791
8.3 7.875 0.00346022
8.3 10.125 0.00367165
8.3 12.375 0.00400356
8.3 14.625 0.0280974
8.3 16.875 0.00323472
8.3 19.125 0.00434806
8.3 21.375 0.00389688
8.3 23.625 0.00494931
8.3 25.875 0.0122637
8.3 28.125 0.00621976
8.3 30.375 0.00320042
8.3 32.625 0.0031612
8.3 34.875 0.00404691
8.3 37.125 0.00344164
8.3 39.375 0.00460375
8.3 41.625 0.0138646
8.3 43.875 0.00522005
8.5 1.125 0.00359938
8.5 3.375 0.0031267
8.5 5.625 0.00332021
8.5 7.875 0.00427934
8.5 10.125 0.00304372
8.5 12.375 0.00412479
8.5 14.625 0.00499285
8.5 16.875 0.00314179
8.5 19.125 0.00323824
8.5 21.375 0.00368344
8.5 23.625 0.0406153
8.5 25.875 0.00445609
8.5 28.125 0.00399712
8.5 30.375 0.00465754
8.5 32.625 0.00474389
8.5 34.875 0.0034651
8.5 37.125 0.00322846
8.5 39.375 0.0053252
8.5 41.625 0.0066257
8.5 43.875 0.0109156
8.7 1.125 0.0177093
8.7 3.375 0.00309307
8.7 5.625 0.00292289
8.7 7.875 0.00493839
8.7 10.125 0.0114228
8.7 12.375 0.00353001
8.7 14.625 0.00525294
8.7 16.875 0.0391061
8.7 19.125 0.00919113
8.7 21.375 0.00277844
8.7 23.625 0.00544918
8.7 25.875 0.00823688
8.7 28.125 0.00518648
8.7 30.375 0.00255282
8.7 32.625 0.00400079
8.7 34.875 0.00266218
8.7 37.125 0.0195615
8.7 39.375 0.00345052
8.7 41.625 0.00326173
8.7 43.875 0.00359281
8.9 1.125 0.0233182
8.9 3.375 0.00356863
8.9 5.625 0.00298246
8.9 7.875 0.0035954
8.9 10.125 0.0148848
8.9 12.375 0.00330522
8.9 14.625 0.00563828
8.9 16.875 0.0169611
8.9 19.125 0.00641744
8.9 21.375 0.02681
8.9 23.625 0.00363579
8.9 25.875 0.00372244
8.9 28.125 0.00298483
8.9 30.375 0.0025845
8.9 32.625 0.0125769
8.9 34.875 0.0216542
8.9 37.125 0.00300363
8.9 39.375 0.00333689
8.9 41.625 0.0161618
8.9 43.875 0.0029485
9.1 1.125 0.00365086
9.1 3.375 0.00365855
9.1 5.625 0.00326243
9.1 7.875 0.00349875
9.1 10.125 0.00324452
9.1 12.375 0.0154309
9.1 14.625 0.0125831
9.1 16.875 0.00283592
9.1 19.125 0.00550589
9.1 21.375 0.00516131
9.1 23.625 0.00482617
9.1 25.875 0.00337882
9.1 28.125 0.00238069
9.1 30.375 0.0036031
9.1 32.625 0.00384619
9.1 34.875 0.0115441
9.1 37.125 0.0029801
9.1 39.375 0.00551628
9.1 41.625 0.0529018
9.1 43.875 0.00785372
9.3 1.125 0.0223172
9.3 3.375 0.00475927
9.3 5.625 0.0193922
9.3 7.875 0.00545695
9.3 10.125 0.00553726
9.3 12.375 0.0297557
9.3 14.625 0.00693671
9.3 16.875 0.0031265
9.3 19.125 0.00384631
9.3 21.375 0.0029251
9.3 23.625 0.00305036
9.3 25.875 0.00278546
9.3 28.125 0.00980299
9.3 30.375 0.0118373
9.3 32.625 0.0224498
9.3 34.875 0.00519262
9.3 37.125 0.00331923
9.3 39.375 0.0535153
9.3 41.625 0.00631034
9.3 43.875 0.0413175
9.5 1.125 0.00437846
9.5 3.375 0.0042004
9.5 5.625 0.00740805
9.5 7.875 0.00273019
9.5 10.125 0.00503438
9.5 12.375 0.0182945
9.5 14.625 0.013965
9.5 16.875 0.00371494
9.5 19.125 0.00322408
9.5 21.375 0.0200506
9.5 23.625 0.00432833
9.5 25.875 0.00362917
9.5 28.125 0.0032262
9.5 30.375 0.0237708
9.5 32.625 0.0456063
9.5 34.875 0.0024422
9.5 37.125 0.00241867
9.5 39.375 0.00538577
9.5 41.625 0.00371327
9.5 43.875 0.00712416
9.7 1.125 0.00474452
9.7 3.375 0.00847991
9.7 5.625 0.0234183
9.7 7.875 0.00562138
9.7 10.125 0.00741385
9.7 12.375 0.00377471
9.7 14.625 0.0313648
9.7 16.875 0.00324002
9.7 19.125 0.00601971
9.7 21.375 0.00623617
9.7 23.625 0.0200262
9.7 25.875 0.00313928
9.7 28.125 0.00836937
9.7 30.375 0.00290745
9.7 32.625 0.0122982
9.7 34.875 0.00386937
9.7 37.125 0.00313254
9.7 39.375 0.0212388
9.7 41.625 0.00266076
9.7 43.875 0.0061325
9.9 1.125 0.00323267
9.9 3.375 0.0230827
9.9 5.625 0.00304464
9.9 7.875 0.00259454
9.9 10.125 0.00826913
9.9 12.375 0.0406164
9.9 14.625 0.0245985
9.9 16.875 0.00584182
9.9 19.125 0.003242
9.9 21.375 0.00640634
9.9 23.625 0.00316489
9.9 25.875 0.00293775
9.9 28.125 0.031786
9.9 30.375 0.0245107
9.9 32.625 0.010976
9.9 34.875 0.00370151
9.9 37.125 0.0107404
9.9 39.375 0.0030224
9.9 41.625 0.00612627
9.9 43.875 0.00580557
10.1 1.125 0.0379026
10.1 3.375 0.0184072
10.1 5.625 0.0104109
10.1 7.875 0.00285988
10.1 10.125 0.0221633
10.1 12.375 0.00262363
10.1 14.625 0.00360376
10.1 16.875 0.00909524
10.1 19.125 0.00346555
10.1 21.375 0.0372793
10.1 23.625 0.00375895
10.1 25.875 0.00256986
10.1 28.125 0.0085567
10.1 30.375 0.00579062
10.1 32.625 0.00744544
10.1 34.875 0.00379894
10.1 37.125 0.0047231
10.1 39.375 0.0164213
10.1 41.625 0.00337997
10.1 43.875 0.0569516
10.3 1.125 0.00455999
10.3 3.375 0.0272532
10.3 5.625 0.00418992
10.3 7.875 0.00310685
10.3 10.125 0.00360594
10.3 12.375 0.0063149
10.3 14.625 0.0221219
10.3 16.875 0.00865239
10.3 19.125 0.00337819
10.3 21.375 0.00374795
10.3 23.625 0.00411025
10.3 25.875 0.00496795
10.3 28.125 0.00835623
10.3 30.375 0.00395287
10.3 32.625 0.0169738
10.3 34.875 0.0926524
10.3 37.125 0.003579
10.3 39.375 0.00370856
10.3 41.625 0.0411617
10.3 43.875 0.0046526
10.5 1.125 0.0275815
10.5 3.375 0.00369099
10.5 5.625 0.0148959
10.5 7.875 0.00505291
10.5 10.125 0.00238504
10.5 12.375 0.00403979
10.5 14.625 0.00237365
10.5 16.875 0.00274764
10.5 19.125 0.00353983
10.5 21.375 0.00332341
10.5 23.625 0.0403251
10.5 25.875 0.0129055
10.5 28.125 0.00512496
10.5 30.375 0.00950156
10.5 32.625 0.00368319
10.5 34.875 0.0445684
10.5 37.125 0.0218732
10.5 39.375 0.00626839
10.5 41.625 0.0665509
10.5 43.875 0.00451027
10.7 1.125 0.0318792
10.7 3.375 0.0186483
10.7 5.625 0.00460458
10.7 7.875 0.0411908
10.7 10.125 0.00591093
10.7 12.375 0.00564965
10.7 14.625 0.0325609
10.7 16.875 0.00674172
10.7 19.125 0.00373767
10.7 21.375 0.0153717
10.7 23.625 0.00313167
10.7 25.875 0.00543062
10.7 28.125 0.00456161
10.7 30.375 0.0367478
10.7 32.625 0.00427198
10.7 34.875 0.00366164
10.7 37.125 0.0682694
10.7 39.375 0.00464344
10.7 41.625 0.00724761
10.7 43.875 0.00473421
10.9 1.125 0.00402507
10.9 3.375 0.0243186
10.9 5.625 0.0310103
10.9 7.875 0.00314837
10.9 10.125 0.00474862
10.9 12.375 0.00363054
10.9 14.625 0.0304459
10.9 16.875 0.0284469
10.9 19.125 0.00398137
10.9 21.375 0.00992922
10.9 23.625 0.00334695
10.9 25.875 0.00331817
10.9 28.125 0.00971914
10.9 30.375 0.00334492
10.9 32.625 0.0399485
10.9 34.875 0.00372487
10.9 37.125 0.0426705
10.9 39.375 0.065194
10.9 41.625 0.0024697
10.9 43.875 0.0578058
11.1 1.125 0.00432106
11.1 3.375 0.0178693
11.1 5.625 0.020142
11.1 7.875 0.0225859
11.1 10.125 0.0154461
11.1 12.375 0.036516
11.1 14.625 0.0166408
11.1 16.875 0.00548705
11.1 19.125 0.0770595
11.1 21.375 0.00272995
11.1 23.625 0.0032225
11.1 25.875 0.00563999
11.1 28.125 0.00346227
11.1 30.375 0.0465638
11.1 32.625 0.0487513
11.1 34.875 0.0697111
11.1 37.125 0.0395649
11.1 39.375 0.0235563
11.1 41.625 0.0046675
11.1 43.875 0.00452734
11.3 1.125 0.00402629
11.3 3.375 0.0107996
11.3 5.625 0.0158985
11.3 7.875 0.0257327
11.3 10.125 0.00448826
11.3 12.375 0.0123371
11.3 14.625 0.0384643
11.3 16.875 0.00684111
11.3 19.125 0.0594844
11.3 21.375 0.00942742
11.3 23.625 0.00525483
11.3 25.875 0.00356031
11.3 28.125 0.0470941
11.3 30.375 0.00225503
11.3 32.625 0.0616139
11.3 34.875 0.0035581
11.3 37.125 0.00379878
11.3 39.375 0.00481257
11.3 41.625 0.00336808
11.3 43.875 0.0082344
11.5 1.125 0.00304233
11.5 3.375 0.00393103
11.5 5.625 0.00378115
11.5 7.875 0.00452299
11.5 10.125 0.00427019
11.5 12.375 0.00309282
11.5 14.625 0.00804657
11.5 16.875 0.00276639
11.5 19.125 0.0321686
11.5 21.375 0.0207481
11.5 23.625 0.0375263
11.5 25.875 0.00812379
11.5 28.125 0.00732184
11.5 30.375 0.00795808
11.5 32.625 0.00376261
11.5 34.875 0.00258258
11.5 37.125 0.00719576
11.5 39.375 0.018167
11.5 41.625 0.00378364
11.5 43.875 0.00424817
11.7 1.125 0.0291056
11.7 3.375 0.0327637
11.7 5.625 0.00328171
11.7 7.875 0.00257772
11.7 10.125 0.00819858
11.7 12.375 0.00309303
11.7 14.625 0.032194
11.7 16.875 0.0272849
11.7 19.125 0.00423093
11.7 21.375 0.00844211
11.7 23.625 0.0461719
11.7 25.875 0.0159455
11.7 28.125 0.00249934
11.7 30.375 0.011281
11.7 32.625 0.0916232
11.7 34.875 0.00514533
11.7 37.125 0.00307456
11.7 39.375 0.00304566
11.7 41.625 0.00520441
11.7 43.875 0.0107024
11.9 1.125 0.00518272
11.9 3.375 0.0036101
11.9 5.625 0.0150585
11.9 7.875 0.0190016
11.9 10.125 0.00370639
11.9 12.375 0.00690793
11.9 14.625 0.00312928
11.9 16.875 0.0030268
11.9 19.125 0.030879
11.9 21.375 0.0345167
11.9 23.625 0.00605932
11.9 25.875 0.00280648
11.9 28.125 0.00475382
11.9 30.375 0.0342617
11.9 32.625 0.00277808
11.9 34.875 0.0100114
11.9 37.125 0.0107887
11.9 39.375 0.00314999
11.9 41.625 0.0148832
11.9 43.875 0.0740769
12.1 1.125 0.0319565
12.1 3.375 0.00697334
12.1 5.625 0.00264195
12.1 7.875 0.00751649
12.1 10.125 0.00480129
12.1 12.375 0.00350503
12.1 14.625 0.0169318
12.1 16.875 0.00819909
12.1 19.125 0.00353972
12.1 21.375 0.0210827
12.1 23.625 0.0349058
12.1 25.875 0.0802397
12.1 28.125 0.0134636
12.1 30.375 0.00849161
12.1 32.625 0.0174433
12.1 34.875 0.00265181
12.1 37.125 0.00381445
12.1 39.375 0.004958
12.1 41.625 0.00736969
12.1 43.875 0.00559744
12.3 1.125 0.0026752
12.3 3.375 0.0341454
12.3 5.625 0.00347047
12.3 7.875 0.0137842
12.3 10.125 0.00580745
12.3 12.375 0.00403914
12.3 14.625 0.0372023
12.3 16.875 0.0408141
12.3 19.125 0.0110276
12.3 21.375 0.00311793
12.3 23.625 0.0037555
12.3 25.875 0.00557548
12.3 28.125 0.019789
12.3 30.375 0.00534262
12.3 32.625 0.00301367
12.3 34.875 0.00601215
12.3 37.125 0.00345603
12.3 39.375 0.0666227
12.3 41.625 0.00681418
12.3 43.875 0.00494702
12.5 1.125 0.0327473
12.5 3.375 0.0181133
12.5 5.625 0.0186352
12.5 7.875 0.00329476
12.5 10.125 0.00626483
12.5 12.375 0.0026
12.5 14.625 0.0350169
12.5 16.875 0.00375885
12.5 19.125 0.0276287
12.5 21.375 0.0283486
12.5 23.625 0.0777663
12.5 25.875 0.00350617
12.5 28.125 0.00870469
12.5 30.375 0.172803
12.5 32.625 0.0296227
12.5 34.875 0.00496198
12.5 37.125 0.00671226
12.5 39.375 0.0106515
12.5 41.625 0.00915759
12.5 43.875 0.00619048
12.7 1.125 0.0392638
12.7 3.375 0.0523629
12.7 5.625 0.00406251
12.7 7.875 0.0141126
12.7 10.125 0.00542356
12.7 12.375 0.00371836
12.7 14.625 0.00542913
12.7 16.875 0.0337674
12.7 19.125 0.00383953
12.7 21.375 0.00373243
12.7 23.625 0.00590683
12.7 25.875 0.00407054
12.7 28.125 0.00659463
12.7 30.375 0.129567
12.7 32.625 0.00589607
12.7 34.875 0.0193631
12.7 37.125 0.00465123
12.7 39.375 0.00911971
12.7 41.625 0.0234698
12.7 43.875 0.0594193
12.9 1.125 0.00398563
12.9 3.375 0.00436858
12.9 5.625 0.00304564
12.9 7.875 0.00292127
12.9 10.125 0.0373024
12.9 12.375 0.00332069
12.9 14.625 0.0428036
12.9 16.875 0.00733194
12.9 19.125 0.00758091
12.9 21.375 0.131615
12.9 23.625 0.00368713
12.9 25.875 0.00912444
12.9 28.125 0.0127605
12.9 30.375 0.0303201
12.9 32.625 0.00588043
12.9 34.875 0.005641
12.9 37.125 0.0914912
12.9 39.375 0.201322
12.9 41.625 0.109932
12.9 43.875 0.0729718
13.1 1.125 0.0587544
13.1 3.375 0.024615
13.1 5.625 0.00445165
13.1 7.875 0.00638443
13.1 10.125 0.0978991
13.1 12.375 0.00851962
13.1 14.625 0.00740335
13.1 16.875 0.0205805
13.1 19.125 0.0280115
13.1 21.375 0.00376756
13.1 23.625 0.0038513
13.1 25.875 0.0840027
13.1 28.125 0.00671264
13.1 30.375 0.00216199
13.1 32.625 0.0791055
13.1 34.875 0.0355474
13.1 37.125 0.00393222
13.1 39.375 0.00308235
13.1 41.625 0.00347009
13.1 43.875 0.0490955
13.3 1.125 0.0502738
13.3 3.375 0.00647492
13.3 5.625 0.00339465
13.3 7.875 0.00936739
13.3 10.125 0.00644708
13.3 12.375 0.00780154
13.3 14.625 0.00389742
13.3 16.875 0.0052455
13.3 19.125 0.00834656
13.3 21.375 0.0645904
13.3 23.625 0.00868693
13.3 25.875 0.0180818
13.3 28.125 0.0153117
13.3 30.375 0.00461651
13.3 32.625 0.0348544
13.3 34.875 0.0908857
13.3 37.125 0.00706756
13.3 39.375 0.0330294
13.3 41.625 0.0238394
13.3 43.875 0.00358884
13.5 1.125 0.0138252
13.5 3.375 0.00346271
13.5 5.625 0.00303297
13.5 7.875 0.0108186
13.5 10.125 0.00525993
13.5 12.375 0.0830164
13.5 14.625 0.00295023
13.5 16.875 0.00751335
13.5 19.125 0.0938104
13.5 21.375 0.0592184
13.5 23.625 0.0746429
13.5 25.875 0.00381259
13.5 28.125 0.0284716
13.5 30.375 0.00313739
13.5 32.625 0.00463943
13.5 34.875 0.00645696
13.5 37.125 0.015766
13.5 39.375 0.0786701
13.5 41.625 0.00646317
13.5 43.875 0.0110517
13.7 1.125 0.00790924
13.7 3.375 0.00311956
13.7 5.625 0.00859841
13.7 7.875 0.00551781
13.7 10.125 0.00313123
13.7 12.375 0.0509277
13.7 14.625 0.00541808
13.7 16.875 0.00334479
13.7 19.125 0.120773
13.7 21.375 0.102957
13.7 23.625 0.00373322
13.7 25.875 0.00807013
13.7 28.125 0.00333607
13.7 30.375 0.00897258
13.7 32.625 0.00394743
13.7 34.875 0.00829852
13.7 37.125 0.003676
13.7 39.375 0.0616129
13.7 41.625 0.00347642
13.7 43.875 0.0346013
13.9 1.125 0.0037931
13.9 3.375 0.00334521
13.9 5.625 0.00327696
13.9 7.875 0.0056816
13.9 10.125 0.00482251
13.9 12.375 0.0600583
13.9 14.625 0.00443923
13.9 16.875 0.0120932
13.9 19.125 0.00476597
13.9 21.375 0.00264538
13.9 23.625 0.00477912
13.9 25.875 0.0139116
13.9 28.125 0.00293243
13.9 30.375 0.127826
13.9 32.625 0.0042784
13.9 34.875 0.0676163
13.9 37.125 0.00548562
13.9 39.375 0.0165427
13.9 41.625 0.0747015
13.9 43.875 0.00391779
