0.1 1.125 2.05295
0.1 3.375 3.14205
0.1 5.625 4.24413
0.1 7.875 2.56852
0.1 10.125 2.784
0.1 12.375 3.13589
0.1 14.625 3.06458
0.1 16.875 2.76877
0.1 21.375 2.7686
0.1 23.625 3.60826
0.1 25.875 3.5571
0.1 28.125 3.70627
0.1 30.375 1.53455
0.1 32.625 2.83588
0.1 34.875 2.12048
0.1 37.125 1.79446
0.1 39.375 3.56504
0.1 41.625 3.29801
0.1 43.875 2.07752
0.3 1.125 4.76939
0.3 3.375 3.3469
0.3 5.625 3.96403
0.3 7.875 3.64266
0.3 10.125 4.58213
0.3 12.375 4.71465
0.3 14.625 4.72585
0.3 16.875 4.69829
0.3 19.125 4.91267
0.3 21.375 4.21595
0.3 23.625 4.93046
0.3 25.875 4.65696
0.3 28.125 4.92934
0.3 30.375 4.92676
0.3 32.625 4.92076
0.3 34.875 4.75132
0.3 37.125 4.9289
0.3 39.375 4.92932
0.3 41.625 4.74198
0.3 43.875 4.71729
0.5 1.125 4.47937
0.5 3.375 3.68274
0.5 5.625 4.47656
0.5 7.875 4.5959
0.5 10.125 4.51107
0.5 12.375 4.54197
0.5 14.625 4.6543
0.5 16.875 4.82655
0.5 19.125 4.62255
0.5 21.375 4.74376
0.5 23.625 4.82092
0.5 25.875 4.85023
0.5 28.125 4.45711
0.5 30.375 4.78524
0.5 32.625 4.83625
0.5 34.875 4.66978
0.5 37.125 4.6551
0.5 39.375 4.85216
0.5 41.625 4.69216
0.5 43.875 4.52205
0.7 1.125 4.16536
0.7 3.375 3.99746
0.7 5.625 4.51832
0.7 7.875 4.59482
0.7 10.125 4.53331
0.7 12.375 4.50634
0.7 14.625 4.51052
0.7 16.875 4.60125
0.7 19.125 4.61262
0.7 21.375 4.57605
0.7 23.625 4.64294
0.7 25.875 4.60235
0.7 28.125 4.555
0.7 30.375 4.64941
0.7 32.625 4.4997
0.7 34.875 4.56338
0.7 37.125 4.57694
0.7 39.375 4.5609
0.7 41.625 4.61834
0.7 43.875 4.38378
0.9 1.125 3.86152
0.9 3.375 4.03917
0.9 5.625 4.08113
0.9 7.875 4.17433
0.9 10.125 4.16963
0.9 12.375 4.23472
0.9 14.625 4.11698
0.9 16.875 4.2228
0.9 19.125 4.21662
0.9 21.375 4.13708
0.9 23.625 4.23325
0.9 25.875 4.2306
0.9 28.125 4.14755
0.9 30.375 4.34541
0.9 32.625 4.40958
0.9 34.875 4.25523
0.9 37.125 4.30359
0.9 39.375 4.43704
0.9 41.625 4.21847
0.9 43.875 4.30662
1.1 1.125 2.86557
1.1 3.375 3.20102
1.1 5.625 3.26815
1.1 7.875 3.21912
1.1 10.125 3.25832
1.1 12.375 3.1747
1.1 14.625 3.29305
1.1 16.875 3.32238
1.1 19.125 3.54876
1.1 21.375 3.53742
1.1 23.625 3.48534
1.1 25.875 3.6156
1.1 28.125 3.72704
1.1 30.375 3.8839
1.1 32.625 3.95422
1.1 34.875 3.92411
1.1 37.125 3.98629
1.1 39.375 4.02159
1.1 41.625 3.95062
1.1 43.875 3.97257
1.3 1.125 1.70272
1.3 3.375 2.02482
1.3 5.625 1.95008
1.3 7.875 2.06979
1.3 10.125 2.11588
1.3 12.375 2.07553
1.3 14.625 2.22053
1.3 16.875 2.18169
1.3 19.125 2.21523
1.3 21.375 2.54377
1.3 23.625 2.48629
1.3 25.875 2.6494
1.3 28.125 2.72013
1.3 30.375 2.92292
1.3 32.625 2.97811
1.3 34.875 2.99039
1.3 37.125 3.24615
1.3 39.375 3.28736
1.3 41.625 3.39845
1.3 43.875 3.27669
1.5 1.125 0.977816
1.5 3.375 1.06784
1.5 5.625 1.10593
1.5 7.875 1.08022
1.5 10.125 1.14846
1.5 12.375 1.17241
1.5 14.625 1.19442
1.5 16.875 1.21477
1.5 19.125 1.31795
1.5 21.375 1.40192
1.5 23.625 1.46104
1.5 25.875 1.55553
1.5 28.125 1.58856
1.5 30.375 1.80528
1.5 32.625 1.92175
1.5 34.875 2.04343
1.5 37.125 2.05154
1.5 39.375 2.24065
1.5 41.625 2.43108
1.5 43.875 2.55735
1.7 1.125 0.525115
1.7 3.375 0.579117
1.7 5.625 0.610514
1.7 7.875 0.634223
1.7 10.125 0.661813
1.7 12.375 0.635234
1.7 14.625 0.652602
1.7 16.875 0.691853
1.7 19.125 0.681932
1.7 21.375 0.762764
1.7 23.625 0.767372
1.7 25.875 0.84163
1.7 28.125 0.850566
1.7 30.375 0.958929
1.7 32.625 0.985786
1.7 34.875 0.995044
1.7 37.125 1.01883
1.7 39.375 0.96607
1.7 41.625 1.13559
1.7 43.875 1.36906
1.9 1.125 0.327407
1.9 3.375 0.343822
1.9 5.625 0.361177
1.9 7.875 0.384164
1.9 10.125 0.379631
1.9 12.375 0.399483
1.9 14.625 0.402496
1.9 16.875 0.392421
1.9 19.125 0.401514
1.9 21.375 0.42736
1.9 23.625 0.442519
1.9 25.875 0.465689
1.9 28.125 0.469091
1.9 30.375 0.495217
1.9 32.625 0.546819
1.9 34.875 0.600262
1.9 37.125 0.657986
1.9 39.375 0.689001
1.9 41.625 0.735384
1.9 43.875 0.870256
2.1 1.125 0.191887
2.1 3.375 0.224929
2.1 5.625 0.233349
2.1 7.875 0.242279
2.1 10.125 0.242045
2.1 12.375 0.248789
2.1 14.625 0.261472
2.1 16.875 0.271243
2.1 19.125 0.27457
2.1 21.375 0.278261
2.1 23.625 0.283417
2.1 25.875 0.277026
2.1 28.125 0.299203
2.1 30.375 0.324151
2.1 32.625 0.354956
2.1 34.875 0.368091
2.1 37.125 0.3957
2.1 39.375 0.394946
2.1 41.625 0.411847
2.1 43.875 0.409648
2.3 1.125 0.13881
2.3 3.375 0.163205
2.3 5.625 0.167938
2.3 7.875 0.16789
2.3 10.125 0.174961
2.3 12.375 0.172806
2.3 14.625 0.174132
2.3 16.875 0.179489
2.3 19.125 0.183526
2.3 21.375 0.194022
2.3 23.625 0.19116
2.3 25.875 0.197369
2.3 28.125 0.21135
2.3 30.375 0.222127
2.3 32.625 0.232326
2.3 34.875 0.241654
2.3 37.125 0.256379
2.3 39.375 0.257065
2.3 41.625 0.269916
2.3 43.875 0.25975
2.5 1.125 0.106401
2.5 3.375 0.129926
2.5 5.625 0.128643
2.5 7.875 0.129441
2.5 10.125 0.130235
2.5 12.375 0.123344
2.5 14.625 0.123206
2.5 16.875 0.122688
2.5 19.125 0.124453
2.5 21.375 0.131936
2.5 23.625 0.136276
2.5 25.875 0.142417
2.5 28.125 0.156461
2.5 30.375 0.160029
2.5 32.625 0.166877
2.5 34.875 0.173649
2.5 37.125 0.177181
2.5 39.375 0.173997
2.5 41.625 0.179789
2.5 43.875 0.174672
2.7 1.125 0.0963152
2.7 3.375 0.101396
2.7 5.625 0.0945069
2.7 7.875 0.0987673
2.7 10.125 0.0976892
2.7 12.375 0.0991782
2.7 14.625 0.0983952
2.7 16.875 0.0956455
2.7 19.125 0.094289
2.7 21.375 0.0982546
2.7 23.625 0.106443
2.7 25.875 0.105955
2.7 28.125 0.114289
2.7 30.375 0.117062
2.7 32.625 0.142719
2.7 34.875 0.119748
2.7 37.125 0.123702
2.7 39.375 0.120929
2.7 41.625 0.120415
2.7 43.875 0.120763
2.9 1.125 0.0768253
2.9 3.375 0.075835
2.9 5.625 0.0759936
2.9 7.875 0.077091
2.9 10.125 0.0731543
2.9 12.375 0.0748337
2.9 14.625 0.0752713
2.9 16.875 0.0736338
2.9 19.125 0.0753192
2.9 21.375 0.0785513
2.9 23.625 0.0874609
2.9 25.875 0.0900932
2.9 28.125 0.0899685
2.9 30.375 0.0904841
2.9 32.625 0.0891809
2.9 34.875 0.0900127
2.9 37.125 0.0853298
2.9 39.375 0.083838
2.9 41.625 0.0886308
2.9 43.875 0.0832986
3.1 1.125 0.060151
3.1 3.375 0.0593299
3.1 5.625 0.0579833
3.1 7.875 0.0587071
3.1 10.125 0.0611776
3.1 12.375 0.0616215
3.1 14.625 0.0617111
3.1 16.875 0.0615973
3.1 19.125 0.0640726
3.1 21.375 0.0648171
3.1 23.625 0.0670235
3.1 25.875 0.072123
3.1 28.125 0.0695651
3.1 30.375 0.0718516
3.1 32.625 0.072881
3.1 34.875 0.0705974
3.1 37.125 0.068116
3.1 39.375 0.0692233
3.1 41.625 0.0678192
3.1 43.875 0.0692641
3.3 1.125 0.0479119
3.3 3.375 0.0501015
3.3 5.625 0.0479617
3.3 7.875 0.0482539
3.3 10.125 0.0489187
3.3 12.375 0.0492213
3.3 14.625 0.049322
3.3 16.875 0.0503586
3.3 19.125 0.0506539
3.3 21.375 0.0510902
3.3 23.625 0.0554366
3.3 25.875 0.0552295
3.3 28.125 0.0586254
3.3 30.375 0.058082
3.3 32.625 0.056378
3.3 34.875 0.0580308
3.3 37.125 0.0577639
3.3 39.375 0.059379
3.3 41.625 0.0521699
3.3 43.875 0.0549969
3.5 1.125 0.0383541
3.5 3.375 0.0398499
3.5 5.625 0.0402055
3.5 7.875 0.040739
3.5 10.125 0.0395243
3.5 12.375 0.0387291
3.5 14.625 0.03867
3.5 16.875 0.0387484
3.5 19.125 0.0402328
3.5 21.375 0.0391892
3.5 23.625 0.0444993
3.5 25.875 0.0451451
3.5 28.125 0.0490947
3.5 30.375 0.046643
3.5 32.625 0.0453717
3.5 34.875 0.0469889
3.5 37.125 0.0458865
3.5 39.375 0.0492096
3.5 41.625 0.0476458
3.5 43.875 0.0450147
3.7 1.125 0.0355024
3.7 3.375 0.0327843
3.7 5.625 0.0345827
3.7 7.875 0.0329444
3.7 10.125 0.0323919
3.7 12.375 0.0322987
3.7 14.625 0.0310891
3.7 16.875 0.0363722
3.7 19.125 0.0356995
3.7 21.375 0.0403966
3.7 23.625 0.0360183
3.7 25.875 0.0376031
3.7 28.125 0.0381405
3.7 30.375 0.0382379
3.7 32.625 0.0392521
3.7 34.875 0.0378609
3.7 37.125 0.0393112
3.7 39.375 0.0402357
3.7 41.625 0.0398966
3.7 43.875 0.0406481
3.9 1.125 0.0297195
3.9 3.375 0.0307275
3.9 5.625 0.0299384
3.9 7.875 0.0304399
3.9 10.125 0.0311702
3.9 12.375 0.0297604
3.9 14.625 0.0291146
3.9 16.875 0.0286828
3.9 19.125 0.0296845
3.9 21.375 0.0289693
3.9 23.625 0.0297351
3.9 25.875 0.0305339
3.9 28.125 0.0291568
3.9 30.375 0.0315483
3.9 32.625 0.0321963
3.9 34.875 0.03113
3.9 37.125 0.0315739
3.9 39.375 0.033687
3.9 41.625 0.0329556
3.9 43.875 0.0336417
4.1 1.125 0.0246871
4.1 3.375 0.0261524
4.1 5.625 0.0242033
4.1 7.875 0.0248739
4.1 10.125 0.024458
4.1 12.375 0.0261875
4.1 14.625 0.0262631
4.1 16.875 0.0283928
4.1 19.125 0.0285962
4.1 21.375 0.0257189
4.1 23.625 0.0268074
4.1 25.875 0.0260868
4.1 28.125 0.0258649
4.1 30.375 0.0261709
4.1 32.625 0.0271547
4.1 34.875 0.0254664
4.1 37.125 0.0259789
4.1 39.375 0.0267526
4.1 41.625 0.0280184
4.1 43.875 0.0271701
4.3 1.125 0.0218225
4.3 3.375 0.0236369
4.3 5.625 0.0218647
4.3 7.875 0.0214005
4.3 10.125 0.0227234
4.3 12.375 0.0211475
4.3 14.625 0.0219044
4.3 16.875 0.0228078
4.3 19.125 0.0232343
4.3 21.375 0.0223777
4.3 23.625 0.0242638
4.3 25.875 0.0235662
4.3 28.125 0.0224871
4.3 30.375 0.0227163
4.3 32.625 0.0220878
4.3 34.875 0.021706
4.3 37.125 0.0210873
4.3 39.375 0.0233635
4.3 41.625 0.0229543
4.3 43.875 0.0225111
4.5 1.125 0.0178006
4.5 3.375 0.0181993
4.5 5.625 0.0172531
4.5 7.875 0.0181615
4.5 10.125 0.0182428
4.5 12.375 0.017848
4.5 14.625 0.0192572
4.5 16.875 0.0196505
4.5 19.125 0.0198035
4.5 21.375 0.0208045
4.5 23.625 0.0201809
4.5 25.875 0.0200294
4.5 28.125 0.0210834
4.5 30.375 0.0204683
4.5 32.625 0.0195842
4.5 34.875 0.0191633
4.5 37.125 0.0182604
4.5 39.375 0.018452
4.5 41.625 0.0181702
4.5 43.875 0.0187221
4.7 1.125 0.015897
4.7 3.375 0.0157341
4.7 5.625 0.0154303
4.7 7.875 0.0152544
4.7 10.125 0.0150015
4.7 12.375 0.0161615
4.7 14.625 0.0174474
4.7 16.875 0.0167514
4.7 19.125 0.0179024
4.7 21.375 0.0175429
4.7 23.625 0.0178774
4.7 25.875 0.0174893
4.7 28.125 0.0170646
4.7 30.375 0.0163383
4.7 32.625 0.0167766
4.7 34.875 0.0168691
4.7 37.125 0.0171416
4.7 39.375 0.0160304
4.7 41.625 0.0149634
4.7 43.875 0.0156806
4.9 1.125 0.0134592
4.9 3.375 0.0134132
4.9 5.625 0.0126897
4.9 7.875 0.0124948
4.9 10.125 0.0140166
4.9 12.375 0.022776
4.9 14.625 0.0133265
4.9 16.875 0.0149832
4.9 19.125 0.0135877
4.9 21.375 0.0148324
4.9 23.625 0.0148598
4.9 25.875 0.0148776
4.9 28.125 0.0293305
4.9 30.375 0.0149085
4.9 32.625 0.0148066
4.9 34.875 0.0149491
4.9 37.125 0.0140857
4.9 39.375 0.013914
4.9 41.625 0.0127678
4.9 43.875 0.0129311
5.1 1.125 0.0145044
5.1 3.375 0.0111479
5.1 5.625 0.011897
5.1 7.875 0.0112884
5.1 10.125 0.0121619
5.1 12.375 0.018707
5.1 14.625 0.0136012
5.1 16.875 0.0122439
5.1 19.125 0.013213
5.1 21.375 0.0126112
5.1 23.625 0.0125913
5.1 25.875 0.0128102
5.1 28.125 0.0118206
5.1 30.375 0.0121915
5.1 32.625 0.0160744
5.1 34.875 0.0129072
5.1 37.125 0.0132228
5.1 39.375 0.0125886
5.1 41.625 0.0123447
5.1 43.875 0.0113887
5.3 1.125 0.0103263
5.3 3.375 0.00986906
5.3 5.625 0.00987027
5.3 7.875 0.0100136
5.3 10.125 0.00979742
5.3 12.375 0.00990507
5.3 14.625 0.0102798
5.3 16.875 0.0163494
5.3 19.125 0.0111016
5.3 21.375 0.0115465
5.3 23.625 0.0119127
5.3 25.875 0.0112012
5.3 28.125 0.0112279
5.3 30.375 0.0107436
5.3 32.625 0.0110055
5.3 34.875 0.0111609
5.3 37.125 0.0158432
5.3 39.375 0.0106904
5.3 41.625 0.0106735
5.3 43.875 0.0109827
5.5 1.125 0.0085368
5.5 3.375 0.00879859
5.5 5.625 0.00839457
5.5 7.875 0.00976173
5.5 10.125 0.00904095
5.5 12.375 0.0087991
5.5 14.625 0.00938344
5.5 16.875 0.00973938
5.5 19.125 0.00958531
5.5 21.375 0.00940613
5.5 23.625 0.0100631
5.5 25.875 0.0097353
5.5 28.125 0.00984586
5.5 30.375 0.0176359
5.5 32.625 0.00949415
5.5 34.875 0.00963312
5.5 37.125 0.00908292
5.5 39.375 0.00897007
5.5 41.625 0.00949047
5.5 43.875 0.00991672
5.7 1.125 0.00741546
5.7 3.375 0.00747592
5.7 5.625 0.0126174
5.7 7.875 0.00726995
5.7 10.125 0.0107525
5.7 12.375 0.00834382
5.7 14.625 0.00800881
5.7 16.875 0.00846285
5.7 19.125 0.00861469
5.7 21.375 0.00835888
5.7 23.625 0.0104761
5.7 25.875 0.00988526
5.7 28.125 0.00846547
5.7 30.375 0.0093564
5.7 32.625 0.00862939
5.7 34.875 0.00798279
5.7 37.125 0.00841273
5.7 39.375 0.0088555
5.7 41.625 0.00857249
5.7 43.875 0.00851856
5.9 1.125 0.0165406
5.9 3.375 0.00639813
5.9 5.625 0.00640791
5.9 7.875 0.00666314
5.9 10.125 0.00912178
5.9 12.375 0.00669987
5.9 14.625 0.00735833
5.9 16.875 0.00797629
5.9 19.125 0.00756575
5.9 21.375 0.00730296
5.9 23.625 0.00705761
5.9 25.875 0.00814606
5.9 28.125 0.00804679
5.9 30.375 0.00919254
5.9 32.625 0.00835976
5.9 34.875 0.00874277
5.9 37.125 0.00928941
5.9 39.375 0.00753296
5.9 41.625 0.00746207
5.9 43.875 0.00773066
6.1 1.125 0.00615909
6.1 3.375 0.00623611
6.1 5.625 0.00610732
6.1 7.875 0.00609635
6.1 10.125 0.00622282
6.1 12.375 0.0196502
6.1 14.625 0.00629622
6.1 16.875 0.00658415
6.1 19.125 0.00705466
6.1 21.375 0.0067489
6.1 23.625 0.00681097
6.1 25.875 0.0122947
6.1 28.125 0.00669356
6.1 30.375 0.00718247
6.1 32.625 0.00696444
6.1 34.875 0.00697776
6.1 37.125 0.00645261
6.1 39.375 0.00705324
6.1 41.625 0.00707243
6.1 43.875 0.0070471
6.3 1.125 0.00607982
6.3 3.375 0.00630336
6.3 5.625 0.00597693
6.3 7.875 0.0184793
6.3 10.125 0.00591762
6.3 12.375 0.00671931
6.3 14.625 0.00672119
6.3 16.875 0.00615063
6.3 19.125 0.00608494
6.3 21.375 0.0057908
6.3 23.625 0.00577123
6.3 25.875 0.00636897
6.3 28.125 0.0124102
6.3 30.375 0.0064584
6.3 32.625 0.00561904
6.3 34.875 0.00615278
6.3 37.125 0.00638455
6.3 39.375 0.00586339
6.3 41.625 0.0063309
6.3 43.875 0.0107879
6.5 1.125 0.00527438
6.5 3.375 0.00551305
6.5 5.625 0.00532838
6.5 7.875 0.0140582
6.5 10.125 0.00518364
6.5 12.375 0.0061432
6.5 14.625 0.00552101
6.5 16.875 0.00580783
6.5 19.125 0.00582774
6.5 21.375 0.00519167
6.5 23.625 0.00621334
6.5 25.875 0.0054425
6.5 28.125 0.00549233
6.5 30.375 0.00518025
6.5 32.625 0.0051914
6.5 34.875 0.00540151
6.5 37.125 0.0058843
6.5 39.375 0.00587521
6.5 41.625 0.00632369
6.5 43.875 0.00540723
6.7 1.125 0.00607574
6.7 3.375 0.00589236
6.7 5.625 0.00478976
6.7 7.875 0.00493602
6.7 10.125 0.00526573
6.7 12.375 0.00505157
6.7 14.625 0.00562935
6.7 16.875 0.00522719
6.7 19.125 0.00541074
6.7 21.375 0.00510962
6.7 23.625 0.00521878
6.7 25.875 0.00487981
6.7 28.125 0.00492823
6.7 30.375 0.00476865
6.7 32.625 0.0048923
6.7 34.875 0.00475221
6.7 37.125 0.00492495
6.7 39.375 0.00547629
6.7 41.625 0.00521467
6.7 43.875 0.0054517
6.9 1.125 0.0044617
6.9 3.375 0.00456243
6.9 5.625 0.00503805
6.9 7.875 0.00479305
6.9 10.125 0.00466011
6.9 12.375 0.00456257
6.9 14.625 0.00506432
6.9 16.875 0.00524442
6.9 19.125 0.00471793
6.9 21.375 0.00501319
6.9 23.625 0.00546743
6.9 25.875 0.00465451
6.9 28.125 0.00460724
6.9 30.375 0.00482506
6.9 32.625 0.00496975
6.9 34.875 0.0046911
6.9 37.125 0.00457796
6.9 39.375 0.0047875
6.9 41.625 0.00474617
6.9 43.875 0.00478046
7.1 1.125 0.00425926
7.1 3.375 0.00432278
7.1 5.625 0.00409657
7.1 7.875 0.00590015
7.1 10.125 0.0142852
7.1 12.375 0.00445023
7.1 14.625 0.00441033
7.1 16.875 0.00412216
7.1 19.125 0.00913117
7.1 21.375 0.00469409
7.1 23.625 0.0126704
7.1 25.875 0.00744379
7.1 28.125 0.00450457
7.1 30.375 0.00429795
7.1 32.625 0.00431742
7.1 34.875 0.00404676
7.1 37.125 0.00442125
7.1 39.375 0.00463757
7.1 41.625 0.0045724
7.1 43.875 0.0046737
7.3 1.125 0.00408066
7.3 3.375 0.00465379
7.3 5.625 0.00414735
7.3 7.875 0.0049857
7.3 10.125 0.00441581
7.3 12.375 0.00417236
7.3 14.625 0.00429952
7.3 16.875 0.00461805
7.3 19.125 0.00462958
7.3 21.375 0.00415993
7.3 23.625 0.00796054
7.3 25.875 0.00441977
7.3 28.125 0.00429225
7.3 30.375 0.00468854
7.3 32.625 0.0142903
7.3 34.875 0.00389083
7.3 37.125 0.00454711
7.3 39.375 0.00422831
7.3 41.625 0.00407732
7.3 43.875 0.013214
7.5 1.125 0.00344422
7.5 3.375 0.00371556
7.5 5.625 0.00560006
7.5 7.875 0.00553794
7.5 10.125 0.00490252
7.5 12.375 0.00387822
7.5 14.625 0.00394078
7.5 16.875 0.0037876
7.5 19.125 0.00384036
7.5 21.375 0.00389968
7.5 23.625 0.00404534
7.5 25.875 0.00673509
7.5 28.125 0.00387043
7.5 30.375 0.00361793
7.5 32.625 0.00391718
7.5 34.875 0.00365218
7.5 37.125 0.00429135
7.5 39.375 0.00380163
7.5 41.625 0.00402557
7.5 43.875 0.00384002
7.7 1.125 0.00802997
7.7 3.375 0.0037729
7.7 5.625 0.00364384
7.7 7.875 0.0034841
7.7 10.125 0.00367508
7.7 12.375 0.0140691
7.7 14.625 0.00397185
7.7 16.875 0.0137858
7.7 19.125 0.00364208
7.7 21.375 0.00369861
7.7 23.625 0.0104317
7.7 25.875 0.00364255
7.7 28.125 0.00381273
7.7 30.375 0.00378142
7.7 32.625 0.00345159
7.7 34.875 0.00339314
7.7 37.125 0.00387054
7.7 39.375 0.0105069
7.7 41.625 0.00394241
7.7 43.875 0.00460958
7.9 1.125 0.0033766
7.9 3.375 0.00344685
7.9 5.625 0.0116427
7.9 7.875 0.00348562
7.9 10.125 0.00320564
7.9 12.375 0.0036644
7.9 14.625 0.00365887
7.9 16.875 0.00348719
7.9 19.125 0.00551157
7.9 21.375 0.00502679
7.9 23.625 0.00373819
7.9 25.875 0.0100248
7.9 28.125 0.00384189
7.9 30.375 0.00336648
7.9 32.625 0.0040812
7.9 34.875 0.00350183
7.9 37.125 0.00366829
7.9 39.375 0.00391399
7.9 41.625 0.00350024
7.9 43.875 0.00357302
8.1 1.125 0.00339484
8.1 3.375 0.00311112
8.1 5.625 0.00645167
8.1 7.875 0.00992542
8.1 10.125 0.0095063
8.1 12.375 0.00371655
8.1 14.625 0.00326681
8.1 16.875 0.0117555
8.1 19.125 0.0120842
8.1 21.375 0.0123637
8.1 23.625 0.0214756
8.1 25.875 0.00479697
8.1 28.125 0.0128715
8.1 30.375 0.00345684
8.1 32.625 0.00354299
8.1 34.875 0.00337188
8.1 37.125 0.00344237
8.1 39.375 0.00373528
8.1 41.625 0.00323438
8.1 43.875 0.00319018
8.3 1.125 0.00339386
8.3 3.375 0.00321676
8.3 5.625 0.00301527
8.3 7.875 0.0132137
8.3 10.125 0.00354031
8.3 12.375 0.00348467
8.3 14.625 0.00320707
8.3 16.875 0.0030947
8.3 19.125 0.00657308
8.3 21.375 0.011376
8.3 23.625 0.00321119
8.3 25.875 0.00361055
8.3 28.125 0.0144226
8.3 30.375 0.0032231
8.3 32.625 0.00335821
8.3 34.875 0.00718448
8.3 37.125 0.00316239
8.3 39.375 0.00312752
8.3 41.625 0.00340791
8.3 43.875 0.00289609
8.5 1.125 0.00293386
8.5 3.375 0.0029588
8.5 5.625 0.00284173
8.5 7.875 0.02408
8.5 10.125 0.00387346
8.5 12.375 0.00299359
8.5 14.625 0.00297345
8.5 16.875 0.00744984
8.5 19.125 0.00399314
8.5 21.375 0.00348176
8.5 23.625 0.00325457
8.5 25.875 0.00351875
8.5 28.125 0.00306436
8.5 30.375 0.00329264
8.5 32.625 0.0032876
8.5 34.875 0.00310867
8.5 37.125 0.00318955
8.5 39.375 0.00364412
8.5 41.625 0.0029107
8.5 43.875 0.00331032
8.7 1.125 0.00580937
8.7 3.375 0.00267892
8.7 5.625 0.00324345
8.7 7.875 0.00317473
8.7 10.125 0.00277122
8.7 12.375 0.00278081
8.7 14.625 0.00286152
8.7 16.875 0.00336544
8.7 19.125 0.0028901
8.7 21.375 0.0037106
8.7 23.625 0.00308743
8.7 25.875 0.00310911
8.7 28.125 0.00357846
8.7 30.375 0.0136094
8.7 32.625 0.00308437
8.7 34.875 0.00302913
8.7 37.125 0.0029297
8.7 39.375 0.0103932
8.7 41.625 0.00295964
8.7 43.875 0.0030463
8.9 1.125 0.00290246
8.9 3.375 0.00333756
8.9 5.625 0.00285251
8.9 7.875 0.00303362
8.9 10.125 0.00312158
8.9 12.375 0.00297833
8.9 14.625 0.00313712
8.9 16.875 0.00288505
8.9 19.125 0.0028065
8.9 21.375 0.00302487
8.9 23.625 0.00331113
8.9 25.875 0.00283356
8.9 28.125 0.00286778
8.9 30.375 0.00279042
8.9 32.625 0.0029224
8.9 34.875 0.0030476
8.9 37.125 0.00302138
8.9 39.375 0.00475541
8.9 41.625 0.00306241
8.9 43.875 0.010925
9.1 1.125 0.00283714
9.1 3.375 0.0028465
9.1 5.625 0.00303443
9.1 7.875 0.0026686
9.1 10.125 0.0030948
9.1 12.375 0.002848
9.1 14.625 0.00310745
9.1 16.875 0.0133837
9.1 19.125 0.0030644
9.1 21.375 0.00304494
9.1 23.625 0.00443221
9.1 25.875 0.00267628
9.1 28.125 0.00323398
9.1 30.375 0.00307422
9.1 32.625 0.00298467
9.1 34.875 0.00288168
9.1 37.125 0.00265933
9.1 39.375 0.00284087
9.1 41.625 0.00269602
9.1 43.875 0.00269142
9.3 1.125 0.00270303
9.3 3.375 0.00276964
9.3 5.625 0.00266332
9.3 7.875 0.00284105
9.3 10.125 0.00284048
9.3 12.375 0.00284747
9.3 14.625 0.00299477
9.3 16.875 0.00286059
9.3 19.125 0.00290702
9.3 21.375 0.00290384
9.3 23.625 0.00277236
9.3 25.875 0.00263018
9.3 28.125 0.00290488
9.3 30.375 0.00274533
9.3 32.625 0.00469012
9.3 34.875 0.00384439
9.3 37.125 0.00288329
9.3 39.375 0.00273762
9.3 41.625 0.00330723
9.3 43.875 0.00250067
9.5 1.125 0.00258216
9.5 3.375 0.00269121
9.5 5.625 0.00274449
9.5 7.875 0.00254872
9.5 10.125 0.00292449
9.5 12.375 0.00366195
9.5 14.625 0.00278046
9.5 16.875 0.00292913
9.5 19.125 0.00361189
9.5 21.375 0.00240673
9.5 23.625 0.00285193
9.5 25.875 0.00259419
9.5 28.125 0.00255189
9.5 30.375 0.00313786
9.5 32.625 0.00293392
9.5 34.875 0.00330195
9.5 37.125 0.00624492
9.5 39.375 0.00504722
9.5 41.625 0.00282997
9.5 43.875 0.00253575
9.7 1.125 0.00261957
9.7 3.375 0.0160202
9.7 5.625 0.00506431
9.7 7.875 0.00335634
9.7 10.125 0.0034838
9.7 12.375 0.0026051
9.7 14.625 0.00324827
9.7 16.875 0.00276954
9.7 19.125 0.00251133
9.7 21.375 0.00248516
9.7 23.625 0.00238271
9.7 25.875 0.0028616
9.7 28.125 0.00278399
9.7 30.375 0.00268389
9.7 32.625 0.00476941
9.7 34.875 0.00279243
9.7 37.125 0.00283391
9.7 39.375 0.00414746
9.7 41.625 0.00255739
9.7 43.875 0.00269846
9.9 1.125 0.00261203
9.9 3.375 0.00279094
9.9 5.625 0.00260383
9.9 7.875 0.00524112
9.9 10.125 0.00746023
9.9 12.375 0.00269266
9.9 14.625 0.00280275
9.9 16.875 0.00263873
9.9 19.125 0.00375454
9.9 21.375 0.00270691
9.9 23.625 0.00271645
9.9 25.875 0.00249193
9.9 28.125 0.00256313
9.9 30.375 0.00351947
9.9 32.625 0.00279672
9.9 34.875 0.0026488
9.9 37.125 0.00249846
9.9 39.375 0.00263783
9.9 41.625 0.0035176
9.9 43.875 0.00279463
10.1 1.125 0.00320159
10.1 3.375 0.00342569
10.1 5.625 0.00261758
10.1 7.875 0.00266163
10.1 10.125 0.00302542
10.1 12.375 0.00264464
10.1 14.625 0.00363054
10.1 16.875 0.00358873
10.1 19.125 0.00266418
10.1 21.375 0.00260025
10.1 23.625 0.00254899
10.1 25.875 0.00239949
10.1 28.125 0.00265779
10.1 30.375 0.00243412
10.1 32.625 0.00236129
10.1 34.875 0.0025973
10.1 37.125 0.00250427
10.1 39.375 0.00365391
10.1 41.625 0.0181771
10.1 43.875 0.00210892
10.3 1.125 0.00225014
10.3 3.375 0.013925
10.3 5.625 0.00275174
10.3 7.875 0.00332946
10.3 10.125 0.00395918
10.3 12.375 0.00251639
10.3 14.625 0.00285118
10.3 16.875 0.0048076
10.3 19.125 0.00759924
10.3 21.375 0.00693099
10.3 23.625 0.00267897
10.3 25.875 0.00360034
10.3 28.125 0.00255204
10.3 30.375 0.00287129
10.3 32.625 0.0141758
10.3 34.875 0.00256111
10.3 37.125 0.00263483
10.3 39.375 0.00246192
10.3 41.625 0.00267592
10.3 43.875 0.0172905
10.5 1.125 0.00324195
10.5 3.375 0.0234154
10.5 5.625 0.0023371
10.5 7.875 0.00281872
10.5 10.125 0.00271035
10.5 12.375 0.00315976
10.5 14.625 0.00439523
10.5 16.875 0.014038
10.5 19.125 0.00542571
10.5 21.375 0.0059252
10.5 23.625 0.0029426
10.5 25.875 0.00330671
10.5 28.125 0.00257222
10.5 30.375 0.002602
10.5 32.625 0.00243791
10.5 34.875 0.0069454
10.5 37.125 0.00295344
10.5 39.375 0.0155018
10.5 41.625 0.00254011
10.5 43.875 0.00324815
10.7 1.125 0.00249972
10.7 3.375 0.00287284
10.7 5.625 0.00382722
10.7 7.875 0.00235001
10.7 10.125 0.00284735
10.7 12.375 0.0195915
10.7 14.625 0.00353378
10.7 16.875 0.0200521
10.7 19.125 0.00241227
10.7 21.375 0.00519526
10.7 23.625 0.0146847
10.7 25.875 0.00218425
10.7 28.125 0.00252525
10.7 30.375 0.00359249
10.7 32.625 0.00238352
10.7 34.875 0.00234873
10.7 37.125 0.00295691
10.7 39.375 0.0028507
10.7 41.625 0.00301389
10.7 43.875 0.00261443
10.9 1.125 0.00255165
10.9 3.375 0.00224319
10.9 5.625 0.00331132
10.9 7.875 0.00230611
10.9 10.125 0.00252345
10.9 12.375 0.00236091
10.9 14.625 0.00253954
10.9 16.875 0.00243721
10.9 19.125 0.00284739
10.9 21.375 0.00446374
10.9 23.625 0.00318529
10.9 25.875 0.00287071
10.9 28.125 0.00332259
10.9 30.375 0.00293142
10.9 32.625 0.00256698
10.9 34.875 0.00263142
10.9 37.125 0.00270869
10.9 39.375 0.00220369
10.9 41.625 0.0244348
10.9 43.875 0.00286112
11.1 1.125 0.00311168
11.1 3.375 0.00267138
11.1 5.625 0.00265544
11.1 7.875 0.00269089
11.1 10.125 0.00225964
11.1 12.375 0.00254089
11.1 14.625 0.00266502
11.1 16.875 0.00224877
11.1 19.125 0.00358922
11.1 21.375 0.00253121
11.1 23.625 0.00223029
11.1 25.875 0.00245751
11.1 28.125 0.00344372
11.1 30.375 0.00245754
11.1 32.625 0.00372216
11.1 34.875 0.00221027
11.1 37.125 0.00254783
11.1 39.375 0.00265864
11.1 41.625 0.0021941
11.1 43.875 0.00331826
11.3 1.125 0.0023675
11.3 3.375 0.00306956
11.3 5.625 0.00263871
11.3 7.875 0.00271233
11.3 10.125 0.00246442
11.3 12.375 0.00230647
11.3 14.625 0.00207742
11.3 16.875 0.00251423
11.3 19.125 0.00242849
11.3 21.375 0.0026496
11.3 23.625 0.00354306
11.3 25.875 0.0160709
11.3 28.125 0.00284438
11.3 30.375 0.00280309
11.3 32.625 0.00227282
11.3 34.875 0.00375733
11.3 37.125 0.0028039
11.3 39.375 0.00468345
11.3 41.625 0.0033563
11.3 43.875 0.0247682
11.5 1.125 0.00236469
11.5 3.375 0.00627417
11.5 5.625 0.00250321
11.5 7.875 0.00235613
11.5 10.125 0.00818419
11.5 12.375 0.00235299
11.5 14.625 0.0028115
11.5 16.875 0.00255771
11.5 19.125 0.00219281
11.5 21.375 0.00407736
11.5 23.625 0.00454784
11.5 25.875 0.0238968
11.5 28.125 0.00285088
11.5 30.375 0.0294137
11.5 32.625 0.0256506
11.5 34.875 0.0025119
11.5 37.125 0.00401029
11.5 39.375 0.00210408
11.5 41.625 0.0472076
11.5 43.875 0.0024431
11.7 1.125 0.00256225
11.7 3.375 0.00236792
11.7 5.625 0.00341975
11.7 7.875 0.0027862
11.7 10.125 0.00280283
11.7 12.375 0.00227362
11.7 14.625 0.00241568
11.7 16.875 0.00301738
11.7 19.125 0.00243991
11.7 21.375 0.00263918
11.7 23.625 0.00274486
11.7 25.875 0.00275459
11.7 28.125 0.00262883
11.7 30.375 0.00320728
11.7 32.625 0.00335384
11.7 34.875 0.00248817
11.7 37.125 0.00222663
11.7 39.375 0.00255455
11.7 41.625 0.00305903
11.7 43.875 0.00209881
11.9 1.125 0.00292694
11.9 3.375 0.0315936
11.9 5.625 0.00561242
11.9 7.875 0.00288598
11.9 10.125 0.0120757
11.9 12.375 0.00236474
11.9 14.625 0.0136916
11.9 16.875 0.00368691
11.9 19.125 0.00202685
11.9 21.375 0.00215892
11.9 23.625 0.00250708
11.9 25.875 0.00249788
11.9 28.125 0.00258855
11.9 30.375 0.00281077
11.9 32.625 0.00415135
11.9 34.875 0.00223342
11.9 37.125 0.00244079
11.9 39.375 0.00247793
11.9 41.625 0.00255936
11.9 43.875 0.00783507
12.1 1.125 0.00247159
12.1 3.375 0.00258838
12.1 5.625 0.00295342
12.1 7.875 0.0653426
12.1 10.125 0.00268608
12.1 12.375 0.0209232
12.1 14.625 0.00270338
12.1 16.875 0.00230296
12.1 19.125 0.00249656
12.1 21.375 0.00246272
12.1 23.625 0.00307589
12.1 25.875 0.00260595
12.1 28.125 0.00213684
12.1 30.375 0.00262421
12.1 32.625 0.0340893
12.1 34.875 0.00256172
12.1 37.125 0.00242721
12.1 39.375 0.00244678
12.1 41.625 0.0026224
12.1 43.875 0.00475693
12.3 1.125 0.0100591
12.3 3.375 0.0344382
12.3 5.625 0.00239891
12.3 7.875 0.00583595
12.3 10.125 0.00238921
12.3 12.375 0.00281053
12.3 14.625 0.00546679
12.3 16.875 0.00491586
12.3 19.125 0.00226399
12.3 21.375 0.0471836
12.3 23.625 0.00301835
12.3 25.875 0.00239866
12.3 28.125 0.00238402
12.3 30.375 0.00200208
12.3 32.625 0.00262055
12.3 34.875 0.00212333
12.3 37.125 0.0309163
12.3 39.375 0.00227658
12.3 41.625 0.0030243
12.3 43.875 0.00399619
12.5 1.125 0.00298408
12.5 3.375 0.00392222
12.5 5.625 0.00222653
12.5 7.875 0.0328485
12.5 10.125 0.0322569
12.5 12.375 0.0402802
12.5 14.625 0.00260195
12.5 16.875 0.0261888
12.5 19.125 0.00425533
12.5 21.375 0.00562464
12.5 23.625 0.00217193
12.5 25.875 0.00263281
12.5 28.125 0.00287564
12.5 30.375 0.00209149
12.5 32.625 0.0158411
12.5 34.875 0.0025832
12.5 37.125 0.0259665
12.5 39.375 0.00582404
12.5 41.625 0.00485872
12.5 43.875 0.00380653
12.7 1.125 0.0473281
12.7 3.375 0.036773
12.7 5.625 0.0022161
12.7 7.875 0.00380987
12.7 10.125 0.00242903
12.7 12.375 0.00218412
12.7 14.625 0.0170332
12.7 16.875 0.00237765
12.7 19.125 0.0459585
12.7 21.375 0.0234383
12.7 23.625 0.0163216
12.7 25.875 0.0263619
12.7 28.125 0.00384884
12.7 30.375 0.00275975
12.7 32.625 0.0395391
12.7 34.875 0.00223002
12.7 37.125 0.0135698
12.7 39.375 0.00369264
12.7 41.625 0.00338554
12.7 43.875 0.00245819
12.9 1.125 0.0350866
12.9 3.375 0.00241662
12.9 5.625 0.00221866
12.9 7.875 0.0055536
12.9 10.125 0.00640303
12.9 12.375 0.0169382
12.9 14.625 0.00520715
12.9 16.875 0.00331149
12.9 19.125 0.00226078
12.9 21.375 0.00347237
12.9 23.625 0.00246988
12.9 25.875 0.0139211
12.9 28.125 0.0428663
12.9 30.375 0.0475396
12.9 32.625 0.00239441
12.9 34.875 0.00314652
12.9 37.125 0.0044365
12.9 39.375 0.00754125
12.9 41.625 0.00770486
12.9 43.875 0.00215576
13.1 1.125 0.00329411
13.1 3.375 0.00200161
13.1 5.625 0.00585938
13.1 7.875 0.00261052
13.1 10.125 0.00814569
13.1 12.375 0.076744
13.1 14.625 0.0109371
13.1 16.875 0.0093938
13.1 19.125 0.0377392
13.1 21.375 0.00466509
13.1 23.625 0.00212992
13.1 25.875 0.00250094
13.1 28.125 0.00245128
13.1 30.375 0.00225745
13.1 32.625 0.00289933
13.1 34.875 0.00342616
13.1 37.125 0.00340878
13.1 39.375 0.00298205
13.1 41.625 0.00798079
13.1 43.875 0.0082976
13.3 1.125 0.00295176
13.3 3.375 0.00225694
13.3 5.625 0.00250867
13.3 7.875 0.00528357
13.3 10.125 0.00269103
13.3 12.375 0.00242772
13.3 14.625 0.00223506
13.3 16.875 0.00250523
13.3 19.125 0.00232062
13.3 21.375 0.00224414
13.3 23.625 0.114096
13.3 25.875 0.0205719
13.3 28.125 0.0023484
13.3 30.375 0.0215022
13.3 32.625 0.00268273
13.3 34.875 0.00471493
13.3 37.125 0.00227333
13.3 39.375 0.0224561
13.3 41.625 0.00369843
13.3 43.875 0.00408741
13.5 1.125 0.00228947
13.5 3.375 0.00974306
13.5 5.625 0.0769615
13.5 7.875 0.0026099
13.5 10.125 0.0023014
13.5 12.375 0.00220382
13.5 14.625 0.00281124
13.5 16.875 0.041905
13.5 19.125 0.00205093
13.5 21.375 0.00371423
13.5 23.625 0.00291964
13.5 25.875 0.0483341
13.5 28.125 0.00306971
13.5 30.375 0.00321747
13.5 32.625 0.00383458
13.5 34.875 0.00595285
13.5 37.125 0.00279928
13.5 39.375 0.0194077
13.5 41.625 0.0132505
13.5 43.875 0.00278715
13.7 1.125 0.00535181
13.7 3.375 0.00222327
13.7 5.625 0.00204404
13.7 7.875 0.00213871
13.7 10.125 0.00245063
13.7 12.375 0.00212704
13.7 14.625 0.06853
13.7 16.875 0.00203643
13.7 19.125 0.00252305
13.7 21.375 0.0805434
13.7 23.625 0.0526597
13.7 25.875 0.00659444
13.7 28.125 0.00403928
13.7 30.375 0.0381856
13.7 32.625 0.00495969
13.7 34.875 0.00808775
13.7 37.125 0.00229936
13.7 39.375 0.00249763
13.7 41.625 0.00211068
13.7 43.875 0.00971315
13.9 1.125 0.00233669
13.9 3.375 0.0515571
13.9 5.625 0.00492604
13.9 7.875 0.0442708
13.9 10.125 0.00229561
13.9 12.375 0.0025817
13.9 14.625 0.0310109
13.9 16.875 0.0168463
13.9 19.125 0.0403321
13.9 21.375 0.0028556
13.9 23.625 0.00224357
13.9 25.875 0.00597093
13.9 28.125 0.00210092
13.9 30.375 0.00177785
13.9 32.625 0.00736291
13.9 34.875 0.00218463
13.9 37.125 0.00362538
13.9 39.375 0.00250455
13.9 41.625 0.00254253
13.9 43.875 0.00336793
