0.1 1.125 0.558201
0.1 3.375 0.586124
0.1 5.625 0.578125
0.1 7.875 0.584894
0.1 10.125 0.563896
0.1 12.375 0.597643
0.1 14.625 0.553847
0.1 16.875 0.603233
0.1 19.125 0.586611
0.1 21.375 0.562015
0.1 23.625 0.536028
0.1 25.875 0.547238
0.1 28.125 0.592328
0.1 30.375 0.557012
0.1 32.625 0.57574
0.1 34.875 0.594136
0.1 37.125 0.526882
0.1 39.375 0.586163
0.1 41.625 0.593027
0.1 43.875 0.54931
0.3 1.125 0.576579
0.3 3.375 0.560178
0.3 5.625 0.570121
0.3 7.875 0.581667
0.3 10.125 0.560016
0.3 12.375 0.582427
0.3 14.625 0.570222
0.3 16.875 0.549324
0.3 19.125 0.567202
0.3 21.375 0.565584
0.3 23.625 0.557082
0.3 25.875 0.553319
0.3 28.125 0.570866
0.3 30.375 0.566799
0.3 32.625 0.563763
0.3 34.875 0.571059
0.3 37.125 0.564138
0.3 39.375 0.574632
0.3 41.625 0.578639
0.3 43.875 0.558225
0.5 1.125 0.564025
0.5 3.375 0.55733
0.5 5.625 0.560096
0.5 7.875 0.548072
0.5 10.125 0.552475
0.5 12.375 0.548136
0.5 14.625 0.56092
0.5 16.875 0.544601
0.5 19.125 0.551768
0.5 21.375 0.55637
0.5 23.625 0.543593
0.5 25.875 0.555366
0.5 28.125 0.538656
0.5 30.375 0.558013
0.5 32.625 0.553647
0.5 34.875 0.550491
0.5 37.125 0.522579
0.5 39.375 0.556651
0.5 41.625 0.552154
0.5 43.875 0.547207
0.7 1.125 0.524074
0.7 3.375 0.527536
0.7 5.625 0.531499
0.7 7.875 0.528926
0.7 10.125 0.517482
0.7 12.375 0.52234
0.7 14.625 0.518189
0.7 16.875 0.506074
0.7 19.125 0.519727
0.7 21.375 0.516126
0.7 23.625 0.506567
0.7 25.875 0.516641
0.7 28.125 0.522528
0.7 30.375 0.510529
0.7 32.625 0.506945
0.7 34.875 0.517658
0.7 37.125 0.505437
0.7 39.375 0.50328
0.7 41.625 0.496233
0.7 43.875 0.518941
0.9 1.125 0.461471
0.9 3.375 0.46308
0.9 5.625 0.463392
0.9 7.875 0.453047
0.9 10.125 0.467382
0.9 12.375 0.461884
0.9 14.625 0.477087
0.9 16.875 0.47018
0.9 19.125 0.475258
0.9 21.375 0.44925
0.9 23.625 0.453499
0.9 25.875 0.469503
0.9 28.125 0.464637
0.9 30.375 0.449893
0.9 32.625 0.456468
0.9 34.875 0.458967
0.9 37.125 0.466913
0.9 39.375 0.466254
0.9 41.625 0.477827
0.9 43.875 0.479893
1.1 1.125 0.364273
1.1 3.375 0.368081
1.1 5.625 0.378467
1.1 7.875 0.360918
1.1 10.125 0.358769
1.1 12.375 0.363245
1.1 14.625 0.377302
1.1 16.875 0.364091
1.1 19.125 0.381735
1.1 21.375 0.390938
1.1 23.625 0.371768
1.1 25.875 0.360837
1.1 28.125 0.400463
1.1 30.375 0.390653
1.1 32.625 0.406607
1.1 34.875 0.386092
1.1 37.125 0.417686
1.1 39.375 0.405993
1.1 41.625 0.406413
1.1 43.875 0.410337
1.3 1.125 0.238629
1.3 3.375 0.228528
1.3 5.625 0.237746
1.3 7.875 0.240037
1.3 10.125 0.250001
1.3 12.375 0.231931
1.3 14.625 0.248038
1.3 16.875 0.263114
1.3 19.125 0.246267
1.3 21.375 0.276658
1.3 23.625 0.275411
1.3 25.875 0.282601
1.3 28.125 0.301943
1.3 30.375 0.310875
1.3 32.625 0.31143
1.3 34.875 0.316284
1.3 37.125 0.313348
1.3 39.375 0.339928
1.3 41.625 0.343701
1.3 43.875 0.32327
1.5 1.125 0.141373
1.5 3.375 0.133911
1.5 5.625 0.138855
1.5 7.875 0.137326
1.5 10.125 0.147706
1.5 12.375 0.140408
1.5 14.625 0.15848
1.5 16.875 0.183971
1.5 19.125 0.184687
1.5 21.375 0.181665
1.5 23.625 0.180265
1.5 25.875 0.187231
1.5 28.125 0.19951
1.5 30.375 0.195203
1.5 32.625 0.219645
1.5 34.875 0.237608
1.5 37.125 0.238898
1.5 39.375 0.245996
1.5 41.625 0.247663
1.5 43.875 0.24336
1.7 1.125 0.0756467
1.7 3.375 0.0807842
1.7 5.625 0.0814872
1.7 7.875 0.0849832
1.7 10.125 0.0884793
1.7 12.375 0.0913246
1.7 14.625 0.0927515
1.7 16.875 0.109141
1.7 19.125 0.107205
1.7 21.375 0.115871
1.7 23.625 0.118479
1.7 25.875 0.119819
1.7 28.125 0.119261
1.7 30.375 0.127358
1.7 32.625 0.144656
1.7 34.875 0.147283
1.7 37.125 0.135873
1.7 39.375 0.144086
1.7 41.625 0.144577
1.7 43.875 0.154018
1.9 1.125 0.0480987
1.9 3.375 0.0473287
1.9 5.625 0.0521275
1.9 7.875 0.0524034
1.9 10.125 0.053004
1.9 12.375 0.0580539
1.9 14.625 0.066488
1.9 16.875 0.0603148
1.9 19.125 0.061489
1.9 21.375 0.0662764
1.9 23.625 0.0698817
1.9 25.875 0.0728917
1.9 28.125 0.0696452
1.9 30.375 0.0734489
1.9 32.625 0.0733145
1.9 34.875 0.0852157
1.9 37.125 0.0820657
1.9 39.375 0.0828198
1.9 41.625 0.0931113
1.9 43.875 0.102442
2.1 1.125 0.0316424
2.1 3.375 0.0323685
2.1 5.625 0.0318583
2.1 7.875 0.0325918
2.1 10.125 0.0323934
2.1 12.375 0.0376495
2.1 14.625 0.039711
2.1 16.875 0.0379004
2.1 19.125 0.0431288
2.1 21.375 0.0440168
2.1 23.625 0.0433632
2.1 25.875 0.0492153
2.1 28.125 0.0527234
2.1 30.375 0.0497489
2.1 32.625 0.0516938
2.1 34.875 0.0536336
2.1 37.125 0.0528282
2.1 39.375 0.0569327
2.1 41.625 0.0585401
2.1 43.875 0.057847
2.3 1.125 0.01843
2.3 3.375 0.0194997
2.3 5.625 0.0190268
2.3 7.875 0.0179418
2.3 10.125 0.0193907
2.3 12.375 0.0211361
2.3 14.625 0.0204187
2.3 16.875 0.0230307
2.3 19.125 0.0220651
2.3 21.375 0.0236051
2.3 23.625 0.0266518
2.3 25.875 0.0272067
2.3 28.125 0.0292815
2.3 30.375 0.0331522
2.3 32.625 0.0326665
2.3 34.875 0.0340785
2.3 37.125 0.0357533
2.3 39.375 0.0381208
2.3 41.625 0.040518
2.3 43.875 0.0370394
2.5 1.125 0.0122873
2.5 3.375 0.0126262
2.5 5.625 0.0136242
2.5 7.875 0.0123866
2.5 10.125 0.0124342
2.5 12.375 0.0118984
2.5 14.625 0.0127639
2.5 16.875 0.0135872
2.5 19.125 0.0139624
2.5 21.375 0.015847
2.5 23.625 0.016375
2.5 25.875 0.0177149
2.5 28.125 0.0185813
2.5 30.375 0.0210692
2.5 32.625 0.0233843
2.5 34.875 0.0252521
2.5 37.125 0.0231246
2.5 39.375 0.0224728
2.5 41.625 0.0240298
2.5 43.875 0.0232117
2.7 1.125 0.0102513
2.7 3.375 0.0090813
2.7 5.625 0.00999509
2.7 7.875 0.00987772
2.7 10.125 0.00938033
2.7 12.375 0.00971205
2.7 14.625 0.00960209
2.7 16.875 0.0102694
2.7 19.125 0.00987312
2.7 21.375 0.0112129
2.7 23.625 0.0117926
2.7 25.875 0.0113421
2.7 28.125 0.0127938
2.7 30.375 0.0138793
2.7 32.625 0.0143042
2.7 34.875 0.016135
2.7 37.125 0.0155715
2.7 39.375 0.0160121
2.7 41.625 0.0167614
2.7 43.875 0.015632
2.9 1.125 0.00881541
2.9 3.375 0.0091747
2.9 5.625 0.00823648
2.9 7.875 0.00872283
2.9 10.125 0.0082911
2.9 12.375 0.00773603
2.9 14.625 0.00772022
2.9 16.875 0.00832132
2.9 19.125 0.00808255
2.9 21.375 0.0091244
2.9 23.625 0.0098888
2.9 25.875 0.00887241
2.9 28.125 0.00899884
2.9 30.375 0.0091736
2.9 32.625 0.0103507
2.9 34.875 0.0102262
2.9 37.125 0.0118743
2.9 39.375 0.0112015
2.9 41.625 0.0115915
2.9 43.875 0.0121545
3.1 1.125 0.00748397
3.1 3.375 0.00759152
3.1 5.625 0.00752405
3.1 7.875 0.00734916
3.1 10.125 0.00674223
3.1 12.375 0.00729299
3.1 14.625 0.00669283
3.1 16.875 0.00701745
3.1 19.125 0.00710368
3.1 21.375 0.0101695
3.1 23.625 0.00813487
3.1 25.875 0.00846585
3.1 28.125 0.00778308
3.1 30.375 0.00869
3.1 32.625 0.00840807
3.1 34.875 0.00799544
3.1 37.125 0.00843112
3.1 39.375 0.00825191
3.1 41.625 0.00953914
3.1 43.875 0.00959755
3.3 1.125 0.00647723
3.3 3.375 0.00649707
3.3 5.625 0.00626528
3.3 7.875 0.00613441
3.3 10.125 0.00694045
3.3 12.375 0.0065565
3.3 14.625 0.00683034
3.3 16.875 0.00670996
3.3 19.125 0.00576973
3.3 21.375 0.00655902
3.3 23.625 0.00709037
3.3 25.875 0.0066005
3.3 28.125 0.00677514
3.3 30.375 0.00703114
3.3 32.625 0.0072964
3.3 34.875 0.0070338
3.3 37.125 0.00694547
3.3 39.375 0.00701395
3.3 41.625 0.00701962
3.3 43.875 0.00741668
3.5 1.125 0.00606625
3.5 3.375 0.00575885
3.5 5.625 0.00584267
3.5 7.875 0.00579193
3.5 10.125 0.00596342
3.5 12.375 0.00540887
3.5 14.625 0.00533507
3.5 16.875 0.00638492
3.5 19.125 0.00569622
3.5 21.375 0.0050652
3.5 23.625 0.00657721
3.5 25.875 0.00636681
3.5 28.125 0.00601002
3.5 30.375 0.00622088
3.5 32.625 0.00628245
3.5 34.875 0.00630864
3.5 37.125 0.00634077
3.5 39.375 0.00625926
3.5 41.625 0.00624956
3.5 43.875 0.00555064
3.7 1.125 0.00570429
3.7 3.375 0.0052395
3.7 5.625 0.00537847
3.7 7.875 0.00554772
3.7 10.125 0.00460192
3.7 12.375 0.00501524
3.7 14.625 0.00562186
3.7 16.875 0.00510394
3.7 19.125 0.00672143
3.7 21.375 0.00557235
3.7 23.625 0.00678539
3.7 25.875 0.00603204
3.7 28.125 0.00546913
3.7 30.375 0.00632185
3.7 32.625 0.00634463
3.7 34.875 0.00580743
3.7 37.125 0.005554
3.7 39.375 0.00541452
3.7 41.625 0.00501273
3.7 43.875 0.00518876
3.9 1.125 0.00478074
3.9 3.375 0.00517062
3.9 5.625 0.00523653
3.9 7.875 0.00471253
3.9 10.125 0.00537922
3.9 12.375 0.00455986
3.9 14.625 0.00437849
3.9 16.875 0.00574127
3.9 19.125 0.00539381
3.9 21.375 0.00575382
3.9 23.625 0.00524648
3.9 25.875 0.00564001
3.9 28.125 0.00549757
3.9 30.375 0.00480173
3.9 32.625 0.00519383
3.9 34.875 0.00517861
3.9 37.125 0.00523464
3.9 39.375 0.00494073
3.9 41.625 0.00465337
3.9 43.875 0.0044496
4.1 1.125 0.00469814
4.1 3.375 0.00467105
4.1 5.625 0.00467586
4.1 7.875 0.00488962
4.1 10.125 0.00474227
4.1 12.375 0.00480483
4.1 14.625 0.00769071
4.1 16.875 0.00683379
4.1 19.125 0.00543685
4.1 21.375 0.00514546
4.1 23.625 0.00487735
4.1 25.875 0.00556213
4.1 28.125 0.00523663
4.1 30.375 0.0046902
4.1 32.625 0.00440383
4.1 34.875 0.00471752
4.1 37.125 0.00387783
4.1 39.375 0.00451708
4.1 41.625 0.00461354
4.1 43.875 0.00440643
4.3 1.125 0.00466891
4.3 3.375 0.00423921
4.3 5.625 0.00376474
4.3 7.875 0.0045209
4.3 10.125 0.00408615
4.3 12.375 0.00433272
4.3 14.625 0.0045622
4.3 16.875 0.00423809
4.3 19.125 0.00404075
4.3 21.375 0.00462707
4.3 23.625 0.00424054
4.3 25.875 0.00495432
4.3 28.125 0.00461932
4.3 30.375 0.00483695
4.3 32.625 0.00483831
4.3 34.875 0.00390766
4.3 37.125 0.00407836
4.3 39.375 0.00375504
4.3 41.625 0.00356618
4.3 43.875 0.00399263
4.5 1.125 0.00365317
4.5 3.375 0.0037727
4.5 5.625 0.00399893
4.5 7.875 0.00454674
4.5 10.125 0.00420185
4.5 12.375 0.00389511
4.5 14.625 0.00397131
4.5 16.875 0.00379965
4.5 19.125 0.00437115
4.5 21.375 0.0041384
4.5 23.625 0.00438008
4.5 25.875 0.00454289
4.5 28.125 0.00426417
4.5 30.375 0.00423712
4.5 32.625 0.00392768
4.5 34.875 0.00365946
4.5 37.125 0.00360193
4.5 39.375 0.00341065
4.5 41.625 0.00390337
4.5 43.875 0.00382676
4.7 1.125 0.00362386
4.7 3.375 0.00343137
4.7 5.625 0.0035017
4.7 7.875 0.00372546
4.7 10.125 0.0073706
4.7 12.375 0.00339621
4.7 14.625 0.0040522
4.7 16.875 0.00406631
4.7 19.125 0.00385738
4.7 21.375 0.0044206
4.7 23.625 0.00405411
4.7 25.875 0.00385221
4.7 28.125 0.0045518
4.7 30.375 0.00423446
4.7 32.625 0.00379094
4.7 34.875 0.00367494
4.7 37.125 0.00345093
4.7 39.375 0.0036151
4.7 41.625 0.00345316
4.7 43.875 0.00479709
4.9 1.125 0.0032789
4.9 3.375 0.00315949
4.9 5.625 0.00355554
4.9 7.875 0.00321945
4.9 10.125 0.00343905
4.9 12.375 0.00318589
4.9 14.625 0.00342102
4.9 16.875 0.00367576
4.9 19.125 0.00346017
4.9 21.375 0.00386684
4.9 23.625 0.00361154
4.9 25.875 0.003625
4.9 28.125 0.00405099
4.9 30.375 0.00344706
4.9 32.625 0.00368019
4.9 34.875 0.00358188
4.9 37.125 0.00363607
4.9 39.375 0.00362412
4.9 41.625 0.00302718
4.9 43.875 0.00347428
5.1 1.125 0.00312263
5.1 3.375 0.00318739
5.1 5.625 0.00311154
5.1 7.875 0.00293166
5.1 10.125 0.00491429
5.1 12.375 0.00297645
5.1 14.625 0.00301691
5.1 16.875 0.00321867
5.1 19.125 0.00337661
5.1 21.375 0.00345572
5.1 23.625 0.00369434
5.1 25.875 0.00365799
5.1 28.125 0.0033945
5.1 30.375 0.00322451
5.1 32.625 0.00333316
5.1 34.875 0.00290389
5.1 37.125 0.00380644
5.1 39.375 0.00341343
5.1 41.625 0.00360837
5.1 43.875 0.00339854
5.3 1.125 0.00301574
5.3 3.375 0.00282965
5.3 5.625 0.0030091
5.3 7.875 0.00318444
5.3 10.125 0.0028309
5.3 12.375 0.00300471
5.3 14.625 0.00306619
5.3 16.875 0.00294141
5.3 19.125 0.0029566
5.3 21.375 0.00306835
5.3 23.625 0.00309415
5.3 25.875 0.00348944
5.3 28.125 0.00324543
5.3 30.375 0.00330975
5.3 32.625 0.00345475
5.3 34.875 0.00325741
5.3 37.125 0.00353343
5.3 39.375 0.00347654
5.3 41.625 0.00339935
5.3 43.875 0.00302991
5.5 1.125 0.00316416
5.5 3.375 0.00560834
5.5 5.625 0.0029482
5.5 7.875 0.00246028
5.5 10.125 0.00261806
5.5 12.375 0.0026946
5.5 14.625 0.00305063
5.5 16.875 0.00300878
5.5 19.125 0.00279674
5.5 21.375 0.00312898
5.5 23.625 0.00285042
5.5 25.875 0.00305733
5.5 28.125 0.00467165
5.5 30.375 0.00305879
5.5 32.625 0.00303733
5.5 34.875 0.00315032
5.5 37.125 0.00271288
5.5 39.375 0.00301027
5.5 41.625 0.003301
5.5 43.875 0.00376634
5.7 1.125 0.00272257
5.7 3.375 0.00277523
5.7 5.625 0.00283463
5.7 7.875 0.00262293
5.7 10.125 0.00305761
5.7 12.375 0.00317048
5.7 14.625 0.0031036
5.7 16.875 0.00288681
5.7 19.125 0.00281427
5.7 21.375 0.00276257
5.7 23.625 0.00315701
5.7 25.875 0.00270725
5.7 28.125 0.00287965
5.7 30.375 0.00354887
5.7 32.625 0.0030423
5.7 34.875 0.00312609
5.7 37.125 0.0030851
5.7 39.375 0.00275699
5.7 41.625 0.00308137
5.7 43.875 0.00315008
5.9 1.125 0.00279766
5.9 3.375 0.00333682
5.9 5.625 0.00267685
5.9 7.875 0.00312379
5.9 10.125 0.00265949
5.9 12.375 0.00271445
5.9 14.625 0.00283247
5.9 16.875 0.00313776
5.9 19.125 0.00279241
5.9 21.375 0.00276292
5.9 23.625 0.00326549
5.9 25.875 0.0026809
5.9 28.125 0.00314943
5.9 30.375 0.00245905
5.9 32.625 0.00489788
5.9 34.875 0.00299619
5.9 37.125 0.00291796
5.9 39.375 0.00309766
5.9 41.625 0.00355117
5.9 43.875 0.0033019
6.1 1.125 0.0027502
6.1 3.375 0.00238012
6.1 5.625 0.00287904
6.1 7.875 0.00271773
6.1 10.125 0.00287603
6.1 12.375 0.00258879
6.1 14.625 0.00283799
6.1 16.875 0.00262759
6.1 19.125 0.00284743
6.1 21.375 0.00286764
6.1 23.625 0.00302978
6.1 25.875 0.00257625
6.1 28.125 0.00254784
6.1 30.375 0.00272527
6.1 32.625 0.00304503
6.1 34.875 0.00255258
6.1 37.125 0.00262252
6.1 39.375 0.00275434
6.1 41.625 0.00270229
6.1 43.875 0.0028369
6.3 1.125 0.00295769
6.3 3.375 0.00264796
6.3 5.625 0.0027724
6.3 7.875 0.00281446
6.3 10.125 0.00254607
6.3 12.375 0.0027157
6.3 14.625 0.00266113
6.3 16.875 0.00242551
6.3 19.125 0.00286768
6.3 21.375 0.00309876
6.3 23.625 0.00251826
6.3 25.875 0.00272676
6.3 28.125 0.00304644
6.3 30.375 0.00294508
6.3 32.625 0.00289984
6.3 34.875 0.00264417
6.3 37.125 0.00244612
6.3 39.375 0.00254489
6.3 41.625 0.00250977
6.3 43.875 0.00270147
6.5 1.125 0.00293784
6.5 3.375 0.0025304
6.5 5.625 0.00661536
6.5 7.875 0.00262169
6.5 10.125 0.00302291
6.5 12.375 0.00233979
6.5 14.625 0.00251543
6.5 16.875 0.00276577
6.5 19.125 0.00284211
6.5 21.375 0.00275847
6.5 23.625 0.00254446
6.5 25.875 0.00274558
6.5 28.125 0.00242789
6.5 30.375 0.00263963
6.5 32.625 0.00244825
6.5 34.875 0.00292692
6.5 37.125 0.00235394
6.5 39.375 0.0026067
6.5 41.625 0.00250965
6.5 43.875 0.00275149
6.7 1.125 0.00276991
6.7 3.375 0.00225917
6.7 5.625 0.00260766
6.7 7.875 0.00265258
6.7 10.125 0.00264674
6.7 12.375 0.00244259
6.7 14.625 0.00220815
6.7 16.875 0.00267682
6.7 19.125 0.00282985
6.7 21.375 0.00271109
6.7 23.625 0.00307448
6.7 25.875 0.00294405
6.7 28.125 0.0025181
6.7 30.375 0.00249504
6.7 32.625 0.00279527
6.7 34.875 0.00274185
6.7 37.125 0.00234877
6.7 39.375 0.00244257
6.7 41.625 0.00249273
6.7 43.875 0.00270995
6.9 1.125 0.00262274
6.9 3.375 0.00261952
6.9 5.625 0.00269152
6.9 7.875 0.00266626
6.9 10.125 0.00261297
6.9 12.375 0.00235349
6.9 14.625 0.00246134
6.9 16.875 0.00275764
6.9 19.125 0.00528072
6.9 21.375 0.00230695
6.9 23.625 0.0025131
6.9 25.875 0.00261942
6.9 28.125 0.0025181
6.9 30.375 0.00227441
6.9 32.625 0.00214762
6.9 34.875 0.00329136
6.9 37.125 0.00253309
6.9 39.375 0.00256597
6.9 41.625 0.00245103
6.9 43.875 0.00256428
7.1 1.125 0.00293235
7.1 3.375 0.00234734
7.1 5.625 0.00312951
7.1 7.875 0.00244799
7.1 10.125 0.00247203
7.1 12.375 0.00291371
7.1 14.625 0.00238752
7.1 16.875 0.00233224
7.1 19.125 0.00237371
7.1 21.375 0.00231476
7.1 23.625 0.00305827
7.1 25.875 0.00248707
7.1 28.125 0.00247888
7.1 30.375 0.00251186
7.1 32.625 0.00232745
7.1 34.875 0.00247098
7.1 37.125 0.00244325
7.1 39.375 0.00262719
7.1 41.625 0.00523797
7.1 43.875 0.00247554
7.3 1.125 0.0024548
7.3 3.375 0.00240044
7.3 5.625 0.00949708
7.3 7.875 0.00223643
7.3 10.125 0.00235048
7.3 12.375 0.00258775
7.3 14.625 0.00209954
7.3 16.875 0.0023784
7.3 19.125 0.00260569
7.3 21.375 0.00238796
7.3 23.625 0.00265747
7.3 25.875 0.0024256
7.3 28.125 0.00304249
7.3 30.375 0.00223924
7.3 32.625 0.00244627
7.3 34.875 0.00291287
7.3 37.125 0.00231378
7.3 39.375 0.00370757
7.3 41.625 0.00259447
7.3 43.875 0.00719784
7.5 1.125 0.00248677
7.5 3.375 0.00228983
7.5 5.625 0.00248695
7.5 7.875 0.00289625
7.5 10.125 0.00267351
7.5 12.375 0.00247469
7.5 14.625 0.00230682
7.5 16.875 0.00288526
7.5 19.125 0.00259881
7.5 21.375 0.00240076
7.5 23.625 0.00201345
7.5 25.875 0.00279211
7.5 28.125 0.00267702
7.5 30.375 0.00222573
7.5 32.625 0.00344095
7.5 34.875 0.00275117
7.5 37.125 0.00298278
7.5 39.375 0.00250184
7.5 41.625 0.00232538
7.5 43.875 0.00257805
7.7 1.125 0.00241018
7.7 3.375 0.00238842
7.7 5.625 0.00266392
7.7 7.875 0.00269409
7.7 10.125 0.00257032
7.7 12.375 0.0021718
7.7 14.625 0.00222819
7.7 16.875 0.00235259
7.7 19.125 0.00227135
7.7 21.375 0.00233848
7.7 23.625 0.00758293
7.7 25.875 0.00225829
7.7 28.125 0.00253017
7.7 30.375 0.00271237
7.7 32.625 0.00289515
7.7 34.875 0.00247955
7.7 37.125 0.0023196
7.7 39.375 0.00282377
7.7 41.625 0.00251045
7.7 43.875 0.0024356
7.9 1.125 0.00313219
7.9 3.375 0.00245219
7.9 5.625 0.00238854
7.9 7.875 0.00246922
7.9 10.125 0.00304652
7.9 12.375 0.00245077
7.9 14.625 0.00240215
7.9 16.875 0.00258866
7.9 19.125 0.00255045
7.9 21.375 0.00231171
7.9 23.625 0.00254384
7.9 25.875 0.00247459
7.9 28.125 0.00255801
7.9 30.375 0.0022227
7.9 32.625 0.00882366
7.9 34.875 0.00235811
7.9 37.125 0.00215832
7.9 39.375 0.00240305
7.9 41.625 0.00300186
7.9 43.875 0.00292161
8.1 1.125 0.00219284
8.1 3.375 0.0019532
8.1 5.625 0.00273421
8.1 7.875 0.00237323
8.1 10.125 0.00209231
8.1 12.375 0.00223982
8.1 14.625 0.0022913
8.1 16.875 0.00275611
8.1 19.125 0.00206239
8.1 21.375 0.0025337
8.1 23.625 0.0025961
8.1 25.875 0.00231045
8.1 28.125 0.00206172
8.1 30.375 0.002081
8.1 32.625 0.00212664
8.1 34.875 0.0025086
8.1 37.125 0.00192085
8.1 39.375 0.00225572
8.1 41.625 0.0025334
8.1 43.875 0.0020929
8.3 1.125 0.00258792
8.3 3.375 0.00213379
8.3 5.625 0.00183686
8.3 7.875 0.00218404
8.3 10.125 0.00203997
8.3 12.375 0.00218863
8.3 14.625 0.00296634
8.3 16.875 0.00631617
8.3 19.125 0.00259164
8.3 21.375 0.00210753
8.3 23.625 0.0027794
8.3 25.875 0.00228204
8.3 28.125 0.00216913
8.3 30.375 0.00227553
8.3 32.625 0.00209245
8.3 34.875 0.00199704
8.3 37.125 0.00225753
8.3 39.375 0.00256812
8.3 41.625 0.00239781
8.3 43.875 0.00217303
8.5 1.125 0.00196394
8.5 3.375 0.00223021
8.5 5.625 0.00216859
8.5 7.875 0.00239652
8.5 10.125 0.00197218
8.5 12.375 0.00254092
8.5 14.625 0.00258816
8.5 16.875 0.00244795
8.5 19.125 0.00181538
8.5 21.375 0.00252948
8.5 23.625 0.00239054
8.5 25.875 0.00190969
8.5 28.125 0.00223337
8.5 30.375 0.00253129
8.5 32.625 0.00205426
8.5 34.875 0.0021499
8.5 37.125 0.00198331
8.5 39.375 0.00250993
8.5 41.625 0.00231619
8.5 43.875 0.00212593
8.7 1.125 0.00207916
8.7 3.375 0.00234866
8.7 5.625 0.00233152
8.7 7.875 0.0028557
8.7 10.125 0.00244182
8.7 12.375 0.00229871
8.7 14.625 0.00286211
8.7 16.875 0.00242525
8.7 19.125 0.00231453
8.7 21.375 0.00259261
8.7 23.625 0.00231095
8.7 25.875 0.00216863
8.7 28.125 0.00189436
8.7 30.375 0.0018558
8.7 32.625 0.00205228
8.7 34.875 0.00210408
8.7 37.125 0.00201111
8.7 39.375 0.00206066
8.7 41.625 0.00208771
8.7 43.875 0.00248319
8.9 1.125 0.00261895
8.9 3.375 0.00227124
8.9 5.625 0.00238743
8.9 7.875 0.00240512
8.9 10.125 0.00183302
8.9 12.375 0.00223803
8.9 14.625 0.00235242
8.9 16.875 0.00238251
8.9 19.125 0.00234094
8.9 21.375 0.0023386
8.9 23.625 0.00284069
8.9 25.875 0.00215723
8.9 28.125 0.00231569
8.9 30.375 0.00245004
8.9 32.625 0.00202149
8.9 34.875 0.00202706
8.9 37.125 0.00250228
8.9 39.375 0.00265388
8.9 41.625 0.00241994
8.9 43.875 0.00221805
9.1 1.125 0.00190275
9.1 3.375 0.00243232
9.1 5.625 0.0027332
9.1 7.875 0.00223747
9.1 10.125 0.00225129
9.1 12.375 0.00262315
9.1 14.625 0.00203097
9.1 16.875 0.00236864
9.1 19.125 0.00202491
9.1 21.375 0.00288388
9.1 23.625 0.00204483
9.1 25.875 0.00227064
9.1 28.125 0.00228724
9.1 30.375 0.00222297
9.1 32.625 0.00245688
9.1 34.875 0.00191977
9.1 37.125 0.00287173
9.1 39.375 0.00251823
9.1 41.625 0.0023619
9.1 43.875 0.00241991
9.3 1.125 0.00193953
9.3 3.375 0.00296668
9.3 5.625 0.00214325
9.3 7.875 0.0023908
9.3 10.125 0.00223483
9.3 12.375 0.00217413
9.3 14.625 0.00250885
9.3 16.875 0.00198211
9.3 19.125 0.00218492
9.3 21.375 0.0019484
9.3 23.625 0.00247355
9.3 25.875 0.00227608
9.3 28.125 0.0025723
9.3 30.375 0.00483862
9.3 32.625 0.00256032
9.3 34.875 0.002555
9.3 37.125 0.00194103
9.3 39.375 0.00219916
9.3 41.625 0.00186509
9.3 43.875 0.00236713
9.5 1.125 0.00909356
9.5 3.375 0.00202452
9.5 5.625 0.00258495
9.5 7.875 0.0018024
9.5 10.125 0.00248901
9.5 12.375 0.00179461
9.5 14.625 0.0025739
9.5 16.875 0.00189124
9.5 19.125 0.00235588
9.5 21.375 0.00198938
9.5 23.625 0.00191697
9.5 25.875 0.00239892
9.5 28.125 0.00203835
9.5 30.375 0.00196499
9.5 32.625 0.00210859
9.5 34.875 0.00213006
9.5 37.125 0.00227246
9.5 39.375 0.00199609
9.5 41.625 0.00242033
9.5 43.875 0.00232997
9.7 1.125 0.00246869
9.7 3.375 0.00208598
9.7 5.625 0.0024296
9.7 7.875 0.0026729
9.7 10.125 0.00220664
9.7 12.375 0.00167682
9.7 14.625 0.00217143
9.7 16.875 0.00252167
9.7 19.125 0.00237454
9.7 21.375 0.00253729
9.7 23.625 0.00214401
9.7 25.875 0.00217843
9.7 28.125 0.00246785
9.7 30.375 0.00217558
9.7 32.625 0.00233737
9.7 34.875 0.00237893
9.7 37.125 0.00250757
9.7 39.375 0.00253566
9.7 41.625 0.00215367
9.7 43.875 0.00179327
9.9 1.125 0.00234901
9.9 3.375 0.00181426
9.9 5.625 0.00215677
9.9 7.875 0.00260614
9.9 10.125 0.0022921
9.9 12.375 0.00320956
9.9 14.625 0.00207524
9.9 16.875 0.00236911
9.9 19.125 0.00226886
9.9 21.375 0.00252478
9.9 23.625 0.00329165
9.9 25.875 0.00192485
9.9 28.125 0.00175235
9.9 30.375 0.00216778
9.9 32.625 0.00197904
9.9 34.875 0.00184291
9.9 37.125 0.0013371
9.9 39.375 0.0019749
9.9 41.625 0.00193896
9.9 43.875 0.00176415
10.1 1.125 0.00207228
10.1 3.375 0.00179644
10.1 5.625 0.0023107
10.1 7.875 0.00199418
10.1 10.125 0.00318769
10.1 12.375 0.00297983
10.1 14.625 0.00242123
10.1 16.875 0.00208835
10.1 19.125 0.00200557
10.1 21.375 0.00216475
10.1 23.625 0.00229969
10.1 25.875 0.00238564
10.1 28.125 0.00199494
10.1 30.375 0.00180775
10.1 32.625 0.00178949
10.1 34.875 0.00234129
10.1 37.125 0.00189246
10.1 39.375 0.0019346
10.1 41.625 0.00214552
10.1 43.875 0.00201546
10.3 1.125 0.00201161
10.3 3.375 0.00219115
10.3 5.625 0.00186004
10.3 7.875 0.00259443
10.3 10.125 0.00188236
10.3 12.375 0.00211984
10.3 14.625 0.00252542
10.3 16.875 0.00213701
10.3 19.125 0.00255139
10.3 21.375 0.00222037
10.3 23.625 0.00208067
10.3 25.875 0.00165838
10.3 28.125 0.00262016
10.3 30.375 0.00223802
10.3 32.625 0.00250959
10.3 34.875 0.00236865
10.3 37.125 0.00230381
10.3 39.375 0.0021378
10.3 41.625 0.00202073
10.3 43.875 0.00178676
10.5 1.125 0.00226034
10.5 3.375 0.00177942
10.5 5.625 0.00174708
10.5 7.875 0.00202883
10.5 10.125 0.00216931
10.5 12.375 0.00193191
10.5 14.625 0.00252237
10.5 16.875 0.00204802
10.5 19.125 0.00204423
10.5 21.375 0.00376612
10.5 23.625 0.0023202
10.5 25.875 0.00180645
10.5 28.125 0.00188039
10.5 30.375 0.00235687
10.5 32.625 0.00263597
10.5 34.875 0.0022932
10.5 37.125 0.00232507
10.5 39.375 0.00222815
10.5 41.625 0.00279983
10.5 43.875 0.00209563
10.7 1.125 0.00278569
10.7 3.375 0.00218065
10.7 5.625 0.00179029
10.7 7.875 0.00225792
10.7 10.125 0.00397031
10.7 12.375 0.0019621
10.7 14.625 0.002641
10.7 16.875 0.00245127
10.7 19.125 0.00211973
10.7 21.375 0.00263871
10.7 23.625 0.0140113
10.7 25.875 0.00199887
10.7 28.125 0.00191053
10.7 30.375 0.00202091
10.7 32.625 0.00153953
10.7 34.875 0.00200653
10.7 37.125 0.00282132
10.7 39.375 0.00205467
10.7 41.625 0.0109202
10.7 43.875 0.00209152
10.9 1.125 0.0166938
10.9 3.375 0.00223404
10.9 5.625 0.00189611
10.9 7.875 0.00260403
10.9 10.125 0.00188335
10.9 12.375 0.00247192
10.9 14.625 0.00243158
10.9 16.875 0.0015071
10.9 19.125 0.0023787
10.9 21.375 0.00210061
10.9 23.625 0.00209676
10.9 25.875 0.00161536
10.9 28.125 0.00242917
10.9 30.375 0.00262827
10.9 32.625 0.00239524
10.9 34.875 0.0026983
10.9 37.125 0.00316155
10.9 39.375 0.00230205
10.9 41.625 0.00228815
10.9 43.875 0.00175935
11.1 1.125 0.00232956
11.1 3.375 0.0025621
11.1 5.625 0.00164027
11.1 7.875 0.00247304
11.1 10.125 0.00180867
11.1 12.375 0.00270824
11.1 14.625 0.0018957
11.1 16.875 0.00152273
11.1 19.125 0.00248084
11.1 21.375 0.0025156
11.1 23.625 0.00212984
11.1 25.875 0.0027015
11.1 28.125 0.0022579
11.1 30.375 0.00173767
11.1 32.625 0.00225683
11.1 34.875 0.00201797
11.1 37.125 0.00229583
11.1 39.375 0.00196014
11.1 41.625 0.00188643
11.1 43.875 0.00183948
11.3 1.125 0.00215001
11.3 3.375 0.00264442
11.3 5.625 0.00246322
11.3 7.875 0.00206624
11.3 10.125 0.00201801
11.3 12.375 0.00236995
11.3 14.625 0.0026462
11.3 16.875 0.00221893
11.3 19.125 0.00168929
11.3 21.375 0.00191777
11.3 23.625 0.00185107
11.3 25.875 0.00223236
11.3 28.125 0.00174643
11.3 30.375 0.0017474
11.3 32.625 0.0036649
11.3 34.875 0.00178108
11.3 37.125 0.00180091
11.3 39.375 0.00185512
11.3 41.625 0.00162712
11.3 43.875 0.00192874
11.5 1.125 0.00270502
11.5 3.375 0.00177622
11.5 5.625 0.00225796
11.5 7.875 0.00171795
11.5 10.125 0.00168713
11.5 12.375 0.00187833
11.5 14.625 0.00248919
11.5 16.875 0.00337785
11.5 19.125 0.00163689
11.5 21.375 0.00211109
11.5 23.625 0.00299413
11.5 25.875 0.00283772
11.5 28.125 0.00176671
11.5 30.375 0.00225292
11.5 32.625 0.00244079
11.5 34.875 0.00243934
11.5 37.125 0.00323612
11.5 39.375 0.00219515
11.5 41.625 0.00192605
11.5 43.875 0.00250948
11.7 1.125 0.0025382
11.7 3.375 0.00257596
11.7 5.625 0.001817
11.7 7.875 0.00162992
11.7 10.125 0.00205197
11.7 12.375 0.00188587
11.7 14.625 0.00178909
11.7 16.875 0.00159474
11.7 19.125 0.00233264
11.7 21.375 0.00458103
11.7 23.625 0.00196779
11.7 25.875 0.00279084
11.7 28.125 0.00160407
11.7 30.375 0.00161614
11.7 32.625 0.00267877
11.7 34.875 0.00207895
11.7 37.125 0.00192266
11.7 39.375 0.00230952
11.7 41.625 0.00268188
11.7 43.875 0.00297437
11.9 1.125 0.00176023
11.9 3.375 0.00252994
11.9 5.625 0.002621
11.9 7.875 0.00222014
11.9 10.125 0.00191118
11.9 12.375 0.00238691
11.9 14.625 0.00280603
11.9 16.875 0.00161943
11.9 19.125 0.00186305
11.9 21.375 0.00330796
11.9 23.625 0.00198811
11.9 25.875 0.00218687
11.9 28.125 0.00263397
11.9 30.375 0.00291751
11.9 32.625 0.00242396
11.9 34.875 0.00164724
11.9 37.125 0.00243509
11.9 39.375 0.00289493
11.9 41.625 0.00216085
11.9 43.875 0.00206123
12.1 1.125 0.00223669
12.1 3.375 0.00182573
12.1 5.625 0.0021703
12.1 7.875 0.00223452
12.1 10.125 0.00270518
12.1 12.375 0.00169901
12.1 14.625 0.00270075
12.1 16.875 0.00250145
12.1 19.125 0.00212942
12.1 21.375 0.00174101
12.1 23.625 0.00145698
12.1 25.875 0.00159525
12.1 28.125 0.00261574
12.1 30.375 0.00203806
12.1 32.625 0.00227494
12.1 34.875 0.00210664
12.1 37.125 0.00174775
12.1 39.375 0.00217306
12.1 41.625 0.00244747
12.1 43.875 0.00236437
12.3 1.125 0.00175456
12.3 3.375 0.00176441
12.3 5.625 0.00226768
12.3 7.875 0.00235675
12.3 10.125 0.00188376
12.3 12.375 0.00227212
12.3 14.625 0.00200775
12.3 16.875 0.00222106
12.3 19.125 0.00168759
12.3 21.375 0.00201541
12.3 23.625 0.00186116
12.3 25.875 0.00357886
12.3 28.125 0.0016908
12.3 30.375 0.0018068
12.3 32.625 0.00208958
12.3 34.875 0.00290823
12.3 37.125 0.00207461
12.3 39.375 0.00228123
12.3 41.625 0.00207463
12.3 43.875 0.00275578
12.5 1.125 0.0020498
12.5 3.375 0.00238309
12.5 5.625 0.00219837
12.5 7.875 0.00305747
12.5 10.125 0.00197938
12.5 12.375 0.00299345
12.5 14.625 0.00122347
12.5 16.875 0.00167567
12.5 19.125 0.00208647
12.5 21.375 0.00184009
12.5 23.625 0.00115925
12.5 25.875 0.00242306
12.5 28.125 0.00374115
12.5 30.375 0.00201009
12.5 32.625 0.00268455
12.5 34.875 0.00261916
12.5 37.125 0.00229678
12.5 39.375 0.00239504
12.5 41.625 0.00178723
12.5 43.875 0.00220269
12.7 1.125 0.00192697
12.7 3.375 0.00152242
12.7 5.625 0.00267504
12.7 7.875 0.00203269
12.7 10.125 0.00151207
12.7 12.375 0.00297499
12.7 14.625 0.00255781
12.7 16.875 0.00139944
12.7 19.125 0.00191277
12.7 21.375 0.00210658
12.7 23.625 0.00151097
12.7 25.875 0.00148623
12.7 28.125 0.00228103
12.7 30.375 0.00167544
12.7 32.625 0.00211679
12.7 34.875 0.00219239
12.7 37.125 0.00278852
12.7 39.375 0.00253584
12.7 41.625 0.00299443
12.7 43.875 0.00161543
12.9 1.125 0.0025943
12.9 3.375 0.0020608
12.9 5.625 0.00169699
12.9 7.875 0.00265722
12.9 10.125 0.00270846
12.9 12.375 0.00209477
12.9 14.625 0.00137713
12.9 16.875 0.00194663
12.9 19.125 0.00198857
12.9 21.375 0.00247134
12.9 23.625 0.00255203
12.9 25.875 0.00201561
12.9 28.125 0.00186718
12.9 30.375 0.00187875
12.9 32.625 0.00157475
12.9 34.875 0.00158906
12.9 37.125 0.00179857
12.9 39.375 0.00146426
12.9 41.625 0.00209659
12.9 43.875 0.00219996
13.1 1.125 0.00272082
13.1 3.375 0.00220287
13.1 5.625 0.00187825
13.1 7.875 0.00294613
13.1 10.125 0.0013607
13.1 12.375 0.00239052
13.1 14.625 0.00223969
13.1 16.875 0.00210588
13.1 19.125 0.00545063
13.1 21.375 0.00231542
13.1 23.625 0.00306911
13.1 25.875 0.00155159
13.1 28.125 0.00296983
13.1 30.375 0.0016055
13.1 32.625 0.00175177
13.1 34.875 0.00225721
13.1 37.125 0.00167337
13.1 39.375 0.00184609
13.1 41.625 0.00157359
13.1 43.875 0.00168861
13.3 1.125 0.00219916
13.3 3.375 0.00161631
13.3 5.625 0.00210912
13.3 7.875 0.00161671
13.3 10.125 0.00154042
13.3 12.375 0.00164434
13.3 14.625 0.00202048
13.3 16.875 0.00244048
13.3 19.125 0.00208103
13.3 21.375 0.00274797
13.3 23.625 0.00222196
13.3 25.875 0.00198756
13.3 28.125 0.00242241
13.3 30.375 0.00101132
13.3 32.625 0.00245562
13.3 34.875 0.00256535
13.3 37.125 0.00191304
13.3 39.375 0.00181479
13.3 41.625 0.00238431
13.3 43.875 0.0027765
13.5 1.125 0.00208611
13.5 3.375 0.00243702
13.5 5.625 0.00224851
13.5 7.875 0.00299398
13.5 10.125 0.00231651
13.5 12.375 0.00192904
13.5 14.625 0.00157718
13.5 16.875 0.00173083
13.5 19.125 0.0022952
13.5 21.375 0.00233774
13.5 23.625 0.00175059
13.5 25.875 0.00238845
13.5 28.125 0.00272421
13.5 30.375 0.00233632
13.5 32.625 0.00239158
13.5 34.875 0.00149162
13.5 37.125 0.00177131
13.5 39.375 0.00146138
13.5 41.625 0.00226249
13.5 43.875 0.00190614
13.7 1.125 0.00192504
13.7 3.375 0.00314804
13.7 5.625 0.00167838
13.7 7.875 0.00256915
13.7 10.125 0.00264249
13.7 12.375 0.00224979
13.7 14.625 0.00169423
13.7 16.875 0.00228019
13.7 19.125 0.00208353
13.7 21.375 0.00130408
13.7 23.625 0.00213347
13.7 25.875 0.00137703
13.7 28.125 0.00227022
13.7 30.375 0.00194537
13.7 32.625 0.00193515
13.7 34.875 0.00291508
13.7 37.125 0.00300229
13.7 39.375 0.00153477
13.7 41.625 0.0022241
13.7 43.875 0.00176963
13.9 1.125 0.00153178
13.9 5.625 0.00198109
13.9 7.875 0.00174152
13.9 10.125 0.00212116
13.9 12.375 0.00341111
13.9 14.625 0.00193077
13.9 16.875 0.00375278
13.9 19.125 0.0016417
13.9 21.375 0.0020594
13.9 23.625 0.00212012
13.9 25.875 0.00163323
13.9 28.125 0.00154183
13.9 30.375 0.00267181
13.9 32.625 0.0020984
13.9 34.875 0.00173788
13.9 37.125 0.00226492
13.9 39.375 0.00206499
13.9 41.625 0.00217194
13.9 43.875 0.00229816
