0.1 1.125 0.70884
0.1 3.375 0.755304
0.1 5.625 0.758151
0.1 7.875 0.689994
0.1 10.125 0.708519
0.1 12.375 0.75515
0.1 14.625 0.704631
0.1 16.875 0.715916
0.1 19.125 0.759543
0.1 21.375 0.700623
0.1 23.625 0.762162
0.1 25.875 0.750639
0.1 28.125 0.759749
0.1 30.375 0.709777
0.1 32.625 0.753247
0.1 34.875 0.748154
0.1 37.125 0.760721
0.1 39.375 0.695615
0.1 41.625 0.686481
0.1 43.875 0.753416
0.3 1.125 0.737568
0.3 3.375 0.72244
0.3 5.625 0.751232
0.3 7.875 0.741513
0.3 10.125 0.740732
0.3 12.375 0.7411
0.3 14.625 0.739163
0.3 16.875 0.738275
0.3 19.125 0.73648
0.3 21.375 0.728476
0.3 23.625 0.728552
0.3 25.875 0.738487
0.3 28.125 0.698919
0.3 30.375 0.733024
0.3 32.625 0.737743
0.3 34.875 0.738367
0.3 37.125 0.734591
0.3 39.375 0.719286
0.3 41.625 0.728741
0.3 43.875 0.734174
0.5 1.125 0.708785
0.5 3.375 0.707125
0.5 5.625 0.724088
0.5 7.875 0.724102
0.5 10.125 0.722749
0.5 12.375 0.709501
0.5 14.625 0.71999
0.5 16.875 0.718471
0.5 19.125 0.71054
0.5 21.375 0.713646
0.5 23.625 0.722497
0.5 25.875 0.712989
0.5 28.125 0.71416
0.5 30.375 0.713006
0.5 32.625 0.716406
0.5 34.875 0.704952
0.5 37.125 0.717548
0.5 39.375 0.719668
0.5 41.625 0.720692
0.5 43.875 0.723608
0.7 1.125 0.664668
0.7 3.375 0.676201
0.7 5.625 0.689475
0.7 7.875 0.679365
0.7 10.125 0.689373
0.7 12.375 0.684081
0.7 14.625 0.687222
0.7 16.875 0.690129
0.7 19.125 0.6834
0.7 21.375 0.67089
0.7 23.625 0.679939
0.7 25.875 0.667534
0.7 28.125 0.668451
0.7 30.375 0.678529
0.7 32.625 0.685286
0.7 34.875 0.676157
0.7 37.125 0.676603
0.7 39.375 0.675533
0.7 41.625 0.688851
0.7 43.875 0.684241
0.9 1.125 0.616116
0.9 3.375 0.615036
0.9 5.625 0.621212
0.9 7.875 0.611693
0.9 10.125 0.612652
0.9 12.375 0.616292
0.9 14.625 0.612903
0.9 16.875 0.62135
0.9 19.125 0.620655
0.9 21.375 0.614647
0.9 23.625 0.627807
0.9 25.875 0.598473
0.9 28.125 0.623272
0.9 30.375 0.599816
0.9 32.625 0.613968
0.9 34.875 0.600118
0.9 37.125 0.619768
0.9 39.375 0.616917
0.9 41.625 0.616386
0.9 43.875 0.629108
1.1 1.125 0.487776
1.1 3.375 0.487057
1.1 5.625 0.48859
1.1 7.875 0.477307
1.1 10.125 0.482814
1.1 12.375 0.48033
1.1 14.625 0.480296
1.1 16.875 0.504748
1.1 19.125 0.489074
1.1 21.375 0.506213
1.1 23.625 0.523811
1.1 25.875 0.531973
1.1 28.125 0.508479
1.1 30.375 0.543189
1.1 32.625 0.561104
1.1 34.875 0.545748
1.1 37.125 0.565242
1.1 39.375 0.559187
1.1 41.625 0.564084
1.1 43.875 0.56252
1.3 1.125 0.328294
1.3 3.375 0.317683
1.3 5.625 0.317982
1.3 7.875 0.320197
1.3 10.125 0.347306
1.3 12.375 0.342942
1.3 14.625 0.343311
1.3 16.875 0.359921
1.3 19.125 0.355608
1.3 21.375 0.377759
1.3 23.625 0.382014
1.3 25.875 0.378887
1.3 28.125 0.388942
1.3 30.375 0.423018
1.3 32.625 0.4196
1.3 34.875 0.435674
1.3 37.125 0.444007
1.3 39.375 0.467074
1.3 41.625 0.484148
1.3 43.875 0.483902
1.5 1.125 0.175666
1.5 3.375 0.180805
1.5 5.625 0.180636
1.5 7.875 0.186032
1.5 10.125 0.200065
1.5 12.375 0.211646
1.5 14.625 0.211326
1.5 16.875 0.209097
1.5 19.125 0.216957
1.5 21.375 0.236012
1.5 23.625 0.260431
1.5 25.875 0.258565
1.5 28.125 0.256978
1.5 30.375 0.271819
1.5 32.625 0.312224
1.5 34.875 0.289728
1.5 37.125 0.300332
1.5 39.375 0.337332
1.5 41.625 0.382485
1.5 43.875 0.382593
1.7 1.125 0.102347
1.7 3.375 0.106999
1.7 5.625 0.105636
1.7 7.875 0.112488
1.7 10.125 0.111067
1.7 12.375 0.124975
1.7 14.625 0.137665
1.7 16.875 0.130217
1.7 19.125 0.133408
1.7 21.375 0.128107
1.7 23.625 0.143661
1.7 25.875 0.140412
1.7 28.125 0.166416
1.7 30.375 0.151545
1.7 32.625 0.174047
1.7 34.875 0.158804
1.7 37.125 0.176822
1.7 39.375 0.183536
1.7 41.625 0.208881
1.7 43.875 0.221006
1.9 1.125 0.0625274
1.9 3.375 0.0641267
1.9 5.625 0.0649304
1.9 7.875 0.0648533
1.9 10.125 0.0683128
1.9 12.375 0.0697992
1.9 14.625 0.0787433
1.9 16.875 0.0897059
1.9 19.125 0.0837899
1.9 21.375 0.0864901
1.9 23.625 0.0870879
1.9 25.875 0.0964072
1.9 28.125 0.0864161
1.9 30.375 0.100857
1.9 32.625 0.0988216
1.9 34.875 0.10332
1.9 37.125 0.111483
1.9 39.375 0.109349
1.9 41.625 0.116365
1.9 43.875 0.142622
2.1 1.125 0.0403054
2.1 3.375 0.0426212
2.1 5.625 0.0407756
2.1 7.875 0.0414442
2.1 10.125 0.0437788
2.1 12.375 0.0479703
2.1 14.625 0.0492286
2.1 16.875 0.0515346
2.1 19.125 0.052751
2.1 21.375 0.0546305
2.1 23.625 0.0572017
2.1 25.875 0.0599616
2.1 28.125 0.0562865
2.1 30.375 0.0615886
2.1 32.625 0.0650377
2.1 34.875 0.0680607
2.1 37.125 0.0722967
2.1 39.375 0.0751305
2.1 41.625 0.076913
2.1 43.875 0.079752
2.3 1.125 0.024513
2.3 3.375 0.0269212
2.3 5.625 0.0272241
2.3 7.875 0.0277553
2.3 10.125 0.0283252
2.3 12.375 0.0313788
2.3 14.625 0.0293276
2.3 16.875 0.0319705
2.3 19.125 0.0325901
2.3 21.375 0.0335845
2.3 23.625 0.0357192
2.3 25.875 0.0359513
2.3 28.125 0.0394059
2.3 30.375 0.0421619
2.3 32.625 0.0444378
2.3 34.875 0.0467075
2.3 37.125 0.0501576
2.3 39.375 0.0481653
2.3 41.625 0.0492358
2.3 43.875 0.0519487
2.5 1.125 0.0176117
2.5 3.375 0.0163846
2.5 5.625 0.0193857
2.5 7.875 0.0169308
2.5 10.125 0.0169107
2.5 12.375 0.0168707
2.5 14.625 0.017497
2.5 16.875 0.017955
2.5 19.125 0.0181948
2.5 21.375 0.0207451
2.5 23.625 0.0209907
2.5 25.875 0.0256676
2.5 28.125 0.0264011
2.5 30.375 0.0276274
2.5 32.625 0.0272817
2.5 34.875 0.0315468
2.5 37.125 0.0313937
2.5 39.375 0.0308494
2.5 41.625 0.033541
2.5 43.875 0.0323201
2.7 1.125 0.0151784
2.7 3.375 0.01453
2.7 5.625 0.0137657
2.7 7.875 0.0137048
2.7 10.125 0.0128989
2.7 12.375 0.0125401
2.7 14.625 0.0142344
2.7 16.875 0.0127479
2.7 19.125 0.0143595
2.7 21.375 0.0133039
2.7 23.625 0.0138602
2.7 25.875 0.0158638
2.7 28.125 0.0170862
2.7 30.375 0.0190561
2.7 32.625 0.0208875
2.7 34.875 0.0211606
2.7 37.125 0.0231487
2.7 39.375 0.0208967
2.7 41.625 0.019888
2.7 43.875 0.0206418
2.9 1.125 0.0111979
2.9 3.375 0.0112736
2.9 5.625 0.0105632
2.9 7.875 0.0103348
2.9 10.125 0.0101014
2.9 12.375 0.0108034
2.9 14.625 0.0097069
2.9 16.875 0.0105294
2.9 19.125 0.0112567
2.9 21.375 0.0110724
2.9 23.625 0.0115415
2.9 25.875 0.0113004
2.9 28.125 0.0118712
2.9 30.375 0.0130587
2.9 32.625 0.0133439
2.9 34.875 0.0141804
2.9 37.125 0.0152544
2.9 39.375 0.014546
2.9 41.625 0.0143406
2.9 43.875 0.0150532
3.1 1.125 0.0100532
3.1 3.375 0.00907676
3.1 5.625 0.00939888
3.1 7.875 0.00914857
3.1 10.125 0.00866832
3.1 12.375 0.00956898
3.1 14.625 0.00766488
3.1 16.875 0.00857305
3.1 19.125 0.0085714
3.1 21.375 0.00955229
3.1 23.625 0.0092329
3.1 25.875 0.00974242
3.1 28.125 0.00992666
3.1 30.375 0.0101287
3.1 32.625 0.00996948
3.1 34.875 0.00978349
3.1 37.125 0.0105425
3.1 39.375 0.0113315
3.1 41.625 0.0118332
3.1 43.875 0.0116833
3.3 1.125 0.00788304
3.3 3.375 0.00772507
3.3 5.625 0.00765628
3.3 7.875 0.00795376
3.3 10.125 0.00722321
3.3 12.375 0.00782838
3.3 14.625 0.00850091
3.3 16.875 0.007261
3.3 19.125 0.00754472
3.3 21.375 0.00757154
3.3 23.625 0.00845354
3.3 25.875 0.00875991
3.3 28.125 0.0091544
3.3 30.375 0.00882996
3.3 32.625 0.00881877
3.3 34.875 0.00888447
3.3 37.125 0.00802569
3.3 39.375 0.00902833
3.3 41.625 0.00865901
3.3 43.875 0.00924355
3.5 1.125 0.00716257
3.5 3.375 0.007171
3.5 5.625 0.00770707
3.5 7.875 0.00724287
3.5 10.125 0.00644407
3.5 12.375 0.00699896
3.5 14.625 0.00686897
3.5 16.875 0.00607015
3.5 19.125 0.00782729
3.5 21.375 0.00679542
3.5 23.625 0.00750377
3.5 25.875 0.00768323
3.5 28.125 0.0070437
3.5 30.375 0.00752856
3.5 32.625 0.00711406
3.5 34.875 0.00761362
3.5 37.125 0.00740727
3.5 39.375 0.00753114
3.5 41.625 0.00808295
3.5 43.875 0.00732133
3.7 1.125 0.00658366
3.7 3.375 0.00640701
3.7 5.625 0.00628496
3.7 7.875 0.00887645
3.7 10.125 0.00629365
3.7 12.375 0.00661324
3.7 14.625 0.00662132
3.7 16.875 0.00639784
3.7 19.125 0.00619517
3.7 21.375 0.00740563
3.7 23.625 0.0059386
3.7 25.875 0.00593125
3.7 28.125 0.00583354
3.7 30.375 0.00727599
3.7 32.625 0.00609628
3.7 34.875 0.00653567
3.7 37.125 0.00703296
3.7 39.375 0.00703993
3.7 41.625 0.00674501
3.7 43.875 0.00654878
3.9 1.125 0.00588939
3.9 3.375 0.00551142
3.9 5.625 0.00579914
3.9 7.875 0.00577849
3.9 10.125 0.00550342
3.9 12.375 0.00548013
3.9 14.625 0.00503091
3.9 16.875 0.00598734
3.9 19.125 0.00658283
3.9 21.375 0.00646939
3.9 23.625 0.00585942
3.9 25.875 0.00650293
3.9 28.125 0.00708693
3.9 30.375 0.00586253
3.9 32.625 0.0061787
3.9 34.875 0.00602724
3.9 37.125 0.00597666
3.9 39.375 0.00575687
3.9 41.625 0.00524405
3.9 43.875 0.00573742
4.1 1.125 0.00568743
4.1 3.375 0.0053329
4.1 5.625 0.00489441
4.1 7.875 0.0051713
4.1 10.125 0.00553274
4.1 12.375 0.00581353
4.1 14.625 0.00538215
4.1 16.875 0.00485034
4.1 19.125 0.00558821
4.1 21.375 0.00557183
4.1 23.625 0.00646385
4.1 25.875 0.00589393
4.1 28.125 0.00584885
4.1 30.375 0.00530763
4.1 32.625 0.00543541
4.1 34.875 0.00528057
4.1 37.125 0.0050929
4.1 39.375 0.00473661
4.1 41.625 0.00484141
4.1 43.875 0.00456095
4.3 1.125 0.00454542
4.3 3.375 0.00480933
4.3 5.625 0.00473104
4.3 7.875 0.00533107
4.3 10.125 0.00459136
4.3 12.375 0.00463816
4.3 14.625 0.00486281
4.3 16.875 0.00502827
4.3 19.125 0.00540551
4.3 21.375 0.00510001
4.3 23.625 0.00574703
4.3 25.875 0.00520823
4.3 28.125 0.00483751
4.3 30.375 0.00545286
4.3 32.625 0.00483932
4.3 34.875 0.00488951
4.3 37.125 0.00469201
4.3 39.375 0.00455731
4.3 41.625 0.0045845
4.3 43.875 0.00426102
4.5 1.125 0.0044717
4.5 3.375 0.00419783
4.5 5.625 0.00408224
4.5 7.875 0.00382293
4.5 10.125 0.00683643
4.5 12.375 0.00492438
4.5 14.625 0.00416015
4.5 16.875 0.00494202
4.5 19.125 0.00472984
4.5 21.375 0.00470794
4.5 23.625 0.0050681
4.5 25.875 0.00497329
4.5 28.125 0.00495681
4.5 30.375 0.00479347
4.5 32.625 0.00434308
4.5 34.875 0.00477865
4.5 37.125 0.00475247
4.5 39.375 0.00451718
4.5 41.625 0.00451875
4.5 43.875 0.00386221
4.7 1.125 0.00370014
4.7 3.375 0.00399243
4.7 5.625 0.00411817
4.7 7.875 0.00446841
4.7 10.125 0.00435936
4.7 12.375 0.00423475
4.7 14.625 0.00376013
4.7 16.875 0.00463092
4.7 19.125 0.00435455
4.7 21.375 0.00408776
4.7 23.625 0.00446542
4.7 25.875 0.00443869
4.7 28.125 0.0044162
4.7 30.375 0.00450525
4.7 32.625 0.00433653
4.7 34.875 0.00397694
4.7 37.125 0.0043228
4.7 39.375 0.00391129
4.7 41.625 0.00426515
4.7 43.875 0.00385864
4.9 1.125 0.00369374
4.9 3.375 0.00379831
4.9 5.625 0.00351909
4.9 7.875 0.0036615
4.9 10.125 0.00361386
4.9 12.375 0.00384689
4.9 14.625 0.00396272
4.9 16.875 0.00380419
4.9 19.125 0.00389221
4.9 21.375 0.00389249
4.9 23.625 0.00418478
4.9 25.875 0.00414023
4.9 28.125 0.00379517
4.9 30.375 0.00415692
4.9 32.625 0.00405178
4.9 34.875 0.00380223
4.9 37.125 0.00419598
4.9 39.375 0.00361222
4.9 41.625 0.00406448
4.9 43.875 0.00374323
5.1 1.125 0.0051327
5.1 3.375 0.00345767
5.1 5.625 0.00343796
5.1 7.875 0.00316686
5.1 10.125 0.00404698
5.1 12.375 0.00336
5.1 14.625 0.0035439
5.1 16.875 0.00366878
5.1 19.125 0.0035258
5.1 21.375 0.00366228
5.1 23.625 0.00364477
5.1 25.875 0.00382773
5.1 28.125 0.00368171
5.1 30.375 0.00350377
5.1 32.625 0.0037912
5.1 34.875 0.00339921
5.1 37.125 0.0038078
5.1 39.375 0.0034721
5.1 41.625 0.00332057
5.1 43.875 0.0035866
5.3 1.125 0.00335309
5.3 3.375 0.00330241
5.3 5.625 0.00371337
5.3 7.875 0.00331285
5.3 10.125 0.00349906
5.3 12.375 0.00323719
5.3 14.625 0.00354234
5.3 16.875 0.00323687
5.3 19.125 0.00305588
5.3 21.375 0.00371972
5.3 23.625 0.00339672
5.3 25.875 0.00350465
5.3 28.125 0.00363299
5.3 30.375 0.00346844
5.3 32.625 0.00343985
5.3 34.875 0.00345708
5.3 37.125 0.00387912
5.3 39.375 0.00349536
5.3 41.625 0.00363933
5.3 43.875 0.00396141
5.5 1.125 0.00485496
5.5 3.375 0.0032009
5.5 5.625 0.00329433
5.5 7.875 0.00307504
5.5 10.125 0.00290218
5.5 12.375 0.00318803
5.5 14.625 0.00337974
5.5 16.875 0.00308187
5.5 19.125 0.00585645
5.5 21.375 0.00355369
5.5 23.625 0.0038944
5.5 25.875 0.00497618
5.5 28.125 0.00341714
5.5 30.375 0.00331444
5.5 32.625 0.00343526
5.5 34.875 0.00350309
5.5 37.125 0.00365535
5.5 39.375 0.00777752
5.5 41.625 0.00363868
5.5 43.875 0.0033872
5.7 1.125 0.00318052
5.7 3.375 0.00308161
5.7 5.625 0.00280779
5.7 7.875 0.00298384
5.7 10.125 0.0028336
5.7 12.375 0.00284493
5.7 14.625 0.00295122
5.7 16.875 0.00319356
5.7 19.125 0.0031176
5.7 21.375 0.00326372
5.7 23.625 0.0031049
5.7 25.875 0.00314699
5.7 28.125 0.00300968
5.7 30.375 0.00304896
5.7 32.625 0.00320948
5.7 34.875 0.00306709
5.7 37.125 0.00369214
5.7 39.375 0.00314017
5.7 41.625 0.00322346
5.7 43.875 0.00334164
5.9 1.125 0.00265026
5.9 3.375 0.00306692
5.9 5.625 0.00272505
5.9 7.875 0.00306187
5.9 10.125 0.00329107
5.9 12.375 0.00254442
5.9 14.625 0.00265386
5.9 16.875 0.00330046
5.9 19.125 0.00344384
5.9 21.375 0.00356663
5.9 23.625 0.00294749
5.9 25.875 0.00299935
5.9 28.125 0.00329615
5.9 30.375 0.00286563
5.9 32.625 0.00300255
5.9 34.875 0.00601416
5.9 37.125 0.00280907
5.9 39.375 0.00315372
5.9 41.625 0.00311026
5.9 43.875 0.00304218
6.1 1.125 0.00298506
6.1 3.375 0.00287092
6.1 5.625 0.00252408
6.1 7.875 0.00312375
6.1 10.125 0.00264361
6.1 12.375 0.00238789
6.1 14.625 0.00294988
6.1 16.875 0.00319588
6.1 19.125 0.00292724
6.1 21.375 0.00283195
6.1 23.625 0.00281055
6.1 25.875 0.00286401
6.1 28.125 0.00290819
6.1 30.375 0.00272298
6.1 32.625 0.00304243
6.1 34.875 0.00297837
6.1 37.125 0.00297946
6.1 39.375 0.00316704
6.1 41.625 0.00299931
6.1 43.875 0.00289034
6.3 1.125 0.00293149
6.3 3.375 0.0023921
6.3 5.625 0.00274828
6.3 7.875 0.00271154
6.3 10.125 0.00229667
6.3 12.375 0.00302007
6.3 14.625 0.00276265
6.3 16.875 0.00297494
6.3 19.125 0.00295177
6.3 21.375 0.00283611
6.3 23.625 0.00310012
6.3 25.875 0.0030455
6.3 28.125 0.0028233
6.3 30.375 0.00260722
6.3 32.625 0.00297945
6.3 34.875 0.00270464
6.3 37.125 0.00296037
6.3 39.375 0.00310166
6.3 41.625 0.00264299
6.3 43.875 0.00264685
6.5 1.125 0.00256344
6.5 3.375 0.0031128
6.5 5.625 0.00300055
6.5 7.875 0.00269387
6.5 10.125 0.00334525
6.5 12.375 0.00281591
6.5 14.625 0.00255373
6.5 16.875 0.0029348
6.5 19.125 0.00275948
6.5 21.375 0.00250605
6.5 23.625 0.00256037
6.5 25.875 0.0027879
6.5 28.125 0.00263464
6.5 30.375 0.00268817
6.5 32.625 0.00283573
6.5 34.875 0.00264384
6.5 37.125 0.00245852
6.5 39.375 0.00276643
6.5 41.625 0.00284182
6.5 43.875 0.00264915
6.7 1.125 0.00292309
6.7 3.375 0.00294578
6.7 5.625 0.00277152
6.7 7.875 0.00256523
6.7 10.125 0.00236186
6.7 12.375 0.0027598
6.7 14.625 0.00294784
6.7 16.875 0.00281985
6.7 19.125 0.00272952
6.7 21.375 0.00254015
6.7 23.625 0.00300316
6.7 25.875 0.00248068
6.7 28.125 0.00253048
6.7 30.375 0.00274474
6.7 32.625 0.00238446
6.7 34.875 0.00247572
6.7 37.125 0.00253937
6.7 39.375 0.00291278
6.7 41.625 0.00273156
6.7 43.875 0.002673
6.9 1.125 0.0024464
6.9 3.375 0.00227844
6.9 5.625 0.00266532
6.9 7.875 0.0028071
6.9 10.125 0.00304098
6.9 12.375 0.00294471
6.9 14.625 0.00289518
6.9 16.875 0.00273284
6.9 19.125 0.00259075
6.9 21.375 0.00284541
6.9 23.625 0.00281619
6.9 25.875 0.00251029
6.9 28.125 0.00299166
6.9 30.375 0.00258216
6.9 32.625 0.00202214
6.9 34.875 0.00285424
6.9 37.125 0.00240532
6.9 39.375 0.00247912
6.9 41.625 0.00269553
6.9 43.875 0.00572165
7.1 1.125 0.0026252
7.1 3.375 0.00242585
7.1 5.625 0.00335823
7.1 7.875 0.0023135
7.1 10.125 0.0028985
7.1 12.375 0.00258935
7.1 14.625 0.00229184
7.1 16.875 0.00291629
7.1 19.125 0.00274784
7.1 21.375 0.0024595
7.1 23.625 0.0027998
7.1 25.875 0.00229872
7.1 28.125 0.00308331
7.1 30.375 0.00201737
7.1 32.625 0.00264895
7.1 34.875 0.00218025
7.1 37.125 0.00236631
7.1 39.375 0.00241935
7.1 41.625 0.00280429
7.1 43.875 0.0022822
7.3 1.125 0.00229091
7.3 3.375 0.00590367
7.3 5.625 0.0027076
7.3 7.875 0.00235631
7.3 10.125 0.00246611
7.3 12.375 0.00295915
7.3 14.625 0.00256988
7.3 16.875 0.00299956
7.3 19.125 0.00254554
7.3 21.375 0.00278885
7.3 23.625 0.00244097
7.3 25.875 0.00262871
7.3 28.125 0.00281707
7.3 30.375 0.00248966
7.3 32.625 0.0027118
7.3 34.875 0.00279501
7.3 37.125 0.00247968
7.3 39.375 0.00275427
7.3 41.625 0.00248509
7.3 43.875 0.00233765
7.5 1.125 0.00248314
7.5 3.375 0.00218966
7.5 5.625 0.0024483
7.5 7.875 0.00228498
7.5 10.125 0.00235076
7.5 12.375 0.00226301
7.5 14.625 0.00258489
7.5 16.875 0.00270913
7.5 19.125 0.00249859
7.5 21.375 0.00252281
7.5 23.625 0.00282293
7.5 25.875 0.00275767
7.5 28.125 0.00283568
7.5 30.375 0.00368195
7.5 32.625 0.00278892
7.5 34.875 0.00250752
7.5 37.125 0.00254902
7.5 39.375 0.00224892
7.5 41.625 0.00262467
7.5 43.875 0.00224623
7.7 1.125 0.00249974
7.7 3.375 0.0022649
7.7 5.625 0.0025424
7.7 7.875 0.00260757
7.7 10.125 0.00231982
7.7 12.375 0.00249671
7.7 14.625 0.00239647
7.7 16.875 0.00246624
7.7 19.125 0.00256188
7.7 21.375 0.00294512
7.7 23.625 0.00279383
7.7 25.875 0.00269361
7.7 28.125 0.0024094
7.7 30.375 0.00266524
7.7 32.625 0.00266735
7.7 34.875 0.00216763
7.7 37.125 0.00225376
7.7 39.375 0.00234952
7.7 41.625 0.00218018
7.7 43.875 0.00278601
7.9 1.125 0.00235261
7.9 3.375 0.00276473
7.9 5.625 0.00245212
7.9 7.875 0.00272515
7.9 10.125 0.00211914
7.9 12.375 0.00220512
7.9 14.625 0.00283854
7.9 16.875 0.00246542
7.9 19.125 0.0023304
7.9 21.375 0.00239799
7.9 23.625 0.00220151
7.9 25.875 0.00284374
7.9 28.125 0.00243654
7.9 30.375 0.00250939
7.9 32.625 0.00250056
7.9 34.875 0.00212611
7.9 37.125 0.00200607
7.9 39.375 0.0026307
7.9 41.625 0.00290689
7.9 43.875 0.00239939
8.1 1.125 0.00731358
8.1 3.375 0.00236901
8.1 5.625 0.00261142
8.1 7.875 0.00224096
8.1 10.125 0.00244128
8.1 12.375 0.00234405
8.1 14.625 0.00227295
8.1 16.875 0.00275999
8.1 19.125 0.00238926
8.1 21.375 0.0021603
8.1 23.625 0.0022638
8.1 25.875 0.00218309
8.1 28.125 0.00240136
8.1 30.375 0.00263075
8.1 32.625 0.00266078
8.1 34.875 0.00213234
8.1 37.125 0.00272456
8.1 39.375 0.00234501
8.1 41.625 0.0023825
8.1 43.875 0.00260394
8.3 1.125 0.0021685
8.3 3.375 0.00240782
8.3 5.625 0.00240495
8.3 7.875 0.00242321
8.3 10.125 0.0025222
8.3 12.375 0.00230413
8.3 14.625 0.00244424
8.3 16.875 0.00248449
8.3 19.125 0.00235274
8.3 21.375 0.00290662
8.3 23.625 0.00265891
8.3 25.875 0.00240568
8.3 28.125 0.00200123
8.3 30.375 0.00227846
8.3 32.625 0.00224551
8.3 34.875 0.00207918
8.3 37.125 0.0024606
8.3 39.375 0.00240941
8.3 41.625 0.00229397
8.3 43.875 0.00252354
8.5 1.125 0.00228169
8.5 3.375 0.0024053
8.5 5.625 0.00226934
8.5 7.875 0.00267692
8.5 10.125 0.00259818
8.5 12.375 0.00204642
8.5 14.625 0.00250778
8.5 16.875 0.00254179
8.5 19.125 0.00202122
8.5 21.375 0.00235971
8.5 23.625 0.00215264
8.5 25.875 0.00214423
8.5 28.125 0.00250498
8.5 30.375 0.00231202
8.5 32.625 0.00241175
8.5 34.875 0.00233361
8.5 37.125 0.00217618
8.5 39.375 0.00258099
8.5 41.625 0.00179909
8.5 43.875 0.00190631
8.7 1.125 0.00268287
8.7 3.375 0.00225285
8.7 5.625 0.0140233
8.7 7.875 0.00295186
8.7 10.125 0.0031792
8.7 12.375 0.00206984
8.7 14.625 0.00260101
8.7 16.875 0.00249005
8.7 19.125 0.00336166
8.7 21.375 0.00249008
8.7 23.625 0.00230214
8.7 25.875 0.00264797
8.7 28.125 0.00196109
8.7 30.375 0.00191
8.7 32.625 0.00241792
8.7 34.875 0.00219056
8.7 37.125 0.00222458
8.7 39.375 0.00210008
8.7 41.625 0.00245234
8.7 43.875 0.00232017
8.9 1.125 0.00230108
8.9 3.375 0.00198708
8.9 5.625 0.00204067
8.9 7.875 0.00221239
8.9 10.125 0.00650233
8.9 12.375 0.00205401
8.9 14.625 0.00207209
8.9 16.875 0.00208032
8.9 19.125 0.00224319
8.9 21.375 0.00260541
8.9 23.625 0.00217549
8.9 25.875 0.00272068
8.9 28.125 0.00250188
8.9 30.375 0.00215956
8.9 32.625 0.00206863
8.9 34.875 0.00234504
8.9 37.125 0.00223135
8.9 39.375 0.0023957
8.9 41.625 0.00216014
8.9 43.875 0.00231656
9.1 1.125 0.00233678
9.1 3.375 0.00212393
9.1 5.625 0.00204135
9.1 7.875 0.00244411
9.1 10.125 0.00243261
9.1 12.375 0.00186006
9.1 14.625 0.00239904
9.1 16.875 0.00228918
9.1 19.125 0.00220423
9.1 21.375 0.0030283
9.1 23.625 0.00237218
9.1 25.875 0.00194976
9.1 28.125 0.00219049
9.1 30.375 0.0021928
9.1 32.625 0.00926278
9.1 34.875 0.00211751
9.1 37.125 0.00240582
9.1 39.375 0.00208688
9.1 41.625 0.00227141
9.1 43.875 0.00224006
9.3 1.125 0.00234579
9.3 3.375 0.00263261
9.3 5.625 0.00240078
9.3 7.875 0.00302829
9.3 10.125 0.00249329
9.3 12.375 0.00218408
9.3 14.625 0.00245662
9.3 16.875 0.00211557
9.3 19.125 0.00238208
9.3 21.375 0.00161434
9.3 23.625 0.00217823
9.3 25.875 0.00237911
9.3 28.125 0.00215509
9.3 30.375 0.00225006
9.3 32.625 0.00272524
9.3 34.875 0.00225425
9.3 37.125 0.00214884
9.3 39.375 0.00193835
9.3 41.625 0.00225654
9.3 43.875 0.00214004
9.5 1.125 0.00221579
9.5 3.375 0.0021396
9.5 5.625 0.00207038
9.5 7.875 0.0024313
9.5 10.125 0.00203382
9.5 12.375 0.00191912
9.5 14.625 0.00220401
9.5 16.875 0.00238662
9.5 19.125 0.00236648
9.5 21.375 0.0025297
9.5 23.625 0.00244648
9.5 25.875 0.00232203
9.5 28.125 0.00309925
9.5 30.375 0.00238959
9.5 32.625 0.00215617
9.5 34.875 0.00215659
9.5 37.125 0.0020791
9.5 39.375 0.00260045
9.5 41.625 0.00191883
9.5 43.875 0.00203349
9.7 1.125 0.00205373
9.7 3.375 0.00228408
9.7 5.625 0.00238751
9.7 7.875 0.0022906
9.7 10.125 0.00249805
9.7 12.375 0.00210364
9.7 14.625 0.00180246
9.7 16.875 0.00210323
9.7 19.125 0.00185283
9.7 21.375 0.0021104
9.7 23.625 0.0143116
9.7 25.875 0.002118
9.7 28.125 0.00245383
9.7 30.375 0.00226448
9.7 32.625 0.00190279
9.7 34.875 0.00261855
9.7 37.125 0.00196907
9.7 39.375 0.00235842
9.7 41.625 0.00229995
9.7 43.875 0.00215345
9.9 1.125 0.00221613
9.9 3.375 0.00256151
9.9 5.625 0.00229229
9.9 7.875 0.00227695
9.9 10.125 0.00212701
9.9 12.375 0.0025719
9.9 14.625 0.00195259
9.9 16.875 0.00201402
9.9 19.125 0.00238893
9.9 21.375 0.00242511
9.9 23.625 0.00235498
9.9 25.875 0.00221242
9.9 28.125 0.00174325
9.9 30.375 0.00218648
9.9 32.625 0.00222013
9.9 34.875 0.00236493
9.9 37.125 0.00155501
9.9 39.375 0.00236137
9.9 41.625 0.00224306
9.9 43.875 0.00239272
10.1 1.125 0.00198079
10.1 3.375 0.00294264
10.1 5.625 0.00173754
10.1 7.875 0.00216276
10.1 10.125 0.00289845
10.1 12.375 0.00210898
10.1 14.625 0.00203572
10.1 16.875 0.00264511
10.1 19.125 0.00193823
10.1 21.375 0.00216904
10.1 23.625 0.00271482
10.1 25.875 0.00248435
10.1 28.125 0.00226045
10.1 30.375 0.00202953
10.1 32.625 0.00212907
10.1 34.875 0.00199322
10.1 37.125 0.00238702
10.1 39.375 0.00187871
10.1 41.625 0.00185589
10.1 43.875 0.00219024
10.3 1.125 0.00190549
10.3 3.375 0.00217346
10.3 5.625 0.00173053
10.3 7.875 0.00208359
10.3 10.125 0.00189765
10.3 12.375 0.00189641
10.3 14.625 0.0021209
10.3 16.875 0.00227059
10.3 19.125 0.00194564
10.3 21.375 0.00202815
10.3 23.625 0.00215185
10.3 25.875 0.00241841
10.3 28.125 0.00207508
10.3 30.375 0.00194076
10.3 32.625 0.00243728
10.3 34.875 0.00184646
10.3 37.125 0.00198544
10.3 39.375 0.00195704
10.3 41.625 0.0025587
10.3 43.875 0.00225908
10.5 1.125 0.00188617
10.5 3.375 0.00188367
10.5 5.625 0.00181745
10.5 7.875 0.00242006
10.5 10.125 0.00194648
10.5 12.375 0.00214444
10.5 14.625 0.00193156
10.5 16.875 0.00265592
10.5 19.125 0.0019887
10.5 21.375 0.00221992
10.5 23.625 0.00171227
10.5 25.875 0.00207105
10.5 28.125 0.00179475
10.5 30.375 0.00210396
10.5 32.625 0.00287474
10.5 34.875 0.00181464
10.5 37.125 0.0021411
10.5 39.375 0.00228982
10.5 41.625 0.00196295
10.5 43.875 0.00184446
10.7 1.125 0.00191789
10.7 3.375 0.00165308
10.7 5.625 0.00240128
10.7 7.875 0.00194355
10.7 10.125 0.00191757
10.7 12.375 0.00228588
10.7 14.625 0.00184383
10.7 16.875 0.00236127
10.7 19.125 0.00177152
10.7 21.375 0.00220922
10.7 23.625 0.00214872
10.7 25.875 0.00262078
10.7 28.125 0.00190377
10.7 30.375 0.00250137
10.7 32.625 0.00254739
10.7 34.875 0.00233339
10.7 37.125 0.00168585
10.7 39.375 0.00234178
10.7 41.625 0.00236023
10.7 43.875 0.00192632
10.9 1.125 0.00228541
10.9 3.375 0.00199775
10.9 5.625 0.00216926
10.9 7.875 0.00208281
10.9 10.125 0.00214374
10.9 12.375 0.00276561
10.9 14.625 0.0020702
10.9 16.875 0.00198288
10.9 19.125 0.00230518
10.9 21.375 0.00230641
10.9 23.625 0.00195843
10.9 25.875 0.00211744
10.9 28.125 0.00256545
10.9 30.375 0.00183952
10.9 32.625 0.00178269
10.9 34.875 0.00243874
10.9 37.125 0.00238216
10.9 39.375 0.00234896
10.9 41.625 0.00184595
10.9 43.875 0.0165872
11.1 1.125 0.00186782
11.1 3.375 0.00265931
11.1 5.625 0.00241819
11.1 7.875 0.00170604
11.1 10.125 0.0020738
11.1 12.375 0.00260183
11.1 14.625 0.0019394
11.1 16.875 0.00231368
11.1 19.125 0.0016868
11.1 21.375 0.001807
11.1 23.625 0.00224459
11.1 25.875 0.00211216
11.1 28.125 0.00192819
11.1 30.375 0.00262848
11.1 32.625 0.00207576
11.1 34.875 0.00220591
11.1 37.125 0.00184854
11.1 39.375 0.00173927
11.1 41.625 0.00236903
11.1 43.875 0.00211716
11.3 1.125 0.00147195
11.3 3.375 0.00160545
11.3 5.625 0.00197074
11.3 7.875 0.00257976
11.3 10.125 0.00255402
11.3 12.375 0.00191359
11.3 14.625 0.00179282
11.3 16.875 0.00273272
11.3 19.125 0.00250557
11.3 21.375 0.0017316
11.3 23.625 0.00168395
11.3 25.875 0.00245212
11.3 28.125 0.00194057
11.3 30.375 0.00229351
11.3 32.625 0.00179852
11.3 34.875 0.00191281
11.3 37.125 0.00181512
11.3 39.375 0.00196529
11.3 41.625 0.00211005
11.3 43.875 0.00214001
11.5 1.125 0.00171332
11.5 3.375 0.00412352
11.5 5.625 0.00209468
11.5 7.875 0.00242315
11.5 10.125 0.00264336
11.5 12.375 0.00213806
11.5 14.625 0.00268517
11.5 16.875 0.00180174
11.5 19.125 0.00201416
11.5 21.375 0.00233198
11.5 23.625 0.00174308
11.5 25.875 0.00221086
11.5 28.125 0.00165233
11.5 30.375 0.00201085
11.5 32.625 0.00256316
11.5 34.875 0.00250235
11.5 37.125 0.00234204
11.5 39.375 0.0024861
11.5 41.625 0.00231835
11.5 43.875 0.00180112
11.7 1.125 0.00147482
11.7 3.375 0.00202036
11.7 5.625 0.00249011
11.7 7.875 0.0022039
11.7 10.125 0.00239259
11.7 12.375 0.00204013
11.7 14.625 0.00267791
11.7 16.875 0.00179872
11.7 19.125 0.00199438
11.7 21.375 0.00147229
11.7 23.625 0.00252669
11.7 25.875 0.00207508
11.7 28.125 0.00205784
11.7 30.375 0.00207607
11.7 32.625 0.00215479
11.7 34.875 0.00201285
11.7 37.125 0.00203333
11.7 39.375 0.00218347
11.7 41.625 0.00168717
11.7 43.875 0.00265638
11.9 1.125 0.00191029
11.9 3.375 0.00137579
11.9 5.625 0.00173196
11.9 7.875 0.001768
11.9 10.125 0.00216848
11.9 12.375 0.00202589
11.9 14.625 0.00253368
11.9 16.875 0.00250709
11.9 19.125 0.00217793
11.9 21.375 0.00273256
11.9 23.625 0.00304705
11.9 25.875 0.00227378
11.9 28.125 0.0022366
11.9 30.375 0.00239112
11.9 32.625 0.00268707
11.9 34.875 0.0022819
11.9 37.125 0.00253251
11.9 39.375 0.00197499
11.9 41.625 0.00195711
11.9 43.875 0.00226935
12.1 1.125 0.00179004
12.1 3.375 0.00210672
12.1 5.625 0.00220851
12.1 7.875 0.00173148
12.1 10.125 0.00218687
12.1 12.375 0.00187346
12.1 14.625 0.00179688
12.1 16.875 0.00206116
12.1 19.125 0.00164414
12.1 21.375 0.00213285
12.1 23.625 0.00185662
12.1 25.875 0.00173226
12.1 28.125 0.0022788
12.1 30.375 0.00263488
12.1 32.625 0.00211327
12.1 34.875 0.00225813
12.1 37.125 0.00199308
12.1 39.375 0.00220699
12.1 41.625 0.00161723
12.1 43.875 0.00195804
12.3 1.125 0.00204082
12.3 3.375 0.00267963
12.3 5.625 0.00181889
12.3 7.875 0.00294012
12.3 10.125 0.00208081
12.3 12.375 0.00190537
12.3 14.625 0.00183988
12.3 16.875 0.00193546
12.3 19.125 0.00142831
12.3 21.375 0.00164504
12.3 23.625 0.00197516
12.3 25.875 0.0026068
12.3 28.125 0.00260509
12.3 30.375 0.00218427
12.3 32.625 0.00235895
12.3 34.875 0.00225429
12.3 37.125 0.0023132
12.3 39.375 0.00158827
12.3 41.625 0.00240794
12.3 43.875 0.00241962
12.5 1.125 0.00238749
12.5 3.375 0.00171597
12.5 5.625 0.00226728
12.5 7.875 0.0021313
12.5 10.125 0.00177489
12.5 12.375 0.0015414
12.5 14.625 0.00180083
12.5 16.875 0.00244304
12.5 19.125 0.00211122
12.5 21.375 0.00205539
12.5 23.625 0.00211366
12.5 25.875 0.00227208
12.5 28.125 0.00148384
12.5 30.375 0.00172876
12.5 32.625 0.00217381
12.5 34.875 0.00185099
12.5 37.125 0.00184173
12.5 39.375 0.00199614
12.5 41.625 0.00450696
12.5 43.875 0.0023043
12.7 1.125 0.0179146
12.7 3.375 0.00199361
12.7 5.625 0.00207695
12.7 7.875 0.00160322
12.7 10.125 0.00192579
12.7 12.375 0.00190831
12.7 14.625 0.0022678
12.7 16.875 0.00190422
12.7 19.125 0.00156109
12.7 21.375 0.00307202
12.7 23.625 0.00198985
12.7 25.875 0.00162525
12.7 28.125 0.00184181
12.7 30.375 0.00241214
12.7 32.625 0.00190532
12.7 34.875 0.00285359
12.7 37.125 0.00184954
12.7 39.375 0.00204644
12.7 41.625 0.00166418
12.7 43.875 0.00265257
12.9 1.125 0.00208734
12.9 3.375 0.00296362
12.9 5.625 0.00205346
12.9 7.875 0.00207413
12.9 10.125 0.0225002
12.9 12.375 0.00225675
12.9 14.625 0.00197593
12.9 16.875 0.00227123
12.9 19.125 0.0023132
12.9 21.375 0.00181048
12.9 23.625 0.00191164
12.9 25.875 0.0033278
12.9 28.125 0.00241098
12.9 30.375 0.00151094
12.9 32.625 0.00220538
12.9 34.875 0.00137708
12.9 37.125 0.00286283
12.9 39.375 0.00156221
12.9 41.625 0.00209012
12.9 43.875 0.00164882
13.1 1.125 0.00218712
13.1 3.375 0.00162609
13.1 5.625 0.00154579
13.1 7.875 0.00225665
13.1 10.125 0.00226661
13.1 12.375 0.00276134
13.1 14.625 0.00222687
13.1 16.875 0.00220333
13.1 19.125 0.00180796
13.1 21.375 0.0016098
13.1 23.625 0.00252936
13.1 25.875 0.00262228
13.1 28.125 0.00194762
13.1 30.375 0.00280584
13.1 32.625 0.00272076
13.1 34.875 0.00706405
13.1 37.125 0.00261176
13.1 39.375 0.00161543
13.1 41.625 0.00170703
13.1 43.875 0.00171952
13.3 1.125 0.00137638
13.3 3.375 0.0025701
13.3 5.625 0.00177194
13.3 7.875 0.00174265
13.3 10.125 0.00216165
13.3 12.375 0.00186901
13.3 14.625 0.00231189
13.3 16.875 0.0020488
13.3 19.125 0.00180424
13.3 21.375 0.00214825
13.3 23.625 0.00155912
13.3 25.875 0.00213457
13.3 28.125 0.00290463
13.3 30.375 0.00232614
13.3 32.625 0.00273747
13.3 34.875 0.00198322
13.3 37.125 0.00156494
13.3 39.375 0.00311733
13.3 41.625 0.00286654
13.3 43.875 0.00220826
13.5 1.125 0.0018238
13.5 3.375 0.00179878
13.5 5.625 0.00155497
13.5 7.875 0.00236834
13.5 10.125 0.00235788
13.5 12.375 0.0024483
13.5 14.625 0.00309939
13.5 16.875 0.00206351
13.5 19.125 0.00231296
13.5 21.375 0.0022613
13.5 23.625 0.00256365
13.5 25.875 0.00225945
13.5 28.125 0.00243623
13.5 30.375 0.00196952
13.5 32.625 0.00254455
13.5 34.875 0.00308773
13.5 37.125 0.00177484
13.5 39.375 0.00177581
13.5 41.625 0.00133246
13.5 43.875 0.00145796
13.7 1.125 0.00173039
13.7 3.375 0.00199894
13.7 5.625 0.00185096
13.7 7.875 0.00248269
13.7 10.125 0.0018036
13.7 12.375 0.00223079
13.7 14.625 0.00176933
13.7 16.875 0.00252348
13.7 19.125 0.00169876
13.7 21.375 0.00279491
13.7 23.625 0.00272356
13.7 25.875 0.00216856
13.7 28.125 0.00204248
13.7 30.375 0.0019674
13.7 32.625 0.00302275
13.7 34.875 0.00291201
13.7 37.125 0.00211215
13.7 39.375 0.00211159
13.7 41.625 0.00282268
13.7 43.875 0.00245173
13.9 1.125 0.00162441
13.9 3.375 0.0029837
13.9 5.625 0.00300316
13.9 7.875 0.00212024
13.9 10.125 0.00270109
13.9 12.375 0.00201561
13.9 14.625 0.00169818
13.9 16.875 0.00173345
13.9 19.125 0.00298052
13.9 21.375 0.00172081
13.9 23.625 0.00182916
13.9 25.875 0.00330164
13.9 28.125 0.0017312
13.9 30.375 0.00177906
13.9 32.625 0.00215867
13.9 34.875 0.00161511
13.9 37.125 0.00148893
13.9 39.375 0.00272996
13.9 41.625 0.00116013
13.9 43.875 0.00118553
