0.976913
1.01207
0.969472
0.983265
1.04521
0.909986
0.902278
1.01947
1.0274
0.933185
0.96833
1.02441
0.950857
1.01681
0.996773
0.974215
0.914401
1.04405
1.11072
0.847321
0.989335
1.01625
0.944979
0.981151
1.00336
0.973655
1.08137
0.904292
0.915351
1.05025
1.24856
0.671474
0.969995
1.01812
0.979062
1.00405
0.884934
1.07357
0.998441
0.996716
0.984984
0.969849
0.995703
1.00476
0.938657
1.01476
0.999992
0.977967
1.00785
0.958273
0.994397
0.959168
1.04396
0.928079
1.14753
0.816267
0.999787
0.970929
0.991651
0.99707
0.984479
0.999835
1.00126
0.987688
0.978916
0.993114
1.06587
0.895677
0.970131
0.988223
1.1257
0.842404
1.03974
0.892499
0.974216
1.00564
1.03178
0.954979
1.00542
0.971126
0.834233
1.11801
1.07396
0.87678
1.02644
0.956526
0.946455
0.992265
0.997451
0.98745
0.976945
1.0115
0.991326
0.994147
0.931592
1.06313
0.972985
1.01278
1.04438
0.881017
1.03334
0.936905
0.994816
0.982832
0.994364
0.978628
1.00123
0.988338
1.01707
0.917844
1.0187
0.96611
1.09395
0.84116
0.997291
0.994805
0.990331
0.989435
0.990995
0.97179
0.944617
1.03242
1.01864
0.920885
1.01136
0.971729
0.941619
0.981321
1.00809
0.954976
1.02785
0.953302
0.951467
1.00972
1.1073
0.843071
1.03362
0.979914
0.972884
1.00028
0.972304
0.996781
0.967187
1.00721
1.01304
0.959132
0.976039
0.989015
1.00928
0.936064
0.985627
0.998588
1.01831
0.962816
0.85893
1.09108
1.10218
0.842611
0.936727
1.05106
0.979199
0.997532
0.975762
1.00816
0.936115
1.00742
0.97784
0.997797
0.834118
1.14898
0.999501
0.977379
0.971593
1.0025
0.656734
1.32329
0.993421
0.940825
1.11247
0.849535
0.973906
1.004
1.00547
0.964139
0.75579
1.20473
0.883749
1.04282
1.01984
0.935257
0.993663
0.997327
0.962834
0.999785
1.01105
0.948881
1.00502
0.974895
1.00872
0.949057
0.972226
1.00874
1.06713
0.898448
0.898873
1.05247
1.00398
0.984337
0.989091
0.991692
1.00193
0.972021
1.03843
0.91807
1.00238
0.97042
0.922797
1.05168
0.847767
1.11167
0.984912
0.988878
0.915494
1.04787
1.06334
0.918454
0.790791
1.19027
0.950539
1.00429
1.01733
0.942794
1.04174
0.941546
0.972909
0.979197
0.974352
0.982611
0.973227
1.01746
0.968171
1.00455
1.00701
0.992327
0.981665
0.983351
0.995155
0.970139
0.990149
0.999332
0.984481
1.01751
1.17667
0.823492
0.803319
1.09613
0.814277
1.15438
0.949332
0.982062
1.03951
0.926275
0.975431
0.97405
1.03814
0.94626
0.756474
1.23325
0.956662
1.00512
0.986293
0.991725
0.97584
0.988551
1.00353
0.994509
0.882747
1.08749
1.11701
0.852595
1.08403
0.867889
1.04088
0.930727
0.978738
0.97193
1.00535
0.99373
0.972406
0.983545
1.04714
0.961198
0.947503
1.02112
0.972156
1.00628
0.995651
0.956677
0.899744
1.05129
0.99396
0.98946
0.987187
0.985437
0.971094
1.01158
0.822199
1.12838
0.991379
0.982055
0.983789
0.976515
0.917271
1.0469
0.938486
1.0091
0.955962
1.00999
0.992055
0.992978
0.902813
1.06477
0.993859
0.984987
0.905004
0.979702
0.923513
1.06158
0.98029
1.01111
0.987194
0.95563
1.01348
0.977237
0.97019
0.976363
0.99195
0.961174
1.00306
0.950117
0.992046
0.990247
0.957224
1.02696
1.04621
0.933043
1.03062
0.9652
0.914711
1.01342
0.997767
0.968661
0.936056
1.03588
1.00785
0.95535
0.994703
0.982623
0.99682
0.985386
0.982364
0.993561
0.817844
1.09056
0.960771
0.99098
0.862348
1.06014
0.984586
1.01058
0.99106
0.993816
0.924008
1.03698
0.965173
1.00321
0.991736
0.979736
0.873167
1.0987
0.974023
1.00576
0.955907
1.01327
0.936798
1.01058
1.01794
0.974976
0.980616
0.956199
0.75123
1.1981
0.96867
0.989769
1.00657
0.96342
1.00187
0.991585
0.917357
1.0655
0.836844
1.12786
0.99927
0.965222
0.94894
1.03504
0.977435
0.997677
1.0127
0.95515
1.03349
0.949014
0.978902
0.986896
0.843064
1.0738
0.983455
0.989268
0.994014
0.965539
0.992772
1.00152
1.04333
0.940638
1.00183
0.960826
0.892271
1.04664
0.975822
0.990207
0.944343
1.03052
1.02069
0.956459
1.00539
0.984775
0.944835
1.02312
0.991994
0.956019
0.93719
0.972221
0.97713
1.01063
0.91255
1.02771
1.0137
0.960485
0.964778
1.02485
0.998057
0.988702
1.04448
0.933997
1.00405
0.952587
0.974709
0.983143
1.11552
0.834074
0.973288
0.964154
0.940576
1.00989
1.04736
0.925545
1.00519
0.976074
1.01982
0.960526
0.983255
1.00672
0.832161
1.15305
1.01183
0.973258
0.905492
1.08674
1.01157
1.00064
0.987805
0.983287
1.03423
0.929796
0.967743
1.02876
1.00668
0.981329
0.963762
1.00979
1.01823
0.974253
0.985217
0.98328
0.973324
1.02276
1.03033
0.956327
1.09026
0.878826
0.993189
0.951043
1.04054
0.948455
0.997717
0.982871
1.01663
0.946385
0.958459
1.03857
0.737308
1.25431
1.00743
0.987499
1.12936
0.822934
1.02082
0.934768
0.921563
1.04292
0.960871
1.03946
0.944263
1.04351
0.778334
1.23105
0.994209
0.973089
0.968268
0.986284
1.01693
0.949807
1.11037
0.858921
0.897827
1.03375
0.962276
0.997134
0.938506
1.04478
1.22101
0.759325
0.949275
1.03651
1.0059
0.986322
1.0286
0.908572
1.02545
0.931704
0.867997
1.08477
0.979641
0.966419
1.03284
0.945546
0.953088
0.999692
0.972862
0.99762
1.15051
0.839066
1.21337
0.768424
1.04585
0.900969
1.01153
0.966764
0.997478
0.97967
1.01605
0.927499
1.01388
0.944861
1.09063
0.916543
1.01666
0.976075
0.98096
0.972525
1.12131
0.831615
0.994159
0.933912
0.972994
0.996529
0.956675
0.961826
0.994757
0.98564
0.981837
0.965918
1.01066
0.980958
1.03056
0.953648
0.99255
0.971469
1.0001
0.966555
1.12915
0.807174
1.05764
0.942579
1.02392
0.918938
1.00856
0.963466
0.928955
1.01319
1.00037
0.983749
1.01461
0.98492
1.00974
0.973104
0.976361
1.02866
0.951865
1.00693
0.83662
1.03691
1.00818
0.997631
0.992421
0.951788
0.997077
0.949367
0.940072
1.04903
1.16842
0.801473
1.00997
0.946854
0.976388
0.963801
0.957252
1.00333
0.952522
1.03317
0.963088
1.00676
0.95801
0.623349
1.04652
0.930854
1.05703
0.93667
1.05093
0.935804
0.99782
0.973457
0.718816
1.24321
0.919584
1.01798
1.18731
0.779029
1.00378
0.973649
0.897521
1.09025
1.15093
0.786523
1.00039
1.0049
0.981579
0.972845
0.997544
0.982652
0.97773
1.00272
0.924287
1.05707
0.984284
0.977857
0.986374
1.00841
0.969786
0.99505
0.980568
1.00332
0.978771
0.981075
0.996518
0.971025
0.985934
1.00193
0.984598
0.99528
0.990513
0.973563
0.945781
1.04796
0.960914
1.02556
0.957605
0.98782
0.823502
1.18162
0.972754
0.976446
0.890372
1.09286
1.03757
0.911803
1.00563
0.972104
0.950267
1.01586
0.961425
0.993508
0.979095
0.955335
1.00786
0.960321
0.907594
1.08623
0.938242
1.04628
0.865068
1.07063
0.988037
0.995473
1.05581
0.883017
0.979095
0.978689
1.00224
0.951671
0.988417
0.997864
1.00216
0.966443
0.996837
0.970986
0.744683
0.986061
0.936798
0.999074
0.916645
1.06471
0.955218
0.963719
0.960861
0.938972
0.982906
0.99382
0.956006
1.0041
1.02966
0.913577
0.996042
1.00873
0.945782
1.01581
1.02209
0.9446
0.921751
1.01198
0.853422
1.12101
0.966031
0.965196
0.974023
0.998663
0.999166
0.97855
0.970933
1.01651
0.963251
0.98867
0.992953
1.00135
0.838319
1.11743
0.960947
0.997185
1.0103
0.927641
1.00859
0.975264
1.02363
0.937902
0.977002
0.966071
1.0019
0.966161
0.639471
1.29065
0.947429
1.01777
0.981578
1.01567
0.908757
1.04368
0.99552
1.01616
0.974119
1.00301
0.946833
0.999854
0.880503
1.0082
0.994457
1.00821
0.998686
0.986347
0.938206
1.02655
0.978547
0.992475
0.972647
0.999541
0.986419
0.973334
0.989681
0.997392
0.730318
1.24805
1.00294
0.970157
0.925079
1.04053
0.9117
1.04177
0.977373
0.988587
0.935642
1.06194
0.924329
1.00554
0.927135
1.04706
0.938667
1.02211
0.929522
1.04802
0.966626
0.997905
1.06339
0.898218
1.01739
0.949508
0.991578
0.977571
0.923678
1.06201
0.960107
0.992656
0.73282
1.2524
0.992108
0.967779
1.21587
0.751708
1.00124
0.993483
1.03801
0.929813
0.958533
1.01846
0.99235
0.947718
1.00839
1.00088
1.02968
0.93497
0.922497
1.04379
1.00471
0.962426
1.01646
1.0092
0.965012
0.987552
0.987528
0.976984
0.965554
0.951731
0.952391
1.00843
0.967742
1.00826
0.994029
0.967076
0.930367
0.983901
1.04053
0.931461
0.992881
0.973529
1.01254
0.985372
0.987387
0.979704
0.998133
0.993747
0.999694
0.949882
1.00225
0.995104
0.966812
0.999529
1.08922
0.890473
0.898647
1.04742
0.89719
1.05139
0.7015
1.23458
1.0063
0.943197
1.03353
0.987915
0.951013
0.994134
1.02673
0.939698
0.987416
0.972971
0.965795
0.975396
1.00462
0.973794
0.98748
0.999939
0.835778
1.15469
0.961055
0.99521
0.884529
1.07196
1.01877
0.950327
1.00318
0.978979
1.00962
0.938766
1.00995
0.939045
0.987346
0.994924
0.946085
1.01953
0.993929
0.931488
0.804433
1.15268
0.949946
0.990911
0.974197
0.967935
1.00933
0.97649
0.982179
0.989922
0.983553
0.987828
0.973947
0.992608
0.943734
1.0402
1.00752
0.974694
0.9262
1.02521
0.955435
1.01119
1.04298
0.947667
0.980637
0.971706
0.99195
0.992638
0.936621
1.03528
1.00125
0.970582
0.999394
0.975683
0.926272
1.05565
1.1168
0.829364
1.01798
0.947533
1.00525
0.964259
0.951628
1.01754
0.894443
1.07126
1.10693
0.827294
0.988916
0.976368
0.977515
0.984806
0.877991
1.07883
1.01141
0.990553
0.977189
0.979544
1.01365
0.97537
1.00367
0.98467
0.976577
0.974157
0.96744
1.01511
0.970307
0.996326
0.985756
0.960403
1.05855
0.924213
0.966781
0.992677
1.02739
0.921994
0.957647
0.945695
0.989419
0.980808
0.966805
1.01835
0.981858
0.961724
0.993139
0.975728
1.00949
0.953781
0.944111
1.03099
0.93234
1.07341
0.943873
0.983047
0.979891
1.01438
1.02008
0.976136
0.984665
0.973612
1.04427
0.92944
0.925638
1.03462
0.84979
1.09781
1.25735
0.709735
0.730672
1.2166
1.00126
0.939931
0.987629
0.960568
0.98647
1.00596
0.977593
0.977304
0.97899
1.0254
1.02239
0.979205
0.998177
0.959291
0.984202
0.983903
1.03546
0.895112
1.02186
0.979115
0.952328
0.99937
0.94159
1.04788
0.98791
0.978428
0.987659
0.964011
1.00369
0.9677
1.0304
0.981776
0.970876
0.965714
0.908603
1.05035
0.998914
0.980435
1.09589
0.876847
0.985939
0.989439
0.98874
0.991386
0.972239
0.994448
0.931138
1.0784
0.975938
0.982638
1.04689
0.932247
0.961203
1.00589
1.00911
0.962804
0.971833
0.963892
1.02285
0.976825
1.02394
0.935981
0.977462
0.962452
0.917685
1.06753
0.953894
1.03742
1.02022
0.945715
1.06559
0.917052
0.994399
0.97527
0.996725
0.938884
0.980762
0.969091
0.982223
0.99193
1.00238
0.985566
0.978571
0.956374
1.24352
0.775123
0.986423
0.966665
0.980196
0.968507
0.946191
1.03506
1.00397
0.944765
0.965397
1.01678
0.935667
0.987976
0.979564
1.02397
1.04324
0.930324
1.09887
0.856948
0.96487
0.998847
1.03931
0.972367
0.998992
0.951919
0.976834
0.99903
0.97618
0.983335
0.95784
1.00303
0.977026
0.989895
1.00735
0.969996
1.04034
0.888984
1.0204
0.918366
0.96794
0.999807
1.0486
0.95175
0.958554
1.01852
1.02152
0.955005
0.994183
0.976299
0.988581
0.981587
0.86174
1.0874
1.1024
0.86873
1.0159
0.965375
0.868153
1.07876
1.01545
0.954427
1.0057
0.928697
1.0111
0.977567
0.995218
0.968421
1.01475
0.969048
0.997995
0.985939
0.959946
0.940142
0.989219
1.00308
1.29537
0.651197
1.07531
0.912896
0.954768
1.00391
1.09204
0.894215
0.935375
1.05569
1.03752
0.979771
0.976984
0.991163
0.974562
1.0002
1.0277
0.985729
0.976651
0.979302
0.998136
0.995457
0.982199
1.00184
1.0521
0.887469
0.912748
1.03205
0.813822
1.15384
1.01425
0.939856
0.990426
0.989224
1.00046
1.00333
0.993897
0.995301
0.717589
1.24816
0.965916
1.00641
0.93443
1.02103
1.04271
0.947592
0.868941
1.11083
0.984605
0.987338
1.08933
0.885308
0.977581
0.978929
0.964643
1.00727
1.01548
0.959854
1.00897
0.985075
0.987262
0.958751
0.972979
1.00698
0.970715
0.993785
1.00486
0.955987
1.01783
0.957315
0.985706
0.99496
0.980501
1.01241
0.947744
1.02199
0.934907
1.02675
0.965964
0.958499
1.01011
0.968218
0.988049
1.01311
0.990545
0.961732
1.03692
0.956997
0.992889
0.967574
1.00529
0.981685
1.00669
0.929528
0.994523
0.985785
0.979905
0.990666
0.976708
0.986511
1.01724
0.95698
1.0358
0.911175
0.894687
1.07
0.979844
0.994809
0.975893
1.00612
0.945261
1.02135
0.968911
0.988694
1.06231
0.924445
0.997087
0.954133
0.905731
1.08092
0.950077
1.00604
0.87659
1.10107
0.955372
0.982993
0.952241
1.01293
0.967293
0.996765
0.980751
0.962468
0.994765
0.984161
0.950068
1.0123
1.02452
0.956783
0.983498
0.985195
1.00661
0.978098
1.08643
0.882205
1.01744
0.959009
0.982768
0.998115
1.04795
0.938632
0.930788
1.06498
1.00488
0.973253
0.987794
1.00655
1.00731
0.979927
0.985102
0.990815
0.998166
0.982618
0.936629
1.05799
0.91545
1.04011
0.932207
1.0503
0.994251
0.946957
0.982238
0.96309
0.959733
0.996479
0.960042
1.0065
1.00008
0.986139
0.9398
1.0376
0.942616
1.00763
1.02909
0.908025
0.984389
1.00217
0.991638
0.982945
1.00061
0.977328
1.00919
0.949493
1.02649
0.914494
0.84606
1.11876
0.887244
1.07722
0.939917
1.02593
0.964236
1.00708
0.959404
0.971851
0.851914
1.11973
1.16665
0.808046
1.03138
0.920004
1.09872
0.875643
0.978812
1.01264
0.99952
0.964289
0.982207
0.978043
0.99404
0.995425
0.910411
1.05246
1.02688
0.95809
0.9732
0.988279
0.977649
0.964603
0.973269
0.999313
0.972711
0.983328
1.03062
0.937819
0.931815
1.02037
0.970843
0.975974
0.991309
0.938692
0.994616
0.988445
0.89729
1.08215
1.02366
0.960706
0.970727
0.959283
0.976159
0.983912
0.97437
0.992342
0.954923
0.982857
1.32637
0.641118
0.966601
0.99509
0.861107
1.13848
0.722422
1.24948
0.956091
1.03372
1.0108
0.965626
0.977295
1.00353
1.00182
0.978753
0.957016
1.02709
1.0199
0.958307
0.971287
0.989742
1.0431
0.926941
1.1225
0.852027
0.92517
1.01391
0.995971
0.973402
0.987932
1.01676
0.877931
1.0768
0.729972
1.22436
0.97436
0.994471
0.919205
1.00158
0.906247
1.07953
1.00634
0.976918
1.42324
0.541202
0.977087
1.00649
0.949651
1.02252
1.02798
0.964726
1.01466
0.952356
0.977122
0.964772
0.847751
1.11484
0.838429
1.15354
0.981752
0.985204
1.03258
0.914807
0.971738
0.998533
0.720834
1.25094
0.999744
0.943729
0.990987
1.00592
1.02222
0.985118
1.0051
0.950956
0.994934
0.976089
0.994272
0.99448
0.930012
1.04645
0.892564
1.06678
1.02283
0.975923
0.986451
0.936218
1.07219
0.889803
0.983574
0.961184
0.943156
1.03326
0.93036
0.999338
0.958135
1.00862
1.06916
0.912039
0.911039
0.981991
0.941536
1.00105
0.993054
1.01186
0.984921
0.98343
0.974045
1.01086
0.99217
0.992278
0.990139
0.985002
0.95698
1.00938
0.889022
1.08622
0.981711
0.966564
0.810777
1.16975
1.03466
0.92389
1.00407
0.965188
0.96467
0.994868
0.965737
1.00029
0.958541
0.988603
1.01071
0.974565
0.961544
0.994966
1.02823
0.943628
1.03326
0.964134
0.457394
0.981466
1.03995
0.881292
0.859296
1.01737
0.931983
1.03099
1.08327
0.884787
1.03672
0.948711
0.925126
1.03748
1.01212
0.980652
1.01093
0.981481
1.00986
0.973214
1.00213
0.944522
0.978505
1.00502
1.0171
0.970454
1.17374
0.802505
0.974067
1.00469
1.01162
0.935156
0.844871
1.13863
0.986196
1.0143
1.06146
0.910057
1.02135
0.941224
0.997313
0.94087
0.862931
1.09217
0.982826
1.01328
0.995226
0.989328
1.02489
0.943163
0.812865
1.16183
0.958261
1.01107
1.01179
0.942429
0.997235
0.961018
1.05034
0.944124
0.954101
0.984344
0.982373
0.971544
0.958689
1.01114
1.03216
0.934583
1.01825
0.90448
0.98933
0.982817
1.00139
0.989999
1.01931
0.969384
1.01041
0.992904
1.03476
0.960486
1.0765
0.912943
0.974197
1.00202
1.00281
0.955519
0.988288
1.01125
1.01727
0.91455
1.01248
0.988624
0.989368
0.992495
0.941309
1.00773
0.971903
0.993827
0.853548
1.11035
0.969899
0.982179
1.18458
0.784673
0.898331
1.08816
0.991567
0.969862
1.05945
0.908636
1.01872
0.975284
0.971453
0.9998
0.997644
1.00056
0.972884
0.988072
1.2435
0.706373
0.996542
0.953238
0.967118
1.01973
0.694961
1.24982
0.958111
0.978809
0.882838
1.09481
1.04932
0.931216
0.943714
1.01878
0.95077
0.97911
0.696766
1.24551
0.974536
0.986594
0.984111
0.992899
0.991563
0.955891
0.998584
0.964033
0.971734
0.997412
0.98177
1.01258
0.968443
1.01986
1.01957
0.961149
0.986611
0.977334
0.996358
0.991025
1.05577
0.940198
0.977732
0.983365
1.04179
0.939026
1.03337
0.953945
1.00317
0.9832
0.984254
0.996911
1.11727
0.83461
1.21206
0.770198
1.02849
0.958363
0.982739
1.00821
1.02759
0.95328
0.96636
0.980144
0.982188
0.992078
0.957329
0.986053
1.08427
0.91184
0.867117
1.11049
0.74875
1.21238
0.955052
1.00599
0.976317
0.969098
0.976901
0.979412
1.02441
0.961059
0.97159
0.954352
0.978883
0.980925
0.957828
1.01588
0.959063
0.992651
1.0185
0.997002
0.927674
1.03005
1.18792
0.787402
0.989363
1.00247
1.04759
0.928185
1.06835
0.873089
0.921479
0.918925
0.948441
1.00527
0.899053
1.05931
1.0274
0.980673
1.02806
0.962309
1.01849
0.942434
0.97309
1.00237
0.982784
0.98722
0.977558
0.999769
1.20263
0.797552
0.999348
0.994515
1.00649
0.971983
1.00169
0.961136
1.08895
0.876972
1.04259
0.956023
1.1421
0.819423
1.03002
0.972382
0.927753
1.01198
0.978511
0.980564
0.978445
1.02318
0.976376
0.992202
1.09247
0.827793
0.940735
1.00742
1.11285
0.863599
0.889338
1.08599
0.98822
1.00371
0.976004
0.990774
1.01353
0.952048
1.05018
0.903674
0.967012
0.999087
0.859435
1.11956
1.05329
0.935771
0.936392
1.03101
0.981373
0.99787
0.979286
0.966779
0.878679
1.06791
0.963282
0.997589
0.933923
0.981312
0.865769
1.12806
0.983748
0.990836
0.961637
1.02624
0.977725
0.998008
0.694587
1.245
0.954349
1.03163
0.948337
1.01258
1.03351
0.919146
0.872917
1.10021
0.984942
0.997226
0.975787
0.998107
1.08094
0.884316
0.972233
0.985261
0.980974
1.00761
0.981008
0.970076
0.97324
1.00632
0.99954
0.991322
1.05003
0.937818
0.98136
0.94679
1.00574
0.981899
1.02067
0.953188
0.915876
1.05912
1.0045
0.937239
0.973989
0.996659
0.963763
0.991266
0.95811
1.00413
1.33766
0.602592
0.982919
1.03056
0.888331
1.06886
0.761578
1.19976
0.895189
1.05947
1.00558
0.966784
0.962569
0.971457
1.00527
0.921415
0.813118
1.11284
0.952818
1.01966
0.977019
1.02467
0.981605
0.982863
0.974994
1.02018
1.07605
0.873619
0.718787
1.23215
0.99351
0.962336
1.0371
0.98962
0.968255
1.03334
1.00069
0.98974
0.998653
0.965616
0.733711
1.22942
0.981627
0.967248
0.792761
1.16086
1.00209
0.972913
1.08313
0.882442
0.787138
1.19274
0.875049
1.05705
0.900864
1.06155
0.979179
1.00081
0.996037
0.965314
1.0235
0.965531
0.993306
0.97218
0.962227
1.02357
0.990834
0.93818
1.00982
0.992462
1.00843
0.964758
0.865523
1.11679
0.940816
0.984626
0.938234
1.03309
0.966241
1.02072
1.00018
0.965628
1.00161
0.987605
0.994588
0.815485
0.907926
1.0664
1.12441
0.827002
0.914391
1.07567
0.967464
0.999674
0.93048
1.06488
0.946659
1.02258
0.76721
1.21444
0.911726
1.06938
0.970382
0.997511
0.980868
1.0024
1.04868
0.905708
1.03911
0.895746
0.977634
0.976313
1.12592
0.846756
0.999437
0.994797
1.01184
0.933731
1.00861
0.969637
1.19468
0.776182
1.0146
0.957474
0.995291
0.952351
1.07083
0.909365
0.972711
0.983907
0.985493
0.992244
0.992737
0.971361
1.0067
0.919122
0.935832
1.00766
1.02256
0.9579
1.03176
0.952338
0.958857
0.994928
0.99057
0.991484
0.960871
0.976434
1.00979
0.974399
1.0873
0.902993
0.9885
0.984387
1.01684
0.98391
0.989036
0.987557
0.966119
0.992214
0.984926
0.991045
0.882548
1.08839
0.998284
0.972351
1.05111
0.924987
0.94243
1.02186
0.931905
1.00822
0.988075
1.01144
1.03849
0.959697
0.925798
1.04526
1.01829
1.01634
0.999254
0.985744
0.959692
1.0189
0.903414
1.08125
0.955456
0.985598
0.963273
1.00354
0.972341
0.983347
0.727495
1.22091
0.944227
1.0214
0.907809
1.03316
1.03717
0.900293
0.94512
1.00414
0.99636
0.961469
0.976644
0.994521
1.06329
0.881598
1.08394
0.888291
0.957196
0.974123
1.03626
0.964785
1.0214
0.947853
0.960798
1.0017
0.842324
1.14521
0.951618
1.00848
0.988098
0.978998
0.982154
0.992053
1.17132
0.763561
0.988842
0.981301
0.994088
0.998163
1.00654
0.977839
1.00571
0.97772
0.933989
1.03032
1.00003
0.980165
1.00082
0.998569
0.961054
0.998145
1.05482
0.901555
0.967347
0.988229
0.990506
0.973354
0.978601
1.01471
0.964083
0.966177
1.00544
0.991169
0.981316
0.992476
0.969427
0.993924
1.03878
0.903777
0.991105
0.971522
1.07902
0.8687
0.994527
0.993377
0.956365
1.00165
0.991894
0.999309
0.997479
0.980862
1.0029
0.98585
1.0055
0.970347
0.908144
1.06154
0.932531
1.01366
0.965676
1.00055
0.943255
1.00684
1.02849
0.955072
1.28189
0.68231
0.98365
0.972748
0.772503
1.18341
1.0175
0.9512
0.932827
1.0507
0.995347
0.959546
1.00124
1.00989
0.968305
1.0015
0.999008
0.981031
1.05184
0.903556
0.982287
1.01399
0.96101
1.01044
0.997266
0.97447
1.00473
0.969463
0.950851
1.01236
0.978942
0.992466
1.07034
0.899061
0.988735
0.98141
1.02212
0.951976
0.960965
1.02109
0.99778
0.972142
0.698328
1.29623
0.985593
0.998206
1.23055
0.728912
0.975513
0.969885
0.992931
0.975776
0.990589
0.993528
0.99798
0.937074
0.997871
0.990904
0.968238
0.987924
0.931928
1.02977
0.983418
1.00229
1.03141
0.914788
0.931781
1.04282
0.884918
1.08927
0.921085
1.04727
1.12997
0.830099
1.00871
0.937691
0.989753
0.968322
1.06766
0.872934
0.924648
1.01766
1.00787
1.00076
1.00897
0.968485
0.957959
1.0257
0.999111
0.979367
1.01622
0.930083
0.97487
1.00436
0.932113
0.993274
0.975018
1.00314
1.24468
0.724223
0.997977
0.973211
1.02277
0.987929
0.942231
1.0354
0.774221
1.18783
0.983397
1.00748
0.995702
0.984231
0.972293
1.03003
1.00925
0.95632
0.924486
1.03398
0.992065
0.987016
1.00289
0.957402
1.01063
0.962925
0.953701
1.02582
0.935991
1.02479
1.03359
0.913903
0.983721
0.956903
1.01573
0.956694
0.981174
0.971121
0.945516
1.03033
0.843376
1.13446
0.942364
0.985169
1.0561
0.946357
0.853603
1.10678
0.818833
1.14661
1.02127
0.951738
0.971945
0.970545
0.954697
1.02032
1.00664
0.976898
0.995182
0.95035
0.963735
0.995154
1.0172
0.945409
0.989354
0.988189
0.983647
0.993049
0.922673
0.993294
1.01318
0.958392
1.03003
0.957859
1.31363
0.631114
0.988816
0.99215
0.962939
1.01389
1.01948
0.969536
0.927892
1.02566
1.00121
0.970574
1.00133
0.983342
1.09822
0.875185
1.03286
0.940888
0.963964
0.991869
1.042
0.920601
0.949171
0.983981
0.956779
0.996042
1.01446
0.984595
1.10065
0.825313
0.985977
0.980299
0.970627
0.976562
0.993831
0.9607
0.998169
0.995157
0.979168
0.962783
0.953131
1.02332
1.0847
0.9141
0.955867
1.02625
0.977757
1.01297
1.00301
0.943886
0.78087
1.1793
1.02142
0.931996
0.938611
1.0232
1.12191
0.842992
1.01663
0.970745
1.0113
0.945519
0.963488
0.966459
0.981658
0.981315
0.979761
1.01061
1.00253
0.92269
0.974788
1.00676
1.22824
0.753193
1.00551
0.976429
0.957533
0.971288
1.01163
0.968109
1.01308
0.94982
0.963239
1.00013
1.01645
0.961063
0.987678
1.00791
1.03392
0.974201
1.03139
0.945195
1.06351
0.921738
0.982189
0.981795
0.906016
1.06291
0.953097
0.979192
1.03558
0.93413
0.973061
1.0105
1.23226
0.698168
0.932567
1.05523
0.984324
1.00097
0.875665
1.07113
0.869182
1.10074
0.911047
1.04456
0.959346
0.992188
1.15269
0.789985
1.02811
0.953468
1.01352
0.946467
0.736918
1.21879
0.999575
0.98091
1.00797
0.957073
0.888555
1.07543
1.00081
0.997862
1.0007
0.999948
0.965094
1.00344
1.10219
0.876609
0.967049
1.00404
0.983397
1.00346
1.11204
0.861809
1.00242
0.964353
0.967518
1.01472
0.998922
0.962068
1.00437
0.960343
0.843817
1.12826
1.08781
0.88987
1.11415
0.819598
0.624971
1.31786
1.00549
0.98914
0.997724
1.00268
0.939345
1.01926
1.29508
0.676177
0.841949
1.10653
0.990722
0.991262
1.01956
0.958131
1.00581
0.990564
1.19452
0.766029
0.989245
0.989813
0.967241
1.03931
1.19508
0.757842
0.965602
1.0178
1.01602
0.936209
1.10055
0.849846
1.03407
0.95786
1.01528
0.928733
1.02367
0.955694
0.986877
0.965284
0.92403
1.03033
0.999891
0.969667
1.00725
0.978733
1.12867
0.847811
0.982838
1.00082
0.997633
0.969283
1.01465
0.963338
1.02652
0.921003
1.31784
0.672097
0.900545
1.02089
0.944494
1.02622
0.975879
0.963307
0.98764
0.982619
1.00593
0.984251
1.06611
0.920972
0.969181
1.01386
0.998092
0.971409
0.939059
1.01208
1.0147
0.979522
1.0174
0.976884
1.04411
0.920101
0.966519
0.987853
0.904282
1.03384
1.00536
0.969416
0.995329
0.995369
0.824352
1.13355
0.991639
0.978431
0.990227
0.979773
0.990483
0.949242
1.01248
0.973919
0.970298
1.02008
0.943151
1.02641
1.20725
0.765705
0.901456
1.05997
1.00688
0.9991
1.01555
0.956283
0.975655
0.973705
1.03398
0.949541
0.975163
1.02469
1.00998
0.956271
1.00328
0.98281
0.994691
0.989699
0.97578
0.994768
1.05206
0.918074
0.99734
0.987254
0.996842
1.00437
0.969636
1.01385
1.01712
0.963434
0.989819
0.957895
0.972059
1.00454
0.981494
0.997175
1.04762
0.920631
1.00215
0.972983
0.923032
0.994952
0.954318
1.01487
0.964137
0.984878
0.98329
0.99185
1.01334
0.976477
0.975093
0.976723
0.954962
1.0293
0.790121
1.17811
1.02835
0.971105
0.979047
1.00048
0.971467
0.997212
0.965073
0.986308
0.995594
1.00052
0.937477
1.05331
0.994991
0.968848
0.978248
0.999295
1.057
0.944633
0.898355
1.01948
0.988662
0.979478
1.06664
0.906066
1.0041
0.997445
0.971145
0.980002
0.955537
1.01435
0.972972
0.970374
1.08222
0.863538
0.881433
1.06847
1.01372
0.954923
1.19911
0.764146
0.946996
1.04337
0.977053
1.00482
1.02232
0.938102
0.953491
0.953602
0.999304
0.989579
1.08095
0.934626
0.954866
1.02405
1.00791
0.986139
0.977367
1.00323
1.01104
0.97551
1.00682
0.969491
0.974409
1.00517
1.05173
0.895159
0.663956
1.30049
1.08116
0.905709
0.952655
1.02082
0.980446
0.990202
1.00324
0.940421
0.962691
0.987529
0.967309
1.00303
1.03162
0.914669
1.02573
0.922387
0.853542
1.11629
0.752026
1.16645
0.99509
0.982704
1.13782
0.847469
1.07668
0.87535
0.958394
0.988948
0.999227
0.969843
0.995561
0.968393
0.921968
1.05247
0.97027
0.9953
0.913205
1.05023
1.04686
0.927708
1.01131
0.957591
0.978836
0.99814
0.961582
1.03002
1.01165
0.957675
1.01439
0.960507
1.01376
0.937517
0.94736
1.00169
0.987496
0.983537
0.990272
1.00846
0.979145
0.976462
0.973538
0.969531
0.931647
1.03448
0.987034
0.996412
0.966366
0.973437
1.21047
0.765425
0.982745
0.979454
1.01104
0.962479
0.930284
1.04651
1.00055
0.98666
0.987498
0.972675
0.99715
1.00202
1.01332
0.952326
1.02765
0.942749
0.912132
1.04968
0.955535
1.01092
0.973502
0.972318
0.98516
0.994066
0.992123
0.998921
1.10149
0.869407
0.908456
0.965388
0.964707
0.997722
1.08198
0.920414
1.00086
0.968749
1.05055
0.918856
0.983117
0.958548
1.01209
0.97445
1.00367
0.964798
0.896841
1.09714
0.955954
1.02242
1.07787
0.895915
0.992193
1.00247
0.968822
1.03747
0.95013
1.02084
0.972022
1.01058
0.960368
0.993575
1.00207
0.988054
0.982643
1.0161
1.00932
0.938976
0.976753
0.98372
0.933121
1.04757
0.994842
0.99373
0.968275
0.987684
0.92725
1.02102
0.976056
0.999635
0.992664
1.00049
0.997309
0.949364
1.04154
0.947884
0.962939
1.04609
0.978347
0.991172
1.00923
1.01544
0.992068
0.982396
0.968057
0.995237
0.925847
1.05659
1.05878
0.928574
0.993833
0.960238
0.955154
1.03206
1.00526
0.940122
0.991991
0.938712
0.980257
1.02755
0.841165
1.1075
1.03169
0.975069
0.986466
0.979414
1.0163
0.970012
0.978542
0.990766
0.973317
1.01789
0.989632
0.964033
0.936398
1.01452
0.978673
1.01153
1.06969
0.915182
0.990341
0.949287
0.965737
0.999443
1.14441
0.832127
0.991756
0.972599
0.997001
0.990204
0.992683
0.983997
1.12896
0.871638
0.978959
0.980326
1.01655
0.958263
0.986612
0.976846
0.97959
0.944089
0.986561
0.973357
0.981185
0.94617
0.918202
1.06313
0.972406
0.973424
1.0183
0.974992
1.01066
0.885159
1.02906
0.939801
0.996458
0.997052
0.917733
1.05298
1.00632
0.98559
0.973698
1.01099
0.919094
1.03168
0.942874
0.986686
0.677298
1.30093
1.0421
0.908496
1.00977
0.991794
0.989786
1.00325
0.905894
1.08301
0.918621
1.06304
0.994226
1.00362
1.08512
0.920453
0.921779
1.01701
0.979239
1.00745
0.990713
0.957818
0.931609
1.03299
0.991797
0.980946
1.06106
0.90892
0.955772
0.983338
1.02054
0.981969
0.919172
1.05601
1.07573
0.883862
0.985161
0.995233
1.01646
0.961948
1.05481
0.884265
1.0229
0.948026
0.977658
1.02633
1.05046
0.952315
0.978835
1.01794
1.00218
0.967073
0.98492
0.986516
0.976495
0.977257
1.00739
0.96763
0.997342
0.977648
0.967874
1.01312
0.979416
1.00122
1.01773
0.975192
0.966861
1.00463
1.05633
0.921307
0.993026
0.99669
0.974683
1.0049
0.98504
1.00399
0.973961
1.03633
0.95752
1.00568
1.02569
0.968096
0.989187
0.97216
1.12061
0.845078
1.0834
0.893992
0.991487
0.956564
0.962341
1.00509
0.934433
1.06573
0.980644
0.978639
0.999856
0.980511
0.990866
0.990914
0.972667
1.02238
0.896004
1.09399
0.875029
1.10024
0.999753
0.974953
0.990939
0.989818
0.961717
1.04043
1.03069
0.971825
0.99079
0.954351
0.884506
1.09415
1.01173
0.960503
0.956006
1.00699
0.977265
1.00008
0.984724
1.01382
0.982628
0.956854
1.01227
0.960443
0.938576
0.99893
0.965616
1.00287
1.00044
0.967056
0.996787
0.979985
0.976516
0.985755
0.981399
1.0037
1.07233
0.913566
0.985325
0.985581
1.15871
0.794848
0.933467
1.06435
0.936205
1.06084
0.971755
0.996699
0.996029
1.00264
0.963032
0.990659
0.952019
1.02209
0.888544
1.07061
0.974546
1.02054
1.01053
0.976114
0.983964
0.948299
1.09892
0.879958
1.13722
0.869685
0.904434
1.06346
0.975434
1.00629
1.24713
0.699755
0.95036
0.965527
0.983717
0.991927
0.980149
1.0062
1.13828
0.853799
0.988356
0.964501
0.844005
1.15555
1.01154
0.935488
1.00057
0.980326
0.89686
1.05461
1.02742
0.905639
1.0358
0.919845
1.01662
0.93654
0.662799
1.30768
1.07606
0.865311
1.00717
0.970529
0.970051
0.985902
0.937776
1.04196
0.988035
1.00922
0.929675
1.04327
1.01117
0.988454
1.02442
0.994307
1.01262
0.950189
1.01425
0.972509
1.16736
0.820582
0.974244
0.99035
1.0198
0.943975
1.01074
0.983578
0.977539
0.99012
1.06972
0.891868
0.703112
1.21603
1.0167
0.975868
0.890832
1.08017
0.988686
0.985712
0.977771
1.0028
0.99224
0.986004
0.965639
1.02656
0.956449
1.01854
0.976089
0.979635
1.03503
0.959526
1.009
0.961896
0.982172
0.994926
0.977783
0.987496
0.960368
1.01463
1.04737
0.933752
0.829686
1.09714
0.968842
0.990102
1.15337
0.852578
0.99073
0.989392
1.03101
0.972483
1.00187
0.974111
0.997521
0.965342
1.00656
0.969436
1.0364
0.957391
1.01977
0.94484
0.982166
0.973526
0.942274
0.972713
0.994579
0.991735
1.02307
0.954585
0.988267
0.969389
0.978984
0.982925
0.980468
0.961121
1.00712
0.99073
1.02894
0.961623
0.998721
1.00383
1.02698
0.952921
0.992973
0.981873
0.984119
0.963012
0.97555
0.992261
0.991262
0.991239
0.91202
1.04426
0.974376
1.00065
0.985222
0.969771
0.966964
0.992782
0.962622
0.995113
0.982965
0.974765
0.957666
0.982499
0.867934
1.08333
1.01017
0.957998
1.00614
0.976607
0.94197
1.01964
0.973385
1.01143
0.946199
1.03848
1.04015
0.950961
1.0004
0.951626
0.935765
1.01563
0.957438
1.01915
0.98332
0.970648
1.02575
0.941957
0.994897
0.983872
0.949058
0.978819
0.988296
0.981985
0.946682
0.997272
0.990316
0.959867
1.18402
0.7476
1.01893
0.973448
0.969593
1.00951
1.00037
0.982133
1.00937
0.964643
0.981463
0.975258
1.0391
0.959252
0.960584
1.0197
0.979384
0.995322
1.17218
0.793814
1.06707
0.84813
1.00339
0.938099
1.0625
0.953018
0.984409
1.00739
1.13426
0.865383
0.970788
1.0192
0.981651
0.971694
0.946743
1.02083
1.00514
0.961822
0.993134
0.977057
1.06422
0.896531
0.998519
0.984473
1.0418
0.934333
0.970258
0.956571
1.01019
0.953898
0.925744
1.03858
1.01611
0.959363
1.02037
0.988417
0.991187
0.986941
1.01166
0.97641
0.999819
0.965095
0.872278
1.09388
0.98088
1.01999
1.18114
0.777641
1.01201
0.948001
1.00057
0.977237
1.06136
0.909384
0.944346
1.03376
0.649997
1.30659
0.976306
0.997102
0.995968
0.992559
0.976089
1.00083
0.960714
1.01892
0.850733
1.06903
0.95476
0.983616
1.06021
0.946303
0.878255
1.10108
0.999272
0.993357
0.956655
0.975092
0.918801
1.05696
0.980773
0.985831
0.972018
0.992554
0.950052
0.984608
0.996444
0.98017
0.940946
1.0237
1.01845
0.946825
0.965909
1.0092
1.00022
0.994941
0.967974
1.03035
1.00252
0.971987
0.979968
0.99768
0.99901
0.962733
0.997541
0.98916
1.03904
0.935475
0.967344
1.00401
1.0225
0.952238
0.945647
0.999877
1.02253
0.928146
0.928175
1.07731
0.96342
1.03113
1.07139
0.938344
0.916267
1.03069
0.989937
0.992822
1.12312
0.862018
0.999063
0.993407
1.0481
0.925721
0.983787
1.01264
0.963565
1.01936
0.996522
0.996115
0.991562
1.00192
0.923174
0.986521
1.03427
0.929147
1.00209
0.958324
1.1107
0.873757
1.18019
0.756282
1.05713
0.941885
0.99917
0.984019
0.984885
0.994579
1.20538
0.76216
1.00405
0.987104
1.05558
0.92853
1.00781
0.933194
1.00853
0.978766
1.04294
0.873614
0.970343
0.994692
0.969418
0.977273
0.945794
1.02629
0.943046
0.978432
1.00558
0.982379
0.935938
1.03239
0.925354
1.03624
0.927355
1.04226
0.922258
0.999124
1.00055
0.973429
0.979353
0.987239
0.857147
1.10828
1.01363
0.985026
1.0064
0.984312
0.953896
1.02414
1.01126
0.962125
1.01638
0.98145
0.930693
1.02368
0.948399
1.03711
0.99016
0.976201
0.986586
1.00034
0.952401
1.01425
0.965269
1.00747
0.98414
0.974884
0.981879
0.970816
0.952046
0.997771
0.972614
0.975405
0.989935
0.945313
0.998813
0.977237
0.98325
0.977048
1.00176
0.976624
1.02212
0.976659
0.992918
1.01867
0.956891
0.999275
0.976098
0.986258
0.820367
1.13327
0.833956
1.12807
0.968035
0.99332
0.878789
1.05668
0.978198
0.975197
0.911063
1.06496
0.907356
1.07001
1.04745
0.899206
0.956731
1.00121
1.03504
0.948738
0.934557
1.00299
1.01014
0.965466
0.919131
1.04397
0.965551
1.0207
0.985046
0.971975
1.04194
0.953357
0.933058
1.04182
1.00291
0.98514
1.03454
0.920561
0.901421
1.07908
0.988089
1.00015
0.964258
1.00328
0.972953
1.01177
0.986628
0.966582
1.00459
0.978045
1.00044
0.950735
0.9463
0.975454
0.9687
0.986862
0.974206
0.963931
1.01365
0.953553
0.968146
0.980835
0.941938
0.997712
1.02848
0.931212
0.601713
1.276
0.979349
0.993099
1.00715
0.966614
0.993338
0.979954
0.938236
1.03822
0.980186
0.955714
0.899857
1.08714
0.962045
0.965736
0.978876
0.995928
1.04323
0.969086
1.17202
0.826953
0.978038
0.950348
0.852525
1.12519
0.555354
1.24908
1.11045
0.872938
0.962494
0.983641
0.97937
1.03458
0.938554
0.996203
0.962657
0.997865
0.973861
0.990522
1.0425
0.949477
0.966888
1.00702
0.988768
1.00367
0.671621
1.27288
0.804586
1.16738
0.62079
1.35292
0.875883
1.05334
0.916252
1.03946
1.06355
0.921253
0.998225
0.987049
0.992884
0.986063
1.18174
0.784088
0.992548
1.00969
0.998437
1.00454
0.999338
0.9704
1.01833
1.00954
0.947184
0.984595
0.992377
0.996152
1.00977
0.97919
0.973893
1.01122
1.00083
0.960033
1.02757
0.954842
0.95853
1.05524
0.993462
0.976747
1.19735
0.795432
0.946162
1.02455
0.938268
1.0365
0.957545
0.980803
0.804592
1.15583
0.985348
0.968643
1.00661
0.98706
0.987238
0.944841
0.985532
0.990205
0.95598
1.01625
1.00171
0.985184
0.992176
0.986345
1.01932
0.965145
1.0244
0.959133
0.974307
1.0226
0.943295
1.00588
0.985769
0.986245
0.928473
1.03164
1.02679
0.975405
1.00352
0.957721
1.02447
0.952146
1.00353
0.958705
0.933551
1.0464
0.975014
1.02178
0.996178
0.970933
0.626881
1.33066
0.774982
1.18806
0.982744
0.978214
1.07293
0.919176
0.944681
1.06985
0.967407
1.00905
0.958493
0.993151
1.02152
0.979062
1.01719
0.980718
0.997259
0.964853
0.993567
0.984722
1.05542
0.91343
0.973073
0.980827
1.08467
0.829641
0.952734
1.01241
0.975707
0.998798
0.816779
1.11978
1.10503
0.885216
0.970433
0.994109
1.00512
0.985989
0.989081
1.00876
0.834306
1.15182
1.23829
0.721049
1.01288
0.982309
0.968231
1.01056
0.97622
1.00569
0.93569
1.02068
1.02107
0.980999
0.948245
1.02109
0.952723
0.976339
0.976157
0.992743
0.981855
0.999479
0.977555
0.991982
0.965746
0.991633
0.978602
1.01363
1.03244
0.953997
0.906627
1.02949
0.933711
1.0589
0.957778
0.998339
0.955117
0.986649
0.976086
0.979568
0.979964
0.983653
0.988608
0.997839
0.93672
1.00234
0.972972
0.968039
1.02205
0.96071
0.93608
1.0196
0.969609
1.03016
0.986679
0.978259
0.996202
0.966289
1.00423
0.966499
0.990274
0.997428
0.60706
1.33115
1.10974
0.872697
0.953473
0.957869
1.00395
1.00367
0.779716
1.15831
0.983267
0.992101
0.98728
0.940464
