0.1 1.125 1.88841
0.1 3.375 2.07236
0.1 5.625 2.06399
0.1 10.125 2.04487
0.1 12.375 1.89339
0.1 14.625 1.73832
0.1 16.875 1.68684
0.1 19.125 2.0499
0.1 21.375 1.62055
0.1 23.625 1.07562
0.1 28.125 1.52538
0.1 30.375 1.35032
0.1 32.625 2.0788
0.1 34.875 1.29186
0.1 37.125 2.01756
0.1 39.375 1.86571
0.1 41.625 2.04813
0.1 43.875 1.7805
0.3 1.125 2.04804
0.3 3.375 1.80808
0.3 5.625 2.00678
0.3 7.875 2.05796
0.3 10.125 2.03809
0.3 12.375 2.03843
0.3 14.625 2.05187
0.3 16.875 2.05607
0.3 19.125 2.02704
0.3 21.375 1.96796
0.3 23.625 2.06763
0.3 25.875 2.03199
0.3 28.125 2.02914
0.3 30.375 2.04812
0.3 32.625 2.05602
0.3 34.875 2.04908
0.3 37.125 2.0421
0.3 39.375 1.97987
0.3 41.625 1.95176
0.3 43.875 2.029
0.5 1.125 1.7652
0.5 3.375 1.92406
0.5 5.625 1.95097
0.5 7.875 1.97144
0.5 10.125 1.97102
0.5 12.375 2.01402
0.5 14.625 1.97695
0.5 16.875 1.99983
0.5 19.125 1.96674
0.5 21.375 1.99423
0.5 23.625 1.99946
0.5 25.875 2.02008
0.5 28.125 2.00566
0.5 30.375 1.99254
0.5 32.625 2.02065
0.5 34.875 2.0044
0.5 37.125 1.94266
0.5 39.375 1.96331
0.5 41.625 1.9201
0.5 43.875 2.01168
0.7 1.125 1.8443
0.7 3.375 1.85197
0.7 5.625 1.90664
0.7 7.875 1.8669
0.7 10.125 1.89858
0.7 12.375 1.91358
0.7 14.625 1.93109
0.7 16.875 1.90074
0.7 19.125 1.87723
0.7 21.375 1.89291
0.7 23.625 1.90357
0.7 25.875 1.91815
0.7 28.125 1.88657
0.7 30.375 1.92586
0.7 32.625 1.8947
0.7 34.875 1.89698
0.7 37.125 1.90552
0.7 39.375 1.89934
0.7 41.625 1.89882
0.7 43.875 1.84173
0.9 1.125 1.64627
0.9 3.375 1.73099
0.9 5.625 1.69424
0.9 7.875 1.66146
0.9 10.125 1.70421
0.9 12.375 1.71982
0.9 14.625 1.73516
0.9 16.875 1.75944
0.9 19.125 1.73847
0.9 21.375 1.73002
0.9 23.625 1.73723
0.9 25.875 1.77141
0.9 28.125 1.79835
0.9 30.375 1.79753
0.9 32.625 1.80368
0.9 34.875 1.72937
0.9 37.125 1.79615
0.9 39.375 1.81257
0.9 41.625 1.82691
0.9 43.875 1.79702
1.1 1.125 1.30873
1.1 3.375 1.34434
1.1 5.625 1.25659
1.1 7.875 1.34932
1.1 10.125 1.32056
1.1 12.375 1.38322
1.1 14.625 1.3764
1.1 16.875 1.37973
1.1 19.125 1.38585
1.1 21.375 1.40736
1.1 23.625 1.43514
1.1 25.875 1.45632
1.1 28.125 1.45778
1.1 30.375 1.55033
1.1 32.625 1.59828
1.1 34.875 1.6265
1.1 37.125 1.60264
1.1 39.375 1.64941
1.1 41.625 1.6413
1.1 43.875 1.65044
1.3 1.125 0.736693
1.3 3.375 0.794777
1.3 5.625 0.806061
1.3 7.875 0.784306
1.3 10.125 0.779701
1.3 12.375 0.905112
1.3 14.625 0.81234
1.3 16.875 0.944686
1.3 19.125 0.929056
1.3 21.375 0.993382
1.3 23.625 1.04898
1.3 25.875 1.05045
1.3 28.125 1.12409
1.3 30.375 1.15351
1.3 32.625 1.22565
1.3 34.875 1.30788
1.3 37.125 1.28387
1.3 39.375 1.36807
1.3 41.625 1.32841
1.3 43.875 1.38573
1.5 1.125 0.389569
1.5 3.375 0.407499
1.5 5.625 0.444939
1.5 7.875 0.458931
1.5 10.125 0.454021
1.5 12.375 0.447136
1.5 14.625 0.526552
1.5 16.875 0.506555
1.5 19.125 0.536425
1.5 21.375 0.569731
1.5 23.625 0.57691
1.5 25.875 0.581259
1.5 28.125 0.656744
1.5 30.375 0.701272
1.5 32.625 0.772195
1.5 34.875 0.811712
1.5 37.125 0.91535
1.5 39.375 0.906755
1.5 41.625 0.927291
1.5 43.875 1.00304
1.7 1.125 0.224432
1.7 3.375 0.247788
1.7 5.625 0.233927
1.7 7.875 0.243619
1.7 10.125 0.257673
1.7 12.375 0.258983
1.7 14.625 0.278426
1.7 16.875 0.268599
1.7 19.125 0.288692
1.7 21.375 0.294277
1.7 23.625 0.311869
1.7 25.875 0.311718
1.7 28.125 0.338395
1.7 30.375 0.393083
1.7 32.625 0.400546
1.7 34.875 0.431033
1.7 37.125 0.459192
1.7 39.375 0.444844
1.7 41.625 0.526034
1.7 43.875 0.538102
1.9 1.125 0.137184
1.9 3.375 0.145706
1.9 5.625 0.142338
1.9 7.875 0.161081
1.9 10.125 0.157436
1.9 12.375 0.162411
1.9 14.625 0.16782
1.9 16.875 0.177594
1.9 19.125 0.168186
1.9 21.375 0.172704
1.9 23.625 0.186209
1.9 25.875 0.181103
1.9 28.125 0.192707
1.9 30.375 0.210483
1.9 32.625 0.222651
1.9 34.875 0.231995
1.9 37.125 0.25028
1.9 39.375 0.266604
1.9 41.625 0.285387
1.9 43.875 0.292802
2.1 1.125 0.0944084
2.1 3.375 0.0946772
2.1 5.625 0.0988649
2.1 7.875 0.100277
2.1 10.125 0.104255
2.1 12.375 0.103454
2.1 14.625 0.107701
2.1 16.875 0.111502
2.1 19.125 0.112705
2.1 21.375 0.111925
2.1 23.625 0.122506
2.1 25.875 0.12742
2.1 28.125 0.131543
2.1 30.375 0.131549
2.1 32.625 0.141675
2.1 34.875 0.149787
2.1 37.125 0.161554
2.1 39.375 0.164079
2.1 41.625 0.175159
2.1 43.875 0.172303
2.3 1.125 0.0675784
2.3 3.375 0.0653396
2.3 5.625 0.0693737
2.3 7.875 0.0724346
2.3 10.125 0.0705778
2.3 12.375 0.0728953
2.3 14.625 0.0732317
2.3 16.875 0.0728266
2.3 19.125 0.0742848
2.3 21.375 0.0770919
2.3 23.625 0.08444
2.3 25.875 0.0868119
2.3 28.125 0.0875883
2.3 30.375 0.0927299
2.3 32.625 0.0977038
2.3 34.875 0.102908
2.3 37.125 0.108095
2.3 39.375 0.107163
2.3 41.625 0.114329
2.3 43.875 0.110941
2.5 1.125 0.050375
2.5 3.375 0.0551553
2.5 5.625 0.0527005
2.5 7.875 0.0552116
2.5 10.125 0.0511271
2.5 12.375 0.0524427
2.5 14.625 0.0513674
2.5 16.875 0.0509208
2.5 19.125 0.0506296
2.5 21.375 0.0511287
2.5 23.625 0.0576199
2.5 25.875 0.0556743
2.5 28.125 0.0625864
2.5 30.375 0.0661382
2.5 32.625 0.0673168
2.5 34.875 0.0705122
2.5 37.125 0.0695889
2.5 39.375 0.0699688
2.5 41.625 0.0711196
2.5 43.875 0.071372
2.7 1.125 0.0402424
2.7 3.375 0.0391991
2.7 5.625 0.0396738
2.7 7.875 0.0402751
2.7 10.125 0.0383903
2.7 12.375 0.0380145
2.7 14.625 0.0379567
2.7 16.875 0.037817
2.7 19.125 0.0382789
2.7 21.375 0.041523
2.7 23.625 0.0430259
2.7 25.875 0.0419124
2.7 28.125 0.0472601
2.7 30.375 0.0486114
2.7 32.625 0.0475777
2.7 34.875 0.0504033
2.7 37.125 0.0478478
2.7 39.375 0.0472405
2.7 41.625 0.0474472
2.7 43.875 0.0465542
2.9 1.125 0.031574
2.9 3.375 0.0297557
2.9 5.625 0.0309422
2.9 7.875 0.0309134
2.9 10.125 0.0308933
2.9 12.375 0.0318378
2.9 14.625 0.0309892
2.9 16.875 0.0302276
2.9 19.125 0.0334828
2.9 21.375 0.03378
2.9 23.625 0.0333946
2.9 25.875 0.0378032
2.9 28.125 0.0361184
2.9 30.375 0.0360272
2.9 32.625 0.0363784
2.9 34.875 0.0340583
2.9 37.125 0.0352029
2.9 39.375 0.0355694
2.9 41.625 0.035788
2.9 43.875 0.0336133
3.1 1.125 0.0254969
3.1 3.375 0.025804
3.1 5.625 0.02491
3.1 7.875 0.0249723
3.1 10.125 0.0239263
3.1 12.375 0.030021
3.1 14.625 0.0253726
3.1 16.875 0.0267794
3.1 19.125 0.0273804
3.1 21.375 0.027302
3.1 23.625 0.029105
3.1 25.875 0.0291729
3.1 28.125 0.0275708
3.1 30.375 0.0305896
3.1 32.625 0.0291121
3.1 34.875 0.0300773
3.1 37.125 0.0302281
3.1 39.375 0.0290374
3.1 41.625 0.0275303
3.1 43.875 0.0273159
3.3 1.125 0.021931
3.3 3.375 0.0215136
3.3 5.625 0.0216577
3.3 7.875 0.0199131
3.3 10.125 0.0215352
3.3 12.375 0.0213566
3.3 14.625 0.0211801
3.3 16.875 0.0198504
3.3 19.125 0.0209248
3.3 21.375 0.0216155
3.3 23.625 0.0226759
3.3 25.875 0.0247169
3.3 28.125 0.0240504
3.3 30.375 0.0231422
3.3 32.625 0.0247424
3.3 34.875 0.0240085
3.3 37.125 0.0245452
3.3 39.375 0.0232098
3.3 41.625 0.0232564
3.3 43.875 0.0218563
3.5 1.125 0.0172337
3.5 3.375 0.0184869
3.5 5.625 0.017766
3.5 7.875 0.0172516
3.5 10.125 0.017933
3.5 12.375 0.0171109
3.5 14.625 0.0174423
3.5 16.875 0.0163238
3.5 19.125 0.0188617
3.5 21.375 0.018238
3.5 23.625 0.0181018
3.5 25.875 0.0197647
3.5 28.125 0.0197428
3.5 30.375 0.0193094
3.5 32.625 0.0206039
3.5 34.875 0.0210464
3.5 37.125 0.0194103
3.5 39.375 0.0202248
3.5 41.625 0.0199177
3.5 43.875 0.0181197
3.7 1.125 0.015674
3.7 3.375 0.0145331
3.7 5.625 0.0202121
3.7 7.875 0.0151397
3.7 10.125 0.0149395
3.7 12.375 0.0148774
3.7 14.625 0.01477
3.7 16.875 0.0154416
3.7 19.125 0.0149601
3.7 21.375 0.0156118
3.7 23.625 0.0165466
3.7 25.875 0.0159793
3.7 28.125 0.0166389
3.7 30.375 0.0174742
3.7 32.625 0.0161918
3.7 34.875 0.0156144
3.7 37.125 0.016613
3.7 39.375 0.0160119
3.7 41.625 0.0164634
3.7 43.875 0.0168623
3.9 1.125 0.0132381
3.9 3.375 0.0116759
3.9 5.625 0.0123891
3.9 7.875 0.0117639
3.9 10.125 0.0122496
3.9 12.375 0.0173641
3.9 14.625 0.0124844
3.9 16.875 0.0119403
3.9 19.125 0.012919
3.9 21.375 0.014134
3.9 23.625 0.0141453
3.9 25.875 0.0140129
3.9 28.125 0.0142786
3.9 30.375 0.0134845
3.9 32.625 0.0139951
3.9 34.875 0.0144296
3.9 37.125 0.0142004
3.9 39.375 0.0133579
3.9 41.625 0.014945
3.9 43.875 0.0149427
4.1 1.125 0.0109202
4.1 3.375 0.0102259
4.1 5.625 0.011043
4.1 7.875 0.0108301
4.1 10.125 0.0146283
4.1 12.375 0.0111305
4.1 14.625 0.0113741
4.1 16.875 0.0125206
4.1 19.125 0.0115421
4.1 21.375 0.01305
4.1 23.625 0.0122038
4.1 25.875 0.0123343
4.1 28.125 0.0124301
4.1 30.375 0.0131313
4.1 32.625 0.0119363
4.1 34.875 0.012872
4.1 37.125 0.0119965
4.1 39.375 0.0117792
4.1 41.625 0.0115675
4.1 43.875 0.0127408
4.3 1.125 0.00988827
4.3 3.375 0.00967942
4.3 5.625 0.013612
4.3 7.875 0.0098693
4.3 10.125 0.00929104
4.3 12.375 0.00909763
4.3 14.625 0.0101606
4.3 16.875 0.00997841
4.3 19.125 0.0101766
4.3 21.375 0.0108568
4.3 23.625 0.0105624
4.3 25.875 0.0107609
4.3 28.125 0.0103884
4.3 30.375 0.0101842
4.3 32.625 0.0105325
4.3 34.875 0.0105497
4.3 37.125 0.0102194
4.3 39.375 0.00987719
4.3 41.625 0.0102984
4.3 43.875 0.0102093
4.5 1.125 0.00829481
4.5 3.375 0.00791485
4.5 5.625 0.00839606
4.5 7.875 0.00762845
4.5 10.125 0.00779201
4.5 12.375 0.00808441
4.5 14.625 0.00815032
4.5 16.875 0.00845259
4.5 19.125 0.00916109
4.5 21.375 0.00925563
4.5 23.625 0.00913909
4.5 25.875 0.00874547
4.5 28.125 0.00878612
4.5 30.375 0.0083674
4.5 32.625 0.0087336
4.5 34.875 0.00923752
4.5 37.125 0.00883405
4.5 39.375 0.00866907
4.5 41.625 0.00908367
4.5 43.875 0.0089762
4.7 1.125 0.00815712
4.7 3.375 0.0147933
4.7 5.625 0.00725135
4.7 7.875 0.00739028
4.7 10.125 0.00756125
4.7 12.375 0.00748992
4.7 14.625 0.00722805
4.7 16.875 0.00829839
4.7 19.125 0.00780012
4.7 21.375 0.00779324
4.7 23.625 0.00777037
4.7 25.875 0.00818253
4.7 28.125 0.00807589
4.7 30.375 0.0101998
4.7 32.625 0.00778543
4.7 34.875 0.00834474
4.7 37.125 0.00854132
4.7 39.375 0.0084273
4.7 41.625 0.00767642
4.7 43.875 0.00761234
4.9 1.125 0.00725175
4.9 3.375 0.00613807
4.9 5.625 0.00619118
4.9 7.875 0.00657695
4.9 10.125 0.00613906
4.9 12.375 0.00636818
4.9 14.625 0.00628565
4.9 16.875 0.00618548
4.9 19.125 0.00710397
4.9 21.375 0.0069907
4.9 23.625 0.00687446
4.9 25.875 0.00761071
4.9 28.125 0.00681168
4.9 30.375 0.00687693
4.9 32.625 0.00677592
4.9 34.875 0.00673358
4.9 37.125 0.00647453
4.9 39.375 0.00707133
4.9 41.625 0.00654164
4.9 43.875 0.00715709
5.1 1.125 0.00595722
5.1 3.375 0.00939375
5.1 5.625 0.00555088
5.1 7.875 0.00564891
5.1 10.125 0.00600555
5.1 12.375 0.00557562
5.1 14.625 0.00642994
5.1 16.875 0.00587494
5.1 19.125 0.00628773
5.1 21.375 0.00616611
5.1 23.625 0.00602019
5.1 25.875 0.00627649
5.1 28.125 0.00595121
5.1 30.375 0.00603493
5.1 32.625 0.00584408
5.1 34.875 0.00627622
5.1 37.125 0.00622405
5.1 39.375 0.00627439
5.1 41.625 0.0062829
5.1 43.875 0.00614342
5.3 1.125 0.00861486
5.3 3.375 0.00527238
5.3 5.625 0.00530754
5.3 7.875 0.00509326
5.3 10.125 0.00523941
5.3 12.375 0.00787657
5.3 14.625 0.00541624
5.3 16.875 0.00540586
5.3 19.125 0.00553295
5.3 21.375 0.00556048
5.3 23.625 0.00548513
5.3 25.875 0.0109309
5.3 28.125 0.00602752
5.3 30.375 0.0056571
5.3 32.625 0.00581966
5.3 34.875 0.00577508
5.3 37.125 0.00563269
5.3 39.375 0.00588399
5.3 41.625 0.00552081
5.3 43.875 0.00618224
5.5 1.125 0.0047931
5.5 3.375 0.00486606
5.5 5.625 0.0049595
5.5 7.875 0.00432669
5.5 10.125 0.0048703
5.5 12.375 0.00494728
5.5 14.625 0.00505293
5.5 16.875 0.00528902
5.5 19.125 0.00498994
5.5 21.375 0.00510164
5.5 23.625 0.00549384
5.5 25.875 0.00484675
5.5 28.125 0.00628112
5.5 30.375 0.00504987
5.5 32.625 0.00542299
5.5 34.875 0.00531447
5.5 37.125 0.00536135
5.5 39.375 0.00476845
5.5 41.625 0.00481934
5.5 43.875 0.00536234
5.7 1.125 0.00461864
5.7 3.375 0.00512828
5.7 5.625 0.00470225
5.7 7.875 0.00456068
5.7 10.125 0.00419747
5.7 12.375 0.00418336
5.7 14.625 0.00453178
5.7 16.875 0.00461987
5.7 19.125 0.00472177
5.7 21.375 0.00481829
5.7 23.625 0.0044415
5.7 25.875 0.00445042
5.7 28.125 0.00465565
5.7 30.375 0.00461507
5.7 32.625 0.00479215
5.7 34.875 0.00457874
5.7 37.125 0.0047879
5.7 39.375 0.0045407
5.7 41.625 0.00483067
5.7 43.875 0.0053164
5.9 1.125 0.00408168
5.9 3.375 0.00422503
5.9 5.625 0.0039111
5.9 7.875 0.00416289
5.9 10.125 0.00398092
5.9 12.375 0.00453694
5.9 14.625 0.00441658
5.9 16.875 0.00470041
5.9 19.125 0.00412275
5.9 21.375 0.00460752
5.9 23.625 0.006685
5.9 25.875 0.0100783
5.9 28.125 0.00401927
5.9 30.375 0.00437848
5.9 32.625 0.00450966
5.9 34.875 0.00434985
5.9 37.125 0.00434537
5.9 39.375 0.00430004
5.9 41.625 0.0042415
5.9 43.875 0.00402768
6.1 1.125 0.00391826
6.1 3.375 0.00371214
6.1 5.625 0.00388461
6.1 7.875 0.00391966
6.1 10.125 0.00388595
6.1 12.375 0.00387243
6.1 14.625 0.00394329
6.1 16.875 0.00407048
6.1 19.125 0.00449692
6.1 21.375 0.00447356
6.1 23.625 0.0039961
6.1 25.875 0.00378083
6.1 28.125 0.00417864
6.1 30.375 0.00428606
6.1 32.625 0.00373403
6.1 34.875 0.00398743
6.1 37.125 0.00397051
6.1 39.375 0.00406248
6.1 41.625 0.00394661
6.1 43.875 0.00375054
6.3 1.125 0.00364621
6.3 3.375 0.0087326
6.3 5.625 0.00368954
6.3 7.875 0.0045617
6.3 10.125 0.00385004
6.3 12.375 0.00403192
6.3 14.625 0.00425092
6.3 16.875 0.00360624
6.3 19.125 0.00403224
6.3 21.375 0.00363857
6.3 23.625 0.00422287
6.3 25.875 0.00375251
6.3 28.125 0.00837156
6.3 30.375 0.00398805
6.3 32.625 0.00380569
6.3 34.875 0.00388364
6.3 37.125 0.00393765
6.3 39.375 0.00681075
6.3 41.625 0.00400266
6.3 43.875 0.00374496
6.5 1.125 0.00343884
6.5 3.375 0.00345164
6.5 5.625 0.00343251
6.5 7.875 0.00325224
6.5 10.125 0.00338527
6.5 12.375 0.00364064
6.5 14.625 0.00369573
6.5 16.875 0.00348094
6.5 19.125 0.00379243
6.5 21.375 0.00388088
6.5 23.625 0.00365336
6.5 25.875 0.004042
6.5 28.125 0.00355627
6.5 30.375 0.00368333
6.5 32.625 0.00350566
6.5 34.875 0.00340187
6.5 37.125 0.00355869
6.5 39.375 0.00362154
6.5 41.625 0.00337104
6.5 43.875 0.0037113
6.7 1.125 0.00993585
6.7 3.375 0.00311759
6.7 5.625 0.00350818
6.7 7.875 0.00337919
6.7 10.125 0.00337398
6.7 12.375 0.00359034
6.7 14.625 0.00309136
6.7 16.875 0.00344011
6.7 19.125 0.00323896
6.7 21.375 0.00313317
6.7 23.625 0.00325896
6.7 25.875 0.00356892
6.7 28.125 0.00337632
6.7 30.375 0.00336953
6.7 32.625 0.00324209
6.7 34.875 0.00438845
6.7 37.125 0.00328811
6.7 39.375 0.00397712
6.7 41.625 0.0033929
6.7 43.875 0.00360409
6.9 1.125 0.00303591
6.9 3.375 0.00820177
6.9 5.625 0.00316819
6.9 7.875 0.00324362
6.9 10.125 0.00350286
6.9 12.375 0.0031673
6.9 14.625 0.00374609
6.9 16.875 0.00318669
6.9 19.125 0.0034138
6.9 21.375 0.00875415
6.9 23.625 0.0040879
6.9 25.875 0.00320156
6.9 28.125 0.00348263
6.9 30.375 0.00312452
6.9 32.625 0.00332853
6.9 34.875 0.0032065
6.9 37.125 0.00360544
6.9 39.375 0.00331434
6.9 41.625 0.00349709
6.9 43.875 0.00352422
7.1 1.125 0.00420669
7.1 3.375 0.00366416
7.1 5.625 0.00298635
7.1 7.875 0.0032882
7.1 10.125 0.00328514
7.1 12.375 0.00299525
7.1 14.625 0.0029342
7.1 16.875 0.00336138
7.1 19.125 0.00683889
7.1 21.375 0.00308933
7.1 23.625 0.00343241
7.1 25.875 0.00287439
7.1 28.125 0.00300669
7.1 30.375 0.00409716
7.1 32.625 0.00302682
7.1 34.875 0.0030482
7.1 37.125 0.00332995
7.1 39.375 0.00337157
7.1 41.625 0.00314092
7.1 43.875 0.00323373
7.3 1.125 0.00745116
7.3 3.375 0.00291184
7.3 5.625 0.00265911
7.3 7.875 0.00289739
7.3 10.125 0.00288719
7.3 12.375 0.00285984
7.3 14.625 0.00283721
7.3 16.875 0.00314606
7.3 19.125 0.00281319
7.3 21.375 0.00308658
7.3 23.625 0.00274484
7.3 25.875 0.00278405
7.3 28.125 0.00318821
7.3 30.375 0.00317688
7.3 32.625 0.0029415
7.3 34.875 0.00312957
7.3 37.125 0.0084458
7.3 39.375 0.0031207
7.3 41.625 0.00647164
7.3 43.875 0.0033215
7.5 1.125 0.0031539
7.5 3.375 0.0027053
7.5 5.625 0.00302671
7.5 7.875 0.00938909
7.5 10.125 0.00292538
7.5 12.375 0.00301138
7.5 14.625 0.00285791
7.5 16.875 0.00267763
7.5 19.125 0.0034616
7.5 21.375 0.00303906
7.5 23.625 0.00798523
7.5 25.875 0.00276976
7.5 28.125 0.00290482
7.5 30.375 0.00267005
7.5 32.625 0.00253609
7.5 34.875 0.00267653
7.5 37.125 0.00303254
7.5 39.375 0.00278861
7.5 41.625 0.00292212
7.5 43.875 0.00256
7.7 1.125 0.00332356
7.7 3.375 0.00380087
7.7 5.625 0.00264751
7.7 7.875 0.00542231
7.7 10.125 0.0028345
7.7 12.375 0.00273239
7.7 14.625 0.00281148
7.7 16.875 0.00505608
7.7 19.125 0.00290853
7.7 21.375 0.00292056
7.7 23.625 0.00277162
7.7 25.875 0.0028902
7.7 28.125 0.00285041
7.7 30.375 0.0028843
7.7 32.625 0.00310057
7.7 34.875 0.0029788
7.7 37.125 0.00879043
7.7 39.375 0.00284809
7.7 41.625 0.00293604
7.7 43.875 0.00302877
7.9 1.125 0.00241985
7.9 3.375 0.00929394
7.9 5.625 0.00272805
7.9 7.875 0.00331533
7.9 10.125 0.00286007
7.9 12.375 0.00900079
7.9 14.625 0.00290765
7.9 16.875 0.00267924
7.9 19.125 0.00284942
7.9 21.375 0.00285874
7.9 23.625 0.00853789
7.9 25.875 0.00285102
7.9 28.125 0.00265603
7.9 30.375 0.00266153
7.9 32.625 0.00259557
7.9 34.875 0.00276703
7.9 37.125 0.0024597
7.9 39.375 0.00287595
7.9 41.625 0.00563344
7.9 43.875 0.00276361
8.1 1.125 0.00242685
8.1 3.375 0.00273744
8.1 5.625 0.0107913
8.1 7.875 0.00286128
8.1 10.125 0.00307297
8.1 12.375 0.00278265
8.1 14.625 0.00286645
8.1 16.875 0.00319091
8.1 19.125 0.00596155
8.1 21.375 0.0031382
8.1 23.625 0.00309092
8.1 25.875 0.00279219
8.1 28.125 0.00259663
8.1 30.375 0.00255173
8.1 32.625 0.00272862
8.1 34.875 0.00277909
8.1 37.125 0.00315559
8.1 39.375 0.0026226
8.1 41.625 0.0025816
8.1 43.875 0.00282468
8.3 1.125 0.00260748
8.3 3.375 0.00234988
8.3 5.625 0.00236984
8.3 7.875 0.00251645
8.3 10.125 0.00266313
8.3 12.375 0.00335245
8.3 14.625 0.00264003
8.3 16.875 0.00371924
8.3 19.125 0.00239422
8.3 21.375 0.00274515
8.3 23.625 0.00332241
8.3 25.875 0.00253033
8.3 28.125 0.00239608
8.3 30.375 0.00253147
8.3 32.625 0.00242147
8.3 34.875 0.00265208
8.3 37.125 0.00287891
8.3 39.375 0.00252848
8.3 41.625 0.00266961
8.3 43.875 0.00268367
8.5 1.125 0.00266329
8.5 3.375 0.00260956
8.5 5.625 0.00971288
8.5 7.875 0.00252644
8.5 10.125 0.00247572
8.5 12.375 0.00249948
8.5 14.625 0.00273257
8.5 16.875 0.00252679
8.5 19.125 0.00314498
8.5 21.375 0.00378503
8.5 23.625 0.00246397
8.5 25.875 0.00261155
8.5 28.125 0.0023429
8.5 30.375 0.00273711
8.5 32.625 0.00245728
8.5 34.875 0.00282092
8.5 37.125 0.00250213
8.5 39.375 0.00247358
8.5 41.625 0.0024504
8.5 43.875 0.00240272
8.7 1.125 0.00250641
8.7 3.375 0.0023621
8.7 5.625 0.00224341
8.7 7.875 0.00265057
8.7 10.125 0.00236562
8.7 12.375 0.00256741
8.7 14.625 0.00252448
8.7 16.875 0.00224532
8.7 19.125 0.0024901
8.7 21.375 0.00228691
8.7 23.625 0.00284878
8.7 25.875 0.00264833
8.7 28.125 0.00246116
8.7 30.375 0.00301627
8.7 32.625 0.00267144
8.7 34.875 0.00252306
8.7 37.125 0.00256965
8.7 39.375 0.00264518
8.7 41.625 0.0027529
8.7 43.875 0.0130567
8.9 1.125 0.00225627
8.9 3.375 0.00230841
8.9 5.625 0.00247662
8.9 7.875 0.0025577
8.9 10.125 0.00233603
8.9 12.375 0.0026407
8.9 14.625 0.00286672
8.9 16.875 0.00221281
8.9 19.125 0.00276827
8.9 21.375 0.00235668
8.9 23.625 0.00281503
8.9 25.875 0.00226667
8.9 28.125 0.00260526
8.9 30.375 0.00244254
8.9 32.625 0.00219083
8.9 34.875 0.00223868
8.9 37.125 0.00263203
8.9 39.375 0.00235942
8.9 41.625 0.00257269
8.9 43.875 0.00261442
9.1 1.125 0.00273242
9.1 3.375 0.00278485
9.1 5.625 0.0023123
9.1 7.875 0.00235472
9.1 10.125 0.00250665
9.1 12.375 0.00238882
9.1 14.625 0.00248876
9.1 16.875 0.00245576
9.1 19.125 0.00371499
9.1 21.375 0.00225191
9.1 23.625 0.00206686
9.1 25.875 0.0128259
9.1 28.125 0.00205628
9.1 30.375 0.00257769
9.1 32.625 0.0110585
9.1 34.875 0.00244633
9.1 37.125 0.00220043
9.1 39.375 0.00281255
9.1 41.625 0.00248936
9.1 43.875 0.00239427
9.3 1.125 0.00228085
9.3 3.375 0.00240504
9.3 5.625 0.00259535
9.3 7.875 0.00236623
9.3 10.125 0.00235642
9.3 12.375 0.00268866
9.3 14.625 0.0026146
9.3 16.875 0.00241451
9.3 19.125 0.00234006
9.3 21.375 0.0156388
9.3 23.625 0.00248714
9.3 25.875 0.00227935
9.3 28.125 0.00226017
9.3 30.375 0.00404507
9.3 32.625 0.00235512
9.3 34.875 0.0022188
9.3 37.125 0.00273132
9.3 39.375 0.00232181
9.3 41.625 0.00254233
9.3 43.875 0.00254088
9.5 1.125 0.00382349
9.5 3.375 0.00304268
9.5 5.625 0.00213388
9.5 7.875 0.00218022
9.5 10.125 0.00206224
9.5 12.375 0.00226307
9.5 14.625 0.00258687
9.5 16.875 0.00257374
9.5 19.125 0.00236247
9.5 21.375 0.0026817
9.5 23.625 0.0025599
9.5 25.875 0.00250478
9.5 28.125 0.0021272
9.5 30.375 0.00234657
9.5 32.625 0.00263609
9.5 34.875 0.00244862
9.5 37.125 0.00251476
9.5 39.375 0.00219206
9.5 41.625 0.00281219
9.5 43.875 0.00240548
9.7 1.125 0.00249977
9.7 3.375 0.00351113
9.7 5.625 0.00231664
9.7 7.875 0.00833094
9.7 10.125 0.00264726
9.7 12.375 0.00227365
9.7 14.625 0.00231658
9.7 16.875 0.00231604
9.7 19.125 0.00214131
9.7 21.375 0.00243197
9.7 23.625 0.00229931
9.7 25.875 0.00204814
9.7 28.125 0.00373885
9.7 30.375 0.00223486
9.7 32.625 0.00228389
9.7 34.875 0.00245646
9.7 37.125 0.00879869
9.7 39.375 0.00251186
9.7 41.625 0.00222985
9.7 43.875 0.00220306
9.9 1.125 0.00227235
9.9 3.375 0.00267604
9.9 5.625 0.00209946
9.9 7.875 0.00224801
9.9 10.125 0.00219509
9.9 12.375 0.0159595
9.9 14.625 0.00232445
9.9 16.875 0.00248919
9.9 19.125 0.002274
9.9 21.375 0.00245948
9.9 23.625 0.00208352
9.9 25.875 0.00223688
9.9 28.125 0.0022726
9.9 30.375 0.00246735
9.9 32.625 0.00318543
9.9 34.875 0.00217432
9.9 37.125 0.00216077
9.9 39.375 0.00234501
9.9 41.625 0.00219528
9.9 43.875 0.00267517
10.1 1.125 0.0022651
10.1 3.375 0.0169645
10.1 5.625 0.00246716
10.1 7.875 0.00210101
10.1 10.125 0.00270639
10.1 12.375 0.0022158
10.1 14.625 0.0160953
10.1 16.875 0.00238277
10.1 19.125 0.00556897
10.1 21.375 0.0021856
10.1 23.625 0.00203064
10.1 25.875 0.00211581
10.1 28.125 0.00296987
10.1 30.375 0.00228437
10.1 32.625 0.00234447
10.1 34.875 0.00240657
10.1 37.125 0.00265607
10.1 39.375 0.00245207
10.1 41.625 0.00224532
10.1 43.875 0.00256269
10.3 1.125 0.00226803
10.3 3.375 0.00305535
10.3 5.625 0.00252687
10.3 7.875 0.00237373
10.3 10.125 0.00234447
10.3 12.375 0.00272835
10.3 14.625 0.00245649
10.3 16.875 0.00253348
10.3 19.125 0.0023155
10.3 21.375 0.00831808
10.3 23.625 0.00224177
10.3 25.875 0.00206018
10.3 28.125 0.0022917
10.3 30.375 0.00212881
10.3 32.625 0.00345898
10.3 34.875 0.00359995
10.3 37.125 0.00283006
10.3 39.375 0.00217286
10.3 41.625 0.00217259
10.3 43.875 0.00212709
10.5 1.125 0.0022624
10.5 3.375 0.00202678
10.5 5.625 0.00264951
10.5 7.875 0.00237433
10.5 10.125 0.00293043
10.5 12.375 0.00251813
10.5 14.625 0.0029585
10.5 16.875 0.00251291
10.5 19.125 0.00275222
10.5 21.375 0.00241486
10.5 23.625 0.0025893
10.5 25.875 0.00216459
10.5 28.125 0.00191679
10.5 30.375 0.002183
10.5 32.625 0.00244736
10.5 34.875 0.00227531
10.5 37.125 0.00255375
10.5 39.375 0.00275463
10.5 41.625 0.00210886
10.5 43.875 0.00277647
10.7 1.125 0.00234427
10.7 3.375 0.00277073
10.7 5.625 0.00250105
10.7 7.875 0.00244126
10.7 10.125 0.00238824
10.7 12.375 0.00290574
10.7 14.625 0.00316505
10.7 16.875 0.00219698
10.7 19.125 0.00225819
10.7 21.375 0.0024385
10.7 23.625 0.00228709
10.7 25.875 0.00242949
10.7 28.125 0.0022783
10.7 30.375 0.00223783
10.7 32.625 0.00275646
10.7 34.875 0.0022234
10.7 37.125 0.00221787
10.7 39.375 0.00244414
10.7 41.625 0.00242569
10.7 43.875 0.00221013
10.9 1.125 0.00203906
10.9 3.375 0.002303
10.9 5.625 0.00246359
10.9 7.875 0.00232173
10.9 10.125 0.00227058
10.9 12.375 0.00234436
10.9 14.625 0.00202343
10.9 16.875 0.00246091
10.9 19.125 0.00231735
10.9 21.375 0.00200255
10.9 23.625 0.00204758
10.9 25.875 0.0028348
10.9 28.125 0.00212837
10.9 30.375 0.00233345
10.9 32.625 0.00207013
10.9 34.875 0.00245769
10.9 37.125 0.00229225
10.9 39.375 0.00209657
10.9 41.625 0.00193535
10.9 43.875 0.00249115
11.1 1.125 0.00230585
11.1 3.375 0.00219275
11.1 5.625 0.00216646
11.1 7.875 0.00220705
11.1 10.125 0.0022184
11.1 12.375 0.00255177
11.1 14.625 0.00236296
11.1 16.875 0.00205163
11.1 19.125 0.0022634
11.1 21.375 0.00233815
11.1 23.625 0.00233434
11.1 25.875 0.00313042
11.1 28.125 0.0022047
11.1 30.375 0.0027785
11.1 32.625 0.00235457
11.1 34.875 0.00198961
11.1 37.125 0.00220181
11.1 39.375 0.00248471
11.1 41.625 0.00217596
11.1 43.875 0.00204934
11.3 1.125 0.00188471
11.3 3.375 0.00226193
11.3 5.625 0.00197849
11.3 7.875 0.00198037
11.3 10.125 0.00219782
11.3 12.375 0.00223231
11.3 14.625 0.0205653
11.3 16.875 0.00232893
11.3 19.125 0.00326522
11.3 21.375 0.00224776
11.3 23.625 0.00271265
11.3 25.875 0.00469149
11.3 28.125 0.00295474
11.3 30.375 0.00222474
11.3 32.625 0.00265071
11.3 34.875 0.00264412
11.3 37.125 0.00231473
11.3 39.375 0.00291605
11.3 41.625 0.00263453
11.3 43.875 0.0021534
11.5 1.125 0.00253353
11.5 3.375 0.00196292
11.5 5.625 0.00214047
11.5 7.875 0.00224416
11.5 10.125 0.00215259
11.5 12.375 0.00239906
11.5 14.625 0.00190609
11.5 16.875 0.00223422
11.5 19.125 0.00179716
11.5 21.375 0.00164704
11.5 23.625 0.00256737
11.5 25.875 0.00231068
11.5 28.125 0.00209994
11.5 30.375 0.0022802
11.5 32.625 0.0173138
11.5 34.875 0.00239315
11.5 37.125 0.00232211
11.5 39.375 0.00204351
11.5 41.625 0.00235423
11.5 43.875 0.00305115
11.7 1.125 0.00796104
11.7 3.375 0.00240199
11.7 5.625 0.00227909
11.7 7.875 0.00214908
11.7 10.125 0.00215856
11.7 12.375 0.00238982
11.7 14.625 0.00215667
11.7 16.875 0.00266513
11.7 19.125 0.00221321
11.7 21.375 0.0020403
11.7 23.625 0.00279536
11.7 25.875 0.00225209
11.7 28.125 0.00230248
11.7 30.375 0.0019441
11.7 32.625 0.00190198
11.7 34.875 0.00218388
11.7 37.125 0.00212782
11.7 39.375 0.00246907
11.7 41.625 0.00302506
11.7 43.875 0.00333548
11.9 1.125 0.00277487
11.9 3.375 0.00176919
11.9 5.625 0.00185225
11.9 7.875 0.00253203
11.9 10.125 0.00610724
11.9 12.375 0.00251703
11.9 14.625 0.00177517
11.9 16.875 0.00272884
11.9 19.125 0.00211849
11.9 21.375 0.00192351
11.9 23.625 0.00231328
11.9 25.875 0.00236573
11.9 28.125 0.00220698
11.9 30.375 0.00205192
11.9 32.625 0.0020608
11.9 34.875 0.00214595
11.9 37.125 0.00250964
11.9 39.375 0.00236897
11.9 41.625 0.00215217
11.9 43.875 0.00227664
12.1 1.125 0.00212801
12.1 3.375 0.00216577
12.1 5.625 0.00214028
12.1 7.875 0.00192967
12.1 10.125 0.0026407
12.1 12.375 0.00220548
12.1 14.625 0.00214946
12.1 16.875 0.00173371
12.1 19.125 0.00175721
12.1 21.375 0.0020702
12.1 23.625 0.0021653
12.1 25.875 0.00644277
12.1 28.125 0.0134075
12.1 30.375 0.00206531
12.1 32.625 0.00246091
12.1 34.875 0.00167639
12.1 37.125 0.00176283
12.1 39.375 0.00206035
12.1 41.625 0.00221393
12.1 43.875 0.00257032
12.3 1.125 0.00197991
12.3 3.375 0.00379909
12.3 5.625 0.00162705
12.3 7.875 0.00241221
12.3 10.125 0.00235175
12.3 12.375 0.00216718
12.3 14.625 0.00301654
12.3 16.875 0.00219556
12.3 19.125 0.00245111
12.3 21.375 0.00409804
12.3 23.625 0.00198473
12.3 25.875 0.00209263
12.3 28.125 0.00182485
12.3 30.375 0.00216724
12.3 32.625 0.0022932
12.3 34.875 0.00222435
12.3 37.125 0.00280676
12.3 39.375 0.00225739
12.3 41.625 0.0019515
12.3 43.875 0.00204878
12.5 1.125 0.00216601
12.5 3.375 0.00214588
12.5 5.625 0.00204726
12.5 7.875 0.00781639
12.5 10.125 0.0023158
12.5 12.375 0.00221381
12.5 14.625 0.02981
12.5 16.875 0.00224151
12.5 19.125 0.00176072
12.5 21.375 0.00178838
12.5 23.625 0.00227079
12.5 25.875 0.00212997
12.5 28.125 0.00285263
12.5 30.375 0.00221543
12.5 32.625 0.00238821
12.5 34.875 0.00527191
12.5 37.125 0.00284393
12.5 39.375 0.0209994
12.5 41.625 0.00217743
12.5 43.875 0.00216087
12.7 1.125 0.00304023
12.7 3.375 0.00177924
12.7 5.625 0.00173819
12.7 7.875 0.00193098
12.7 10.125 0.00227056
12.7 12.375 0.00195834
12.7 14.625 0.00261825
12.7 16.875 0.00204437
12.7 19.125 0.00224914
12.7 21.375 0.0376775
12.7 23.625 0.00173432
12.7 25.875 0.0022495
12.7 28.125 0.00256202
12.7 30.375 0.00246298
12.7 32.625 0.00166037
12.7 34.875 0.00212493
12.7 37.125 0.00247477
12.7 39.375 0.00223085
12.7 41.625 0.00189308
12.7 43.875 0.00235107
12.9 1.125 0.00200433
12.9 3.375 0.00168683
12.9 5.625 0.00245179
12.9 7.875 0.00202564
12.9 10.125 0.00393553
12.9 12.375 0.00203327
12.9 14.625 0.00207623
12.9 16.875 0.00253319
12.9 19.125 0.0047028
12.9 21.375 0.0024714
12.9 23.625 0.00184414
12.9 25.875 0.00247417
12.9 28.125 0.00234947
12.9 30.375 0.00277404
12.9 32.625 0.00219376
12.9 34.875 0.00189553
12.9 37.125 0.00263321
12.9 39.375 0.00291774
12.9 41.625 0.00196226
12.9 43.875 0.00246923
13.1 1.125 0.0019359
13.1 3.375 0.00193147
13.1 5.625 0.00243533
13.1 7.875 0.00208722
13.1 10.125 0.00185673
13.1 12.375 0.0021813
13.1 14.625 0.00212921
13.1 16.875 0.00248389
13.1 19.125 0.00217762
13.1 21.375 0.00164716
13.1 23.625 0.00255073
13.1 25.875 0.0031724
13.1 28.125 0.0157294
13.1 30.375 0.00182869
13.1 32.625 0.00190171
13.1 34.875 0.00247886
13.1 37.125 0.0022164
13.1 39.375 0.00204615
13.1 41.625 0.0022748
13.1 43.875 0.00259246
13.3 1.125 0.00188763
13.3 3.375 0.00238164
13.3 5.625 0.00207022
13.3 7.875 0.00258552
13.3 10.125 0.00205677
13.3 12.375 0.00202107
13.3 14.625 0.00222436
13.3 16.875 0.00192964
13.3 19.125 0.00267063
13.3 21.375 0.00198407
13.3 23.625 0.00181931
13.3 25.875 0.00209617
13.3 28.125 0.00243129
13.3 30.375 0.00244909
13.3 32.625 0.00226772
13.3 34.875 0.00205353
13.3 37.125 0.00201498
13.3 39.375 0.00183423
13.3 41.625 0.00237789
13.3 43.875 0.00202599
13.5 1.125 0.00184624
13.5 3.375 0.00155576
13.5 5.625 0.00190135
13.5 7.875 0.00225097
13.5 10.125 0.00214741
13.5 12.375 0.00243666
13.5 14.625 0.00219976
13.5 16.875 0.0019493
13.5 19.125 0.00191427
13.5 21.375 0.00232745
13.5 23.625 0.00394383
13.5 25.875 0.00177669
13.5 28.125 0.00162664
13.5 30.375 0.00204212
13.5 32.625 0.00209219
13.5 34.875 0.00196999
13.5 37.125 0.0238661
13.5 39.375 0.00260895
13.5 41.625 0.00217018
13.5 43.875 0.00257084
13.7 1.125 0.00165485
13.7 3.375 0.00192138
13.7 5.625 0.00194025
13.7 7.875 0.00237112
13.7 10.125 0.0022146
13.7 12.375 0.00256852
13.7 14.625 0.00202069
13.7 16.875 0.00213502
13.7 19.125 0.0021803
13.7 21.375 0.00215083
13.7 23.625 0.00241588
13.7 25.875 0.00242616
13.7 28.125 0.0039778
13.7 30.375 0.00221726
13.7 32.625 0.00345384
13.7 34.875 0.00203912
13.7 37.125 0.00313654
13.7 39.375 0.00293213
13.7 41.625 0.00274568
13.7 43.875 0.00219646
13.9 1.125 0.00202954
13.9 3.375 0.00226198
13.9 5.625 0.00258585
13.9 7.875 0.0018755
13.9 10.125 0.00211276
13.9 12.375 0.00287332
13.9 14.625 0.00190144
13.9 16.875 0.00195357
13.9 19.125 0.00223706
13.9 21.375 0.0020321
13.9 23.625 0.00268612
13.9 25.875 0.00228077
13.9 28.125 0.00151443
13.9 30.375 0.00173403
13.9 32.625 0.00167549
13.9 34.875 0.0298725
13.9 37.125 0.00168623
13.9 39.375 0.00233373
13.9 41.625 0.00287483
13.9 43.875 0.0288687
