0.1 1.125 3.27736
0.1 3.375 2.80774
0.1 5.625 3.26438
0.1 7.875 3.25853
0.1 10.125 1.64952
0.1 12.375 2.56584
0.1 14.625 2.70535
0.1 16.875 1.44996
0.1 19.125 2.63349
0.1 21.375 1.28037
0.1 23.625 1.99968
0.1 25.875 1.49965
0.1 28.125 1.99398
0.1 30.375 1.76209
0.1 32.625 2.74717
0.1 34.875 2.95491
0.1 37.125 2.02566
0.1 39.375 2.65056
0.1 41.625 2.88714
0.1 43.875 2.63844
0.3 1.125 3.15903
0.3 3.375 2.88943
0.3 5.625 3.02934
0.3 7.875 3.27828
0.3 10.125 3.18313
0.3 12.375 3.07087
0.3 14.625 3.27908
0.3 16.875 3.28758
0.3 19.125 3.28164
0.3 21.375 3.2641
0.3 23.625 3.25713
0.3 25.875 3.27413
0.3 28.125 3.28909
0.3 30.375 3.28223
0.3 32.625 3.19463
0.3 34.875 3.25606
0.3 37.125 3.1298
0.3 39.375 3.24623
0.3 41.625 3.25773
0.3 43.875 3.18967
0.5 1.125 3.00887
0.5 3.375 2.59037
0.5 5.625 3.14426
0.5 7.875 2.91821
0.5 10.125 3.05798
0.5 12.375 3.17732
0.5 14.625 3.17749
0.5 16.875 3.12082
0.5 19.125 3.17285
0.5 21.375 3.14617
0.5 23.625 3.226
0.5 25.875 3.05811
0.5 28.125 3.20821
0.5 30.375 3.15294
0.5 32.625 3.20832
0.5 34.875 3.18064
0.5 37.125 3.20797
0.5 39.375 3.09721
0.5 41.625 3.17621
0.5 43.875 3.21347
0.7 1.125 2.77289
0.7 3.375 3.0552
0.7 5.625 2.9985
0.7 7.875 2.90355
0.7 10.125 3.00741
0.7 12.375 2.97823
0.7 14.625 3.05981
0.7 16.875 3.05652
0.7 19.125 3.01746
0.7 21.375 2.98984
0.7 23.625 3.02048
0.7 25.875 3.07935
0.7 28.125 3.04155
0.7 30.375 3.03921
0.7 32.625 3.05786
0.7 34.875 3.0669
0.7 37.125 3.02645
0.7 39.375 2.98511
0.7 41.625 3.06663
0.7 43.875 2.91556
0.9 1.125 2.62175
0.9 3.375 2.76676
0.9 5.625 2.69669
0.9 7.875 2.68977
0.9 10.125 2.7214
0.9 12.375 2.77404
0.9 14.625 2.76997
0.9 16.875 2.7155
0.9 19.125 2.7356
0.9 21.375 2.813
0.9 23.625 2.81108
0.9 25.875 2.84309
0.9 28.125 2.84961
0.9 30.375 2.85614
0.9 32.625 2.86388
0.9 34.875 2.86014
0.9 37.125 2.86097
0.9 39.375 2.83563
0.9 41.625 2.92296
0.9 43.875 2.86364
1.1 1.125 1.92317
1.1 3.375 2.0499
1.1 5.625 2.13946
1.1 7.875 2.18908
1.1 10.125 2.14377
1.1 12.375 2.0668
1.1 14.625 2.11357
1.1 16.875 2.12952
1.1 19.125 2.18416
1.1 21.375 2.23428
1.1 23.625 2.33611
1.1 25.875 2.39894
1.1 28.125 2.37881
1.1 30.375 2.4067
1.1 32.625 2.54079
1.1 34.875 2.58459
1.1 37.125 2.54494
1.1 39.375 2.59416
1.1 41.625 2.66487
1.1 43.875 2.67527
1.3 1.125 1.16672
1.3 3.375 1.23486
1.3 5.625 1.21863
1.3 7.875 1.2564
1.3 10.125 1.29536
1.3 12.375 1.28016
1.3 14.625 1.37989
1.3 16.875 1.46489
1.3 19.125 1.42553
1.3 21.375 1.57348
1.3 23.625 1.51244
1.3 25.875 1.59913
1.3 28.125 1.78042
1.3 30.375 1.93389
1.3 32.625 1.9368
1.3 34.875 2.02898
1.3 37.125 2.13198
1.3 39.375 2.15782
1.3 41.625 2.19239
1.3 43.875 2.19326
1.5 1.125 0.641648
1.5 3.375 0.691956
1.5 5.625 0.657274
1.5 7.875 0.670165
1.5 10.125 0.669564
1.5 12.375 0.696694
1.5 14.625 0.745773
1.5 16.875 0.759996
1.5 19.125 0.77434
1.5 21.375 0.843096
1.5 23.625 0.811866
1.5 25.875 0.889287
1.5 28.125 0.957638
1.5 30.375 1.04147
1.5 32.625 1.10454
1.5 34.875 1.18652
1.5 37.125 1.3199
1.5 39.375 1.49943
1.5 41.625 1.45621
1.5 43.875 1.58609
1.7 1.125 0.329502
1.7 3.375 0.387848
1.7 5.625 0.370129
1.7 7.875 0.384858
1.7 10.125 0.389518
1.7 12.375 0.395555
1.7 14.625 0.398544
1.7 16.875 0.423751
1.7 19.125 0.44769
1.7 21.375 0.443186
1.7 23.625 0.462602
1.7 25.875 0.488629
1.7 28.125 0.520769
1.7 30.375 0.518744
1.7 32.625 0.599281
1.7 34.875 0.668214
1.7 37.125 0.682121
1.7 39.375 0.678292
1.7 41.625 0.746305
1.7 43.875 0.80869
1.9 1.125 0.195967
1.9 3.375 0.223992
1.9 5.625 0.225894
1.9 7.875 0.231826
1.9 10.125 0.235762
1.9 12.375 0.24214
1.9 14.625 0.255265
1.9 16.875 0.258742
1.9 19.125 0.267473
1.9 21.375 0.269471
1.9 23.625 0.263757
1.9 25.875 0.28254
1.9 28.125 0.292056
1.9 30.375 0.314871
1.9 32.625 0.329638
1.9 34.875 0.35387
1.9 37.125 0.413605
1.9 39.375 0.410971
1.9 41.625 0.430148
1.9 43.875 0.460877
2.1 1.125 0.143959
2.1 3.375 0.148214
2.1 5.625 0.147435
2.1 7.875 0.156403
2.1 10.125 0.155211
2.1 12.375 0.15681
2.1 14.625 0.160377
2.1 16.875 0.161562
2.1 19.125 0.167823
2.1 21.375 0.173183
2.1 23.625 0.182406
2.1 25.875 0.180286
2.1 28.125 0.19457
2.1 30.375 0.196451
2.1 32.625 0.206137
2.1 34.875 0.229563
2.1 37.125 0.255743
2.1 39.375 0.254419
2.1 41.625 0.258704
2.1 43.875 0.261111
2.3 1.125 0.0989741
2.3 3.375 0.108223
2.3 5.625 0.109589
2.3 7.875 0.105322
2.3 10.125 0.106034
2.3 12.375 0.108169
2.3 14.625 0.110108
2.3 16.875 0.117579
2.3 19.125 0.11238
2.3 21.375 0.115925
2.3 23.625 0.120931
2.3 25.875 0.124571
2.3 28.125 0.133379
2.3 30.375 0.147384
2.3 32.625 0.145012
2.3 34.875 0.156114
2.3 37.125 0.159265
2.3 39.375 0.160727
2.3 41.625 0.168523
2.3 43.875 0.168257
2.5 1.125 0.0724796
2.5 3.375 0.0779814
2.5 5.625 0.0791362
2.5 7.875 0.0752999
2.5 10.125 0.0761949
2.5 12.375 0.0761214
2.5 14.625 0.0767533
2.5 16.875 0.0806579
2.5 19.125 0.0797021
2.5 21.375 0.0799809
2.5 23.625 0.0855903
2.5 25.875 0.0851028
2.5 28.125 0.0943676
2.5 30.375 0.10125
2.5 32.625 0.10366
2.5 34.875 0.109618
2.5 37.125 0.112131
2.5 39.375 0.112012
2.5 41.625 0.107864
2.5 43.875 0.108753
2.7 1.125 0.0607612
2.7 3.375 0.0591067
2.7 5.625 0.0599869
2.7 7.875 0.061146
2.7 10.125 0.05708
2.7 12.375 0.0609778
2.7 14.625 0.0590924
2.7 16.875 0.0622156
2.7 19.125 0.0598841
2.7 21.375 0.0624109
2.7 23.625 0.0598477
2.7 25.875 0.0655927
2.7 28.125 0.0671644
2.7 30.375 0.0728019
2.7 32.625 0.0766625
2.7 34.875 0.0743373
2.7 37.125 0.0750358
2.7 39.375 0.0759464
2.7 41.625 0.0725919
2.7 43.875 0.0771038
2.9 1.125 0.0463941
2.9 3.375 0.0455968
2.9 5.625 0.04758
2.9 7.875 0.0455904
2.9 10.125 0.0475773
2.9 12.375 0.0554502
2.9 14.625 0.0479952
2.9 16.875 0.0475257
2.9 19.125 0.0487788
2.9 21.375 0.0499593
2.9 23.625 0.0513607
2.9 25.875 0.0539051
2.9 28.125 0.0547315
2.9 30.375 0.0583244
2.9 32.625 0.0558823
2.9 34.875 0.0555786
2.9 37.125 0.0549509
2.9 39.375 0.0574
2.9 41.625 0.0558827
2.9 43.875 0.0542486
3.1 1.125 0.0381572
3.1 3.375 0.0370697
3.1 5.625 0.0392935
3.1 7.875 0.0378615
3.1 10.125 0.0364451
3.1 12.375 0.0387992
3.1 14.625 0.0374077
3.1 16.875 0.0423118
3.1 19.125 0.0388903
3.1 21.375 0.0412527
3.1 23.625 0.0412779
3.1 25.875 0.0439815
3.1 28.125 0.0449378
3.1 30.375 0.0436619
3.1 32.625 0.0465091
3.1 34.875 0.0425218
3.1 37.125 0.0433037
3.1 39.375 0.0439836
3.1 41.625 0.04297
3.1 43.875 0.0440601
3.3 1.125 0.0319113
3.3 3.375 0.0320572
3.3 5.625 0.0309977
3.3 7.875 0.0308951
3.3 10.125 0.030222
3.3 12.375 0.030069
3.3 14.625 0.0301661
3.3 16.875 0.0311472
3.3 19.125 0.0318028
3.3 21.375 0.0337455
3.3 23.625 0.0348797
3.3 25.875 0.0403153
3.3 28.125 0.0361815
3.3 30.375 0.0364287
3.3 32.625 0.0363331
3.3 34.875 0.0358363
3.3 37.125 0.0365862
3.3 39.375 0.0349424
3.3 41.625 0.0350401
3.3 43.875 0.0344761
3.5 1.125 0.0248052
3.5 3.375 0.0246295
3.5 5.625 0.0262079
3.5 7.875 0.0254141
3.5 10.125 0.0243182
3.5 12.375 0.0247736
3.5 14.625 0.0249121
3.5 16.875 0.0251725
3.5 19.125 0.0249444
3.5 21.375 0.0260817
3.5 23.625 0.0285582
3.5 25.875 0.0297459
3.5 28.125 0.0290456
3.5 30.375 0.0295441
3.5 32.625 0.0294015
3.5 34.875 0.0291023
3.5 37.125 0.0289556
3.5 39.375 0.030585
3.5 41.625 0.0303055
3.5 43.875 0.0303595
3.7 1.125 0.0213152
3.7 3.375 0.0220337
3.7 5.625 0.0228878
3.7 7.875 0.0218472
3.7 10.125 0.020569
3.7 12.375 0.0214323
3.7 14.625 0.021181
3.7 16.875 0.0195185
3.7 19.125 0.0201923
3.7 21.375 0.0224167
3.7 23.625 0.0226757
3.7 25.875 0.0246049
3.7 28.125 0.0233376
3.7 30.375 0.0241031
3.7 32.625 0.0254943
3.7 34.875 0.0250669
3.7 37.125 0.0244575
3.7 39.375 0.0242389
3.7 41.625 0.0242342
3.7 43.875 0.0250276
3.9 1.125 0.0198914
3.9 3.375 0.0186037
3.9 5.625 0.0187661
3.9 7.875 0.0190308
3.9 10.125 0.0191571
3.9 12.375 0.0183012
3.9 14.625 0.0182566
3.9 16.875 0.0192129
3.9 19.125 0.0181518
3.9 21.375 0.0203521
3.9 23.625 0.0197557
3.9 25.875 0.0187184
3.9 28.125 0.0198542
3.9 30.375 0.021254
3.9 32.625 0.019432
3.9 34.875 0.0204553
3.9 37.125 0.0197237
3.9 39.375 0.0188686
3.9 41.625 0.0210309
3.9 43.875 0.0205414
4.1 1.125 0.017181
4.1 3.375 0.015701
4.1 5.625 0.0163087
4.1 7.875 0.0156158
4.1 10.125 0.0167421
4.1 12.375 0.0161669
4.1 14.625 0.0153195
4.1 16.875 0.0169465
4.1 19.125 0.0168533
4.1 21.375 0.0170315
4.1 23.625 0.0175142
4.1 25.875 0.0170088
4.1 28.125 0.0183755
4.1 30.375 0.016421
4.1 32.625 0.0172751
4.1 34.875 0.0169054
4.1 37.125 0.0168086
4.1 39.375 0.0178432
4.1 41.625 0.0173701
4.1 43.875 0.0165662
4.3 1.125 0.0133652
4.3 3.375 0.0138779
4.3 5.625 0.0136155
4.3 7.875 0.0134412
4.3 10.125 0.0140197
4.3 12.375 0.0163778
4.3 14.625 0.0214372
4.3 16.875 0.0151303
4.3 19.125 0.0155387
4.3 21.375 0.0155324
4.3 23.625 0.0148925
4.3 25.875 0.0146233
4.3 28.125 0.0145487
4.3 30.375 0.0148116
4.3 32.625 0.0141842
4.3 34.875 0.0139696
4.3 37.125 0.0145529
4.3 39.375 0.0140822
4.3 41.625 0.0136127
4.3 43.875 0.0132936
4.5 1.125 0.0119765
4.5 3.375 0.0114439
4.5 5.625 0.0111458
4.5 7.875 0.0115285
4.5 10.125 0.0115687
4.5 12.375 0.011913
4.5 14.625 0.0120894
4.5 16.875 0.0126644
4.5 19.125 0.0129001
4.5 21.375 0.0132684
4.5 23.625 0.0125808
4.5 25.875 0.0132268
4.5 28.125 0.0121944
4.5 30.375 0.0132382
4.5 32.625 0.0120661
4.5 34.875 0.0120096
4.5 37.125 0.0112057
4.5 39.375 0.0117878
4.5 41.625 0.011474
4.5 43.875 0.0118756
4.7 1.125 0.00998004
4.7 3.375 0.0103041
4.7 5.625 0.0105731
4.7 7.875 0.0104392
4.7 10.125 0.00963084
4.7 12.375 0.0100313
4.7 14.625 0.0107319
4.7 16.875 0.0110563
4.7 19.125 0.0109074
4.7 21.375 0.0110044
4.7 23.625 0.0111115
4.7 25.875 0.0107493
4.7 28.125 0.0117457
4.7 30.375 0.0106639
4.7 32.625 0.0109554
4.7 34.875 0.0117921
4.7 37.125 0.0104528
4.7 39.375 0.0105517
4.7 41.625 0.0097677
4.7 43.875 0.00972021
4.9 1.125 0.00856405
4.9 3.375 0.00836071
4.9 5.625 0.00873636
4.9 7.875 0.00846418
4.9 10.125 0.00866347
4.9 12.375 0.00822398
4.9 14.625 0.0088413
4.9 16.875 0.00942074
4.9 19.125 0.00899981
4.9 21.375 0.00885243
4.9 23.625 0.0094699
4.9 25.875 0.00929743
4.9 28.125 0.00954304
4.9 30.375 0.00995962
4.9 32.625 0.00960541
4.9 34.875 0.00864861
4.9 37.125 0.00956534
4.9 39.375 0.00919383
4.9 41.625 0.00896151
4.9 43.875 0.00872803
5.1 1.125 0.00776345
5.1 3.375 0.0132937
5.1 5.625 0.00802622
5.1 7.875 0.00753945
5.1 10.125 0.00771308
5.1 12.375 0.00779909
5.1 14.625 0.0102729
5.1 16.875 0.00827525
5.1 19.125 0.00830617
5.1 21.375 0.00784995
5.1 23.625 0.0082785
5.1 25.875 0.0086339
5.1 28.125 0.00894766
5.1 30.375 0.00822591
5.1 32.625 0.00907308
5.1 34.875 0.00855269
5.1 37.125 0.00968939
5.1 39.375 0.00818206
5.1 41.625 0.00783158
5.1 43.875 0.00718076
5.3 1.125 0.00719028
5.3 3.375 0.0068919
5.3 5.625 0.0068101
5.3 7.875 0.00669003
5.3 10.125 0.00664642
5.3 12.375 0.00713845
5.3 14.625 0.0071029
5.3 16.875 0.00698632
5.3 19.125 0.00736268
5.3 21.375 0.00722363
5.3 23.625 0.0076972
5.3 25.875 0.00737262
5.3 28.125 0.00702753
5.3 30.375 0.00744822
5.3 32.625 0.00760781
5.3 34.875 0.0073466
5.3 37.125 0.00931442
5.3 39.375 0.00718264
5.3 41.625 0.00727103
5.3 43.875 0.00707812
5.5 1.125 0.00551179
5.5 3.375 0.00616727
5.5 5.625 0.00623312
5.5 7.875 0.00617949
5.5 10.125 0.00828479
5.5 12.375 0.0060701
5.5 14.625 0.0075915
5.5 16.875 0.00653665
5.5 19.125 0.0068385
5.5 21.375 0.00632468
5.5 23.625 0.00720889
5.5 25.875 0.00653508
5.5 28.125 0.0132296
5.5 30.375 0.00685867
5.5 32.625 0.00620815
5.5 34.875 0.00775656
5.5 37.125 0.0145525
5.5 39.375 0.00619968
5.5 41.625 0.00648643
5.5 43.875 0.00644158
5.7 1.125 0.0056506
5.7 3.375 0.00556624
5.7 5.625 0.00541054
5.7 7.875 0.00541517
5.7 10.125 0.0057833
5.7 12.375 0.00583534
5.7 14.625 0.0059016
5.7 16.875 0.00625448
5.7 19.125 0.00583927
5.7 21.375 0.00586048
5.7 23.625 0.00599554
5.7 25.875 0.011232
5.7 28.125 0.0116588
5.7 30.375 0.00569773
5.7 32.625 0.00583372
5.7 34.875 0.00641104
5.7 37.125 0.0060815
5.7 39.375 0.00580312
5.7 41.625 0.0119279
5.7 43.875 0.00595365
5.9 1.125 0.00485709
5.9 3.375 0.0106362
5.9 5.625 0.00504369
5.9 7.875 0.00437086
5.9 10.125 0.00521696
5.9 12.375 0.0051267
5.9 14.625 0.00547175
5.9 16.875 0.0054096
5.9 19.125 0.00539337
5.9 21.375 0.00557841
5.9 23.625 0.00522265
5.9 25.875 0.00538711
5.9 28.125 0.00509383
5.9 30.375 0.00538348
5.9 32.625 0.00532799
5.9 34.875 0.00559499
5.9 37.125 0.00511244
5.9 39.375 0.00538049
5.9 41.625 0.0051353
5.9 43.875 0.00538597
6.1 1.125 0.00496648
6.1 3.375 0.00437906
6.1 5.625 0.00434741
6.1 7.875 0.0112721
6.1 10.125 0.00445873
6.1 12.375 0.00432052
6.1 14.625 0.00471614
6.1 16.875 0.00632833
6.1 19.125 0.005888
6.1 21.375 0.00483935
6.1 23.625 0.00476113
6.1 25.875 0.00509592
6.1 28.125 0.00508233
6.1 30.375 0.00485034
6.1 32.625 0.00466572
6.1 34.875 0.00471422
6.1 37.125 0.00496782
6.1 39.375 0.00505849
6.1 41.625 0.00483036
6.1 43.875 0.00466918
6.3 1.125 0.00478077
6.3 3.375 0.00434994
6.3 5.625 0.00504464
6.3 7.875 0.00439155
6.3 10.125 0.00408588
6.3 12.375 0.00443155
6.3 14.625 0.00456051
6.3 16.875 0.00468029
6.3 19.125 0.00460026
6.3 21.375 0.00448379
6.3 23.625 0.00458721
6.3 25.875 0.00423479
6.3 28.125 0.00426768
6.3 30.375 0.00460765
6.3 32.625 0.00413514
6.3 34.875 0.00432189
6.3 37.125 0.00464425
6.3 39.375 0.00469146
6.3 41.625 0.00429339
6.3 43.875 0.00473042
6.5 1.125 0.0100442
6.5 3.375 0.00395307
6.5 5.625 0.00408172
6.5 7.875 0.00418243
6.5 10.125 0.00407195
6.5 12.375 0.00448201
6.5 14.625 0.00443058
6.5 16.875 0.00429499
6.5 19.125 0.00433657
6.5 21.375 0.00423812
6.5 23.625 0.00426145
6.5 25.875 0.00425899
6.5 28.125 0.00430479
6.5 30.375 0.00403703
6.5 32.625 0.00454218
6.5 34.875 0.00467167
6.5 37.125 0.00422617
6.5 39.375 0.00416602
6.5 41.625 0.0047772
6.5 43.875 0.00404648
6.7 1.125 0.00396296
6.7 3.375 0.00381292
6.7 5.625 0.00399653
6.7 7.875 0.00377368
6.7 10.125 0.00410906
6.7 12.375 0.00382378
6.7 14.625 0.00414568
6.7 16.875 0.00405827
6.7 19.125 0.00383365
6.7 21.375 0.00402928
6.7 23.625 0.00440358
6.7 25.875 0.00390818
6.7 28.125 0.00365765
6.7 30.375 0.0039448
6.7 32.625 0.00392033
6.7 34.875 0.00377413
6.7 37.125 0.00404186
6.7 39.375 0.0039685
6.7 41.625 0.00376145
6.7 43.875 0.00376328
6.9 1.125 0.00422184
6.9 3.375 0.00368264
6.9 5.625 0.00841759
6.9 7.875 0.00377397
6.9 10.125 0.00378186
6.9 12.375 0.00379576
6.9 14.625 0.00374471
6.9 16.875 0.00375063
6.9 19.125 0.00399651
6.9 21.375 0.0101451
6.9 23.625 0.00346433
6.9 25.875 0.0110266
6.9 28.125 0.00430054
6.9 30.375 0.00346341
6.9 32.625 0.00359886
6.9 34.875 0.00373829
6.9 37.125 0.00388094
6.9 39.375 0.00408738
6.9 41.625 0.00358637
6.9 43.875 0.00402445
7.1 1.125 0.003556
7.1 3.375 0.00313941
7.1 5.625 0.00354789
7.1 7.875 0.00328627
7.1 10.125 0.00974685
7.1 12.375 0.00392172
7.1 14.625 0.00350531
7.1 16.875 0.005535
7.1 19.125 0.00377836
7.1 21.375 0.0101959
7.1 23.625 0.00340025
7.1 25.875 0.0037798
7.1 28.125 0.00364146
7.1 30.375 0.00345231
7.1 32.625 0.00330783
7.1 34.875 0.00366
7.1 37.125 0.00935286
7.1 39.375 0.00411036
7.1 41.625 0.00360317
7.1 43.875 0.0049181
7.3 1.125 0.00356404
7.3 3.375 0.00347476
7.3 5.625 0.00328665
7.3 7.875 0.00391
7.3 10.125 0.00332677
7.3 12.375 0.00339495
7.3 14.625 0.00334139
7.3 16.875 0.0035302
7.3 19.125 0.00342217
7.3 21.375 0.00449591
7.3 23.625 0.00344878
7.3 25.875 0.00841186
7.3 28.125 0.00352131
7.3 30.375 0.00335608
7.3 32.625 0.0104741
7.3 34.875 0.00309719
7.3 37.125 0.00350068
7.3 39.375 0.00347262
7.3 41.625 0.00347062
7.3 43.875 0.0032478
7.5 1.125 0.00327829
7.5 3.375 0.0032582
7.5 5.625 0.00435769
7.5 7.875 0.00306072
7.5 10.125 0.00308666
7.5 12.375 0.00860405
7.5 14.625 0.00365276
7.5 16.875 0.00322718
7.5 19.125 0.0111556
7.5 21.375 0.00340122
7.5 23.625 0.00321473
7.5 25.875 0.00459557
7.5 28.125 0.00482209
7.5 30.375 0.00314063
7.5 32.625 0.0033514
7.5 34.875 0.00357874
7.5 37.125 0.00329768
7.5 39.375 0.00340797
7.5 41.625 0.00304081
7.5 43.875 0.00324935
7.7 1.125 0.00305519
7.7 3.375 0.00309187
7.7 5.625 0.00309067
7.7 7.875 0.00325762
7.7 10.125 0.00306868
7.7 12.375 0.00353269
7.7 14.625 0.00339254
7.7 16.875 0.00328024
7.7 19.125 0.0034044
7.7 21.375 0.00375237
7.7 23.625 0.00920427
7.7 25.875 0.00534246
7.7 28.125 0.00324946
7.7 30.375 0.00384614
7.7 32.625 0.00294814
7.7 34.875 0.00337059
7.7 37.125 0.00294894
7.7 39.375 0.00301201
7.7 41.625 0.00286689
7.7 43.875 0.00342855
7.9 1.125 0.00297619
7.9 3.375 0.00293389
7.9 5.625 0.00933308
7.9 7.875 0.00305237
7.9 10.125 0.0116527
7.9 12.375 0.00308916
7.9 14.625 0.00643076
7.9 16.875 0.00328586
7.9 19.125 0.00285093
7.9 21.375 0.00402773
7.9 23.625 0.00298002
7.9 25.875 0.00343504
7.9 28.125 0.00313102
7.9 30.375 0.00301281
7.9 32.625 0.00330597
7.9 34.875 0.00280075
7.9 37.125 0.00333892
7.9 39.375 0.00288049
7.9 41.625 0.00293073
7.9 43.875 0.00275822
8.1 1.125 0.00269621
8.1 3.375 0.00301724
8.1 5.625 0.00294878
8.1 7.875 0.00311674
8.1 10.125 0.00843872
8.1 12.375 0.00280823
8.1 14.625 0.00291752
8.1 16.875 0.00306091
8.1 19.125 0.0037536
8.1 21.375 0.00318634
8.1 23.625 0.00264337
8.1 25.875 0.00293469
8.1 28.125 0.00272326
8.1 30.375 0.00272674
8.1 32.625 0.00277995
8.1 34.875 0.00297657
8.1 37.125 0.0030889
8.1 39.375 0.00294788
8.1 41.625 0.00315612
8.1 43.875 0.00291605
8.3 1.125 0.00268975
8.3 3.375 0.00273766
8.3 5.625 0.00262077
8.3 7.875 0.00302576
8.3 10.125 0.00292506
8.3 12.375 0.00284981
8.3 14.625 0.00280315
8.3 16.875 0.00279533
8.3 19.125 0.00290328
8.3 21.375 0.00314408
8.3 23.625 0.00267971
8.3 25.875 0.00298772
8.3 28.125 0.00276754
8.3 30.375 0.00271656
8.3 32.625 0.00280104
8.3 34.875 0.00287247
8.3 37.125 0.00282571
8.3 39.375 0.00282656
8.3 41.625 0.00330564
8.3 43.875 0.00270526
8.5 1.125 0.0134796
8.5 3.375 0.00273417
8.5 5.625 0.00311071
8.5 7.875 0.00270513
8.5 10.125 0.00259519
8.5 12.375 0.00302783
8.5 14.625 0.00285408
8.5 16.875 0.00263482
8.5 19.125 0.00282515
8.5 21.375 0.0029351
8.5 23.625 0.00267251
8.5 25.875 0.0143571
8.5 28.125 0.00297682
8.5 30.375 0.00476827
8.5 32.625 0.00278695
8.5 34.875 0.00271952
8.5 37.125 0.00355993
8.5 39.375 0.00302451
8.5 41.625 0.00268658
8.5 43.875 0.00252122
8.7 1.125 0.00325362
8.7 3.375 0.00298893
8.7 5.625 0.00239342
8.7 7.875 0.00264451
8.7 10.125 0.00247092
8.7 12.375 0.00302356
8.7 14.625 0.00457293
8.7 16.875 0.00345032
8.7 19.125 0.0026202
8.7 21.375 0.00250756
8.7 23.625 0.00271459
8.7 25.875 0.00626414
8.7 28.125 0.00264602
8.7 30.375 0.0026629
8.7 32.625 0.00733208
8.7 34.875 0.00277829
8.7 37.125 0.00264427
8.7 39.375 0.00264534
8.7 41.625 0.0026132
8.7 43.875 0.0054332
8.9 1.125 0.00242501
8.9 3.375 0.00242304
8.9 5.625 0.0026737
8.9 7.875 0.00254978
8.9 10.125 0.00268822
8.9 12.375 0.00284384
8.9 14.625 0.00265361
8.9 16.875 0.00267929
8.9 19.125 0.00245244
8.9 21.375 0.00249604
8.9 23.625 0.00261138
8.9 25.875 0.00249538
8.9 28.125 0.00272939
8.9 30.375 0.00257688
8.9 32.625 0.00250217
8.9 34.875 0.00310761
8.9 37.125 0.0129063
8.9 39.375 0.00376317
8.9 41.625 0.00253041
8.9 43.875 0.00286326
9.1 1.125 0.0161731
9.1 3.375 0.00382589
9.1 5.625 0.00255054
9.1 7.875 0.00265051
9.1 10.125 0.00267189
9.1 12.375 0.00287027
9.1 14.625 0.0142226
9.1 16.875 0.00266863
9.1 19.125 0.00266726
9.1 21.375 0.00770631
9.1 23.625 0.00241926
9.1 25.875 0.00393745
9.1 28.125 0.00253434
9.1 30.375 0.00298202
9.1 32.625 0.00622635
9.1 34.875 0.00257327
9.1 37.125 0.00281384
9.1 39.375 0.00269179
9.1 41.625 0.00261158
9.1 43.875 0.00888403
9.3 1.125 0.00706248
9.3 3.375 0.00265793
9.3 5.625 0.00245125
9.3 7.875 0.00286494
9.3 10.125 0.00275779
9.3 12.375 0.00290564
9.3 14.625 0.00433279
9.3 16.875 0.00257922
9.3 19.125 0.00259475
9.3 21.375 0.00268607
9.3 23.625 0.00352594
9.3 25.875 0.00249433
9.3 28.125 0.00319112
9.3 30.375 0.00265785
9.3 32.625 0.00254485
9.3 34.875 0.00285618
9.3 37.125 0.00240095
9.3 39.375 0.00293536
9.3 41.625 0.00239312
9.3 43.875 0.00248872
9.5 1.125 0.00763753
9.5 3.375 0.00265237
9.5 5.625 0.00251337
9.5 7.875 0.00226913
9.5 10.125 0.00256064
9.5 12.375 0.00933169
9.5 14.625 0.00599912
9.5 16.875 0.00350924
9.5 19.125 0.00271819
9.5 21.375 0.00285909
9.5 23.625 0.00238519
9.5 25.875 0.0027169
9.5 28.125 0.00261884
9.5 30.375 0.00231815
9.5 32.625 0.00240966
9.5 34.875 0.0142292
9.5 37.125 0.00251209
9.5 39.375 0.00250701
9.5 41.625 0.00252542
9.5 43.875 0.0024466
9.7 1.125 0.00939281
9.7 3.375 0.00247497
9.7 5.625 0.00242943
9.7 7.875 0.00801776
9.7 10.125 0.00266502
9.7 12.375 0.00223365
9.7 14.625 0.0117258
9.7 16.875 0.0027968
9.7 19.125 0.00269936
9.7 21.375 0.00243917
9.7 23.625 0.00245787
9.7 25.875 0.00229894
9.7 28.125 0.00254583
9.7 30.375 0.00286365
9.7 32.625 0.00230657
9.7 34.875 0.00241238
9.7 37.125 0.00300668
9.7 39.375 0.00326012
9.7 41.625 0.00252844
9.7 43.875 0.00256817
9.9 1.125 0.0024398
9.9 3.375 0.00259418
9.9 5.625 0.0162554
9.9 7.875 0.00284507
9.9 10.125 0.00252529
9.9 12.375 0.0133716
9.9 14.625 0.00259797
9.9 16.875 0.00250089
9.9 19.125 0.00275942
9.9 21.375 0.00566147
9.9 23.625 0.00244358
9.9 25.875 0.00246219
9.9 28.125 0.00289981
9.9 30.375 0.00236208
9.9 32.625 0.00270626
9.9 34.875 0.00253433
9.9 37.125 0.00276162
9.9 39.375 0.00278162
9.9 41.625 0.00245541
9.9 43.875 0.00247943
10.1 1.125 0.003031
10.1 3.375 0.00247302
10.1 5.625 0.00288706
10.1 7.875 0.0062867
10.1 10.125 0.00381307
10.1 12.375 0.0023921
10.1 14.625 0.0141966
10.1 16.875 0.00280455
10.1 19.125 0.0036795
10.1 21.375 0.00237775
10.1 23.625 0.00229079
10.1 25.875 0.00271212
10.1 28.125 0.00584869
10.1 30.375 0.00237039
10.1 32.625 0.00265488
10.1 34.875 0.00287417
10.1 37.125 0.00251191
10.1 39.375 0.00277326
10.1 41.625 0.00238112
10.1 43.875 0.0023984
10.3 1.125 0.00199396
10.3 3.375 0.00289406
10.3 5.625 0.00228225
10.3 7.875 0.00237884
10.3 10.125 0.0128902
10.3 12.375 0.00220582
10.3 14.625 0.00236727
10.3 16.875 0.00228371
10.3 19.125 0.00312219
10.3 21.375 0.016938
10.3 23.625 0.0023551
10.3 25.875 0.00279281
10.3 28.125 0.0046379
10.3 30.375 0.00209711
10.3 32.625 0.00213445
10.3 34.875 0.00229077
10.3 37.125 0.00244607
10.3 39.375 0.00232863
10.3 41.625 0.002423
10.3 43.875 0.0218572
10.5 1.125 0.00211938
10.5 3.375 0.00232416
10.5 5.625 0.00288492
10.5 7.875 0.00421504
10.5 10.125 0.0139071
10.5 12.375 0.00231678
10.5 14.625 0.0026812
10.5 16.875 0.0201467
10.5 19.125 0.0165449
10.5 21.375 0.00238167
10.5 23.625 0.00233899
10.5 25.875 0.00256993
10.5 28.125 0.00216396
10.5 30.375 0.00249194
10.5 32.625 0.00262446
10.5 34.875 0.00300631
10.5 37.125 0.00237119
10.5 39.375 0.00254297
10.5 41.625 0.00379326
10.5 43.875 0.00256833
10.7 1.125 0.0033841
10.7 3.375 0.00219426
10.7 5.625 0.00395861
10.7 7.875 0.00817943
10.7 10.125 0.00283496
10.7 12.375 0.00236565
10.7 14.625 0.00534455
10.7 16.875 0.00223059
10.7 19.125 0.0023175
10.7 21.375 0.00228922
10.7 23.625 0.0195499
10.7 25.875 0.00250299
10.7 28.125 0.00279549
10.7 30.375 0.00259421
10.7 32.625 0.00209763
10.7 34.875 0.00315866
10.7 37.125 0.00587033
10.7 39.375 0.00621721
10.7 41.625 0.00261838
10.7 43.875 0.00379898
10.9 1.125 0.00414323
10.9 3.375 0.0026467
10.9 5.625 0.00358901
10.9 7.875 0.0150498
10.9 10.125 0.00232125
10.9 12.375 0.00218753
10.9 14.625 0.00230359
10.9 16.875 0.00325742
10.9 19.125 0.0183436
10.9 21.375 0.00556141
10.9 23.625 0.00252017
10.9 25.875 0.0184473
10.9 28.125 0.00256857
10.9 30.375 0.00343412
10.9 32.625 0.00813436
10.9 34.875 0.00235427
10.9 37.125 0.00376323
10.9 39.375 0.00261632
10.9 41.625 0.00244593
10.9 43.875 0.00252163
11.1 1.125 0.00251807
11.1 3.375 0.0021169
11.1 5.625 0.00235019
11.1 7.875 0.0022399
11.1 10.125 0.00354044
11.1 12.375 0.00204238
11.1 14.625 0.0155387
11.1 16.875 0.00679309
11.1 19.125 0.0143335
11.1 21.375 0.00243837
11.1 23.625 0.00688415
11.1 25.875 0.00275225
11.1 28.125 0.00225828
11.1 30.375 0.0321637
11.1 32.625 0.00244126
11.1 34.875 0.00229117
11.1 37.125 0.00234446
11.1 39.375 0.00237471
11.1 41.625 0.00243797
11.1 43.875 0.00295093
11.3 1.125 0.00249513
11.3 3.375 0.00197104
11.3 5.625 0.00233325
11.3 7.875 0.00259281
11.3 10.125 0.0022496
11.3 12.375 0.00196148
11.3 14.625 0.00263892
11.3 16.875 0.00275322
11.3 19.125 0.00441431
11.3 21.375 0.00235231
11.3 23.625 0.00223193
11.3 25.875 0.00243864
11.3 28.125 0.0154343
11.3 30.375 0.00295671
11.3 32.625 0.00242051
11.3 34.875 0.00274791
11.3 37.125 0.0025952
11.3 39.375 0.00228525
11.3 41.625 0.00254589
11.3 43.875 0.00226211
11.5 1.125 0.00345206
11.5 3.375 0.0145836
11.5 5.625 0.00200707
11.5 7.875 0.00266308
11.5 10.125 0.00224483
11.5 12.375 0.0348506
11.5 14.625 0.00242207
11.5 16.875 0.0224285
11.5 19.125 0.00253134
11.5 21.375 0.00396261
11.5 23.625 0.00224652
11.5 25.875 0.00388089
11.5 28.125 0.0153137
11.5 30.375 0.0178451
11.5 32.625 0.00218994
11.5 34.875 0.00262814
11.5 37.125 0.00235158
11.5 39.375 0.00254887
11.5 41.625 0.00322828
11.5 43.875 0.00266844
11.7 1.125 0.0195474
11.7 3.375 0.00225743
11.7 5.625 0.00221902
11.7 7.875 0.00744229
11.7 10.125 0.0288008
11.7 12.375 0.010458
11.7 14.625 0.00239264
11.7 16.875 0.00251677
11.7 19.125 0.00252462
11.7 21.375 0.00229127
11.7 23.625 0.00189081
11.7 25.875 0.00198544
11.7 28.125 0.0193091
11.7 30.375 0.00330232
11.7 32.625 0.00219881
11.7 34.875 0.00284915
11.7 37.125 0.0023323
11.7 39.375 0.00248114
11.7 41.625 0.00297424
11.7 43.875 0.00230637
11.9 1.125 0.00258404
11.9 3.375 0.00397992
11.9 5.625 0.00217155
11.9 7.875 0.00241486
11.9 10.125 0.00539742
11.9 12.375 0.00567181
11.9 14.625 0.00241223
11.9 16.875 0.00248262
11.9 19.125 0.0024029
11.9 21.375 0.00259342
11.9 23.625 0.00239528
11.9 25.875 0.0160531
11.9 28.125 0.00408778
11.9 30.375 0.00454757
11.9 32.625 0.00382056
11.9 34.875 0.0027839
11.9 37.125 0.0023141
11.9 39.375 0.00230626
11.9 41.625 0.0020705
11.9 43.875 0.00234771
12.1 1.125 0.00469604
12.1 3.375 0.00232837
12.1 5.625 0.00241382
12.1 7.875 0.00223998
12.1 10.125 0.00428185
12.1 12.375 0.00191023
12.1 14.625 0.00301259
12.1 16.875 0.00182445
12.1 19.125 0.00323852
12.1 21.375 0.00281696
12.1 23.625 0.00197173
12.1 25.875 0.00714756
12.1 28.125 0.0172056
12.1 30.375 0.0189658
12.1 32.625 0.00204017
12.1 34.875 0.0026412
12.1 37.125 0.0351891
12.1 39.375 0.00221302
12.1 41.625 0.00342243
12.1 43.875 0.00204774
12.3 1.125 0.00770198
12.3 3.375 0.00239824
12.3 5.625 0.00256827
12.3 7.875 0.0023968
12.3 10.125 0.00410029
12.3 12.375 0.0223334
12.3 14.625 0.00457115
12.3 16.875 0.00363193
12.3 19.125 0.00232093
12.3 21.375 0.0026994
12.3 23.625 0.050074
12.3 25.875 0.00223978
12.3 28.125 0.00238802
12.3 30.375 0.00229618
12.3 32.625 0.0026766
12.3 34.875 0.00182674
12.3 37.125 0.0385659
12.3 39.375 0.00258505
12.3 41.625 0.00213046
12.3 43.875 0.00230527
12.5 1.125 0.00504681
12.5 3.375 0.00310935
12.5 5.625 0.0041932
12.5 7.875 0.0142789
12.5 10.125 0.0330849
12.5 12.375 0.00227116
12.5 14.625 0.0074645
12.5 16.875 0.00214543
12.5 19.125 0.0026465
12.5 21.375 0.00484368
12.5 23.625 0.0021993
12.5 25.875 0.00295015
12.5 28.125 0.00199574
12.5 30.375 0.00279104
12.5 32.625 0.00211245
12.5 34.875 0.00255229
12.5 37.125 0.0116583
12.5 39.375 0.00293194
12.5 41.625 0.00587613
12.5 43.875 0.00452841
12.7 1.125 0.00235786
12.7 3.375 0.0020112
12.7 5.625 0.00283584
12.7 7.875 0.00271672
12.7 10.125 0.00247687
12.7 12.375 0.00225228
12.7 14.625 0.00574518
12.7 16.875 0.00180632
12.7 19.125 0.00225764
12.7 21.375 0.0323872
12.7 23.625 0.00333647
12.7 25.875 0.00247484
12.7 28.125 0.00164733
12.7 30.375 0.0771061
12.7 32.625 0.00227834
12.7 34.875 0.00277197
12.7 37.125 0.00259292
12.7 39.375 0.00238279
12.7 41.625 0.00221897
12.7 43.875 0.00197158
12.9 1.125 0.00270092
12.9 3.375 0.017869
12.9 5.625 0.0382779
12.9 7.875 0.0180759
12.9 10.125 0.00546322
12.9 12.375 0.00217412
12.9 14.625 0.00659454
12.9 16.875 0.0159002
12.9 19.125 0.00232103
12.9 21.375 0.00246037
12.9 23.625 0.00222466
12.9 25.875 0.0304584
12.9 28.125 0.0395686
12.9 30.375 0.00208671
12.9 32.625 0.00202011
12.9 34.875 0.00227601
12.9 37.125 0.00399546
12.9 39.375 0.00334855
12.9 41.625 0.00290331
12.9 43.875 0.00653509
13.1 1.125 0.00216038
13.1 3.375 0.00329888
13.1 5.625 0.00220985
13.1 7.875 0.0474839
13.1 10.125 0.00287138
13.1 12.375 0.0325325
13.1 14.625 0.00528067
13.1 16.875 0.00231734
13.1 19.125 0.00299312
13.1 21.375 0.00398261
13.1 23.625 0.00577876
13.1 25.875 0.0285492
13.1 28.125 0.00991491
13.1 30.375 0.00230539
13.1 32.625 0.00245393
13.1 34.875 0.0022963
13.1 37.125 0.00215467
13.1 39.375 0.00420943
13.1 41.625 0.00219166
13.1 43.875 0.00268219
13.3 1.125 0.00212783
13.3 3.375 0.00205264
13.3 5.625 0.0231074
13.3 7.875 0.00231755
13.3 10.125 0.00211967
13.3 12.375 0.00295246
13.3 14.625 0.0195463
13.3 16.875 0.0170495
13.3 19.125 0.00794217
13.3 21.375 0.00260885
13.3 23.625 0.0470329
13.3 25.875 0.00239026
13.3 28.125 0.00657859
13.3 30.375 0.00254995
13.3 32.625 0.00505653
13.3 34.875 0.00315324
13.3 37.125 0.00237942
13.3 39.375 0.00223727
13.3 41.625 0.0488669
13.3 43.875 0.00179112
13.5 1.125 0.00548744
13.5 3.375 0.00239706
13.5 5.625 0.0392006
13.5 7.875 0.00168922
13.5 10.125 0.00232085
13.5 12.375 0.00242323
13.5 14.625 0.00265929
13.5 16.875 0.0152089
13.5 19.125 0.00241203
13.5 21.375 0.0358953
13.5 23.625 0.0227776
13.5 25.875 0.00224263
13.5 28.125 0.00298483
13.5 30.375 0.039502
13.5 32.625 0.00221715
13.5 34.875 0.0026338
13.5 37.125 0.00279645
13.5 39.375 0.00261235
13.5 41.625 0.00226623
13.5 43.875 0.00311716
13.7 1.125 0.00212454
13.7 3.375 0.00199775
13.7 5.625 0.00232782
13.7 7.875 0.00236822
13.7 10.125 0.0717117
13.7 12.375 0.00273182
13.7 14.625 0.0026921
13.7 16.875 0.0270133
13.7 19.125 0.0391252
13.7 21.375 0.00217018
13.7 23.625 0.0592905
13.7 25.875 0.0930486
13.7 28.125 0.00232398
13.7 30.375 0.00275848
13.7 32.625 0.00229072
13.7 34.875 0.0035229
13.7 37.125 0.00241156
13.7 39.375 0.00199061
13.7 41.625 0.0021152
13.7 43.875 0.00280666
13.9 1.125 0.00331478
13.9 3.375 0.0157382
13.9 5.625 0.00358282
13.9 7.875 0.0018466
13.9 10.125 0.00268314
13.9 12.375 0.00187607
13.9 14.625 0.00266424
13.9 16.875 0.00287017
13.9 19.125 0.00289376
13.9 21.375 0.0195212
13.9 23.625 0.00298788
13.9 25.875 0.00284587
13.9 28.125 0.02417
13.9 30.375 0.0174627
13.9 32.625 0.0025821
13.9 34.875 0.00212264
13.9 37.125 0.00253897
13.9 39.375 0.00294346
13.9 41.625 0.00202249
13.9 43.875 0.00503084
