3.9958
3.8667
3.9024
3.5826
4.43223
3.39536
3.96292
3.4677
4.03144
3.77776
4.13562
3.74022
3.15253
4.72041
3.84658
3.994
3.98885
3.93339
3.96263
3.92454
3.88217
4.05134
3.57975
4.18842
4.04982
3.8838
3.98668
3.89261
3.84431
4.05793
4.47778
3.34639
3.88475
3.95295
3.99951
3.83927
3.96642
3.92143
4.13885
3.68216
4.14305
3.62033
3.85573
4.03541
3.93252
3.84005
4.03894
3.8333
3.51536
4.3821
4.30523
3.54118
3.89127
3.88932
3.97175
3.83819
3.92053
4.00716
3.96946
3.9203
3.99865
3.94416
3.84314
4.06485
4.01635
3.93778
3.98082
3.96171
3.95421
3.95461
3.74289
4.0566
3.97623
3.90691
3.91149
3.99142
3.89642
4.02596
3.86174
4.01257
3.97652
3.93827
3.70191
4.16779
3.99838
3.9478
3.95258
3.91958
3.89103
4.06936
3.96649
3.9046
4.13722
3.77234
4.00163
3.90966
4.79926
3.06369
3.86358
3.99112
3.9819
3.93687
3.84746
3.98073
3.87119
4.00272
3.94653
3.96674
3.97886
3.94142
3.95739
3.95322
3.84874
3.99101
4.55548
3.37782
3.97671
3.94647
3.84673
3.94363
3.80223
4.01842
3.97856
4.00149
3.82543
4.01099
3.85964
4.03983
4.346
3.55026
4.09333
3.80771
4.0287
3.85673
3.85252
4.05533
3.71928
4.02734
3.95418
3.84373
3.92337
3.96112
3.99273
3.80258
3.81236
4.02095
3.87962
4.00103
4.68424
3.1229
3.89859
3.90207
3.97577
3.90743
3.59321
4.27964
3.79819
4.00775
4.22955
3.638
3.98722
3.96382
3.93715
3.96879
3.84582
3.93336
3.96461
3.9656
3.90595
3.99149
4.194
3.73264
3.93004
3.96447
5.21926
2.66936
3.98336
3.84575
3.43707
4.36453
3.52039
4.37742
3.93042
3.99334
3.9989
3.79725
3.95174
3.96744
3.81663
4.0729
3.90885
3.9062
3.96026
3.91949
3.99354
3.93738
3.94143
3.92761
3.86928
4.0284
3.99356
3.8743
3.97293
3.89187
3.9967
3.87973
4.07062
3.84291
3.81748
4.12887
3.85071
4.05871
3.90393
3.98789
3.82635
4.0479
3.25675
4.59622
3.14885
4.72433
3.88751
3.9698
3.86132
3.99826
3.68472
4.17342
3.80856
3.98068
3.9041
3.99733
3.81178
4.09622
3.87054
3.98029
3.91796
3.94908
4.25945
3.61414
3.95656
3.90996
4.15895
3.73711
3.78806
4.14005
3.95191
3.94403
3.93152
3.97107
3.59068
4.17196
3.89124
4.06181
4.05911
3.58676
3.94971
3.76972
4.00194
3.8308
3.90951
3.95695
3.94812
3.91051
4.03302
3.91114
3.69317
4.12564
3.98608
3.94229
3.90798
3.89837
3.78917
4.08385
3.94502
3.93262
3.93643
4.01694
3.96419
3.9657
3.8845
3.9215
3.94109
3.94073
4.04184
3.90188
3.99004
3.93269
3.89443
4.0419
3.87763
3.97401
3.67849
4.16287
3.92191
3.98673
4.02591
3.82349
3.84605
4.01284
3.23924
4.63679
3.95802
3.8573
3.93627
3.97581
3.83054
4.04694
4.20923
3.68877
3.81296
4.03924
4.13797
3.677
3.94065
4.00736
3.95316
3.97532
3.94762
3.96375
3.93441
4.02271
4.05358
3.79537
3.90283
3.97907
3.9921
3.89268
3.56128
4.34084
3.47111
4.3547
3.54581
4.37577
4.05889
3.7931
3.92751
4.00773
3.88518
4.00113
3.55631
4.05272
4.39433
3.35046
4.19002
3.7175
3.93511
3.99979
3.99136
3.92441
4.1558
3.74095
3.83819
3.99638
3.96926
3.84921
3.96542
3.96458
3.97277
3.90274
3.77001
4.10665
3.99936
3.94468
3.98551
3.78799
3.93386
3.95965
3.88039
4.01189
4.03585
3.85873
3.89688
3.90668
3.93724
3.97676
3.99535
3.94071
3.98104
3.94188
3.90025
4.00609
4.02099
3.81855
3.55593
3.945
3.79385
4.12105
4.04574
3.78931
3.84756
4.03581
3.97422
3.9066
4.04072
3.8104
3.49007
4.431
3.46737
4.18138
4.01225
3.83295
3.78651
4.14935
3.86027
4.02915
4.48788
3.37019
4.00579
3.78172
3.90789
3.95345
3.91097
3.96457
4.54764
3.3639
4.07368
3.76179
3.89177
3.96009
3.50899
4.33542
3.93488
3.99207
3.9392
3.97228
3.69492
4.26574
3.95753
3.8887
3.7912
4.01485
4.13306
3.77883
4.5177
3.24085
4.07105
3.82501
3.86181
3.99394
3.69238
4.0318
3.29223
4.57782
3.92195
3.83544
3.77573
4.00772
4.09727
3.74959
4.06702
3.82089
3.96796
3.95092
3.94943
3.89657
3.81849
4.01265
4.00079
3.9638
3.89746
3.92683
3.73218
4.16361
3.9893
3.9236
3.93055
3.93103
4.00228
3.82937
3.89891
3.90953
3.79167
4.05011
3.98762
3.95397
3.84721
4.01486
4.08248
3.74757
4.03116
3.92792
3.82074
4.02105
4.01276
3.93801
4.04904
3.83434
3.97183
3.92648
3.69121
4.14081
4.02444
3.73586
3.90488
3.9642
2.44308
5.35098
3.66167
4.04763
3.91957
4.02518
3.78201
4.07989
4.03328
3.87124
3.78038
3.95493
4.00439
3.93011
3.96102
3.87791
3.9202
4.03908
3.95362
3.94814
3.52955
4.38158
3.88359
4.05602
3.93887
3.92262
4.02922
3.91184
4.32004
3.54824
3.13368
4.68193
2.5374
5.2896
3.83335
4.05289
3.65673
4.21143
4.01351
3.89766
3.96223
3.97283
3.81978
4.15091
3.95292
3.99371
3.94277
3.92158
3.49153
4.35496
3.95552
3.90709
3.87444
4.03501
4.04065
3.81511
3.63933
4.15196
3.19654
4.51532
3.97809
3.91835
3.87715
3.99228
3.92895
4.03357
4.04688
3.85192
3.81103
4.09557
4.08282
3.86552
3.97617
3.89513
3.9151
3.98216
3.37514
4.50344
3.98613
3.89002
3.65525
3.99811
3.92377
3.98604
3.79776
4.08516
3.82946
3.99545
3.95388
3.89178
3.67012
4.14324
4.00434
3.93586
4.0836
3.80962
3.69568
4.1163
3.79179
3.97038
3.4796
4.25447
3.91523
3.91954
3.67881
4.21063
3.96075
3.933
3.38925
4.52467
3.81313
4.09249
3.8939
4.00951
4.19035
3.64218
3.91081
3.84079
3.76916
4.11221
3.91466
4.03157
3.68686
3.98371
3.93164
3.98747
3.99256
3.96112
3.40898
4.43789
3.7921
4.09215
4.01791
3.84612
3.66746
4.25572
3.7599
4.07271
3.94315
3.89745
4.93853
2.8424
3.70061
4.16452
4.0347
3.88503
3.94959
3.97778
3.96123
3.72485
4.02571
3.84234
3.96234
3.95118
4.25737
3.61478
3.77077
4.09316
4.12494
3.7887
4.48174
3.37141
4.52118
3.27566
3.49904
4.22572
3.83202
4.02951
3.86292
3.96256
3.89497
3.93206
3.85314
3.97263
4.2179
3.68305
3.919
3.95597
4.11383
3.76655
3.99487
3.87685
3.82471
3.95904
3.88398
4.00343
3.65719
4.20473
3.92586
3.96815
3.58527
4.30709
4.02891
3.84121
4.0385
3.8501
4.05351
3.77277
3.89697
3.96424
3.91416
3.97696
3.93252
3.97377
3.8367
4.01026
4.16623
3.66647
3.89123
3.91317
3.96369
3.89711
3.91535
3.99044
3.91651
3.92815
3.95338
3.93993
3.97594
3.95615
3.50505
4.39041
3.94745
3.88235
3.95957
3.95387
3.83032
4.08646
3.68391
4.21489
3.86503
3.94248
3.96783
3.89062
4.07328
3.79531
3.95116
3.96673
3.91626
3.90218
4.07325
3.75295
3.9189
3.97004
4.15488
3.63478
3.83776
3.97761
2.7452
4.95652
3.43997
4.45969
3.79406
3.94985
4.00705
3.89595
3.94945
3.97129
3.94931
3.89407
3.92208
3.93981
3.93343
4.02247
3.96519
3.98547
4.04642
3.84305
3.87411
3.88133
3.90418
3.94317
3.92447
3.97104
3.48765
4.17681
3.86843
3.91365
3.90932
3.87379
5.36264
2.48962
3.8363
3.98566
3.90096
3.95687
3.8812
3.99353
3.80477
4.04909
3.99988
3.91786
3.90641
3.94714
4.08877
3.74001
4.05406
3.86984
3.94309
3.99381
3.94822
3.92578
3.85627
3.99658
3.91154
4.00043
3.89574
4.03864
4.03573
3.73414
3.96004
3.80911
3.94672
3.93253
3.85292
3.95899
4.01712
3.78932
3.97024
3.92353
3.75762
4.13161
3.97949
3.91016
3.74593
3.99301
3.43825
4.41994
4.02071
3.92604
4.05961
3.86077
3.71719
4.0836
3.9668
3.89276
5.10176
2.51082
4.52719
3.23119
3.92625
3.94864
3.94381
3.93476
4.28243
3.61111
3.94368
3.67366
3.84715
4.03081
3.77369
4.01006
3.93836
4.01903
3.93726
4.0168
4.04105
3.92035
4.01931
3.8438
3.94894
3.90498
3.8482
4.03248
4.5106
3.28389
4.18814
3.74116
3.92818
3.97642
3.93527
3.91048
3.93304
3.88945
3.91509
3.89965
3.96641
3.79321
3.69191
4.17827
3.91999
3.90213
3.93744
3.99941
3.94845
3.91566
3.50914
4.30697
3.99158
3.87629
4.19794
3.72247
4.19403
3.69676
3.90985
3.94724
3.97342
3.88329
3.93696
4.0109
3.95419
3.8171
3.98637
3.92787
3.80001
3.88822
3.56909
4.29839
3.95586
3.98069
4.16442
3.76229
4.2238
3.65845
3.97246
3.96653
3.9085
3.96821
3.99124
3.948
3.97597
3.88644
4.26045
3.56779
4.18191
3.64115
3.98461
3.9558
3.94993
3.97133
4.03022
3.86283
4.24577
3.61378
4.02487
3.93107
3.92041
3.92098
3.33752
4.45004
3.93591
3.89169
4.14227
3.72453
3.84824
3.99924
3.89951
3.98735
3.91655
3.92627
4.20348
3.70736
3.96117
3.91542
3.97113
3.86497
3.64128
4.04217
3.69267
4.14702
3.42394
4.39153
3.89995
3.97901
4.19652
3.69374
3.83281
4.02818
4.0775
3.85734
3.32813
4.59059
3.95657
3.98404
3.97432
3.979
3.96774
3.95822
3.78879
4.01242
3.80056
4.092
3.94111
3.99098
3.94403
3.97698
3.94054
3.94706
3.92425
3.90553
3.89872
4.03407
4.36747
3.45948
3.93152
3.91437
3.93905
3.98276
3.96597
3.93512
3.88313
3.98808
3.98461
3.95845
3.70188
4.15047
3.97649
3.87496
4.02161
3.84819
4.04566
3.50318
4.01975
3.85002
3.9183
4.02206
3.95715
3.9154
4.00387
3.95531
3.43336
4.37832
4.00958
3.87406
4.1885
3.71387
3.85269
4.03041
3.84654
3.97845
3.46811
4.18845
3.97402
3.90959
4.52317
3.41632
3.9136
3.96639
3.95122
3.93458
3.32049
4.5878
3.95944
3.91703
4.00383
3.8905
4.06044
3.84797
4.10871
3.61798
4.00337
3.86544
3.97512
3.80868
3.88101
3.92787
3.87068
3.98507
3.41552
4.40364
3.93743
3.94053
3.94017
4.01783
4.22394
3.57651
3.70599
4.2123
3.9246
3.7898
3.99905
3.9182
3.94055
4.00578
3.9424
3.86869
4.07986
3.85659
4.00106
3.76976
3.96953
3.88664
4.5146
3.24852
3.94858
3.91979
3.78573
4.08733
3.6812
4.21176
3.99817
3.87578
3.86384
4.01171
3.96786
3.87131
3.60017
4.29979
3.7175
4.20681
3.92334
4.00093
4.06127
3.83705
3.92473
3.90609
3.97545
3.96341
3.81146
4.01142
4.07328
3.82665
3.94769
3.92288
3.97237
3.8347
4.05671
3.86938
3.9879
3.91712
4.05405
3.88212
3.98748
3.94169
3.92302
4.04178
3.92155
3.97478
3.94816
3.96596
3.78205
3.96459
4.02506
3.79808
4.72812
3.08105
3.79524
4.09616
3.82292
4.03785
3.97414
3.95941
3.83271
3.94132
4.00592
3.92756
3.88236
3.95956
4.14961
3.74654
3.92872
3.93851
3.77502
4.02778
3.90731
3.93961
4.67021
3.15413
3.7913
3.91132
3.71921
4.17352
4.0187
3.90673
3.79905
3.92994
3.93465
3.76896
3.64367
4.23807
3.94665
3.89058
3.99175
3.86391
3.93017
3.96118
3.96124
3.82138
3.92815
3.98411
3.67033
4.24013
3.83046
3.92725
4.05038
3.87358
3.46702
4.42082
3.98312
3.9412
3.98864
3.85417
4.08359
3.77013
3.8978
4.02373
3.89237
4.04633
4.61987
3.15447
3.94338
4.0119
3.95196
3.90876
3.9367
3.89303
2.85098
4.78908
3.7476
4.0656
2.96028
4.81396
4.20008
3.72527
4.24579
3.66582
3.6361
4.19044
3.7648
4.09301
4.35741
3.51574
4.06006
3.88708
3.96391
3.83085
4.02784
3.80531
3.60748
4.31767
3.70653
4.13643
3.97771
3.92068
4.04528
3.35218
3.9054
3.92704
3.90134
4.00827
3.81926
4.00587
3.62452
4.17754
3.94829
3.89924
3.91068
3.95374
3.8711
3.94661
3.84523
4.01166
4.58654
3.24789
3.90807
4.00891
4.1337
3.69203
3.9265
3.78244
3.74153
3.82772
4.04528
3.72203
3.93546
3.95503
3.91726
3.9442
3.91374
3.99993
4.02292
3.87544
3.99144
3.95023
3.90771
3.98464
4.08822
3.83352
3.73529
4.09901
3.91901
3.89521
3.99356
3.91782
3.87316
3.93256
4.55812
3.20168
3.92557
3.72508
3.9784
3.89799
3.92311
3.97424
3.76633
4.09258
3.68956
4.14495
3.93317
3.94386
3.80029
4.09821
4.04136
3.81452
3.90886
3.91886
3.94853
3.938
3.9369
3.92278
3.84788
4.05338
3.98681
3.91233
4.05506
3.92576
3.81808
4.06042
3.97749
3.85325
4.03573
3.58862
4.39865
3.41186
3.85866
4.01059
3.72205
4.15247
4.0132
3.7939
3.93064
3.88689
3.40515
3.95833
3.90731
4.0099
3.83053
3.9754
3.90038
3.98206
3.81597
4.03285
3.86613
3.95652
3.87751
3.88831
3.92056
4.00654
4.85053
3.07557
3.94027
3.97651
4.03043
3.85923
3.94108
3.95641
3.87745
3.9593
3.72535
4.15695
4.29346
3.5172
4.84367
2.90005
3.96847
3.88933
3.86573
4.07758
3.94922
3.99632
3.83823
4.08192
4.03886
3.7049
3.94381
4.01827
3.91601
3.96492
3.23444
4.54753
3.90535
4.03067
3.94785
3.88626
3.99595
3.87831
3.77275
4.10229
3.85652
3.95585
3.83839
3.91969
3.77731
4.07672
3.96959
3.9279
3.61039
4.11314
3.93705
4.00445
3.90357
3.90926
3.82702
4.00331
3.75678
3.91015
3.82756
3.91791
3.05198
4.85259
4.09825
3.83436
3.29313
4.58192
3.80519
4.03318
3.78939
3.94084
3.88743
4.01872
3.59934
4.30343
4.41538
3.50971
3.9062
3.95908
3.96582
3.96925
3.99752
3.95983
3.33013
4.29612
3.90999
3.96198
3.11563
3.87097
3.80019
4.08173
4.00574
3.87511
3.89665
3.95728
3.93734
3.94105
3.98672
3.8881
3.9611
3.9367
3.85291
4.08571
4.23461
3.5364
3.96106
3.96096
3.9191
3.93885
4.48465
3.29434
4.05276
3.84418
4.20741
3.65325
3.91493
3.91857
3.83899
3.94739
3.97852
3.97244
3.98966
3.92636
4.46035
3.26166
3.82883
4.04256
3.97164
3.9933
3.83137
3.92608
3.87745
3.8358
3.96386
3.87258
3.88948
3.89596
3.98065
3.95426
3.60961
4.19097
4.05097
3.81992
3.85832
4.01802
3.97771
3.84683
3.945
3.95786
3.83027
4.00454
3.03839
4.78
3.44925
4.45053
4.02187
3.83576
4.35079
3.56206
4.62974
3.15391
3.96306
3.97227
3.88699
3.99489
3.0512
4.82567
3.93894
3.92067
3.91352
3.95311
3.79723
4.05413
3.79489
4.0539
3.48281
4.24783
3.91103
3.92267
3.71545
4.16403
3.85836
3.91668
3.23156
4.57345
3.94961
3.74361
3.91864
3.95952
3.68098
4.12148
3.97088
3.93503
3.90684
3.92747
3.85472
4.00893
3.84041
3.9497
3.8965
3.98681
3.75169
3.9781
4.00923
3.85949
3.90207
3.94871
4.26748
3.62154
4.05422
3.90258
3.98251
3.90074
3.89809
4.00656
3.96164
3.89898
4.49015
3.28007
4.6464
3.1554
3.83707
3.92883
4.07962
3.84979
3.99693
3.949
3.84657
4.03752
3.92672
4.00673
4.00113
3.8443
3.91498
3.9237
3.97009
3.95249
3.95534
3.97659
4.17678
3.71703
3.74084
4.1293
3.91641
3.97652
3.97585
3.91807
3.9397
4.00592
3.94024
3.97041
4.08859
3.75604
3.95314
3.95209
3.96231
3.93256
3.98183
3.91079
4.41012
3.36847
4.87409
2.94304
3.95988
3.87827
3.1783
4.6912
3.96696
3.91388
3.96936
3.94005
4.01582
3.88968
3.88014
3.85506
3.96546
3.99211
3.95719
3.98097
3.88635
3.94756
3.90252
4.02055
3.90572
3.86286
3.94461
3.9482
3.93075
3.91882
3.70561
4.14773
3.94589
3.94069
3.68832
4.07201
3.96838
3.70919
3.94276
3.89608
4.1846
3.68201
4.00477
3.90996
4.02264
3.9112
3.88541
3.89804
3.70732
4.20293
3.96807
3.70468
3.89483
3.93517
3.98344
3.92969
4.29213
3.59436
3.8362
4.05109
3.93912
3.94392
3.61566
4.19698
3.54881
4.27019
3.98026
3.81915
4.30755
3.56716
4.16127
3.68598
3.77437
3.92781
3.78588
4.0406
4.06392
3.81859
3.8134
4.08178
3.98772
3.85908
3.86292
4.01619
3.91493
3.97286
3.87587
4.0024
3.9708
3.94366
3.8863
4.03292
3.88859
3.95012
2.8473
5.04103
3.26096
4.55874
3.86821
3.96425
3.87446
4.06707
4.02258
3.90767
4.01051
3.6687
3.81424
3.99088
5.3174
2.5742
3.86697
3.99869
3.96275
3.93986
4.05443
3.92135
3.75399
4.18672
3.84019
4.09443
3.56287
4.31874
3.75604
4.12471
3.8952
3.96125
3.94194
3.94423
3.95758
3.9133
3.92083
3.91582
4.05491
3.86271
3.93897
3.99588
4.05402
3.80098
3.18732
4.67352
3.95505
3.94239
4.00405
3.89444
3.79393
4.01606
4.19667
3.66989
3.95367
3.88132
3.89532
3.91399
3.97245
3.90711
3.96264
3.97283
3.77278
4.12729
3.84123
4.04471
3.77366
3.88814
3.87077
3.99592
3.91594
3.85426
3.92305
3.87642
3.96783
3.94205
3.96867
3.80581
4.02625
3.88636
3.9515
3.9621
5.08225
2.7281
4.00473
3.90038
3.44304
4.45904
3.94417
3.91777
3.93824
3.8907
3.2757
4.56706
3.90421
3.93027
3.94506
3.9413
4.01957
3.86034
4.0883
3.69068
3.89906
3.92685
4.05737
3.83464
4.04229
3.89814
4.01364
3.87713
4.09734
3.71295
3.78574
3.94753
4.49224
3.42274
4.02645
3.87867
3.86947
4.01169
3.98337
3.93527
3.78139
3.94448
3.80944
4.04091
3.91294
3.8361
3.88426
4.07006
3.90967
4.01178
2.99044
4.87362
3.99929
3.83314
4.01992
3.9192
3.76812
4.0219
3.92977
4.0029
3.97868
3.84327
4.27733
3.62463
3.7137
4.11364
4.07868
3.78672
3.92602
3.95039
3.85504
3.95028
3.8963
4.038
3.95126
3.76725
3.97103
3.93648
3.86531
3.93111
3.96337
3.81571
3.67584
4.16838
3.78365
4.11342
3.9378
3.88376
3.28142
4.56911
3.50809
4.12599
3.99372
3.84988
3.79394
3.95872
3.90601
4.02946
3.14809
4.74685
4.05677
3.90196
3.79782
4.06185
3.96608
3.88647
4.39502
3.42363
4.15636
3.7713
3.89593
3.9818
4.07479
3.83916
3.67401
4.17066
3.96052
3.90376
3.9272
3.85365
3.86323
3.98646
3.8562
4.00723
3.92075
3.96258
3.98153
3.78054
3.9389
3.94226
3.91742
3.9251
3.8297
4.1226
3.95723
3.91219
3.88145
3.97778
4.00395
3.85225
4.06228
3.7734
3.92639
3.80855
4.60507
3.26914
3.82983
3.99347
3.94914
3.89233
3.56915
4.31117
3.51102
4.19874
3.51813
4.29843
3.9004
3.99806
3.9791
3.91908
3.97491
3.92895
3.93608
3.96038
3.88591
3.94761
3.88406
3.95968
3.9819
3.82618
3.89192
4.05848
4.06143
3.85089
3.87636
3.93262
3.9224
3.92368
3.78891
3.97365
3.92063
4.00986
3.9428
4.04145
3.85267
4.06266
3.95855
3.93794
3.91973
4.01187
3.85471
3.99236
3.89853
3.84319
3.91718
3.90155
3.90659
3.97623
3.81482
4.02864
4.95505
2.86988
3.91746
3.92254
3.76952
4.04432
3.92673
4.02609
4.42671
3.4154
3.87232
3.99281
3.84846
4.07423
3.88094
3.934
4.00978
3.88032
4.05475
3.85544
3.81189
4.12855
3.75776
4.18314
3.99346
3.92218
3.97222
3.93458
3.95199
3.94184
3.53009
4.23465
3.98013
3.90118
3.93876
3.91609
3.94268
3.99016
3.9336
3.90715
4.72956
2.87189
4.04876
3.88184
3.96386
3.94619
3.99654
3.89146
3.7519
4.01045
4.13632
3.74507
4.32247
3.3048
3.98172
3.84648
3.65866
4.15511
3.99938
3.82238
3.83581
3.98636
4.21796
3.50277
4.46866
3.45029
3.89538
3.98103
4.10519
3.6311
4.00456
3.8565
3.87435
3.83403
4.03854
3.73639
3.76542
4.05344
3.81183
3.93487
4.03443
3.815
4.01325
3.91673
3.96943
3.91066
3.017
4.84674
4.49241
3.38755
3.83542
4.12353
3.59745
4.29119
3.97717
3.86426
4.0586
3.8865
4.23711
3.60412
3.77155
4.11499
3.79729
4.05123
3.43396
4.43817
3.98702
3.96004
3.96625
3.86813
4.18733
3.74242
3.89728
3.96541
4.28535
3.18984
4.62102
3.22969
3.88711
3.98231
3.55924
4.31215
3.90763
3.97889
3.94499
3.99432
3.97839
3.8815
3.9519
3.92631
3.97032
3.89785
3.99807
3.88597
4.0117
3.78361
3.96514
3.79655
3.95706
3.9348
3.17306
4.6571
3.92949
4.01153
3.95101
3.92446
3.93281
3.86475
3.83452
4.07782
3.86586
4.01206
3.93321
3.89131
3.95126
3.91251
3.91821
3.8445
4.12293
3.69607
3.98036
3.83388
3.82775
4.03446
4.31467
3.65638
3.40311
4.44219
3.86011
3.98524
4.03952
3.84673
3.93494
3.88989
4.25361
3.59474
3.95157
3.94005
3.99104
3.93308
4.03858
3.86172
3.853
4.04745
3.9832
3.87553
3.56431
4.3163
3.95261
3.79022
3.93941
4.02762
3.9118
3.95321
4.00029
3.77984
3.92102
3.9899
3.98952
3.85877
3.9895
3.95068
3.91587
3.88065
4.15414
3.66669
3.96656
3.95324
3.94076
3.94474
3.88217
4.02467
3.94589
3.90877
3.73048
4.07146
4.71382
3.09349
3.85719
4.06305
4.04412
3.65254
3.97232
3.90791
3.85174
4.05842
3.92898
3.94812
3.83113
4.05163
3.93273
3.95768
3.88936
3.99147
3.93534
3.86919
3.96463
3.97781
3.778
4.11086
3.21712
4.67602
3.94272
3.99892
3.92091
3.96357
3.73407
4.13149
3.96725
3.8832
4.40183
3.40483
4.59878
3.26241
4.61069
3.28179
3.80295
4.07751
3.9418
3.9141
4.0092
3.90274
3.60945
4.0854
3.95058
3.94773
3.8502
4.03178
3.99091
3.9694
3.92791
3.97887
4.05237
3.83491
3.9222
3.91287
4.60792
3.30425
4.12097
3.71433
4.03606
3.84867
3.74504
4.04156
3.88712
4.054
3.93635
3.96294
3.87282
3.94762
5.01439
2.81997
3.72032
4.0722
3.89253
3.93394
3.88174
4.01849
4.72995
3.14026
3.82064
4.01305
3.74044
3.96034
3.98917
3.9958
4.05897
3.81901
4.29434
3.47606
3.80702
3.95581
3.9108
4.03154
3.87114
4.09613
3.90951
3.92294
3.78346
4.09637
3.77771
4.04111
3.94475
3.98145
3.91784
4.00834
3.95889
3.75891
4.09305
3.7813
4.54506
3.30917
4.05455
3.81375
3.97202
3.96801
3.99439
3.96723
3.56806
4.31488
3.92925
3.97546
4.02104
3.88312
3.97835
3.94902
3.98382
3.94785
3.85274
3.99833
3.80937
4.04839
4.16649
3.77575
4.80193
3.04073
3.98602
3.86836
3.98225
3.90804
3.98095
3.8614
3.91819
3.94913
3.97736
3.80406
3.95348
3.89249
3.93455
3.9721
3.68873
4.23098
3.89979
4.00877
3.92271
3.96693
3.79066
4.04634
3.89145
4.02406
3.92531
3.82558
4.06535
3.79065
3.54144
4.12314
3.98654
3.9111
3.87177
4.05491
3.82579
4.00753
4.08989
3.77513
3.9315
3.89076
4.1468
3.78238
4.10538
3.78701
3.9897
3.83906
4.00156
3.89551
3.8888
3.96147
4.45148
3.43014
3.89787
3.97237
3.93211
3.92677
3.97028
3.92895
3.88357
4.0597
3.88887
3.7049
4.56262
3.33804
3.96609
3.9226
3.96107
3.94548
3.9365
3.91067
4.47106
3.28577
3.94989
3.87387
3.90701
3.96494
3.6566
4.16667
3.85404
4.00959
3.96357
3.86006
4.01003
3.87755
3.92034
3.99808
3.94221
3.94146
3.80685
4.08692
3.91384
4.01227
3.5371
4.26136
3.90906
3.97557
3.87275
3.9489
3.92987
3.9828
4.09946
3.83249
3.01167
4.85264
3.53467
4.35789
3.86608
3.96747
4.25269
3.49083
3.98456
3.96891
4.09976
3.79485
5.17173
2.65805
3.96039
3.99077
4.05488
3.92393
3.91012
3.91237
3.87545
3.99539
3.90626
3.96193
3.46255
4.41982
3.92158
3.91539
3.92366
3.85931
3.9324
3.89095
3.96304
3.81476
4.14543
3.77785
3.92141
3.94466
3.83398
3.96634
3.71027
4.18341
4.26343
3.60596
3.98716
3.90971
4.30457
3.55397
3.96685
3.90805
3.95094
3.89858
3.44373
4.28377
4.06152
3.87355
3.89327
3.96657
3.99943
3.91441
3.821
3.96332
3.84946
3.95052
4.31974
3.51482
3.93836
3.9643
3.71431
4.03447
3.40036
4.40172
3.70706
4.18206
3.6916
4.25458
3.93375
3.91388
3.992
3.97311
3.91679
4.03077
3.79669
4.037
3.55992
4.25125
4.2595
3.60621
3.61374
4.18094
4.5122
3.22139
4.16147
3.73161
3.93801
3.89531
4.0306
3.72611
3.90889
3.99027
4.30006
3.53445
3.97005
3.82398
4.15089
3.75939
4.58129
3.29347
3.74259
4.01698
3.98092
3.653
3.7356
4.09356
3.93258
3.99223
3.96414
3.78819
4.05249
3.80192
4.01753
3.91355
3.89327
4.01455
4.11318
3.83163
3.91999
3.93834
3.87094
3.99294
4.09411
3.73092
3.95902
3.95316
3.80214
4.08488
3.89412
3.98162
4.03451
3.79995
4.16047
3.7355
3.91043
3.97408
3.98578
3.84899
3.74053
3.74657
4.01574
3.81637
3.97588
3.90233
3.89203
3.87881
3.87353
3.95367
3.19013
4.6078
3.65445
4.155
3.96846
3.95894
3.97078
3.88874
3.46874
4.40254
4.73811
3.11956
3.94538
3.95591
3.5189
4.3074
3.90177
3.98816
4.04234
3.84473
4.06004
3.76919
3.91878
3.95036
3.97649
3.8889
3.90061
3.99622
3.98234
3.89959
4.02068
3.79966
3.92041
3.98199
4.11559
3.72126
3.76676
4.10682
3.95562
3.9192
3.99855
3.79232
3.93404
3.92035
3.89341
3.96841
3.56883
4.24644
3.82179
4.03299
3.60262
4.00134
3.90784
3.9199
3.84023
3.97794
4.04369
3.84128
4.04388
3.88026
3.88003
3.98393
3.86144
4.04805
3.99005
3.9067
4.1846
3.60258
4.10502
3.83674
3.9863
3.98331
4.4502
3.31274
3.81677
3.93384
3.94301
3.97706
3.97511
3.94316
3.98587
3.93039
3.94485
3.88479
4.08761
3.80658
4.05924
3.75932
3.99257
3.95577
4.03157
3.87688
3.94177
3.74433
4.07299
3.81671
3.88549
4.00599
3.97977
3.94698
3.95749
3.92069
2.91153
4.6501
3.93665
3.91356
3.92629
3.84319
3.95437
3.97461
3.87002
4.01416
5.60433
2.22633
4.01008
3.844
3.81664
3.99443
2.93283
4.97323
3.87689
4.03381
3.94697
3.90397
3.92391
3.99182
3.95137
3.82044
3.97539
3.92948
3.66594
4.16531
3.88993
3.97987
3.97835
3.94457
3.89223
4.02345
4.0149
3.81719
3.93427
3.97463
3.74394
4.09369
3.98758
3.80269
3.89784
3.9866
3.89802
3.94966
3.91751
4.00803
3.98138
3.94271
3.85624
4.02094
3.97872
3.95273
3.99397
3.92484
3.8065
4.04536
4.38534
3.57024
3.96925
3.89772
3.72155
3.95803
3.84789
3.99105
3.98139
3.99579
3.88375
4.03117
3.97249
3.78297
3.59315
4.31254
3.9704
3.9299
3.9887
3.95083
3.96786
3.9547
3.88507
3.98106
3.97354
3.84774
3.94303
3.92526
3.98969
3.85406
4.09632
3.79784
3.90695
3.98055
3.89987
3.92753
3.91541
3.94875
3.98928
3.91346
3.85465
3.92684
4.45909
3.41022
3.71475
4.06749
3.1746
4.69915
3.94666
3.89589
4.00806
3.64483
4.47572
3.13592
2.78134
5.08515
3.9368
3.96906
3.91633
3.98315
4.00073
3.88148
3.85711
4.00865
3.85366
4.04316
3.8204
3.99931
3.89518
4.0521
3.91975
3.97019
3.78223
4.08986
3.98331
3.97247
3.91182
3.94981
3.8288
3.98534
3.81032
4.11511
3.95257
3.8904
3.96679
3.94495
3.9702
3.91555
3.93994
3.96738
4.0093
3.88067
3.84498
3.93255
3.688
4.16257
3.93511
3.9559
3.918
3.91872
3.96671
3.93953
3.93663
3.97773
3.8485
4.01614
4.04279
3.83829
4.51576
3.24325
4.02817
3.91144
3.90133
3.8342
5.24452
2.62731
3.6325
4.23624
3.72908
4.13174
3.84694
3.9217
3.90925
3.94383
4.29443
3.64416
4.14538
3.78792
3.76077
4.17884
3.49644
4.39983
4.03922
3.82199
4.01444
3.91547
4.08272
3.7884
3.47094
4.3393
3.96533
3.93409
3.80577
4.07345
3.93109
3.93149
3.68955
4.18684
4.0609
3.6258
3.87702
3.98937
3.88435
4.02377
3.88594
3.90442
3.97739
3.90256
4.026
3.84952
4.02251
3.89083
4.3132
3.63445
3.708
4.12114
4.46804
3.23271
4.39041
3.50669
4.00585
3.94847
3.953
3.95168
3.99656
3.91623
4.2061
3.61142
3.99571
3.91168
4.23965
3.46143
3.98522
3.90208
3.97493
3.75361
3.94038
4.03641
3.93937
4.00081
4.21099
3.67113
4.0339
3.77763
4.10737
3.75621
3.99267
3.89968
3.97899
3.92818
3.84905
3.96817
3.95994
3.95124
3.68118
4.1715
4.01302
3.93288
2.77289
5.13596
4.24544
3.67158
3.9774
3.9471
4.20835
3.69747
3.74321
4.12356
3.70818
4.23689
3.89056
3.96308
3.88469
3.94494
3.98983
3.91728
3.96486
3.93431
4.7584
3.16463
3.20318
4.65489
3.9135
3.90593
3.6451
3.96442
4.00948
3.94642
3.86023
4.06361
3.99682
3.81959
3.88771
3.93294
3.92896
3.94433
3.81503
4.04103
4.07171
3.80898
3.97138
3.95143
2.82605
5.0652
3.85993
4.02533
3.52254
4.22824
3.28496
4.53056
3.82735
3.96448
3.95602
4.00428
3.85202
4.07442
4.50845
3.27165
4.08623
3.77835
3.88182
3.93937
4.03892
3.78752
4.2322
3.69527
3.87899
3.94165
4.03943
3.88082
3.9885
3.93033
3.83258
4.08411
3.98051
3.99113
3.88348
3.92053
3.93117
3.93173
3.96054
3.95925
3.85516
4.02094
4.54701
3.35287
3.80588
4.00088
3.94708
3.92326
3.91584
3.9882
3.96947
3.89325
4.52894
3.22852
3.75813
3.90691
3.94787
3.94219
3.97304
3.82321
4.18305
3.76991
3.92143
3.8906
3.83334
4.099
3.94064
4.00011
4.06558
3.6655
3.48122
4.31043
3.92228
3.92591
3.97803
3.88104
4.01869
3.81456
3.99312
3.85299
3.98191
3.88958
3.98461
3.82446
3.8763
4.00894
4.91732
2.96063
3.37888
4.48768
4.36378
3.53732
3.95834
3.9373
3.98448
3.93635
3.91383
3.95499
4.48436
3.43808
3.95317
3.9601
3.67707
4.18625
4.1997
3.60131
3.93456
3.9853
3.883
4.05735
3.96403
3.83026
3.93351
3.97226
3.99028
3.84331
3.96338
3.92644
4.13701
3.75417
3.91853
3.96226
3.91028
3.8975
3.90527
3.93747
3.89566
3.98527
4.04962
3.7117
3.55344
4.31856
3.92888
3.80589
3.98045
3.87106
3.31962
4.52995
3.81408
3.96544
4.01572
3.92178
3.8499
3.97451
4.00665
3.84592
3.86237
3.95475
3.81368
3.95309
3.87685
4.01696
4.02202
3.79009
3.96261
3.94139
3.94931
3.96624
4.16692
3.70581
3.86944
4.00918
4.07416
3.80822
3.9188
4.0291
3.78554
4.09004
3.94796
3.99036
4.15836
3.75579
4.03159
3.83926
3.93153
3.85695
3.8173
4.03236
4.04003
3.84011
3.89617
4.04124
3.92408
3.94007
4.8714
2.65279
3.80699
4.05635
3.98802
3.90192
3.96533
3.9123
4.27418
3.45239
4.02771
3.90928
3.96954
3.85424
3.90515
3.88464
3.68632
4.06399
3.88509
3.93694
3.94603
3.92025
3.88211
3.98955
3.94641
3.89065
3.22704
4.62194
4.52733
3.3151
3.90889
3.92182
3.88685
3.88634
4.49427
3.24511
3.21468
4.55105
3.88628
4.02814
3.97422
3.91438
3.74384
4.04801
3.99135
3.9094
4.48908
3.27008
3.9975
3.92411
3.96049
3.90083
3.91324
3.95122
3.80573
4.0511
3.97893
3.94201
3.8718
3.97102
3.9017
4.00879
3.9471
3.78533
4.73914
3.14381
4.03645
3.69856
4.66585
3.20742
4.04907
3.8494
5.16222
2.71614
3.78264
4.12544
3.80196
4.07893
3.79897
4.01373
3.83708
3.85567
4.84304
3.05249
4.05531
3.80575
3.91616
3.79005
3.87257
3.96563
3.90728
3.93486
3.80329
4.04588
3.95071
3.92302
3.96459
3.93498
3.761
4.15656
4.03456
3.87517
4.00613
3.83089
3.29087
4.45334
3.91681
4.03698
3.86637
4.00664
3.47297
4.30077
4.02849
3.82605
3.92654
3.99383
4.03042
3.94414
3.9929
3.84694
3.61183
4.30678
3.97595
3.90955
3.8731
3.92796
3.96726
3.93643
3.95292
3.94858
3.96018
3.93623
3.99236
3.93583
3.96114
3.91869
3.93586
3.97574
3.72973
4.05427
3.70145
4.16678
3.95172
3.91963
3.95718
3.91685
4.25639
3.57762
3.82054
4.03195
3.40806
4.36517
4.0526
3.09332
4.07932
3.71809
3.96874
3.94219
3.83724
3.98998
3.96927
4.00852
2.91348
4.94393
3.90933
3.94896
3.93796
3.91424
4.24659
3.63571
3.54454
4.32281
3.98876
3.7414
4.01925
3.93884
3.39605
4.45846
3.89798
3.97497
4.1307
3.83897
4.04241
3.89757
3.97653
3.8859
3.88103
3.98455
4.05567
3.93748
5.29769
2.41327
3.85919
4.01417
3.90922
3.96032
2.82658
4.76219
4.01906
3.9242
3.92544
3.98332
4.32246
3.41017
3.98636
3.97759
3.8988
4.04923
4.6485
3.24978
4.0244
3.87144
3.95788
3.95688
3.93722
3.83929
4.02972
3.87753
3.80027
3.9897
3.83744
3.93924
4.31299
3.59295
3.81198
3.94737
3.8591
4.00178
4.0816
3.68712
4.04493
3.88317
3.89938
3.94411
3.98265
3.87213
4.57354
3.24407
3.98402
3.91511
3.92345
3.95155
3.70126
4.11651
3.5402
4.39722
4.54989
3.32625
3.79185
4.08133
3.90545
3.95331
3.86255
4.04346
3.9239
3.90838
3.94951
3.87646
3.51156
4.28211
3.80437
4.1022
3.93814
3.95291
3.9906
3.87092
3.8188
4.06238
4.30208
3.57088
2.39341
5.38221
4.03978
3.90939
3.89972
3.98878
3.92584
3.92462
3.792
4.04603
3.8794
3.92188
3.66021
4.01425
3.92371
3.91674
3.77055
4.09571
3.99482
3.93239
3.42713
4.40121
3.81043
3.93956
4.05776
3.84209
3.96518
3.93756
3.99114
3.89342
4.86332
3.05761
3.77835
4.05155
3.74265
4.14836
3.38755
4.52878
3.85118
3.85535
3.98925
3.94558
3.84226
3.98691
4.10304
3.61126
3.82223
4.07143
4.11341
3.78603
3.95768
3.8212
3.98234
3.99285
3.91146
3.93722
3.901
3.932
3.92001
3.98831
2.7511
5.12251
3.78677
3.98453
3.54994
4.35679
3.91435
3.85096
3.94621
3.95665
3.86191
4.00156
4.05343
3.86903
3.94362
4.00606
4.20744
3.73728
3.71244
4.20591
3.85619
4.00827
4.63324
3.111
3.90808
3.97013
4.00538
3.82478
3.9918
3.8255
4.72691
3.1745
3.91117
3.94335
3.89331
3.99054
4.00087
3.88819
3.88101
3.85252
3.5787
4.29425
3.96845
3.95935
3.9572
3.92247
3.90703
3.94813
3.92986
3.93912
3.96204
3.94581
3.94853
3.88538
3.92901
3.85393
3.965
3.82391
3.60789
4.08562
3.86967
3.95708
4.38519
3.49354
3.3629
4.5451
3.9035
3.92118
3.90403
3.91624
4.01162
3.84216
3.84373
3.89697
3.68591
4.20942
3.78498
4.03204
4.73232
3.105
3.87726
3.98959
4.54762
3.27443
3.7852
3.96027
3.54358
4.40888
3.97468
3.87745
3.09662
4.7964
3.68708
3.90171
3.98492
3.90427
3.95969
3.94391
3.85291
3.79751
4.01474
3.85176
4.46424
3.33797
3.998
3.79489
3.74837
4.00897
3.92303
3.83231
3.9337
3.95461
3.96276
3.96091
4.08377
3.86981
3.92226
3.99522
3.87958
3.96016
4.03377
3.90488
4.03954
3.93125
3.81176
4.07637
3.903
4.00494
3.95622
3.98797
3.90689
3.96401
3.9464
3.95322
3.88078
4.00195
4.00381
3.88412
3.99045
3.93642
3.9057
4.02502
3.83464
4.05145
3.95364
3.97738
3.91814
4.01056
3.95115
3.91814
4.01789
3.94398
4.06316
3.8162
3.84118
3.87083
3.50138
4.30541
3.95654
3.87014
3.92888
3.95718
3.53765
4.32413
3.52492
4.3393
4.22229
3.50328
3.85164
4.01406
3.83202
4.07801
4.02858
3.88535
3.99121
3.88726
3.71718
4.08239
4.04759
3.85061
3.88449
3.906
4.05866
3.8097
4.00761
3.89894
3.83712
3.95707
3.73007
4.09505
3.9533
3.88277
3.98246
3.80265
4.38453
3.46108
3.89992
3.79545
3.96951
3.92636
4.0058
3.85771
3.85213
4.024
3.88267
3.93886
3.92921
3.96978
3.94449
3.78838
3.89046
3.99252
4.07099
3.78154
3.82108
3.94961
3.98907
3.89166
3.57636
4.26245
3.58398
4.24357
3.90761
3.98444
3.93232
3.95745
3.81029
4.05159
3.98389
3.86987
4.09403
3.66618
3.73153
3.78958
3.50949
4.30372
3.93979
3.96331
3.98445
3.93682
3.85741
4.01649
3.90399
3.63789
3.49123
4.13362
3.79581
4.10411
4.02706
3.88837
3.74703
3.93975
3.96239
3.98648
3.93879
3.91242
4.8591
3.03032
4.03296
3.82984
3.9497
3.94409
3.72345
4.18039
4.28296
3.40015
4.14823
3.69913
4.01415
3.86985
3.89954
3.94183
3.87437
3.95207
3.87185
3.96587
3.99203
3.91659
3.86549
4.07799
4.02159
3.79148
3.90485
4.04929
3.89964
3.9571
4.10605
3.76943
3.95266
3.98535
3.80329
4.05817
3.87473
3.97177
3.72284
3.91184
4.12344
3.72209
3.86787
3.90895
3.79335
4.11132
4.28306
3.5582
3.72609
3.74897
3.88185
3.99319
3.97861
3.95836
3.68
4.10266
4.27873
3.50297
3.97781
3.92415
3.93802
3.92008
2.71183
5.18428
4.05079
3.83387
3.9161
3.93363
3.92753
3.9357
3.93898
3.88916
3.81313
4.12461
3.44617
4.41125
4.34643
3.52003
4.39208
3.36953
4.18442
3.67242
3.84663
3.95086
4.09316
3.76771
3.95691
3.88033
4.0192
3.72339
3.96038
3.96708
3.90399
4.0723
4.16599
3.77176
3.88531
3.98391
3.84607
4.04792
3.99862
3.89483
3.98194
3.94271
4.04913
3.84659
3.83257
4.03912
3.36944
4.52677
3.62046
4.32298
4.15714
3.68215
3.92778
3.94625
3.9942
3.51604
3.91937
3.87363
3.9496
3.9921
4.31537
3.563
4.08059
3.65458
3.91127
3.9781
3.99037
3.9326
3.96453
3.9545
3.8342
3.94706
4.41603
3.44419
4.17676
3.70428
3.69056
4.11646
3.68237
4.02014
3.72844
4.00807
2.98246
4.81645
3.92993
3.98313
5.61133
2.22313
3.96004
3.95574
3.93981
3.88459
3.96304
3.89231
3.69929
4.24525
3.52616
4.27192
3.83357
3.90478
3.88222
4.00128
3.81907
4.09705
4.0671
3.79252
3.60411
4.30549
4.7405
3.09434
3.97876
3.96593
3.9977
3.38155
3.84811
4.00342
4.00072
3.85799
3.8547
4.0361
3.73649
4.19421
3.41454
4.51185
3.84654
4.05552
3.96974
3.86736
3.6028
4.21393
4.12638
3.65807
3.89089
3.96097
4.18753
3.72484
3.9676
3.85339
3.8563
3.97228
3.85626
4.0004
3.95477
3.92037
3.92897
3.93659
3.97296
3.92227
3.68515
4.11947
4.40058
3.37233
3.85601
3.96567
3.91655
3.95403
3.96346
3.95503
3.92522
3.92875
4.4556
3.36594
3.9312
3.9833
3.51632
4.27473
4.12012
3.75591
3.75174
4.07157
3.9954
3.82443
4.08832
3.78751
3.91965
4.01374
3.96768
4.00427
4.22491
3.65536
3.81645
3.94719
4.09264
3.78867
3.97675
3.95125
4.00656
3.8812
3.7501
4.16133
2.87773
4.77413
3.82858
3.95622
3.9561
3.9508
4.66473
3.21927
4.21442
3.59108
3.959
3.89809
3.81147
3.93939
4.07036
3.79332
3.89681
3.95781
4.48931
3.30952
3.78934
3.96702
4.05508
3.87385
4.02648
3.85889
3.81598
4.05044
3.89559
3.87311
3.63165
4.17993
3.90225
3.92526
3.94343
3.96577
3.92242
3.89415
3.98592
3.94611
3.81893
3.93509
3.99646
3.90066
3.91648
3.9227
3.96031
3.98051
3.77114
4.10983
4.27596
3.6685
3.66233
3.88253
4.80596
3.10748
3.97229
3.87944
3.43818
4.44137
3.93689
3.90628
3.94874
3.93241
4.0424
3.8297
4.008
3.85436
3.99496
3.93
3.93944
3.96123
3.68422
3.90621
3.74369
4.08118
3.7206
4.21134
3.28118
4.64921
3.99065
3.90816
3.90618
3.98863
3.87044
3.93862
3.94793
3.98675
3.9958
3.9343
4.03685
3.89662
3.96131
3.95679
3.73793
4.14488
3.76485
3.93584
3.86305
4.0501
3.96341
3.92462
3.99028
3.77943
3.80328
3.96468
3.90227
4.01954
3.92711
3.91888
3.89064
3.92105
3.85822
3.92956
3.85144
3.82477
3.95953
4.0028
3.89647
3.99003
4.13287
3.69144
5.37368
2.40391
4.05423
3.83569
3.91239
3.96134
3.89609
3.97307
3.28373
4.61218
3.85968
3.9939
3.90883
3.88604
3.76901
4.11742
3.98791
3.96832
4.10792
3.79221
3.9304
3.93825
3.97751
3.84355
3.18821
4.65743
3.66414
4.05496
3.53996
4.38626
3.72689
4.19028
3.27885
4.55612
3.95573
3.98261
3.83283
4.03846
4.19911
3.69944
4.14285
3.74718
4.01996
3.96844
3.89267
3.99112
3.90492
3.95484
3.97852
3.96592
3.82057
4.09248
4.16293
3.70998
4.00538
3.88387
3.92851
3.9385
3.96915
3.79331
3.93789
3.90372
4.03157
3.71009
4.35465
3.55619
4.49689
3.24337
4.12642
3.75212
3.91813
3.79204
3.87033
3.97323
4.06509
3.78112
4.06039
3.84507
3.87029
4.02983
4.05566
3.83476
4.09863
3.83322
3.89645
3.88165
3.95372
3.79811
3.73897
4.15335
3.91679
3.94665
3.8129
4.07286
3.73457
4.07645
3.9353
3.94652
4.06427
3.86606
3.88377
3.89653
3.99763
3.90697
3.82971
3.92181
3.77696
4.13168
4.05354
3.84547
3.56067
4.0769
3.92711
3.9665
3.86841
4.02764
4.17309
3.66342
3.8734
3.9228
3.92599
3.98124
3.99759
3.85369
3.4311
4.42543
3.85039
4.02355
3.65272
4.16015
3.87152
4.02979
3.90157
3.90025
3.88698
3.92487
4.03387
3.86452
4.02734
3.85804
4.11401
3.67529
3.83895
3.98186
3.27905
4.61498
3.86991
3.9621
3.84018
4.05612
3.85444
3.96179
3.8342
4.05406
3.72424
4.10554
3.92132
3.95681
3.29619
4.5085
4.24985
3.64859
3.96979
3.94193
3.95929
3.9923
3.98451
3.91525
3.92202
3.97038
3.91321
3.98689
3.98508
3.83208
4.05411
3.89349
3.69907
3.96501
3.90063
4.01989
3.79338
4.06896
3.94949
3.93477
3.89939
4.08188
3.8128
4.05539
3.88496
4.02531
3.93667
3.76083
3.13152
4.74962
3.9708
3.92873
4.02399
3.69827
3.96503
3.92539
3.96657
3.92666
3.97208
3.96308
3.6831
4.08982
4.03899
3.7834
3.9217
4.02449
4.31645
3.50859
4.09768
3.68904
3.9511
3.95245
3.58503
4.20502
3.91789
3.99534
3.90702
3.93361
5.19047
2.6985
4.19183
3.61174
3.95584
3.82546
3.7213
4.1153
3.92768
3.88966
4.12023
3.65181
4.12944
3.75513
3.79426
4.06953
3.85471
3.77544
3.78104
4.10601
3.9853
3.93921
3.613
4.27215
3.89655
3.9912
4.09726
3.87792
3.71676
4.06466
4.15249
3.76106
4.0006
3.90784
3.61603
4.26232
4.07182
3.81493
3.91771
3.92016
3.86248
4.04547
4.00013
3.90942
4.024
3.90657
3.83538
3.91636
3.23646
4.61966
3.79047
4.10626
3.91233
3.81865
4.16267
3.71956
4.24815
3.66865
3.95056
3.83947
3.94459
3.97303
3.98451
3.84126
4.71135
3.14444
4.11688
3.83422
3.78434
4.14399
3.93759
3.98031
4.01225
3.84626
3.92866
3.98076
4.05687
3.7968
4.30583
3.5827
3.91151
3.92253
3.92647
3.99266
3.88662
3.99897
4.56441
3.30213
3.89546
3.99879
3.25493
4.51027
3.98076
3.97567
3.91318
3.96479
3.9004
3.91265
4.13152
3.64491
4.03398
3.84601
3.84991
3.99179
3.94834
3.97319
3.89179
4.00021
3.89085
3.96939
4.09095
3.77022
3.84163
4.04781
3.87067
4.05324
3.90709
3.9506
3.87051
3.9983
4.22338
3.59279
3.82181
4.0565
4.04533
3.76358
3.98492
3.96845
3.47357
4.27111
3.90846
3.98086
4.19653
3.63162
3.92922
3.94851
3.98645
3.92404
3.81618
4.078
3.92829
4.01239
3.94499
4.00192
3.8879
3.94135
3.93444
3.94313
3.78787
3.81257
3.67233
4.2516
3.95623
3.95482
3.83789
4.1005
3.92074
4.00475
3.96874
3.93361
3.85258
4.03058
3.97624
3.91089
4.03998
3.86256
3.9891
3.90607
3.95362
3.7794
3.89943
3.98677
4.04318
3.68394
3.88976
3.96398
4.12137
3.65358
3.40976
4.42669
3.90907
3.88699
3.68746
4.20133
3.80431
3.97764
3.99359
3.94289
3.39009
4.44368
3.85738
4.056
4.11272
3.71636
2.6841
5.1556
3.88496
3.98897
3.88308
4.03974
3.69037
4.12403
3.94467
3.97409
3.99845
3.85519
3.91769
3.97495
3.92268
3.96711
4.00397
3.87607
3.86409
4.04274
4.08977
3.85068
4.00095
3.92541
3.69114
4.12752
3.61558
4.17645
4.15381
3.7208
4.01061
3.90828
3.95432
3.9189
3.94755
3.93723
4.14489
3.69659
4.01496
3.89836
3.85542
3.8948
3.88878
3.96791
3.97224
3.9431
3.98511
3.92764
3.98775
3.91369
3.89999
3.89982
3.67391
4.22094
4.00498
3.86509
3.81774
4.03035
3.8764
3.9901
3.64433
3.91433
3.57356
4.16205
3.22059
4.53809
3.86872
3.94558
3.90206
3.99428
3.92343
3.94527
4.0662
3.76745
3.86947
3.89914
5.30629
2.54675
3.89332
3.98467
3.9567
3.87026
3.97166
3.88657
4.48991
3.33668
3.87017
3.98581
4.03199
3.79407
3.92367
3.94077
4.62483
3.17444
3.86745
3.9364
4.06204
3.87066
3.91458
3.9122
3.96436
3.93823
4.02587
3.86331
4.64071
3.24311
3.92345
3.9047
4.06885
3.82668
3.96651
3.91313
3.86872
3.99993
3.68425
4.22703
4.36944
3.43885
3.78247
3.81362
3.97507
3.97917
3.96194
3.94275
3.78784
4.07014
4.21636
3.66658
4.36311
3.50595
3.99083
3.87537
4.30116
3.58862
3.65242
4.00667
3.88762
3.98208
3.99961
3.95403
3.90696
3.97149
3.97228
3.88821
3.91737
3.91864
3.73565
4.11157
3.99194
3.93984
3.98467
3.87724
4.06687
3.82743
3.9789
3.9287
3.85389
3.95387
3.95747
3.94903
3.82924
4.05015
4.03459
3.74254
3.80344
4.05351
3.87385
3.94327
3.86301
4.05351
3.94148
3.94245
3.93026
4.00583
3.8685
3.9664
3.96816
3.88882
3.93093
3.94035
3.96506
3.87826
3.96204
3.8973
3.96166
3.89886
3.98372
3.96058
3.94563
3.86771
3.68428
4.10681
3.77235
4.12257
3.96146
3.99731
3.89058
3.9323
4.03843
3.78296
3.94839
3.96061
4.01884
3.80403
4.0091
3.90737
3.73045
4.1667
3.96439
3.95351
3.8663
3.97055
3.98656
3.92792
3.91507
3.94354
3.99761
3.86092
3.97621
3.94407
3.93164
3.97856
4.74814
3.05878
3.96251
3.98385
3.82663
3.98919
3.83457
4.00819
3.79667
4.05743
3.87896
4.04032
3.88127
4.00779
3.42251
4.47954
3.88826
4.01811
3.88044
4.05432
4.88194
2.93646
3.94985
3.90029
3.53114
4.28505
3.71647
4.14268
3.948
3.97835
2.94144
4.61833
3.92661
3.93803
3.92491
3.95896
3.90577
3.96893
3.87942
3.801
3.95759
3.95736
3.77027
4.04473
4.01849
3.85393
3.8553
4.0144
3.90647
3.90964
3.9936
3.96486
4.89646
2.89055
3.96013
3.87974
3.95424
3.98077
3.93203
3.87692
4.03684
3.58911
3.4928
4.40953
3.85506
3.9753
3.89535
3.97938
4.10916
3.83845
3.80433
4.07405
4.01676
3.89008
4.08607
3.7351
3.96951
3.73159
4.20251
3.68032
3.9567
3.9409
4.51158
3.3251
3.63543
4.2859
3.45031
4.32037
3.97917
3.59371
3.9624
3.93438
3.08864
4.78971
3.96664
3.94389
3.95627
3.88018
3.96043
4.02498
3.97417
3.97806
3.88969
3.97671
3.93838
3.9503
3.95736
3.90076
3.98375
3.81509
3.99776
3.84458
3.67403
4.19464
3.98213
3.93578
4.00375
3.7704
4.01401
3.87417
3.77424
4.0544
3.8672
4.05488
3.70894
4.17639
3.50926
4.39514
2.79807
4.55927
3.87931
4.05342
3.81092
3.95206
3.97288
3.8
3.88948
4.04962
3.95822
3.96688
4.52114
3.01968
3.98717
3.80392
3.44096
4.4062
3.98819
3.86313
4.23179
3.56264
4.52191
3.26999
3.87565
4.03445
4.11476
3.72778
3.99215
3.94177
4.19541
3.7239
3.9841
3.84905
4.04047
3.88811
3.77704
4.09765
3.87103
4.03258
3.87602
3.95738
3.91746
3.94534
3.94422
3.96738
3.92244
3.97968
4.207
3.61155
3.93676
3.96623
3.57445
4.31373
3.92912
3.97171
4.9004
2.8204
3.82041
4.08986
4.00734
3.98871
4.07137
3.8061
3.90782
3.96184
3.95614
3.99363
3.71565
4.12433
3.94266
3.9674
3.96962
3.90042
4.9768
2.89912
3.87574
4.04573
3.92916
4.01329
4.06931
3.79055
3.95185
3.95073
3.96641
3.99806
4.03211
3.87185
3.90101
3.71432
3.88667
4.02374
2.73633
5.06746
3.94047
3.97601
3.6097
4.0583
3.82128
4.04065
3.82371
4.02847
4.18925
3.65153
4.16476
3.71476
3.87312
3.82967
3.94984
3.99418
3.96841
3.89171
4.18103
3.57826
3.69534
3.99865
3.98407
3.91785
3.91695
3.89899
3.67858
4.13513
3.93408
3.89495
3.99789
3.94112
3.92438
3.96424
3.94754
3.97536
4.20813
3.61363
3.97778
3.9331
3.88408
3.97506
3.92546
4.00891
3.79798
4.11083
2.854
4.91784
4.57642
3.34945
3.80953
4.04951
3.8206
4.05732
3.94651
3.79324
3.95278
3.93674
3.96893
3.94705
3.95863
3.89629
3.85417
3.97312
3.87969
4.02779
4.19881
3.67392
3.98508
3.94963
4.09321
3.7682
3.96693
3.90272
3.92236
3.92493
3.89313
4.03864
3.43486
4.42063
3.48213
4.41853
3.92649
3.90345
3.73731
3.99765
3.97244
3.93798
3.73973
4.10599
3.57806
4.26399
3.92353
3.87464
3.94232
3.97992
4.22022
3.6778
3.89497
3.97249
4.04772
3.75399
3.8344
4.01002
3.87447
4.03479
3.62056
4.23583
4.02627
3.8726
3.551
4.2984
4.12206
3.62556
3.95094
3.96284
3.21925
4.53918
4.22313
3.74646
3.9193
4.0039
4.17558
3.61598
3.73159
4.11845
3.96936
3.88787
4.04605
3.88576
4.07364
3.82534
3.94805
3.97048
4.11234
3.82112
3.97951
3.74739
3.97089
3.72665
2.9458
4.87889
3.96877
3.92421
