0.1 1.125 2.03873
0.1 3.375 2.48619
0.1 5.625 2.91916
0.1 7.875 2.47547
0.1 10.125 2.06338
0.1 12.375 1.88258
0.1 14.625 2.39274
0.1 16.875 2.3873
0.1 19.125 1.85751
0.1 21.375 2.09402
0.1 23.625 1.61009
0.1 25.875 2.44497
0.1 28.125 0.85826
0.1 30.375 1.4842
0.1 32.625 2.59874
0.1 34.875 1.31194
0.1 37.125 2.89791
0.1 39.375 2.13644
0.1 41.625 2.48395
0.1 43.875 2.35801
0.3 1.125 2.87238
0.3 3.375 2.60621
0.3 5.625 2.57086
0.3 7.875 2.85543
0.3 10.125 2.65841
0.3 12.375 2.87237
0.3 14.625 2.85085
0.3 16.875 2.83371
0.3 19.125 2.5463
0.3 21.375 2.87051
0.3 23.625 2.85156
0.3 25.875 2.85445
0.3 28.125 2.80195
0.3 30.375 2.71657
0.3 32.625 2.88808
0.3 34.875 2.7184
0.3 37.125 2.78671
0.3 39.375 2.86851
0.3 41.625 2.87944
0.3 43.875 2.88522
0.5 1.125 2.50406
0.5 3.375 2.61373
0.5 5.625 2.63256
0.5 7.875 2.70277
0.5 10.125 2.81139
0.5 12.375 2.72681
0.5 14.625 2.8145
0.5 16.875 2.81107
0.5 19.125 2.82426
0.5 21.375 2.82205
0.5 23.625 2.69842
0.5 25.875 2.78661
0.5 28.125 2.82498
0.5 30.375 2.81946
0.5 32.625 2.74354
0.5 34.875 2.81559
0.5 37.125 2.73305
0.5 39.375 2.71347
0.5 41.625 2.81822
0.5 43.875 2.78694
0.7 1.125 2.65411
0.7 3.375 2.60245
0.7 5.625 2.66745
0.7 7.875 2.65824
0.7 10.125 2.66832
0.7 12.375 2.67937
0.7 14.625 2.68042
0.7 16.875 2.64179
0.7 19.125 2.69698
0.7 21.375 2.71189
0.7 23.625 2.69451
0.7 25.875 2.6723
0.7 28.125 2.7023
0.7 30.375 2.66727
0.7 32.625 2.69763
0.7 34.875 2.68113
0.7 37.125 2.67306
0.7 39.375 2.71474
0.7 41.625 2.687
0.7 43.875 2.5566
0.9 1.125 2.34839
0.9 3.375 2.38895
0.9 5.625 2.44031
0.9 7.875 2.41239
0.9 10.125 2.38041
0.9 12.375 2.47883
0.9 14.625 2.49069
0.9 16.875 2.49187
0.9 19.125 2.41291
0.9 21.375 2.49737
0.9 23.625 2.49224
0.9 25.875 2.50019
0.9 28.125 2.54416
0.9 30.375 2.53535
0.9 32.625 2.57567
0.9 34.875 2.55779
0.9 37.125 2.53622
0.9 39.375 2.55052
0.9 41.625 2.56996
0.9 43.875 2.58677
1.1 1.125 1.83948
1.1 3.375 1.81698
1.1 5.625 1.96989
1.1 7.875 1.9416
1.1 10.125 1.92897
1.1 12.375 1.96601
1.1 14.625 1.93932
1.1 16.875 2.00102
1.1 19.125 2.01423
1.1 21.375 2.00288
1.1 23.625 2.09505
1.1 25.875 2.15728
1.1 28.125 2.19205
1.1 30.375 2.1626
1.1 32.625 2.30173
1.1 34.875 2.31364
1.1 37.125 2.31168
1.1 39.375 2.31368
1.1 41.625 2.32941
1.1 43.875 2.31982
1.3 1.125 1.15706
1.3 3.375 1.16055
1.3 5.625 1.17958
1.3 7.875 1.22668
1.3 10.125 1.19384
1.3 12.375 1.29229
1.3 14.625 1.33574
1.3 16.875 1.29905
1.3 19.125 1.33884
1.3 21.375 1.47468
1.3 23.625 1.54623
1.3 25.875 1.59387
1.3 28.125 1.53443
1.3 30.375 1.68534
1.3 32.625 1.79015
1.3 34.875 1.88824
1.3 37.125 1.85165
1.3 39.375 1.96425
1.3 41.625 2.0055
1.3 43.875 2.00938
1.5 1.125 0.592897
1.5 3.375 0.64952
1.5 5.625 0.647564
1.5 7.875 0.677082
1.5 10.125 0.672444
1.5 12.375 0.686614
1.5 14.625 0.743642
1.5 16.875 0.774213
1.5 19.125 0.744982
1.5 21.375 0.803201
1.5 23.625 0.853285
1.5 25.875 0.885432
1.5 28.125 1.01123
1.5 30.375 1.03548
1.5 32.625 1.1659
1.5 34.875 1.22505
1.5 37.125 1.29302
1.5 39.375 1.33617
1.5 41.625 1.48309
1.5 43.875 1.60647
1.7 1.125 0.336927
1.7 3.375 0.345879
1.7 5.625 0.365038
1.7 7.875 0.357696
1.7 10.125 0.378867
1.7 12.375 0.401797
1.7 14.625 0.395214
1.7 16.875 0.389651
1.7 19.125 0.407763
1.7 21.375 0.427495
1.7 23.625 0.469706
1.7 25.875 0.473826
1.7 28.125 0.513159
1.7 30.375 0.567613
1.7 32.625 0.640039
1.7 34.875 0.6365
1.7 37.125 0.669455
1.7 39.375 0.675315
1.7 41.625 0.824771
1.7 43.875 0.855702
1.9 1.125 0.205118
1.9 3.375 0.207955
1.9 5.625 0.220104
1.9 7.875 0.223148
1.9 10.125 0.232626
1.9 12.375 0.234427
1.9 14.625 0.239218
1.9 16.875 0.24
1.9 19.125 0.251105
1.9 21.375 0.252434
1.9 23.625 0.253909
1.9 25.875 0.279499
1.9 28.125 0.291014
1.9 30.375 0.304924
1.9 32.625 0.333581
1.9 34.875 0.347485
1.9 37.125 0.383146
1.9 39.375 0.408536
1.9 41.625 0.433364
1.9 43.875 0.476489
2.1 1.125 0.128271
2.1 3.375 0.142274
2.1 5.625 0.14058
2.1 7.875 0.142738
2.1 10.125 0.144678
2.1 12.375 0.156475
2.1 14.625 0.150854
2.1 16.875 0.163076
2.1 19.125 0.164654
2.1 21.375 0.169029
2.1 23.625 0.167686
2.1 25.875 0.169148
2.1 28.125 0.182991
2.1 30.375 0.195443
2.1 32.625 0.210973
2.1 34.875 0.219228
2.1 37.125 0.227946
2.1 39.375 0.245555
2.1 41.625 0.256529
2.1 43.875 0.25771
2.3 1.125 0.0911917
2.3 3.375 0.097374
2.3 5.625 0.101412
2.3 7.875 0.100849
2.3 10.125 0.104995
2.3 12.375 0.102901
2.3 14.625 0.106459
2.3 16.875 0.109475
2.3 19.125 0.107659
2.3 21.375 0.113317
2.3 23.625 0.116335
2.3 25.875 0.133582
2.3 28.125 0.132068
2.3 30.375 0.132423
2.3 32.625 0.137759
2.3 34.875 0.147938
2.3 37.125 0.160098
2.3 39.375 0.156037
2.3 41.625 0.164107
2.3 43.875 0.159722
2.5 1.125 0.0684876
2.5 3.375 0.0760522
2.5 5.625 0.0769886
2.5 7.875 0.0739669
2.5 10.125 0.0720296
2.5 12.375 0.0700145
2.5 14.625 0.0740908
2.5 16.875 0.0787039
2.5 19.125 0.0745526
2.5 21.375 0.0756539
2.5 23.625 0.0846957
2.5 25.875 0.0827508
2.5 28.125 0.0894924
2.5 30.375 0.0986632
2.5 32.625 0.102274
2.5 34.875 0.0991559
2.5 37.125 0.105905
2.5 39.375 0.105721
2.5 41.625 0.108786
2.5 43.875 0.105463
2.7 1.125 0.0580497
2.7 3.375 0.0566156
2.7 5.625 0.0565736
2.7 7.875 0.0566411
2.7 10.125 0.0551742
2.7 12.375 0.054906
2.7 14.625 0.0532569
2.7 16.875 0.0548654
2.7 19.125 0.0558514
2.7 21.375 0.0592471
2.7 23.625 0.0622685
2.7 25.875 0.063483
2.7 28.125 0.0691328
2.7 30.375 0.0717545
2.7 32.625 0.0707261
2.7 34.875 0.0749654
2.7 37.125 0.0739728
2.7 39.375 0.0734843
2.7 41.625 0.0688156
2.7 43.875 0.0727587
2.9 1.125 0.0443259
2.9 3.375 0.0449478
2.9 5.625 0.0444802
2.9 7.875 0.0440891
2.9 10.125 0.0434317
2.9 12.375 0.0434781
2.9 14.625 0.0443646
2.9 16.875 0.0456482
2.9 19.125 0.0442546
2.9 21.375 0.0470104
2.9 23.625 0.0504135
2.9 25.875 0.0494601
2.9 28.125 0.0519106
2.9 30.375 0.0527
2.9 32.625 0.0517482
2.9 34.875 0.0506151
2.9 37.125 0.0506571
2.9 39.375 0.0510748
2.9 41.625 0.049683
2.9 43.875 0.0508069
3.1 1.125 0.03515
3.1 3.375 0.0338727
3.1 5.625 0.0347308
3.1 7.875 0.0346376
3.1 10.125 0.0343156
3.1 12.375 0.0363761
3.1 14.625 0.0357617
3.1 16.875 0.0342606
3.1 19.125 0.0370791
3.1 21.375 0.0378958
3.1 23.625 0.0399492
3.1 25.875 0.0408388
3.1 28.125 0.0426888
3.1 30.375 0.0420196
3.1 32.625 0.042498
3.1 34.875 0.041406
3.1 37.125 0.0400288
3.1 39.375 0.0396904
3.1 41.625 0.0403431
3.1 43.875 0.040668
3.3 1.125 0.0292183
3.3 3.375 0.0295384
3.3 5.625 0.0289989
3.3 7.875 0.0285945
3.3 10.125 0.0295774
3.3 12.375 0.0283024
3.3 14.625 0.0276
3.3 16.875 0.0286792
3.3 19.125 0.0287718
3.3 21.375 0.0300113
3.3 23.625 0.0317061
3.3 25.875 0.0337937
3.3 28.125 0.0337289
3.3 30.375 0.033621
3.3 32.625 0.0330636
3.3 34.875 0.0345151
3.3 37.125 0.0332884
3.3 39.375 0.0343416
3.3 41.625 0.0332323
3.3 43.875 0.032267
3.5 1.125 0.0231955
3.5 3.375 0.0235733
3.5 5.625 0.0247629
3.5 7.875 0.0228499
3.5 10.125 0.023632
3.5 12.375 0.0227649
3.5 14.625 0.0243287
3.5 16.875 0.0244247
3.5 19.125 0.0258672
3.5 21.375 0.025861
3.5 23.625 0.0254646
3.5 25.875 0.025805
3.5 28.125 0.0271398
3.5 30.375 0.0282319
3.5 32.625 0.0270462
3.5 34.875 0.0279864
3.5 37.125 0.0272584
3.5 39.375 0.0267957
3.5 41.625 0.0277643
3.5 43.875 0.0275686
3.7 1.125 0.0212407
3.7 3.375 0.0209962
3.7 5.625 0.0210093
3.7 7.875 0.0205112
3.7 10.125 0.0215177
3.7 12.375 0.026343
3.7 14.625 0.0211353
3.7 16.875 0.0191984
3.7 19.125 0.021284
3.7 21.375 0.0214123
3.7 23.625 0.0206837
3.7 25.875 0.0220956
3.7 28.125 0.0224079
3.7 30.375 0.02242
3.7 32.625 0.0217827
3.7 34.875 0.022783
3.7 37.125 0.0224923
3.7 39.375 0.0234206
3.7 41.625 0.023496
3.7 43.875 0.0217595
3.9 1.125 0.0183492
3.9 3.375 0.0183144
3.9 5.625 0.0172259
3.9 7.875 0.0178574
3.9 10.125 0.0177774
3.9 12.375 0.0162024
3.9 14.625 0.017808
3.9 16.875 0.0168823
3.9 19.125 0.0199858
3.9 21.375 0.0185715
3.9 23.625 0.0184998
3.9 25.875 0.0192191
3.9 28.125 0.0179195
3.9 30.375 0.0201727
3.9 32.625 0.0183997
3.9 34.875 0.0190741
3.9 37.125 0.0187881
3.9 39.375 0.0179016
3.9 41.625 0.0189131
3.9 43.875 0.0188422
4.1 1.125 0.0156549
4.1 3.375 0.0151229
4.1 5.625 0.0146079
4.1 7.875 0.0146978
4.1 10.125 0.0153297
4.1 12.375 0.0159996
4.1 14.625 0.0145404
4.1 16.875 0.0166079
4.1 19.125 0.0168793
4.1 21.375 0.0179435
4.1 23.625 0.0172551
4.1 25.875 0.0168842
4.1 28.125 0.0156385
4.1 30.375 0.0164311
4.1 32.625 0.0153672
4.1 34.875 0.0161586
4.1 37.125 0.0156705
4.1 39.375 0.0150075
4.1 41.625 0.0157772
4.1 43.875 0.0157369
4.3 1.125 0.0126249
4.3 3.375 0.012536
4.3 5.625 0.0128565
4.3 7.875 0.0138011
4.3 10.125 0.0131291
4.3 12.375 0.0133507
4.3 14.625 0.0138835
4.3 16.875 0.0143953
4.3 19.125 0.0149089
4.3 21.375 0.0136688
4.3 23.625 0.0144766
4.3 25.875 0.0145169
4.3 28.125 0.0144982
4.3 30.375 0.0143652
4.3 32.625 0.0148187
4.3 34.875 0.0133587
4.3 37.125 0.0133773
4.3 39.375 0.01307
4.3 41.625 0.0135537
4.3 43.875 0.0132546
4.5 1.125 0.0106796
4.5 3.375 0.0108691
4.5 5.625 0.0108798
4.5 7.875 0.0108383
4.5 10.125 0.0114791
4.5 12.375 0.0107701
4.5 14.625 0.0114971
4.5 16.875 0.0120986
4.5 19.125 0.0121545
4.5 21.375 0.0127045
4.5 23.625 0.0128416
4.5 25.875 0.0127365
4.5 28.125 0.012302
4.5 30.375 0.0120747
4.5 32.625 0.0107976
4.5 34.875 0.0116863
4.5 37.125 0.0111321
4.5 39.375 0.01471
4.5 41.625 0.0114352
4.5 43.875 0.0111886
4.7 1.125 0.0098054
4.7 3.375 0.0091517
4.7 5.625 0.0149855
4.7 7.875 0.00968303
4.7 10.125 0.00958386
4.7 12.375 0.0103585
4.7 14.625 0.0103555
4.7 16.875 0.0111015
4.7 19.125 0.0104057
4.7 21.375 0.010614
4.7 23.625 0.0104919
4.7 25.875 0.0105636
4.7 28.125 0.0108735
4.7 30.375 0.00986224
4.7 32.625 0.0103797
4.7 34.875 0.010166
4.7 37.125 0.00964961
4.7 39.375 0.00995106
4.7 41.625 0.00925329
4.7 43.875 0.00957809
4.9 1.125 0.00818344
4.9 3.375 0.00835186
4.9 5.625 0.00837036
4.9 7.875 0.00785814
4.9 10.125 0.00820842
4.9 12.375 0.00863399
4.9 14.625 0.0093469
4.9 16.875 0.00897365
4.9 19.125 0.00862557
4.9 21.375 0.0136396
4.9 23.625 0.00913451
4.9 25.875 0.00900581
4.9 28.125 0.012887
4.9 30.375 0.00869775
4.9 32.625 0.00923518
4.9 34.875 0.00943001
4.9 37.125 0.00904033
4.9 39.375 0.00867421
4.9 41.625 0.00845387
4.9 43.875 0.00808649
5.1 1.125 0.0133859
5.1 3.375 0.00731037
5.1 5.625 0.00757593
5.1 7.875 0.00743614
5.1 10.125 0.00765222
5.1 12.375 0.00792197
5.1 14.625 0.00782156
5.1 16.875 0.00839885
5.1 19.125 0.00837558
5.1 21.375 0.00783543
5.1 23.625 0.00786799
5.1 25.875 0.00762109
5.1 28.125 0.00766314
5.1 30.375 0.00805139
5.1 32.625 0.0077908
5.1 34.875 0.00820495
5.1 37.125 0.00760681
5.1 39.375 0.00737804
5.1 41.625 0.00687393
5.1 43.875 0.0080874
5.3 1.125 0.00634288
5.3 3.375 0.00689018
5.3 5.625 0.00643388
5.3 7.875 0.00649641
5.3 10.125 0.00796302
5.3 12.375 0.00650878
5.3 14.625 0.00682851
5.3 16.875 0.00744465
5.3 19.125 0.00726598
5.3 21.375 0.00750219
5.3 23.625 0.00766526
5.3 25.875 0.00715781
5.3 28.125 0.00641443
5.3 30.375 0.00658041
5.3 32.625 0.00735745
5.3 34.875 0.00712836
5.3 37.125 0.00726991
5.3 39.375 0.00659245
5.3 41.625 0.00712109
5.3 43.875 0.00747464
5.5 1.125 0.00814856
5.5 3.375 0.00598735
5.5 5.625 0.00570245
5.5 7.875 0.00584983
5.5 10.125 0.00570761
5.5 12.375 0.00602288
5.5 14.625 0.00611045
5.5 16.875 0.00619033
5.5 19.125 0.00608997
5.5 21.375 0.00642474
5.5 23.625 0.00638223
5.5 25.875 0.0060909
5.5 28.125 0.0142927
5.5 30.375 0.00700185
5.5 32.625 0.00639846
5.5 34.875 0.00625728
5.5 37.125 0.0061304
5.5 39.375 0.00601879
5.5 41.625 0.00597498
5.5 43.875 0.00671425
5.7 1.125 0.00518605
5.7 3.375 0.00506504
5.7 5.625 0.00503313
5.7 7.875 0.00528571
5.7 10.125 0.00521749
5.7 12.375 0.00533993
5.7 14.625 0.00582531
5.7 16.875 0.00578937
5.7 19.125 0.00567468
5.7 21.375 0.00678157
5.7 23.625 0.006147
5.7 25.875 0.00590141
5.7 28.125 0.00563986
5.7 30.375 0.00577379
5.7 32.625 0.005706
5.7 34.875 0.00538792
5.7 37.125 0.00593007
5.7 39.375 0.00613259
5.7 41.625 0.00584049
5.7 43.875 0.00609863
5.9 1.125 0.00482735
5.9 3.375 0.00456118
5.9 5.625 0.00504476
5.9 7.875 0.00448533
5.9 10.125 0.00613415
5.9 12.375 0.0127544
5.9 14.625 0.0050131
5.9 16.875 0.00518592
5.9 19.125 0.00533508
5.9 21.375 0.00531786
5.9 23.625 0.00773771
5.9 25.875 0.00583084
5.9 28.125 0.00512319
5.9 30.375 0.00540148
5.9 32.625 0.00526909
5.9 34.875 0.00495579
5.9 37.125 0.00483669
5.9 39.375 0.00533372
5.9 41.625 0.00482995
5.9 43.875 0.00531308
6.1 1.125 0.00453216
6.1 3.375 0.00449219
6.1 5.625 0.00403244
6.1 7.875 0.00556334
6.1 10.125 0.00437169
6.1 12.375 0.00449895
6.1 14.625 0.00663677
6.1 16.875 0.00480908
6.1 19.125 0.00453925
6.1 21.375 0.00499186
6.1 23.625 0.00465083
6.1 25.875 0.00474517
6.1 28.125 0.00475376
6.1 30.375 0.00475368
6.1 32.625 0.00481968
6.1 34.875 0.00495111
6.1 37.125 0.00508244
6.1 39.375 0.00485634
6.1 41.625 0.00451119
6.1 43.875 0.00463723
6.3 1.125 0.00421379
6.3 3.375 0.00440094
6.3 5.625 0.00417441
6.3 7.875 0.00405855
6.3 10.125 0.00414893
6.3 12.375 0.00429239
6.3 14.625 0.00516645
6.3 16.875 0.00403064
6.3 19.125 0.00456432
6.3 21.375 0.00468607
6.3 23.625 0.00422299
6.3 25.875 0.00424043
6.3 28.125 0.00464761
6.3 30.375 0.00428353
6.3 32.625 0.00489711
6.3 34.875 0.0041942
6.3 37.125 0.00436528
6.3 39.375 0.0042468
6.3 41.625 0.00663315
6.3 43.875 0.00438481
6.5 1.125 0.00393415
6.5 3.375 0.00381023
6.5 5.625 0.00426786
6.5 7.875 0.0043243
6.5 10.125 0.00393119
6.5 12.375 0.00457715
6.5 14.625 0.00404785
6.5 16.875 0.00400262
6.5 19.125 0.00406284
6.5 21.375 0.00409093
6.5 23.625 0.00415423
6.5 25.875 0.00396964
6.5 28.125 0.00406095
6.5 30.375 0.00394341
6.5 32.625 0.0039617
6.5 34.875 0.00399238
6.5 37.125 0.00392787
6.5 39.375 0.00421244
6.5 41.625 0.00420586
6.5 43.875 0.00401734
6.7 1.125 0.00384744
6.7 3.375 0.00326342
6.7 5.625 0.00470435
6.7 7.875 0.00402347
6.7 10.125 0.00399111
6.7 12.375 0.00405855
6.7 14.625 0.00367961
6.7 16.875 0.00429623
6.7 19.125 0.00387393
6.7 21.375 0.00382803
6.7 23.625 0.0038036
6.7 25.875 0.00396185
6.7 28.125 0.00396974
6.7 30.375 0.00375151
6.7 32.625 0.00371688
6.7 34.875 0.00362254
6.7 37.125 0.0038654
6.7 39.375 0.00372729
6.7 41.625 0.00372898
6.7 43.875 0.00363145
6.9 1.125 0.00343834
6.9 3.375 0.00359275
6.9 5.625 0.00793589
6.9 7.875 0.00375839
6.9 10.125 0.00370771
6.9 12.375 0.0036168
6.9 14.625 0.00362456
6.9 16.875 0.00375378
6.9 19.125 0.00356188
6.9 21.375 0.00360281
6.9 23.625 0.0037785
6.9 25.875 0.00329413
6.9 28.125 0.00354067
6.9 30.375 0.010245
6.9 32.625 0.0034996
6.9 34.875 0.00379988
6.9 37.125 0.00346309
6.9 39.375 0.0040921
6.9 41.625 0.00350221
6.9 43.875 0.00360064
7.1 1.125 0.00331207
7.1 3.375 0.0034779
7.1 5.625 0.00337142
7.1 7.875 0.00331181
7.1 10.125 0.00372434
7.1 12.375 0.00342145
7.1 14.625 0.00358609
7.1 16.875 0.00383917
7.1 19.125 0.00363476
7.1 21.375 0.00352134
7.1 23.625 0.00408673
7.1 25.875 0.00509857
7.1 28.125 0.0034589
7.1 30.375 0.00328413
7.1 32.625 0.003431
7.1 34.875 0.00340625
7.1 37.125 0.0033797
7.1 39.375 0.00402842
7.1 41.625 0.00373368
7.1 43.875 0.00329741
7.3 1.125 0.00282969
7.3 3.375 0.00337973
7.3 5.625 0.00325793
7.3 7.875 0.00328465
7.3 10.125 0.00329715
7.3 12.375 0.00354238
7.3 14.625 0.00406804
7.3 16.875 0.00361811
7.3 19.125 0.00369488
7.3 21.375 0.00353345
7.3 23.625 0.00441236
7.3 25.875 0.00345108
7.3 28.125 0.00321684
7.3 30.375 0.00315329
7.3 32.625 0.00319969
7.3 34.875 0.00316961
7.3 37.125 0.00299284
7.3 39.375 0.00349886
7.3 41.625 0.0033999
7.3 43.875 0.00333379
7.5 1.125 0.00313517
7.5 3.375 0.00278963
7.5 5.625 0.00313808
7.5 7.875 0.00336386
7.5 10.125 0.00297582
7.5 12.375 0.00407019
7.5 14.625 0.00370097
7.5 16.875 0.00328637
7.5 19.125 0.00309771
7.5 21.375 0.00331222
7.5 23.625 0.00391626
7.5 25.875 0.00328065
7.5 28.125 0.00323526
7.5 30.375 0.00307517
7.5 32.625 0.0030869
7.5 34.875 0.00295045
7.5 37.125 0.00329922
7.5 39.375 0.00310725
7.5 41.625 0.00799005
7.5 43.875 0.00360741
7.7 1.125 0.00409655
7.7 3.375 0.00806106
7.7 5.625 0.00297016
7.7 7.875 0.00298559
7.7 10.125 0.00299866
7.7 12.375 0.00314851
7.7 14.625 0.00318037
7.7 16.875 0.00305133
7.7 19.125 0.00346746
7.7 21.375 0.00316606
7.7 23.625 0.00334413
7.7 25.875 0.0029459
7.7 28.125 0.00324264
7.7 30.375 0.00308881
7.7 32.625 0.00299286
7.7 34.875 0.00328429
7.7 37.125 0.00293359
7.7 39.375 0.00326475
7.7 41.625 0.00340381
7.7 43.875 0.0030929
7.9 1.125 0.002584
7.9 3.375 0.0030747
7.9 5.625 0.00325892
7.9 7.875 0.0147882
7.9 10.125 0.00347765
7.9 12.375 0.00321415
7.9 14.625 0.0117338
7.9 16.875 0.00290986
7.9 19.125 0.0028629
7.9 21.375 0.00292026
7.9 23.625 0.00307004
7.9 25.875 0.00303845
7.9 28.125 0.00291139
7.9 30.375 0.00295366
7.9 32.625 0.00302143
7.9 34.875 0.00272461
7.9 37.125 0.00323082
7.9 39.375 0.00295807
7.9 41.625 0.00316777
7.9 43.875 0.00300079
8.1 1.125 0.00323321
8.1 3.375 0.00279881
8.1 5.625 0.0078544
8.1 7.875 0.00280702
8.1 10.125 0.00313814
8.1 12.375 0.00295395
8.1 14.625 0.00885949
8.1 16.875 0.010521
8.1 19.125 0.00349162
8.1 21.375 0.00304932
8.1 23.625 0.00255924
8.1 25.875 0.00275591
8.1 28.125 0.00280922
8.1 30.375 0.00306447
8.1 32.625 0.00271763
8.1 34.875 0.00292263
8.1 37.125 0.00279548
8.1 39.375 0.00273966
8.1 41.625 0.00318432
8.1 43.875 0.00301865
8.3 1.125 0.00261017
8.3 3.375 0.00266767
8.3 5.625 0.0027959
8.3 7.875 0.00292157
8.3 10.125 0.00271483
8.3 12.375 0.00624288
8.3 14.625 0.00255062
8.3 16.875 0.00396361
8.3 19.125 0.00263203
8.3 21.375 0.00307728
8.3 23.625 0.0026656
8.3 25.875 0.00269177
8.3 28.125 0.00539673
8.3 30.375 0.00293595
8.3 32.625 0.00269724
8.3 34.875 0.00284253
8.3 37.125 0.00291432
8.3 39.375 0.00270467
8.3 41.625 0.00292131
8.3 43.875 0.0026752
8.5 1.125 0.00274389
8.5 3.375 0.0026082
8.5 5.625 0.0026634
8.5 7.875 0.00283531
8.5 10.125 0.00272997
8.5 12.375 0.00281801
8.5 14.625 0.00268928
8.5 16.875 0.0026424
8.5 19.125 0.00263017
8.5 21.375 0.00290241
8.5 23.625 0.0035963
8.5 25.875 0.00276365
8.5 28.125 0.00269708
8.5 30.375 0.00305247
8.5 32.625 0.0025922
8.5 34.875 0.00234665
8.5 37.125 0.0028026
8.5 39.375 0.00289616
8.5 41.625 0.00290851
8.5 43.875 0.00269614
8.7 1.125 0.00408081
8.7 3.375 0.00269047
8.7 5.625 0.00652734
8.7 7.875 0.00294757
8.7 10.125 0.00850074
8.7 12.375 0.00284655
8.7 14.625 0.00289318
8.7 16.875 0.00315848
8.7 19.125 0.00266882
8.7 21.375 0.00265821
8.7 23.625 0.00275279
8.7 25.875 0.00252993
8.7 28.125 0.002591
8.7 30.375 0.0025813
8.7 32.625 0.0026887
8.7 34.875 0.0025714
8.7 37.125 0.00285923
8.7 39.375 0.00287078
8.7 41.625 0.00287562
8.7 43.875 0.00252038
8.9 1.125 0.00230818
8.9 3.375 0.00241366
8.9 5.625 0.014678
8.9 7.875 0.00264769
8.9 10.125 0.00286037
8.9 12.375 0.00248684
8.9 14.625 0.00261043
8.9 16.875 0.00253281
8.9 19.125 0.00258864
8.9 21.375 0.00242654
8.9 23.625 0.00257488
8.9 25.875 0.00262196
8.9 28.125 0.00250116
8.9 30.375 0.00265959
8.9 32.625 0.00254508
8.9 34.875 0.00263258
8.9 37.125 0.00271146
8.9 39.375 0.00274549
8.9 41.625 0.00246396
8.9 43.875 0.00258251
9.1 1.125 0.00247848
9.1 3.375 0.00259779
9.1 5.625 0.00346302
9.1 7.875 0.00253048
9.1 10.125 0.00327
9.1 12.375 0.0024577
9.1 14.625 0.00251772
9.1 16.875 0.0123962
9.1 19.125 0.00267201
9.1 21.375 0.00245846
9.1 23.625 0.00240673
9.1 25.875 0.00254887
9.1 28.125 0.00252436
9.1 30.375 0.00417605
9.1 32.625 0.00326138
9.1 34.875 0.0135713
9.1 37.125 0.00239508
9.1 39.375 0.00242496
9.1 41.625 0.00237747
9.1 43.875 0.00222925
9.3 1.125 0.00384096
9.3 3.375 0.00305273
9.3 5.625 0.00240347
9.3 7.875 0.00252839
9.3 10.125 0.00242755
9.3 12.375 0.00236695
9.3 14.625 0.00251018
9.3 16.875 0.00252588
9.3 19.125 0.00264727
9.3 21.375 0.00233966
9.3 23.625 0.00251677
9.3 25.875 0.00283465
9.3 28.125 0.00225774
9.3 30.375 0.0026875
9.3 32.625 0.00324842
9.3 34.875 0.00633736
9.3 37.125 0.00245527
9.3 39.375 0.00223343
9.3 41.625 0.00306656
9.3 43.875 0.0027075
9.5 1.125 0.00230318
9.5 3.375 0.00238521
9.5 5.625 0.002246
9.5 7.875 0.00212822
9.5 10.125 0.00259194
9.5 12.375 0.0116788
9.5 14.625 0.00239678
9.5 16.875 0.00289236
9.5 19.125 0.00236631
9.5 21.375 0.0040428
9.5 23.625 0.00280394
9.5 25.875 0.00227513
9.5 28.125 0.00274034
9.5 30.375 0.00382624
9.5 32.625 0.00250608
9.5 34.875 0.00233963
9.5 37.125 0.00233056
9.5 39.375 0.00238328
9.5 41.625 0.00244954
9.5 43.875 0.00261825
9.7 1.125 0.00286367
9.7 3.375 0.00249894
9.7 5.625 0.00814971
9.7 7.875 0.00624721
9.7 10.125 0.00238085
9.7 12.375 0.00257276
9.7 14.625 0.00339286
9.7 16.875 0.00251286
9.7 19.125 0.0108052
9.7 21.375 0.00241411
9.7 23.625 0.00292778
9.7 25.875 0.0024729
9.7 28.125 0.0113011
9.7 30.375 0.00308236
9.7 32.625 0.00251613
9.7 34.875 0.00245133
9.7 37.125 0.00246747
9.7 39.375 0.00278402
9.7 41.625 0.00254773
9.7 43.875 0.00251542
9.9 1.125 0.00223236
9.9 3.375 0.00241562
9.9 5.625 0.00231171
9.9 7.875 0.00237406
9.9 10.125 0.00272878
9.9 12.375 0.00239801
9.9 14.625 0.00245581
9.9 16.875 0.00228497
9.9 19.125 0.00225393
9.9 21.375 0.00227232
9.9 23.625 0.00228355
9.9 25.875 0.00260717
9.9 28.125 0.00248959
9.9 30.375 0.00300315
9.9 32.625 0.00257491
9.9 34.875 0.00240769
9.9 37.125 0.00237565
9.9 39.375 0.0024872
9.9 41.625 0.00225626
9.9 43.875 0.00260271
10.1 1.125 0.00243765
10.1 3.375 0.0031714
10.1 5.625 0.00252454
10.1 7.875 0.00217753
10.1 10.125 0.0031242
10.1 12.375 0.00229763
10.1 14.625 0.00384295
10.1 16.875 0.00262322
10.1 19.125 0.00229427
10.1 21.375 0.0022128
10.1 23.625 0.00226701
10.1 25.875 0.00259103
10.1 28.125 0.00255064
10.1 30.375 0.00259222
10.1 32.625 0.00225801
10.1 34.875 0.00224079
10.1 37.125 0.002452
10.1 39.375 0.0025025
10.1 41.625 0.00229524
10.1 43.875 0.00249165
10.3 1.125 0.0028125
10.3 3.375 0.00265652
10.3 5.625 0.00243552
10.3 7.875 0.00214995
10.3 10.125 0.027927
10.3 12.375 0.00225737
10.3 14.625 0.00290684
10.3 16.875 0.00243072
10.3 19.125 0.00788912
10.3 21.375 0.015116
10.3 23.625 0.00235351
10.3 25.875 0.0023835
10.3 28.125 0.00229691
10.3 30.375 0.00247718
10.3 32.625 0.00229435
10.3 34.875 0.00236998
10.3 37.125 0.00206696
10.3 39.375 0.0022584
10.3 41.625 0.00290271
10.3 43.875 0.00240268
10.5 1.125 0.00216197
10.5 3.375 0.00303632
10.5 5.625 0.00215129
10.5 7.875 0.00250457
10.5 10.125 0.002155
10.5 12.375 0.00271419
10.5 14.625 0.00238084
10.5 16.875 0.00212211
10.5 19.125 0.00239566
10.5 21.375 0.00233877
10.5 23.625 0.00211813
10.5 25.875 0.00242099
10.5 28.125 0.00286278
10.5 30.375 0.00233946
10.5 32.625 0.00212988
10.5 34.875 0.00226664
10.5 37.125 0.00249711
10.5 39.375 0.00261626
10.5 41.625 0.00210121
10.5 43.875 0.00211384
10.7 1.125 0.00218242
10.7 3.375 0.00210614
10.7 5.625 0.00358237
10.7 7.875 0.0022105
10.7 10.125 0.00267042
10.7 12.375 0.00240988
10.7 14.625 0.00225224
10.7 16.875 0.00223207
10.7 19.125 0.00210835
10.7 21.375 0.00210765
10.7 23.625 0.00263695
10.7 25.875 0.00252483
10.7 28.125 0.00242073
10.7 30.375 0.00232435
10.7 32.625 0.00231958
10.7 34.875 0.00233318
10.7 37.125 0.0023725
10.7 39.375 0.0021058
10.7 41.625 0.00242649
10.7 43.875 0.00476344
10.9 1.125 0.00203211
10.9 3.375 0.00206456
10.9 5.625 0.00242842
10.9 7.875 0.0191073
10.9 10.125 0.0025307
10.9 12.375 0.0020923
10.9 14.625 0.00263552
10.9 16.875 0.00212747
10.9 19.125 0.00218332
10.9 21.375 0.00268283
10.9 23.625 0.00459728
10.9 25.875 0.0034069
10.9 28.125 0.00206044
10.9 30.375 0.00264891
10.9 32.625 0.00250359
10.9 34.875 0.00246171
10.9 37.125 0.00883423
10.9 39.375 0.00219357
10.9 41.625 0.0207476
10.9 43.875 0.0129017
11.1 1.125 0.00211652
11.1 3.375 0.00422694
11.1 5.625 0.00243614
11.1 7.875 0.00217525
11.1 10.125 0.00197966
11.1 12.375 0.00235942
11.1 14.625 0.00233899
11.1 16.875 0.00231037
11.1 19.125 0.00232617
11.1 21.375 0.00237287
11.1 23.625 0.00195028
11.1 25.875 0.00250714
11.1 28.125 0.00265761
11.1 30.375 0.00252184
11.1 32.625 0.00227701
11.1 34.875 0.00256005
11.1 37.125 0.0020873
11.1 39.375 0.00201468
11.1 41.625 0.00230637
11.1 43.875 0.00287942
11.3 1.125 0.00242812
11.3 3.375 0.0023438
11.3 5.625 0.00227063
11.3 7.875 0.00201121
11.3 10.125 0.00252884
11.3 12.375 0.00243617
11.3 14.625 0.00202725
11.3 16.875 0.00230652
11.3 19.125 0.00218316
11.3 21.375 0.00214081
11.3 23.625 0.00220129
11.3 25.875 0.00407236
11.3 28.125 0.00289306
11.3 30.375 0.00222223
11.3 32.625 0.0027432
11.3 34.875 0.00213982
11.3 37.125 0.00219535
11.3 39.375 0.00246893
11.3 41.625 0.00283556
11.3 43.875 0.0020378
11.5 1.125 0.00177804
11.5 3.375 0.0325598
11.5 5.625 0.00236131
11.5 7.875 0.00313388
11.5 10.125 0.00243967
11.5 12.375 0.00252474
11.5 14.625 0.00748109
11.5 16.875 0.00211665
11.5 19.125 0.00239469
11.5 21.375 0.00224316
11.5 23.625 0.00208665
11.5 25.875 0.00440221
11.5 28.125 0.00223702
11.5 30.375 0.00214891
11.5 32.625 0.00302668
11.5 34.875 0.00233852
11.5 37.125 0.00211661
11.5 39.375 0.00201982
11.5 41.625 0.0186092
11.5 43.875 0.00251582
11.7 1.125 0.00259848
11.7 3.375 0.00682398
11.7 5.625 0.00197708
11.7 7.875 0.00233831
11.7 10.125 0.00215306
11.7 12.375 0.00193914
11.7 14.625 0.00442631
11.7 16.875 0.00274018
11.7 19.125 0.00264164
11.7 21.375 0.00218615
11.7 23.625 0.00190827
11.7 25.875 0.00209272
11.7 28.125 0.00232673
11.7 30.375 0.00223258
11.7 32.625 0.00242489
11.7 34.875 0.00235325
11.7 37.125 0.00217304
11.7 39.375 0.00188762
11.7 41.625 0.00216243
11.7 43.875 0.00228727
11.9 1.125 0.00181431
11.9 3.375 0.00247331
11.9 5.625 0.00236734
11.9 7.875 0.00304838
11.9 10.125 0.00220594
11.9 12.375 0.00249351
11.9 14.625 0.0024009
11.9 16.875 0.00267021
11.9 19.125 0.00217632
11.9 21.375 0.0040056
11.9 23.625 0.00180397
11.9 25.875 0.00216032
11.9 28.125 0.00206037
11.9 30.375 0.00218734
11.9 32.625 0.00218044
11.9 34.875 0.0026288
11.9 37.125 0.00227154
11.9 39.375 0.00344415
11.9 41.625 0.00222702
11.9 43.875 0.00226184
12.1 1.125 0.002339
12.1 3.375 0.0176623
12.1 5.625 0.0301549
12.1 7.875 0.00766447
12.1 10.125 0.00288083
12.1 12.375 0.00233777
12.1 14.625 0.00316548
12.1 16.875 0.00184292
12.1 19.125 0.0016207
12.1 21.375 0.00240104
12.1 23.625 0.00229404
12.1 25.875 0.00191529
12.1 28.125 0.0019862
12.1 30.375 0.00261585
12.1 32.625 0.00243575
12.1 34.875 0.00216349
12.1 37.125 0.00276286
12.1 39.375 0.00219106
12.1 41.625 0.00242558
12.1 43.875 0.001978
12.3 1.125 0.032069
12.3 3.375 0.00300496
12.3 5.625 0.00257333
12.3 7.875 0.00212698
12.3 10.125 0.00192444
12.3 12.375 0.00276795
12.3 14.625 0.00239079
12.3 16.875 0.00209306
12.3 19.125 0.00253635
12.3 21.375 0.00187933
12.3 23.625 0.00198933
12.3 25.875 0.00241239
12.3 28.125 0.00204244
12.3 30.375 0.00185454
12.3 32.625 0.00185974
12.3 34.875 0.0025983
12.3 37.125 0.0028366
12.3 39.375 0.00213332
12.3 41.625 0.00291971
12.3 43.875 0.00269564
12.5 1.125 0.00193845
12.5 3.375 0.00216663
12.5 5.625 0.00266821
12.5 7.875 0.00238084
12.5 10.125 0.00795447
12.5 12.375 0.0212749
12.5 14.625 0.00232173
12.5 16.875 0.0242397
12.5 19.125 0.00238329
12.5 21.375 0.00193114
12.5 23.625 0.00293755
12.5 25.875 0.00185091
12.5 28.125 0.00200888
12.5 30.375 0.00210199
12.5 32.625 0.00250665
12.5 34.875 0.00223319
12.5 37.125 0.0023312
12.5 39.375 0.0027505
12.5 41.625 0.00278134
12.5 43.875 0.00255918
12.7 1.125 0.0147245
12.7 3.375 0.00212079
12.7 5.625 0.00253757
12.7 7.875 0.00207888
12.7 10.125 0.00222148
12.7 12.375 0.00193348
12.7 14.625 0.0159945
12.7 16.875 0.00198931
12.7 19.125 0.00204395
12.7 21.375 0.00222448
12.7 23.625 0.002027
12.7 25.875 0.00198585
12.7 28.125 0.00310314
12.7 30.375 0.00227636
12.7 32.625 0.00365159
12.7 34.875 0.0308854
12.7 37.125 0.0152466
12.7 39.375 0.00191054
12.7 41.625 0.00188303
12.7 43.875 0.0026304
12.9 1.125 0.00228234
12.9 3.375 0.00395157
12.9 5.625 0.00238566
12.9 7.875 0.00209317
12.9 10.125 0.0040055
12.9 12.375 0.00386488
12.9 14.625 0.00243926
12.9 16.875 0.00271591
12.9 19.125 0.00196798
12.9 21.375 0.00189372
12.9 23.625 0.00194958
12.9 25.875 0.0025241
12.9 28.125 0.00238626
12.9 30.375 0.00525133
12.9 32.625 0.00211393
12.9 34.875 0.00188879
12.9 37.125 0.00272806
12.9 39.375 0.00194664
12.9 41.625 0.00212729
12.9 43.875 0.00207965
13.1 1.125 0.00220073
13.1 3.375 0.003006
13.1 5.625 0.00206209
13.1 7.875 0.00523496
13.1 10.125 0.00205155
13.1 12.375 0.00202193
13.1 14.625 0.00218327
13.1 16.875 0.0024812
13.1 19.125 0.00185805
13.1 21.375 0.0179642
13.1 23.625 0.00307984
13.1 25.875 0.00353334
13.1 28.125 0.00195425
13.1 30.375 0.00293109
13.1 32.625 0.00229136
13.1 34.875 0.00253325
13.1 37.125 0.00190768
13.1 39.375 0.00241266
13.1 41.625 0.0025377
13.1 43.875 0.00436802
13.3 1.125 0.00236521
13.3 3.375 0.0019698
13.3 5.625 0.00206551
13.3 7.875 0.00251724
13.3 10.125 0.00219293
13.3 12.375 0.0357995
13.3 14.625 0.00197362
13.3 16.875 0.00192901
13.3 19.125 0.00220505
13.3 21.375 0.00250484
13.3 23.625 0.00184585
13.3 25.875 0.00223178
13.3 28.125 0.00293309
13.3 30.375 0.00216352
13.3 32.625 0.00238303
13.3 34.875 0.00204609
13.3 37.125 0.00182317
13.3 39.375 0.00439643
13.3 41.625 0.00218568
13.3 43.875 0.00643009
13.5 1.125 0.0282259
13.5 3.375 0.00245742
13.5 5.625 0.00195878
13.5 7.875 0.00204837
13.5 10.125 0.00185726
13.5 12.375 0.00247073
13.5 14.625 0.00248021
13.5 16.875 0.00181771
13.5 19.125 0.00194564
13.5 21.375 0.00223985
13.5 23.625 0.0169016
13.5 25.875 0.00257453
13.5 28.125 0.0028072
13.5 30.375 0.00225946
13.5 32.625 0.00202361
13.5 34.875 0.00255971
13.5 37.125 0.00219448
13.5 39.375 0.00215796
13.5 41.625 0.00229405
13.5 43.875 0.00280332
13.7 1.125 0.00278338
13.7 3.375 0.00366972
13.7 5.625 0.00503826
13.7 7.875 0.00249193
13.7 10.125 0.00340558
13.7 12.375 0.00215811
13.7 14.625 0.00218015
13.7 16.875 0.00246147
13.7 19.125 0.00674084
13.7 21.375 0.0350436
13.7 23.625 0.00195442
13.7 25.875 0.00656962
13.7 28.125 0.00351472
13.7 30.375 0.00245861
13.7 32.625 0.00162185
13.7 34.875 0.0279952
13.7 37.125 0.00187411
13.7 39.375 0.00219551
13.7 41.625 0.0118858
13.7 43.875 0.0221805
13.9 1.125 0.00202436
13.9 3.375 0.0020843
13.9 5.625 0.00245298
13.9 7.875 0.00345889
13.9 10.125 0.00213561
13.9 12.375 0.00256254
13.9 14.625 0.0022617
13.9 16.875 0.00155028
13.9 19.125 0.00267107
13.9 21.375 0.00288282
13.9 23.625 0.00244001
13.9 25.875 0.0021578
13.9 28.125 0.00261114
13.9 30.375 0.00190631
13.9 32.625 0.00199456
13.9 34.875 0.00312566
13.9 37.125 0.00205488
13.9 39.375 0.0021282
13.9 41.625 0.00213469
13.9 43.875 0.00332815
