0.1 7.875 2.83727
0.1 23.625 2.86823
0.1 37.125 2.82346
0.3 1.125 2.84662
0.3 3.375 2.85877
0.3 5.625 2.85597
0.3 7.875 2.83259
0.3 10.125 2.86529
0.3 12.375 2.80767
0.3 14.625 2.81844
0.3 16.875 2.8296
0.3 19.125 2.83629
0.3 21.375 2.84937
0.3 25.875 2.81097
0.3 28.125 2.88851
0.3 30.375 2.88898
0.3 32.625 2.60323
0.3 34.875 2.53875
0.3 37.125 2.81479
0.3 39.375 2.86209
0.3 41.625 2.84968
0.3 43.875 2.86287
0.5 1.125 2.77826
0.5 3.375 2.72274
0.5 5.625 2.75341
0.5 7.875 2.79693
0.5 10.125 2.75834
0.5 12.375 2.77774
0.5 14.625 2.76786
0.5 16.875 2.77936
0.5 19.125 2.76696
0.5 21.375 2.79014
0.5 23.625 2.81073
0.5 25.875 2.7881
0.5 28.125 2.77755
0.5 30.375 2.62381
0.5 32.625 2.77257
0.5 34.875 2.78265
0.5 37.125 2.7838
0.5 39.375 2.71655
0.5 41.625 2.78444
0.5 43.875 2.7635
0.7 1.125 2.52983
0.7 3.375 2.61733
0.7 5.625 2.63481
0.7 7.875 2.63835
0.7 10.125 2.62289
0.7 12.375 2.55365
0.7 14.625 2.47431
0.7 16.875 2.62873
0.7 19.125 2.67879
0.7 21.375 2.64144
0.7 23.625 2.65738
0.7 25.875 2.49239
0.7 28.125 2.67636
0.7 30.375 2.64744
0.7 32.625 2.63716
0.7 34.875 2.65807
0.7 37.125 2.66266
0.7 39.375 2.66987
0.7 41.625 2.61632
0.7 43.875 2.60894
0.9 1.125 2.2791
0.9 3.375 2.28525
0.9 5.625 2.31661
0.9 7.875 2.34526
0.9 10.125 2.17955
0.9 12.375 2.41009
0.9 14.625 2.29489
0.9 16.875 2.3619
0.9 19.125 2.33506
0.9 21.375 2.38512
0.9 23.625 2.37065
0.9 25.875 2.43341
0.9 28.125 2.42668
0.9 30.375 2.45558
0.9 32.625 2.47245
0.9 34.875 2.52309
0.9 37.125 2.46451
0.9 39.375 2.51934
0.9 41.625 2.47364
0.9 43.875 2.48225
1.1 1.125 1.69917
1.1 3.375 1.63155
1.1 5.625 1.4948
1.1 7.875 1.75283
1.1 10.125 1.55812
1.1 12.375 1.62023
1.1 14.625 1.74865
1.1 16.875 1.75793
1.1 19.125 1.83289
1.1 21.375 1.75171
1.1 23.625 1.97239
1.1 25.875 1.92805
1.1 28.125 2.13885
1.1 30.375 2.03837
1.1 32.625 2.04787
1.1 34.875 2.17176
1.1 37.125 2.23619
1.1 39.375 2.17986
1.1 41.625 2.28124
1.1 43.875 2.23827
1.3 1.125 0.792789
1.3 3.375 0.93186
1.3 5.625 0.983745
1.3 7.875 1.0655
1.3 10.125 0.970632
1.3 12.375 0.883682
1.3 14.625 1.01606
1.3 16.875 1.04231
1.3 19.125 1.16459
1.3 21.375 1.0301
1.3 23.625 1.08449
1.3 25.875 1.18775
1.3 28.125 1.4247
1.3 30.375 1.45819
1.3 32.625 1.42764
1.3 34.875 1.40264
1.3 37.125 1.71989
1.3 39.375 1.76492
1.3 41.625 1.78854
1.3 43.875 1.8505
1.5 1.125 0.477118
1.5 3.375 0.420281
1.5 5.625 0.463917
1.5 7.875 0.518714
1.5 10.125 0.511795
1.5 12.375 0.513669
1.5 14.625 0.497238
1.5 16.875 0.553701
1.5 19.125 0.612691
1.5 21.375 0.523558
1.5 23.625 0.650146
1.5 25.875 0.637126
1.5 28.125 0.639572
1.5 30.375 0.72588
1.5 32.625 0.82657
1.5 34.875 0.796476
1.5 37.125 0.937006
1.5 39.375 0.990076
1.5 41.625 1.05102
1.5 43.875 1.18398
1.7 1.125 0.257027
1.7 3.375 0.249193
1.7 5.625 0.269803
1.7 7.875 0.292588
1.7 10.125 0.263534
1.7 12.375 0.284564
1.7 14.625 0.285365
1.7 16.875 0.297234
1.7 19.125 0.282009
1.7 21.375 0.354726
1.7 23.625 0.305356
1.7 25.875 0.371055
1.7 28.125 0.34609
1.7 30.375 0.404178
1.7 32.625 0.399104
1.7 34.875 0.414397
1.7 37.125 0.461194
1.7 39.375 0.499993
1.7 41.625 0.653601
1.7 43.875 0.555873
1.9 1.125 0.161104
1.9 3.375 0.16255
1.9 5.625 0.16567
1.9 7.875 0.163879
1.9 10.125 0.192152
1.9 12.375 0.174726
1.9 14.625 0.180545
1.9 16.875 0.181489
1.9 19.125 0.196563
1.9 21.375 0.204448
1.9 23.625 0.192367
1.9 25.875 0.19414
1.9 28.125 0.213716
1.9 30.375 0.2126
1.9 32.625 0.229409
1.9 34.875 0.240368
1.9 37.125 0.266081
1.9 39.375 0.274569
1.9 41.625 0.275925
1.9 43.875 0.326889
2.1 1.125 0.117228
2.1 3.375 0.104317
2.1 5.625 0.115618
2.1 7.875 0.109911
2.1 10.125 0.112615
2.1 12.375 0.113982
2.1 14.625 0.121701
2.1 16.875 0.1224
2.1 19.125 0.124178
2.1 21.375 0.125085
2.1 23.625 0.122899
2.1 25.875 0.139462
2.1 28.125 0.134337
2.1 30.375 0.148253
2.1 32.625 0.153375
2.1 34.875 0.160005
2.1 37.125 0.191041
2.1 39.375 0.178755
2.1 41.625 0.180427
2.1 43.875 0.190605
2.3 1.125 0.0806356
2.3 3.375 0.0855019
2.3 5.625 0.0925362
2.3 7.875 0.0843692
2.3 10.125 0.0832573
2.3 12.375 0.0810989
2.3 14.625 0.0814755
2.3 16.875 0.0851608
2.3 19.125 0.0809357
2.3 21.375 0.0960291
2.3 23.625 0.0816472
2.3 25.875 0.0960408
2.3 28.125 0.0979829
2.3 30.375 0.102493
2.3 32.625 0.108043
2.3 34.875 0.114005
2.3 37.125 0.110993
2.3 39.375 0.119395
2.3 41.625 0.118203
2.3 43.875 0.115679
2.5 1.125 0.0628043
2.5 3.375 0.0654064
2.5 5.625 0.0577803
2.5 7.875 0.0657754
2.5 10.125 0.0645004
2.5 12.375 0.0582066
2.5 14.625 0.0667323
2.5 16.875 0.0603802
2.5 19.125 0.0592748
2.5 21.375 0.0679448
2.5 23.625 0.0725936
2.5 25.875 0.0663733
2.5 28.125 0.0779407
2.5 30.375 0.0758191
2.5 32.625 0.0773494
2.5 34.875 0.0711814
2.5 37.125 0.0749479
2.5 39.375 0.0762094
2.5 41.625 0.0819722
2.5 43.875 0.0777449
2.7 1.125 0.0433799
2.7 3.375 0.0484654
2.7 5.625 0.0472999
2.7 7.875 0.0469792
2.7 10.125 0.0455838
2.7 12.375 0.0466013
2.7 14.625 0.0529722
2.7 16.875 0.0516303
2.7 19.125 0.0500841
2.7 21.375 0.0499926
2.7 23.625 0.0552313
2.7 25.875 0.0506728
2.7 28.125 0.0575677
2.7 30.375 0.0593818
2.7 32.625 0.0552047
2.7 34.875 0.0547962
2.7 37.125 0.0561925
2.7 39.375 0.051943
2.7 41.625 0.0524844
2.7 43.875 0.0516022
2.9 1.125 0.0390465
2.9 3.375 0.0410668
2.9 5.625 0.0380241
2.9 7.875 0.0416369
2.9 10.125 0.0380567
2.9 12.375 0.038943
2.9 14.625 0.0421202
2.9 16.875 0.0430287
2.9 19.125 0.0390101
2.9 21.375 0.0423416
2.9 23.625 0.0406685
2.9 25.875 0.0487368
2.9 28.125 0.0448104
2.9 30.375 0.0442119
2.9 32.625 0.0418249
2.9 34.875 0.0428675
2.9 37.125 0.0446571
2.9 39.375 0.0388813
2.9 41.625 0.0405442
2.9 43.875 0.0402294
3.1 1.125 0.0342338
3.1 3.375 0.0314991
3.1 5.625 0.033271
3.1 7.875 0.0310958
3.1 10.125 0.0317785
3.1 12.375 0.0306492
3.1 14.625 0.0334305
3.1 16.875 0.0330065
3.1 19.125 0.0357786
3.1 21.375 0.0356034
3.1 23.625 0.0349763
3.1 25.875 0.0354977
3.1 28.125 0.0351961
3.1 30.375 0.0373197
3.1 32.625 0.0355025
3.1 34.875 0.0345889
3.1 37.125 0.0329472
3.1 39.375 0.0346949
3.1 41.625 0.0348964
3.1 43.875 0.032548
3.3 1.125 0.0269695
3.3 3.375 0.0281171
3.3 5.625 0.0269245
3.3 7.875 0.0245768
3.3 10.125 0.0250384
3.3 12.375 0.0264254
3.3 14.625 0.0241782
3.3 16.875 0.0261454
3.3 19.125 0.0271619
3.3 21.375 0.0278064
3.3 23.625 0.0288074
3.3 25.875 0.0276972
3.3 28.125 0.0279301
3.3 30.375 0.0310958
3.3 32.625 0.0302155
3.3 34.875 0.0298017
3.3 37.125 0.0293855
3.3 39.375 0.0305075
3.3 41.625 0.0324531
3.3 43.875 0.0293439
3.5 1.125 0.0194348
3.5 3.375 0.0215732
3.5 5.625 0.0206111
3.5 7.875 0.0222863
3.5 10.125 0.021904
3.5 12.375 0.0197897
3.5 14.625 0.0219342
3.5 16.875 0.0227327
3.5 19.125 0.0262876
3.5 21.375 0.0232925
3.5 23.625 0.0242219
3.5 25.875 0.0231801
3.5 28.125 0.025373
3.5 30.375 0.024173
3.5 32.625 0.0256161
3.5 34.875 0.0228617
3.5 37.125 0.0230025
3.5 39.375 0.0236188
3.5 41.625 0.0259419
3.5 43.875 0.0217758
3.7 1.125 0.0184593
3.7 3.375 0.0175646
3.7 5.625 0.0182336
3.7 7.875 0.0186922
3.7 10.125 0.0184397
3.7 12.375 0.0173675
3.7 14.625 0.016529
3.7 16.875 0.0215205
3.7 19.125 0.0209589
3.7 21.375 0.0207543
3.7 23.625 0.0191182
3.7 25.875 0.0213138
3.7 28.125 0.0205564
3.7 30.375 0.0206508
3.7 32.625 0.0219649
3.7 34.875 0.0207417
3.7 37.125 0.0214371
3.7 39.375 0.0215278
3.7 41.625 0.0220041
3.7 43.875 0.0199169
3.9 1.125 0.0159885
3.9 3.375 0.0150995
3.9 5.625 0.0147538
3.9 7.875 0.0162134
3.9 10.125 0.0155873
3.9 12.375 0.0155251
3.9 14.625 0.0170235
3.9 16.875 0.0163286
3.9 19.125 0.0178084
3.9 21.375 0.0261814
3.9 23.625 0.0174311
3.9 25.875 0.0185862
3.9 28.125 0.0186798
3.9 30.375 0.0170441
3.9 32.625 0.0162054
3.9 34.875 0.018516
3.9 37.125 0.0195172
3.9 39.375 0.0174594
3.9 41.625 0.0193988
3.9 43.875 0.015437
4.1 1.125 0.0140364
4.1 3.375 0.0142769
4.1 5.625 0.0133932
4.1 7.875 0.0133944
4.1 10.125 0.0142621
4.1 12.375 0.0145328
4.1 14.625 0.014374
4.1 16.875 0.0126909
4.1 19.125 0.0150022
4.1 21.375 0.0135662
4.1 23.625 0.0154403
4.1 25.875 0.0140784
4.1 28.125 0.0147077
4.1 30.375 0.0147983
4.1 32.625 0.0151488
4.1 34.875 0.0143306
4.1 37.125 0.0151823
4.1 39.375 0.0163326
4.1 41.625 0.0147206
4.1 43.875 0.0137156
4.3 1.125 0.0127305
4.3 3.375 0.0131299
4.3 5.625 0.0117526
4.3 7.875 0.012789
4.3 10.125 0.0121516
4.3 12.375 0.0129004
4.3 14.625 0.0110562
4.3 16.875 0.0139067
4.3 19.125 0.0127935
4.3 21.375 0.0145129
4.3 23.625 0.0122784
4.3 25.875 0.0114482
4.3 28.125 0.0114656
4.3 30.375 0.0124719
4.3 32.625 0.0125441
4.3 34.875 0.0119078
4.3 37.125 0.0123507
4.3 39.375 0.0129463
4.3 41.625 0.0137968
4.3 43.875 0.013357
4.5 1.125 0.0102088
4.5 3.375 0.0101108
4.5 5.625 0.0109142
4.5 7.875 0.0108285
4.5 10.125 0.011623
4.5 12.375 0.0131452
4.5 14.625 0.0109104
4.5 16.875 0.0114111
4.5 19.125 0.0107981
4.5 21.375 0.0107963
4.5 23.625 0.0123507
4.5 25.875 0.0118478
4.5 28.125 0.013551
4.5 30.375 0.0108438
4.5 32.625 0.0118454
4.5 34.875 0.0119809
4.5 37.125 0.0108803
4.5 39.375 0.0119949
4.5 41.625 0.0112662
4.5 43.875 0.0128966
4.7 1.125 0.01009
4.7 3.375 0.00992065
4.7 5.625 0.00940845
4.7 7.875 0.0106566
4.7 10.125 0.0078144
4.7 12.375 0.0104965
4.7 14.625 0.00989292
4.7 16.875 0.010739
4.7 19.125 0.0106727
4.7 21.375 0.00990936
4.7 23.625 0.00905306
4.7 25.875 0.0104499
4.7 28.125 0.0103184
4.7 30.375 0.010744
4.7 32.625 0.0107671
4.7 34.875 0.0104445
4.7 37.125 0.0114949
4.7 39.375 0.0101518
4.7 41.625 0.0113362
4.7 43.875 0.0086183
4.9 1.125 0.00931863
4.9 3.375 0.00826083
4.9 5.625 0.00826137
4.9 7.875 0.00854432
4.9 10.125 0.0100444
4.9 12.375 0.00952211
4.9 14.625 0.00983975
4.9 16.875 0.00910114
4.9 19.125 0.00913585
4.9 21.375 0.0093138
4.9 23.625 0.00967408
4.9 25.875 0.00940034
4.9 28.125 0.00965218
4.9 30.375 0.00971672
4.9 32.625 0.0103015
4.9 34.875 0.010831
4.9 37.125 0.0110006
4.9 39.375 0.00930474
4.9 41.625 0.00992515
4.9 43.875 0.00913248
5.1 1.125 0.00889047
5.1 3.375 0.00737395
5.1 5.625 0.00892345
5.1 7.875 0.00825923
5.1 10.125 0.00893113
5.1 12.375 0.0098517
5.1 14.625 0.00993791
5.1 16.875 0.00814351
5.1 19.125 0.00887318
5.1 21.375 0.0100206
5.1 23.625 0.00872283
5.1 25.875 0.00943308
5.1 28.125 0.00836991
5.1 30.375 0.00857628
5.1 32.625 0.00854568
5.1 34.875 0.00826929
5.1 37.125 0.00896646
5.1 39.375 0.00879965
5.1 41.625 0.00852178
5.1 43.875 0.010063
5.3 1.125 0.00835517
5.3 3.375 0.00862517
5.3 5.625 0.00808971
5.3 7.875 0.00843254
5.3 10.125 0.00820325
5.3 12.375 0.00719407
5.3 14.625 0.00755904
5.3 16.875 0.00925969
5.3 19.125 0.00782054
5.3 21.375 0.0087339
5.3 23.625 0.00705914
5.3 25.875 0.0078273
5.3 28.125 0.0073603
5.3 30.375 0.00907503
5.3 32.625 0.0090857
5.3 34.875 0.00821741
5.3 37.125 0.00771502
5.3 39.375 0.00875122
5.3 41.625 0.00842473
5.3 43.875 0.00946799
5.5 1.125 0.0075617
5.5 3.375 0.00737191
5.5 5.625 0.00760205
5.5 7.875 0.00805116
5.5 10.125 0.00685552
5.5 12.375 0.00791726
5.5 14.625 0.00795659
5.5 16.875 0.00749398
5.5 19.125 0.00759121
5.5 21.375 0.00681778
5.5 23.625 0.00722318
5.5 25.875 0.00768993
5.5 28.125 0.00825303
5.5 30.375 0.00760381
5.5 32.625 0.00732266
5.5 34.875 0.00910361
5.5 37.125 0.00722812
5.5 39.375 0.00851303
5.5 41.625 0.00797411
5.5 43.875 0.0070254
5.7 1.125 0.00739219
5.7 3.375 0.00732101
5.7 5.625 0.00682047
5.7 7.875 0.00674018
5.7 10.125 0.00716717
5.7 12.375 0.00713705
5.7 14.625 0.00810038
5.7 16.875 0.00718947
5.7 19.125 0.00749011
5.7 21.375 0.00687954
5.7 23.625 0.00739674
5.7 25.875 0.00744283
5.7 28.125 0.0080452
5.7 30.375 0.00780731
5.7 32.625 0.00854577
5.7 34.875 0.00673369
5.7 37.125 0.00675083
5.7 39.375 0.00665864
5.7 41.625 0.0075808
5.7 43.875 0.00751064
5.9 1.125 0.00692308
5.9 3.375 0.00653789
5.9 5.625 0.00714107
5.9 7.875 0.00689691
5.9 10.125 0.00691271
5.9 12.375 0.00572811
5.9 14.625 0.00786056
5.9 16.875 0.00712761
5.9 19.125 0.00682438
5.9 21.375 0.00758661
5.9 23.625 0.00901533
5.9 25.875 0.00756402
5.9 28.125 0.00754976
5.9 30.375 0.00780429
5.9 32.625 0.00712259
5.9 34.875 0.0064483
5.9 37.125 0.00756152
5.9 39.375 0.00557558
5.9 41.625 0.00729348
5.9 43.875 0.00751751
6.1 1.125 0.00620215
6.1 3.375 0.00781779
6.1 5.625 0.00639244
6.1 7.875 0.00606697
6.1 10.125 0.00729881
6.1 12.375 0.00643899
6.1 14.625 0.00613118
6.1 16.875 0.00680515
6.1 19.125 0.00778588
6.1 21.375 0.00727648
6.1 23.625 0.00615963
6.1 25.875 0.00642992
6.1 28.125 0.00682053
6.1 30.375 0.00616121
6.1 32.625 0.00713544
6.1 34.875 0.0066325
6.1 37.125 0.00727268
6.1 39.375 0.00736743
6.1 41.625 0.00676445
6.1 43.875 0.00707178
6.3 1.125 0.00608185
6.3 3.375 0.00666733
6.3 5.625 0.00674487
6.3 7.875 0.00680331
6.3 10.125 0.00873899
6.3 12.375 0.00696643
6.3 14.625 0.00633909
6.3 16.875 0.00601801
6.3 19.125 0.00655321
6.3 21.375 0.00571726
6.3 23.625 0.00674251
6.3 25.875 0.00673082
6.3 28.125 0.0081835
6.3 30.375 0.00582216
6.3 32.625 0.00624757
6.3 34.875 0.00686009
6.3 37.125 0.00665669
6.3 39.375 0.00637269
6.3 41.625 0.00637779
6.3 43.875 0.00661708
6.5 1.125 0.00613211
6.5 3.375 0.00633241
6.5 5.625 0.0066393
6.5 7.875 0.00694924
6.5 10.125 0.00503293
6.5 12.375 0.00647743
6.5 14.625 0.00624246
6.5 16.875 0.00731656
6.5 19.125 0.00608862
6.5 21.375 0.00614651
6.5 23.625 0.00667454
6.5 25.875 0.00737147
6.5 28.125 0.00628704
6.5 30.375 0.00623561
6.5 32.625 0.00663565
6.5 34.875 0.00711837
6.5 37.125 0.0067225
6.5 39.375 0.00608505
6.5 41.625 0.00599187
6.5 43.875 0.00680908
6.7 1.125 0.00635997
6.7 3.375 0.0060848
6.7 5.625 0.00558924
6.7 7.875 0.0064288
6.7 10.125 0.00613485
6.7 12.375 0.00562708
6.7 14.625 0.00517088
6.7 16.875 0.00702484
6.7 19.125 0.00691324
6.7 21.375 0.00535551
6.7 23.625 0.00620345
6.7 25.875 0.00606788
6.7 28.125 0.00587251
6.7 30.375 0.00662434
6.7 32.625 0.0065033
6.7 34.875 0.00642645
6.7 37.125 0.00748325
6.7 39.375 0.0064555
6.7 41.625 0.00716799
6.7 43.875 0.00661562
6.9 1.125 0.00572531
6.9 3.375 0.00551064
6.9 5.625 0.00647248
6.9 7.875 0.00692619
6.9 10.125 0.00708516
6.9 12.375 0.00708279
6.9 14.625 0.00636363
6.9 16.875 0.00619378
6.9 19.125 0.00582565
6.9 21.375 0.00624139
6.9 23.625 0.00589251
6.9 25.875 0.00620966
6.9 28.125 0.00640392
6.9 30.375 0.00617913
6.9 32.625 0.00555253
6.9 34.875 0.00504762
6.9 37.125 0.00678363
6.9 39.375 0.00627239
6.9 41.625 0.00610399
6.9 43.875 0.00740709
7.1 1.125 0.00653901
7.1 3.375 0.00532102
7.1 5.625 0.00829047
7.1 7.875 0.00569099
7.1 10.125 0.00606905
7.1 12.375 0.00719842
7.1 14.625 0.00664517
7.1 16.875 0.00551158
7.1 19.125 0.00555023
7.1 21.375 0.00607802
7.1 23.625 0.00562441
7.1 25.875 0.00590024
7.1 28.125 0.00557916
7.1 30.375 0.00601756
7.1 32.625 0.00564376
7.1 34.875 0.00647739
7.1 37.125 0.00570377
7.1 39.375 0.00673133
7.1 41.625 0.00546357
7.1 43.875 0.00628112
7.3 1.125 0.00513759
7.3 3.375 0.00624961
7.3 5.625 0.00553443
7.3 7.875 0.0055941
7.3 10.125 0.00599107
7.3 12.375 0.0118373
7.3 14.625 0.0059973
7.3 16.875 0.00749251
7.3 19.125 0.00524857
7.3 21.375 0.00557559
7.3 23.625 0.00618498
7.3 25.875 0.00681549
7.3 28.125 0.00525851
7.3 30.375 0.0051251
7.3 32.625 0.00551601
7.3 34.875 0.00501409
7.3 37.125 0.00494729
7.3 39.375 0.00745837
7.3 41.625 0.00535235
7.3 43.875 0.00643589
7.5 1.125 0.00715952
7.5 3.375 0.00686493
7.5 5.625 0.00623093
7.5 7.875 0.00633179
7.5 10.125 0.00597619
7.5 12.375 0.00647343
7.5 14.625 0.00575772
7.5 16.875 0.00523076
7.5 19.125 0.00575188
7.5 21.375 0.00644264
7.5 23.625 0.0053973
7.5 25.875 0.00669148
7.5 28.125 0.00591946
7.5 30.375 0.00569796
7.5 32.625 0.00580406
7.5 34.875 0.00475583
7.5 37.125 0.00475824
7.5 39.375 0.00491507
7.5 41.625 0.00654149
7.5 43.875 0.00670995
7.7 1.125 0.005441
7.7 3.375 0.00554658
7.7 5.625 0.00563376
7.7 7.875 0.00516651
7.7 10.125 0.00454093
7.7 12.375 0.00529957
7.7 14.625 0.0047222
7.7 16.875 0.00611682
7.7 19.125 0.00547562
7.7 21.375 0.00565635
7.7 23.625 0.00637035
7.7 25.875 0.00642581
7.7 28.125 0.00576933
7.7 30.375 0.00547725
7.7 32.625 0.00615245
7.7 34.875 0.00575682
7.7 37.125 0.00659211
7.7 39.375 0.0047222
7.7 41.625 0.00571958
7.7 43.875 0.0054583
7.9 1.125 0.00485918
7.9 3.375 0.00604464
7.9 5.625 0.00571235
7.9 7.875 0.00466534
7.9 10.125 0.00557539
7.9 12.375 0.00581089
7.9 14.625 0.00652577
7.9 16.875 0.00620242
7.9 19.125 0.00643222
7.9 21.375 0.00660107
7.9 23.625 0.00448174
7.9 25.875 0.0064905
7.9 28.125 0.0139073
7.9 30.375 0.00697959
7.9 32.625 0.00543076
7.9 34.875 0.00580566
7.9 37.125 0.0047585
7.9 39.375 0.00703321
7.9 41.625 0.00496175
7.9 43.875 0.00735775
8.1 1.125 0.00496659
8.1 3.375 0.00534021
8.1 5.625 0.00644258
8.1 7.875 0.00564096
8.1 10.125 0.00564982
8.1 12.375 0.00596578
8.1 14.625 0.00590603
8.1 16.875 0.00570278
8.1 19.125 0.00566676
8.1 21.375 0.0052313
8.1 23.625 0.00594012
8.1 25.875 0.00394456
8.1 28.125 0.00457703
8.1 30.375 0.00564924
8.1 32.625 0.00455158
8.1 34.875 0.0056526
8.1 37.125 0.00661018
8.1 39.375 0.00732959
8.1 41.625 0.00591768
8.1 43.875 0.00637055
8.3 1.125 0.0065186
8.3 3.375 0.00534199
8.3 5.625 0.0048808
8.3 7.875 0.00604962
8.3 10.125 0.00514986
8.3 12.375 0.00506742
8.3 14.625 0.00652966
8.3 16.875 0.00689476
8.3 19.125 0.00459115
8.3 21.375 0.00432546
8.3 23.625 0.00562216
8.3 25.875 0.00494959
8.3 28.125 0.00498866
8.3 30.375 0.00710808
8.3 32.625 0.00507655
8.3 34.875 0.00462901
8.3 37.125 0.00508911
8.3 39.375 0.00507089
8.3 41.625 0.00653763
8.3 43.875 0.0100262
8.5 1.125 0.00457491
8.5 3.375 0.00459578
8.5 5.625 0.0062215
8.5 7.875 0.00664276
8.5 10.125 0.00469917
8.5 12.375 0.00675
8.5 14.625 0.00832837
8.5 16.875 0.00825204
8.5 19.125 0.00489712
8.5 21.375 0.00537571
8.5 23.625 0.00531096
8.5 25.875 0.0044919
8.5 28.125 0.00636267
8.5 30.375 0.00553565
8.5 32.625 0.00617531
8.5 34.875 0.00929747
8.5 37.125 0.0065112
8.5 39.375 0.00544222
8.5 41.625 0.00535729
8.5 43.875 0.00641381
8.7 1.125 0.00634086
8.7 3.375 0.00613225
8.7 5.625 0.00699342
8.7 7.875 0.00603024
8.7 10.125 0.00563795
8.7 12.375 0.00503928
8.7 14.625 0.00909421
8.7 16.875 0.00711033
8.7 19.125 0.00500009
8.7 21.375 0.00634481
8.7 23.625 0.00567957
8.7 25.875 0.00595125
8.7 28.125 0.00651365
8.7 30.375 0.00535066
8.7 32.625 0.00389532
8.7 34.875 0.00793561
8.7 37.125 0.00708957
8.7 39.375 0.00674576
8.7 41.625 0.00652296
8.7 43.875 0.00572828
8.9 1.125 0.00598387
8.9 3.375 0.00558059
8.9 5.625 0.00669784
8.9 7.875 0.0052787
8.9 10.125 0.00585461
8.9 12.375 0.00536661
8.9 14.625 0.00597422
8.9 16.875 0.00456613
8.9 19.125 0.00578584
8.9 21.375 0.00431005
8.9 23.625 0.00626838
8.9 25.875 0.00656981
8.9 28.125 0.00463754
8.9 30.375 0.00645193
8.9 32.625 0.00566035
8.9 34.875 0.00469225
8.9 37.125 0.00533958
8.9 39.375 0.00684804
8.9 41.625 0.00748799
8.9 43.875 0.00614132
9.1 1.125 0.00526244
9.1 3.375 0.00425196
9.1 5.625 0.00443932
9.1 7.875 0.00444216
9.1 10.125 0.005887
9.1 12.375 0.00463764
9.1 14.625 0.00564219
9.1 16.875 0.0118831
9.1 19.125 0.00627862
9.1 21.375 0.00572099
9.1 23.625 0.0066198
9.1 25.875 0.00828749
9.1 28.125 0.00488155
9.1 30.375 0.00443511
9.1 32.625 0.00545234
9.1 34.875 0.010328
9.1 37.125 0.00703378
9.1 39.375 0.00902026
9.1 41.625 0.00494413
9.1 43.875 0.00831199
9.3 1.125 0.00610908
9.3 3.375 0.00454068
9.3 5.625 0.00411459
9.3 7.875 0.026596
9.3 10.125 0.00602805
9.3 12.375 0.00378192
9.3 14.625 0.00496524
9.3 16.875 0.00501327
9.3 19.125 0.00781899
9.3 21.375 0.00565359
9.3 23.625 0.00701345
9.3 25.875 0.00540858
9.3 28.125 0.00563028
9.3 30.375 0.00422212
9.3 32.625 0.00474761
9.3 34.875 0.005814
9.3 37.125 0.00646463
9.3 39.375 0.00561341
9.3 41.625 0.00451272
9.3 43.875 0.00530993
9.5 1.125 0.00521594
9.5 3.375 0.00505452
9.5 5.625 0.00527725
9.5 7.875 0.00683747
9.5 10.125 0.00405193
9.5 12.375 0.00525891
9.5 14.625 0.00426483
9.5 16.875 0.0034752
9.5 19.125 0.00603502
9.5 21.375 0.00539219
9.5 23.625 0.00485495
9.5 25.875 0.00484995
9.5 28.125 0.008362
9.5 30.375 0.0056344
9.5 32.625 0.00651613
9.5 34.875 0.00338852
9.5 37.125 0.00779513
9.5 39.375 0.00475442
9.5 43.875 0.0056365
9.7 1.125 0.00708157
9.7 3.375 0.00557332
9.7 5.625 0.00812997
9.7 7.875 0.00752883
9.7 10.125 0.00648111
9.7 12.375 0.00501024
9.7 14.625 0.0125076
9.7 16.875 0.00531921
9.7 19.125 0.00544341
9.7 21.375 0.00490566
9.7 23.625 0.00587863
9.7 25.875 0.00524543
9.7 28.125 0.00512908
9.7 30.375 0.00621641
9.7 32.625 0.00596602
9.7 34.875 0.00544096
9.7 37.125 0.00657778
9.7 39.375 0.00980375
9.7 43.875 0.00560127
9.9 1.125 0.00640283
9.9 3.375 0.00462022
9.9 5.625 0.00895738
9.9 7.875 0.00518709
9.9 10.125 0.00631426
9.9 12.375 0.00393685
9.9 14.625 0.00430475
9.9 16.875 0.00530822
9.9 19.125 0.327333
9.9 21.375 0.00565115
9.9 23.625 0.00416084
9.9 28.125 0.00487471
9.9 30.375 0.00865859
9.9 32.625 0.00429404
9.9 34.875 0.00448241
9.9 37.125 0.00681865
9.9 39.375 0.00460363
9.9 41.625 0.00733407
9.9 43.875 0.00595749
10.1 1.125 0.00611474
10.1 3.375 0.00643177
10.1 5.625 0.00706079
10.1 7.875 0.0052706
10.1 12.375 0.00461867
10.1 14.625 0.00474009
10.1 16.875 0.00588549
10.1 21.375 0.00543196
10.1 23.625 0.00540848
10.1 25.875 0.00542566
10.1 28.125 0.00484918
10.1 30.375 0.00573637
10.1 32.625 0.00667062
10.1 34.875 0.00452912
10.1 37.125 0.0128098
10.1 39.375 0.00491405
10.1 43.875 0.00642474
10.3 1.125 0.00607479
10.3 3.375 0.00543209
10.3 5.625 0.00613548
10.3 7.875 0.0048407
10.3 10.125 0.0110242
10.3 12.375 0.00500527
10.3 14.625 0.00474983
10.3 16.875 0.00400955
10.3 19.125 0.00622112
10.3 21.375 0.00701988
10.3 23.625 0.00719334
10.3 30.375 0.00356857
10.3 32.625 0.0101352
10.3 37.125 0.00560734
10.3 39.375 0.0135185
10.3 41.625 0.0126047
10.3 43.875 0.00750866
10.5 1.125 0.00416425
10.5 3.375 0.00452782
10.5 5.625 0.00648266
10.5 7.875 0.00478172
10.5 12.375 0.00499709
10.5 14.625 0.00368363
10.5 16.875 0.00460787
10.5 19.125 0.00634168
10.5 21.375 0.00625438
10.5 30.375 0.00376467
10.5 34.875 0.00618455
10.5 39.375 0.00422593
10.5 43.875 0.00427952
10.7 1.125 0.00512577
10.7 3.375 0.00349666
10.7 5.625 0.00533363
10.7 7.875 0.00599934
10.7 16.875 0.00463021
10.7 19.125 0.00418627
10.7 21.375 0.0056406
10.7 23.625 0.00365013
10.7 28.125 0.004701
10.7 30.375 0.00844958
10.7 34.875 0.00639706
10.7 39.375 0.00262876
10.7 41.625 0.00546522
10.9 1.125 0.00716332
10.9 3.375 0.00413709
10.9 5.625 0.00560998
10.9 7.875 0.00811813
10.9 10.125 0.00840537
10.9 12.375 0.00598244
10.9 14.625 0.00475639
10.9 23.625 0.00436899
10.9 34.875 0.0045745
11.1 1.125 0.00608448
11.1 3.375 0.00684908
11.1 7.875 0.00501211
11.1 14.625 0.0113358
11.1 16.875 0.00713541
11.1 19.125 0.0107286
11.1 21.375 0.00448856
11.1 23.625 0.00501043
11.1 25.875 0.00929203
11.1 37.125 0.00361604
11.1 43.875 0.00524894
11.3 3.375 0.0101724
11.3 5.625 0.00527435
11.3 10.125 0.00453549
11.3 14.625 0.0104145
11.3 19.125 0.00512237
11.3 23.625 0.00381201
11.3 25.875 0.00585949
11.3 32.625 0.0050361
11.3 34.875 0.0109165
11.3 37.125 0.00375288
11.3 41.625 0.00419583
11.5 1.125 0.00836158
11.5 3.375 0.00699022
11.5 5.625 0.00728831
11.5 10.125 0.00436177
11.5 14.625 0.00602181
11.5 19.125 0.0040823
11.5 21.375 0.00466393
11.5 28.125 0.00547554
11.5 30.375 0.00992891
11.5 32.625 0.00420593
11.5 34.875 0.00545722
11.5 39.375 0.00528233
11.5 41.625 0.00965522
11.5 43.875 0.0129817
11.7 1.125 0.00482907
11.7 3.375 0.0106844
11.7 7.875 0.00580869
11.7 16.875 0.00403376
11.7 21.375 0.00580623
11.7 23.625 0.00869025
11.7 30.375 0.0107714
11.7 37.125 0.00371575
11.9 19.125 0.00427894
11.9 28.125 0.00529544
11.9 30.375 0.0055366
11.9 43.875 0.00521742
12.1 1.125 0.00850292
12.1 7.875 0.00398618
12.1 21.375 0.00561968
12.1 25.875 0.0150718
12.1 28.125 0.00649097
12.1 41.625 0.00469682
12.3 10.125 0.00746166
12.3 12.375 0.00356348
12.3 23.625 0.0139211
12.3 32.625 0.00481016
12.3 43.875 0.0061062
12.5 1.125 0.00465423
12.5 5.625 0.00554651
12.5 23.625 0.00547003
12.5 43.875 0.00572207
12.7 3.375 0.00542775
12.7 28.125 0.0047396
12.7 30.375 0.0109518
12.9 1.125 0.00354924
12.9 7.875 0.00564752
13.3 10.125 0.00450765
13.5 3.375 0.00440836
13.5 34.875 0.00482126
13.7 1.125 0.0051583
13.7 10.125 0.00543482
13.7 14.625 0.00636839
13.9 14.625 0.0132898
13.9 23.625 0.00718112
