0.1 1.125 0.502577
0.1 3.375 0.507103
0.1 5.625 0.506513
0.1 7.875 0.494855
0.1 10.125 0.494051
0.1 12.375 0.496977
0.1 14.625 0.503694
0.1 16.875 0.486889
0.1 19.125 0.461351
0.1 21.375 0.510547
0.1 23.625 0.486547
0.1 25.875 0.504971
0.1 28.125 0.499233
0.1 30.375 0.483599
0.1 32.625 0.492714
0.1 34.875 0.492027
0.1 37.125 0.504694
0.1 39.375 0.501579
0.1 41.625 0.497219
0.1 43.875 0.501034
0.3 1.125 0.486583
0.3 3.375 0.483487
0.3 5.625 0.494696
0.3 7.875 0.492952
0.3 10.125 0.490718
0.3 12.375 0.48395
0.3 14.625 0.480858
0.3 16.875 0.498734
0.3 19.125 0.484878
0.3 21.375 0.494378
0.3 23.625 0.487035
0.3 25.875 0.478575
0.3 28.125 0.493667
0.3 30.375 0.478463
0.3 32.625 0.485089
0.3 34.875 0.491993
0.3 37.125 0.47445
0.3 39.375 0.483212
0.3 41.625 0.493837
0.3 43.875 0.489163
0.5 1.125 0.475226
0.5 3.375 0.471956
0.5 5.625 0.470638
0.5 7.875 0.47949
0.5 10.125 0.465617
0.5 12.375 0.470149
0.5 14.625 0.481629
0.5 16.875 0.47387
0.5 19.125 0.473366
0.5 21.375 0.463101
0.5 23.625 0.470674
0.5 25.875 0.478466
0.5 28.125 0.460258
0.5 30.375 0.475325
0.5 32.625 0.453177
0.5 34.875 0.470817
0.5 37.125 0.461933
0.5 39.375 0.457352
0.5 41.625 0.46901
0.5 43.875 0.469807
0.7 1.125 0.451448
0.7 3.375 0.442457
0.7 5.625 0.44495
0.7 7.875 0.451338
0.7 10.125 0.443538
0.7 12.375 0.43977
0.7 14.625 0.447565
0.7 16.875 0.424483
0.7 19.125 0.438463
0.7 21.375 0.437512
0.7 23.625 0.428291
0.7 25.875 0.427959
0.7 28.125 0.442451
0.7 30.375 0.432139
0.7 32.625 0.423211
0.7 34.875 0.433977
0.7 37.125 0.425486
0.7 39.375 0.435343
0.7 41.625 0.430795
0.7 43.875 0.439045
0.9 1.125 0.405099
0.9 3.375 0.39521
0.9 5.625 0.405593
0.9 7.875 0.401428
0.9 10.125 0.401485
0.9 12.375 0.394298
0.9 14.625 0.39434
0.9 16.875 0.397215
0.9 19.125 0.387517
0.9 21.375 0.393094
0.9 23.625 0.390994
0.9 25.875 0.384604
0.9 28.125 0.37152
0.9 30.375 0.383958
0.9 32.625 0.390482
0.9 34.875 0.383948
0.9 37.125 0.38411
0.9 39.375 0.382738
0.9 41.625 0.399597
0.9 43.875 0.403292
1.1 1.125 0.307759
1.1 3.375 0.309257
1.1 5.625 0.322733
1.1 7.875 0.319023
1.1 10.125 0.307247
1.1 12.375 0.314539
1.1 14.625 0.311647
1.1 16.875 0.322338
1.1 19.125 0.312113
1.1 21.375 0.314384
1.1 23.625 0.317277
1.1 25.875 0.294644
1.1 28.125 0.337231
1.1 30.375 0.342403
1.1 32.625 0.318326
1.1 34.875 0.340887
1.1 37.125 0.345484
1.1 39.375 0.335479
1.1 41.625 0.350858
1.1 43.875 0.347516
1.3 1.125 0.200054
1.3 3.375 0.202221
1.3 5.625 0.194537
1.3 7.875 0.211084
1.3 10.125 0.204114
1.3 12.375 0.210902
1.3 14.625 0.22475
1.3 16.875 0.233991
1.3 19.125 0.226969
1.3 21.375 0.235148
1.3 23.625 0.251625
1.3 25.875 0.23771
1.3 28.125 0.237961
1.3 30.375 0.260592
1.3 32.625 0.282722
1.3 34.875 0.266302
1.3 37.125 0.273953
1.3 39.375 0.290109
1.3 41.625 0.280785
1.3 43.875 0.296574
1.5 1.125 0.114476
1.5 3.375 0.117409
1.5 5.625 0.116707
1.5 7.875 0.113973
1.5 10.125 0.130547
1.5 12.375 0.131955
1.5 14.625 0.150802
1.5 16.875 0.140995
1.5 19.125 0.153043
1.5 21.375 0.162032
1.5 23.625 0.164838
1.5 25.875 0.162758
1.5 28.125 0.163727
1.5 30.375 0.174606
1.5 32.625 0.178811
1.5 34.875 0.186708
1.5 37.125 0.197999
1.5 39.375 0.225199
1.5 41.625 0.208492
1.5 43.875 0.213725
1.7 1.125 0.0713164
1.7 3.375 0.0737225
1.7 5.625 0.0785381
1.7 7.875 0.0717321
1.7 10.125 0.0797372
1.7 12.375 0.0800259
1.7 14.625 0.0946857
1.7 16.875 0.0942056
1.7 19.125 0.0962653
1.7 21.375 0.0921982
1.7 23.625 0.0969946
1.7 25.875 0.0979724
1.7 28.125 0.108865
1.7 30.375 0.108552
1.7 32.625 0.10528
1.7 34.875 0.113141
1.7 37.125 0.121749
1.7 39.375 0.131006
1.7 41.625 0.118163
1.7 43.875 0.156444
1.9 1.125 0.0441785
1.9 3.375 0.0423912
1.9 5.625 0.0472595
1.9 7.875 0.0506281
1.9 10.125 0.0478582
1.9 12.375 0.0500651
1.9 14.625 0.0545287
1.9 16.875 0.0574941
1.9 19.125 0.0555144
1.9 21.375 0.0586785
1.9 23.625 0.0662427
1.9 25.875 0.0622123
1.9 28.125 0.076992
1.9 30.375 0.0687427
1.9 32.625 0.0690809
1.9 34.875 0.0726535
1.9 37.125 0.0791354
1.9 39.375 0.0737017
1.9 41.625 0.0807286
1.9 43.875 0.073014
2.1 1.125 0.0292981
2.1 3.375 0.0277658
2.1 5.625 0.028742
2.1 7.875 0.0280572
2.1 10.125 0.0293019
2.1 12.375 0.0315825
2.1 14.625 0.0322879
2.1 16.875 0.039831
2.1 19.125 0.0386139
2.1 21.375 0.0400619
2.1 23.625 0.0395549
2.1 25.875 0.0432133
2.1 28.125 0.0421856
2.1 30.375 0.0420734
2.1 32.625 0.0457531
2.1 34.875 0.0484804
2.1 37.125 0.0480136
2.1 39.375 0.0521704
2.1 41.625 0.0461756
2.1 43.875 0.0533184
2.3 1.125 0.0154706
2.3 3.375 0.0148825
2.3 5.625 0.014932
2.3 7.875 0.0173935
2.3 10.125 0.0204379
2.3 12.375 0.0180268
2.3 14.625 0.018178
2.3 16.875 0.024217
2.3 19.125 0.0201306
2.3 21.375 0.0213653
2.3 23.625 0.0242148
2.3 25.875 0.0256049
2.3 28.125 0.0299276
2.3 30.375 0.0273902
2.3 32.625 0.0308718
2.3 34.875 0.0324614
2.3 37.125 0.0298975
2.3 39.375 0.0338709
2.3 41.625 0.0351209
2.3 43.875 0.0350328
2.5 1.125 0.0106444
2.5 3.375 0.010223
2.5 5.625 0.0115349
2.5 7.875 0.0107399
2.5 10.125 0.0106043
2.5 12.375 0.00968849
2.5 14.625 0.0111112
2.5 16.875 0.0121182
2.5 19.125 0.0142797
2.5 21.375 0.0134985
2.5 23.625 0.0142416
2.5 25.875 0.0163489
2.5 28.125 0.0173594
2.5 30.375 0.0205193
2.5 32.625 0.0203193
2.5 34.875 0.0212586
2.5 37.125 0.0223913
2.5 39.375 0.0216483
2.5 41.625 0.0206555
2.5 43.875 0.0241472
2.7 1.125 0.00891458
2.7 3.375 0.00916621
2.7 5.625 0.00899493
2.7 7.875 0.0082828
2.7 10.125 0.0115413
2.7 12.375 0.0085046
2.7 14.625 0.00986581
2.7 16.875 0.00875533
2.7 19.125 0.00966347
2.7 21.375 0.00920879
2.7 23.625 0.0100071
2.7 25.875 0.0102445
2.7 28.125 0.0117592
2.7 30.375 0.0116851
2.7 32.625 0.0128147
2.7 34.875 0.0136959
2.7 37.125 0.0147376
2.7 39.375 0.0149829
2.7 41.625 0.0137337
2.7 43.875 0.0143132
2.9 1.125 0.00752155
2.9 3.375 0.00801288
2.9 5.625 0.00892372
2.9 7.875 0.00736621
2.9 10.125 0.00745248
2.9 12.375 0.00688224
2.9 14.625 0.0073302
2.9 16.875 0.010093
2.9 19.125 0.00794519
2.9 21.375 0.00724573
2.9 23.625 0.00846772
2.9 25.875 0.00844451
2.9 28.125 0.00796096
2.9 30.375 0.00906
2.9 32.625 0.00910763
2.9 34.875 0.00898732
2.9 37.125 0.00976724
2.9 39.375 0.0107343
2.9 41.625 0.0108724
2.9 43.875 0.0121824
3.1 1.125 0.00738242
3.1 3.375 0.00685562
3.1 5.625 0.00826209
3.1 7.875 0.00701218
3.1 10.125 0.00609498
3.1 12.375 0.00680683
3.1 14.625 0.0064355
3.1 16.875 0.00690398
3.1 19.125 0.00611793
3.1 21.375 0.00714916
3.1 23.625 0.0068113
3.1 25.875 0.00711555
3.1 28.125 0.00851495
3.1 30.375 0.00721499
3.1 32.625 0.00752061
3.1 34.875 0.0070424
3.1 37.125 0.00712486
3.1 39.375 0.00814
3.1 41.625 0.00790514
3.1 43.875 0.00828212
3.3 1.125 0.00593578
3.3 3.375 0.00564635
3.3 5.625 0.0054258
3.3 7.875 0.00538577
3.3 10.125 0.00575433
3.3 12.375 0.00517078
3.3 14.625 0.00708878
3.3 16.875 0.00529183
3.3 19.125 0.00584892
3.3 21.375 0.0054011
3.3 23.625 0.0059892
3.3 25.875 0.00709256
3.3 28.125 0.00659972
3.3 30.375 0.00800249
3.3 32.625 0.00657387
3.3 34.875 0.00721036
3.3 37.125 0.00621876
3.3 39.375 0.00644049
3.3 41.625 0.00641383
3.3 43.875 0.00691718
3.5 1.125 0.0054806
3.5 3.375 0.0051763
3.5 5.625 0.00794403
3.5 7.875 0.008038
3.5 10.125 0.00506853
3.5 12.375 0.00521318
3.5 14.625 0.00577617
3.5 16.875 0.00539626
3.5 19.125 0.00461063
3.5 21.375 0.00578934
3.5 23.625 0.00507426
3.5 25.875 0.00575056
3.5 28.125 0.00575617
3.5 30.375 0.00500429
3.5 32.625 0.00616663
3.5 34.875 0.0053998
3.5 37.125 0.00610598
3.5 39.375 0.00544086
3.5 41.625 0.00585615
3.5 43.875 0.00531643
3.7 1.125 0.00548382
3.7 3.375 0.00465709
3.7 5.625 0.00452551
3.7 7.875 0.00471581
3.7 10.125 0.00438795
3.7 12.375 0.0107513
3.7 14.625 0.00459983
3.7 16.875 0.00485849
3.7 19.125 0.00580902
3.7 21.375 0.00471499
3.7 23.625 0.00496219
3.7 25.875 0.0050547
3.7 28.125 0.00540216
3.7 30.375 0.00553294
3.7 32.625 0.00575805
3.7 34.875 0.00503437
3.7 37.125 0.00503503
3.7 39.375 0.00534165
3.7 41.625 0.00468628
3.7 43.875 0.00449586
3.9 1.125 0.00452118
3.9 3.375 0.00489282
3.9 5.625 0.00444686
3.9 7.875 0.00468199
3.9 10.125 0.00424632
3.9 12.375 0.00437715
3.9 14.625 0.00475
3.9 16.875 0.00509011
3.9 19.125 0.00508211
3.9 21.375 0.00408368
3.9 23.625 0.0084316
3.9 25.875 0.00424907
3.9 28.125 0.00472403
3.9 30.375 0.00553695
3.9 32.625 0.004678
3.9 34.875 0.00532191
3.9 37.125 0.00482201
3.9 39.375 0.00444706
3.9 41.625 0.00420169
3.9 43.875 0.00502694
4.1 1.125 0.0041237
4.1 3.375 0.00437523
4.1 5.625 0.00405049
4.1 7.875 0.00486675
4.1 10.125 0.00475847
4.1 12.375 0.00481042
4.1 14.625 0.00410133
4.1 16.875 0.0044629
4.1 19.125 0.00466456
4.1 21.375 0.00425566
4.1 23.625 0.00423444
4.1 25.875 0.00516166
4.1 28.125 0.00481278
4.1 30.375 0.00443318
4.1 32.625 0.00496758
4.1 34.875 0.00453422
4.1 37.125 0.00394775
4.1 39.375 0.00382001
4.1 41.625 0.00386111
4.1 43.875 0.00384169
4.3 1.125 0.00406347
4.3 3.375 0.00417168
4.3 5.625 0.00405204
4.3 7.875 0.00437038
4.3 10.125 0.0040591
4.3 12.375 0.00457217
4.3 14.625 0.00463148
4.3 16.875 0.00483997
4.3 19.125 0.00469902
4.3 21.375 0.00384799
4.3 23.625 0.00359486
4.3 25.875 0.0043991
4.3 28.125 0.00442681
4.3 30.375 0.0044804
4.3 32.625 0.00391668
4.3 34.875 0.00360006
4.3 37.125 0.00377369
4.3 39.375 0.00366356
4.3 41.625 0.00344374
4.3 43.875 0.00352391
4.5 1.125 0.00351433
4.5 3.375 0.00371239
4.5 5.625 0.00351964
4.5 7.875 0.0039397
4.5 10.125 0.00354476
4.5 12.375 0.00603934
4.5 14.625 0.00404153
4.5 16.875 0.0041313
4.5 19.125 0.00428378
4.5 21.375 0.00386936
4.5 23.625 0.00411011
4.5 25.875 0.00388022
4.5 28.125 0.00394857
4.5 30.375 0.00414602
4.5 32.625 0.00355461
4.5 34.875 0.00339925
4.5 37.125 0.00374376
4.5 39.375 0.00408649
4.5 41.625 0.00334004
4.5 43.875 0.00308818
4.7 1.125 0.00355047
4.7 3.375 0.00570852
4.7 5.625 0.00337029
4.7 7.875 0.00493303
4.7 10.125 0.00333772
4.7 12.375 0.00344716
4.7 14.625 0.00399778
4.7 16.875 0.00419398
4.7 19.125 0.00374886
4.7 21.375 0.0041005
4.7 23.625 0.00374745
4.7 25.875 0.00371854
4.7 28.125 0.00383821
4.7 30.375 0.00367602
4.7 32.625 0.00347992
4.7 34.875 0.00366413
4.7 37.125 0.00344312
4.7 39.375 0.00335993
4.7 41.625 0.00348989
4.7 43.875 0.00311836
4.9 1.125 0.0033424
4.9 3.375 0.003098
4.9 5.625 0.00286673
4.9 7.875 0.00284028
4.9 10.125 0.00322281
4.9 12.375 0.00328904
4.9 14.625 0.0034952
4.9 16.875 0.00314589
4.9 19.125 0.00365541
4.9 21.375 0.00296645
4.9 23.625 0.00387152
4.9 25.875 0.00340116
4.9 28.125 0.00350207
4.9 30.375 0.00306347
4.9 32.625 0.00326374
4.9 34.875 0.00352487
4.9 37.125 0.00311442
4.9 39.375 0.00313869
4.9 41.625 0.0028546
4.9 43.875 0.00348924
5.1 1.125 0.00338717
5.1 3.375 0.00318653
5.1 5.625 0.00298825
5.1 7.875 0.00560716
5.1 10.125 0.0029472
5.1 12.375 0.00436709
5.1 14.625 0.00284251
5.1 16.875 0.00298788
5.1 19.125 0.00313842
5.1 21.375 0.00342026
5.1 23.625 0.00349837
5.1 25.875 0.00353257
5.1 28.125 0.00303392
5.1 30.375 0.00309717
5.1 32.625 0.00325141
5.1 34.875 0.00330536
5.1 37.125 0.00334594
5.1 39.375 0.00297296
5.1 41.625 0.00278504
5.1 43.875 0.00396241
5.3 1.125 0.00313029
5.3 3.375 0.00302347
5.3 5.625 0.00412354
5.3 7.875 0.00274134
5.3 10.125 0.00580617
5.3 12.375 0.00267336
5.3 14.625 0.0030134
5.3 16.875 0.00292983
5.3 19.125 0.00320749
5.3 21.375 0.00322465
5.3 23.625 0.00301346
5.3 25.875 0.00327179
5.3 28.125 0.00294618
5.3 30.375 0.00322271
5.3 32.625 0.00268126
5.3 34.875 0.00307027
5.3 37.125 0.00284144
5.3 39.375 0.00290787
5.3 41.625 0.003222
5.3 43.875 0.00326964
5.5 1.125 0.00279473
5.5 3.375 0.00296962
5.5 5.625 0.00285161
5.5 7.875 0.00268227
5.5 10.125 0.00277082
5.5 12.375 0.00315311
5.5 14.625 0.00347252
5.5 16.875 0.00274559
5.5 19.125 0.00322395
5.5 21.375 0.00544877
5.5 23.625 0.00308611
5.5 25.875 0.00290951
5.5 28.125 0.00298126
5.5 30.375 0.00394427
5.5 32.625 0.00291161
5.5 34.875 0.00298792
5.5 37.125 0.00275911
5.5 39.375 0.00324826
5.5 41.625 0.003069
5.5 43.875 0.00325494
5.7 1.125 0.00329205
5.7 3.375 0.00235732
5.7 5.625 0.00276296
5.7 7.875 0.00308076
5.7 10.125 0.00221883
5.7 12.375 0.00375808
5.7 14.625 0.00297194
5.7 16.875 0.0031676
5.7 19.125 0.00279408
5.7 21.375 0.00251918
5.7 23.625 0.00312032
5.7 25.875 0.00297642
5.7 28.125 0.00268994
5.7 30.375 0.00277784
5.7 32.625 0.00258401
5.7 34.875 0.00268969
5.7 37.125 0.003092
5.7 39.375 0.00337493
5.7 41.625 0.00268198
5.7 43.875 0.00316129
5.9 1.125 0.00266699
5.9 3.375 0.00282286
5.9 5.625 0.00298268
5.9 7.875 0.00292231
5.9 10.125 0.0025072
5.9 12.375 0.00289868
5.9 14.625 0.00262019
5.9 16.875 0.00298441
5.9 19.125 0.0026242
5.9 21.375 0.0027262
5.9 23.625 0.00269151
5.9 25.875 0.00292052
5.9 28.125 0.00323383
5.9 30.375 0.00522553
5.9 32.625 0.00237988
5.9 34.875 0.00246596
5.9 37.125 0.00308654
5.9 39.375 0.0027763
5.9 41.625 0.00321664
5.9 43.875 0.00297958
6.1 1.125 0.00287901
6.1 3.375 0.00279859
6.1 5.625 0.0026377
6.1 7.875 0.00304555
6.1 10.125 0.00276306
6.1 12.375 0.00250192
6.1 14.625 0.00286095
6.1 16.875 0.00267772
6.1 19.125 0.00282944
6.1 21.375 0.00296131
6.1 23.625 0.00282135
6.1 25.875 0.00299588
6.1 28.125 0.0026838
6.1 30.375 0.00289312
6.1 32.625 0.00289857
6.1 34.875 0.00268833
6.1 37.125 0.00239635
6.1 39.375 0.00271516
6.1 41.625 0.00486164
6.1 43.875 0.00273649
6.3 1.125 0.00288306
6.3 3.375 0.00296011
6.3 5.625 0.00248518
6.3 7.875 0.00269673
6.3 10.125 0.00234346
6.3 12.375 0.00294999
6.3 14.625 0.002771
6.3 16.875 0.00287645
6.3 19.125 0.00306681
6.3 21.375 0.00277093
6.3 23.625 0.00248801
6.3 25.875 0.00239711
6.3 28.125 0.00242151
6.3 30.375 0.0025663
6.3 32.625 0.00249816
6.3 34.875 0.00281227
6.3 37.125 0.0024272
6.3 39.375 0.00272254
6.3 41.625 0.00271586
6.3 43.875 0.00273017
6.5 1.125 0.002963
6.5 3.375 0.0026148
6.5 5.625 0.00256645
6.5 7.875 0.0022954
6.5 10.125 0.00325218
6.5 12.375 0.00255234
6.5 14.625 0.00276981
6.5 16.875 0.00273923
6.5 19.125 0.00298516
6.5 21.375 0.00286675
6.5 23.625 0.00235895
6.5 25.875 0.00237042
6.5 28.125 0.00260212
6.5 30.375 0.00237433
6.5 32.625 0.00256029
6.5 34.875 0.00228049
6.5 37.125 0.00268058
6.5 39.375 0.00259582
6.5 41.625 0.00254219
6.5 43.875 0.00249751
6.7 1.125 0.00265123
6.7 3.375 0.00226927
6.7 5.625 0.00284412
6.7 7.875 0.00258143
6.7 10.125 0.00263517
6.7 12.375 0.00296921
6.7 14.625 0.00318723
6.7 16.875 0.0024661
6.7 19.125 0.00632625
6.7 21.375 0.00251939
6.7 23.625 0.00250033
6.7 25.875 0.00249102
6.7 28.125 0.00200684
6.7 30.375 0.00294587
6.7 32.625 0.00287713
6.7 34.875 0.00276864
6.7 37.125 0.00260157
6.7 39.375 0.00252828
6.7 41.625 0.00219922
6.7 43.875 0.00301434
6.9 1.125 0.00243493
6.9 3.375 0.00238832
6.9 5.625 0.00211733
6.9 7.875 0.00251762
6.9 10.125 0.00271895
6.9 12.375 0.00317824
6.9 14.625 0.00215787
6.9 16.875 0.00266147
6.9 19.125 0.00252926
6.9 21.375 0.00252989
6.9 23.625 0.0025153
6.9 25.875 0.00224367
6.9 28.125 0.00229781
6.9 30.375 0.00189343
6.9 32.625 0.00235188
6.9 34.875 0.00246724
6.9 37.125 0.00248779
6.9 39.375 0.00240147
6.9 41.625 0.00256983
6.9 43.875 0.00244069
7.1 1.125 0.00264409
7.1 3.375 0.00244147
7.1 5.625 0.00270741
7.1 7.875 0.00251998
7.1 10.125 0.00223497
7.1 12.375 0.00208706
7.1 14.625 0.00229764
7.1 16.875 0.00247643
7.1 19.125 0.00222004
7.1 21.375 0.00272749
7.1 23.625 0.00300036
7.1 25.875 0.00269378
7.1 28.125 0.00288525
7.1 30.375 0.00235665
7.1 32.625 0.00201954
7.1 34.875 0.0027445
7.1 37.125 0.00227917
7.1 39.375 0.00277046
7.1 41.625 0.00223177
7.1 43.875 0.00259185
7.3 1.125 0.00212324
7.3 3.375 0.00636785
7.3 5.625 0.00301641
7.3 7.875 0.00253309
7.3 10.125 0.00243823
7.3 12.375 0.00243545
7.3 14.625 0.00263607
7.3 16.875 0.00303364
7.3 19.125 0.00252434
7.3 21.375 0.00231332
7.3 23.625 0.00246847
7.3 25.875 0.00240732
7.3 28.125 0.00261565
7.3 30.375 0.00244006
7.3 32.625 0.00227514
7.3 34.875 0.00245983
7.3 37.125 0.00238479
7.3 39.375 0.00248017
7.3 41.625 0.00240336
7.3 43.875 0.00206768
7.5 1.125 0.00227616
7.5 3.375 0.00274155
7.5 5.625 0.00203158
7.5 7.875 0.00281052
7.5 10.125 0.00271059
7.5 12.375 0.00211846
7.5 14.625 0.00235262
7.5 16.875 0.00297047
7.5 19.125 0.00232673
7.5 21.375 0.0026764
7.5 23.625 0.00238883
7.5 25.875 0.0022868
7.5 28.125 0.00174845
7.5 30.375 0.00299481
7.5 32.625 0.00210443
7.5 34.875 0.00240691
7.5 37.125 0.00223254
7.5 39.375 0.00226777
7.5 41.625 0.00231399
7.5 43.875 0.00212452
7.7 1.125 0.00212728
7.7 3.375 0.00271376
7.7 5.625 0.00228862
7.7 7.875 0.00248314
7.7 10.125 0.00252903
7.7 12.375 0.00267043
7.7 14.625 0.00289951
7.7 16.875 0.00197665
7.7 19.125 0.00253686
7.7 21.375 0.00689967
7.7 23.625 0.00248074
7.7 25.875 0.00266704
7.7 28.125 0.00235376
7.7 30.375 0.00599467
7.7 32.625 0.00230621
7.7 34.875 0.0022353
7.7 37.125 0.00230459
7.7 39.375 0.00239248
7.7 41.625 0.00252229
7.7 43.875 0.00213122
7.9 1.125 0.00248505
7.9 3.375 0.00242915
7.9 5.625 0.00202552
7.9 7.875 0.00219205
7.9 10.125 0.00190973
7.9 12.375 0.00243909
7.9 14.625 0.00228673
7.9 16.875 0.00222497
7.9 19.125 0.00232588
7.9 21.375 0.00223086
7.9 23.625 0.00190998
7.9 25.875 0.00274854
7.9 28.125 0.00223433
7.9 30.375 0.00194361
7.9 32.625 0.00777403
7.9 34.875 0.00309795
7.9 37.125 0.00236912
7.9 39.375 0.00236469
7.9 41.625 0.0021816
7.9 43.875 0.00223282
8.1 1.125 0.00233759
8.1 3.375 0.00254878
8.1 5.625 0.0019938
8.1 7.875 0.00215089
8.1 10.125 0.00203348
8.1 12.375 0.00174044
8.1 14.625 0.00271077
8.1 16.875 0.00214311
8.1 19.125 0.00213847
8.1 21.375 0.00263771
8.1 23.625 0.00265746
8.1 25.875 0.00223155
8.1 28.125 0.00250714
8.1 30.375 0.00217449
8.1 32.625 0.00204018
8.1 34.875 0.00217556
8.1 37.125 0.00228558
8.1 39.375 0.00207625
8.1 41.625 0.00225898
8.1 43.875 0.00189161
8.3 1.125 0.00186129
8.3 3.375 0.00271637
8.3 5.625 0.00260267
8.3 7.875 0.00280868
8.3 10.125 0.00249309
8.3 12.375 0.00226006
8.3 14.625 0.00200079
8.3 16.875 0.00246887
8.3 19.125 0.00198462
8.3 21.375 0.00215852
8.3 23.625 0.00204671
8.3 25.875 0.00202307
8.3 28.125 0.00214775
8.3 30.375 0.00220881
8.3 32.625 0.00238076
8.3 34.875 0.00235042
8.3 37.125 0.00207429
8.3 39.375 0.00231079
8.3 41.625 0.00241809
8.3 43.875 0.00288491
8.5 1.125 0.00221849
8.5 3.375 0.00204768
8.5 5.625 0.00242399
8.5 7.875 0.00226756
8.5 10.125 0.00247063
8.5 12.375 0.00214508
8.5 14.625 0.00242889
8.5 16.875 0.00232968
8.5 19.125 0.00180577
8.5 21.375 0.00303911
8.5 23.625 0.00188709
8.5 25.875 0.00211545
8.5 28.125 0.00228935
8.5 30.375 0.00197126
8.5 32.625 0.00234109
8.5 34.875 0.00248074
8.5 37.125 0.00219366
8.5 39.375 0.0023975
8.5 41.625 0.00284457
8.5 43.875 0.00276293
8.7 1.125 0.00216909
8.7 3.375 0.00193261
8.7 5.625 0.00256245
8.7 7.875 0.00194448
8.7 10.125 0.00195306
8.7 12.375 0.00240286
8.7 14.625 0.00248201
8.7 16.875 0.00622435
8.7 19.125 0.00203897
8.7 21.375 0.00194294
8.7 23.625 0.00254005
8.7 25.875 0.00197885
8.7 28.125 0.00176248
8.7 30.375 0.00218087
8.7 32.625 0.00687581
8.7 34.875 0.00320781
8.7 37.125 0.00222182
8.7 39.375 0.00204165
8.7 41.625 0.00257774
8.7 43.875 0.00236617
8.9 1.125 0.00223776
8.9 3.375 0.00235045
8.9 5.625 0.00263675
8.9 7.875 0.00243705
8.9 10.125 0.00263828
8.9 12.375 0.00235269
8.9 14.625 0.00262652
8.9 16.875 0.00228636
8.9 19.125 0.00222857
8.9 21.375 0.00231321
8.9 23.625 0.00198219
8.9 25.875 0.00296748
8.9 28.125 0.00210885
8.9 30.375 0.00234224
8.9 32.625 0.00224026
8.9 34.875 0.00238117
8.9 37.125 0.00253915
8.9 39.375 0.00232229
8.9 41.625 0.0025587
8.9 43.875 0.00254714
9.1 1.125 0.00223909
9.1 3.375 0.00168024
9.1 5.625 0.00204798
9.1 7.875 0.00211089
9.1 10.125 0.00216783
9.1 12.375 0.00266109
9.1 14.625 0.00236036
9.1 16.875 0.00221262
9.1 19.125 0.0021121
9.1 21.375 0.00175067
9.1 23.625 0.00231519
9.1 25.875 0.00192534
9.1 28.125 0.00214085
9.1 30.375 0.00250034
9.1 32.625 0.00205267
9.1 34.875 0.0023379
9.1 37.125 0.00181696
9.1 39.375 0.00242003
9.1 41.625 0.00202991
9.1 43.875 0.00233984
9.3 1.125 0.00259677
9.3 3.375 0.00209756
9.3 5.625 0.00251675
9.3 7.875 0.00292878
9.3 10.125 0.0018017
9.3 12.375 0.00255057
9.3 14.625 0.00159612
9.3 16.875 0.00270715
9.3 19.125 0.00220465
9.3 21.375 0.00212071
9.3 23.625 0.00212377
9.3 25.875 0.00231229
9.3 28.125 0.00263074
9.3 30.375 0.00232845
9.3 32.625 0.0020649
9.3 34.875 0.00222575
9.3 37.125 0.00222601
9.3 39.375 0.00212889
9.3 41.625 0.00218793
9.3 43.875 0.00221029
9.5 1.125 0.0024145
9.5 3.375 0.00249056
9.5 5.625 0.00259261
9.5 7.875 0.0025124
9.5 10.125 0.00259695
9.5 12.375 0.00248565
9.5 14.625 0.0028476
9.5 16.875 0.00231442
9.5 19.125 0.00278668
9.5 21.375 0.00317763
9.5 23.625 0.00177036
9.5 25.875 0.00223766
9.5 28.125 0.00258177
9.5 30.375 0.00269041
9.5 32.625 0.0025445
9.5 34.875 0.00186998
9.5 37.125 0.00206158
9.5 39.375 0.00286179
9.5 41.625 0.00270078
9.5 43.875 0.00290856
9.7 1.125 0.00273241
9.7 3.375 0.00144089
9.7 5.625 0.00216978
9.7 7.875 0.00235062
9.7 10.125 0.00207021
9.7 12.375 0.00248751
9.7 14.625 0.0116717
9.7 16.875 0.00211719
9.7 19.125 0.00201454
9.7 21.375 0.00198884
9.7 23.625 0.00262298
9.7 25.875 0.00181484
9.7 28.125 0.00256152
9.7 30.375 0.00260909
9.7 32.625 0.00461641
9.7 34.875 0.00181009
9.7 37.125 0.00214775
9.7 39.375 0.00237774
9.7 41.625 0.0022569
9.7 43.875 0.00237001
9.9 1.125 0.0023634
9.9 3.375 0.00665938
9.9 5.625 0.00219054
9.9 7.875 0.0019864
9.9 10.125 0.00209611
9.9 12.375 0.00213001
9.9 14.625 0.00240274
9.9 16.875 0.00247804
9.9 19.125 0.00251664
9.9 21.375 0.00242154
9.9 23.625 0.0110666
9.9 25.875 0.00195082
9.9 28.125 0.00177279
9.9 30.375 0.00179414
9.9 32.625 0.00192032
9.9 34.875 0.00230606
9.9 37.125 0.00180094
9.9 39.375 0.0023831
9.9 41.625 0.00247229
9.9 43.875 0.00169083
10.1 1.125 0.00199912
10.1 3.375 0.00188457
10.1 5.625 0.0023493
10.1 7.875 0.00236086
10.1 10.125 0.00738293
10.1 12.375 0.00229204
10.1 14.625 0.0118487
10.1 16.875 0.0020088
10.1 19.125 0.00228243
10.1 21.375 0.00169401
10.1 23.625 0.00377873
10.1 25.875 0.00190829
10.1 28.125 0.00232226
10.1 30.375 0.00221961
10.1 32.625 0.00240695
10.1 34.875 0.00230506
10.1 37.125 0.00260628
10.1 39.375 0.00245194
10.1 41.625 0.00232869
10.1 43.875 0.00215755
10.3 1.125 0.002699
10.3 3.375 0.00252683
10.3 5.625 0.00162104
10.3 7.875 0.00167205
10.3 10.125 0.00166875
10.3 12.375 0.00212411
10.3 14.625 0.00239783
10.3 16.875 0.0107653
10.3 19.125 0.00259227
10.3 21.375 0.00207636
10.3 23.625 0.00244161
10.3 25.875 0.00260575
10.3 28.125 0.00273073
10.3 30.375 0.0016317
10.3 32.625 0.00256182
10.3 34.875 0.00168256
10.3 37.125 0.00231562
10.3 39.375 0.00169802
10.3 41.625 0.0021135
10.3 43.875 0.00190593
10.5 1.125 0.00199927
10.5 3.375 0.00252997
10.5 5.625 0.0023556
10.5 7.875 0.00172913
10.5 10.125 0.00178574
10.5 12.375 0.00195935
10.5 14.625 0.00188365
10.5 16.875 0.00233167
10.5 19.125 0.0023673
10.5 21.375 0.00197084
10.5 23.625 0.0022767
10.5 25.875 0.00217465
10.5 28.125 0.00206817
10.5 30.375 0.00184699
10.5 32.625 0.00290499
10.5 34.875 0.00219861
10.5 37.125 0.00246707
10.5 39.375 0.0028697
10.5 41.625 0.00160611
10.5 43.875 0.00229721
10.7 1.125 0.00153825
10.7 3.375 0.00212365
10.7 5.625 0.0022147
10.7 7.875 0.00423019
10.7 10.125 0.0026855
10.7 12.375 0.00224578
10.7 14.625 0.00212435
10.7 16.875 0.00226866
10.7 19.125 0.00195632
10.7 21.375 0.00177239
10.7 23.625 0.00269251
10.7 25.875 0.00172575
10.7 28.125 0.00199051
10.7 30.375 0.00207747
10.7 32.625 0.00222908
10.7 34.875 0.00182259
10.7 37.125 0.00272731
10.7 39.375 0.00198602
10.7 41.625 0.00250632
10.7 43.875 0.00197462
10.9 1.125 0.00196202
10.9 3.375 0.00208648
10.9 5.625 0.00185112
10.9 7.875 0.00211424
10.9 10.125 0.00297091
10.9 12.375 0.0032813
10.9 14.625 0.00203034
10.9 16.875 0.00262602
10.9 19.125 0.00359117
10.9 21.375 0.00210096
10.9 23.625 0.001873
10.9 25.875 0.00247146
10.9 28.125 0.00235952
10.9 30.375 0.00161367
10.9 32.625 0.00241886
10.9 34.875 0.00244675
10.9 37.125 0.00154074
10.9 39.375 0.00215372
10.9 41.625 0.0015266
10.9 43.875 0.00190555
11.1 1.125 0.00138384
11.1 3.375 0.00201217
11.1 5.625 0.00273614
11.1 7.875 0.00239213
11.1 10.125 0.00200641
11.1 12.375 0.00202412
11.1 14.625 0.00170377
11.1 16.875 0.00242666
11.1 19.125 0.00157005
11.1 21.375 0.0021093
11.1 23.625 0.00251515
11.1 25.875 0.00216179
11.1 28.125 0.00226712
11.1 30.375 0.00208608
11.1 32.625 0.00165696
11.1 34.875 0.00196511
11.1 37.125 0.00179468
11.1 39.375 0.00269573
11.1 41.625 0.00288753
11.1 43.875 0.00224902
11.3 1.125 0.00177643
11.3 3.375 0.00154767
11.3 5.625 0.0023433
11.3 7.875 0.00143256
11.3 10.125 0.00239264
11.3 12.375 0.00267577
11.3 14.625 0.00278096
11.3 16.875 0.00159229
11.3 19.125 0.0359328
11.3 21.375 0.0020776
11.3 23.625 0.00210267
11.3 25.875 0.00197537
11.3 28.125 0.00169959
11.3 30.375 0.0015187
11.3 32.625 0.00173019
11.3 34.875 0.00231664
11.3 37.125 0.00173381
11.3 39.375 0.00237677
11.3 41.625 0.00229744
11.3 43.875 0.00223109
11.5 1.125 0.00183601
11.5 3.375 0.00251865
11.5 5.625 0.00244558
11.5 7.875 0.00176952
11.5 10.125 0.0012573
11.5 12.375 0.00216096
11.5 14.625 0.0018321
11.5 16.875 0.00217264
11.5 19.125 0.00313919
11.5 21.375 0.00176592
11.5 23.625 0.0025083
11.5 25.875 0.00185178
11.5 28.125 0.00177214
11.5 30.375 0.00176148
11.5 32.625 0.00195232
11.5 34.875 0.0015391
11.5 37.125 0.0018622
11.5 39.375 0.00147738
11.5 41.625 0.00211568
11.5 43.875 0.00235609
11.7 1.125 0.00213192
11.7 3.375 0.00206783
11.7 5.625 0.00201955
11.7 7.875 0.00236868
11.7 10.125 0.00160777
11.7 12.375 0.00224469
11.7 14.625 0.00184762
11.7 16.875 0.00217599
11.7 19.125 0.0019018
11.7 21.375 0.00224417
11.7 23.625 0.00171573
11.7 25.875 0.0238186
11.7 28.125 0.00248371
11.7 30.375 0.00223788
11.7 32.625 0.00161215
11.7 34.875 0.00181574
11.7 37.125 0.00139722
11.7 39.375 0.00175557
11.7 41.625 0.00174656
11.7 43.875 0.00193199
11.9 1.125 0.00205749
11.9 3.375 0.00220366
11.9 5.625 0.00210224
11.9 7.875 0.00273998
11.9 10.125 0.00253723
11.9 12.375 0.00227078
11.9 14.625 0.00155776
11.9 16.875 0.00161627
11.9 19.125 0.0015203
11.9 21.375 0.00266543
11.9 23.625 0.00256842
11.9 25.875 0.00347869
11.9 28.125 0.00266589
11.9 30.375 0.00264137
11.9 32.625 0.00153235
11.9 34.875 0.0018732
11.9 37.125 0.00220061
11.9 39.375 0.00293771
11.9 41.625 0.00212917
11.9 43.875 0.00262046
12.1 1.125 0.00592704
12.1 3.375 0.00176989
12.1 5.625 0.00165719
12.1 7.875 0.00179917
12.1 10.125 0.0033881
12.1 12.375 0.00228588
12.1 14.625 0.00234792
12.1 16.875 0.00187843
12.1 19.125 0.00453376
12.1 21.375 0.00209845
12.1 23.625 0.00162824
12.1 25.875 0.00173352
12.1 28.125 0.00278436
12.1 30.375 0.00233706
12.1 32.625 0.00176618
12.1 34.875 0.00241167
12.1 37.125 0.00171118
12.1 39.375 0.00414974
12.1 41.625 0.00107053
12.1 43.875 0.00248209
12.3 1.125 0.00211807
12.3 3.375 0.00168793
12.3 5.625 0.00210961
12.3 7.875 0.00258648
12.3 10.125 0.00196623
12.3 12.375 0.00225066
12.3 14.625 0.00207315
12.3 16.875 0.00253323
12.3 19.125 0.00247445
12.3 21.375 0.00215299
12.3 23.625 0.00237432
12.3 25.875 0.00202461
12.3 28.125 0.00234267
12.3 30.375 0.00136052
12.3 32.625 0.0018142
12.3 34.875 0.00194251
12.3 37.125 0.00212566
12.3 39.375 0.00211823
12.3 41.625 0.00173854
12.3 43.875 0.00180015
12.5 1.125 0.00166858
12.5 3.375 0.00277584
12.5 5.625 0.00217049
12.5 7.875 0.00243844
12.5 10.125 0.00296912
12.5 12.375 0.00347684
12.5 14.625 0.00298765
12.5 16.875 0.00206807
12.5 19.125 0.00307201
12.5 21.375 0.00196008
12.5 23.625 0.00169366
12.5 25.875 0.00143896
12.5 28.125 0.00143812
12.5 30.375 0.00229725
12.5 32.625 0.00318386
12.5 34.875 0.00234051
12.5 37.125 0.00308134
12.5 39.375 0.001781
12.5 41.625 0.00273238
12.5 43.875 0.00322663
12.7 1.125 0.00148947
12.7 3.375 0.0018992
12.7 5.625 0.00258726
12.7 7.875 0.00326026
12.7 10.125 0.00247975
12.7 12.375 0.00207579
12.7 14.625 0.00186901
12.7 16.875 0.00299399
12.7 19.125 0.00186406
12.7 21.375 0.00322976
12.7 23.625 0.0031761
12.7 25.875 0.00310815
12.7 28.125 0.00237803
12.7 30.375 0.0012658
12.7 32.625 0.00153043
12.7 34.875 0.00172555
12.7 37.125 0.00206367
12.7 39.375 0.00139131
12.7 41.625 0.00151391
12.9 1.125 0.00212236
12.9 3.375 0.00207555
12.9 5.625 0.00253243
12.9 7.875 0.00251084
12.9 10.125 0.00358302
12.9 12.375 0.00198082
12.9 14.625 0.00190453
12.9 16.875 0.00188053
12.9 19.125 0.00154942
12.9 21.375 0.00206257
12.9 23.625 0.00169417
12.9 25.875 0.00278079
12.9 28.125 0.0020876
12.9 32.625 0.00173284
12.9 34.875 0.00315779
12.9 37.125 0.00194617
12.9 39.375 0.0027201
12.9 41.625 0.00220897
12.9 43.875 0.00244429
13.1 1.125 0.00281807
13.1 3.375 0.0026391
13.1 5.625 0.0020434
13.1 7.875 0.00200824
13.1 10.125 0.00306053
13.1 12.375 0.00288339
13.1 14.625 0.00205286
13.1 16.875 0.00107632
13.1 19.125 0.00160621
13.1 21.375 0.0016804
13.1 23.625 0.00266044
13.1 25.875 0.00210326
13.1 28.125 0.00249203
13.1 30.375 0.00310149
13.1 32.625 0.0018197
13.1 34.875 0.00293294
13.1 37.125 0.00140549
13.1 39.375 0.00143444
13.1 41.625 0.00213715
13.1 43.875 0.0018652
13.3 1.125 0.0014571
13.3 3.375 0.00166435
13.3 5.625 0.00245032
13.3 7.875 0.00181598
13.3 12.375 0.00237461
13.3 14.625 0.00255214
13.3 16.875 0.00195886
13.3 19.125 0.00168106
13.3 21.375 0.00306224
13.3 23.625 0.0016663
13.3 25.875 0.00178763
13.3 28.125 0.00227802
13.3 30.375 0.00177356
13.3 32.625 0.00151128
13.3 34.875 0.00258385
13.3 37.125 0.00158817
13.3 39.375 0.00154479
13.3 41.625 0.00307251
13.5 1.125 0.00122017
13.5 3.375 0.0012995
13.5 5.625 0.0018762
13.5 7.875 0.0025803
13.5 10.125 0.00162028
13.5 12.375 0.00207296
13.5 14.625 0.00316059
13.5 16.875 0.00186182
13.5 19.125 0.00216642
13.5 21.375 0.00169669
13.5 23.625 0.00255164
13.5 25.875 0.00372432
13.5 28.125 0.00176773
13.5 30.375 0.0016673
13.5 32.625 0.00208028
13.5 34.875 0.00254389
13.5 37.125 0.00140256
13.5 39.375 0.00270178
13.5 41.625 0.00227176
13.5 43.875 0.00263699
13.7 1.125 0.00182684
13.7 3.375 0.00110576
13.7 5.625 0.00186511
13.7 7.875 0.00235695
13.7 10.125 0.00179136
13.7 12.375 0.00129665
13.7 14.625 0.0019817
13.7 16.875 0.00185367
13.7 19.125 0.00292469
13.7 21.375 0.00145378
13.7 23.625 0.00229799
13.7 25.875 0.00290362
13.7 28.125 0.00239516
13.7 30.375 0.00171924
13.7 32.625 0.00168977
13.7 34.875 0.00223438
13.7 37.125 0.00136547
13.7 41.625 0.00284626
13.7 43.875 0.00160034
13.9 1.125 0.00280054
13.9 7.875 0.00212107
13.9 12.375 0.00159462
13.9 14.625 0.00210107
13.9 19.125 0.00290668
13.9 21.375 0.0015432
13.9 23.625 0.00178641
13.9 25.875 0.00237112
13.9 28.125 0.00211491
13.9 30.375 0.00183687
13.9 32.625 0.00119002
13.9 34.875 0.00230527
13.9 39.375 0.00169493
13.9 41.625 0.0013837
13.9 43.875 0.00143745
