0.1 1.125 3.72029
0.1 3.375 3.70458
0.1 5.625 3.72474
0.1 7.875 3.29652
0.1 10.125 3.15422
0.1 12.375 2.65619
0.1 14.625 1.16207
0.1 16.875 1.41093
0.1 19.125 2.30832
0.1 21.375 1.19968
0.1 23.625 3.33347
0.1 25.875 2.75799
0.1 28.125 2.51802
0.1 30.375 2.24356
0.1 32.625 3.679
0.1 34.875 1.8651
0.1 37.125 2.46523
0.1 39.375 3.73194
0.1 41.625 3.67281
0.1 43.875 3.77953
0.3 1.125 3.63335
0.3 3.375 3.5523
0.3 5.625 3.52732
0.3 7.875 3.66657
0.3 10.125 3.69312
0.3 12.375 3.68931
0.3 14.625 3.66737
0.3 16.875 3.66458
0.3 19.125 3.68701
0.3 21.375 3.54307
0.3 23.625 3.67307
0.3 25.875 3.42359
0.3 28.125 3.5624
0.3 30.375 3.69198
0.3 32.625 3.58127
0.3 34.875 3.67785
0.3 37.125 3.58186
0.3 39.375 3.70421
0.3 41.625 3.67441
0.3 43.875 3.67156
0.5 1.125 3.20028
0.5 3.375 3.48624
0.5 5.625 3.47043
0.5 7.875 3.60974
0.5 10.125 3.43383
0.5 12.375 3.57524
0.5 14.625 3.54772
0.5 16.875 3.61559
0.5 19.125 3.61208
0.5 21.375 3.62704
0.5 23.625 3.62201
0.5 25.875 3.60889
0.5 28.125 3.54248
0.5 30.375 3.64389
0.5 32.625 3.51289
0.5 34.875 3.54662
0.5 37.125 3.50368
0.5 39.375 3.55717
0.5 41.625 3.61945
0.5 43.875 3.47855
0.7 1.125 3.23299
0.7 3.375 3.31959
0.7 5.625 3.45783
0.7 7.875 3.29667
0.7 10.125 3.39863
0.7 12.375 3.42205
0.7 14.625 3.45574
0.7 16.875 3.44182
0.7 19.125 3.45513
0.7 21.375 3.44516
0.7 23.625 3.44261
0.7 25.875 3.46022
0.7 28.125 3.46658
0.7 30.375 3.43119
0.7 32.625 3.45728
0.7 34.875 3.47494
0.7 37.125 3.39629
0.7 39.375 3.38509
0.7 41.625 3.45123
0.7 43.875 3.38697
0.9 1.125 2.93231
0.9 3.375 2.97997
0.9 5.625 3.04667
0.9 7.875 3.02458
0.9 10.125 3.06689
0.9 12.375 3.11047
0.9 14.625 3.09154
0.9 16.875 3.09817
0.9 19.125 3.15787
0.9 21.375 3.18736
0.9 23.625 3.11444
0.9 25.875 3.14261
0.9 28.125 3.0903
0.9 30.375 3.20437
0.9 32.625 3.26145
0.9 34.875 3.29455
0.9 37.125 3.19186
0.9 39.375 3.24613
0.9 41.625 3.2514
0.9 43.875 3.15013
1.1 1.125 2.35312
1.1 3.375 2.35513
1.1 5.625 2.3439
1.1 7.875 2.43781
1.1 10.125 2.33979
1.1 12.375 2.45831
1.1 14.625 2.42369
1.1 16.875 2.53931
1.1 19.125 2.52289
1.1 21.375 2.64403
1.1 23.625 2.68227
1.1 25.875 2.72716
1.1 28.125 2.76025
1.1 30.375 2.76199
1.1 32.625 2.86999
1.1 34.875 2.93407
1.1 37.125 3.01246
1.1 39.375 2.99436
1.1 41.625 2.98863
1.1 43.875 2.93828
1.3 1.125 1.36989
1.3 3.375 1.33719
1.3 5.625 1.40714
1.3 7.875 1.3829
1.3 10.125 1.45123
1.3 12.375 1.49798
1.3 14.625 1.53141
1.3 16.875 1.62867
1.3 19.125 1.52926
1.3 21.375 1.63209
1.3 23.625 1.83469
1.3 25.875 1.95061
1.3 28.125 2.00241
1.3 30.375 2.11422
1.3 32.625 2.24891
1.3 34.875 2.31555
1.3 37.125 2.4098
1.3 39.375 2.47602
1.3 41.625 2.49833
1.3 43.875 2.5345
1.5 1.125 0.731231
1.5 3.375 0.73112
1.5 5.625 0.750437
1.5 7.875 0.823132
1.5 10.125 0.770716
1.5 12.375 0.777894
1.5 14.625 0.821977
1.5 16.875 0.839521
1.5 19.125 0.870118
1.5 21.375 0.917148
1.5 23.625 0.942025
1.5 25.875 1.04599
1.5 28.125 1.07895
1.5 30.375 1.10623
1.5 32.625 1.27276
1.5 34.875 1.39866
1.5 37.125 1.56734
1.5 39.375 1.64673
1.5 41.625 1.7696
1.5 43.875 1.86764
1.7 1.125 0.398758
1.7 3.375 0.421645
1.7 5.625 0.415288
1.7 7.875 0.446987
1.7 10.125 0.458114
1.7 12.375 0.44829
1.7 14.625 0.477043
1.7 16.875 0.466524
1.7 19.125 0.46652
1.7 21.375 0.489428
1.7 23.625 0.518316
1.7 25.875 0.549227
1.7 28.125 0.574389
1.7 30.375 0.593352
1.7 32.625 0.622399
1.7 34.875 0.693987
1.7 37.125 0.751196
1.7 39.375 0.76934
1.7 41.625 0.821108
1.7 43.875 0.715867
1.9 1.125 0.243007
1.9 3.375 0.254638
1.9 5.625 0.249987
1.9 7.875 0.261312
1.9 10.125 0.273661
1.9 12.375 0.278412
1.9 14.625 0.286362
1.9 16.875 0.287756
1.9 19.125 0.293464
1.9 21.375 0.292767
1.9 23.625 0.303099
1.9 25.875 0.329487
1.9 28.125 0.346805
1.9 30.375 0.352783
1.9 32.625 0.368203
1.9 34.875 0.4169
1.9 37.125 0.414372
1.9 39.375 0.460507
1.9 41.625 0.491625
1.9 43.875 0.47751
2.1 1.125 0.159046
2.1 3.375 0.168682
2.1 5.625 0.172668
2.1 7.875 0.168902
2.1 10.125 0.176795
2.1 12.375 0.186266
2.1 14.625 0.180867
2.1 16.875 0.185854
2.1 19.125 0.19136
2.1 21.375 0.197349
2.1 23.625 0.197137
2.1 25.875 0.210979
2.1 28.125 0.214462
2.1 30.375 0.226503
2.1 32.625 0.234559
2.1 34.875 0.258718
2.1 37.125 0.273914
2.1 39.375 0.275437
2.1 41.625 0.306108
2.1 43.875 0.299663
2.3 1.125 0.107074
2.3 3.375 0.113355
2.3 5.625 0.115869
2.3 7.875 0.118415
2.3 10.125 0.119073
2.3 12.375 0.121366
2.3 14.625 0.124364
2.3 16.875 0.126862
2.3 19.125 0.12752
2.3 21.375 0.130897
2.3 23.625 0.133793
2.3 25.875 0.140899
2.3 28.125 0.147912
2.3 30.375 0.156277
2.3 32.625 0.167841
2.3 34.875 0.172625
2.3 37.125 0.179782
2.3 39.375 0.18979
2.3 41.625 0.188977
2.3 43.875 0.188411
2.5 1.125 0.0790726
2.5 3.375 0.0870928
2.5 5.625 0.0863616
2.5 7.875 0.0886419
2.5 10.125 0.0867101
2.5 12.375 0.0847803
2.5 14.625 0.0851611
2.5 16.875 0.0857695
2.5 19.125 0.0892678
2.5 21.375 0.0952481
2.5 23.625 0.0966856
2.5 25.875 0.0976351
2.5 28.125 0.108102
2.5 30.375 0.110392
2.5 32.625 0.116228
2.5 34.875 0.118023
2.5 37.125 0.129943
2.5 39.375 0.127288
2.5 41.625 0.127222
2.5 43.875 0.124445
2.7 1.125 0.0654262
2.7 3.375 0.0696159
2.7 5.625 0.066917
2.7 7.875 0.0667455
2.7 10.125 0.0630178
2.7 12.375 0.0676857
2.7 14.625 0.0684102
2.7 16.875 0.0677829
2.7 19.125 0.0680048
2.7 21.375 0.0684262
2.7 23.625 0.0696663
2.7 25.875 0.0765938
2.7 28.125 0.0770962
2.7 30.375 0.094501
2.7 32.625 0.103123
2.7 34.875 0.0868581
2.7 37.125 0.0819533
2.7 39.375 0.0849748
2.7 41.625 0.0913795
2.7 43.875 0.0840482
2.9 1.125 0.0510012
2.9 3.375 0.0516478
2.9 5.625 0.0516704
2.9 7.875 0.053508
2.9 10.125 0.0515508
2.9 12.375 0.0518746
2.9 14.625 0.0544889
2.9 16.875 0.0532555
2.9 19.125 0.0553062
2.9 21.375 0.0660201
2.9 23.625 0.0576085
2.9 25.875 0.0580459
2.9 28.125 0.0605184
2.9 30.375 0.0602464
2.9 32.625 0.0651422
2.9 34.875 0.0631518
2.9 37.125 0.0607384
2.9 39.375 0.0611549
2.9 41.625 0.0603682
2.9 43.875 0.0614231
3.1 1.125 0.043074
3.1 3.375 0.0409918
3.1 5.625 0.0408172
3.1 7.875 0.0417857
3.1 10.125 0.0462078
3.1 12.375 0.0443739
3.1 14.625 0.0421502
3.1 16.875 0.041704
3.1 19.125 0.0435747
3.1 21.375 0.0445003
3.1 23.625 0.0484482
3.1 25.875 0.045752
3.1 28.125 0.05085
3.1 30.375 0.0501947
3.1 32.625 0.0502389
3.1 34.875 0.0508312
3.1 37.125 0.0499882
3.1 39.375 0.0489607
3.1 41.625 0.048173
3.1 43.875 0.0511089
3.3 1.125 0.033428
3.3 3.375 0.0335101
3.3 5.625 0.0342262
3.3 7.875 0.0329638
3.3 10.125 0.0346271
3.3 12.375 0.0339736
3.3 14.625 0.0355464
3.3 16.875 0.0362381
3.3 19.125 0.0333965
3.3 21.375 0.0380176
3.3 23.625 0.0400859
3.3 25.875 0.0371614
3.3 28.125 0.0416551
3.3 30.375 0.0418329
3.3 32.625 0.0410851
3.3 34.875 0.0409966
3.3 37.125 0.0398542
3.3 39.375 0.041266
3.3 41.625 0.0395047
3.3 43.875 0.0379465
3.5 1.125 0.0272912
3.5 3.375 0.0295592
3.5 5.625 0.0275539
3.5 7.875 0.028077
3.5 10.125 0.0271483
3.5 12.375 0.0268128
3.5 14.625 0.0257605
3.5 16.875 0.0270462
3.5 19.125 0.0278141
3.5 21.375 0.0292115
3.5 23.625 0.0325128
3.5 25.875 0.0318617
3.5 28.125 0.0322328
3.5 30.375 0.033652
3.5 32.625 0.0330236
3.5 34.875 0.0333546
3.5 37.125 0.0333639
3.5 39.375 0.03222
3.5 41.625 0.0342948
3.5 43.875 0.0324052
3.7 1.125 0.0237984
3.7 3.375 0.0242584
3.7 5.625 0.023327
3.7 7.875 0.0224396
3.7 10.125 0.0227901
3.7 12.375 0.0242461
3.7 14.625 0.0223922
3.7 16.875 0.02184
3.7 19.125 0.0248199
3.7 21.375 0.0231739
3.7 23.625 0.0268336
3.7 25.875 0.0283453
3.7 28.125 0.0284345
3.7 30.375 0.0319778
3.7 32.625 0.0263268
3.7 34.875 0.0271755
3.7 37.125 0.0260959
3.7 39.375 0.0264383
3.7 41.625 0.027302
3.7 43.875 0.025512
3.9 1.125 0.0212523
3.9 3.375 0.019775
3.9 5.625 0.0220746
3.9 7.875 0.0217153
3.9 10.125 0.020631
3.9 12.375 0.0203248
3.9 14.625 0.018786
3.9 16.875 0.0207265
3.9 19.125 0.0210519
3.9 21.375 0.0225717
3.9 23.625 0.0223737
3.9 25.875 0.0229863
3.9 28.125 0.0219161
3.9 30.375 0.0216661
3.9 32.625 0.0225759
3.9 34.875 0.0229831
3.9 37.125 0.0217698
3.9 39.375 0.0223561
3.9 41.625 0.0229978
3.9 43.875 0.0225089
4.1 1.125 0.0177176
4.1 3.375 0.0176965
4.1 5.625 0.0182733
4.1 7.875 0.0244943
4.1 10.125 0.0176393
4.1 12.375 0.0175844
4.1 14.625 0.0170631
4.1 16.875 0.0185804
4.1 19.125 0.0189208
4.1 21.375 0.0212361
4.1 23.625 0.0185875
4.1 25.875 0.0188867
4.1 28.125 0.0192531
4.1 30.375 0.0177612
4.1 32.625 0.0188788
4.1 34.875 0.0193664
4.1 37.125 0.0177431
4.1 39.375 0.0180181
4.1 41.625 0.0176305
4.1 43.875 0.0182429
4.3 1.125 0.0154915
4.3 3.375 0.0154006
4.3 5.625 0.0159084
4.3 7.875 0.0148819
4.3 10.125 0.0150478
4.3 12.375 0.0149997
4.3 14.625 0.0149947
4.3 16.875 0.0163052
4.3 19.125 0.0167963
4.3 21.375 0.0164504
4.3 23.625 0.0171377
4.3 25.875 0.0164881
4.3 28.125 0.0163296
4.3 30.375 0.0161941
4.3 32.625 0.0160889
4.3 34.875 0.0138892
4.3 37.125 0.014887
4.3 39.375 0.0154417
4.3 41.625 0.0152872
4.3 43.875 0.0153183
4.5 1.125 0.0126858
4.5 3.375 0.0123926
4.5 5.625 0.0122321
4.5 7.875 0.01355
4.5 10.125 0.0128655
4.5 12.375 0.0131469
4.5 14.625 0.0144775
4.5 16.875 0.0191158
4.5 19.125 0.0143171
4.5 21.375 0.0148681
4.5 23.625 0.0146615
4.5 25.875 0.0145154
4.5 28.125 0.015126
4.5 30.375 0.0148956
4.5 32.625 0.0147659
4.5 34.875 0.012307
4.5 37.125 0.0126437
4.5 39.375 0.0123981
4.5 41.625 0.0126584
4.5 43.875 0.013356
4.7 1.125 0.0173321
4.7 3.375 0.0146173
4.7 5.625 0.0104725
4.7 7.875 0.0106739
4.7 10.125 0.0107903
4.7 12.375 0.0129761
4.7 14.625 0.0117708
4.7 16.875 0.0131718
4.7 19.125 0.0120252
4.7 21.375 0.0127009
4.7 23.625 0.0123627
4.7 25.875 0.0125569
4.7 28.125 0.0123501
4.7 30.375 0.0121329
4.7 32.625 0.0117082
4.7 34.875 0.0115064
4.7 37.125 0.011361
4.7 39.375 0.011617
4.7 41.625 0.0109884
4.7 43.875 0.0102981
4.9 1.125 0.00943727
4.9 3.375 0.00953024
4.9 5.625 0.00968266
4.9 7.875 0.00931081
4.9 10.125 0.00927696
4.9 12.375 0.00946355
4.9 14.625 0.00999028
4.9 16.875 0.0106749
4.9 19.125 0.0101123
4.9 21.375 0.0104599
4.9 23.625 0.0105272
4.9 25.875 0.0102859
4.9 28.125 0.0107679
4.9 30.375 0.0104005
4.9 32.625 0.0103836
4.9 34.875 0.0104007
4.9 37.125 0.0105483
4.9 39.375 0.0103986
4.9 41.625 0.00928127
4.9 43.875 0.008145
5.1 1.125 0.00876093
5.1 3.375 0.00988307
5.1 5.625 0.00840531
5.1 7.875 0.00822026
5.1 10.125 0.00791813
5.1 12.375 0.00889338
5.1 14.625 0.00905003
5.1 16.875 0.00876612
5.1 19.125 0.00905121
5.1 21.375 0.00923296
5.1 23.625 0.00911946
5.1 25.875 0.00944607
5.1 28.125 0.0107931
5.1 30.375 0.0087413
5.1 32.625 0.00912443
5.1 34.875 0.00911198
5.1 37.125 0.00940259
5.1 39.375 0.00805031
5.1 41.625 0.00813806
5.1 43.875 0.00852127
5.3 1.125 0.0071442
5.3 3.375 0.0106245
5.3 5.625 0.00746523
5.3 7.875 0.0068974
5.3 10.125 0.00820513
5.3 12.375 0.00916691
5.3 14.625 0.0083674
5.3 16.875 0.00731115
5.3 19.125 0.0103638
5.3 21.375 0.00847786
5.3 23.625 0.0078086
5.3 25.875 0.00720059
5.3 28.125 0.00891114
5.3 30.375 0.00773829
5.3 32.625 0.0081143
5.3 34.875 0.0112326
5.3 37.125 0.00750874
5.3 39.375 0.00773896
5.3 41.625 0.00721054
5.3 43.875 0.00776696
5.5 1.125 0.00722093
5.5 3.375 0.00643843
5.5 5.625 0.0108399
5.5 7.875 0.00683337
5.5 10.125 0.00704243
5.5 12.375 0.00687568
5.5 14.625 0.0091487
5.5 16.875 0.00686795
5.5 19.125 0.00709182
5.5 21.375 0.00719115
5.5 23.625 0.00955836
5.5 25.875 0.00673223
5.5 28.125 0.00896017
5.5 30.375 0.00673891
5.5 32.625 0.00720405
5.5 34.875 0.00686005
5.5 37.125 0.00714226
5.5 39.375 0.00644878
5.5 41.625 0.0070962
5.5 43.875 0.00741563
5.7 1.125 0.0112822
5.7 3.375 0.00638491
5.7 5.625 0.00601786
5.7 7.875 0.00630418
5.7 10.125 0.00577626
5.7 12.375 0.00614556
5.7 14.625 0.00580133
5.7 16.875 0.00637244
5.7 19.125 0.00632118
5.7 21.375 0.007124
5.7 23.625 0.00643317
5.7 25.875 0.0064277
5.7 28.125 0.00655711
5.7 30.375 0.00632044
5.7 32.625 0.00648823
5.7 34.875 0.00664794
5.7 37.125 0.00984333
5.7 39.375 0.00647671
5.7 41.625 0.00598232
5.7 43.875 0.0065568
5.9 1.125 0.00520107
5.9 3.375 0.0050848
5.9 5.625 0.00545445
5.9 7.875 0.00531047
5.9 10.125 0.00509753
5.9 12.375 0.00578436
5.9 14.625 0.00570047
5.9 16.875 0.00892558
5.9 19.125 0.0059488
5.9 21.375 0.00588374
5.9 23.625 0.00610962
5.9 25.875 0.00538197
5.9 28.125 0.00580894
5.9 30.375 0.00588023
5.9 32.625 0.0055298
5.9 34.875 0.00527585
5.9 37.125 0.00565114
5.9 39.375 0.00631324
5.9 41.625 0.00553664
5.9 43.875 0.00587883
6.1 1.125 0.00480996
6.1 3.375 0.00505351
6.1 5.625 0.00479631
6.1 7.875 0.00715009
6.1 10.125 0.0047513
6.1 12.375 0.0046334
6.1 14.625 0.00514865
6.1 16.875 0.00548563
6.1 19.125 0.00523982
6.1 21.375 0.00640957
6.1 23.625 0.00559452
6.1 25.875 0.00514204
6.1 28.125 0.00541084
6.1 30.375 0.00518663
6.1 32.625 0.00478263
6.1 34.875 0.00584279
6.1 37.125 0.00511991
6.1 39.375 0.00507165
6.1 41.625 0.0050256
6.1 43.875 0.0103953
6.3 1.125 0.00460704
6.3 3.375 0.00454667
6.3 5.625 0.00488224
6.3 7.875 0.00459129
6.3 10.125 0.00448795
6.3 12.375 0.0045221
6.3 14.625 0.00469633
6.3 16.875 0.00480245
6.3 19.125 0.00498387
6.3 21.375 0.00487026
6.3 23.625 0.00483907
6.3 25.875 0.00496949
6.3 28.125 0.00491619
6.3 30.375 0.00456924
6.3 32.625 0.00467438
6.3 34.875 0.00451805
6.3 37.125 0.0124223
6.3 39.375 0.00476296
6.3 41.625 0.00527538
6.3 43.875 0.00480188
6.5 1.125 0.00436502
6.5 3.375 0.0101221
6.5 5.625 0.00416952
6.5 7.875 0.00431329
6.5 10.125 0.00668208
6.5 12.375 0.00440947
6.5 14.625 0.0063172
6.5 16.875 0.00463471
6.5 19.125 0.00463889
6.5 21.375 0.00448818
6.5 23.625 0.00465378
6.5 25.875 0.00412361
6.5 28.125 0.00430709
6.5 30.375 0.00444622
6.5 32.625 0.00449699
6.5 34.875 0.00435615
6.5 37.125 0.00436824
6.5 39.375 0.0045706
6.5 41.625 0.0044675
6.5 43.875 0.00429808
6.7 1.125 0.00430598
6.7 3.375 0.00412196
6.7 5.625 0.00474498
6.7 7.875 0.00413662
6.7 10.125 0.00427335
6.7 12.375 0.00436107
6.7 14.625 0.00423804
6.7 16.875 0.00426302
6.7 19.125 0.00404391
6.7 21.375 0.00412948
6.7 23.625 0.0039266
6.7 25.875 0.00440687
6.7 28.125 0.0097244
6.7 30.375 0.00396398
6.7 32.625 0.00378576
6.7 34.875 0.00417756
6.7 37.125 0.00435072
6.7 39.375 0.00431699
6.7 41.625 0.00402542
6.7 43.875 0.00998669
6.9 1.125 0.00393715
6.9 3.375 0.00459733
6.9 5.625 0.00436869
6.9 7.875 0.0075066
6.9 10.125 0.0131059
6.9 12.375 0.00427711
6.9 14.625 0.00501132
6.9 16.875 0.00366729
6.9 19.125 0.00424722
6.9 21.375 0.00405524
6.9 23.625 0.00428358
6.9 25.875 0.00391187
6.9 28.125 0.00425309
6.9 30.375 0.00385155
6.9 32.625 0.00365493
6.9 34.875 0.00359805
6.9 37.125 0.00492581
6.9 39.375 0.00369252
6.9 41.625 0.00423515
6.9 43.875 0.00398101
7.1 1.125 0.0102275
7.1 3.375 0.00372995
7.1 5.625 0.00949353
7.1 7.875 0.00354147
7.1 10.125 0.00538397
7.1 12.375 0.00641773
7.1 14.625 0.00372124
7.1 16.875 0.00363883
7.1 19.125 0.00377923
7.1 21.375 0.00390592
7.1 23.625 0.00452005
7.1 25.875 0.00364457
7.1 28.125 0.00383513
7.1 30.375 0.00341801
7.1 32.625 0.00336586
7.1 34.875 0.00357417
7.1 37.125 0.00364149
7.1 39.375 0.00400564
7.1 41.625 0.00376744
7.1 43.875 0.00461571
7.3 1.125 0.00354539
7.3 3.375 0.00360046
7.3 5.625 0.00345084
7.3 7.875 0.00356793
7.3 10.125 0.00352028
7.3 12.375 0.00336478
7.3 14.625 0.0112323
7.3 16.875 0.00377467
7.3 19.125 0.00344139
7.3 21.375 0.00332594
7.3 23.625 0.00356982
7.3 25.875 0.00331588
7.3 28.125 0.00501421
7.3 30.375 0.00318828
7.3 32.625 0.00329186
7.3 34.875 0.00339471
7.3 37.125 0.00361858
7.3 39.375 0.00327045
7.3 41.625 0.00365677
7.3 43.875 0.00367134
7.5 1.125 0.00315971
7.5 3.375 0.00987085
7.5 5.625 0.0032455
7.5 7.875 0.0057957
7.5 10.125 0.00341869
7.5 12.375 0.00375446
7.5 14.625 0.00343587
7.5 16.875 0.003467
7.5 19.125 0.00412959
7.5 21.375 0.00691005
7.5 23.625 0.00585235
7.5 25.875 0.00347312
7.5 28.125 0.00321547
7.5 30.375 0.00336443
7.5 32.625 0.00992231
7.5 34.875 0.00340914
7.5 37.125 0.00337818
7.5 39.375 0.00330963
7.5 41.625 0.00317728
7.5 43.875 0.00325074
7.7 1.125 0.00319671
7.7 3.375 0.00700584
7.7 5.625 0.00490361
7.7 7.875 0.00323749
7.7 10.125 0.00331814
7.7 12.375 0.0099276
7.7 14.625 0.00315966
7.7 16.875 0.00321451
7.7 19.125 0.00343531
7.7 21.375 0.00321209
7.7 23.625 0.00330474
7.7 25.875 0.00300918
7.7 28.125 0.00361209
7.7 30.375 0.00372135
7.7 32.625 0.00331598
7.7 34.875 0.00315117
7.7 37.125 0.00326121
7.7 39.375 0.00322628
7.7 41.625 0.00325053
7.7 43.875 0.00352785
7.9 1.125 0.00305543
7.9 3.375 0.00297261
7.9 5.625 0.0060356
7.9 7.875 0.00319219
7.9 10.125 0.0031617
7.9 12.375 0.00700879
7.9 14.625 0.00361125
7.9 16.875 0.0113484
7.9 19.125 0.00308037
7.9 21.375 0.00878155
7.9 23.625 0.00312004
7.9 25.875 0.0029148
7.9 28.125 0.0138831
7.9 30.375 0.00314433
7.9 32.625 0.00304362
7.9 34.875 0.00300244
7.9 37.125 0.00293304
7.9 39.375 0.00293025
7.9 41.625 0.00337036
7.9 43.875 0.00308585
8.1 1.125 0.00372903
8.1 3.375 0.0037615
8.1 5.625 0.00286244
8.1 7.875 0.00306802
8.1 10.125 0.00282378
8.1 12.375 0.00766566
8.1 14.625 0.00450287
8.1 16.875 0.00289256
8.1 19.125 0.0030929
8.1 21.375 0.00319482
8.1 23.625 0.00283915
8.1 25.875 0.00293215
8.1 28.125 0.00303891
8.1 30.375 0.00289343
8.1 32.625 0.00312989
8.1 34.875 0.00481501
8.1 37.125 0.00310304
8.1 39.375 0.00333947
8.1 41.625 0.0029685
8.1 43.875 0.00313032
8.3 1.125 0.00267046
8.3 3.375 0.0027477
8.3 5.625 0.0134304
8.3 7.875 0.00315798
8.3 10.125 0.00664504
8.3 12.375 0.00267139
8.3 14.625 0.00383789
8.3 16.875 0.0118998
8.3 19.125 0.00290598
8.3 21.375 0.00265872
8.3 23.625 0.00886277
8.3 25.875 0.0029143
8.3 28.125 0.00943244
8.3 30.375 0.0030732
8.3 32.625 0.00275902
8.3 34.875 0.00307066
8.3 37.125 0.00299138
8.3 39.375 0.00281272
8.3 41.625 0.00282326
8.3 43.875 0.00294002
8.5 1.125 0.00259822
8.5 3.375 0.00302167
8.5 5.625 0.00299903
8.5 7.875 0.00289721
8.5 10.125 0.0027625
8.5 12.375 0.00303965
8.5 14.625 0.00264173
8.5 16.875 0.0027069
8.5 19.125 0.00268509
8.5 21.375 0.00302255
8.5 23.625 0.00270021
8.5 25.875 0.00291717
8.5 28.125 0.00318342
8.5 30.375 0.0026325
8.5 32.625 0.00307539
8.5 34.875 0.00328335
8.5 37.125 0.00344592
8.5 39.375 0.00308076
8.5 41.625 0.00301382
8.5 43.875 0.00260952
8.7 1.125 0.00281951
8.7 3.375 0.0079368
8.7 5.625 0.00261571
8.7 7.875 0.00268913
8.7 10.125 0.00288918
8.7 12.375 0.00264611
8.7 14.625 0.0030056
8.7 16.875 0.00265208
8.7 19.125 0.00256323
8.7 21.375 0.00265109
8.7 23.625 0.00258805
8.7 25.875 0.002853
8.7 28.125 0.00296879
8.7 30.375 0.00255032
8.7 32.625 0.0027458
8.7 34.875 0.00601214
8.7 37.125 0.00262937
8.7 39.375 0.00295775
8.7 41.625 0.0138555
8.7 43.875 0.00275172
8.9 1.125 0.00295916
8.9 3.375 0.00269233
8.9 5.625 0.00277582
8.9 7.875 0.0170886
8.9 10.125 0.00262928
8.9 12.375 0.00593235
8.9 14.625 0.00267946
8.9 16.875 0.00316697
8.9 19.125 0.00271746
8.9 21.375 0.0029385
8.9 23.625 0.00279617
8.9 25.875 0.0024821
8.9 28.125 0.00267656
8.9 30.375 0.00295383
8.9 32.625 0.00480986
8.9 34.875 0.00390126
8.9 37.125 0.00269067
8.9 39.375 0.00284942
8.9 41.625 0.00259384
8.9 43.875 0.00249759
9.1 1.125 0.0139592
9.1 3.375 0.00260786
9.1 5.625 0.00283466
9.1 7.875 0.00264968
9.1 10.125 0.00259476
9.1 12.375 0.00275305
9.1 14.625 0.00260324
9.1 16.875 0.00326516
9.1 19.125 0.00629887
9.1 21.375 0.00244912
9.1 23.625 0.00246425
9.1 25.875 0.00713013
9.1 28.125 0.00287875
9.1 30.375 0.0121208
9.1 32.625 0.00296249
9.1 34.875 0.00339983
9.1 37.125 0.00280619
9.1 39.375 0.00231397
9.1 41.625 0.002415
9.1 43.875 0.014843
9.3 1.125 0.00225128
9.3 3.375 0.00228624
9.3 5.625 0.0118071
9.3 7.875 0.00274651
9.3 10.125 0.00651744
9.3 12.375 0.00270791
9.3 14.625 0.00267585
9.3 16.875 0.00264231
9.3 19.125 0.00243313
9.3 21.375 0.00265338
9.3 23.625 0.00268559
9.3 25.875 0.00262057
9.3 28.125 0.00262332
9.3 30.375 0.0028734
9.3 32.625 0.0025635
9.3 34.875 0.00309196
9.3 37.125 0.00253269
9.3 39.375 0.00286575
9.3 41.625 0.00782792
9.3 43.875 0.0035115
9.5 1.125 0.00230321
9.5 3.375 0.00235964
9.5 5.625 0.00504865
9.5 7.875 0.00503662
9.5 10.125 0.00247239
9.5 12.375 0.0040932
9.5 14.625 0.00234313
9.5 16.875 0.00294355
9.5 19.125 0.00242485
9.5 21.375 0.00256835
9.5 23.625 0.00307973
9.5 25.875 0.0031246
9.5 28.125 0.00249254
9.5 30.375 0.00245128
9.5 32.625 0.00266949
9.5 34.875 0.0029666
9.5 37.125 0.00269788
9.5 39.375 0.00289635
9.5 41.625 0.0038725
9.5 43.875 0.0023707
9.7 1.125 0.00213415
9.7 3.375 0.0164162
9.7 5.625 0.00264668
9.7 7.875 0.00387182
9.7 10.125 0.00270929
9.7 12.375 0.00286401
9.7 14.625 0.0027251
9.7 16.875 0.0031217
9.7 19.125 0.00289533
9.7 21.375 0.00247835
9.7 23.625 0.00237158
9.7 25.875 0.0142931
9.7 28.125 0.00239199
9.7 30.375 0.00264001
9.7 32.625 0.00261846
9.7 34.875 0.00440753
9.7 37.125 0.00256125
9.7 39.375 0.00262099
9.7 41.625 0.00229146
9.7 43.875 0.0024783
9.9 1.125 0.00265254
9.9 3.375 0.00240882
9.9 5.625 0.0025273
9.9 7.875 0.00872311
9.9 10.125 0.00278165
9.9 12.375 0.00256308
9.9 14.625 0.00278369
9.9 16.875 0.0030867
9.9 19.125 0.00700862
9.9 21.375 0.00243055
9.9 23.625 0.00603977
9.9 25.875 0.00232936
9.9 28.125 0.00392472
9.9 30.375 0.00278848
9.9 32.625 0.00225123
9.9 34.875 0.00251601
9.9 37.125 0.00235106
9.9 39.375 0.0190628
9.9 41.625 0.00221513
9.9 43.875 0.00276678
10.1 1.125 0.0339688
10.1 3.375 0.00244781
10.1 5.625 0.00239568
10.1 7.875 0.00276056
10.1 10.125 0.00295419
10.1 12.375 0.00233912
10.1 14.625 0.00242327
10.1 16.875 0.00226694
10.1 19.125 0.00237466
10.1 21.375 0.00333914
10.1 23.625 0.00264879
10.1 25.875 0.00250168
10.1 28.125 0.00265254
10.1 30.375 0.00317207
10.1 32.625 0.00265539
10.1 34.875 0.00229348
10.1 37.125 0.00229146
10.1 39.375 0.00258533
10.1 41.625 0.00225569
10.1 43.875 0.00349708
10.3 1.125 0.0022365
10.3 3.375 0.0022694
10.3 5.625 0.00246718
10.3 7.875 0.00218287
10.3 10.125 0.00210031
10.3 12.375 0.0262054
10.3 14.625 0.00404791
10.3 16.875 0.00226644
10.3 19.125 0.00261852
10.3 21.375 0.00276287
10.3 23.625 0.00228613
10.3 25.875 0.00256687
10.3 28.125 0.0035644
10.3 30.375 0.00239814
10.3 32.625 0.00254139
10.3 34.875 0.00266525
10.3 37.125 0.00262089
10.3 39.375 0.00250275
10.3 41.625 0.00256401
10.3 43.875 0.011964
10.5 1.125 0.00246821
10.5 3.375 0.0024873
10.5 5.625 0.00215738
10.5 7.875 0.00209755
10.5 10.125 0.00242842
10.5 12.375 0.00239717
10.5 14.625 0.00226689
10.5 16.875 0.00250233
10.5 19.125 0.00725197
10.5 21.375 0.0191694
10.5 23.625 0.00291846
10.5 25.875 0.00233703
10.5 28.125 0.00364453
10.5 30.375 0.00235477
10.5 32.625 0.00250023
10.5 34.875 0.00228889
10.5 37.125 0.00268713
10.5 39.375 0.0141196
10.5 41.625 0.00262933
10.5 43.875 0.00271117
10.7 1.125 0.00197364
10.7 3.375 0.00334369
10.7 5.625 0.00237544
10.7 7.875 0.00244349
10.7 10.125 0.00941436
10.7 12.375 0.00232009
10.7 14.625 0.00218683
10.7 16.875 0.00218418
10.7 19.125 0.00310022
10.7 21.375 0.00279003
10.7 23.625 0.00233067
10.7 25.875 0.00289317
10.7 28.125 0.00250897
10.7 30.375 0.00335766
10.7 32.625 0.00275245
10.7 34.875 0.00391769
10.7 37.125 0.00219264
10.7 39.375 0.00232731
10.7 41.625 0.003001
10.7 43.875 0.00418566
10.9 1.125 0.00222984
10.9 3.375 0.00320257
10.9 5.625 0.00225342
10.9 7.875 0.0023926
10.9 10.125 0.00258271
10.9 12.375 0.00234861
10.9 14.625 0.00230644
10.9 16.875 0.00279434
10.9 19.125 0.00237268
10.9 21.375 0.00365259
10.9 23.625 0.00252743
10.9 25.875 0.00260135
10.9 28.125 0.002871
10.9 30.375 0.00263072
10.9 32.625 0.00307389
10.9 34.875 0.0025804
10.9 37.125 0.00282591
10.9 39.375 0.00210695
10.9 41.625 0.00245329
10.9 43.875 0.00224877
11.1 1.125 0.00218052
11.1 3.375 0.0178698
11.1 5.625 0.00222252
11.1 7.875 0.00241698
11.1 10.125 0.002614
11.1 12.375 0.00217436
11.1 14.625 0.0024221
11.1 16.875 0.00249163
11.1 19.125 0.00247847
11.1 21.375 0.00249053
11.1 23.625 0.00256394
11.1 25.875 0.0212511
11.1 28.125 0.00224685
11.1 30.375 0.00242
11.1 32.625 0.00362987
11.1 34.875 0.0202681
11.1 37.125 0.00624058
11.1 39.375 0.0229441
11.1 41.625 0.00277201
11.1 43.875 0.0242607
11.3 1.125 0.00255904
11.3 3.375 0.00279217
11.3 5.625 0.00266703
11.3 7.875 0.00212363
11.3 10.125 0.00316415
11.3 12.375 0.00239399
11.3 14.625 0.0119385
11.3 16.875 0.00233979
11.3 19.125 0.0022382
11.3 21.375 0.003132
11.3 23.625 0.0131742
11.3 25.875 0.00326048
11.3 28.125 0.00348388
11.3 30.375 0.0025115
11.3 32.625 0.00228518
11.3 34.875 0.00214522
11.3 37.125 0.00384539
11.3 39.375 0.0267928
11.3 41.625 0.00304277
11.3 43.875 0.0274189
11.5 1.125 0.00233625
11.5 3.375 0.00237628
11.5 5.625 0.0288463
11.5 7.875 0.00220173
11.5 10.125 0.00242537
11.5 12.375 0.0021047
11.5 14.625 0.0261616
11.5 16.875 0.00248857
11.5 19.125 0.00224178
11.5 21.375 0.0024841
11.5 23.625 0.00251504
11.5 25.875 0.00261973
11.5 28.125 0.00281778
11.5 30.375 0.00605242
11.5 32.625 0.00326686
11.5 34.875 0.003448
11.5 37.125 0.00224467
11.5 39.375 0.00229935
11.5 41.625 0.00883616
11.5 43.875 0.00264675
11.7 1.125 0.00514898
11.7 3.375 0.00229696
11.7 5.625 0.0022218
11.7 7.875 0.00246398
11.7 10.125 0.00259218
11.7 12.375 0.00248984
11.7 14.625 0.00225883
11.7 16.875 0.00226471
11.7 19.125 0.00286969
11.7 21.375 0.00184663
11.7 23.625 0.00221928
11.7 25.875 0.00236838
11.7 28.125 0.00251867
11.7 30.375 0.00321196
11.7 32.625 0.00238253
11.7 34.875 0.0021382
11.7 37.125 0.0026402
11.7 39.375 0.00270776
11.7 41.625 0.00561737
11.7 43.875 0.00238302
11.9 1.125 0.00213082
11.9 3.375 0.00376589
11.9 5.625 0.00248835
11.9 7.875 0.00258137
11.9 10.125 0.00363193
11.9 12.375 0.0024127
11.9 14.625 0.0180469
11.9 16.875 0.00225027
11.9 19.125 0.00238434
11.9 21.375 0.00387992
11.9 23.625 0.0268391
11.9 25.875 0.00215165
11.9 28.125 0.00245981
11.9 30.375 0.00507561
11.9 32.625 0.0204071
11.9 34.875 0.00251777
11.9 37.125 0.00256783
11.9 39.375 0.00222333
11.9 41.625 0.00227169
11.9 43.875 0.00358224
12.1 1.125 0.00223171
12.1 3.375 0.00922662
12.1 5.625 0.00369893
12.1 7.875 0.00273626
12.1 10.125 0.0023508
12.1 12.375 0.00235342
12.1 14.625 0.00200503
12.1 16.875 0.00204272
12.1 19.125 0.00974889
12.1 21.375 0.0223999
12.1 23.625 0.0024576
12.1 25.875 0.0311811
12.1 28.125 0.00222066
12.1 30.375 0.00248208
12.1 32.625 0.00258444
12.1 34.875 0.00251621
12.1 37.125 0.0482875
12.1 39.375 0.0026933
12.1 41.625 0.00226359
12.1 43.875 0.00235481
12.3 1.125 0.00289121
12.3 3.375 0.00248978
12.3 5.625 0.0022117
12.3 7.875 0.00340317
12.3 10.125 0.00266586
12.3 12.375 0.00309173
12.3 14.625 0.00261412
12.3 16.875 0.00222904
12.3 19.125 0.00243066
12.3 21.375 0.0201879
12.3 23.625 0.00394302
12.3 25.875 0.00258504
12.3 28.125 0.00195344
12.3 30.375 0.00241044
12.3 32.625 0.00254294
12.3 34.875 0.00266457
12.3 37.125 0.00375657
12.3 39.375 0.0224014
12.3 41.625 0.0181961
12.3 43.875 0.0026304
12.5 1.125 0.0096746
12.5 3.375 0.00263799
12.5 5.625 0.00763613
12.5 7.875 0.00236467
12.5 10.125 0.00222947
12.5 12.375 0.00213352
12.5 14.625 0.0227643
12.5 16.875 0.00611941
12.5 19.125 0.0022416
12.5 21.375 0.00202731
12.5 23.625 0.00376463
12.5 25.875 0.00286466
12.5 28.125 0.00239233
12.5 30.375 0.00249429
12.5 32.625 0.00250129
12.5 34.875 0.00222771
12.5 37.125 0.00980399
12.5 39.375 0.0023104
12.5 41.625 0.00256233
12.5 43.875 0.00231557
12.7 1.125 0.00211596
12.7 3.375 0.00190775
12.7 5.625 0.0024411
12.7 7.875 0.00532679
12.7 10.125 0.00499613
12.7 12.375 0.00285082
12.7 14.625 0.00220672
12.7 16.875 0.00291085
12.7 19.125 0.00248845
12.7 21.375 0.0409109
12.7 23.625 0.0017228
12.7 25.875 0.00264755
12.7 28.125 0.00249863
12.7 30.375 0.0121697
12.7 32.625 0.00246696
12.7 34.875 0.00467659
12.7 37.125 0.00287844
12.7 39.375 0.0569426
12.7 41.625 0.00332125
12.7 43.875 0.00297188
12.9 1.125 0.00178347
12.9 3.375 0.00266237
12.9 5.625 0.00199431
12.9 7.875 0.00220778
12.9 10.125 0.00304794
12.9 12.375 0.00164344
12.9 14.625 0.00227583
12.9 16.875 0.00447734
12.9 19.125 0.050133
12.9 21.375 0.00234846
12.9 23.625 0.00233533
12.9 25.875 0.022532
12.9 28.125 0.00220626
12.9 30.375 0.0212431
12.9 32.625 0.00302424
12.9 34.875 0.00216934
12.9 37.125 0.00334369
12.9 39.375 0.0157539
12.9 41.625 0.00200535
12.9 43.875 0.00223453
13.1 1.125 0.00282463
13.1 3.375 0.0023601
13.1 5.625 0.00225074
13.1 7.875 0.00215778
13.1 10.125 0.00233601
13.1 12.375 0.00251209
13.1 14.625 0.00226056
13.1 16.875 0.00247184
13.1 19.125 0.00284185
13.1 21.375 0.00550482
13.1 23.625 0.0150313
13.1 25.875 0.0104022
13.1 28.125 0.00320291
13.1 30.375 0.00342956
13.1 32.625 0.00302067
13.1 34.875 0.00240237
13.1 37.125 0.00313598
13.1 39.375 0.00304484
13.1 41.625 0.0439564
13.1 43.875 0.00406779
13.3 1.125 0.00198719
13.3 3.375 0.00262479
13.3 5.625 0.00223472
13.3 7.875 0.00310492
13.3 10.125 0.0018417
13.3 12.375 0.00580863
13.3 14.625 0.00230137
13.3 16.875 0.00621934
13.3 19.125 0.0511267
13.3 21.375 0.00258845
13.3 23.625 0.00744038
13.3 25.875 0.00348657
13.3 28.125 0.00861951
13.3 30.375 0.00338757
13.3 32.625 0.0104575
13.3 34.875 0.0201567
13.3 37.125 0.00249485
13.3 39.375 0.0511958
13.3 41.625 0.00297306
13.3 43.875 0.00220168
13.5 1.125 0.00260972
13.5 3.375 0.0473501
13.5 5.625 0.00317414
13.5 7.875 0.00294522
13.5 10.125 0.00186218
13.5 12.375 0.00190306
13.5 14.625 0.00215916
13.5 16.875 0.00196756
13.5 19.125 0.00208562
13.5 21.375 0.00598325
13.5 23.625 0.00299831
13.5 25.875 0.00312574
13.5 28.125 0.00328914
13.5 30.375 0.0300113
13.5 32.625 0.00224771
13.5 34.875 0.0164895
13.5 37.125 0.0032758
13.5 39.375 0.00203408
13.5 41.625 0.00926855
13.5 43.875 0.0504653
13.7 1.125 0.00270106
13.7 3.375 0.00713432
13.7 5.625 0.00498805
13.7 7.875 0.00357445
13.7 10.125 0.0020279
13.7 12.375 0.00410247
13.7 14.625 0.00237106
13.7 16.875 0.00484449
13.7 19.125 0.00217259
13.7 21.375 0.0287794
13.7 23.625 0.00188051
13.7 25.875 0.00420583
13.7 28.125 0.0149867
13.7 30.375 0.00278557
13.7 32.625 0.00322319
13.7 34.875 0.0339232
13.7 37.125 0.002566
13.7 39.375 0.00226794
13.7 41.625 0.00217077
13.7 43.875 0.0146482
13.9 1.125 0.00194605
13.9 3.375 0.00208837
13.9 5.625 0.00179359
13.9 7.875 0.00409234
13.9 10.125 0.00187942
13.9 12.375 0.00602636
13.9 14.625 0.0416808
13.9 16.875 0.00886248
13.9 19.125 0.00222841
13.9 21.375 0.0471455
13.9 23.625 0.00191966
13.9 25.875 0.062882
13.9 28.125 0.00746946
13.9 30.375 0.00255482
13.9 32.625 0.00294391
13.9 34.875 0.0034729
13.9 37.125 0.00318014
13.9 39.375 0.00387149
13.9 41.625 0.00219911
13.9 43.875 0.00894719
