0.1 1.125 2.06303
0.1 5.625 1.71617
0.1 7.875 1.54099
0.1 10.125 1.59901
0.1 12.375 1.83264
0.1 14.625 1.50116
0.1 16.875 0.973663
0.1 19.125 1.6615
0.1 21.375 1.15639
0.1 23.625 1.3462
0.1 25.875 1.14185
0.1 28.125 1.20852
0.1 30.375 1.61291
0.1 32.625 1.66285
0.1 34.875 1.83699
0.1 37.125 2.04741
0.1 39.375 2.05623
0.1 41.625 2.09765
0.1 43.875 2.09454
0.3 1.125 1.9231
0.3 3.375 1.85745
0.3 5.625 1.5426
0.3 7.875 1.92404
0.3 10.125 2.03591
0.3 12.375 1.934
0.3 14.625 1.96606
0.3 16.875 2.04381
0.3 19.125 2.03929
0.3 21.375 1.96204
0.3 23.625 2.04406
0.3 25.875 2.05319
0.3 28.125 2.04313
0.3 30.375 1.99101
0.3 32.625 1.96769
0.3 34.875 2.05777
0.3 37.125 1.98774
0.3 39.375 1.96871
0.3 41.625 1.99404
0.3 43.875 2.04658
0.5 1.125 1.81215
0.5 3.375 1.51866
0.5 5.625 1.7403
0.5 7.875 1.99622
0.5 10.125 1.87886
0.5 12.375 2.01876
0.5 14.625 1.97836
0.5 16.875 2.00475
0.5 19.125 1.99997
0.5 21.375 1.96131
0.5 23.625 1.92084
0.5 25.875 1.96893
0.5 28.125 1.91619
0.5 30.375 1.97019
0.5 32.625 1.9389
0.5 34.875 2.00608
0.5 37.125 2.01774
0.5 39.375 1.92974
0.5 41.625 1.93365
0.5 43.875 1.85918
0.7 1.125 1.86128
0.7 3.375 1.73868
0.7 5.625 1.91808
0.7 7.875 1.87672
0.7 10.125 1.93744
0.7 12.375 1.919
0.7 14.625 1.85439
0.7 16.875 1.88538
0.7 19.125 1.92768
0.7 21.375 1.89045
0.7 23.625 1.92828
0.7 25.875 1.86737
0.7 28.125 1.89337
0.7 30.375 1.92388
0.7 32.625 1.85507
0.7 34.875 1.92786
0.7 37.125 1.89619
0.7 39.375 1.9463
0.7 41.625 1.76219
0.7 43.875 1.82626
0.9 1.125 1.48534
0.9 3.375 1.67617
0.9 5.625 1.74457
0.9 7.875 1.77776
0.9 10.125 1.7233
0.9 12.375 1.75907
0.9 14.625 1.73031
0.9 16.875 1.7387
0.9 19.125 1.74834
0.9 21.375 1.72662
0.9 23.625 1.69381
0.9 25.875 1.7228
0.9 28.125 1.75569
0.9 30.375 1.71536
0.9 32.625 1.79913
0.9 34.875 1.73843
0.9 37.125 1.81018
0.9 39.375 1.77457
0.9 41.625 1.79877
0.9 43.875 1.82724
1.1 1.125 1.25493
1.1 3.375 1.2893
1.1 5.625 1.34259
1.1 7.875 1.387
1.1 10.125 1.41279
1.1 12.375 1.38413
1.1 14.625 1.35444
1.1 16.875 1.40674
1.1 19.125 1.43572
1.1 21.375 1.4556
1.1 23.625 1.48837
1.1 25.875 1.52904
1.1 28.125 1.52767
1.1 30.375 1.55517
1.1 32.625 1.63128
1.1 34.875 1.64188
1.1 37.125 1.68216
1.1 39.375 1.65764
1.1 41.625 1.69205
1.1 43.875 1.66567
1.3 1.125 0.824819
1.3 3.375 0.885803
1.3 5.625 0.867556
1.3 7.875 0.868983
1.3 10.125 0.95681
1.3 12.375 0.909048
1.3 14.625 0.917888
1.3 16.875 1.03434
1.3 19.125 1.02111
1.3 21.375 1.04002
1.3 23.625 1.05878
1.3 25.875 1.14013
1.3 28.125 1.17439
1.3 30.375 1.2428
1.3 32.625 1.25193
1.3 34.875 1.32237
1.3 37.125 1.30656
1.3 39.375 1.41731
1.3 41.625 1.3846
1.3 43.875 1.35032
1.5 1.125 0.420732
1.5 3.375 0.480396
1.5 5.625 0.477051
1.5 7.875 0.525575
1.5 10.125 0.469596
1.5 12.375 0.538323
1.5 14.625 0.553411
1.5 16.875 0.548585
1.5 19.125 0.570557
1.5 21.375 0.621908
1.5 23.625 0.644768
1.5 25.875 0.662075
1.5 28.125 0.701633
1.5 30.375 0.749243
1.5 32.625 0.784339
1.5 34.875 0.87478
1.5 37.125 0.924859
1.5 39.375 0.927488
1.5 41.625 1.06981
1.5 43.875 1.08431
1.7 1.125 0.2235
1.7 3.375 0.256848
1.7 5.625 0.264761
1.7 7.875 0.273699
1.7 10.125 0.284608
1.7 12.375 0.298885
1.7 14.625 0.286147
1.7 16.875 0.306069
1.7 19.125 0.306476
1.7 21.375 0.327185
1.7 23.625 0.320477
1.7 25.875 0.380228
1.7 28.125 0.367833
1.7 30.375 0.446326
1.7 32.625 0.490127
1.7 34.875 0.45972
1.7 37.125 0.494861
1.7 39.375 0.566313
1.7 41.625 0.547888
1.7 43.875 0.706065
1.9 1.125 0.134894
1.9 3.375 0.159191
1.9 5.625 0.15438
1.9 7.875 0.162183
1.9 10.125 0.16901
1.9 12.375 0.174273
1.9 14.625 0.186119
1.9 16.875 0.187089
1.9 19.125 0.191499
1.9 21.375 0.192396
1.9 23.625 0.19056
1.9 25.875 0.207039
1.9 28.125 0.209932
1.9 30.375 0.225736
1.9 32.625 0.244417
1.9 34.875 0.27094
1.9 37.125 0.272802
1.9 39.375 0.3134
1.9 41.625 0.325686
1.9 43.875 0.35095
2.1 1.125 0.091035
2.1 3.375 0.098405
2.1 5.625 0.106666
2.1 7.875 0.107447
2.1 10.125 0.107941
2.1 12.375 0.110189
2.1 14.625 0.11419
2.1 16.875 0.120246
2.1 19.125 0.122035
2.1 21.375 0.128164
2.1 23.625 0.129245
2.1 25.875 0.138571
2.1 28.125 0.134765
2.1 30.375 0.146518
2.1 32.625 0.16232
2.1 34.875 0.160733
2.1 37.125 0.177486
2.1 39.375 0.182583
2.1 41.625 0.19474
2.1 43.875 0.184582
2.3 1.125 0.063309
2.3 3.375 0.0715705
2.3 5.625 0.0704317
2.3 7.875 0.0741052
2.3 10.125 0.0735711
2.3 12.375 0.0756518
2.3 14.625 0.0761208
2.3 16.875 0.0794217
2.3 19.125 0.079824
2.3 21.375 0.085212
2.3 23.625 0.0847054
2.3 25.875 0.0893139
2.3 28.125 0.0982054
2.3 30.375 0.105018
2.3 32.625 0.108987
2.3 34.875 0.10722
2.3 37.125 0.113869
2.3 39.375 0.11639
2.3 41.625 0.122798
2.3 43.875 0.119595
2.5 1.125 0.0445856
2.5 3.375 0.0517187
2.5 5.625 0.05044
2.5 7.875 0.0516173
2.5 10.125 0.0473365
2.5 12.375 0.0504036
2.5 14.625 0.0490387
2.5 16.875 0.0494065
2.5 19.125 0.0519517
2.5 21.375 0.0568343
2.5 23.625 0.0592527
2.5 25.875 0.0644745
2.5 28.125 0.0679717
2.5 30.375 0.0738111
2.5 32.625 0.0751047
2.5 34.875 0.077358
2.5 37.125 0.0791498
2.5 39.375 0.077636
2.5 41.625 0.0790614
2.5 43.875 0.0795391
2.7 1.125 0.0412269
2.7 3.375 0.0400309
2.7 5.625 0.0390833
2.7 7.875 0.0382421
2.7 10.125 0.0389744
2.7 12.375 0.0371704
2.7 14.625 0.0384788
2.7 16.875 0.0373844
2.7 19.125 0.0385968
2.7 21.375 0.0415175
2.7 23.625 0.045094
2.7 25.875 0.0444493
2.7 28.125 0.0490591
2.7 30.375 0.0511564
2.7 32.625 0.0515396
2.7 34.875 0.0538073
2.7 37.125 0.0541704
2.7 39.375 0.0497279
2.7 41.625 0.0521927
2.7 43.875 0.0510324
2.9 1.125 0.0304879
2.9 3.375 0.0300553
2.9 5.625 0.0319004
2.9 7.875 0.0307073
2.9 10.125 0.0298111
2.9 12.375 0.0311269
2.9 14.625 0.0307324
2.9 16.875 0.0324535
2.9 19.125 0.0326343
2.9 21.375 0.0327951
2.9 23.625 0.0362302
2.9 25.875 0.0377445
2.9 28.125 0.0377704
2.9 30.375 0.0393229
2.9 32.625 0.0375538
2.9 34.875 0.0377771
2.9 37.125 0.0367023
2.9 39.375 0.0382304
2.9 41.625 0.0375519
2.9 43.875 0.0352337
3.1 1.125 0.0257103
3.1 3.375 0.0241431
3.1 5.625 0.0239408
3.1 7.875 0.0246289
3.1 10.125 0.0253652
3.1 12.375 0.0248109
3.1 14.625 0.0248717
3.1 16.875 0.025505
3.1 19.125 0.0266015
3.1 21.375 0.0261266
3.1 23.625 0.0284083
3.1 25.875 0.0282408
3.1 28.125 0.0280682
3.1 30.375 0.0298839
3.1 32.625 0.0303054
3.1 34.875 0.0333071
3.1 37.125 0.028397
3.1 39.375 0.0286055
3.1 41.625 0.0286417
3.1 43.875 0.0296163
3.3 1.125 0.0207425
3.3 3.375 0.0194787
3.3 5.625 0.0198609
3.3 7.875 0.0210859
3.3 10.125 0.0193124
3.3 12.375 0.0202342
3.3 14.625 0.0198734
3.3 16.875 0.0204377
3.3 19.125 0.0200249
3.3 21.375 0.0225394
3.3 23.625 0.0245458
3.3 25.875 0.0246783
3.3 28.125 0.0244383
3.3 30.375 0.025101
3.3 32.625 0.0251168
3.3 34.875 0.0243773
3.3 37.125 0.0238537
3.3 39.375 0.0239226
3.3 41.625 0.022331
3.3 43.875 0.0231129
3.5 1.125 0.0182086
3.5 3.375 0.016565
3.5 5.625 0.0173668
3.5 7.875 0.016674
3.5 10.125 0.016443
3.5 12.375 0.0161685
3.5 14.625 0.0162856
3.5 16.875 0.0154259
3.5 19.125 0.0163019
3.5 21.375 0.0189168
3.5 23.625 0.0191997
3.5 25.875 0.019435
3.5 28.125 0.0192407
3.5 30.375 0.0197161
3.5 32.625 0.0191574
3.5 34.875 0.0196635
3.5 37.125 0.0191822
3.5 39.375 0.0196035
3.5 41.625 0.018401
3.5 43.875 0.0173408
3.7 1.125 0.0151845
3.7 3.375 0.0144397
3.7 5.625 0.0147693
3.7 7.875 0.0139066
3.7 10.125 0.0145018
3.7 12.375 0.0143373
3.7 14.625 0.0143764
3.7 16.875 0.0147
3.7 19.125 0.0131899
3.7 21.375 0.0143782
3.7 23.625 0.0149687
3.7 25.875 0.0162852
3.7 28.125 0.0162975
3.7 30.375 0.0159355
3.7 32.625 0.0164218
3.7 34.875 0.0164144
3.7 37.125 0.016125
3.7 39.375 0.016703
3.7 41.625 0.0170752
3.7 43.875 0.01798
3.9 1.125 0.0125199
3.9 3.375 0.0139205
3.9 5.625 0.0134989
3.9 7.875 0.0129351
3.9 10.125 0.0125687
3.9 12.375 0.012895
3.9 14.625 0.0142415
3.9 16.875 0.0129025
3.9 19.125 0.0139434
3.9 21.375 0.0139671
3.9 23.625 0.0138275
3.9 25.875 0.0138452
3.9 28.125 0.0139912
3.9 30.375 0.0131905
3.9 32.625 0.0143666
3.9 34.875 0.0136779
3.9 37.125 0.0129162
3.9 39.375 0.0141976
3.9 41.625 0.0196304
3.9 43.875 0.013389
4.1 1.125 0.0112443
4.1 3.375 0.0107031
4.1 5.625 0.0103385
4.1 7.875 0.0109318
4.1 10.125 0.0113708
4.1 12.375 0.0169599
4.1 14.625 0.0120556
4.1 16.875 0.0123479
4.1 19.125 0.0125313
4.1 21.375 0.0131212
4.1 23.625 0.0121479
4.1 25.875 0.0132029
4.1 28.125 0.0118308
4.1 30.375 0.0124898
4.1 32.625 0.0112662
4.1 34.875 0.0115719
4.1 37.125 0.0112545
4.1 39.375 0.0110445
4.1 41.625 0.0114049
4.1 43.875 0.0114222
4.3 1.125 0.0113303
4.3 3.375 0.00937869
4.3 5.625 0.00932132
4.3 7.875 0.0131625
4.3 10.125 0.00969063
4.3 12.375 0.00959188
4.3 14.625 0.0101466
4.3 16.875 0.0113086
4.3 19.125 0.010715
4.3 21.375 0.0120255
4.3 23.625 0.0110919
4.3 25.875 0.0101931
4.3 28.125 0.0102958
4.3 30.375 0.0107078
4.3 32.625 0.0101249
4.3 34.875 0.00979028
4.3 37.125 0.00912341
4.3 39.375 0.00972069
4.3 41.625 0.0089798
4.3 43.875 0.00944006
4.5 1.125 0.00755074
4.5 3.375 0.00818339
4.5 5.625 0.0123758
4.5 7.875 0.00969264
4.5 10.125 0.00817453
4.5 12.375 0.00920281
4.5 14.625 0.00867622
4.5 16.875 0.00947871
4.5 19.125 0.00904051
4.5 21.375 0.00956997
4.5 23.625 0.00985613
4.5 25.875 0.00974113
4.5 28.125 0.00929977
4.5 30.375 0.00908396
4.5 32.625 0.00939324
4.5 34.875 0.00841908
4.5 37.125 0.00874409
4.5 39.375 0.00833116
4.5 41.625 0.00829735
4.5 43.875 0.0081852
4.7 1.125 0.00736191
4.7 3.375 0.00694092
4.7 5.625 0.00703775
4.7 7.875 0.0071731
4.7 10.125 0.00751246
4.7 12.375 0.00777243
4.7 14.625 0.00791949
4.7 16.875 0.00838028
4.7 19.125 0.0084619
4.7 21.375 0.00847143
4.7 23.625 0.0094551
4.7 25.875 0.00771175
4.7 28.125 0.0113981
4.7 30.375 0.0108503
4.7 32.625 0.00774055
4.7 34.875 0.00829546
4.7 37.125 0.00753422
4.7 39.375 0.00765178
4.7 41.625 0.00729987
4.7 43.875 0.00687674
4.9 1.125 0.00629074
4.9 3.375 0.0147092
4.9 5.625 0.00702436
4.9 7.875 0.00623909
4.9 10.125 0.00648101
4.9 12.375 0.00693564
4.9 14.625 0.00675031
4.9 16.875 0.00729127
4.9 19.125 0.00741858
4.9 21.375 0.0113504
4.9 23.625 0.00710079
4.9 25.875 0.00710735
4.9 28.125 0.00725505
4.9 30.375 0.00946892
4.9 32.625 0.00703538
4.9 34.875 0.00659419
4.9 37.125 0.00679836
4.9 39.375 0.0107204
4.9 41.625 0.00614008
4.9 43.875 0.00573409
5.1 1.125 0.00634339
5.1 3.375 0.00695864
5.1 5.625 0.00556232
5.1 7.875 0.00543779
5.1 10.125 0.0054875
5.1 12.375 0.00572741
5.1 14.625 0.00644372
5.1 16.875 0.0062397
5.1 19.125 0.00685972
5.1 21.375 0.00624114
5.1 23.625 0.00632358
5.1 25.875 0.00643025
5.1 28.125 0.00592644
5.1 30.375 0.00634755
5.1 32.625 0.00624952
5.1 34.875 0.00562607
5.1 37.125 0.00587132
5.1 39.375 0.00637845
5.1 41.625 0.00554389
5.1 43.875 0.00642877
5.3 1.125 0.00522275
5.3 3.375 0.0100543
5.3 5.625 0.00540459
5.3 7.875 0.0052103
5.3 10.125 0.0101119
5.3 12.375 0.00506562
5.3 14.625 0.00529993
5.3 16.875 0.00607828
5.3 19.125 0.0053418
5.3 21.375 0.00545667
5.3 23.625 0.00674257
5.3 25.875 0.00513303
5.3 28.125 0.00537151
5.3 30.375 0.00556476
5.3 32.625 0.00576083
5.3 34.875 0.00566109
5.3 37.125 0.00540274
5.3 39.375 0.00538941
5.3 41.625 0.00566836
5.3 43.875 0.00598804
5.5 1.125 0.0045502
5.5 3.375 0.0046386
5.5 5.625 0.004775
5.5 7.875 0.00468618
5.5 10.125 0.0045829
5.5 12.375 0.00463815
5.5 14.625 0.00548156
5.5 16.875 0.005239
5.5 19.125 0.00533726
5.5 21.375 0.00544827
5.5 23.625 0.00486695
5.5 25.875 0.00519011
5.5 28.125 0.0047931
5.5 30.375 0.00517856
5.5 32.625 0.00546052
5.5 34.875 0.00522103
5.5 37.125 0.0055133
5.5 39.375 0.00479674
5.5 41.625 0.00490338
5.5 43.875 0.00490996
5.7 1.125 0.00782625
5.7 3.375 0.00419145
5.7 5.625 0.00437249
5.7 7.875 0.00399275
5.7 10.125 0.00454805
5.7 12.375 0.00475647
5.7 14.625 0.00483767
5.7 16.875 0.00468949
5.7 19.125 0.00476134
5.7 21.375 0.00461965
5.7 23.625 0.00512406
5.7 25.875 0.00482178
5.7 28.125 0.00538509
5.7 30.375 0.00872169
5.7 32.625 0.00468232
5.7 34.875 0.00450126
5.7 37.125 0.00449525
5.7 39.375 0.0042992
5.7 41.625 0.00461294
5.7 43.875 0.00494974
5.9 1.125 0.00389778
5.9 3.375 0.00877354
5.9 5.625 0.00378525
5.9 7.875 0.00408603
5.9 10.125 0.00537049
5.9 12.375 0.00420635
5.9 14.625 0.00403024
5.9 16.875 0.00471391
5.9 19.125 0.00422883
5.9 21.375 0.00419731
5.9 23.625 0.00497539
5.9 25.875 0.00557106
5.9 28.125 0.00740797
5.9 30.375 0.00400733
5.9 32.625 0.00395812
5.9 34.875 0.00416905
5.9 37.125 0.00427191
5.9 39.375 0.00435218
5.9 41.625 0.00466127
5.9 43.875 0.00470753
6.1 1.125 0.00389406
6.1 3.375 0.00389527
6.1 5.625 0.00416397
6.1 7.875 0.00376684
6.1 10.125 0.00353002
6.1 12.375 0.0040589
6.1 14.625 0.00367038
6.1 16.875 0.00809509
6.1 19.125 0.00441482
6.1 21.375 0.00418059
6.1 23.625 0.00402794
6.1 25.875 0.00404067
6.1 28.125 0.00358688
6.1 30.375 0.0043038
6.1 32.625 0.00360692
6.1 34.875 0.00396264
6.1 37.125 0.00432098
6.1 39.375 0.0043056
6.1 41.625 0.00410705
6.1 43.875 0.00404463
6.3 1.125 0.00464731
6.3 3.375 0.00358168
6.3 5.625 0.00353621
6.3 7.875 0.00365788
6.3 10.125 0.00411221
6.3 12.375 0.0035847
6.3 14.625 0.00383293
6.3 16.875 0.00370194
6.3 19.125 0.00392193
6.3 21.375 0.00406277
6.3 23.625 0.00376453
6.3 25.875 0.00448172
6.3 28.125 0.00357412
6.3 30.375 0.00352398
6.3 32.625 0.00403138
6.3 34.875 0.00337621
6.3 37.125 0.00372736
6.3 39.375 0.00392397
6.3 41.625 0.00413273
6.3 43.875 0.00392156
6.5 1.125 0.00367111
6.5 3.375 0.00359141
6.5 5.625 0.00381637
6.5 7.875 0.00465283
6.5 10.125 0.00370889
6.5 12.375 0.00353558
6.5 14.625 0.00367231
6.5 16.875 0.00368277
6.5 19.125 0.00379946
6.5 21.375 0.00370745
6.5 23.625 0.00398597
6.5 25.875 0.00375291
6.5 28.125 0.00344459
6.5 30.375 0.00332774
6.5 32.625 0.00329912
6.5 34.875 0.00351569
6.5 37.125 0.0041416
6.5 39.375 0.00360629
6.5 41.625 0.00359611
6.5 43.875 0.00417744
6.7 1.125 0.00350315
6.7 3.375 0.00323702
6.7 5.625 0.00398117
6.7 7.875 0.00369396
6.7 10.125 0.00359139
6.7 12.375 0.00339164
6.7 14.625 0.00380864
6.7 16.875 0.00359997
6.7 19.125 0.00874883
6.7 21.375 0.00314054
6.7 23.625 0.00353295
6.7 25.875 0.00319847
6.7 28.125 0.00339129
6.7 30.375 0.00409729
6.7 32.625 0.00352377
6.7 34.875 0.00374966
6.7 37.125 0.0086467
6.7 39.375 0.00357841
6.7 41.625 0.00320487
6.7 43.875 0.00395123
6.9 1.125 0.00324556
6.9 3.375 0.00311912
6.9 5.625 0.00749605
6.9 7.875 0.00320307
6.9 10.125 0.00313771
6.9 12.375 0.00317564
6.9 14.625 0.00320075
6.9 16.875 0.00313366
6.9 19.125 0.00481592
6.9 21.375 0.00322161
6.9 23.625 0.00333326
6.9 25.875 0.00313733
6.9 28.125 0.00313928
6.9 30.375 0.00317243
6.9 32.625 0.00292377
6.9 34.875 0.00323896
6.9 37.125 0.00305789
6.9 39.375 0.00332673
6.9 41.625 0.00372106
6.9 43.875 0.00334146
7.1 1.125 0.00306117
7.1 3.375 0.00329739
7.1 5.625 0.00310842
7.1 7.875 0.00311013
7.1 10.125 0.00321126
7.1 12.375 0.00344584
7.1 14.625 0.00353407
7.1 16.875 0.00298753
7.1 19.125 0.00310034
7.1 21.375 0.00295796
7.1 23.625 0.00310281
7.1 25.875 0.004503
7.1 28.125 0.00315069
7.1 30.375 0.00333017
7.1 32.625 0.00315082
7.1 34.875 0.00313891
7.1 37.125 0.0029423
7.1 39.375 0.00304791
7.1 41.625 0.00322613
7.1 43.875 0.00304993
7.3 1.125 0.0032774
7.3 3.375 0.00939802
7.3 5.625 0.00333661
7.3 7.875 0.00325251
7.3 10.125 0.00319858
7.3 12.375 0.00318461
7.3 14.625 0.00394076
7.3 16.875 0.00286416
7.3 19.125 0.00300961
7.3 21.375 0.00298587
7.3 23.625 0.00308011
7.3 25.875 0.00304543
7.3 28.125 0.00308378
7.3 30.375 0.00325898
7.3 32.625 0.0031441
7.3 34.875 0.00270282
7.3 37.125 0.00318031
7.3 39.375 0.00288425
7.3 41.625 0.00332573
7.3 43.875 0.00308186
7.5 1.125 0.00277411
7.5 3.375 0.00345976
7.5 5.625 0.00291306
7.5 7.875 0.00296252
7.5 10.125 0.00274022
7.5 12.375 0.00834493
7.5 14.625 0.00894245
7.5 16.875 0.00314137
7.5 19.125 0.00334587
7.5 21.375 0.00297006
7.5 23.625 0.00289839
7.5 25.875 0.00297967
7.5 28.125 0.00304835
7.5 30.375 0.00267111
7.5 32.625 0.00323591
7.5 34.875 0.00296791
7.5 37.125 0.00286351
7.5 39.375 0.00287184
7.5 41.625 0.00298746
7.5 43.875 0.00285332
7.7 1.125 0.00310356
7.7 3.375 0.00697904
7.7 5.625 0.00272453
7.7 7.875 0.00326497
7.7 10.125 0.00273561
7.7 12.375 0.00275914
7.7 14.625 0.00301958
7.7 16.875 0.0108713
7.7 19.125 0.00366799
7.7 21.375 0.00280678
7.7 23.625 0.00354961
7.7 25.875 0.00296757
7.7 28.125 0.00286225
7.7 30.375 0.00287277
7.7 32.625 0.00290844
7.7 34.875 0.00316715
7.7 37.125 0.00275831
7.7 39.375 0.00298677
7.7 41.625 0.00302906
7.7 43.875 0.00285875
7.9 1.125 0.00257846
7.9 3.375 0.00377727
7.9 5.625 0.00268378
7.9 7.875 0.00274838
7.9 10.125 0.00271782
7.9 12.375 0.00271823
7.9 14.625 0.00296652
7.9 16.875 0.00260938
7.9 19.125 0.00264673
7.9 21.375 0.0112597
7.9 23.625 0.00290531
7.9 25.875 0.00313423
7.9 28.125 0.00258666
7.9 30.375 0.00288101
7.9 32.625 0.0028112
7.9 34.875 0.00288302
7.9 37.125 0.00285149
7.9 39.375 0.00277064
7.9 41.625 0.00278067
7.9 43.875 0.00259045
8.1 1.125 0.00385674
8.1 3.375 0.00274977
8.1 5.625 0.00290317
8.1 7.875 0.0038187
8.1 10.125 0.00283623
8.1 12.375 0.00289019
8.1 14.625 0.00261647
8.1 16.875 0.0028136
8.1 19.125 0.00300372
8.1 21.375 0.00276364
8.1 23.625 0.00284013
8.1 25.875 0.0114596
8.1 28.125 0.00256899
8.1 30.375 0.0029035
8.1 32.625 0.00266658
8.1 34.875 0.00287319
8.1 37.125 0.00255469
8.1 39.375 0.00294242
8.1 41.625 0.00264132
8.1 43.875 0.00286748
8.3 1.125 0.00244421
8.3 3.375 0.00256602
8.3 5.625 0.0024033
8.3 7.875 0.00348374
8.3 10.125 0.0027424
8.3 12.375 0.00263508
8.3 14.625 0.00287226
8.3 16.875 0.00872951
8.3 19.125 0.00270262
8.3 21.375 0.0023857
8.3 23.625 0.00259509
8.3 25.875 0.00285821
8.3 28.125 0.00961617
8.3 30.375 0.00275054
8.3 32.625 0.00244355
8.3 34.875 0.00271889
8.3 37.125 0.00273214
8.3 39.375 0.00248673
8.3 41.625 0.00275147
8.3 43.875 0.0028341
8.5 1.125 0.00258128
8.5 3.375 0.00244166
8.5 5.625 0.00231243
8.5 7.875 0.00260711
8.5 10.125 0.00407385
8.5 12.375 0.00287701
8.5 14.625 0.00267683
8.5 16.875 0.00261127
8.5 19.125 0.00354602
8.5 21.375 0.00259549
8.5 23.625 0.00327431
8.5 25.875 0.0025806
8.5 28.125 0.00251953
8.5 30.375 0.00273659
8.5 32.625 0.00283525
8.5 34.875 0.0024139
8.5 37.125 0.00271982
8.5 39.375 0.00251901
8.5 41.625 0.0026099
8.5 43.875 0.00280593
8.7 1.125 0.00265549
8.7 3.375 0.00233047
8.7 5.625 0.00235678
8.7 7.875 0.00284659
8.7 10.125 0.0028178
8.7 12.375 0.00227457
8.7 14.625 0.00245723
8.7 16.875 0.00263762
8.7 19.125 0.00271656
8.7 21.375 0.00250492
8.7 23.625 0.00225896
8.7 25.875 0.00264347
8.7 28.125 0.00244953
8.7 30.375 0.00265057
8.7 32.625 0.0025699
8.7 34.875 0.00375246
8.7 37.125 0.00229179
8.7 39.375 0.00255816
8.7 41.625 0.00246933
8.7 43.875 0.0025967
8.9 1.125 0.00245869
8.9 3.375 0.0119813
8.9 5.625 0.00213692
8.9 7.875 0.00246546
8.9 10.125 0.00254713
8.9 12.375 0.00217637
8.9 14.625 0.0022397
8.9 16.875 0.00251843
8.9 19.125 0.00230746
8.9 21.375 0.0147444
8.9 23.625 0.00247183
8.9 25.875 0.00500825
8.9 28.125 0.00229771
8.9 30.375 0.00540617
8.9 32.625 0.00261007
8.9 34.875 0.0066377
8.9 37.125 0.00258528
8.9 39.375 0.00243798
8.9 41.625 0.00223206
8.9 43.875 0.00239486
9.1 1.125 0.00244782
9.1 3.375 0.00266519
9.1 5.625 0.00233847
9.1 7.875 0.00216594
9.1 10.125 0.00256324
9.1 12.375 0.00267773
9.1 14.625 0.00260711
9.1 16.875 0.00274786
9.1 19.125 0.0024564
9.1 21.375 0.00233081
9.1 23.625 0.00243034
9.1 25.875 0.00274741
9.1 28.125 0.0022996
9.1 30.375 0.00245379
9.1 32.625 0.00304051
9.1 34.875 0.00280462
9.1 37.125 0.00269206
9.1 39.375 0.00240617
9.1 41.625 0.00236293
9.1 43.875 0.00273433
9.3 1.125 0.00236607
9.3 3.375 0.00251203
9.3 5.625 0.00243935
9.3 7.875 0.00262259
9.3 10.125 0.00277754
9.3 12.375 0.0143345
9.3 14.625 0.00250316
9.3 16.875 0.00267009
9.3 19.125 0.00314616
9.3 21.375 0.00284726
9.3 23.625 0.00229118
9.3 25.875 0.00336015
9.3 28.125 0.00219147
9.3 30.375 0.00245535
9.3 32.625 0.00286214
9.3 34.875 0.00249751
9.3 37.125 0.00246443
9.3 39.375 0.00251669
9.3 41.625 0.00223938
9.3 43.875 0.00221741
9.5 1.125 0.00239676
9.5 3.375 0.00228307
9.5 5.625 0.00228778
9.5 7.875 0.00254504
9.5 10.125 0.00242128
9.5 12.375 0.00247544
9.5 14.625 0.00228482
9.5 16.875 0.00224854
9.5 19.125 0.00238778
9.5 21.375 0.00247875
9.5 23.625 0.00219667
9.5 25.875 0.00206041
9.5 28.125 0.00315195
9.5 30.375 0.00239
9.5 32.625 0.00327694
9.5 34.875 0.00252419
9.5 37.125 0.0027798
9.5 39.375 0.00315356
9.5 41.625 0.0023045
9.5 43.875 0.00241051
9.7 1.125 0.00253374
9.7 3.375 0.00256616
9.7 5.625 0.00218036
9.7 7.875 0.00232
9.7 10.125 0.00242784
9.7 12.375 0.00238816
9.7 14.625 0.00226948
9.7 16.875 0.00233378
9.7 19.125 0.00227948
9.7 21.375 0.00207644
9.7 23.625 0.00258452
9.7 25.875 0.00262414
9.7 28.125 0.00208974
9.7 30.375 0.00253625
9.7 32.625 0.00223691
9.7 34.875 0.0023954
9.7 37.125 0.00237792
9.7 39.375 0.00255905
9.7 41.625 0.00231037
9.7 43.875 0.00211921
9.9 1.125 0.00283158
9.9 3.375 0.00272583
9.9 5.625 0.00277406
9.9 7.875 0.00215296
9.9 10.125 0.00256606
9.9 12.375 0.00280514
9.9 14.625 0.00272858
9.9 16.875 0.00233578
9.9 19.125 0.00287062
9.9 21.375 0.00263072
9.9 23.625 0.00257558
9.9 25.875 0.00227389
9.9 28.125 0.00274552
9.9 30.375 0.00223077
9.9 32.625 0.00206844
9.9 34.875 0.00246152
9.9 37.125 0.00210458
9.9 39.375 0.00234753
9.9 41.625 0.00248206
9.9 43.875 0.00227917
10.1 1.125 0.0141928
10.1 3.375 0.00306846
10.1 5.625 0.00213685
10.1 7.875 0.00230777
10.1 10.125 0.00382259
10.1 12.375 0.00258137
10.1 14.625 0.00292079
10.1 16.875 0.00237677
10.1 19.125 0.00224145
10.1 21.375 0.00273336
10.1 23.625 0.0118019
10.1 25.875 0.00297686
10.1 28.125 0.00224272
10.1 30.375 0.00230878
10.1 32.625 0.00225755
10.1 34.875 0.0031349
10.1 37.125 0.00225708
10.1 39.375 0.0023137
10.1 41.625 0.00318366
10.1 43.875 0.00277571
10.3 1.125 0.00227675
10.3 3.375 0.00259676
10.3 5.625 0.00250663
10.3 7.875 0.00231897
10.3 10.125 0.00211384
10.3 12.375 0.00246694
10.3 14.625 0.00271852
10.3 16.875 0.00305238
10.3 19.125 0.0027225
10.3 21.375 0.0021075
10.3 23.625 0.00231004
10.3 25.875 0.00262341
10.3 28.125 0.00229632
10.3 30.375 0.00346573
10.3 32.625 0.002816
10.3 34.875 0.00226397
10.3 37.125 0.00226994
10.3 39.375 0.00275234
10.3 41.625 0.0141265
10.3 43.875 0.0129936
10.5 1.125 0.00611604
10.5 3.375 0.00195983
10.5 5.625 0.00744986
10.5 7.875 0.0146587
10.5 10.125 0.00286646
10.5 12.375 0.00232504
10.5 14.625 0.00562584
10.5 16.875 0.00259603
10.5 19.125 0.00275016
10.5 21.375 0.00234157
10.5 23.625 0.00256593
10.5 25.875 0.00239238
10.5 28.125 0.00265664
10.5 30.375 0.00219255
10.5 32.625 0.00216619
10.5 34.875 0.00241864
10.5 37.125 0.00258139
10.5 39.375 0.00248503
10.5 41.625 0.00229365
10.5 43.875 0.00283768
10.7 1.125 0.00206491
10.7 3.375 0.00217419
10.7 5.625 0.0173205
10.7 7.875 0.00221964
10.7 10.125 0.0195538
10.7 12.375 0.00496683
10.7 14.625 0.00259567
10.7 16.875 0.00743324
10.7 19.125 0.00255369
10.7 21.375 0.00238448
10.7 23.625 0.00237263
10.7 25.875 0.00231214
10.7 28.125 0.00228059
10.7 30.375 0.00240275
10.7 32.625 0.00231284
10.7 34.875 0.00211528
10.7 37.125 0.00217659
10.7 39.375 0.00223398
10.7 41.625 0.00218355
10.7 43.875 0.00313767
10.9 1.125 0.00195244
10.9 3.375 0.00217748
10.9 5.625 0.00209126
10.9 7.875 0.00232857
10.9 10.125 0.00221379
10.9 12.375 0.00220781
10.9 14.625 0.00357973
10.9 16.875 0.0020677
10.9 19.125 0.00241238
10.9 21.375 0.00313765
10.9 23.625 0.00225747
10.9 25.875 0.00273088
10.9 28.125 0.00235663
10.9 30.375 0.00190804
10.9 32.625 0.0160234
10.9 34.875 0.00241099
10.9 37.125 0.00255345
10.9 39.375 0.0019012
10.9 41.625 0.00235541
10.9 43.875 0.0022993
11.1 1.125 0.00252188
11.1 3.375 0.00276629
11.1 5.625 0.00238192
11.1 7.875 0.00239828
11.1 10.125 0.00212443
11.1 12.375 0.00305263
11.1 14.625 0.00250909
11.1 16.875 0.0030947
11.1 19.125 0.00793035
11.1 21.375 0.00232899
11.1 23.625 0.0024082
11.1 25.875 0.0025877
11.1 28.125 0.00271689
11.1 30.375 0.00274921
11.1 32.625 0.00246638
11.1 34.875 0.00267484
11.1 37.125 0.00233299
11.1 39.375 0.0020514
11.1 41.625 0.00236795
11.1 43.875 0.0191586
11.3 1.125 0.00303653
11.3 3.375 0.00827879
11.3 5.625 0.00255211
11.3 7.875 0.0253779
11.3 10.125 0.0028327
11.3 12.375 0.00225893
11.3 14.625 0.00225107
11.3 16.875 0.00256621
11.3 19.125 0.00266992
11.3 21.375 0.00240948
11.3 23.625 0.00241726
11.3 25.875 0.0202317
11.3 28.125 0.0164178
11.3 30.375 0.0025958
11.3 32.625 0.00207367
11.3 34.875 0.00229496
11.3 37.125 0.0018071
11.3 39.375 0.00289934
11.3 41.625 0.00254223
11.3 43.875 0.00204895
11.5 1.125 0.00315329
11.5 3.375 0.00632643
11.5 5.625 0.00199986
11.5 7.875 0.00214874
11.5 10.125 0.00259743
11.5 12.375 0.00202165
11.5 14.625 0.00220943
11.5 16.875 0.00248792
11.5 19.125 0.00208884
11.5 21.375 0.00195254
11.5 23.625 0.00237508
11.5 25.875 0.0261269
11.5 28.125 0.00733691
11.5 30.375 0.00224326
11.5 32.625 0.00220743
11.5 34.875 0.00307707
11.5 37.125 0.00277957
11.5 39.375 0.00241401
11.5 41.625 0.00197355
11.5 43.875 0.00246885
11.7 1.125 0.00217641
11.7 3.375 0.00262945
11.7 5.625 0.00242932
11.7 7.875 0.00213817
11.7 10.125 0.00395007
11.7 12.375 0.00217639
11.7 14.625 0.00443349
11.7 16.875 0.00197244
11.7 19.125 0.00254135
11.7 21.375 0.00230163
11.7 23.625 0.00218138
11.7 25.875 0.00378698
11.7 28.125 0.00265274
11.7 30.375 0.00211721
11.7 32.625 0.00286015
11.7 34.875 0.00242437
11.7 37.125 0.00179051
11.7 39.375 0.00213842
11.7 41.625 0.0101277
11.7 43.875 0.00206898
11.9 1.125 0.0237146
11.9 3.375 0.00250678
11.9 5.625 0.00233877
11.9 7.875 0.00206496
11.9 10.125 0.0025037
11.9 12.375 0.00288492
11.9 14.625 0.00245182
11.9 16.875 0.00231216
11.9 19.125 0.00993975
11.9 21.375 0.00199684
11.9 23.625 0.00209675
11.9 25.875 0.0030053
11.9 28.125 0.00323639
11.9 30.375 0.00233994
11.9 32.625 0.00195445
11.9 34.875 0.00618684
11.9 37.125 0.00280382
11.9 39.375 0.0290975
11.9 41.625 0.00202693
11.9 43.875 0.00348012
12.1 1.125 0.00434411
12.1 3.375 0.00197939
12.1 5.625 0.00234556
12.1 7.875 0.00259903
12.1 10.125 0.00497145
12.1 12.375 0.0021206
12.1 14.625 0.00239604
12.1 16.875 0.00344556
12.1 19.125 0.00195238
12.1 21.375 0.0024163
12.1 23.625 0.00191888
12.1 25.875 0.00251055
12.1 28.125 0.00222334
12.1 30.375 0.00225471
12.1 32.625 0.00229687
12.1 34.875 0.0273937
12.1 37.125 0.00234133
12.1 39.375 0.00226715
12.1 41.625 0.00217444
12.1 43.875 0.00218989
12.3 1.125 0.00895849
12.3 3.375 0.00241564
12.3 5.625 0.00245027
12.3 7.875 0.00224059
12.3 10.125 0.00281501
12.3 12.375 0.00295772
12.3 14.625 0.00216596
12.3 16.875 0.00275078
12.3 19.125 0.00227844
12.3 21.375 0.00314724
12.3 23.625 0.00223952
12.3 25.875 0.00226442
12.3 28.125 0.00202417
12.3 30.375 0.00209823
12.3 32.625 0.00286799
12.3 34.875 0.00224418
12.3 37.125 0.0235163
12.3 39.375 0.0199338
12.3 41.625 0.00206231
12.3 43.875 0.00238851
12.5 1.125 0.00613057
12.5 3.375 0.00239168
12.5 5.625 0.00227009
12.5 7.875 0.0102934
12.5 10.125 0.00293342
12.5 12.375 0.00883266
12.5 14.625 0.00260483
12.5 16.875 0.00185463
12.5 19.125 0.00195093
12.5 21.375 0.00220172
12.5 23.625 0.00227932
12.5 25.875 0.00302165
12.5 28.125 0.00235764
12.5 30.375 0.00257944
12.5 32.625 0.00247263
12.5 34.875 0.00253421
12.5 37.125 0.00272053
12.5 39.375 0.00269015
12.5 41.625 0.00244918
12.5 43.875 0.0022734
12.7 1.125 0.0418383
12.7 3.375 0.00297584
12.7 5.625 0.00188305
12.7 7.875 0.00367116
12.7 10.125 0.00209497
12.7 12.375 0.0027987
12.7 14.625 0.00279115
12.7 16.875 0.00252126
12.7 19.125 0.00755274
12.7 21.375 0.00183501
12.7 23.625 0.00410987
12.7 25.875 0.00253436
12.7 28.125 0.00207292
12.7 30.375 0.00212562
12.7 32.625 0.00265835
12.7 34.875 0.00303756
12.7 37.125 0.00186471
12.7 39.375 0.0183969
12.7 41.625 0.00250103
12.7 43.875 0.00248426
12.9 1.125 0.0019875
12.9 3.375 0.00229253
12.9 5.625 0.00373152
12.9 7.875 0.0375954
12.9 10.125 0.00294424
12.9 12.375 0.0175876
12.9 14.625 0.0024416
12.9 16.875 0.00290308
12.9 19.125 0.00219261
12.9 21.375 0.00272589
12.9 23.625 0.00288075
12.9 25.875 0.00220176
12.9 28.125 0.045097
12.9 30.375 0.00260129
12.9 32.625 0.00211445
12.9 34.875 0.00183555
12.9 37.125 0.0112017
12.9 39.375 0.0316252
12.9 41.625 0.0508152
12.9 43.875 0.00312175
13.1 1.125 0.0027489
13.1 3.375 0.00282995
13.1 5.625 0.00179985
13.1 7.875 0.00347967
13.1 10.125 0.00685952
13.1 12.375 0.00208755
13.1 14.625 0.00147065
13.1 16.875 0.00253036
13.1 19.125 0.00287552
13.1 21.375 0.00278338
13.1 23.625 0.00201812
13.1 25.875 0.0127971
13.1 28.125 0.00163408
13.1 30.375 0.00251734
13.1 32.625 0.00245815
13.1 34.875 0.00291933
13.1 37.125 0.00221668
13.1 39.375 0.00215136
13.1 41.625 0.00199945
13.1 43.875 0.00228967
13.3 1.125 0.00315344
13.3 3.375 0.00176462
13.3 5.625 0.00226895
13.3 7.875 0.00206372
13.3 10.125 0.0272584
13.3 12.375 0.00233766
13.3 14.625 0.0492629
13.3 16.875 0.00196309
13.3 19.125 0.00233294
13.3 21.375 0.00301418
13.3 23.625 0.0022268
13.3 25.875 0.0020019
13.3 28.125 0.00204922
13.3 30.375 0.00320308
13.3 32.625 0.00236551
13.3 34.875 0.00277396
13.3 37.125 0.0021153
13.3 39.375 0.00235394
13.3 41.625 0.00254944
13.3 43.875 0.00202776
13.5 1.125 0.00241745
13.5 3.375 0.0221618
13.5 5.625 0.00217144
13.5 7.875 0.00344407
13.5 10.125 0.00277405
13.5 12.375 0.00182716
13.5 14.625 0.00218727
13.5 16.875 0.00243026
13.5 19.125 0.00258567
13.5 21.375 0.0047805
13.5 23.625 0.00266897
13.5 25.875 0.0023327
13.5 28.125 0.00418578
13.5 30.375 0.00220185
13.5 32.625 0.00199859
13.5 34.875 0.00222152
13.5 37.125 0.00259038
13.5 39.375 0.00208888
13.5 41.625 0.00208942
13.5 43.875 0.028965
13.7 1.125 0.00222042
13.7 3.375 0.00233207
13.7 5.625 0.00349864
13.7 7.875 0.00219757
13.7 10.125 0.00200543
13.7 12.375 0.00221009
13.7 14.625 0.00182206
13.7 16.875 0.00223614
13.7 19.125 0.0548557
13.7 21.375 0.00331056
13.7 23.625 0.00976241
13.7 25.875 0.00189222
13.7 28.125 0.00248989
13.7 30.375 0.00214356
13.7 32.625 0.00262541
13.7 34.875 0.00205859
13.7 37.125 0.00184342
13.7 39.375 0.00459143
13.7 41.625 0.00232583
13.7 43.875 0.00333858
13.9 1.125 0.0323849
13.9 3.375 0.00561318
13.9 5.625 0.00172863
13.9 7.875 0.00228952
13.9 10.125 0.00259674
13.9 12.375 0.00276314
13.9 14.625 0.00208312
13.9 16.875 0.00232115
13.9 19.125 0.00287067
13.9 21.375 0.00330801
13.9 23.625 0.00460663
13.9 25.875 0.00371826
13.9 28.125 0.00217961
13.9 30.375 0.00464264
13.9 32.625 0.0345359
13.9 34.875 0.00673244
13.9 37.125 0.00327638
13.9 39.375 0.00439523
13.9 41.625 0.00327814
13.9 43.875 0.0278539
