0.1 7.875 3.73422
0.1 10.125 4.50226
0.1 19.125 4.46641
0.1 39.375 4.56929
0.1 41.625 4.55486
0.1 43.875 4.52249
0.3 1.125 4.52718
0.3 3.375 4.5634
0.3 5.625 4.50849
0.3 7.875 4.57063
0.3 10.125 4.40758
0.3 12.375 4.42378
0.3 14.625 4.50757
0.3 16.875 4.49293
0.3 19.125 4.47355
0.3 21.375 4.54237
0.3 23.625 4.53904
0.3 25.875 4.49798
0.3 28.125 4.51143
0.3 30.375 4.56344
0.3 32.625 4.55091
0.3 34.875 4.55365
0.3 37.125 4.53509
0.3 39.375 4.53746
0.3 41.625 4.59768
0.3 43.875 4.51359
0.5 1.125 4.01473
0.5 3.375 4.40136
0.5 5.625 4.41746
0.5 7.875 4.43363
0.5 10.125 4.45852
0.5 12.375 4.41259
0.5 14.625 4.43245
0.5 16.875 4.39784
0.5 19.125 4.44733
0.5 21.375 4.4312
0.5 23.625 4.45639
0.5 25.875 4.44947
0.5 28.125 4.37191
0.5 30.375 4.46838
0.5 32.625 4.41497
0.5 34.875 4.41661
0.5 37.125 4.42043
0.5 39.375 4.44946
0.5 41.625 4.4286
0.5 43.875 4.30268
0.7 1.125 4.21975
0.7 3.375 4.25994
0.7 5.625 4.20099
0.7 7.875 4.14806
0.7 10.125 4.24181
0.7 12.375 4.26277
0.7 14.625 4.19755
0.7 16.875 4.24213
0.7 19.125 4.25559
0.7 21.375 4.22979
0.7 23.625 4.21094
0.7 25.875 4.2008
0.7 28.125 4.23969
0.7 30.375 4.26597
0.7 32.625 4.23122
0.7 34.875 4.241
0.7 37.125 4.26059
0.7 39.375 4.24325
0.7 41.625 4.28048
0.7 43.875 4.27667
0.9 1.125 3.84004
0.9 3.375 3.72343
0.9 5.625 3.79332
0.9 7.875 3.78325
0.9 10.125 3.7914
0.9 12.375 3.81737
0.9 14.625 3.75715
0.9 16.875 3.81643
0.9 19.125 3.98563
0.9 21.375 3.8214
0.9 23.625 3.96225
0.9 25.875 3.73532
0.9 28.125 4.01276
0.9 30.375 4.01345
0.9 32.625 4.02879
0.9 34.875 4.05434
0.9 37.125 4.04923
0.9 39.375 4.05435
0.9 41.625 4.07795
0.9 43.875 4.09501
1.1 1.125 2.93663
1.1 3.375 3.11416
1.1 5.625 2.98833
1.1 7.875 2.87226
1.1 10.125 2.97447
1.1 12.375 3.12344
1.1 14.625 3.01486
1.1 16.875 3.18612
1.1 19.125 3.22117
1.1 21.375 3.35837
1.1 23.625 3.36211
1.1 25.875 3.40153
1.1 28.125 3.42401
1.1 30.375 3.42857
1.1 32.625 3.6052
1.1 34.875 3.66215
1.1 37.125 3.72274
1.1 39.375 3.7184
1.1 41.625 3.75743
1.1 43.875 3.8122
1.3 1.125 1.88503
1.3 3.375 1.88828
1.3 5.625 1.83093
1.3 7.875 1.93171
1.3 10.125 1.98934
1.3 12.375 1.77413
1.3 14.625 2.0893
1.3 16.875 2.09548
1.3 19.125 1.98812
1.3 21.375 2.39893
1.3 23.625 2.25807
1.3 25.875 2.57579
1.3 28.125 2.56146
1.3 30.375 2.66621
1.3 32.625 2.79526
1.3 34.875 2.91102
1.3 37.125 3.01697
1.3 39.375 3.00003
1.3 41.625 3.06592
1.3 43.875 3.08699
1.5 1.125 0.996167
1.5 3.375 0.973942
1.5 5.625 1.02061
1.5 7.875 1.07049
1.5 10.125 1.03819
1.5 12.375 1.16375
1.5 14.625 1.0358
1.5 16.875 1.0955
1.5 19.125 1.28933
1.5 21.375 1.31056
1.5 23.625 1.34531
1.5 25.875 1.54075
1.5 28.125 1.45995
1.5 30.375 1.59808
1.5 32.625 1.79391
1.5 34.875 1.89075
1.5 37.125 2.08299
1.5 39.375 2.05872
1.5 41.625 2.10524
1.5 43.875 2.10273
1.7 1.125 0.559117
1.7 3.375 0.5402
1.7 5.625 0.574036
1.7 7.875 0.553237
1.7 10.125 0.618987
1.7 12.375 0.607763
1.7 14.625 0.590004
1.7 16.875 0.592584
1.7 19.125 0.681884
1.7 21.375 0.684904
1.7 23.625 0.659975
1.7 25.875 0.733698
1.7 28.125 0.81893
1.7 30.375 0.96441
1.7 32.625 1.01252
1.7 34.875 1.02691
1.7 37.125 1.18606
1.7 39.375 1.31414
1.7 41.625 1.36945
1.7 43.875 1.21669
1.9 1.125 0.303442
1.9 3.375 0.326904
1.9 5.625 0.330678
1.9 7.875 0.33713
1.9 10.125 0.365543
1.9 12.375 0.351169
1.9 14.625 0.361444
1.9 16.875 0.37963
1.9 19.125 0.380975
1.9 21.375 0.39343
1.9 23.625 0.401111
1.9 25.875 0.440855
1.9 28.125 0.426751
1.9 30.375 0.529168
1.9 32.625 0.541596
1.9 34.875 0.585435
1.9 37.125 0.625061
1.9 39.375 0.682556
1.9 41.625 0.730245
1.9 43.875 0.691568
2.1 1.125 0.218667
2.1 3.375 0.207899
2.1 5.625 0.20518
2.1 7.875 0.218666
2.1 10.125 0.224297
2.1 12.375 0.232583
2.1 14.625 0.246386
2.1 16.875 0.255373
2.1 19.125 0.252678
2.1 21.375 0.251148
2.1 23.625 0.271698
2.1 25.875 0.272134
2.1 28.125 0.290911
2.1 30.375 0.292448
2.1 32.625 0.323938
2.1 34.875 0.339302
2.1 37.125 0.387236
2.1 39.375 0.370118
2.1 41.625 0.383168
2.1 43.875 0.392899
2.3 1.125 0.152279
2.3 3.375 0.144886
2.3 5.625 0.156388
2.3 7.875 0.152803
2.3 10.125 0.157181
2.3 12.375 0.160996
2.3 14.625 0.161321
2.3 16.875 0.167276
2.3 19.125 0.179823
2.3 21.375 0.177154
2.3 23.625 0.182918
2.3 25.875 0.186877
2.3 28.125 0.198771
2.3 30.375 0.215887
2.3 32.625 0.214087
2.3 34.875 0.210459
2.3 37.125 0.225828
2.3 39.375 0.234072
2.3 41.625 0.240778
2.3 43.875 0.243555
2.5 1.125 0.125875
2.5 3.375 0.125607
2.5 5.625 0.111723
2.5 7.875 0.116466
2.5 10.125 0.121142
2.5 12.375 0.125297
2.5 14.625 0.110576
2.5 16.875 0.115758
2.5 19.125 0.116068
2.5 21.375 0.133369
2.5 23.625 0.133449
2.5 25.875 0.133171
2.5 28.125 0.141962
2.5 30.375 0.14951
2.5 32.625 0.153274
2.5 34.875 0.167127
2.5 37.125 0.163112
2.5 39.375 0.162749
2.5 41.625 0.162843
2.5 43.875 0.160943
2.7 1.125 0.0841307
2.7 3.375 0.090578
2.7 5.625 0.0911677
2.7 7.875 0.0855239
2.7 10.125 0.0887613
2.7 12.375 0.0879514
2.7 14.625 0.0829938
2.7 16.875 0.0841163
2.7 19.125 0.0899729
2.7 21.375 0.0918337
2.7 23.625 0.0948984
2.7 25.875 0.106149
2.7 28.125 0.111188
2.7 30.375 0.10446
2.7 32.625 0.115234
2.7 34.875 0.10587
2.7 37.125 0.112261
2.7 39.375 0.112331
2.7 41.625 0.109042
2.7 43.875 0.10856
2.9 1.125 0.0653668
2.9 3.375 0.0702506
2.9 5.625 0.0702077
2.9 7.875 0.0701448
2.9 10.125 0.0648454
2.9 12.375 0.0703504
2.9 14.625 0.0657657
2.9 16.875 0.0725262
2.9 19.125 0.0671699
2.9 21.375 0.0702897
2.9 23.625 0.0759592
2.9 25.875 0.0788144
2.9 28.125 0.0787265
2.9 30.375 0.0846979
2.9 32.625 0.0811124
2.9 34.875 0.0823885
2.9 37.125 0.0783649
2.9 39.375 0.0814555
2.9 41.625 0.0752476
2.9 43.875 0.0797685
3.1 1.125 0.055716
3.1 3.375 0.0547488
3.1 5.625 0.0527771
3.1 7.875 0.0560584
3.1 10.125 0.0585768
3.1 12.375 0.054577
3.1 14.625 0.0601712
3.1 16.875 0.0577823
3.1 19.125 0.0613169
3.1 21.375 0.0619737
3.1 23.625 0.0672997
3.1 25.875 0.062397
3.1 28.125 0.0656497
3.1 30.375 0.0675484
3.1 32.625 0.0666746
3.1 34.875 0.0639285
3.1 37.125 0.0662545
3.1 39.375 0.0670222
3.1 41.625 0.0619162
3.1 43.875 0.0633849
3.3 1.125 0.0461174
3.3 3.375 0.0449036
3.3 5.625 0.0417576
3.3 7.875 0.0447602
3.3 10.125 0.0476493
3.3 12.375 0.0442679
3.3 14.625 0.0465507
3.3 16.875 0.0442485
3.3 19.125 0.0469374
3.3 21.375 0.0477058
3.3 23.625 0.0498437
3.3 25.875 0.0494481
3.3 28.125 0.0565026
3.3 30.375 0.0539568
3.3 32.625 0.0531844
3.3 34.875 0.0503896
3.3 37.125 0.0552643
3.3 39.375 0.0520398
3.3 41.625 0.0537673
3.3 43.875 0.050382
3.5 1.125 0.0395525
3.5 3.375 0.0351248
3.5 5.625 0.0369481
3.5 7.875 0.0372612
3.5 10.125 0.0353902
3.5 12.375 0.0346169
3.5 14.625 0.036858
3.5 16.875 0.0378841
3.5 19.125 0.0372435
3.5 21.375 0.0381452
3.5 23.625 0.0403985
3.5 25.875 0.0431343
3.5 28.125 0.0436534
3.5 30.375 0.0408237
3.5 32.625 0.0397117
3.5 34.875 0.0446728
3.5 37.125 0.0417046
3.5 39.375 0.0407993
3.5 41.625 0.042562
3.5 43.875 0.0436457
3.7 1.125 0.0301875
3.7 3.375 0.0312397
3.7 5.625 0.0316496
3.7 7.875 0.030163
3.7 10.125 0.0300378
3.7 12.375 0.0311665
3.7 14.625 0.0327655
3.7 16.875 0.0325436
3.7 19.125 0.0315965
3.7 21.375 0.0314419
3.7 23.625 0.0346219
3.7 25.875 0.0330374
3.7 28.125 0.0365801
3.7 30.375 0.035737
3.7 32.625 0.0366086
3.7 34.875 0.0342207
3.7 37.125 0.0347881
3.7 39.375 0.0362088
3.7 41.625 0.0348657
3.7 43.875 0.0346254
3.9 1.125 0.029251
3.9 3.375 0.0298363
3.9 5.625 0.0251206
3.9 7.875 0.0272938
3.9 10.125 0.0277306
3.9 12.375 0.028325
3.9 14.625 0.0272704
3.9 16.875 0.0272297
3.9 19.125 0.0301032
3.9 21.375 0.0280351
3.9 23.625 0.0303822
3.9 25.875 0.0305467
3.9 28.125 0.0301061
3.9 30.375 0.0287445
3.9 32.625 0.0292813
3.9 34.875 0.0290957
3.9 37.125 0.0302899
3.9 39.375 0.029671
3.9 41.625 0.0291081
3.9 43.875 0.0285949
4.1 1.125 0.0240193
4.1 3.375 0.0243706
4.1 5.625 0.0243182
4.1 7.875 0.0223664
4.1 10.125 0.023851
4.1 12.375 0.0241901
4.1 14.625 0.0233467
4.1 16.875 0.0261556
4.1 19.125 0.0251638
4.1 21.375 0.024213
4.1 23.625 0.0259341
4.1 25.875 0.025944
4.1 28.125 0.0271454
4.1 30.375 0.0259857
4.1 32.625 0.0263763
4.1 34.875 0.0248737
4.1 37.125 0.0243568
4.1 39.375 0.0240215
4.1 41.625 0.0247046
4.1 43.875 0.0247229
4.3 1.125 0.0195631
4.3 3.375 0.0197165
4.3 5.625 0.0201443
4.3 7.875 0.0184516
4.3 10.125 0.0195008
4.3 12.375 0.0187732
4.3 14.625 0.0224796
4.3 16.875 0.0218272
4.3 19.125 0.0219163
4.3 21.375 0.0211032
4.3 23.625 0.0214948
4.3 25.875 0.0206921
4.3 28.125 0.0213514
4.3 30.375 0.0216377
4.3 32.625 0.0214251
4.3 34.875 0.0216321
4.3 37.125 0.021051
4.3 39.375 0.0195832
4.3 41.625 0.0216813
4.3 43.875 0.0205982
4.5 1.125 0.0168556
4.5 3.375 0.0181263
4.5 5.625 0.0176684
4.5 7.875 0.0165466
4.5 10.125 0.0169133
4.5 12.375 0.0171225
4.5 14.625 0.0182995
4.5 16.875 0.0187586
4.5 19.125 0.0180709
4.5 21.375 0.0175204
4.5 23.625 0.0192082
4.5 25.875 0.020597
4.5 28.125 0.019038
4.5 30.375 0.0201616
4.5 32.625 0.0195418
4.5 34.875 0.0187162
4.5 37.125 0.0184578
4.5 39.375 0.0179026
4.5 41.625 0.0177454
4.5 43.875 0.0161851
4.7 1.125 0.0161608
4.7 3.375 0.0164165
4.7 5.625 0.0135903
4.7 7.875 0.0150526
4.7 10.125 0.0149428
4.7 12.375 0.0177024
4.7 14.625 0.0155796
4.7 16.875 0.0163113
4.7 19.125 0.0168801
4.7 21.375 0.0164027
4.7 23.625 0.0159209
4.7 25.875 0.0173693
4.7 28.125 0.0180885
4.7 30.375 0.0170056
4.7 32.625 0.017731
4.7 34.875 0.0149452
4.7 37.125 0.0156661
4.7 39.375 0.016087
4.7 41.625 0.0155268
4.7 43.875 0.0147657
4.9 1.125 0.0126177
4.9 3.375 0.0129912
4.9 5.625 0.0142146
4.9 7.875 0.0134345
4.9 10.125 0.0133362
4.9 12.375 0.0136843
4.9 14.625 0.0151321
4.9 16.875 0.0141498
4.9 19.125 0.0152819
4.9 21.375 0.0148975
4.9 23.625 0.0141676
4.9 25.875 0.0146931
4.9 28.125 0.0131886
4.9 30.375 0.014702
4.9 32.625 0.0145113
4.9 34.875 0.0152609
4.9 37.125 0.0147995
4.9 39.375 0.0136123
4.9 41.625 0.012942
4.9 43.875 0.0142941
5.1 1.125 0.0136291
5.1 3.375 0.012337
5.1 5.625 0.0131127
5.1 7.875 0.0121038
5.1 10.125 0.0119341
5.1 12.375 0.0126219
5.1 14.625 0.0124356
5.1 16.875 0.0129648
5.1 19.125 0.0137848
5.1 21.375 0.0131302
5.1 23.625 0.0120503
5.1 25.875 0.0112703
5.1 28.125 0.0135064
5.1 30.375 0.0137751
5.1 32.625 0.0131535
5.1 34.875 0.0120178
5.1 37.125 0.0119284
5.1 39.375 0.0126795
5.1 41.625 0.0126442
5.1 43.875 0.0124668
5.3 1.125 0.0110846
5.3 3.375 0.0105857
5.3 5.625 0.0107642
5.3 7.875 0.0107276
5.3 10.125 0.010536
5.3 12.375 0.0098656
5.3 14.625 0.0107768
5.3 16.875 0.0120755
5.3 19.125 0.0127597
5.3 21.375 0.0121978
5.3 23.625 0.0109752
5.3 25.875 0.0113776
5.3 28.125 0.0115506
5.3 30.375 0.0111018
5.3 32.625 0.012151
5.3 34.875 0.0115781
5.3 37.125 0.0114352
5.3 39.375 0.0113924
5.3 41.625 0.0111808
5.3 43.875 0.0107715
5.5 1.125 0.00998903
5.5 3.375 0.00952538
5.5 5.625 0.0099607
5.5 7.875 0.0098989
5.5 10.125 0.010604
5.5 12.375 0.0092024
5.5 14.625 0.0110539
5.5 16.875 0.0112163
5.5 19.125 0.0105618
5.5 21.375 0.0106988
5.5 23.625 0.00984759
5.5 25.875 0.0107511
5.5 28.125 0.010685
5.5 30.375 0.0113935
5.5 32.625 0.0103304
5.5 34.875 0.0110928
5.5 37.125 0.0107162
5.5 39.375 0.0104707
5.5 41.625 0.011619
5.5 43.875 0.0103559
5.7 1.125 0.00844281
5.7 3.375 0.00902045
5.7 5.625 0.00891237
5.7 7.875 0.00960951
5.7 10.125 0.00982869
5.7 12.375 0.00905413
5.7 14.625 0.0101061
5.7 16.875 0.00924923
5.7 19.125 0.010913
5.7 21.375 0.00996747
5.7 23.625 0.00999167
5.7 25.875 0.00953835
5.7 28.125 0.0088621
5.7 30.375 0.00921752
5.7 32.625 0.0100751
5.7 34.875 0.0096639
5.7 37.125 0.0101192
5.7 39.375 0.00959259
5.7 41.625 0.0100704
5.7 43.875 0.00886714
5.9 1.125 0.00814947
5.9 3.375 0.00885184
5.9 5.625 0.0081831
5.9 7.875 0.00795385
5.9 10.125 0.00787058
5.9 12.375 0.00829851
5.9 14.625 0.00899682
5.9 16.875 0.00885308
5.9 19.125 0.0100392
5.9 21.375 0.00907108
5.9 23.625 0.00893132
5.9 25.875 0.00848067
5.9 28.125 0.00892391
5.9 30.375 0.0087934
5.9 32.625 0.00868483
5.9 34.875 0.00885362
5.9 37.125 0.00901058
5.9 39.375 0.00867515
5.9 41.625 0.00867763
5.9 43.875 0.00901682
6.1 1.125 0.00766948
6.1 3.375 0.00880433
6.1 5.625 0.00778649
6.1 7.875 0.00840106
6.1 10.125 0.00703529
6.1 12.375 0.00870726
6.1 14.625 0.008344
6.1 16.875 0.00900879
6.1 19.125 0.00841228
6.1 21.375 0.0078526
6.1 23.625 0.00812957
6.1 25.875 0.00851618
6.1 28.125 0.00744361
6.1 30.375 0.00809303
6.1 32.625 0.00854142
6.1 34.875 0.00820296
6.1 37.125 0.0084811
6.1 39.375 0.00848491
6.1 41.625 0.00839356
6.1 43.875 0.00785437
6.3 1.125 0.00722679
6.3 3.375 0.0079161
6.3 5.625 0.00739663
6.3 7.875 0.00736545
6.3 10.125 0.00807454
6.3 12.375 0.00748779
6.3 14.625 0.00810325
6.3 16.875 0.00803174
6.3 19.125 0.00910999
6.3 21.375 0.00739252
6.3 23.625 0.00867373
6.3 25.875 0.00849912
6.3 28.125 0.00753933
6.3 30.375 0.00812066
6.3 32.625 0.00793069
6.3 34.875 0.00731718
6.3 37.125 0.00806355
6.3 39.375 0.0078829
6.3 41.625 0.00803616
6.3 43.875 0.00783158
6.5 1.125 0.00704827
6.5 3.375 0.00790867
6.5 5.625 0.00673804
6.5 7.875 0.00756995
6.5 10.125 0.00642796
6.5 12.375 0.00699118
6.5 14.625 0.00741914
6.5 16.875 0.00761984
6.5 19.125 0.00715422
6.5 21.375 0.00745187
6.5 23.625 0.00693966
6.5 25.875 0.00720044
6.5 28.125 0.00778295
6.5 30.375 0.0073521
6.5 32.625 0.00784674
6.5 34.875 0.00723402
6.5 37.125 0.00717421
6.5 39.375 0.00776471
6.5 41.625 0.00757063
6.5 43.875 0.00714677
6.7 1.125 0.00664975
6.7 3.375 0.00671525
6.7 5.625 0.00701296
6.7 7.875 0.00667599
6.7 10.125 0.00669721
6.7 12.375 0.00758491
6.7 14.625 0.007739
6.7 16.875 0.00740816
6.7 19.125 0.00736216
6.7 21.375 0.00740095
6.7 23.625 0.00675442
6.7 25.875 0.0067647
6.7 28.125 0.00663323
6.7 30.375 0.00660494
6.7 32.625 0.00593622
6.7 34.875 0.00705457
6.7 37.125 0.00688775
6.7 39.375 0.00709378
6.7 41.625 0.00696252
6.7 43.875 0.00667007
6.9 1.125 0.00640794
6.9 3.375 0.006397
6.9 5.625 0.0062645
6.9 7.875 0.00663084
6.9 10.125 0.00620657
6.9 12.375 0.00645664
6.9 14.625 0.0076576
6.9 16.875 0.00818836
6.9 19.125 0.007501
6.9 21.375 0.0075283
6.9 23.625 0.00669355
6.9 25.875 0.00698318
6.9 28.125 0.00703388
6.9 30.375 0.00650567
6.9 32.625 0.00671557
6.9 34.875 0.00667102
6.9 37.125 0.00713978
6.9 39.375 0.00722261
6.9 41.625 0.00704571
6.9 43.875 0.00710069
7.1 1.125 0.00665792
7.1 3.375 0.00646868
7.1 5.625 0.00670989
7.1 7.875 0.00669042
7.1 10.125 0.0070255
7.1 12.375 0.00687059
7.1 14.625 0.00681657
7.1 16.875 0.00656414
7.1 19.125 0.00639582
7.1 21.375 0.00652012
7.1 23.625 0.00648656
7.1 25.875 0.00722622
7.1 28.125 0.00696536
7.1 30.375 0.00696589
7.1 32.625 0.00636225
7.1 34.875 0.00642112
7.1 37.125 0.00623653
7.1 39.375 0.00655979
7.1 41.625 0.00709554
7.1 43.875 0.00644543
7.3 1.125 0.00607981
7.3 3.375 0.00665095
7.3 5.625 0.00550907
7.3 7.875 0.00723705
7.3 10.125 0.00664184
7.3 12.375 0.0059266
7.3 14.625 0.00569305
7.3 16.875 0.00664363
7.3 19.125 0.00597447
7.3 21.375 0.00582995
7.3 23.625 0.00696527
7.3 25.875 0.00643178
7.3 28.125 0.00630352
7.3 30.375 0.00696896
7.3 32.625 0.00724112
7.3 34.875 0.00573375
7.3 37.125 0.00587394
7.3 39.375 0.00607422
7.3 41.625 0.00563551
7.3 43.875 0.00639897
7.5 1.125 0.00761248
7.5 3.375 0.00594844
7.5 5.625 0.00597186
7.5 7.875 0.00588475
7.5 10.125 0.00612955
7.5 12.375 0.00654963
7.5 14.625 0.0063575
7.5 16.875 0.00563556
7.5 19.125 0.0060741
7.5 21.375 0.0068131
7.5 23.625 0.00597654
7.5 25.875 0.00628509
7.5 28.125 0.00640194
7.5 30.375 0.00759036
7.5 32.625 0.00664714
7.5 34.875 0.00671325
7.5 37.125 0.00669764
7.5 39.375 0.00651502
7.5 41.625 0.00680607
7.5 43.875 0.00696798
7.7 1.125 0.00623696
7.7 3.375 0.00585014
7.7 5.625 0.00585664
7.7 7.875 0.00578446
7.7 10.125 0.00529634
7.7 12.375 0.00616763
7.7 14.625 0.00597754
7.7 16.875 0.00597401
7.7 19.125 0.00607408
7.7 21.375 0.00615548
7.7 23.625 0.00655739
7.7 25.875 0.00576053
7.7 28.125 0.00600197
7.7 30.375 0.0056983
7.7 32.625 0.00687979
7.7 34.875 0.0068134
7.7 37.125 0.00676928
7.7 39.375 0.00631009
7.7 41.625 0.00563019
7.7 43.875 0.006426
7.9 1.125 0.00641198
7.9 3.375 0.00617991
7.9 5.625 0.00523864
7.9 7.875 0.0052444
7.9 10.125 0.00628868
7.9 12.375 0.00575369
7.9 14.625 0.00635122
7.9 16.875 0.00739567
7.9 19.125 0.00519733
7.9 21.375 0.0066701
7.9 23.625 0.00632679
7.9 25.875 0.00715049
7.9 28.125 0.00632289
7.9 30.375 0.00536822
7.9 32.625 0.00599165
7.9 34.875 0.00654519
7.9 37.125 0.00641172
7.9 39.375 0.00588444
7.9 41.625 0.00659641
7.9 43.875 0.00596111
8.1 1.125 0.00559536
8.1 3.375 0.00587423
8.1 5.625 0.00535876
8.1 7.875 0.00504003
8.1 10.125 0.00595387
8.1 12.375 0.00555915
8.1 14.625 0.00571811
8.1 16.875 0.00628928
8.1 19.125 0.00568243
8.1 21.375 0.00648374
8.1 23.625 0.00581789
8.1 25.875 0.00587687
8.1 28.125 0.00570166
8.1 30.375 0.00499899
8.1 32.625 0.0053944
8.1 34.875 0.00603757
8.1 37.125 0.00617362
8.1 39.375 0.0051265
8.1 41.625 0.00507566
8.1 43.875 0.00533339
8.3 1.125 0.00520688
8.3 3.375 0.00534511
8.3 5.625 0.00485319
8.3 7.875 0.00555919
8.3 10.125 0.00578188
8.3 12.375 0.00569079
8.3 14.625 0.00573458
8.3 16.875 0.00626953
8.3 19.125 0.00582692
8.3 21.375 0.00521341
8.3 23.625 0.00562318
8.3 25.875 0.00481615
8.3 28.125 0.00557164
8.3 30.375 0.00553439
8.3 32.625 0.00569698
8.3 34.875 0.00609474
8.3 37.125 0.00624313
8.3 39.375 0.00565956
8.3 41.625 0.00628548
8.3 43.875 0.00572708
8.5 1.125 0.0058345
8.5 3.375 0.00545693
8.5 5.625 0.00535228
8.5 7.875 0.00497401
8.5 10.125 0.00573517
8.5 12.375 0.00532169
8.5 14.625 0.00542496
8.5 16.875 0.00627514
8.5 19.125 0.00489963
8.5 21.375 0.00481957
8.5 23.625 0.00697151
8.5 25.875 0.00594356
8.5 28.125 0.00513209
8.5 30.375 0.00608086
8.5 32.625 0.00578586
8.5 34.875 0.00546258
8.5 37.125 0.00546795
8.5 39.375 0.00593279
8.5 41.625 0.00598052
8.5 43.875 0.00577916
8.7 1.125 0.00498332
8.7 3.375 0.00481304
8.7 5.625 0.00567205
8.7 7.875 0.0056693
8.7 10.125 0.00537195
8.7 12.375 0.00638629
8.7 14.625 0.00512222
8.7 16.875 0.00592105
8.7 19.125 0.00561266
8.7 21.375 0.00537355
8.7 23.625 0.0059564
8.7 25.875 0.0058593
8.7 28.125 0.00548626
8.7 30.375 0.00502332
8.7 32.625 0.00555355
8.7 34.875 0.00565554
8.7 37.125 0.00548817
8.7 39.375 0.00498166
8.7 41.625 0.00678945
8.7 43.875 0.00560146
8.9 1.125 0.00548441
8.9 3.375 0.00623639
8.9 5.625 0.00525574
8.9 7.875 0.00549363
8.9 10.125 0.00594341
8.9 12.375 0.00488092
8.9 14.625 0.00549019
8.9 16.875 0.00591725
8.9 19.125 0.00524727
8.9 21.375 0.00493816
8.9 23.625 0.00573846
8.9 25.875 0.00573912
8.9 28.125 0.0050836
8.9 30.375 0.00552171
8.9 32.625 0.00626876
8.9 34.875 0.00609641
8.9 37.125 0.00487117
8.9 39.375 0.00553045
8.9 41.625 0.00572367
8.9 43.875 0.00544448
9.1 1.125 0.00535488
9.1 3.375 0.00561754
9.1 5.625 0.00469372
9.1 7.875 0.00596749
9.1 10.125 0.00497179
9.1 12.375 0.00550847
9.1 14.625 0.00568278
9.1 16.875 0.00600639
9.1 19.125 0.00548786
9.1 21.375 0.00607693
9.1 23.625 0.00560246
9.1 25.875 0.00500053
9.1 28.125 0.00525502
9.1 30.375 0.00542337
9.1 32.625 0.00491325
9.1 34.875 0.00507579
9.1 37.125 0.00479891
9.1 39.375 0.00597177
9.1 41.625 0.00503152
9.1 43.875 0.0054167
9.3 1.125 0.00576742
9.3 3.375 0.00739101
9.3 5.625 0.00529828
9.3 7.875 0.00516809
9.3 10.125 0.00493875
9.3 12.375 0.00554551
9.3 14.625 0.00539353
9.3 16.875 0.00492127
9.3 19.125 0.00544885
9.3 21.375 0.00929962
9.3 23.625 0.00595974
9.3 25.875 0.00608747
9.3 28.125 0.00530907
9.3 30.375 0.0059103
9.3 32.625 0.0051803
9.3 34.875 0.0061795
9.3 37.125 0.00490861
9.3 39.375 0.00493061
9.3 41.625 0.00480422
9.3 43.875 0.00566368
9.5 1.125 0.00426626
9.5 3.375 0.0048272
9.5 5.625 0.00538834
9.5 7.875 0.00472725
9.5 10.125 0.00482711
9.5 12.375 0.00544362
9.5 14.625 0.00494337
9.5 16.875 0.00479273
9.5 19.125 0.00498119
9.5 21.375 0.0048097
9.5 23.625 0.00569778
9.5 25.875 0.00503822
9.5 28.125 0.0054598
9.5 30.375 0.00551659
9.5 32.625 0.00580463
9.5 34.875 0.00474149
9.5 37.125 0.00544606
9.5 39.375 0.00518694
9.5 41.625 0.00519535
9.5 43.875 0.00465557
9.7 1.125 0.00502301
9.7 3.375 0.0061471
9.7 5.625 0.00529106
9.7 7.875 0.00482726
9.7 10.125 0.00592479
9.7 12.375 0.00479831
9.7 14.625 0.00467113
9.7 16.875 0.00484377
9.7 19.125 0.00470258
9.7 21.375 0.00489347
9.7 23.625 0.00588458
9.7 25.875 0.00526445
9.7 28.125 0.00475359
9.7 30.375 0.00508104
9.7 32.625 0.00560187
9.7 34.875 0.00516841
9.7 37.125 0.00637808
9.7 39.375 0.00545239
9.7 41.625 0.0050546
9.7 43.875 0.00747119
9.9 1.125 0.00584244
9.9 3.375 0.00520921
9.9 5.625 0.00511706
9.9 7.875 0.00549124
9.9 10.125 0.00459546
9.9 12.375 0.00519019
9.9 14.625 0.0062469
9.9 16.875 0.00508996
9.9 19.125 0.00609561
9.9 21.375 0.00585684
9.9 23.625 0.00614972
9.9 25.875 0.0044648
9.9 28.125 0.0064518
9.9 30.375 0.00584659
9.9 32.625 0.00820235
9.9 34.875 0.00596219
9.9 37.125 0.00502706
9.9 39.375 0.00563146
9.9 41.625 0.00857034
9.9 43.875 0.00735319
10.1 1.125 0.00394236
10.1 3.375 0.00448854
10.1 5.625 0.00495801
10.1 7.875 0.00409562
10.1 10.125 0.00586387
10.1 12.375 0.00585664
10.1 14.625 0.00660581
10.1 16.875 0.00901722
10.1 19.125 0.00565995
10.1 21.375 0.00472369
10.1 23.625 0.00495751
10.1 25.875 0.00588171
10.1 28.125 0.00444945
10.1 30.375 0.00480208
10.1 32.625 0.00458035
10.1 34.875 0.00495636
10.1 37.125 0.00557904
10.1 39.375 0.0048224
10.1 41.625 0.00632461
10.1 43.875 0.0054018
10.3 1.125 0.00522041
10.3 3.375 0.00558262
10.3 5.625 0.0053284
10.3 7.875 0.00602344
10.3 10.125 0.00463143
10.3 12.375 0.00458587
10.3 14.625 0.00575425
10.3 16.875 0.00462825
10.3 19.125 0.00467974
10.3 21.375 0.00512915
10.3 23.625 0.00403385
10.3 25.875 0.00428594
10.3 28.125 0.00470073
10.3 30.375 0.00792385
10.3 32.625 0.00806144
10.3 34.875 0.116332
10.3 37.125 0.00531847
10.3 39.375 0.00528175
10.3 41.625 0.00485189
10.3 43.875 0.00487214
10.5 1.125 0.00438633
10.5 3.375 0.00429131
10.5 5.625 0.0050792
10.5 7.875 0.00505255
10.5 10.125 0.00560685
10.5 12.375 0.00510913
10.5 14.625 0.00501678
10.5 16.875 0.00521724
10.5 19.125 0.00422439
10.5 21.375 0.00477542
10.5 23.625 0.00519371
10.5 25.875 0.00479119
10.5 28.125 0.00601669
10.5 30.375 0.00452334
10.5 32.625 0.00382951
10.5 34.875 0.00450253
10.5 37.125 0.0063435
10.5 39.375 0.00622294
10.5 41.625 0.004442
10.5 43.875 0.00701723
10.7 1.125 0.00497781
10.7 3.375 0.00491162
10.7 5.625 0.00429432
10.7 7.875 0.00447694
10.7 10.125 0.00792426
10.7 12.375 0.00528205
10.7 14.625 0.00453507
10.7 16.875 0.00448415
10.7 19.125 0.00419085
10.7 21.375 0.00612059
10.7 23.625 0.00920575
10.7 25.875 0.00378612
10.7 28.125 0.00505043
10.7 30.375 0.00550522
10.7 32.625 0.00512636
10.7 34.875 0.00480571
10.7 37.125 0.00573128
10.7 39.375 0.0046498
10.7 41.625 0.00362251
10.7 43.875 0.00489747
10.9 1.125 0.00403084
10.9 3.375 0.00411804
10.9 5.625 0.00777918
10.9 7.875 0.00589576
10.9 10.125 0.00415263
10.9 12.375 0.00412573
10.9 14.625 0.00493944
10.9 16.875 0.00475294
10.9 19.125 0.00434205
10.9 21.375 0.00497116
10.9 23.625 0.00583012
10.9 25.875 0.0109194
10.9 28.125 0.213675
10.9 30.375 0.00387583
10.9 32.625 0.00625442
10.9 34.875 0.00486153
10.9 37.125 0.00506974
10.9 39.375 0.00530067
10.9 41.625 0.00594568
10.9 43.875 0.00465658
11.1 1.125 0.00534155
11.1 3.375 0.00626661
11.1 5.625 0.00524169
11.1 7.875 0.00432481
11.1 10.125 0.00597554
11.1 12.375 0.00453039
11.1 14.625 0.00402003
11.1 16.875 0.00419993
11.1 19.125 0.00615283
11.1 21.375 0.00481275
11.1 23.625 0.00646462
11.1 25.875 0.00533361
11.1 28.125 0.0048918
11.1 30.375 0.00455871
11.1 32.625 0.00508448
11.1 34.875 0.00498169
11.1 37.125 0.00448907
11.1 39.375 0.0048678
11.1 41.625 0.00553183
11.1 43.875 0.00473349
11.3 3.375 0.00497456
11.3 5.625 0.00401334
11.3 7.875 0.00728445
11.3 10.125 0.00636356
11.3 12.375 0.00626454
11.3 14.625 0.00482619
11.3 16.875 0.00532674
11.3 19.125 0.00668123
11.3 21.375 0.00400642
11.3 23.625 0.00567188
11.3 25.875 0.00466974
11.3 28.125 0.00599721
11.3 30.375 0.00534227
11.3 32.625 0.00712928
11.3 34.875 0.00471618
11.3 37.125 0.00409905
11.3 39.375 0.00667341
11.3 41.625 0.00380535
11.3 43.875 0.00509586
11.5 1.125 0.00570985
11.5 3.375 0.00557624
11.5 5.625 0.00542435
11.5 7.875 0.0056102
11.5 10.125 0.00510455
11.5 12.375 0.00487094
11.5 14.625 0.00750971
11.5 16.875 0.0141443
11.5 19.125 0.00610889
11.5 21.375 0.00388209
11.5 23.625 0.00568957
11.5 25.875 0.00515634
11.5 28.125 0.00454907
11.5 30.375 0.00511571
11.5 32.625 0.00801818
11.5 34.875 0.00504761
11.5 37.125 0.00448934
11.5 39.375 0.00583154
11.5 41.625 0.00405022
11.5 43.875 0.00592799
11.7 1.125 0.00448501
11.7 3.375 0.00549316
11.7 5.625 0.0124672
11.7 7.875 0.00703983
11.7 10.125 0.00488112
11.7 12.375 0.00584389
11.7 14.625 0.00495359
11.7 16.875 0.00393989
11.7 19.125 0.00470479
11.7 21.375 0.00407789
11.7 23.625 0.00385841
11.7 25.875 0.00763269
11.7 28.125 0.00448772
11.7 30.375 0.00528657
11.7 32.625 0.00339394
11.7 34.875 0.183382
11.7 37.125 0.00508251
11.7 39.375 0.271476
11.7 41.625 0.00630866
11.7 43.875 0.00455927
11.9 3.375 0.00445767
11.9 5.625 0.00623087
11.9 7.875 0.0059882
11.9 10.125 0.00602696
11.9 12.375 0.0061414
11.9 14.625 0.00289337
11.9 16.875 0.00497179
11.9 19.125 0.0065871
11.9 21.375 0.00393116
11.9 23.625 0.00656338
11.9 25.875 0.00569159
11.9 28.125 0.00383442
11.9 30.375 0.00407381
11.9 32.625 0.00948079
11.9 34.875 0.00456732
11.9 37.125 0.00440133
11.9 39.375 0.00438485
11.9 41.625 0.00509772
11.9 43.875 0.0121124
12.1 1.125 0.00686531
12.1 3.375 0.00408495
12.1 5.625 0.00499768
12.1 7.875 0.00748105
12.1 10.125 0.00354988
12.1 12.375 0.00525226
12.1 14.625 0.00465945
12.1 16.875 0.0113734
12.1 19.125 0.00406218
12.1 21.375 0.00816255
12.1 23.625 0.00470819
12.1 25.875 0.00849627
12.1 28.125 0.00496356
12.1 30.375 0.00616151
12.1 32.625 0.00362973
12.1 34.875 0.00458333
12.1 37.125 0.00362365
12.1 39.375 0.0185423
12.1 41.625 0.00383948
12.1 43.875 0.00503975
12.3 1.125 0.00560131
12.3 5.625 0.00388021
12.3 7.875 0.00682574
12.3 10.125 0.00402299
12.3 12.375 0.0111099
12.3 14.625 0.00503259
12.3 16.875 0.00351438
12.3 19.125 0.00410177
12.3 21.375 0.00427119
12.3 23.625 0.00409057
12.3 25.875 0.00497891
12.3 28.125 0.107773
12.3 30.375 0.00503195
12.3 32.625 0.00450801
12.3 37.125 0.0051256
12.3 39.375 0.00416141
12.3 41.625 0.00650745
12.3 43.875 0.0039279
12.5 3.375 0.00592777
12.5 5.625 0.00512653
12.5 7.875 0.00577182
12.5 10.125 0.00528878
12.5 12.375 0.00473427
12.5 14.625 0.00586902
12.5 16.875 0.00670449
12.5 19.125 0.00412392
12.5 21.375 0.00542767
12.5 23.625 0.0107229
12.5 25.875 0.00414278
12.5 28.125 0.00687906
12.5 32.625 0.00374377
12.5 34.875 0.00466076
12.5 37.125 0.00547858
12.5 39.375 0.0036216
12.5 41.625 0.00373102
12.5 43.875 0.00437149
12.7 1.125 0.00467524
12.7 3.375 0.0988951
12.7 5.625 0.00494858
12.7 7.875 0.00803484
12.7 10.125 0.00486162
12.7 12.375 0.00825016
12.7 14.625 0.00386349
12.7 16.875 0.00470486
12.7 19.125 0.0100998
12.7 21.375 0.00440262
12.7 23.625 0.00599657
12.7 28.125 0.00610009
12.7 30.375 0.0048959
12.7 32.625 0.00342975
12.7 34.875 0.0075856
12.7 37.125 0.00488659
12.7 39.375 0.00612506
12.7 43.875 0.00451957
12.9 1.125 0.00631331
12.9 3.375 0.00438746
12.9 5.625 0.00607097
12.9 7.875 0.0171891
12.9 10.125 0.00554029
12.9 12.375 0.00634941
12.9 16.875 0.00439724
12.9 19.125 0.0033055
12.9 21.375 0.00481598
12.9 23.625 0.0958378
12.9 25.875 0.00520998
12.9 28.125 0.00619734
12.9 30.375 0.00647774
12.9 32.625 0.00529183
12.9 34.875 0.00466961
12.9 37.125 0.00372988
12.9 39.375 0.00361699
12.9 41.625 0.00893424
12.9 43.875 0.00395217
13.1 1.125 0.00488644
13.1 3.375 0.00777858
13.1 5.625 0.00456958
13.1 7.875 0.00305836
13.1 12.375 0.00612164
13.1 14.625 0.0043126
13.1 19.125 0.00372525
13.1 21.375 0.00490443
13.1 25.875 0.00518411
13.1 28.125 0.0064285
13.1 30.375 0.00385334
13.1 32.625 0.00602292
13.1 34.875 0.00772788
13.1 37.125 0.00521013
13.1 39.375 0.00568651
13.1 41.625 0.0623323
13.1 43.875 0.00641063
13.3 1.125 0.00376867
13.3 3.375 0.00376118
13.3 5.625 0.00427138
13.3 7.875 0.00411583
13.3 10.125 0.00466972
13.3 12.375 0.00455565
13.3 14.625 0.00351507
13.3 16.875 0.00441312
13.3 19.125 0.00436293
13.3 21.375 0.00376318
13.3 23.625 0.0062793
13.3 25.875 0.00644647
13.3 28.125 0.00440684
13.3 32.625 0.00542835
13.3 34.875 0.0070016
13.3 37.125 0.00480536
13.3 39.375 0.00429655
13.3 43.875 0.00577166
13.5 3.375 0.00396774
13.5 5.625 0.00366955
13.5 7.875 0.00447928
13.5 12.375 0.00354948
13.5 14.625 0.00685668
13.5 16.875 0.00607019
13.5 19.125 0.00330454
13.5 21.375 0.00433994
13.5 30.375 0.00602171
13.5 34.875 0.00625154
13.5 37.125 0.00534616
13.5 39.375 0.0039584
13.5 41.625 0.00596635
13.5 43.875 0.00367655
13.7 3.375 0.00437586
13.7 10.125 0.00464153
13.7 14.625 0.00791983
13.7 16.875 0.00382498
13.7 23.625 0.0064884
13.7 25.875 0.00567032
13.7 28.125 0.20648
13.7 32.625 0.126418
13.7 37.125 0.0149015
13.7 39.375 0.00754129
13.7 43.875 0.00670274
13.9 1.125 0.00645741
13.9 5.625 0.0756727
13.9 7.875 0.005001
13.9 10.125 0.00499974
13.9 14.625 0.0100841
13.9 16.875 0.00845824
13.9 19.125 0.00436604
13.9 21.375 0.00468148
13.9 25.875 0.0036321
13.9 28.125 0.0035644
13.9 32.625 0.014443
13.9 34.875 0.0057462
13.9 37.125 0.00399753
13.9 39.375 0.00381864
