0.1 1.125 2.46517
0.1 3.375 2.45346
0.1 5.625 2.47049
0.1 7.875 2.43984
0.1 10.125 2.27758
0.1 12.375 2.05156
0.1 14.625 2.19157
0.1 16.875 2.10145
0.1 19.125 2.47974
0.1 21.375 2.22333
0.1 23.625 2.50413
0.1 25.875 2.40582
0.1 28.125 2.46944
0.1 30.375 2.46472
0.1 32.625 2.51236
0.1 34.875 2.38959
0.1 37.125 2.48372
0.1 39.375 2.32952
0.1 41.625 2.46862
0.1 43.875 1.96986
0.3 1.125 2.44629
0.3 3.375 2.46611
0.3 5.625 2.43055
0.3 7.875 2.41939
0.3 10.125 2.37372
0.3 12.375 2.44848
0.3 14.625 2.45155
0.3 16.875 2.44272
0.3 19.125 2.45261
0.3 21.375 2.42569
0.3 23.625 2.47135
0.3 25.875 2.43778
0.3 28.125 2.43349
0.3 30.375 2.43546
0.3 32.625 2.4599
0.3 34.875 2.4352
0.3 37.125 2.43871
0.3 39.375 2.43739
0.3 41.625 2.45708
0.3 43.875 2.43661
0.5 1.125 2.387
0.5 3.375 2.40642
0.5 5.625 2.3893
0.5 7.875 2.39219
0.5 10.125 2.34561
0.5 12.375 2.3903
0.5 14.625 2.4062
0.5 16.875 2.39
0.5 19.125 2.39417
0.5 21.375 2.34364
0.5 23.625 2.38727
0.5 25.875 2.38752
0.5 28.125 2.36657
0.5 30.375 2.38459
0.5 32.625 2.39061
0.5 34.875 2.37783
0.5 37.125 2.39506
0.5 39.375 2.40375
0.5 41.625 2.40489
0.5 43.875 2.38268
0.7 1.125 2.28352
0.7 3.375 2.28825
0.7 5.625 2.24407
0.7 7.875 2.2732
0.7 10.125 2.23982
0.7 12.375 2.27317
0.7 14.625 2.27102
0.7 16.875 2.23945
0.7 19.125 2.26618
0.7 21.375 2.28172
0.7 23.625 2.26015
0.7 25.875 2.25458
0.7 28.125 2.28111
0.7 30.375 2.26405
0.7 32.625 2.28602
0.7 34.875 2.31325
0.7 37.125 2.29452
0.7 39.375 2.26552
0.7 41.625 2.27499
0.7 43.875 2.30506
0.9 1.125 2.01038
0.9 3.375 1.94187
0.9 5.625 1.94587
0.9 7.875 1.99412
0.9 10.125 1.99769
0.9 12.375 1.98843
0.9 14.625 2.04521
0.9 16.875 2.04939
0.9 19.125 2.03323
0.9 21.375 2.03387
0.9 23.625 2.0539
0.9 25.875 2.08886
0.9 28.125 2.07983
0.9 30.375 2.12243
0.9 32.625 2.12808
0.9 34.875 2.13735
0.9 37.125 2.1715
0.9 39.375 2.13984
0.9 41.625 2.16871
0.9 43.875 2.16056
1.1 1.125 1.42474
1.1 3.375 1.44823
1.1 5.625 1.43714
1.1 7.875 1.44455
1.1 10.125 1.4713
1.1 12.375 1.51442
1.1 14.625 1.60249
1.1 16.875 1.50647
1.1 19.125 1.63116
1.1 21.375 1.6112
1.1 23.625 1.63635
1.1 25.875 1.76157
1.1 28.125 1.80911
1.1 30.375 1.81104
1.1 32.625 1.89293
1.1 34.875 1.88214
1.1 37.125 1.90414
1.1 39.375 1.90759
1.1 41.625 1.93638
1.1 43.875 1.9337
1.3 1.125 0.850851
1.3 3.375 0.819751
1.3 5.625 0.87832
1.3 7.875 0.873055
1.3 10.125 0.863741
1.3 12.375 0.910557
1.3 14.625 1.00834
1.3 16.875 0.998521
1.3 19.125 1.02548
1.3 21.375 1.05855
1.3 23.625 1.10694
1.3 25.875 1.11609
1.3 28.125 1.22085
1.3 30.375 1.28328
1.3 32.625 1.33421
1.3 34.875 1.42621
1.3 37.125 1.49318
1.3 39.375 1.55531
1.3 41.625 1.60074
1.3 43.875 1.64015
1.5 1.125 0.443929
1.5 3.375 0.445372
1.5 5.625 0.47601
1.5 7.875 0.473803
1.5 10.125 0.460167
1.5 12.375 0.505305
1.5 14.625 0.496087
1.5 16.875 0.513365
1.5 19.125 0.54587
1.5 21.375 0.551233
1.5 23.625 0.552775
1.5 25.875 0.601917
1.5 28.125 0.626535
1.5 30.375 0.666129
1.5 32.625 0.697754
1.5 34.875 0.817802
1.5 37.125 0.816327
1.5 39.375 1.03314
1.5 41.625 1.03988
1.5 43.875 1.13496
1.7 1.125 0.25279
1.7 3.375 0.260221
1.7 5.625 0.258492
1.7 7.875 0.279957
1.7 10.125 0.270768
1.7 12.375 0.281877
1.7 14.625 0.299184
1.7 16.875 0.30062
1.7 19.125 0.286448
1.7 21.375 0.310713
1.7 23.625 0.326302
1.7 25.875 0.340207
1.7 28.125 0.341396
1.7 30.375 0.370396
1.7 32.625 0.402869
1.7 34.875 0.415028
1.7 37.125 0.414376
1.7 39.375 0.43705
1.7 41.625 0.468207
1.7 43.875 0.430767
1.9 1.125 0.147626
1.9 3.375 0.152027
1.9 5.625 0.161784
1.9 7.875 0.159642
1.9 10.125 0.164709
1.9 12.375 0.176796
1.9 14.625 0.180757
1.9 16.875 0.175809
1.9 19.125 0.178953
1.9 21.375 0.184294
1.9 23.625 0.184108
1.9 25.875 0.20036
1.9 28.125 0.203157
1.9 30.375 0.214007
1.9 32.625 0.217161
1.9 34.875 0.236063
1.9 37.125 0.264758
1.9 39.375 0.270082
1.9 41.625 0.279928
1.9 43.875 0.304299
2.1 1.125 0.103528
2.1 3.375 0.105312
2.1 5.625 0.109879
2.1 7.875 0.11216
2.1 10.125 0.106609
2.1 12.375 0.108983
2.1 14.625 0.114485
2.1 16.875 0.117977
2.1 19.125 0.114579
2.1 21.375 0.122804
2.1 23.625 0.11847
2.1 25.875 0.128766
2.1 28.125 0.135579
2.1 30.375 0.139975
2.1 32.625 0.147605
2.1 34.875 0.150966
2.1 37.125 0.163273
2.1 39.375 0.167819
2.1 41.625 0.173802
2.1 43.875 0.17689
2.3 1.125 0.0732281
2.3 3.375 0.0756773
2.3 5.625 0.0721131
2.3 7.875 0.0747257
2.3 10.125 0.0756562
2.3 12.375 0.0753028
2.3 14.625 0.0769975
2.3 16.875 0.0778808
2.3 19.125 0.0771084
2.3 21.375 0.0793354
2.3 23.625 0.0820432
2.3 25.875 0.0820683
2.3 28.125 0.0923873
2.3 30.375 0.0956701
2.3 32.625 0.107768
2.3 34.875 0.112151
2.3 37.125 0.107135
2.3 39.375 0.110456
2.3 41.625 0.109862
2.3 43.875 0.111048
2.5 1.125 0.0535219
2.5 3.375 0.0569766
2.5 5.625 0.0547638
2.5 7.875 0.0523674
2.5 10.125 0.0526927
2.5 12.375 0.0524764
2.5 14.625 0.0552954
2.5 16.875 0.0528903
2.5 19.125 0.056196
2.5 21.375 0.0554777
2.5 23.625 0.0576805
2.5 25.875 0.0597507
2.5 28.125 0.0661862
2.5 30.375 0.0649315
2.5 32.625 0.069204
2.5 34.875 0.0693022
2.5 37.125 0.0734032
2.5 39.375 0.0738262
2.5 41.625 0.075485
2.5 43.875 0.0739482
2.7 1.125 0.0442627
2.7 3.375 0.0394657
2.7 5.625 0.0404168
2.7 7.875 0.0417727
2.7 10.125 0.0401967
2.7 12.375 0.0424817
2.7 14.625 0.0411214
2.7 16.875 0.0434035
2.7 19.125 0.040633
2.7 21.375 0.0414308
2.7 23.625 0.0442624
2.7 25.875 0.0452347
2.7 28.125 0.0454304
2.7 30.375 0.0516582
2.7 32.625 0.0514015
2.7 34.875 0.0510786
2.7 37.125 0.0500371
2.7 39.375 0.051431
2.7 41.625 0.0525193
2.7 43.875 0.0504546
2.9 1.125 0.0329206
2.9 3.375 0.0326417
2.9 5.625 0.0330611
2.9 7.875 0.0321123
2.9 10.125 0.0322573
2.9 12.375 0.0332101
2.9 14.625 0.0332164
2.9 16.875 0.0323039
2.9 19.125 0.0327592
2.9 21.375 0.0339787
2.9 23.625 0.0336204
2.9 25.875 0.0373157
2.9 28.125 0.0394693
2.9 30.375 0.0382085
2.9 32.625 0.0397056
2.9 34.875 0.0387489
2.9 37.125 0.037127
2.9 39.375 0.038274
2.9 41.625 0.0376489
2.9 43.875 0.0383102
3.1 1.125 0.027168
3.1 3.375 0.0260643
3.1 5.625 0.0266693
3.1 7.875 0.0268135
3.1 10.125 0.026515
3.1 12.375 0.0265674
3.1 14.625 0.0259735
3.1 16.875 0.0268943
3.1 19.125 0.027371
3.1 21.375 0.0284404
3.1 23.625 0.0278396
3.1 25.875 0.0289784
3.1 28.125 0.0315033
3.1 30.375 0.0315163
3.1 32.625 0.0312496
3.1 34.875 0.0310051
3.1 37.125 0.0318903
3.1 39.375 0.0302702
3.1 41.625 0.0301902
3.1 43.875 0.0296478
3.3 1.125 0.0219937
3.3 3.375 0.0211102
3.3 5.625 0.0212993
3.3 7.875 0.020908
3.3 10.125 0.0235137
3.3 12.375 0.0209994
3.3 14.625 0.0218025
3.3 16.875 0.0206849
3.3 19.125 0.0208576
3.3 21.375 0.0217851
3.3 23.625 0.0240882
3.3 25.875 0.0247782
3.3 28.125 0.0233298
3.3 30.375 0.0243247
3.3 32.625 0.0259648
3.3 34.875 0.0246594
3.3 37.125 0.0243504
3.3 39.375 0.0253716
3.3 41.625 0.0243464
3.3 43.875 0.0231492
3.5 1.125 0.0163583
3.5 3.375 0.0171704
3.5 5.625 0.0166461
3.5 7.875 0.017256
3.5 10.125 0.0168042
3.5 12.375 0.0183534
3.5 14.625 0.0175146
3.5 16.875 0.0188166
3.5 19.125 0.0188503
3.5 21.375 0.0175722
3.5 23.625 0.0191379
3.5 25.875 0.0198585
3.5 28.125 0.0215963
3.5 30.375 0.0200749
3.5 32.625 0.0209508
3.5 34.875 0.0208647
3.5 37.125 0.0201213
3.5 39.375 0.0207486
3.5 41.625 0.0193067
3.5 43.875 0.0198628
3.7 1.125 0.0154071
3.7 3.375 0.0146959
3.7 5.625 0.0153637
3.7 7.875 0.0149551
3.7 10.125 0.0217087
3.7 12.375 0.0145381
3.7 14.625 0.0152171
3.7 16.875 0.0137945
3.7 19.125 0.0148378
3.7 21.375 0.0144881
3.7 23.625 0.0154464
3.7 25.875 0.0177908
3.7 28.125 0.0175843
3.7 30.375 0.0161689
3.7 32.625 0.0170082
3.7 34.875 0.0172354
3.7 37.125 0.0170523
3.7 39.375 0.0163611
3.7 41.625 0.0164522
3.7 43.875 0.0168003
3.9 1.125 0.0136189
3.9 3.375 0.016614
3.9 5.625 0.0132751
3.9 7.875 0.0125545
3.9 10.125 0.013015
3.9 12.375 0.0132714
3.9 14.625 0.0124949
3.9 16.875 0.013203
3.9 19.125 0.0136128
3.9 21.375 0.0128849
3.9 23.625 0.0142216
3.9 25.875 0.0137262
3.9 28.125 0.0139421
3.9 30.375 0.0131664
3.9 32.625 0.0138596
3.9 34.875 0.0137917
3.9 37.125 0.0138631
3.9 39.375 0.0135074
3.9 41.625 0.0144439
3.9 43.875 0.0145944
4.1 1.125 0.011131
4.1 3.375 0.0117558
4.1 5.625 0.0108612
4.1 7.875 0.0114098
4.1 10.125 0.0111532
4.1 12.375 0.0115735
4.1 14.625 0.0116097
4.1 16.875 0.0113859
4.1 19.125 0.0123934
4.1 21.375 0.0123893
4.1 23.625 0.0129568
4.1 25.875 0.0125491
4.1 28.125 0.0121456
4.1 30.375 0.0120238
4.1 32.625 0.0118926
4.1 34.875 0.0110528
4.1 37.125 0.0112961
4.1 39.375 0.0121613
4.1 41.625 0.0119982
4.1 43.875 0.0119573
4.3 1.125 0.0148356
4.3 3.375 0.00969033
4.3 5.625 0.0100021
4.3 7.875 0.00982102
4.3 10.125 0.00997991
4.3 12.375 0.00947424
4.3 14.625 0.0094399
4.3 16.875 0.0104276
4.3 19.125 0.0110598
4.3 21.375 0.0117701
4.3 23.625 0.0100735
4.3 25.875 0.0105381
4.3 28.125 0.010976
4.3 30.375 0.0101294
4.3 32.625 0.00930044
4.3 34.875 0.00928678
4.3 37.125 0.0101738
4.3 39.375 0.00950548
4.3 41.625 0.00973449
4.3 43.875 0.00944088
4.5 1.125 0.00887954
4.5 3.375 0.0089594
4.5 5.625 0.00967084
4.5 7.875 0.00842331
4.5 10.125 0.0085593
4.5 12.375 0.00835119
4.5 14.625 0.00925369
4.5 16.875 0.00880304
4.5 19.125 0.00916883
4.5 21.375 0.00939144
4.5 23.625 0.00903291
4.5 25.875 0.00899926
4.5 28.125 0.00913108
4.5 30.375 0.00899717
4.5 32.625 0.00924038
4.5 34.875 0.00847324
4.5 37.125 0.00873634
4.5 39.375 0.00841449
4.5 41.625 0.00872719
4.5 43.875 0.00871702
4.7 1.125 0.00771108
4.7 3.375 0.00751105
4.7 5.625 0.00790375
4.7 7.875 0.00794344
4.7 10.125 0.00761252
4.7 12.375 0.00755343
4.7 14.625 0.00775391
4.7 16.875 0.00852536
4.7 19.125 0.00877126
4.7 21.375 0.00909339
4.7 23.625 0.00886904
4.7 25.875 0.00827577
4.7 28.125 0.00784742
4.7 30.375 0.00861096
4.7 32.625 0.00804395
4.7 34.875 0.00733289
4.7 37.125 0.0077185
4.7 39.375 0.00787814
4.7 41.625 0.00771791
4.7 43.875 0.00708691
4.9 1.125 0.00651845
4.9 3.375 0.00655787
4.9 5.625 0.00691831
4.9 7.875 0.00655788
4.9 10.125 0.00732174
4.9 12.375 0.0063262
4.9 14.625 0.00674649
4.9 16.875 0.0135769
4.9 19.125 0.00751325
4.9 21.375 0.00719138
4.9 23.625 0.00714004
4.9 25.875 0.0068988
4.9 28.125 0.00741609
4.9 30.375 0.00742873
4.9 32.625 0.00700298
4.9 34.875 0.00686404
4.9 37.125 0.0067117
4.9 39.375 0.00629289
4.9 41.625 0.00626819
4.9 43.875 0.00637326
5.1 1.125 0.00624205
5.1 3.375 0.00613006
5.1 5.625 0.00631963
5.1 7.875 0.00588917
5.1 10.125 0.00594738
5.1 12.375 0.00595953
5.1 14.625 0.00570741
5.1 16.875 0.00655684
5.1 19.125 0.00657861
5.1 21.375 0.00646674
5.1 23.625 0.00663223
5.1 25.875 0.00657319
5.1 28.125 0.00637956
5.1 30.375 0.00658843
5.1 32.625 0.00640157
5.1 34.875 0.00622127
5.1 37.125 0.00655096
5.1 39.375 0.0059561
5.1 41.625 0.00601776
5.1 43.875 0.00570469
5.3 1.125 0.00567048
5.3 3.375 0.00635601
5.3 5.625 0.00567845
5.3 7.875 0.00546793
5.3 10.125 0.00606877
5.3 12.375 0.0057193
5.3 14.625 0.00571368
5.3 16.875 0.00619913
5.3 19.125 0.00621727
5.3 21.375 0.00561061
5.3 23.625 0.00604741
5.3 25.875 0.00592471
5.3 28.125 0.00551784
5.3 30.375 0.00581803
5.3 32.625 0.00534308
5.3 34.875 0.00547665
5.3 37.125 0.00533047
5.3 39.375 0.0050367
5.3 41.625 0.00518003
5.3 43.875 0.00512599
5.5 1.125 0.00488892
5.5 3.375 0.00512188
5.5 5.625 0.00534738
5.5 7.875 0.00494733
5.5 10.125 0.00532694
5.5 12.375 0.00481689
5.5 14.625 0.00539108
5.5 16.875 0.00531249
5.5 19.125 0.00561004
5.5 21.375 0.00555412
5.5 23.625 0.00547733
5.5 25.875 0.00539755
5.5 28.125 0.00522556
5.5 30.375 0.00587059
5.5 32.625 0.00537607
5.5 34.875 0.00538834
5.5 37.125 0.0045462
5.5 39.375 0.00521232
5.5 41.625 0.00499771
5.5 43.875 0.00503757
5.7 1.125 0.00486647
5.7 3.375 0.00511722
5.7 5.625 0.00445874
5.7 7.875 0.00512303
5.7 10.125 0.00431642
5.7 12.375 0.00485374
5.7 14.625 0.0051819
5.7 16.875 0.00503498
5.7 19.125 0.00515792
5.7 21.375 0.00502243
5.7 23.625 0.00464434
5.7 25.875 0.00472327
5.7 28.125 0.00437038
5.7 30.375 0.0049406
5.7 32.625 0.00470295
5.7 34.875 0.00496611
5.7 37.125 0.00464913
5.7 39.375 0.00488614
5.7 41.625 0.00454593
5.7 43.875 0.00470285
5.9 1.125 0.0042328
5.9 3.375 0.00612025
5.9 5.625 0.00430712
5.9 7.875 0.00440538
5.9 10.125 0.0045475
5.9 12.375 0.00424771
5.9 14.625 0.00458349
5.9 16.875 0.00458185
5.9 19.125 0.00444543
5.9 21.375 0.00437116
5.9 23.625 0.00477224
5.9 25.875 0.0048862
5.9 28.125 0.00434367
5.9 30.375 0.00449355
5.9 32.625 0.00421723
5.9 34.875 0.0107215
5.9 37.125 0.00392338
5.9 39.375 0.00389448
5.9 41.625 0.00385168
5.9 43.875 0.00409284
6.1 1.125 0.00381364
6.1 3.375 0.00428311
6.1 5.625 0.00416851
6.1 7.875 0.00409775
6.1 10.125 0.0041849
6.1 12.375 0.00421516
6.1 14.625 0.00449514
6.1 16.875 0.00468149
6.1 19.125 0.00412511
6.1 21.375 0.00406803
6.1 23.625 0.00444706
6.1 25.875 0.00468401
6.1 28.125 0.00412141
6.1 30.375 0.00434124
6.1 32.625 0.00430332
6.1 34.875 0.00412803
6.1 37.125 0.00392291
6.1 39.375 0.00415278
6.1 41.625 0.0040843
6.1 43.875 0.00388216
6.3 1.125 0.00813992
6.3 3.375 0.00382546
6.3 5.625 0.00351817
6.3 7.875 0.00357789
6.3 10.125 0.0036489
6.3 12.375 0.00371151
6.3 14.625 0.00388339
6.3 16.875 0.00405599
6.3 19.125 0.00401446
6.3 21.375 0.00370087
6.3 23.625 0.0040489
6.3 25.875 0.00407914
6.3 28.125 0.00401241
6.3 30.375 0.00386584
6.3 32.625 0.0036859
6.3 34.875 0.0038435
6.3 37.125 0.00909385
6.3 39.375 0.00407909
6.3 41.625 0.00592952
6.3 43.875 0.00348022
6.5 1.125 0.00378028
6.5 3.375 0.00318292
6.5 5.625 0.00357704
6.5 7.875 0.00328588
6.5 10.125 0.00355145
6.5 12.375 0.00385494
6.5 14.625 0.00329312
6.5 16.875 0.00340349
6.5 19.125 0.0037818
6.5 21.375 0.00355231
6.5 23.625 0.00467403
6.5 25.875 0.00351371
6.5 28.125 0.00359053
6.5 30.375 0.00399635
6.5 32.625 0.00392848
6.5 34.875 0.00372801
6.5 37.125 0.00356517
6.5 39.375 0.00410247
6.5 41.625 0.00385857
6.5 43.875 0.00371223
6.7 1.125 0.00379816
6.7 3.375 0.00339451
6.7 5.625 0.00375626
6.7 7.875 0.00357956
6.7 10.125 0.00323298
6.7 12.375 0.00346972
6.7 14.625 0.00341137
6.7 16.875 0.00347487
6.7 19.125 0.00395353
6.7 21.375 0.00364092
6.7 23.625 0.00383843
6.7 25.875 0.00346731
6.7 28.125 0.00326742
6.7 30.375 0.00335424
6.7 32.625 0.00355698
6.7 34.875 0.00348166
6.7 37.125 0.00348395
6.7 39.375 0.00301695
6.7 41.625 0.00331884
6.7 43.875 0.00321597
6.9 1.125 0.003296
6.9 3.375 0.00350331
6.9 5.625 0.0033109
6.9 7.875 0.00328862
6.9 10.125 0.00307542
6.9 12.375 0.0031988
6.9 14.625 0.00313617
6.9 16.875 0.00320755
6.9 19.125 0.00312493
6.9 21.375 0.00324322
6.9 23.625 0.00322928
6.9 25.875 0.00307602
6.9 28.125 0.00321199
6.9 30.375 0.00302713
6.9 32.625 0.00313898
6.9 34.875 0.0038607
6.9 37.125 0.00312681
6.9 39.375 0.00312937
6.9 41.625 0.016758
6.9 43.875 0.00341548
7.1 1.125 0.00279533
7.1 3.375 0.0030105
7.1 5.625 0.00338502
7.1 7.875 0.00337629
7.1 10.125 0.0033769
7.1 12.375 0.00292564
7.1 14.625 0.00317995
7.1 16.875 0.0031493
7.1 19.125 0.00348242
7.1 21.375 0.00326921
7.1 23.625 0.0031687
7.1 25.875 0.00305992
7.1 28.125 0.00332586
7.1 30.375 0.00328887
7.1 32.625 0.00340426
7.1 34.875 0.00320039
7.1 37.125 0.00343597
7.1 39.375 0.0029801
7.1 41.625 0.00344573
7.1 43.875 0.00326699
7.3 1.125 0.00261362
7.3 3.375 0.00309277
7.3 5.625 0.00296696
7.3 7.875 0.00330552
7.3 10.125 0.0033708
7.3 12.375 0.00303817
7.3 14.625 0.00336264
7.3 16.875 0.00336285
7.3 19.125 0.00297675
7.3 21.375 0.00288903
7.3 23.625 0.00326658
7.3 25.875 0.0030524
7.3 28.125 0.00265366
7.3 30.375 0.00279114
7.3 32.625 0.0031195
7.3 34.875 0.0030094
7.3 37.125 0.00314368
7.3 39.375 0.00295361
7.3 41.625 0.00326494
7.3 43.875 0.00330956
7.5 1.125 0.00295249
7.5 3.375 0.00285948
7.5 5.625 0.00263206
7.5 7.875 0.002763
7.5 10.125 0.00324514
7.5 12.375 0.00306895
7.5 14.625 0.00267789
7.5 16.875 0.00301131
7.5 19.125 0.00277689
7.5 21.375 0.00318774
7.5 23.625 0.00297523
7.5 25.875 0.00304784
7.5 28.125 0.00298924
7.5 30.375 0.00335396
7.5 32.625 0.00271339
7.5 34.875 0.00301914
7.5 37.125 0.00334257
7.5 39.375 0.00450461
7.5 41.625 0.00294796
7.5 43.875 0.00306215
7.7 1.125 0.00271733
7.7 3.375 0.00268024
7.7 5.625 0.00290626
7.7 7.875 0.0028392
7.7 10.125 0.00286276
7.7 12.375 0.00308181
7.7 14.625 0.0029072
7.7 16.875 0.00269268
7.7 19.125 0.00323366
7.7 21.375 0.00304687
7.7 23.625 0.00763308
7.7 25.875 0.00273744
7.7 28.125 0.00317572
7.7 30.375 0.00275415
7.7 32.625 0.00294987
7.7 34.875 0.00277318
7.7 37.125 0.00292603
7.7 39.375 0.00279336
7.7 41.625 0.00263061
7.7 43.875 0.00334433
7.9 1.125 0.00264482
7.9 3.375 0.00245971
7.9 5.625 0.00299048
7.9 7.875 0.0030468
7.9 10.125 0.00316989
7.9 12.375 0.0026824
7.9 14.625 0.00318149
7.9 16.875 0.00286595
7.9 19.125 0.00297027
7.9 21.375 0.00254961
7.9 23.625 0.0027353
7.9 25.875 0.00302842
7.9 28.125 0.0026181
7.9 30.375 0.00270384
7.9 32.625 0.00265521
7.9 34.875 0.00269962
7.9 37.125 0.00389679
7.9 39.375 0.00258759
7.9 41.625 0.00277973
7.9 43.875 0.00272978
8.1 1.125 0.00266905
8.1 3.375 0.00267639
8.1 5.625 0.00264772
8.1 7.875 0.00263865
8.1 10.125 0.00277834
8.1 12.375 0.00286302
8.1 14.625 0.00273652
8.1 16.875 0.00281364
8.1 19.125 0.00257677
8.1 21.375 0.00248531
8.1 23.625 0.0025038
8.1 25.875 0.00249116
8.1 28.125 0.012979
8.1 30.375 0.00264955
8.1 32.625 0.00269183
8.1 34.875 0.00251988
8.1 37.125 0.00313633
8.1 39.375 0.00279655
8.1 41.625 0.00282084
8.1 43.875 0.00444248
8.3 1.125 0.00270456
8.3 3.375 0.0023545
8.3 5.625 0.0028483
8.3 7.875 0.00259583
8.3 10.125 0.00287959
8.3 12.375 0.002653
8.3 14.625 0.00253762
8.3 16.875 0.00233983
8.3 19.125 0.002576
8.3 21.375 0.00251606
8.3 23.625 0.00239522
8.3 25.875 0.00273611
8.3 28.125 0.00265649
8.3 30.375 0.00273647
8.3 32.625 0.00284554
8.3 34.875 0.00274141
8.3 37.125 0.00248392
8.3 39.375 0.00249938
8.3 41.625 0.00266993
8.3 43.875 0.00233477
8.5 1.125 0.00264094
8.5 3.375 0.00234713
8.5 5.625 0.00262895
8.5 7.875 0.00219294
8.5 10.125 0.00271688
8.5 12.375 0.00276605
8.5 14.625 0.00251446
8.5 16.875 0.00270574
8.5 19.125 0.00237002
8.5 21.375 0.00237573
8.5 23.625 0.00267274
8.5 25.875 0.00274947
8.5 28.125 0.00236416
8.5 30.375 0.00277931
8.5 32.625 0.00294512
8.5 34.875 0.00224673
8.5 37.125 0.0025845
8.5 39.375 0.00237493
8.5 41.625 0.00262472
8.5 43.875 0.00260451
8.7 1.125 0.00251124
8.7 3.375 0.00212581
8.7 5.625 0.00272668
8.7 7.875 0.00238391
8.7 10.125 0.00280104
8.7 12.375 0.00254572
8.7 14.625 0.00297713
8.7 16.875 0.00277915
8.7 19.125 0.00232639
8.7 21.375 0.00229867
8.7 23.625 0.00279509
8.7 25.875 0.00266903
8.7 28.125 0.00250627
8.7 30.375 0.00277541
8.7 32.625 0.00219931
8.7 34.875 0.00293293
8.7 37.125 0.00261039
8.7 39.375 0.00268204
8.7 41.625 0.00211759
8.7 43.875 0.00227524
8.9 1.125 0.00240789
8.9 3.375 0.00238986
8.9 5.625 0.00208212
8.9 7.875 0.00278876
8.9 10.125 0.0032702
8.9 12.375 0.00284893
8.9 14.625 0.00251308
8.9 16.875 0.00261907
8.9 19.125 0.00239967
8.9 21.375 0.00233199
8.9 23.625 0.00219578
8.9 25.875 0.00212119
8.9 28.125 0.00322923
8.9 30.375 0.00234727
8.9 32.625 0.0046591
8.9 34.875 0.00249607
8.9 37.125 0.00510722
8.9 39.375 0.00273149
8.9 41.625 0.00229441
8.9 43.875 0.00251873
9.1 1.125 0.00246462
9.1 3.375 0.00227222
9.1 5.625 0.00244826
9.1 7.875 0.00247187
9.1 10.125 0.00238248
9.1 12.375 0.00211701
9.1 14.625 0.00200989
9.1 16.875 0.00206117
9.1 19.125 0.00247149
9.1 21.375 0.00248891
9.1 23.625 0.00282093
9.1 25.875 0.00242597
9.1 28.125 0.00227079
9.1 30.375 0.00275484
9.1 32.625 0.00303237
9.1 34.875 0.0021858
9.1 37.125 0.00216209
9.1 39.375 0.00275603
9.1 41.625 0.00254845
9.1 43.875 0.00250874
9.3 1.125 0.00233995
9.3 3.375 0.00243273
9.3 5.625 0.00255463
9.3 7.875 0.00260865
9.3 10.125 0.00218593
9.3 12.375 0.00250575
9.3 14.625 0.00259703
9.3 16.875 0.00239342
9.3 19.125 0.00253646
9.3 21.375 0.00223114
9.3 23.625 0.00241261
9.3 25.875 0.00239987
9.3 28.125 0.00264491
9.3 30.375 0.0024656
9.3 32.625 0.00233825
9.3 34.875 0.00255273
9.3 37.125 0.00172605
9.3 39.375 0.00328831
9.3 41.625 0.00248628
9.3 43.875 0.00279207
9.5 1.125 0.00254271
9.5 3.375 0.00229651
9.5 5.625 0.00382003
9.5 7.875 0.00374658
9.5 10.125 0.00231051
9.5 12.375 0.0024587
9.5 14.625 0.00230585
9.5 16.875 0.00219705
9.5 19.125 0.00255249
9.5 21.375 0.0016667
9.5 23.625 0.00210365
9.5 25.875 0.00235902
9.5 28.125 0.00248094
9.5 30.375 0.00220766
9.5 32.625 0.00227296
9.5 34.875 0.00243654
9.5 37.125 0.00237748
9.5 39.375 0.00266154
9.5 41.625 0.00231908
9.5 43.875 0.00250431
9.7 1.125 0.00205992
9.7 3.375 0.00217034
9.7 5.625 0.00234951
9.7 7.875 0.00259932
9.7 10.125 0.00270868
9.7 12.375 0.00278416
9.7 14.625 0.00232345
9.7 16.875 0.00281331
9.7 19.125 0.00242253
9.7 21.375 0.0021635
9.7 23.625 0.0232642
9.7 25.875 0.00215887
9.7 28.125 0.00233766
9.7 30.375 0.00242359
9.7 32.625 0.00223497
9.7 34.875 0.0172519
9.7 37.125 0.00548454
9.7 39.375 0.00219518
9.7 41.625 0.00255331
9.7 43.875 0.00235833
9.9 1.125 0.00233333
9.9 3.375 0.00224511
9.9 5.625 0.00217857
9.9 7.875 0.00232423
9.9 10.125 0.00218859
9.9 12.375 0.00235008
9.9 14.625 0.00695293
9.9 16.875 0.0182508
9.9 19.125 0.00253591
9.9 21.375 0.00240576
9.9 23.625 0.00225641
9.9 25.875 0.00246006
9.9 28.125 0.00207527
9.9 30.375 0.00235704
9.9 32.625 0.00241258
9.9 34.875 0.00190727
9.9 37.125 0.00213063
9.9 39.375 0.00225091
9.9 41.625 0.00280109
9.9 43.875 0.00197471
10.1 1.125 0.00233902
10.1 3.375 0.00198156
10.1 5.625 0.00229678
10.1 7.875 0.00264939
10.1 10.125 0.00222679
10.1 12.375 0.00273225
10.1 14.625 0.00377176
10.1 16.875 0.00236472
10.1 19.125 0.0177875
10.1 21.375 0.00249553
10.1 23.625 0.00256157
10.1 25.875 0.0020834
10.1 28.125 0.0022204
10.1 30.375 0.00269345
10.1 32.625 0.00240115
10.1 34.875 0.00189438
10.1 37.125 0.00185297
10.1 39.375 0.00214031
10.1 41.625 0.00247585
10.1 43.875 0.00226129
10.3 1.125 0.00217251
10.3 3.375 0.00228752
10.3 5.625 0.00242122
10.3 7.875 0.00185936
10.3 10.125 0.00252112
10.3 12.375 0.00233167
10.3 14.625 0.00255435
10.3 16.875 0.00229886
10.3 19.125 0.002229
10.3 21.375 0.00233709
10.3 23.625 0.00207123
10.3 25.875 0.00258138
10.3 28.125 0.00255931
10.3 30.375 0.00210208
10.3 32.625 0.00254237
10.3 34.875 0.00238517
10.3 37.125 0.00205284
10.3 39.375 0.00205995
10.3 41.625 0.00213298
10.3 43.875 0.00315409
10.5 1.125 0.00216025
10.5 3.375 0.00258126
10.5 5.625 0.00229556
10.5 7.875 0.00210132
10.5 10.125 0.0023897
10.5 12.375 0.00241941
10.5 14.625 0.00179513
10.5 16.875 0.00226793
10.5 19.125 0.00252546
10.5 21.375 0.00227095
10.5 23.625 0.00200894
10.5 25.875 0.00178585
10.5 28.125 0.00201227
10.5 30.375 0.00164171
10.5 32.625 0.00183982
10.5 34.875 0.00212855
10.5 37.125 0.00214058
10.5 39.375 0.00231109
10.5 41.625 0.0017594
10.5 43.875 0.00180158
10.7 1.125 0.00185639
10.7 3.375 0.00194363
10.7 5.625 0.00259512
10.7 7.875 0.00222841
10.7 10.125 0.00227769
10.7 12.375 0.00232734
10.7 14.625 0.00210157
10.7 16.875 0.00202492
10.7 19.125 0.002359
10.7 21.375 0.00244527
10.7 23.625 0.00224674
10.7 25.875 0.0254384
10.7 28.125 0.00342928
10.7 30.375 0.00232084
10.7 32.625 0.00252381
10.7 34.875 0.00306181
10.7 37.125 0.00202589
10.7 39.375 0.0021242
10.7 41.625 0.0031756
10.7 43.875 0.00214941
10.9 1.125 0.00210473
10.9 3.375 0.00158022
10.9 5.625 0.00209303
10.9 7.875 0.00217693
10.9 10.125 0.00214589
10.9 12.375 0.002124
10.9 14.625 0.00230506
10.9 16.875 0.00216191
10.9 19.125 0.00217444
10.9 21.375 0.00260257
10.9 23.625 0.00205328
10.9 25.875 0.00220033
10.9 28.125 0.00214816
10.9 30.375 0.00196704
10.9 32.625 0.0023033
10.9 34.875 0.00269273
10.9 37.125 0.00226478
10.9 39.375 0.00276166
10.9 41.625 0.00201486
10.9 43.875 0.00213097
11.1 1.125 0.00206797
11.1 3.375 0.00233836
11.1 5.625 0.00228113
11.1 7.875 0.00189344
11.1 10.125 0.00215599
11.1 12.375 0.00229544
11.1 14.625 0.00201217
11.1 16.875 0.00170788
11.1 19.125 0.00220494
11.1 21.375 0.00221802
11.1 23.625 0.00188133
11.1 25.875 0.0731151
11.1 28.125 0.00211351
11.1 30.375 0.00295668
11.1 32.625 0.00272794
11.1 34.875 0.00221807
11.1 37.125 0.00262521
11.1 39.375 0.00200607
11.1 41.625 0.00195275
11.1 43.875 0.0146275
11.3 1.125 0.00249712
11.3 3.375 0.00195948
11.3 5.625 0.00221712
11.3 7.875 0.00224482
11.3 10.125 0.00254671
11.3 12.375 0.00225098
11.3 14.625 0.0024161
11.3 16.875 0.00228764
11.3 19.125 0.00186732
11.3 21.375 0.00187153
11.3 23.625 0.0021612
11.3 25.875 0.00210054
11.3 28.125 0.00177715
11.3 30.375 0.00197071
11.3 32.625 0.00171917
11.3 34.875 0.00179939
11.3 37.125 0.0022103
11.3 39.375 0.00191948
11.3 41.625 0.00216108
11.3 43.875 0.00197058
11.5 1.125 0.00208159
11.5 3.375 0.00202928
11.5 5.625 0.00231668
11.5 7.875 0.00211163
11.5 10.125 0.00248258
11.5 12.375 0.0020382
11.5 14.625 0.00228126
11.5 16.875 0.00179518
11.5 19.125 0.00205653
11.5 21.375 0.00255026
11.5 23.625 0.00191901
11.5 25.875 0.00217064
11.5 28.125 0.00187331
11.5 30.375 0.00234399
11.5 32.625 0.00222471
11.5 34.875 0.00201965
11.5 37.125 0.00223261
11.5 39.375 0.00179628
11.5 41.625 0.00202658
11.5 43.875 0.00287285
11.7 1.125 0.00228062
11.7 3.375 0.0020279
11.7 5.625 0.00257903
11.7 7.875 0.00225772
11.7 10.125 0.00234549
11.7 12.375 0.00249249
11.7 14.625 0.00225602
11.7 16.875 0.00194624
11.7 19.125 0.00205633
11.7 21.375 0.00234353
11.7 23.625 0.0017492
11.7 25.875 0.00237043
11.7 28.125 0.00251213
11.7 30.375 0.00267216
11.7 32.625 0.00213835
11.7 34.875 0.002441
11.7 37.125 0.00175544
11.7 39.375 0.00217101
11.7 41.625 0.002381
11.7 43.875 0.00264157
11.9 1.125 0.00202825
11.9 3.375 0.00187481
11.9 5.625 0.00214359
11.9 7.875 0.00239545
11.9 10.125 0.0020954
11.9 12.375 0.00190436
11.9 14.625 0.00239379
11.9 16.875 0.00206401
11.9 19.125 0.00184555
11.9 21.375 0.00266969
11.9 23.625 0.0025533
11.9 25.875 0.00182691
11.9 28.125 0.0021917
11.9 30.375 0.00181634
11.9 32.625 0.00197053
11.9 34.875 0.0022015
11.9 37.125 0.00235927
11.9 39.375 0.00276119
11.9 41.625 0.00174687
11.9 43.875 0.00206044
12.1 1.125 0.00259229
12.1 3.375 0.00222415
12.1 5.625 0.00207242
12.1 7.875 0.00216439
12.1 10.125 0.00232329
12.1 12.375 0.00292819
12.1 14.625 0.00312396
12.1 16.875 0.00169685
12.1 19.125 0.00190435
12.1 21.375 0.00197518
12.1 23.625 0.00267685
12.1 25.875 0.0021945
12.1 28.125 0.00188272
12.1 30.375 0.0023876
12.1 32.625 0.00226875
12.1 34.875 0.00212944
12.1 37.125 0.00236367
12.1 39.375 0.0020928
12.1 41.625 0.00211035
12.1 43.875 0.00183686
12.3 1.125 0.00237814
12.3 3.375 0.00196128
12.3 5.625 0.00215558
12.3 7.875 0.00241397
12.3 10.125 0.00207686
12.3 12.375 0.00277571
12.3 14.625 0.00202819
12.3 16.875 0.00192839
12.3 19.125 0.00189696
12.3 21.375 0.002366
12.3 23.625 0.00189863
12.3 25.875 0.00225118
12.3 28.125 0.00179375
12.3 30.375 0.00211032
12.3 32.625 0.00221479
12.3 34.875 0.0024658
12.3 37.125 0.00390729
12.3 39.375 0.00170991
12.3 41.625 0.00204481
12.3 43.875 0.00227886
12.5 1.125 0.00200685
12.5 3.375 0.00206979
12.5 5.625 0.00226655
12.5 7.875 0.00201987
12.5 10.125 0.00180659
12.5 12.375 0.00206472
12.5 14.625 0.0020076
12.5 16.875 0.00215718
12.5 19.125 0.00183123
12.5 21.375 0.00172772
12.5 23.625 0.00184122
12.5 25.875 0.00229422
12.5 28.125 0.0018699
12.5 30.375 0.0020942
12.5 32.625 0.00215023
12.5 34.875 0.00203999
12.5 37.125 0.00240686
12.5 39.375 0.00161583
12.5 41.625 0.00280753
12.5 43.875 0.00172865
12.7 1.125 0.00201394
12.7 3.375 0.00225781
12.7 5.625 0.00234934
12.7 7.875 0.0021567
12.7 10.125 0.00186899
12.7 12.375 0.00152368
12.7 14.625 0.00179881
12.7 16.875 0.00192884
12.7 19.125 0.00195478
12.7 21.375 0.00176759
12.7 23.625 0.00178923
12.7 25.875 0.00189385
12.7 28.125 0.00189753
12.7 30.375 0.00251334
12.7 32.625 0.00171114
12.7 34.875 0.00170488
12.7 37.125 0.00173475
12.7 39.375 0.00166259
12.7 41.625 0.00196391
12.7 43.875 0.00193523
12.9 1.125 0.00180372
12.9 3.375 0.00211065
12.9 5.625 0.00189815
12.9 7.875 0.00209118
12.9 10.125 0.00244126
12.9 12.375 0.00381817
12.9 14.625 0.00197611
12.9 16.875 0.00230603
12.9 19.125 0.00188662
12.9 21.375 0.00307882
12.9 23.625 0.00252554
12.9 25.875 0.00296916
12.9 28.125 0.00195266
12.9 30.375 0.00306727
12.9 32.625 0.00619585
12.9 34.875 0.00188145
12.9 37.125 0.0032082
12.9 39.375 0.00242264
12.9 41.625 0.00178781
12.9 43.875 0.00139314
13.1 1.125 0.00262916
13.1 3.375 0.00174465
13.1 5.625 0.00199634
13.1 7.875 0.00215492
13.1 10.125 0.00185039
13.1 12.375 0.00212418
13.1 14.625 0.0016436
13.1 16.875 0.00202374
13.1 19.125 0.00243839
13.1 21.375 0.00182183
13.1 23.625 0.00192198
13.1 25.875 0.00306336
13.1 28.125 0.00294586
13.1 30.375 0.00168234
13.1 32.625 0.00143609
13.1 34.875 0.00222351
13.1 37.125 0.00202929
13.1 39.375 0.0017582
13.1 41.625 0.00211723
13.1 43.875 0.00147688
13.3 1.125 0.00194934
13.3 3.375 0.00179036
13.3 5.625 0.00200659
13.3 7.875 0.00239058
13.3 10.125 0.00309164
13.3 12.375 0.00179971
13.3 14.625 0.00196968
13.3 16.875 0.00219695
13.3 19.125 0.00235873
13.3 21.375 0.00212606
13.3 23.625 0.00203919
13.3 25.875 0.00188446
13.3 28.125 0.00228132
13.3 30.375 0.00227904
13.3 32.625 0.00180376
13.3 34.875 0.00174938
13.3 37.125 0.00178657
13.3 39.375 0.00188037
13.3 41.625 0.00242201
13.3 43.875 0.00206604
13.5 1.125 0.00219808
13.5 3.375 0.00455401
13.5 5.625 0.00180491
13.5 7.875 0.00183731
13.5 10.125 0.00203206
13.5 12.375 0.00242059
13.5 14.625 0.00181836
13.5 16.875 0.00205258
13.5 19.125 0.00331141
13.5 21.375 0.00205366
13.5 23.625 0.001945
13.5 25.875 0.00240794
13.5 28.125 0.00243292
13.5 30.375 0.0028421
13.5 32.625 0.00143767
13.5 34.875 0.00166648
13.5 37.125 0.00218196
13.5 39.375 0.00203562
13.5 41.625 0.0021211
13.5 43.875 0.00186677
13.7 1.125 0.00215099
13.7 3.375 0.00166869
13.7 5.625 0.00150059
13.7 7.875 0.00579017
13.7 10.125 0.00192922
13.7 12.375 0.00234204
13.7 14.625 0.00193898
13.7 16.875 0.00203857
13.7 19.125 0.00161325
13.7 21.375 0.00374123
13.7 23.625 0.00200914
13.7 25.875 0.00205414
13.7 28.125 0.00243887
13.7 30.375 0.00190862
13.7 32.625 0.00191991
13.7 34.875 0.00213685
13.7 37.125 0.00289119
13.7 39.375 0.0021538
13.7 41.625 0.0016016
13.7 43.875 0.00199125
13.9 1.125 0.002247
13.9 3.375 0.00197479
13.9 5.625 0.00173857
13.9 7.875 0.00225734
13.9 10.125 0.00208615
13.9 12.375 0.00222867
13.9 14.625 0.00292897
13.9 16.875 0.00254857
13.9 19.125 0.00173606
13.9 21.375 0.00332494
13.9 23.625 0.00184924
13.9 25.875 0.00169462
13.9 28.125 0.00177254
13.9 30.375 0.00193823
13.9 32.625 0.00222137
13.9 34.875 0.00119248
13.9 37.125 0.00172589
13.9 39.375 0.00156138
13.9 41.625 0.00185503
13.9 43.875 0.00127793
