0.1 1.125 0.564084
0.1 3.375 0.68042
0.1 7.875 0.664042
0.1 10.125 0.650085
0.1 12.375 0.665357
0.1 14.625 0.654984
0.1 21.375 0.670028
0.1 23.625 0.672102
0.1 25.875 0.670962
0.1 28.125 0.665835
0.1 34.875 0.677215
0.1 37.125 0.652666
0.1 39.375 0.673987
0.1 41.625 0.665779
0.1 43.875 0.658589
0.3 1.125 0.652351
0.3 3.375 0.646806
0.3 5.625 0.646416
0.3 7.875 0.615746
0.3 10.125 0.652084
0.3 12.375 0.638435
0.3 14.625 0.646025
0.3 16.875 0.662712
0.3 19.125 0.654464
0.3 21.375 0.635939
0.3 23.625 0.613743
0.3 25.875 0.640555
0.3 28.125 0.648758
0.3 30.375 0.634383
0.3 32.625 0.649449
0.3 34.875 0.650762
0.3 37.125 0.64451
0.3 39.375 0.648283
0.3 41.625 0.636782
0.3 43.875 0.654365
0.5 1.125 0.62115
0.5 3.375 0.621326
0.5 5.625 0.63386
0.5 7.875 0.628747
0.5 10.125 0.638601
0.5 12.375 0.645774
0.5 14.625 0.636768
0.5 16.875 0.630219
0.5 19.125 0.634602
0.5 21.375 0.612702
0.5 23.625 0.626437
0.5 25.875 0.625243
0.5 28.125 0.614518
0.5 30.375 0.639759
0.5 32.625 0.627872
0.5 34.875 0.635382
0.5 37.125 0.632174
0.5 39.375 0.625852
0.5 41.625 0.636135
0.5 43.875 0.630987
0.7 1.125 0.563775
0.7 3.375 0.596329
0.7 5.625 0.595678
0.7 7.875 0.613421
0.7 10.125 0.602183
0.7 12.375 0.586914
0.7 14.625 0.590113
0.7 16.875 0.60069
0.7 19.125 0.577748
0.7 21.375 0.590669
0.7 23.625 0.576167
0.7 25.875 0.599988
0.7 28.125 0.590143
0.7 30.375 0.583488
0.7 32.625 0.594083
0.7 34.875 0.594992
0.7 37.125 0.589843
0.7 39.375 0.593763
0.7 41.625 0.57852
0.7 43.875 0.57375
0.9 1.125 0.540583
0.9 3.375 0.529331
0.9 5.625 0.527285
0.9 7.875 0.528947
0.9 10.125 0.533306
0.9 12.375 0.513943
0.9 14.625 0.529421
0.9 16.875 0.531302
0.9 19.125 0.50831
0.9 21.375 0.545402
0.9 23.625 0.521966
0.9 25.875 0.510641
0.9 28.125 0.516919
0.9 30.375 0.516309
0.9 32.625 0.543212
0.9 34.875 0.540887
0.9 37.125 0.525877
0.9 39.375 0.513098
0.9 41.625 0.540407
0.9 43.875 0.531387
1.1 1.125 0.420819
1.1 3.375 0.395777
1.1 5.625 0.392441
1.1 7.875 0.40924
1.1 10.125 0.383498
1.1 12.375 0.437184
1.1 14.625 0.437545
1.1 16.875 0.393475
1.1 19.125 0.404805
1.1 21.375 0.396025
1.1 23.625 0.450975
1.1 25.875 0.422199
1.1 28.125 0.477624
1.1 30.375 0.425039
1.1 32.625 0.448145
1.1 34.875 0.492896
1.1 37.125 0.471844
1.1 39.375 0.487528
1.1 41.625 0.470171
1.1 43.875 0.47572
1.3 1.125 0.253721
1.3 3.375 0.264486
1.3 5.625 0.258681
1.3 7.875 0.269278
1.3 10.125 0.277946
1.3 12.375 0.277134
1.3 14.625 0.295253
1.3 16.875 0.313098
1.3 19.125 0.330167
1.3 21.375 0.315587
1.3 23.625 0.285029
1.3 25.875 0.353291
1.3 28.125 0.334828
1.3 30.375 0.370411
1.3 32.625 0.379203
1.3 34.875 0.321733
1.3 37.125 0.368676
1.3 39.375 0.37723
1.3 41.625 0.385265
1.3 43.875 0.401374
1.5 1.125 0.143614
1.5 3.375 0.142298
1.5 5.625 0.15026
1.5 7.875 0.149906
1.5 10.125 0.144887
1.5 12.375 0.191411
1.5 14.625 0.207588
1.5 16.875 0.201649
1.5 19.125 0.165811
1.5 21.375 0.19698
1.5 23.625 0.210217
1.5 25.875 0.194202
1.5 28.125 0.199394
1.5 30.375 0.234139
1.5 32.625 0.251645
1.5 34.875 0.249812
1.5 37.125 0.242398
1.5 39.375 0.256311
1.5 41.625 0.278697
1.5 43.875 0.264457
1.7 1.125 0.0812644
1.7 3.375 0.0920152
1.7 5.625 0.0854968
1.7 7.875 0.0892857
1.7 10.125 0.104079
1.7 12.375 0.0962883
1.7 14.625 0.127117
1.7 16.875 0.11033
1.7 19.125 0.107428
1.7 21.375 0.11368
1.7 23.625 0.116072
1.7 25.875 0.117443
1.7 28.125 0.119312
1.7 30.375 0.126952
1.7 32.625 0.149339
1.7 34.875 0.128433
1.7 37.125 0.158814
1.7 39.375 0.168641
1.7 41.625 0.168159
1.7 43.875 0.174784
1.9 1.125 0.0540117
1.9 3.375 0.0530877
1.9 5.625 0.0536902
1.9 7.875 0.0567248
1.9 10.125 0.0623762
1.9 12.375 0.0590825
1.9 14.625 0.067652
1.9 16.875 0.0722113
1.9 19.125 0.077218
1.9 21.375 0.0741344
1.9 23.625 0.0748644
1.9 25.875 0.0739685
1.9 28.125 0.0744862
1.9 30.375 0.0811428
1.9 32.625 0.0889309
1.9 34.875 0.0899764
1.9 37.125 0.0941191
1.9 39.375 0.090941
1.9 41.625 0.0906454
1.9 43.875 0.137785
2.1 1.125 0.0344544
2.1 3.375 0.0339399
2.1 5.625 0.0342622
2.1 7.875 0.0326283
2.1 10.125 0.0400027
2.1 12.375 0.0390172
2.1 14.625 0.0432517
2.1 16.875 0.0414601
2.1 19.125 0.0389203
2.1 21.375 0.0478697
2.1 23.625 0.0500771
2.1 25.875 0.0491819
2.1 28.125 0.0569268
2.1 30.375 0.0521416
2.1 32.625 0.0498348
2.1 34.875 0.0551349
2.1 37.125 0.0602414
2.1 39.375 0.06441
2.1 41.625 0.0723326
2.1 43.875 0.0633068
2.3 1.125 0.0200787
2.3 3.375 0.0216271
2.3 5.625 0.0218277
2.3 7.875 0.0210718
2.3 10.125 0.0199755
2.3 12.375 0.023331
2.3 14.625 0.024571
2.3 16.875 0.02535
2.3 19.125 0.02784
2.3 21.375 0.0314717
2.3 23.625 0.0284335
2.3 25.875 0.0340802
2.3 28.125 0.0327088
2.3 30.375 0.0353537
2.3 32.625 0.0336992
2.3 34.875 0.0436565
2.3 37.125 0.0410887
2.3 39.375 0.0384074
2.3 41.625 0.0390811
2.3 43.875 0.0399578
2.5 1.125 0.0150435
2.5 3.375 0.0171561
2.5 5.625 0.0136383
2.5 7.875 0.0163023
2.5 10.125 0.0150817
2.5 12.375 0.0152547
2.5 14.625 0.0156732
2.5 16.875 0.0170857
2.5 19.125 0.0162785
2.5 21.375 0.0189047
2.5 23.625 0.0194832
2.5 25.875 0.0216212
2.5 28.125 0.0231214
2.5 30.375 0.0241823
2.5 32.625 0.0258028
2.5 34.875 0.0252856
2.5 37.125 0.0261808
2.5 39.375 0.0263416
2.5 41.625 0.0304803
2.5 43.875 0.0252879
2.7 1.125 0.014598
2.7 3.375 0.0161928
2.7 5.625 0.0143498
2.7 7.875 0.0136213
2.7 10.125 0.0129475
2.7 12.375 0.0144684
2.7 14.625 0.0125084
2.7 16.875 0.0130283
2.7 19.125 0.0125944
2.7 21.375 0.0135541
2.7 23.625 0.0164393
2.7 25.875 0.0164383
2.7 28.125 0.0172757
2.7 30.375 0.0183053
2.7 32.625 0.0182795
2.7 34.875 0.0196545
2.7 37.125 0.0175202
2.7 39.375 0.0185715
2.7 41.625 0.0181339
2.7 43.875 0.0171091
2.9 1.125 0.0130533
2.9 3.375 0.0127074
2.9 5.625 0.0107797
2.9 7.875 0.0111901
2.9 10.125 0.0114617
2.9 12.375 0.0126718
2.9 14.625 0.0127454
2.9 16.875 0.0126373
2.9 19.125 0.0116066
2.9 21.375 0.0140062
2.9 23.625 0.0113896
2.9 25.875 0.0137914
2.9 28.125 0.012045
2.9 30.375 0.0125504
2.9 32.625 0.0135054
2.9 34.875 0.0137607
2.9 37.125 0.0141619
2.9 39.375 0.0143438
2.9 41.625 0.0136751
2.9 43.875 0.0156942
3.1 1.125 0.0113666
3.1 3.375 0.0106805
3.1 5.625 0.00959994
3.1 7.875 0.0109221
3.1 10.125 0.0120957
3.1 12.375 0.00965258
3.1 14.625 0.0112828
3.1 16.875 0.0117465
3.1 19.125 0.0115404
3.1 21.375 0.0104648
3.1 23.625 0.0103417
3.1 25.875 0.0100269
3.1 28.125 0.0124858
3.1 30.375 0.0133256
3.1 32.625 0.0110684
3.1 34.875 0.0110361
3.1 37.125 0.010846
3.1 39.375 0.0117756
3.1 41.625 0.0134428
3.1 43.875 0.0135027
3.3 1.125 0.011269
3.3 3.375 0.0105927
3.3 5.625 0.0109154
3.3 7.875 0.00955896
3.3 10.125 0.0100791
3.3 12.375 0.010171
3.3 14.625 0.00900727
3.3 16.875 0.00989776
3.3 19.125 0.0100094
3.3 21.375 0.00985183
3.3 23.625 0.00871201
3.3 25.875 0.0108664
3.3 28.125 0.00985556
3.3 30.375 0.010552
3.3 32.625 0.0118428
3.3 34.875 0.0108659
3.3 37.125 0.0100081
3.3 39.375 0.0106422
3.3 41.625 0.00997138
3.3 43.875 0.00956949
3.5 1.125 0.00888785
3.5 3.375 0.00864654
3.5 5.625 0.00944756
3.5 7.875 0.00971876
3.5 10.125 0.00989558
3.5 12.375 0.00836282
3.5 14.625 0.0102755
3.5 16.875 0.00763175
3.5 19.125 0.00966975
3.5 21.375 0.00936469
3.5 23.625 0.0106985
3.5 25.875 0.00868173
3.5 28.125 0.0113404
3.5 30.375 0.0103877
3.5 32.625 0.00935005
3.5 34.875 0.00977175
3.5 37.125 0.00951857
3.5 39.375 0.00833885
3.5 41.625 0.00923592
3.5 43.875 0.00868117
3.7 1.125 0.0103298
3.7 3.375 0.00929509
3.7 5.625 0.00881171
3.7 7.875 0.00776571
3.7 10.125 0.00790838
3.7 12.375 0.00949425
3.7 14.625 0.00827256
3.7 16.875 0.00968151
3.7 19.125 0.00872016
3.7 21.375 0.0109754
3.7 23.625 0.00923977
3.7 25.875 0.00968364
3.7 28.125 0.00963686
3.7 30.375 0.00821973
3.7 32.625 0.00828468
3.7 34.875 0.00906749
3.7 37.125 0.0101884
3.7 39.375 0.00870937
3.7 41.625 0.00852109
3.7 43.875 0.0092929
3.9 1.125 0.00781142
3.9 3.375 0.00844898
3.9 5.625 0.0100641
3.9 7.875 0.00806484
3.9 10.125 0.00989782
3.9 12.375 0.00910633
3.9 14.625 0.00879596
3.9 16.875 0.00758238
3.9 19.125 0.00749071
3.9 21.375 0.0101039
3.9 23.625 0.00978621
3.9 25.875 0.00761026
3.9 28.125 0.00821527
3.9 30.375 0.00915615
3.9 32.625 0.00903806
3.9 34.875 0.00940421
3.9 37.125 0.00843185
3.9 39.375 0.00764473
3.9 41.625 0.00778028
3.9 43.875 0.00785497
4.1 1.125 0.00681331
4.1 3.375 0.00695672
4.1 5.625 0.00734732
4.1 7.875 0.00771651
4.1 10.125 0.0086198
4.1 12.375 0.00713723
4.1 14.625 0.00838761
4.1 16.875 0.00875633
4.1 19.125 0.00916248
4.1 21.375 0.00692648
4.1 23.625 0.00778834
4.1 25.875 0.00909029
4.1 28.125 0.00901083
4.1 30.375 0.0079909
4.1 32.625 0.00901966
4.1 34.875 0.00817306
4.1 37.125 0.00750705
4.1 39.375 0.00713699
4.1 41.625 0.00699198
4.1 43.875 0.00719299
4.3 1.125 0.00800501
4.3 3.375 0.00720201
4.3 5.625 0.00798687
4.3 7.875 0.00635951
4.3 10.125 0.00802932
4.3 12.375 0.00654382
4.3 14.625 0.00882411
4.3 16.875 0.00742781
4.3 19.125 0.00789088
4.3 21.375 0.00909395
4.3 23.625 0.00908587
4.3 25.875 0.00905078
4.3 28.125 0.00677922
4.3 30.375 0.00809562
4.3 32.625 0.00889593
4.3 34.875 0.00788561
4.3 37.125 0.00742277
4.3 39.375 0.00740726
4.3 41.625 0.00663516
4.3 43.875 0.00567569
4.5 1.125 0.00761304
4.5 3.375 0.00774802
4.5 5.625 0.00797608
4.5 7.875 0.00678562
4.5 10.125 0.00774387
4.5 12.375 0.00820134
4.5 14.625 0.0074107
4.5 16.875 0.00775817
4.5 19.125 0.00713834
4.5 21.375 0.00780624
4.5 23.625 0.00788883
4.5 25.875 0.00760031
4.5 28.125 0.00636069
4.5 30.375 0.00718954
4.5 32.625 0.00699663
4.5 34.875 0.00664432
4.5 37.125 0.00630061
4.5 39.375 0.00794557
4.5 41.625 0.00617479
4.5 43.875 0.00729158
4.7 1.125 0.00719048
4.7 3.375 0.0060276
4.7 5.625 0.00760459
4.7 7.875 0.00675327
4.7 10.125 0.00642003
4.7 12.375 0.0070729
4.7 14.625 0.00763547
4.7 16.875 0.00780069
4.7 19.125 0.00674451
4.7 21.375 0.00816065
4.7 23.625 0.00599088
4.7 25.875 0.00738591
4.7 28.125 0.00704452
4.7 30.375 0.00663497
4.7 32.625 0.00689427
4.7 34.875 0.00739447
4.7 37.125 0.0071243
4.7 39.375 0.00782322
4.7 41.625 0.00657577
4.7 43.875 0.00636601
4.9 1.125 0.00669916
4.9 3.375 0.00705899
4.9 5.625 0.007055
4.9 7.875 0.00617037
4.9 10.125 0.00720628
4.9 12.375 0.00601033
4.9 14.625 0.00742972
4.9 16.875 0.00569478
4.9 19.125 0.00733678
4.9 21.375 0.0071893
4.9 23.625 0.00680303
4.9 25.875 0.00720154
4.9 28.125 0.00614559
4.9 30.375 0.00622333
4.9 32.625 0.00771613
4.9 34.875 0.00681705
4.9 37.125 0.00724201
4.9 39.375 0.00770402
4.9 41.625 0.00621791
4.9 43.875 0.00598915
5.1 1.125 0.00634851
5.1 3.375 0.00573815
5.1 5.625 0.00598729
5.1 7.875 0.00500275
5.1 10.125 0.00647085
5.1 12.375 0.00678373
5.1 14.625 0.00652865
5.1 16.875 0.00575437
5.1 19.125 0.0065698
5.1 21.375 0.0070243
5.1 23.625 0.00679839
5.1 25.875 0.00692798
5.1 28.125 0.00598353
5.1 30.375 0.00585052
5.1 32.625 0.00633037
5.1 34.875 0.0065075
5.1 37.125 0.00633623
5.1 39.375 0.00708255
5.1 41.625 0.00675501
5.1 43.875 0.00696157
5.3 1.125 0.00721428
5.3 3.375 0.00590497
5.3 5.625 0.0061197
5.3 7.875 0.00643289
5.3 10.125 0.0063751
5.3 12.375 0.0051965
5.3 14.625 0.00534241
5.3 16.875 0.00644888
5.3 19.125 0.00650582
5.3 21.375 0.00570557
5.3 23.625 0.00577934
5.3 25.875 0.00659998
5.3 28.125 0.00673578
5.3 30.375 0.00574649
5.3 32.625 0.006095
5.3 34.875 0.00721386
5.3 37.125 0.00628088
5.3 39.375 0.00525135
5.3 41.625 0.0067908
5.3 43.875 0.00617062
5.5 1.125 0.00600618
5.5 3.375 0.00541785
5.5 5.625 0.00522239
5.5 7.875 0.00541886
5.5 10.125 0.00676107
5.5 12.375 0.00498319
5.5 14.625 0.00495671
5.5 16.875 0.00634519
5.5 19.125 0.00580454
5.5 21.375 0.00562369
5.5 23.625 0.00620978
5.5 25.875 0.00521192
5.5 28.125 0.00566499
5.5 30.375 0.00521908
5.5 32.625 0.00687258
5.5 34.875 0.00616025
5.5 37.125 0.00506695
5.5 39.375 0.00669252
5.5 41.625 0.00914147
5.5 43.875 0.00671811
5.7 1.125 0.00567299
5.7 3.375 0.00668632
5.7 5.625 0.0060598
5.7 7.875 0.00458648
5.7 10.125 0.00681759
5.7 12.375 0.00823783
5.7 14.625 0.00715711
5.7 16.875 0.00620525
5.7 19.125 0.00652745
5.7 21.375 0.00576257
5.7 23.625 0.00597934
5.7 25.875 0.00711522
5.7 28.125 0.00688824
5.7 30.375 0.00578991
5.7 32.625 0.00619139
5.7 34.875 0.00639968
5.7 37.125 0.0059171
5.7 39.375 0.00754781
5.7 41.625 0.00684256
5.7 43.875 0.00636811
5.9 1.125 0.00541136
5.9 3.375 0.00428124
5.9 5.625 0.00587566
5.9 7.875 0.00804109
5.9 10.125 0.00619209
5.9 12.375 0.00690923
5.9 14.625 0.00568096
5.9 16.875 0.00624033
5.9 19.125 0.00562813
5.9 21.375 0.00693032
5.9 23.625 0.0064689
5.9 25.875 0.00620499
5.9 28.125 0.00741875
5.9 30.375 0.0055442
5.9 32.625 0.00740557
5.9 34.875 0.00591762
5.9 37.125 0.00606458
5.9 39.375 0.00694332
5.9 41.625 0.00606911
5.9 43.875 0.00728822
6.1 1.125 0.00662634
6.1 3.375 0.00633149
6.1 5.625 0.00662351
6.1 7.875 0.00566088
6.1 10.125 0.00517447
6.1 12.375 0.00613741
6.1 14.625 0.00655962
6.1 16.875 0.00650078
6.1 19.125 0.00543317
6.1 21.375 0.0050941
6.1 23.625 0.00503263
6.1 25.875 0.00687488
6.1 28.125 0.00578579
6.1 30.375 0.00464734
6.1 32.625 0.00531772
6.1 34.875 0.00538734
6.1 37.125 0.00506242
6.1 39.375 0.006021
6.1 41.625 0.00679217
6.1 43.875 0.00590274
6.3 1.125 0.00531771
6.3 3.375 0.00603223
6.3 5.625 0.00649737
6.3 7.875 0.00597714
6.3 10.125 0.00541064
6.3 12.375 0.00716951
6.3 14.625 0.00656481
6.3 16.875 0.0058194
6.3 19.125 0.0238383
6.3 21.375 0.00594981
6.3 23.625 0.00604689
6.3 25.875 0.00504343
6.3 28.125 0.00449142
6.3 30.375 0.00442797
6.3 32.625 0.00648193
6.3 34.875 0.00516615
6.3 37.125 0.00635174
6.3 39.375 0.00495926
6.3 41.625 0.00567069
6.3 43.875 0.00563243
6.5 1.125 0.00508231
6.5 3.375 0.00478814
6.5 5.625 0.00481168
6.5 7.875 0.00487642
6.5 10.125 0.00551843
6.5 12.375 0.00553006
6.5 14.625 0.00565162
6.5 16.875 0.0044881
6.5 19.125 0.00543975
6.5 21.375 0.0318377
6.5 23.625 0.0072585
6.5 25.875 0.00668949
6.5 28.125 0.00539992
6.5 30.375 0.00483944
6.5 32.625 0.00514269
6.5 34.875 0.00639486
6.5 37.125 0.00555051
6.5 39.375 0.00493542
6.5 41.625 0.00737451
6.5 43.875 0.00725684
6.7 1.125 0.00562349
6.7 3.375 0.00673106
6.7 5.625 0.00514884
6.7 7.875 0.00532945
6.7 10.125 0.00602509
6.7 12.375 0.00507064
6.7 14.625 0.00502422
6.7 16.875 0.00541739
6.7 19.125 0.00763833
6.7 21.375 0.00628303
6.7 23.625 0.00516595
6.7 25.875 0.00479507
6.7 28.125 0.00477505
6.7 30.375 0.00732266
6.7 32.625 0.00635997
6.7 34.875 0.00564673
6.7 37.125 0.00650477
6.7 39.375 0.00497537
6.7 41.625 0.00569704
6.7 43.875 0.00459795
6.9 1.125 0.00715951
6.9 3.375 0.00411636
6.9 5.625 0.00677204
6.9 7.875 0.00574283
6.9 10.125 0.00645616
6.9 12.375 0.00531312
6.9 14.625 0.00625349
6.9 16.875 0.00508844
6.9 19.125 0.00408688
6.9 21.375 0.00382719
6.9 23.625 0.00775361
6.9 25.875 0.0043726
6.9 28.125 0.00636324
6.9 30.375 0.0066503
6.9 32.625 0.00518049
6.9 34.875 0.00648087
6.9 37.125 0.0063398
6.9 39.375 0.00550761
6.9 41.625 0.00529438
6.9 43.875 0.00500654
7.1 1.125 0.00648597
7.1 3.375 0.00536974
7.1 5.625 0.00570568
7.1 7.875 0.00628346
7.1 10.125 0.00615825
7.1 12.375 0.00641023
7.1 14.625 0.0137668
7.1 16.875 0.00449358
7.1 19.125 0.00445506
7.1 21.375 0.00480876
7.1 23.625 0.00720904
7.1 25.875 0.00558873
7.1 28.125 0.0078188
7.1 30.375 0.00404451
7.1 32.625 0.00492795
7.1 34.875 0.0039735
7.1 37.125 0.00780625
7.1 39.375 0.00636799
7.1 41.625 0.0042625
7.1 43.875 0.00471743
7.3 1.125 0.00565485
7.3 3.375 0.00910088
7.3 5.625 0.00598273
7.3 7.875 0.00514655
7.3 10.125 0.00424055
7.3 12.375 0.00553132
7.3 14.625 0.00664433
7.3 16.875 0.00743201
7.3 19.125 0.0763657
7.3 21.375 0.00619788
7.3 23.625 0.00515905
7.3 25.875 0.00512396
7.3 28.125 0.00699394
7.3 30.375 0.0056979
7.3 32.625 0.00558537
7.3 34.875 0.00543339
7.3 37.125 0.00473544
7.3 39.375 0.00513971
7.3 41.625 0.00541261
7.3 43.875 0.00504196
7.5 3.375 0.00442355
7.5 5.625 0.00512662
7.5 7.875 0.00474875
7.5 10.125 0.00539736
7.5 12.375 0.00419703
7.5 14.625 0.00605143
7.5 16.875 0.00551142
7.5 19.125 0.00470273
7.5 21.375 0.00456792
7.5 23.625 0.00504348
7.5 25.875 0.00574198
7.5 28.125 0.00533802
7.5 30.375 0.00586038
7.5 32.625 0.0059846
7.5 34.875 0.00425285
7.5 37.125 0.00573951
7.5 39.375 0.00544573
7.5 41.625 0.00565445
7.5 43.875 0.0050953
7.7 1.125 0.00427128
7.7 5.625 0.00509931
7.7 7.875 0.00683844
7.7 10.125 0.00610555
7.7 12.375 0.00716683
7.7 14.625 0.0053442
7.7 16.875 0.00550845
7.7 19.125 0.00665037
7.7 21.375 0.00568226
7.7 23.625 0.00493429
7.7 25.875 0.00507553
7.7 28.125 0.0062414
7.7 30.375 0.00584511
7.7 32.625 0.0443213
7.7 34.875 0.00584966
7.7 37.125 0.00513667
7.7 39.375 0.00510759
7.7 43.875 0.00873037
7.9 1.125 0.00511266
7.9 3.375 0.0056573
7.9 5.625 0.00521009
7.9 7.875 0.00434582
7.9 12.375 0.0105249
7.9 14.625 0.00476794
7.9 16.875 0.00687884
7.9 19.125 0.00491335
7.9 21.375 0.0059006
7.9 23.625 0.00439634
7.9 25.875 0.00588165
7.9 28.125 0.0086371
7.9 30.375 0.00455871
7.9 32.625 0.00354522
7.9 34.875 0.0046036
7.9 37.125 0.00513029
7.9 39.375 0.00437645
7.9 41.625 0.00436505
7.9 43.875 0.00391958
8.1 1.125 0.00559419
8.1 5.625 0.00732873
8.1 7.875 0.00530009
8.1 12.375 0.00464596
8.1 14.625 0.00463449
8.1 16.875 0.00497883
8.1 19.125 0.00541751
8.1 21.375 0.00555249
8.1 23.625 0.00631141
8.1 25.875 0.00522081
8.1 28.125 0.00564408
8.1 30.375 0.00631449
8.1 32.625 0.00429851
8.1 34.875 0.00798286
8.1 37.125 0.00583113
8.1 41.625 0.00400008
8.1 43.875 0.00443348
8.3 1.125 0.00686296
8.3 3.375 0.00499651
8.3 5.625 0.00401038
8.3 10.125 0.00462097
8.3 12.375 0.00396817
8.3 14.625 0.0374181
8.3 16.875 0.00722457
8.3 19.125 0.00589719
8.3 21.375 0.00528419
8.3 28.125 0.00483067
8.3 30.375 0.00560743
8.3 32.625 0.00543059
8.3 34.875 0.00535811
8.3 37.125 0.00531661
8.3 39.375 0.00442221
8.3 41.625 0.00596787
8.3 43.875 0.00422413
8.5 3.375 0.00443638
8.5 5.625 0.00518179
8.5 7.875 0.00452362
8.5 10.125 0.00580264
8.5 12.375 0.00358869
8.5 16.875 0.00682882
8.5 19.125 0.00412662
8.5 21.375 0.00507624
8.5 23.625 0.00424774
8.5 25.875 0.00829018
8.5 28.125 0.00584618
8.5 30.375 0.0090178
8.5 32.625 0.00655618
8.5 34.875 0.00411236
8.5 37.125 0.00491637
8.5 39.375 0.00501416
8.5 41.625 0.00458837
8.7 3.375 0.0077476
8.7 7.875 0.00517296
8.7 10.125 0.00600277
8.7 12.375 0.00493576
8.7 14.625 0.00685497
8.7 16.875 0.00573722
8.7 21.375 0.0049851
8.7 28.125 0.00982544
8.7 30.375 0.00644804
8.7 32.625 0.00379768
8.7 34.875 0.00604663
8.7 37.125 0.00747246
8.7 41.625 0.00757954
8.9 1.125 0.00471511
8.9 7.875 0.00414376
8.9 14.625 0.00470664
8.9 19.125 0.00505357
8.9 21.375 0.00498803
8.9 23.625 0.00698911
8.9 25.875 0.00659422
8.9 28.125 0.0043143
8.9 30.375 0.00441653
8.9 32.625 0.00581449
8.9 34.875 0.00456424
8.9 37.125 0.00482945
8.9 39.375 0.00570786
8.9 41.625 0.00536257
8.9 43.875 0.00504547
9.1 7.875 0.00637697
9.1 12.375 0.00514665
9.1 23.625 0.00495567
9.1 25.875 0.0044524
9.1 28.125 0.00634212
9.1 32.625 0.00502254
9.1 34.875 0.00354273
9.1 37.125 0.003984
9.1 39.375 0.00583236
9.1 41.625 0.00377988
9.1 43.875 0.00673278
9.3 1.125 0.00450937
9.3 3.375 0.00484728
9.3 7.875 0.0070464
9.3 10.125 0.00370055
9.3 14.625 0.00379645
9.3 16.875 0.00566391
9.3 19.125 0.00465086
9.3 21.375 0.00491636
9.3 23.625 0.00655309
9.3 30.375 0.00557344
9.3 39.375 0.00559704
9.3 41.625 0.00426537
9.5 3.375 0.0051897
9.5 5.625 0.00439338
9.5 10.125 0.00656356
9.5 14.625 0.00517108
9.5 16.875 0.00380587
9.5 19.125 0.00587908
9.5 21.375 0.00503484
9.5 32.625 0.00481483
9.5 34.875 0.00600711
9.5 37.125 0.00392471
9.5 39.375 0.0044748
9.5 43.875 0.00565896
9.7 10.125 0.00667607
9.7 14.625 0.00532359
9.7 21.375 0.00443837
9.7 30.375 0.00738105
9.7 32.625 0.00457158
9.7 39.375 0.00480844
9.9 12.375 0.00613697
9.9 25.875 0.00401232
9.9 30.375 0.00578292
9.9 32.625 0.00473449
9.9 34.875 0.00426209
9.9 37.125 0.0048188
9.9 39.375 0.00449636
9.9 43.875 0.00536894
10.1 1.125 0.00451823
10.1 5.625 0.00465857
10.1 12.375 0.00381956
10.1 14.625 0.00695529
10.1 28.125 0.00517244
10.3 7.875 0.00593136
10.3 14.625 0.00407133
10.3 32.625 0.0042217
10.3 34.875 0.0076312
10.3 39.375 0.00765926
10.3 41.625 0.00576088
10.5 16.875 0.00549931
10.5 19.125 0.00457491
10.5 32.625 0.00761579
10.5 39.375 0.00400476
10.5 43.875 0.00402416
10.7 12.375 0.0049974
10.7 23.625 0.00639906
10.7 25.875 0.00334087
10.7 28.125 0.00649086
10.7 32.625 0.00304918
10.7 37.125 0.00454286
10.9 7.875 0.00610985
10.9 21.375 0.00392123
10.9 23.625 0.00433475
10.9 43.875 0.00575146
11.1 39.375 0.00523929
11.3 16.875 0.00453942
11.3 34.875 0.00565376
11.3 39.375 0.00625727
11.3 41.625 0.0054921
11.5 28.125 0.00426562
11.5 30.375 0.00701819
11.5 32.625 0.00611937
11.7 28.125 0.00718465
12.5 21.375 0.00472241
