0.1 1.125 2.31543
0.1 3.375 3.71025
0.1 5.625 4.52783
0.1 7.875 3.0138
0.1 10.125 2.73062
0.1 12.375 2.79869
0.1 14.625 3.24217
0.1 16.875 2.43193
0.1 19.125 2.12318
0.1 21.375 1.01962
0.1 23.625 2.53363
0.1 25.875 1.54567
0.1 28.125 2.54815
0.1 30.375 1.7717
0.1 34.875 2.26907
0.1 37.125 3.96531
0.1 39.375 3.40818
0.1 41.625 4.01765
0.1 43.875 4.50478
0.3 1.125 4.13509
0.3 3.375 3.25618
0.3 5.625 3.48587
0.3 7.875 3.93374
0.3 10.125 3.50734
0.3 12.375 4.22835
0.3 14.625 4.53089
0.3 16.875 4.35111
0.3 19.125 4.51681
0.3 21.375 4.30551
0.3 23.625 4.52713
0.3 25.875 4.32404
0.3 28.125 4.38235
0.3 30.375 4.07567
0.3 32.625 4.54663
0.3 34.875 4.28044
0.3 37.125 4.20539
0.3 39.375 4.18649
0.3 41.625 4.50764
0.3 43.875 4.55833
0.5 1.125 3.74044
0.5 3.375 3.64103
0.5 5.625 3.79014
0.5 7.875 4.32188
0.5 10.125 4.33887
0.5 12.375 4.4058
0.5 14.625 4.39979
0.5 16.875 4.29194
0.5 19.125 4.44503
0.5 21.375 4.34319
0.5 23.625 4.33178
0.5 25.875 4.06685
0.5 28.125 4.36568
0.5 30.375 4.43243
0.5 32.625 4.42341
0.5 34.875 4.36653
0.5 37.125 4.31161
0.5 39.375 4.37343
0.5 41.625 4.18184
0.5 43.875 4.21794
0.7 1.125 3.79246
0.7 3.375 3.58989
0.7 5.625 4.19589
0.7 7.875 4.20863
0.7 10.125 4.15087
0.7 12.375 4.2293
0.7 14.625 4.12751
0.7 16.875 4.22664
0.7 19.125 4.07707
0.7 21.375 4.15845
0.7 23.625 4.15961
0.7 25.875 4.24172
0.7 28.125 4.12536
0.7 30.375 4.19802
0.7 32.625 4.07658
0.7 34.875 4.15104
0.7 37.125 4.22681
0.7 39.375 4.10144
0.7 41.625 3.95158
0.7 43.875 4.13632
0.9 1.125 3.34832
0.9 3.375 3.70678
0.9 5.625 3.86817
0.9 7.875 3.86105
0.9 10.125 3.87477
0.9 12.375 3.71433
0.9 14.625 3.8381
0.9 16.875 3.8724
0.9 19.125 3.76625
0.9 21.375 3.81452
0.9 23.625 3.82231
0.9 25.875 3.86191
0.9 28.125 3.9722
0.9 30.375 3.97346
0.9 32.625 3.9737
0.9 34.875 3.91358
0.9 37.125 3.97348
0.9 39.375 3.98001
0.9 41.625 3.86048
0.9 43.875 3.89522
1.1 1.125 2.60213
1.1 3.375 2.787
1.1 5.625 2.91581
1.1 7.875 3.09174
1.1 10.125 2.99028
1.1 12.375 3.10082
1.1 14.625 3.12684
1.1 16.875 3.06082
1.1 19.125 3.30586
1.1 21.375 3.18596
1.1 23.625 3.35657
1.1 25.875 3.39736
1.1 28.125 3.37199
1.1 30.375 3.53312
1.1 32.625 3.60659
1.1 34.875 3.61701
1.1 37.125 3.66201
1.1 39.375 3.70074
1.1 41.625 3.75421
1.1 43.875 3.71256
1.3 1.125 1.56805
1.3 3.375 1.81316
1.3 5.625 1.83308
1.3 7.875 1.9719
1.3 10.125 1.99241
1.3 12.375 2.04252
1.3 14.625 2.14119
1.3 16.875 2.14389
1.3 19.125 2.09343
1.3 21.375 2.13998
1.3 23.625 2.34873
1.3 25.875 2.45709
1.3 28.125 2.67884
1.3 30.375 2.68275
1.3 32.625 2.71618
1.3 34.875 2.79291
1.3 37.125 3.02726
1.3 39.375 3.07459
1.3 41.625 2.96645
1.3 43.875 3.04093
1.5 1.125 0.852138
1.5 3.375 0.98378
1.5 5.625 0.991153
1.5 7.875 1.00673
1.5 10.125 1.0838
1.5 12.375 1.14284
1.5 14.625 1.11586
1.5 16.875 1.16889
1.5 19.125 1.12972
1.5 21.375 1.27299
1.5 23.625 1.32155
1.5 25.875 1.40574
1.5 28.125 1.60199
1.5 30.375 1.6358
1.5 32.625 1.83702
1.5 34.875 1.88268
1.5 37.125 1.93517
1.5 39.375 2.1089
1.5 41.625 2.24166
1.5 43.875 2.22328
1.7 1.125 0.507694
1.7 3.375 0.556974
1.7 5.625 0.579646
1.7 7.875 0.572595
1.7 10.125 0.583509
1.7 12.375 0.601833
1.7 14.625 0.623415
1.7 16.875 0.597856
1.7 19.125 0.646736
1.7 21.375 0.667642
1.7 23.625 0.699796
1.7 25.875 0.727686
1.7 28.125 0.781417
1.7 30.375 0.886889
1.7 32.625 0.890522
1.7 34.875 0.991219
1.7 37.125 1.03873
1.7 39.375 1.22263
1.7 41.625 1.09437
1.7 43.875 1.17283
1.9 1.125 0.288132
1.9 3.375 0.320902
1.9 5.625 0.339174
1.9 7.875 0.359361
1.9 10.125 0.356742
1.9 12.375 0.370642
1.9 14.625 0.372497
1.9 16.875 0.394374
1.9 19.125 0.390932
1.9 21.375 0.388211
1.9 23.625 0.409992
1.9 25.875 0.412838
1.9 28.125 0.44876
1.9 30.375 0.479941
1.9 32.625 0.530711
1.9 34.875 0.568721
1.9 37.125 0.604617
1.9 39.375 0.687605
1.9 41.625 0.72038
1.9 43.875 0.739475
2.1 1.125 0.192572
2.1 3.375 0.20788
2.1 5.625 0.21594
2.1 7.875 0.228993
2.1 10.125 0.232084
2.1 12.375 0.241944
2.1 14.625 0.238533
2.1 16.875 0.244758
2.1 19.125 0.250274
2.1 21.375 0.256389
2.1 23.625 0.258346
2.1 25.875 0.269465
2.1 28.125 0.27724
2.1 30.375 0.289667
2.1 32.625 0.323277
2.1 34.875 0.340681
2.1 37.125 0.380159
2.1 39.375 0.397818
2.1 41.625 0.41828
2.1 43.875 0.413464
2.3 1.125 0.139291
2.3 3.375 0.14595
2.3 5.625 0.178723
2.3 7.875 0.153964
2.3 10.125 0.157574
2.3 12.375 0.156358
2.3 14.625 0.163279
2.3 16.875 0.18557
2.3 19.125 0.170792
2.3 21.375 0.170717
2.3 23.625 0.182063
2.3 25.875 0.183359
2.3 28.125 0.197644
2.3 30.375 0.208322
2.3 32.625 0.219772
2.3 34.875 0.241135
2.3 37.125 0.242403
2.3 39.375 0.237234
2.3 41.625 0.249578
2.3 43.875 0.255803
2.5 1.125 0.0972456
2.5 3.375 0.127457
2.5 5.625 0.110074
2.5 7.875 0.106868
2.5 10.125 0.11396
2.5 12.375 0.111715
2.5 14.625 0.114967
2.5 16.875 0.115428
2.5 19.125 0.117568
2.5 21.375 0.114267
2.5 23.625 0.123605
2.5 25.875 0.1347
2.5 28.125 0.145436
2.5 30.375 0.152913
2.5 32.625 0.157973
2.5 34.875 0.166793
2.5 37.125 0.16774
2.5 39.375 0.167918
2.5 41.625 0.167481
2.5 43.875 0.158812
2.7 1.125 0.0851216
2.7 3.375 0.0887397
2.7 5.625 0.0858091
2.7 7.875 0.085999
2.7 10.125 0.0878169
2.7 12.375 0.0877483
2.7 14.625 0.0875065
2.7 16.875 0.0847349
2.7 19.125 0.0863534
2.7 21.375 0.0876172
2.7 23.625 0.0919787
2.7 25.875 0.105646
2.7 28.125 0.10803
2.7 30.375 0.114001
2.7 32.625 0.11601
2.7 34.875 0.116289
2.7 37.125 0.115728
2.7 39.375 0.11459
2.7 41.625 0.120269
2.7 43.875 0.114295
2.9 1.125 0.0676239
2.9 3.375 0.0679625
2.9 5.625 0.0686822
2.9 7.875 0.0683644
2.9 10.125 0.0673908
2.9 12.375 0.0653642
2.9 14.625 0.0677182
2.9 16.875 0.0698814
2.9 19.125 0.071654
2.9 21.375 0.0731499
2.9 23.625 0.0776008
2.9 25.875 0.0766741
2.9 28.125 0.0801734
2.9 30.375 0.081357
2.9 32.625 0.0845939
2.9 34.875 0.0833667
2.9 37.125 0.0837221
2.9 39.375 0.0828476
2.9 41.625 0.0798456
2.9 43.875 0.0790925
3.1 1.125 0.0542
3.1 3.375 0.0530594
3.1 5.625 0.0540844
3.1 7.875 0.0540868
3.1 10.125 0.0549365
3.1 12.375 0.054819
3.1 14.625 0.0557778
3.1 16.875 0.0545826
3.1 19.125 0.0556098
3.1 21.375 0.058258
3.1 23.625 0.0627052
3.1 25.875 0.0640621
3.1 28.125 0.0663219
3.1 30.375 0.0665547
3.1 32.625 0.0643324
3.1 34.875 0.0624631
3.1 37.125 0.0675483
3.1 39.375 0.0628118
3.1 41.625 0.0625162
3.1 43.875 0.0627638
3.3 1.125 0.0438381
3.3 3.375 0.0448804
3.3 5.625 0.0449928
3.3 7.875 0.0440787
3.3 10.125 0.0440035
3.3 12.375 0.045803
3.3 14.625 0.0476253
3.3 16.875 0.0463267
3.3 19.125 0.0446173
3.3 21.375 0.0477532
3.3 23.625 0.0515844
3.3 25.875 0.0518185
3.3 28.125 0.0550074
3.3 30.375 0.0532234
3.3 32.625 0.0542429
3.3 34.875 0.0535761
3.3 37.125 0.0533867
3.3 39.375 0.0497035
3.3 41.625 0.0504273
3.3 43.875 0.0510773
3.5 1.125 0.0347557
3.5 3.375 0.0353862
3.5 5.625 0.0351652
3.5 7.875 0.0368528
3.5 10.125 0.0350875
3.5 12.375 0.0342137
3.5 14.625 0.0361181
3.5 16.875 0.0358661
3.5 19.125 0.0374458
3.5 21.375 0.0386514
3.5 23.625 0.0428994
3.5 25.875 0.0427816
3.5 28.125 0.0422502
3.5 30.375 0.0430574
3.5 32.625 0.0434695
3.5 34.875 0.0436631
3.5 37.125 0.0441397
3.5 39.375 0.0414642
3.5 41.625 0.0435074
3.5 43.875 0.0414919
3.7 1.125 0.0300558
3.7 3.375 0.0307981
3.7 5.625 0.0301937
3.7 7.875 0.0304782
3.7 10.125 0.0302239
3.7 12.375 0.0302187
3.7 14.625 0.0295909
3.7 16.875 0.0322351
3.7 19.125 0.0329556
3.7 21.375 0.0325998
3.7 23.625 0.0315211
3.7 25.875 0.0341516
3.7 28.125 0.0337211
3.7 30.375 0.0366009
3.7 32.625 0.0351171
3.7 34.875 0.0344028
3.7 37.125 0.0356297
3.7 39.375 0.0347865
3.7 41.625 0.0344632
3.7 43.875 0.0542418
3.9 1.125 0.0260052
3.9 3.375 0.0268568
3.9 5.625 0.0271278
3.9 7.875 0.0270964
3.9 10.125 0.0281655
3.9 12.375 0.0268995
3.9 14.625 0.0291683
3.9 16.875 0.0260811
3.9 19.125 0.0243547
3.9 21.375 0.0294178
3.9 23.625 0.0274696
3.9 25.875 0.027864
3.9 28.125 0.028459
3.9 30.375 0.0284644
3.9 32.625 0.0282275
3.9 34.875 0.0295845
3.9 37.125 0.027964
3.9 39.375 0.0295036
3.9 41.625 0.0279168
3.9 43.875 0.0298734
4.1 1.125 0.0231853
4.1 3.375 0.0235966
4.1 5.625 0.0228665
4.1 7.875 0.0228314
4.1 10.125 0.0224797
4.1 12.375 0.0232911
4.1 14.625 0.0259054
4.1 16.875 0.0236287
4.1 19.125 0.0256429
4.1 21.375 0.0260604
4.1 23.625 0.0253387
4.1 25.875 0.0251712
4.1 28.125 0.0247414
4.1 30.375 0.0245553
4.1 32.625 0.023074
4.1 34.875 0.023088
4.1 37.125 0.0242273
4.1 39.375 0.0244286
4.1 41.625 0.023501
4.1 43.875 0.0240161
4.3 1.125 0.0202408
4.3 3.375 0.0197639
4.3 5.625 0.0205103
4.3 7.875 0.020046
4.3 10.125 0.0195459
4.3 12.375 0.0187015
4.3 14.625 0.0202003
4.3 16.875 0.0217824
4.3 19.125 0.0219672
4.3 21.375 0.0217769
4.3 23.625 0.0217393
4.3 25.875 0.0228128
4.3 28.125 0.0215268
4.3 30.375 0.0201506
4.3 32.625 0.0199317
4.3 34.875 0.0190847
4.3 37.125 0.0190696
4.3 39.375 0.0187552
4.3 41.625 0.0193517
4.3 43.875 0.0248302
4.5 1.125 0.0161158
4.5 3.375 0.016939
4.5 5.625 0.0168773
4.5 7.875 0.0166241
4.5 10.125 0.0173376
4.5 12.375 0.0254019
4.5 14.625 0.017852
4.5 16.875 0.0185982
4.5 19.125 0.0280132
4.5 21.375 0.0191235
4.5 23.625 0.0189002
4.5 25.875 0.0288595
4.5 28.125 0.01908
4.5 30.375 0.018273
4.5 32.625 0.0180737
4.5 34.875 0.0171398
4.5 37.125 0.0164481
4.5 39.375 0.0166751
4.5 41.625 0.0164941
4.5 43.875 0.0165784
4.7 1.125 0.0142726
4.7 3.375 0.0145552
4.7 5.625 0.0192114
4.7 7.875 0.0148617
4.7 10.125 0.0140368
4.7 12.375 0.0145123
4.7 14.625 0.0158991
4.7 16.875 0.0155004
4.7 19.125 0.0170545
4.7 21.375 0.0160386
4.7 23.625 0.0169935
4.7 25.875 0.0157728
4.7 28.125 0.0157635
4.7 30.375 0.0153675
4.7 32.625 0.0153913
4.7 34.875 0.0156267
4.7 37.125 0.0146049
4.7 39.375 0.0139301
4.7 41.625 0.0145133
4.7 43.875 0.0136009
4.9 1.125 0.0126055
4.9 3.375 0.0229478
4.9 5.625 0.0119801
4.9 7.875 0.0116691
4.9 10.125 0.0122704
4.9 12.375 0.0128484
4.9 14.625 0.0131637
4.9 16.875 0.0166086
4.9 19.125 0.0139207
4.9 21.375 0.01318
4.9 23.625 0.0129107
4.9 25.875 0.0129666
4.9 28.125 0.0134522
4.9 30.375 0.0134612
4.9 32.625 0.0132282
4.9 34.875 0.0134721
4.9 37.125 0.0128115
4.9 39.375 0.0121866
4.9 41.625 0.0121302
4.9 43.875 0.0113269
5.1 1.125 0.0112114
5.1 3.375 0.0100295
5.1 5.625 0.010839
5.1 7.875 0.0100101
5.1 10.125 0.0105496
5.1 12.375 0.0104339
5.1 14.625 0.0122358
5.1 16.875 0.0116152
5.1 19.125 0.0117227
5.1 21.375 0.0122205
5.1 23.625 0.0118032
5.1 25.875 0.0118194
5.1 28.125 0.01149
5.1 30.375 0.0125502
5.1 32.625 0.0115789
5.1 34.875 0.0120629
5.1 37.125 0.0114364
5.1 39.375 0.0105068
5.1 41.625 0.0100615
5.1 43.875 0.0100214
5.3 1.125 0.00947547
5.3 3.375 0.00932288
5.3 5.625 0.00898548
5.3 7.875 0.00870076
5.3 10.125 0.00898745
5.3 12.375 0.010231
5.3 14.625 0.00976784
5.3 16.875 0.0104323
5.3 19.125 0.0102464
5.3 21.375 0.0109027
5.3 23.625 0.0097707
5.3 25.875 0.00987599
5.3 28.125 0.00989085
5.3 30.375 0.00973633
5.3 32.625 0.0149902
5.3 34.875 0.0102902
5.3 37.125 0.00961088
5.3 39.375 0.0183328
5.3 41.625 0.0100589
5.3 43.875 0.0085658
5.5 1.125 0.00911366
5.5 3.375 0.0081574
5.5 5.625 0.00806528
5.5 7.875 0.00818932
5.5 10.125 0.00790417
5.5 12.375 0.00846588
5.5 14.625 0.00878661
5.5 16.875 0.00923291
5.5 19.125 0.00958147
5.5 21.375 0.00874865
5.5 23.625 0.00891115
5.5 25.875 0.00887601
5.5 28.125 0.00848371
5.5 30.375 0.00892766
5.5 32.625 0.0096119
5.5 34.875 0.00849519
5.5 37.125 0.00896788
5.5 39.375 0.00836735
5.5 41.625 0.00866014
5.5 43.875 0.00852136
5.7 1.125 0.0072045
5.7 3.375 0.00729435
5.7 5.625 0.00751715
5.7 7.875 0.00712848
5.7 10.125 0.00790043
5.7 12.375 0.00763733
5.7 14.625 0.00734447
5.7 16.875 0.00805553
5.7 19.125 0.00793367
5.7 21.375 0.00833713
5.7 23.625 0.00888973
5.7 25.875 0.007966
5.7 28.125 0.00887136
5.7 30.375 0.00769593
5.7 32.625 0.00784034
5.7 34.875 0.00759271
5.7 37.125 0.00740118
5.7 39.375 0.00827813
5.7 41.625 0.00810696
5.7 43.875 0.00768576
5.9 1.125 0.00634391
5.9 3.375 0.00639092
5.9 5.625 0.00642164
5.9 7.875 0.00635467
5.9 10.125 0.00577714
5.9 12.375 0.00658125
5.9 14.625 0.00664176
5.9 16.875 0.00686372
5.9 19.125 0.00751406
5.9 21.375 0.00736847
5.9 23.625 0.00691677
5.9 25.875 0.00734214
5.9 28.125 0.00708636
5.9 30.375 0.007337
5.9 32.625 0.00666249
5.9 34.875 0.0068209
5.9 37.125 0.00772817
5.9 39.375 0.00684599
5.9 41.625 0.00791553
5.9 43.875 0.00705562
6.1 1.125 0.00610642
6.1 3.375 0.0055572
6.1 5.625 0.00559575
6.1 7.875 0.0151846
6.1 10.125 0.00627991
6.1 12.375 0.00600233
6.1 14.625 0.00619466
6.1 16.875 0.00599948
6.1 19.125 0.00663205
6.1 21.375 0.0116847
6.1 23.625 0.0113005
6.1 25.875 0.00984654
6.1 28.125 0.00603128
6.1 30.375 0.00628178
6.1 32.625 0.00630933
6.1 34.875 0.0063633
6.1 37.125 0.0132625
6.1 39.375 0.0060054
6.1 41.625 0.00706597
6.1 43.875 0.00606433
6.3 1.125 0.0054152
6.3 3.375 0.01478
6.3 5.625 0.00579383
6.3 7.875 0.00541792
6.3 10.125 0.00615183
6.3 12.375 0.00554951
6.3 14.625 0.00583029
6.3 16.875 0.00589828
6.3 19.125 0.00578576
6.3 21.375 0.00563944
6.3 23.625 0.00577612
6.3 25.875 0.00514064
6.3 28.125 0.00518888
6.3 30.375 0.00581838
6.3 32.625 0.00519211
6.3 34.875 0.00568197
6.3 37.125 0.00586269
6.3 39.375 0.00559956
6.3 41.625 0.00579182
6.3 43.875 0.0061145
6.5 1.125 0.00490249
6.5 3.375 0.0104681
6.5 5.625 0.00514308
6.5 7.875 0.00598642
6.5 10.125 0.0049483
6.5 12.375 0.00512319
6.5 14.625 0.00517314
6.5 16.875 0.00543488
6.5 19.125 0.00636897
6.5 21.375 0.0050156
6.5 23.625 0.0054354
6.5 25.875 0.0093358
6.5 28.125 0.0049082
6.5 30.375 0.00513316
6.5 32.625 0.00478071
6.5 34.875 0.00507516
6.5 37.125 0.00560194
6.5 39.375 0.00506059
6.5 41.625 0.0117171
6.5 43.875 0.00524459
6.7 1.125 0.00485123
6.7 3.375 0.0045578
6.7 5.625 0.0048771
6.7 7.875 0.00458306
6.7 10.125 0.00489713
6.7 12.375 0.00664332
6.7 14.625 0.00534307
6.7 16.875 0.00495338
6.7 19.125 0.00505445
6.7 21.375 0.00489263
6.7 23.625 0.00470234
6.7 25.875 0.00816429
6.7 28.125 0.00462285
6.7 30.375 0.00431133
6.7 32.625 0.0103574
6.7 34.875 0.00504192
6.7 37.125 0.00478611
6.7 39.375 0.00501414
6.7 41.625 0.00499401
6.7 43.875 0.00505389
6.9 1.125 0.00517143
6.9 3.375 0.0044355
6.9 5.625 0.00525237
6.9 7.875 0.00408817
6.9 10.125 0.00464981
6.9 12.375 0.00651854
6.9 14.625 0.00448545
6.9 16.875 0.0045868
6.9 19.125 0.00462575
6.9 21.375 0.00453462
6.9 23.625 0.00425283
6.9 25.875 0.00426276
6.9 28.125 0.0042304
6.9 30.375 0.0039282
6.9 32.625 0.00428961
6.9 34.875 0.00457057
6.9 37.125 0.00440585
6.9 39.375 0.004963
6.9 41.625 0.00484896
6.9 43.875 0.00461283
7.1 1.125 0.00412558
7.1 3.375 0.00518264
7.1 5.625 0.00429369
7.1 7.875 0.00524295
7.1 10.125 0.0142374
7.1 12.375 0.012961
7.1 14.625 0.00425197
7.1 16.875 0.00448331
7.1 19.125 0.00419367
7.1 21.375 0.00420629
7.1 23.625 0.00419118
7.1 25.875 0.004151
7.1 28.125 0.00479272
7.1 30.375 0.0040561
7.1 32.625 0.00441558
7.1 34.875 0.00454786
7.1 37.125 0.00399138
7.1 39.375 0.00407946
7.1 41.625 0.00417103
7.1 43.875 0.00425171
7.3 1.125 0.00407592
7.3 3.375 0.00655091
7.3 5.625 0.00370738
7.3 7.875 0.00434103
7.3 10.125 0.012846
7.3 12.375 0.00413641
7.3 14.625 0.00394991
7.3 16.875 0.00411231
7.3 19.125 0.0112509
7.3 21.375 0.00421118
7.3 23.625 0.00410937
7.3 25.875 0.0038972
7.3 28.125 0.0162807
7.3 30.375 0.00372931
7.3 32.625 0.00373534
7.3 34.875 0.00404115
7.3 37.125 0.00365056
7.3 39.375 0.00628335
7.3 41.625 0.00442806
7.3 43.875 0.00385149
7.5 1.125 0.00336067
7.5 3.375 0.00723721
7.5 5.625 0.00367606
7.5 7.875 0.00354459
7.5 10.125 0.00481635
7.5 12.375 0.00393543
7.5 14.625 0.00433111
7.5 16.875 0.00402784
7.5 19.125 0.00399965
7.5 21.375 0.00388285
7.5 23.625 0.00594269
7.5 25.875 0.00379092
7.5 28.125 0.0120409
7.5 30.375 0.00372563
7.5 32.625 0.00396819
7.5 34.875 0.00375662
7.5 37.125 0.00362027
7.5 39.375 0.00376816
7.5 41.625 0.00463625
7.5 43.875 0.00375847
7.7 1.125 0.00346365
7.7 3.375 0.00569397
7.7 5.625 0.00317138
7.7 7.875 0.00347002
7.7 10.125 0.00401859
7.7 12.375 0.00403959
7.7 14.625 0.0113392
7.7 16.875 0.00338112
7.7 19.125 0.00377318
7.7 21.375 0.0106999
7.7 23.625 0.011995
7.7 25.875 0.0123913
7.7 28.125 0.00374575
7.7 30.375 0.00349606
7.7 32.625 0.00364921
7.7 34.875 0.00353408
7.7 37.125 0.00371357
7.7 39.375 0.00367953
7.7 41.625 0.00356366
7.7 43.875 0.0037038
7.9 1.125 0.00366262
7.9 3.375 0.00316962
7.9 5.625 0.0130285
7.9 7.875 0.00342308
7.9 10.125 0.00333901
7.9 12.375 0.00458711
7.9 14.625 0.0112053
7.9 16.875 0.00348537
7.9 19.125 0.00350722
7.9 21.375 0.00369009
7.9 23.625 0.00993092
7.9 25.875 0.0136095
7.9 28.125 0.00401084
7.9 30.375 0.00374687
7.9 32.625 0.00315514
7.9 34.875 0.003391
7.9 37.125 0.00312338
7.9 39.375 0.00340787
7.9 41.625 0.00318461
7.9 43.875 0.00340068
8.1 1.125 0.00308207
8.1 3.375 0.00290342
8.1 5.625 0.00323418
8.1 7.875 0.00320903
8.1 10.125 0.00335537
8.1 12.375 0.00386994
8.1 14.625 0.0034021
8.1 16.875 0.00350694
8.1 19.125 0.00345449
8.1 21.375 0.00953277
8.1 23.625 0.011123
8.1 25.875 0.00323073
8.1 28.125 0.0044755
8.1 30.375 0.00431378
8.1 32.625 0.00358745
8.1 34.875 0.00343274
8.1 37.125 0.00321572
8.1 39.375 0.00320172
8.1 41.625 0.00513517
8.1 43.875 0.00801858
8.3 1.125 0.00424801
8.3 3.375 0.00427213
8.3 5.625 0.00316137
8.3 7.875 0.00304184
8.3 10.125 0.00330526
8.3 12.375 0.00338611
8.3 14.625 0.00335082
8.3 16.875 0.00579127
8.3 19.125 0.00694178
8.3 21.375 0.0031769
8.3 23.625 0.00313928
8.3 25.875 0.00291669
8.3 28.125 0.00452857
8.3 30.375 0.00296629
8.3 32.625 0.00321493
8.3 34.875 0.00310788
8.3 37.125 0.00309585
8.3 39.375 0.00297183
8.3 41.625 0.00299739
8.3 43.875 0.00300852
8.5 1.125 0.00344868
8.5 3.375 0.0040904
8.5 5.625 0.00605364
8.5 7.875 0.00303127
8.5 10.125 0.0028868
8.5 12.375 0.00317472
8.5 14.625 0.00331329
8.5 16.875 0.00291293
8.5 19.125 0.00312905
8.5 21.375 0.0031841
8.5 23.625 0.00320005
8.5 25.875 0.00287661
8.5 28.125 0.00306512
8.5 30.375 0.00410192
8.5 32.625 0.00306405
8.5 34.875 0.00341532
8.5 37.125 0.00301674
8.5 39.375 0.00306458
8.5 41.625 0.00304496
8.5 43.875 0.00296907
8.7 1.125 0.00271972
8.7 3.375 0.00333512
8.7 5.625 0.00291116
8.7 7.875 0.00343067
8.7 10.125 0.00308728
8.7 12.375 0.00291168
8.7 14.625 0.00258238
8.7 16.875 0.00376812
8.7 19.125 0.00821458
8.7 21.375 0.00379598
8.7 23.625 0.00282923
8.7 25.875 0.00298603
8.7 28.125 0.00305742
8.7 30.375 0.00328764
8.7 32.625 0.00297989
8.7 34.875 0.00284994
8.7 37.125 0.00309036
8.7 39.375 0.00305047
8.7 41.625 0.00332314
8.7 43.875 0.00286324
8.9 1.125 0.00302095
8.9 3.375 0.00538789
8.9 5.625 0.00284303
8.9 7.875 0.00268763
8.9 10.125 0.0040416
8.9 12.375 0.00314412
8.9 14.625 0.00299745
8.9 16.875 0.00286867
8.9 19.125 0.0158125
8.9 21.375 0.00277913
8.9 23.625 0.00300493
8.9 25.875 0.00274368
8.9 28.125 0.00301786
8.9 30.375 0.0057714
8.9 32.625 0.00304925
8.9 34.875 0.0050466
8.9 37.125 0.00388101
8.9 39.375 0.00413849
8.9 41.625 0.00294953
8.9 43.875 0.00259317
9.1 1.125 0.00271888
9.1 3.375 0.00257042
9.1 5.625 0.00268218
9.1 7.875 0.00249515
9.1 10.125 0.00273234
9.1 12.375 0.00328278
9.1 14.625 0.00280251
9.1 16.875 0.00297063
9.1 19.125 0.0159544
9.1 21.375 0.00268619
9.1 23.625 0.00266293
9.1 25.875 0.00258625
9.1 28.125 0.00268127
9.1 30.375 0.00291031
9.1 32.625 0.00270375
9.1 34.875 0.00287643
9.1 37.125 0.00759808
9.1 39.375 0.00288026
9.1 41.625 0.00273546
9.1 43.875 0.00322368
9.3 1.125 0.00292447
9.3 3.375 0.0039704
9.3 5.625 0.0030456
9.3 7.875 0.00339019
9.3 10.125 0.00290781
9.3 12.375 0.00304164
9.3 14.625 0.00259407
9.3 16.875 0.00265076
9.3 19.125 0.00266053
9.3 21.375 0.00306021
9.3 23.625 0.00263871
9.3 25.875 0.00289791
9.3 28.125 0.00284554
9.3 30.375 0.00306729
9.3 32.625 0.00270662
9.3 34.875 0.00280855
9.3 37.125 0.00320641
9.3 39.375 0.00327257
9.3 41.625 0.00282485
9.3 43.875 0.00259785
9.5 1.125 0.00259937
9.5 3.375 0.00272821
9.5 5.625 0.00277449
9.5 7.875 0.00330793
9.5 10.125 0.00320195
9.5 12.375 0.00330688
9.5 14.625 0.014008
9.5 16.875 0.00272507
9.5 19.125 0.00304192
9.5 21.375 0.00345422
9.5 23.625 0.00571416
9.5 25.875 0.00589637
9.5 28.125 0.00300686
9.5 30.375 0.00250241
9.5 32.625 0.00334489
9.5 34.875 0.00258728
9.5 37.125 0.00283213
9.5 39.375 0.00265595
9.5 41.625 0.00283206
9.5 43.875 0.00266985
9.7 1.125 0.00285731
9.7 3.375 0.0124927
9.7 5.625 0.00259672
9.7 7.875 0.00261141
9.7 10.125 0.00387346
9.7 12.375 0.00251597
9.7 14.625 0.00292739
9.7 16.875 0.00268695
9.7 19.125 0.00285583
9.7 21.375 0.00294644
9.7 23.625 0.00348517
9.7 25.875 0.00237766
9.7 28.125 0.00235945
9.7 30.375 0.00298593
9.7 32.625 0.0024001
9.7 34.875 0.00330289
9.7 37.125 0.00240515
9.7 39.375 0.00291578
9.7 41.625 0.00265648
9.7 43.875 0.00266118
9.9 1.125 0.00620972
9.9 3.375 0.00280251
9.9 5.625 0.00259901
9.9 7.875 0.00263478
9.9 10.125 0.00291462
9.9 12.375 0.00287813
9.9 14.625 0.00265771
9.9 16.875 0.00335179
9.9 19.125 0.00270295
9.9 21.375 0.0027098
9.9 23.625 0.0024546
9.9 25.875 0.0024889
9.9 28.125 0.00249135
9.9 30.375 0.00273008
9.9 32.625 0.00338083
9.9 34.875 0.00250297
9.9 37.125 0.0190572
9.9 39.375 0.00255128
9.9 41.625 0.0083581
9.9 43.875 0.00265939
10.1 1.125 0.00294127
10.1 3.375 0.00306565
10.1 5.625 0.00296892
10.1 7.875 0.0189858
10.1 10.125 0.00345742
10.1 12.375 0.00248682
10.1 14.625 0.0137825
10.1 16.875 0.00404236
10.1 19.125 0.00636624
10.1 21.375 0.00272075
10.1 23.625 0.00239208
10.1 25.875 0.00711158
10.1 28.125 0.00258009
10.1 30.375 0.0029336
10.1 32.625 0.00300924
10.1 34.875 0.00201651
10.1 37.125 0.00318725
10.1 39.375 0.00250712
10.1 41.625 0.00221724
10.1 43.875 0.00225322
10.3 1.125 0.00522486
10.3 3.375 0.00297367
10.3 5.625 0.00456338
10.3 7.875 0.0312253
10.3 10.125 0.00467302
10.3 12.375 0.00360597
10.3 14.625 0.00258356
10.3 16.875 0.002725
10.3 19.125 0.00213603
10.3 21.375 0.00354742
10.3 23.625 0.00290096
10.3 25.875 0.00249839
10.3 28.125 0.00247204
10.3 30.375 0.00247371
10.3 32.625 0.00229911
10.3 34.875 0.00216678
10.3 37.125 0.00237622
10.3 39.375 0.00260135
10.3 41.625 0.0160251
10.3 43.875 0.00256913
10.5 1.125 0.0124426
10.5 3.375 0.00282176
10.5 5.625 0.00241145
10.5 7.875 0.00235052
10.5 10.125 0.00252655
10.5 12.375 0.00238653
10.5 14.625 0.00509399
10.5 16.875 0.00410404
10.5 19.125 0.00252251
10.5 21.375 0.00276255
10.5 23.625 0.00256146
10.5 25.875 0.00240883
10.5 28.125 0.00271673
10.5 30.375 0.00248846
10.5 32.625 0.00297513
10.5 34.875 0.00290128
10.5 37.125 0.00647734
10.5 39.375 0.00241242
10.5 41.625 0.00253175
10.5 43.875 0.0192999
10.7 1.125 0.00267856
10.7 3.375 0.00263025
10.7 5.625 0.00254646
10.7 7.875 0.00292059
10.7 10.125 0.00330328
10.7 12.375 0.00315278
10.7 14.625 0.0112396
10.7 16.875 0.00282918
10.7 19.125 0.00384657
10.7 21.375 0.00498837
10.7 23.625 0.00258991
10.7 25.875 0.00304586
10.7 28.125 0.00287781
10.7 30.375 0.00231447
10.7 32.625 0.00275579
10.7 34.875 0.00275469
10.7 37.125 0.00252928
10.7 39.375 0.00256644
10.7 41.625 0.00246022
10.7 43.875 0.00268882
10.9 1.125 0.0437404
10.9 3.375 0.00408868
10.9 5.625 0.00346881
10.9 7.875 0.00255175
10.9 10.125 0.00323095
10.9 12.375 0.0167307
10.9 14.625 0.00240834
10.9 16.875 0.00227179
10.9 19.125 0.00287438
10.9 21.375 0.00265555
10.9 23.625 0.00297328
10.9 25.875 0.0258264
10.9 28.125 0.00651407
10.9 30.375 0.00268663
10.9 32.625 0.00277787
10.9 34.875 0.00261627
10.9 37.125 0.0279255
10.9 39.375 0.0025376
10.9 41.625 0.00259515
10.9 43.875 0.00262624
11.1 1.125 0.00247943
11.1 3.375 0.00955791
11.1 5.625 0.0300296
11.1 7.875 0.00383138
11.1 10.125 0.00257083
11.1 12.375 0.00511672
11.1 14.625 0.0192562
11.1 16.875 0.0025836
11.1 19.125 0.00223523
11.1 21.375 0.00268151
11.1 23.625 0.00296454
11.1 25.875 0.0252283
11.1 28.125 0.00373261
11.1 30.375 0.01582
11.1 32.625 0.00218199
11.1 34.875 0.00247707
11.1 37.125 0.00231368
11.1 39.375 0.0024786
11.1 41.625 0.00297586
11.1 43.875 0.00224957
11.3 1.125 0.0042684
11.3 3.375 0.00345992
11.3 5.625 0.00230958
11.3 7.875 0.00430941
11.3 10.125 0.00262176
11.3 12.375 0.0046292
11.3 14.625 0.0252565
11.3 16.875 0.00281166
11.3 19.125 0.00305198
11.3 21.375 0.0149693
11.3 23.625 0.0023117
11.3 25.875 0.00236381
11.3 28.125 0.00292335
11.3 30.375 0.00223424
11.3 32.625 0.00279946
11.3 34.875 0.00244601
11.3 37.125 0.00247619
11.3 39.375 0.00220973
11.3 41.625 0.00239736
11.3 43.875 0.00229161
11.5 1.125 0.00712761
11.5 3.375 0.00304239
11.5 5.625 0.00216591
11.5 7.875 0.00291991
11.5 10.125 0.028169
11.5 12.375 0.00282331
11.5 14.625 0.00334901
11.5 16.875 0.00244431
11.5 19.125 0.0154404
11.5 21.375 0.0140408
11.5 23.625 0.00455752
11.5 25.875 0.00259289
11.5 28.125 0.00270975
11.5 30.375 0.00246883
11.5 32.625 0.0025172
11.5 34.875 0.00251783
11.5 37.125 0.00304488
11.5 39.375 0.00274986
11.5 41.625 0.0050016
11.5 43.875 0.00333711
11.7 1.125 0.02025
11.7 3.375 0.0145148
11.7 5.625 0.00255215
11.7 7.875 0.0033263
11.7 10.125 0.00261479
11.7 12.375 0.016141
11.7 14.625 0.00592815
11.7 16.875 0.00227741
11.7 19.125 0.00235141
11.7 21.375 0.00328081
11.7 23.625 0.00385765
11.7 25.875 0.00267134
11.7 28.125 0.0167259
11.7 30.375 0.0066375
11.7 32.625 0.0235852
11.7 34.875 0.00249773
11.7 37.125 0.0022072
11.7 39.375 0.00801756
11.7 41.625 0.00206215
11.7 43.875 0.00258442
11.9 1.125 0.00266639
11.9 3.375 0.0332065
11.9 5.625 0.00258957
11.9 7.875 0.00272615
11.9 10.125 0.00246148
11.9 12.375 0.00281833
11.9 14.625 0.00229669
11.9 16.875 0.00264874
11.9 19.125 0.0475738
11.9 21.375 0.00233829
11.9 23.625 0.00261687
11.9 25.875 0.00234635
11.9 28.125 0.00205135
11.9 30.375 0.00262604
11.9 32.625 0.00372186
11.9 34.875 0.0045552
11.9 37.125 0.00380657
11.9 39.375 0.00268435
11.9 41.625 0.0199924
11.9 43.875 0.00284034
12.1 1.125 0.00263256
12.1 3.375 0.0587595
12.1 5.625 0.00250454
12.1 7.875 0.0145865
12.1 10.125 0.00275867
12.1 12.375 0.00380955
12.1 14.625 0.00846558
12.1 16.875 0.00226485
12.1 19.125 0.00264807
12.1 21.375 0.00264015
12.1 23.625 0.00301837
12.1 25.875 0.0312887
12.1 28.125 0.00227195
12.1 30.375 0.00297509
12.1 32.625 0.00627285
12.1 34.875 0.00189224
12.1 37.125 0.00256747
12.1 39.375 0.00257596
12.1 41.625 0.00211754
12.1 43.875 0.00279812
12.3 1.125 0.0159466
12.3 3.375 0.00303058
12.3 5.625 0.00230515
12.3 7.875 0.00320564
12.3 10.125 0.00253178
12.3 12.375 0.00253049
12.3 14.625 0.0144289
12.3 16.875 0.00275415
12.3 19.125 0.00297481
12.3 21.375 0.00200474
12.3 23.625 0.0051863
12.3 25.875 0.00815282
12.3 28.125 0.0068625
12.3 30.375 0.00242891
12.3 32.625 0.00228182
12.3 34.875 0.0025696
12.3 37.125 0.00592153
12.3 39.375 0.00401491
12.3 41.625 0.00242518
12.3 43.875 0.00393658
12.5 1.125 0.00207791
12.5 3.375 0.00247225
12.5 5.625 0.00937004
12.5 7.875 0.0315217
12.5 10.125 0.00256831
12.5 12.375 0.0474165
12.5 14.625 0.00402212
12.5 16.875 0.0025514
12.5 19.125 0.00276152
12.5 21.375 0.00224291
12.5 23.625 0.00276894
12.5 25.875 0.00227542
12.5 28.125 0.00334445
12.5 30.375 0.012194
12.5 32.625 0.00285062
12.5 34.875 0.00258228
12.5 37.125 0.00234954
12.5 39.375 0.00531127
12.5 41.625 0.00257454
12.5 43.875 0.00272383
12.7 1.125 0.0251585
12.7 3.375 0.0735021
12.7 5.625 0.0302949
12.7 7.875 0.0558858
12.7 10.125 0.00234382
12.7 12.375 0.00227582
12.7 14.625 0.0350048
12.7 16.875 0.0023207
12.7 19.125 0.00301042
12.7 21.375 0.0267097
12.7 23.625 0.00212079
12.7 25.875 0.00346503
12.7 28.125 0.00211548
12.7 30.375 0.0659528
12.7 32.625 0.0207073
12.7 34.875 0.00275211
12.7 37.125 0.030748
12.7 39.375 0.00222876
12.7 41.625 0.00242745
12.7 43.875 0.0023588
12.9 1.125 0.00273785
12.9 3.375 0.00209536
12.9 5.625 0.00462925
12.9 7.875 0.00194124
12.9 10.125 0.0449008
12.9 12.375 0.0517443
12.9 14.625 0.00873712
12.9 16.875 0.0838408
12.9 19.125 0.00489248
12.9 21.375 0.0142488
12.9 23.625 0.00363546
12.9 25.875 0.00314602
12.9 28.125 0.00324815
12.9 30.375 0.00590073
12.9 32.625 0.00299366
12.9 34.875 0.00586802
12.9 37.125 0.00218152
12.9 39.375 0.00340971
12.9 41.625 0.00256164
12.9 43.875 0.00344678
13.1 1.125 0.0114269
13.1 3.375 0.00284279
13.1 5.625 0.00250867
13.1 7.875 0.00240408
13.1 10.125 0.0279349
13.1 12.375 0.00457756
13.1 14.625 0.0448398
13.1 16.875 0.0327738
13.1 19.125 0.0321233
13.1 21.375 0.002872
13.1 23.625 0.0362271
13.1 25.875 0.0106697
13.1 28.125 0.00559119
13.1 30.375 0.00221687
13.1 32.625 0.00254506
13.1 34.875 0.00252234
13.1 37.125 0.00248677
13.1 39.375 0.00243003
13.1 41.625 0.0165955
13.1 43.875 0.00287946
13.3 1.125 0.00289294
13.3 3.375 0.0542759
13.3 5.625 0.0193555
13.3 7.875 0.00418093
13.3 10.125 0.00668075
13.3 12.375 0.00250831
13.3 14.625 0.00189244
13.3 16.875 0.00503097
13.3 19.125 0.00292663
13.3 21.375 0.0225729
13.3 23.625 0.0020993
13.3 25.875 0.00296382
13.3 28.125 0.00221499
13.3 30.375 0.00586189
13.3 32.625 0.00228886
13.3 34.875 0.00223279
13.3 37.125 0.00288166
13.3 39.375 0.0025608
13.3 41.625 0.00809107
13.3 43.875 0.00220632
13.5 1.125 0.00553408
13.5 3.375 0.00337697
13.5 5.625 0.0525233
13.5 7.875 0.00278179
13.5 10.125 0.00679258
13.5 12.375 0.0209064
13.5 14.625 0.00249511
13.5 16.875 0.00177922
13.5 19.125 0.00214881
13.5 21.375 0.0100097
13.5 23.625 0.0147036
13.5 25.875 0.00254218
13.5 28.125 0.00610575
13.5 30.375 0.00301627
13.5 32.625 0.0020843
13.5 34.875 0.017702
13.5 37.125 0.00290038
13.5 39.375 0.00349053
13.5 41.625 0.018832
13.5 43.875 0.00333385
13.7 1.125 0.00410408
13.7 3.375 0.00284941
13.7 5.625 0.00194764
13.7 7.875 0.00386439
13.7 10.125 0.00545776
13.7 12.375 0.00241614
13.7 14.625 0.00239282
13.7 16.875 0.0331719
13.7 19.125 0.0435399
13.7 21.375 0.00432049
13.7 23.625 0.0193386
13.7 25.875 0.0443811
13.7 28.125 0.00753773
13.7 30.375 0.00369171
13.7 32.625 0.00255805
13.7 34.875 0.00290973
13.7 37.125 0.00220062
13.7 39.375 0.0036873
13.7 41.625 0.0041442
13.7 43.875 0.00236604
13.9 1.125 0.02291
13.9 3.375 0.0610457
13.9 5.625 0.00495195
13.9 7.875 0.0534158
13.9 10.125 0.00203814
13.9 12.375 0.00376355
13.9 14.625 0.0850642
13.9 16.875 0.0497584
13.9 19.125 0.00239002
13.9 21.375 0.00292888
13.9 23.625 0.00686679
13.9 25.875 0.0271126
13.9 28.125 0.0713697
13.9 30.375 0.0378708
13.9 32.625 0.00463249
13.9 34.875 0.00230087
13.9 37.125 0.00275538
13.9 39.375 0.00251949
13.9 41.625 0.00298132
13.9 43.875 0.00386357
