0.1 1.125 4.09105
0.1 5.625 3.57468
0.1 7.875 2.52964
0.1 10.125 2.22474
0.1 12.375 2.63404
0.1 14.625 2.95699
0.1 16.875 3.35586
0.1 19.125 3.08649
0.1 23.625 2.39097
0.1 25.875 3.38205
0.1 28.125 3.26356
0.1 32.625 3.00974
0.1 34.875 3.51675
0.1 39.375 3.62818
0.1 41.625 4.11285
0.1 43.875 3.62148
0.3 1.125 3.90569
0.3 3.375 3.58566
0.3 5.625 4.06825
0.3 7.875 3.91576
0.3 10.125 4.00986
0.3 12.375 3.83549
0.3 14.625 4.09727
0.3 16.875 3.96835
0.3 19.125 4.08413
0.3 21.375 3.9302
0.3 23.625 4.05049
0.3 25.875 4.1064
0.3 28.125 3.94591
0.3 30.375 3.91395
0.3 32.625 4.11036
0.3 34.875 3.94471
0.3 37.125 3.89697
0.3 39.375 3.92476
0.3 41.625 3.91276
0.3 43.875 4.08677
0.5 1.125 3.69372
0.5 3.375 3.65319
0.5 5.625 3.99731
0.5 7.875 3.84895
0.5 10.125 4.0254
0.5 12.375 3.91834
0.5 14.625 4.01282
0.5 16.875 4.01535
0.5 19.125 3.97258
0.5 21.375 3.93234
0.5 23.625 3.82147
0.5 25.875 4.00214
0.5 28.125 4.00584
0.5 30.375 4.00542
0.5 32.625 4.02434
0.5 34.875 3.95711
0.5 37.125 3.96392
0.5 39.375 3.89578
0.5 41.625 3.868
0.5 43.875 3.86792
0.7 1.125 3.34814
0.7 3.375 3.69197
0.7 5.625 3.72002
0.7 7.875 3.8002
0.7 10.125 3.83752
0.7 12.375 3.8027
0.7 14.625 3.80314
0.7 16.875 3.75898
0.7 19.125 3.80305
0.7 21.375 3.67291
0.7 23.625 3.74725
0.7 25.875 3.82978
0.7 28.125 3.80714
0.7 30.375 3.62506
0.7 32.625 3.77535
0.7 34.875 3.78925
0.7 37.125 3.82136
0.7 39.375 3.73182
0.7 41.625 3.73734
0.7 43.875 3.6226
0.9 1.125 3.21356
0.9 3.375 3.31492
0.9 5.625 3.33606
0.9 7.875 3.39334
0.9 10.125 3.28454
0.9 12.375 3.36923
0.9 14.625 3.45035
0.9 16.875 3.41667
0.9 19.125 3.46105
0.9 21.375 3.4541
0.9 23.625 3.47346
0.9 25.875 3.5637
0.9 28.125 3.53721
0.9 30.375 3.52397
0.9 32.625 3.47385
0.9 34.875 3.54896
0.9 37.125 3.63539
0.9 39.375 3.472
0.9 41.625 3.52083
0.9 43.875 3.53144
1.1 1.125 2.51404
1.1 3.375 2.63212
1.1 5.625 2.53494
1.1 7.875 2.57582
1.1 10.125 2.50715
1.1 12.375 2.62301
1.1 14.625 2.51858
1.1 16.875 2.72436
1.1 19.125 2.79682
1.1 21.375 2.74607
1.1 23.625 2.82821
1.1 25.875 2.99589
1.1 28.125 3.04993
1.1 30.375 2.9882
1.1 32.625 3.16571
1.1 34.875 3.2059
1.1 37.125 3.19381
1.1 39.375 3.17812
1.1 41.625 3.30488
1.1 43.875 3.29204
1.3 1.125 1.45952
1.3 3.375 1.49942
1.3 5.625 1.53478
1.3 7.875 1.54853
1.3 10.125 1.6587
1.3 12.375 1.61457
1.3 14.625 1.75641
1.3 16.875 1.84272
1.3 19.125 1.86851
1.3 21.375 1.92147
1.3 23.625 1.98331
1.3 25.875 2.03196
1.3 28.125 2.1724
1.3 30.375 2.33034
1.3 32.625 2.42546
1.3 34.875 2.48312
1.3 37.125 2.60286
1.3 39.375 2.53883
1.3 41.625 2.67088
1.3 43.875 2.79025
1.5 1.125 0.724196
1.5 3.375 0.837679
1.5 5.625 0.802217
1.5 7.875 0.944985
1.5 10.125 0.86337
1.5 12.375 0.887993
1.5 14.625 0.90388
1.5 16.875 0.900491
1.5 19.125 0.98281
1.5 21.375 1.07913
1.5 23.625 1.13228
1.5 25.875 1.13156
1.5 28.125 1.27804
1.5 30.375 1.45192
1.5 32.625 1.54684
1.5 34.875 1.59818
1.5 37.125 1.6068
1.5 39.375 1.79217
1.5 41.625 1.93215
1.5 43.875 1.9705
1.7 1.125 0.439739
1.7 3.375 0.454858
1.7 5.625 0.449777
1.7 7.875 0.473461
1.7 10.125 0.466342
1.7 12.375 0.4881
1.7 14.625 0.491815
1.7 16.875 0.496745
1.7 19.125 0.525057
1.7 21.375 0.537557
1.7 23.625 0.59777
1.7 25.875 0.624443
1.7 28.125 0.636845
1.7 30.375 0.691186
1.7 32.625 0.702441
1.7 34.875 0.798876
1.7 37.125 0.904107
1.7 39.375 0.942101
1.7 41.625 0.998429
1.7 43.875 1.11523
1.9 1.125 0.263996
1.9 3.375 0.273452
1.9 5.625 0.278516
1.9 7.875 0.287938
1.9 10.125 0.298224
1.9 12.375 0.307022
1.9 14.625 0.295586
1.9 16.875 0.310778
1.9 19.125 0.323819
1.9 21.375 0.331989
1.9 23.625 0.349246
1.9 25.875 0.345105
1.9 28.125 0.355394
1.9 30.375 0.380166
1.9 32.625 0.419964
1.9 34.875 0.447611
1.9 37.125 0.478729
1.9 39.375 0.488622
1.9 41.625 0.514394
1.9 43.875 0.52473
2.1 1.125 0.172714
2.1 3.375 0.184549
2.1 5.625 0.179723
2.1 7.875 0.191188
2.1 10.125 0.191232
2.1 12.375 0.196531
2.1 14.625 0.202313
2.1 16.875 0.213256
2.1 19.125 0.20973
2.1 21.375 0.218027
2.1 23.625 0.224206
2.1 25.875 0.232273
2.1 28.125 0.245358
2.1 30.375 0.251974
2.1 32.625 0.277472
2.1 34.875 0.28424
2.1 37.125 0.291178
2.1 39.375 0.30749
2.1 41.625 0.308778
2.1 43.875 0.310282
2.3 1.125 0.140274
2.3 3.375 0.130811
2.3 5.625 0.132007
2.3 7.875 0.136116
2.3 10.125 0.139048
2.3 12.375 0.138151
2.3 14.625 0.139736
2.3 16.875 0.143176
2.3 19.125 0.145366
2.3 21.375 0.144911
2.3 23.625 0.150904
2.3 25.875 0.164849
2.3 28.125 0.163731
2.3 30.375 0.175224
2.3 32.625 0.180886
2.3 34.875 0.182071
2.3 37.125 0.191443
2.3 39.375 0.18968
2.3 41.625 0.193987
2.3 43.875 0.190333
2.5 1.125 0.0974104
2.5 3.375 0.100932
2.5 5.625 0.100997
2.5 7.875 0.106251
2.5 10.125 0.104522
2.5 12.375 0.10226
2.5 14.625 0.102013
2.5 16.875 0.0985132
2.5 19.125 0.11335
2.5 21.375 0.107301
2.5 23.625 0.111249
2.5 25.875 0.114008
2.5 28.125 0.123186
2.5 30.375 0.124787
2.5 32.625 0.13159
2.5 34.875 0.129837
2.5 37.125 0.135551
2.5 39.375 0.127516
2.5 41.625 0.135209
2.5 43.875 0.136899
2.7 1.125 0.0762036
2.7 3.375 0.0749498
2.7 5.625 0.0749785
2.7 7.875 0.0784531
2.7 10.125 0.0741274
2.7 12.375 0.0756588
2.7 14.625 0.0749998
2.7 16.875 0.0748703
2.7 19.125 0.0798195
2.7 21.375 0.081857
2.7 23.625 0.0838446
2.7 25.875 0.0869388
2.7 28.125 0.0911338
2.7 30.375 0.090459
2.7 32.625 0.092763
2.7 34.875 0.0931685
2.7 37.125 0.0918863
2.7 39.375 0.0911112
2.7 41.625 0.0941052
2.7 43.875 0.0939005
2.9 1.125 0.0619056
2.9 3.375 0.0604848
2.9 5.625 0.0604122
2.9 7.875 0.0597827
2.9 10.125 0.0601437
2.9 12.375 0.0581927
2.9 14.625 0.0597548
2.9 16.875 0.0597505
2.9 19.125 0.0632444
2.9 21.375 0.0671718
2.9 23.625 0.0685491
2.9 25.875 0.0671515
2.9 28.125 0.0690129
2.9 30.375 0.0684538
2.9 32.625 0.0689672
2.9 34.875 0.0691021
2.9 37.125 0.0829137
2.9 39.375 0.0687159
2.9 41.625 0.0658355
2.9 43.875 0.0676406
3.1 1.125 0.0469784
3.1 3.375 0.046608
3.1 5.625 0.0467531
3.1 7.875 0.0475711
3.1 10.125 0.0480808
3.1 12.375 0.0485004
3.1 14.625 0.0507778
3.1 16.875 0.0513
3.1 19.125 0.0520332
3.1 21.375 0.0515677
3.1 23.625 0.0539813
3.1 25.875 0.054741
3.1 28.125 0.0560408
3.1 30.375 0.0546309
3.1 32.625 0.0565688
3.1 34.875 0.0559044
3.1 37.125 0.0557415
3.1 39.375 0.0555262
3.1 41.625 0.0540075
3.1 43.875 0.0550879
3.3 1.125 0.0400258
3.3 3.375 0.0386282
3.3 5.625 0.0388253
3.3 7.875 0.0387749
3.3 10.125 0.039559
3.3 12.375 0.0406137
3.3 14.625 0.0408258
3.3 16.875 0.0409019
3.3 19.125 0.0426306
3.3 21.375 0.043185
3.3 23.625 0.0428788
3.3 25.875 0.0461849
3.3 28.125 0.0472432
3.3 30.375 0.0462987
3.3 32.625 0.0433682
3.3 34.875 0.0465759
3.3 37.125 0.0460769
3.3 39.375 0.0457471
3.3 41.625 0.0445328
3.3 43.875 0.0446189
3.5 1.125 0.0334947
3.5 3.375 0.0318556
3.5 5.625 0.033666
3.5 7.875 0.0397322
3.5 10.125 0.0325712
3.5 12.375 0.0322793
3.5 14.625 0.0320197
3.5 16.875 0.0322789
3.5 19.125 0.0359011
3.5 21.375 0.0335769
3.5 23.625 0.0357176
3.5 25.875 0.0361942
3.5 28.125 0.0373258
3.5 30.375 0.0373624
3.5 32.625 0.0363444
3.5 34.875 0.0386302
3.5 37.125 0.0369476
3.5 39.375 0.0374104
3.5 41.625 0.0375283
3.5 43.875 0.0365236
3.7 1.125 0.0281177
3.7 3.375 0.0287512
3.7 5.625 0.0275286
3.7 7.875 0.0277087
3.7 10.125 0.0274012
3.7 12.375 0.0263379
3.7 14.625 0.0273179
3.7 16.875 0.0282659
3.7 19.125 0.0276677
3.7 21.375 0.0293314
3.7 23.625 0.0296256
3.7 25.875 0.0300531
3.7 28.125 0.0308177
3.7 30.375 0.0327754
3.7 32.625 0.0367499
3.7 34.875 0.0305882
3.7 37.125 0.0309433
3.7 39.375 0.0316283
3.7 41.625 0.0401804
3.7 43.875 0.0308888
3.9 1.125 0.023553
3.9 3.375 0.0241356
3.9 5.625 0.0227708
3.9 7.875 0.0232699
3.9 10.125 0.0235621
3.9 12.375 0.0222717
3.9 14.625 0.0247298
3.9 16.875 0.0229772
3.9 19.125 0.0265122
3.9 21.375 0.0249041
3.9 23.625 0.0247842
3.9 25.875 0.0246751
3.9 28.125 0.0259486
3.9 30.375 0.0263512
3.9 32.625 0.0353653
3.9 34.875 0.0263988
3.9 37.125 0.0244812
3.9 39.375 0.0260905
3.9 41.625 0.0254078
3.9 43.875 0.0255443
4.1 1.125 0.0188372
4.1 3.375 0.0205121
4.1 5.625 0.0205
4.1 7.875 0.0195798
4.1 10.125 0.0205442
4.1 12.375 0.01899
4.1 14.625 0.0210918
4.1 16.875 0.021927
4.1 19.125 0.0220086
4.1 21.375 0.0221263
4.1 23.625 0.0212965
4.1 25.875 0.0221467
4.1 28.125 0.0215855
4.1 30.375 0.0218489
4.1 32.625 0.0214264
4.1 34.875 0.0207648
4.1 37.125 0.0202073
4.1 39.375 0.020315
4.1 41.625 0.0202737
4.1 43.875 0.0214019
4.3 1.125 0.0159969
4.3 3.375 0.0166359
4.3 5.625 0.0167509
4.3 7.875 0.0232189
4.3 10.125 0.0178759
4.3 12.375 0.0172794
4.3 14.625 0.0176588
4.3 16.875 0.0184936
4.3 19.125 0.0187096
4.3 21.375 0.0192612
4.3 23.625 0.0181783
4.3 25.875 0.0189857
4.3 28.125 0.0185104
4.3 30.375 0.0177991
4.3 32.625 0.0184941
4.3 34.875 0.0180339
4.3 37.125 0.0182047
4.3 39.375 0.0181786
4.3 41.625 0.0178265
4.3 43.875 0.018641
4.5 1.125 0.0146124
4.5 3.375 0.0141952
4.5 5.625 0.0141617
4.5 7.875 0.0145165
4.5 10.125 0.0151959
4.5 12.375 0.0144463
4.5 14.625 0.0148787
4.5 16.875 0.0197733
4.5 19.125 0.0162925
4.5 21.375 0.0162027
4.5 23.625 0.0165948
4.5 25.875 0.0176489
4.5 28.125 0.0152898
4.5 30.375 0.0160404
4.5 32.625 0.0147831
4.5 34.875 0.0148117
4.5 37.125 0.0152643
4.5 39.375 0.0154843
4.5 41.625 0.0159375
4.5 43.875 0.0147242
4.7 1.125 0.0119193
4.7 3.375 0.0123305
4.7 5.625 0.0123751
4.7 7.875 0.0117657
4.7 10.125 0.0125927
4.7 12.375 0.0135652
4.7 14.625 0.0138242
4.7 16.875 0.013958
4.7 19.125 0.0140283
4.7 21.375 0.014672
4.7 23.625 0.0132652
4.7 25.875 0.0136079
4.7 28.125 0.0138077
4.7 30.375 0.0127848
4.7 32.625 0.0129477
4.7 34.875 0.0125647
4.7 37.125 0.0130909
4.7 39.375 0.0130186
4.7 41.625 0.0127315
4.7 43.875 0.0126036
4.9 1.125 0.0103939
4.9 3.375 0.0111245
4.9 5.625 0.0105101
4.9 7.875 0.0105877
4.9 10.125 0.0104313
4.9 12.375 0.0116419
4.9 14.625 0.0189649
4.9 16.875 0.0113193
4.9 19.125 0.0120082
4.9 21.375 0.0109519
4.9 23.625 0.0114946
4.9 25.875 0.0118437
4.9 28.125 0.0115487
4.9 30.375 0.0115417
4.9 32.625 0.0120883
4.9 34.875 0.0114368
4.9 37.125 0.0116943
4.9 39.375 0.0109551
4.9 41.625 0.0195827
4.9 43.875 0.0112818
5.1 1.125 0.00892464
5.1 3.375 0.00903204
5.1 5.625 0.00945442
5.1 7.875 0.00896657
5.1 10.125 0.00920797
5.1 12.375 0.00983811
5.1 14.625 0.00877424
5.1 16.875 0.00988501
5.1 19.125 0.0100504
5.1 21.375 0.0105205
5.1 23.625 0.0104261
5.1 25.875 0.0103368
5.1 28.125 0.00990366
5.1 30.375 0.00932284
5.1 32.625 0.00979782
5.1 34.875 0.00982414
5.1 37.125 0.010218
5.1 39.375 0.0102134
5.1 41.625 0.00935134
5.1 43.875 0.00934616
5.3 1.125 0.00859138
5.3 3.375 0.00820773
5.3 5.625 0.00843774
5.3 7.875 0.00802583
5.3 10.125 0.00826503
5.3 12.375 0.00877418
5.3 14.625 0.00848328
5.3 16.875 0.0091721
5.3 19.125 0.00944294
5.3 21.375 0.00885818
5.3 23.625 0.00965389
5.3 25.875 0.00907576
5.3 28.125 0.00907709
5.3 30.375 0.00847413
5.3 32.625 0.00895111
5.3 34.875 0.0111505
5.3 37.125 0.00904253
5.3 39.375 0.0081981
5.3 41.625 0.00870999
5.3 43.875 0.0089034
5.5 1.125 0.00725093
5.5 3.375 0.0076882
5.5 5.625 0.0073805
5.5 7.875 0.00773803
5.5 10.125 0.00743704
5.5 12.375 0.00759779
5.5 14.625 0.00830977
5.5 16.875 0.00786914
5.5 19.125 0.0074961
5.5 21.375 0.0104758
5.5 23.625 0.00799515
5.5 25.875 0.00813155
5.5 28.125 0.00766755
5.5 30.375 0.0083413
5.5 32.625 0.007982
5.5 34.875 0.0112427
5.5 37.125 0.00831239
5.5 39.375 0.00785973
5.5 41.625 0.00775676
5.5 43.875 0.00745404
5.7 1.125 0.00637131
5.7 3.375 0.00664898
5.7 5.625 0.00630903
5.7 7.875 0.00644229
5.7 10.125 0.00679177
5.7 12.375 0.00654072
5.7 14.625 0.00696114
5.7 16.875 0.00667923
5.7 19.125 0.00731186
5.7 21.375 0.00789733
5.7 23.625 0.00762285
5.7 25.875 0.00709976
5.7 28.125 0.00706278
5.7 30.375 0.00765935
5.7 32.625 0.00714041
5.7 34.875 0.00705601
5.7 37.125 0.00671836
5.7 39.375 0.00677895
5.7 41.625 0.010413
5.7 43.875 0.00664697
5.9 1.125 0.0114644
5.9 3.375 0.00593676
5.9 5.625 0.00557692
5.9 7.875 0.00584524
5.9 10.125 0.0061925
5.9 12.375 0.00604111
5.9 14.625 0.00623806
5.9 16.875 0.00679595
5.9 19.125 0.00662943
5.9 21.375 0.00630884
5.9 23.625 0.00642872
5.9 25.875 0.00678834
5.9 28.125 0.00595676
5.9 30.375 0.00637029
5.9 32.625 0.00678845
5.9 34.875 0.00601467
5.9 37.125 0.00646164
5.9 39.375 0.00611206
5.9 41.625 0.00620561
5.9 43.875 0.0123677
6.1 1.125 0.00538036
6.1 3.375 0.00840847
6.1 5.625 0.0133145
6.1 7.875 0.0051286
6.1 10.125 0.0056226
6.1 12.375 0.0066994
6.1 14.625 0.00609802
6.1 16.875 0.00593299
6.1 19.125 0.0136848
6.1 21.375 0.00590468
6.1 23.625 0.00602812
6.1 25.875 0.00569673
6.1 28.125 0.00580394
6.1 30.375 0.0054527
6.1 32.625 0.00538439
6.1 34.875 0.00580104
6.1 37.125 0.00538491
6.1 39.375 0.00595742
6.1 41.625 0.00558939
6.1 43.875 0.00545274
6.3 1.125 0.0051444
6.3 3.375 0.00497435
6.3 5.625 0.00458376
6.3 7.875 0.00499183
6.3 10.125 0.0141739
6.3 12.375 0.00580813
6.3 14.625 0.00529754
6.3 16.875 0.00560577
6.3 19.125 0.00548359
6.3 21.375 0.00593955
6.3 23.625 0.00488151
6.3 25.875 0.00522301
6.3 28.125 0.00528152
6.3 30.375 0.0050965
6.3 32.625 0.00502295
6.3 34.875 0.00517548
6.3 37.125 0.0101825
6.3 39.375 0.00519491
6.3 41.625 0.00552728
6.3 43.875 0.0056378
6.5 1.125 0.00458071
6.5 3.375 0.00460579
6.5 5.625 0.00463914
6.5 7.875 0.00447461
6.5 10.125 0.00478052
6.5 12.375 0.00495669
6.5 14.625 0.00465583
6.5 16.875 0.00502228
6.5 19.125 0.00487368
6.5 21.375 0.00480091
6.5 23.625 0.00512205
6.5 25.875 0.00458073
6.5 28.125 0.00471229
6.5 30.375 0.00472773
6.5 32.625 0.00484357
6.5 34.875 0.00497757
6.5 37.125 0.00484334
6.5 39.375 0.00452961
6.5 41.625 0.00486705
6.5 43.875 0.00458675
6.7 1.125 0.00396542
6.7 3.375 0.00439717
6.7 5.625 0.00701645
6.7 7.875 0.0174021
6.7 10.125 0.00436251
6.7 12.375 0.00924374
6.7 14.625 0.00453758
6.7 16.875 0.00474835
6.7 19.125 0.00452934
6.7 21.375 0.00469673
6.7 23.625 0.00458448
6.7 25.875 0.00425758
6.7 28.125 0.004159
6.7 30.375 0.00447481
6.7 32.625 0.00436891
6.7 34.875 0.00446025
6.7 37.125 0.00429117
6.7 39.375 0.00457922
6.7 41.625 0.0115454
6.7 43.875 0.00427876
6.9 1.125 0.0038202
6.9 3.375 0.00384587
6.9 5.625 0.00455555
6.9 7.875 0.00401101
6.9 10.125 0.00412838
6.9 12.375 0.00425121
6.9 14.625 0.00409596
6.9 16.875 0.00419267
6.9 19.125 0.00414919
6.9 21.375 0.00412641
6.9 23.625 0.00406556
6.9 25.875 0.00441391
6.9 28.125 0.00412392
6.9 30.375 0.00388438
6.9 32.625 0.0121461
6.9 34.875 0.00473921
6.9 37.125 0.00439134
6.9 39.375 0.0043532
6.9 41.625 0.00412035
6.9 43.875 0.00445969
7.1 1.125 0.00348668
7.1 3.375 0.00389405
7.1 5.625 0.00382019
7.1 7.875 0.00386885
7.1 10.125 0.00401083
7.1 12.375 0.00373002
7.1 14.625 0.00405556
7.1 16.875 0.00386619
7.1 19.125 0.00445545
7.1 21.375 0.00453223
7.1 23.625 0.0036593
7.1 25.875 0.00382749
7.1 28.125 0.00389865
7.1 30.375 0.00397418
7.1 32.625 0.00492328
7.1 34.875 0.00397716
7.1 37.125 0.00739992
7.1 39.375 0.00406788
7.1 41.625 0.00386717
7.1 43.875 0.00370039
7.3 1.125 0.00361033
7.3 3.375 0.00338848
7.3 5.625 0.00428589
7.3 7.875 0.00400808
7.3 10.125 0.0147774
7.3 12.375 0.00369838
7.3 14.625 0.00385621
7.3 16.875 0.00388047
7.3 19.125 0.00358224
7.3 21.375 0.00360066
7.3 23.625 0.00372352
7.3 25.875 0.00902313
7.3 28.125 0.00377498
7.3 30.375 0.00381417
7.3 32.625 0.00352915
7.3 34.875 0.00381424
7.3 37.125 0.00544835
7.3 39.375 0.00347095
7.3 41.625 0.0034739
7.3 43.875 0.00377871
7.5 1.125 0.014871
7.5 3.375 0.00347435
7.5 5.625 0.00322235
7.5 7.875 0.00341316
7.5 10.125 0.00350586
7.5 12.375 0.00480561
7.5 14.625 0.00327653
7.5 16.875 0.00328024
7.5 19.125 0.00348357
7.5 21.375 0.00348188
7.5 23.625 0.00379958
7.5 25.875 0.003475
7.5 28.125 0.00342215
7.5 30.375 0.00322761
7.5 32.625 0.00338126
7.5 34.875 0.00405727
7.5 37.125 0.00366131
7.5 39.375 0.0037743
7.5 41.625 0.00336616
7.5 43.875 0.00358552
7.7 1.125 0.00334539
7.7 3.375 0.00360857
7.7 5.625 0.00352614
7.7 7.875 0.00324423
7.7 10.125 0.0035816
7.7 12.375 0.00352998
7.7 14.625 0.00334382
7.7 16.875 0.00353547
7.7 19.125 0.00351428
7.7 21.375 0.00326311
7.7 23.625 0.00561836
7.7 25.875 0.00333753
7.7 28.125 0.00316524
7.7 30.375 0.0037109
7.7 32.625 0.00342199
7.7 34.875 0.00349496
7.7 37.125 0.0035495
7.7 39.375 0.00333456
7.7 41.625 0.0034271
7.7 43.875 0.00353797
7.9 1.125 0.00327085
7.9 3.375 0.00318785
7.9 5.625 0.0102943
7.9 7.875 0.00325351
7.9 10.125 0.00322498
7.9 12.375 0.00307955
7.9 14.625 0.00491975
7.9 16.875 0.00407364
7.9 19.125 0.00339137
7.9 21.375 0.00348952
7.9 23.625 0.00313778
7.9 25.875 0.00328499
7.9 28.125 0.00310822
7.9 30.375 0.0034379
7.9 32.625 0.00328434
7.9 34.875 0.0120088
7.9 37.125 0.00338428
7.9 39.375 0.00309232
7.9 41.625 0.00349705
7.9 43.875 0.00314568
8.1 1.125 0.00295594
8.1 3.375 0.00313521
8.1 5.625 0.00315681
8.1 7.875 0.00288405
8.1 10.125 0.00305844
8.1 12.375 0.00289375
8.1 14.625 0.00308292
8.1 16.875 0.00335898
8.1 19.125 0.00294748
8.1 21.375 0.00335283
8.1 23.625 0.00273559
8.1 25.875 0.00704724
8.1 28.125 0.00347581
8.1 30.375 0.00336581
8.1 32.625 0.00303467
8.1 34.875 0.00306342
8.1 37.125 0.00297133
8.1 39.375 0.00300041
8.1 41.625 0.00322823
8.1 43.875 0.00284876
8.3 1.125 0.00487026
8.3 3.375 0.0026976
8.3 5.625 0.00278311
8.3 7.875 0.00287003
8.3 10.125 0.00297076
8.3 12.375 0.00298454
8.3 14.625 0.00303054
8.3 16.875 0.00285926
8.3 19.125 0.00333581
8.3 21.375 0.00319015
8.3 23.625 0.00320234
8.3 25.875 0.0032426
8.3 28.125 0.00326117
8.3 30.375 0.00321
8.3 32.625 0.0027374
8.3 34.875 0.00295365
8.3 37.125 0.0027728
8.3 39.375 0.00291228
8.3 41.625 0.00300203
8.3 43.875 0.00289131
8.5 1.125 0.010677
8.5 3.375 0.00273348
8.5 5.625 0.00267561
8.5 7.875 0.00292607
8.5 10.125 0.00325593
8.5 12.375 0.00313841
8.5 14.625 0.00540777
8.5 16.875 0.0124084
8.5 19.125 0.0028902
8.5 21.375 0.00299278
8.5 23.625 0.00305254
8.5 25.875 0.00322945
8.5 28.125 0.00294433
8.5 30.375 0.00294527
8.5 32.625 0.00268207
8.5 34.875 0.00267259
8.5 37.125 0.00353378
8.5 39.375 0.00272986
8.5 41.625 0.00316144
8.5 43.875 0.00313286
8.7 1.125 0.00289333
8.7 3.375 0.00327228
8.7 5.625 0.00271889
8.7 7.875 0.00278688
8.7 10.125 0.00469753
8.7 12.375 0.00297365
8.7 14.625 0.00292608
8.7 16.875 0.00288659
8.7 19.125 0.00258563
8.7 21.375 0.00307555
8.7 23.625 0.00259356
8.7 25.875 0.00293263
8.7 28.125 0.002794
8.7 30.375 0.00259831
8.7 32.625 0.00297794
8.7 34.875 0.00283066
8.7 37.125 0.00280677
8.7 39.375 0.00276458
8.7 41.625 0.00717914
8.7 43.875 0.0030588
8.9 1.125 0.00628741
8.9 3.375 0.00252049
8.9 5.625 0.00365985
8.9 7.875 0.00277662
8.9 10.125 0.00277403
8.9 12.375 0.00247454
8.9 14.625 0.00313179
8.9 16.875 0.0034829
8.9 19.125 0.0025805
8.9 21.375 0.00272419
8.9 23.625 0.00245841
8.9 25.875 0.00262965
8.9 28.125 0.00270124
8.9 30.375 0.00294976
8.9 32.625 0.00286591
8.9 34.875 0.00271781
8.9 37.125 0.00292233
8.9 39.375 0.00314514
8.9 41.625 0.00273234
8.9 43.875 0.00300276
9.1 1.125 0.00259448
9.1 3.375 0.00255874
9.1 5.625 0.00405959
9.1 7.875 0.00337942
9.1 10.125 0.00295433
9.1 12.375 0.00276709
9.1 14.625 0.00304316
9.1 16.875 0.00277466
9.1 19.125 0.00271082
9.1 21.375 0.00246307
9.1 23.625 0.00269878
9.1 25.875 0.0029654
9.1 28.125 0.00274546
9.1 30.375 0.00262626
9.1 32.625 0.0175992
9.1 34.875 0.0026179
9.1 37.125 0.00266514
9.1 39.375 0.00252984
9.1 41.625 0.0024533
9.1 43.875 0.00281798
9.3 1.125 0.00239233
9.3 3.375 0.00239758
9.3 5.625 0.00250561
9.3 7.875 0.00265793
9.3 10.125 0.00264151
9.3 12.375 0.00270605
9.3 14.625 0.015318
9.3 16.875 0.00273288
9.3 19.125 0.00323851
9.3 21.375 0.00274303
9.3 23.625 0.00251594
9.3 25.875 0.00268448
9.3 28.125 0.00494349
9.3 30.375 0.00282684
9.3 32.625 0.00283898
9.3 34.875 0.00240488
9.3 37.125 0.00238397
9.3 39.375 0.0032292
9.3 41.625 0.00265221
9.3 43.875 0.0027345
9.5 1.125 0.00271922
9.5 3.375 0.00254074
9.5 5.625 0.0032424
9.5 7.875 0.00268803
9.5 10.125 0.00270817
9.5 12.375 0.00291688
9.5 14.625 0.00254896
9.5 16.875 0.00272846
9.5 19.125 0.00231755
9.5 21.375 0.00282343
9.5 23.625 0.00253417
9.5 25.875 0.00341724
9.5 28.125 0.00250724
9.5 30.375 0.00334296
9.5 32.625 0.00272854
9.5 34.875 0.00260218
9.5 37.125 0.00276326
9.5 39.375 0.00258718
9.5 41.625 0.0048933
9.5 43.875 0.00247436
9.7 1.125 0.00257648
9.7 3.375 0.00267324
9.7 5.625 0.0034566
9.7 7.875 0.00262403
9.7 10.125 0.00295658
9.7 12.375 0.00246555
9.7 14.625 0.00247282
9.7 16.875 0.00239204
9.7 19.125 0.00231052
9.7 21.375 0.0036922
9.7 23.625 0.00273661
9.7 25.875 0.026288
9.7 28.125 0.0026793
9.7 30.375 0.00267449
9.7 32.625 0.00267677
9.7 34.875 0.002668
9.7 37.125 0.00267462
9.7 39.375 0.00240729
9.7 41.625 0.00237661
9.7 43.875 0.0025928
9.9 1.125 0.00336421
9.9 3.375 0.00255795
9.9 5.625 0.00258169
9.9 7.875 0.0220974
9.9 10.125 0.00260935
9.9 12.375 0.00239408
9.9 14.625 0.00221366
9.9 16.875 0.00241425
9.9 19.125 0.00241586
9.9 21.375 0.00224171
9.9 23.625 0.00279298
9.9 25.875 0.00290505
9.9 28.125 0.00247596
9.9 30.375 0.00236114
9.9 32.625 0.00243088
9.9 34.875 0.00265424
9.9 37.125 0.00249469
9.9 39.375 0.00271204
9.9 41.625 0.00286282
9.9 43.875 0.00247437
10.1 1.125 0.00226049
10.1 3.375 0.00235331
10.1 5.625 0.0110854
10.1 7.875 0.00996739
10.1 10.125 0.00278839
10.1 12.375 0.00251688
10.1 14.625 0.00248452
10.1 16.875 0.00255331
10.1 19.125 0.00274604
10.1 21.375 0.00262278
10.1 23.625 0.00238966
10.1 25.875 0.00247669
10.1 28.125 0.00295323
10.1 30.375 0.00259327
10.1 32.625 0.0025765
10.1 34.875 0.00247152
10.1 37.125 0.00282066
10.1 39.375 0.00242685
10.1 41.625 0.00251877
10.1 43.875 0.00289903
10.3 1.125 0.00239064
10.3 3.375 0.00250537
10.3 5.625 0.00247916
10.3 7.875 0.00286157
10.3 10.125 0.00231226
10.3 12.375 0.00317457
10.3 14.625 0.0026071
10.3 16.875 0.00248748
10.3 19.125 0.00238068
10.3 21.375 0.0181631
10.3 23.625 0.00245277
10.3 25.875 0.00273804
10.3 28.125 0.00253278
10.3 30.375 0.00284687
10.3 32.625 0.00212734
10.3 34.875 0.0251643
10.3 37.125 0.00225922
10.3 39.375 0.00254831
10.3 41.625 0.00235376
10.3 43.875 0.00288115
10.5 1.125 0.0214621
10.5 3.375 0.00269483
10.5 5.625 0.00223181
10.5 7.875 0.00244934
10.5 10.125 0.00282574
10.5 12.375 0.00306245
10.5 14.625 0.00233339
10.5 16.875 0.00261023
10.5 19.125 0.00236506
10.5 21.375 0.002366
10.5 23.625 0.00234039
10.5 25.875 0.00218261
10.5 28.125 0.00241442
10.5 30.375 0.00250412
10.5 32.625 0.00229516
10.5 34.875 0.00238638
10.5 37.125 0.00265646
10.5 39.375 0.00354177
10.5 41.625 0.00232022
10.5 43.875 0.00263056
10.7 1.125 0.00247302
10.7 3.375 0.00239569
10.7 5.625 0.00206498
10.7 7.875 0.00253511
10.7 10.125 0.00242674
10.7 12.375 0.00275888
10.7 14.625 0.00243952
10.7 16.875 0.00231103
10.7 19.125 0.00252679
10.7 21.375 0.00281927
10.7 23.625 0.00237613
10.7 25.875 0.00212735
10.7 28.125 0.00235426
10.7 30.375 0.00242771
10.7 32.625 0.00312284
10.7 34.875 0.00226522
10.7 37.125 0.00255394
10.7 39.375 0.00276102
10.7 41.625 0.00281659
10.7 43.875 0.00235243
10.9 1.125 0.00226137
10.9 3.375 0.00220139
10.9 5.625 0.0026329
10.9 7.875 0.00217793
10.9 10.125 0.00235692
10.9 12.375 0.00276266
10.9 14.625 0.00464547
10.9 16.875 0.00254392
10.9 19.125 0.00585863
10.9 21.375 0.00590849
10.9 23.625 0.00238824
10.9 25.875 0.00213194
10.9 28.125 0.002407
10.9 30.375 0.00225173
10.9 32.625 0.0259438
10.9 34.875 0.00295441
10.9 37.125 0.0200181
10.9 39.375 0.0020867
10.9 41.625 0.00353784
10.9 43.875 0.00247914
11.1 1.125 0.00802268
11.1 3.375 0.0020285
11.1 5.625 0.00238514
11.1 7.875 0.00269247
11.1 10.125 0.00228294
11.1 12.375 0.00219358
11.1 14.625 0.0026009
11.1 16.875 0.00202532
11.1 19.125 0.00219978
11.1 21.375 0.00234465
11.1 23.625 0.00419459
11.1 25.875 0.00199773
11.1 28.125 0.00221813
11.1 30.375 0.00237772
11.1 32.625 0.0280637
11.1 34.875 0.00253613
11.1 37.125 0.00384503
11.1 39.375 0.00262679
11.1 41.625 0.00250462
11.1 43.875 0.00245427
11.3 1.125 0.00490838
11.3 3.375 0.00388545
11.3 5.625 0.00233814
11.3 7.875 0.0294331
11.3 10.125 0.00232428
11.3 12.375 0.0140168
11.3 14.625 0.00208195
11.3 16.875 0.00247693
11.3 19.125 0.00407988
11.3 21.375 0.00218541
11.3 23.625 0.00253848
11.3 25.875 0.00295587
11.3 28.125 0.00240977
11.3 30.375 0.00199483
11.3 32.625 0.0026501
11.3 34.875 0.00217237
11.3 37.125 0.00311262
11.3 39.375 0.00215739
11.3 41.625 0.00231001
11.3 43.875 0.00272205
11.5 1.125 0.00269762
11.5 3.375 0.00204145
11.5 5.625 0.00255336
11.5 7.875 0.00263386
11.5 10.125 0.00256391
11.5 12.375 0.00227889
11.5 14.625 0.00275391
11.5 16.875 0.00224933
11.5 19.125 0.00196097
11.5 21.375 0.00252891
11.5 23.625 0.00978501
11.5 25.875 0.00282563
11.5 28.125 0.00209561
11.5 30.375 0.00243239
11.5 32.625 0.00265813
11.5 34.875 0.00252574
11.5 37.125 0.00259794
11.5 39.375 0.00232286
11.5 41.625 0.00236685
11.5 43.875 0.00239018
11.7 1.125 0.00207813
11.7 3.375 0.00238628
11.7 5.625 0.0020725
11.7 7.875 0.00242228
11.7 10.125 0.00280725
11.7 12.375 0.00371765
11.7 14.625 0.0032853
11.7 16.875 0.0023726
11.7 19.125 0.00185601
11.7 21.375 0.00212727
11.7 23.625 0.00244683
11.7 25.875 0.00218747
11.7 28.125 0.0295856
11.7 30.375 0.00204382
11.7 32.625 0.00268081
11.7 34.875 0.00259418
11.7 37.125 0.00184013
11.7 39.375 0.00235698
11.7 41.625 0.00304608
11.7 43.875 0.00270627
11.9 1.125 0.0021242
11.9 3.375 0.0021917
11.9 5.625 0.0278817
11.9 7.875 0.00199964
11.9 10.125 0.0245549
11.9 12.375 0.0021948
11.9 14.625 0.00220835
11.9 16.875 0.0026468
11.9 19.125 0.00638986
11.9 21.375 0.00263102
11.9 23.625 0.00252264
11.9 25.875 0.00230757
11.9 28.125 0.00247082
11.9 30.375 0.00344766
11.9 32.625 0.00228665
11.9 34.875 0.002329
11.9 37.125 0.00207417
11.9 39.375 0.00263755
11.9 41.625 0.00269205
11.9 43.875 0.00224721
12.1 1.125 0.00198118
12.1 3.375 0.00286329
12.1 5.625 0.00245885
12.1 7.875 0.00190762
12.1 10.125 0.00228722
12.1 12.375 0.00194137
12.1 14.625 0.00232211
12.1 16.875 0.00312849
12.1 19.125 0.00246639
12.1 21.375 0.00339452
12.1 23.625 0.00222296
12.1 25.875 0.00210101
12.1 28.125 0.00243996
12.1 30.375 0.00205808
12.1 32.625 0.00222671
12.1 34.875 0.0371164
12.1 37.125 0.00727102
12.1 39.375 0.0022264
12.1 41.625 0.00242485
12.1 43.875 0.00311321
12.3 1.125 0.00203237
12.3 3.375 0.0463762
12.3 5.625 0.00234906
12.3 7.875 0.00347194
12.3 10.125 0.00298126
12.3 12.375 0.00212963
12.3 14.625 0.00221213
12.3 16.875 0.0234049
12.3 19.125 0.00248725
12.3 21.375 0.0376746
12.3 23.625 0.00281255
12.3 25.875 0.00294259
12.3 28.125 0.0158304
12.3 30.375 0.00246882
12.3 32.625 0.0214531
12.3 34.875 0.00279621
12.3 37.125 0.00216405
12.3 39.375 0.00214193
12.3 41.625 0.00207716
12.3 43.875 0.00285781
12.5 1.125 0.00218682
12.5 3.375 0.00240469
12.5 5.625 0.021138
12.5 7.875 0.00316336
12.5 10.125 0.00222231
12.5 12.375 0.00208756
12.5 14.625 0.00370324
12.5 16.875 0.0462426
12.5 19.125 0.00234943
12.5 21.375 0.0113529
12.5 23.625 0.00222216
12.5 25.875 0.0122748
12.5 28.125 0.00234267
12.5 30.375 0.00202452
12.5 32.625 0.00216536
12.5 34.875 0.00230855
12.5 37.125 0.00217524
12.5 39.375 0.0053144
12.5 41.625 0.00238658
12.5 43.875 0.0186983
12.7 1.125 0.00240201
12.7 3.375 0.00238051
12.7 5.625 0.00297993
12.7 7.875 0.00219356
12.7 10.125 0.00203301
12.7 12.375 0.00214242
12.7 14.625 0.00353059
12.7 16.875 0.00250727
12.7 19.125 0.00253247
12.7 21.375 0.00205917
12.7 23.625 0.00203073
12.7 25.875 0.0031256
12.7 28.125 0.00238405
12.7 30.375 0.00218717
12.7 32.625 0.032588
12.7 34.875 0.00235582
12.7 37.125 0.00218794
12.7 39.375 0.00236178
12.7 41.625 0.00235907
12.7 43.875 0.00350113
12.9 1.125 0.00330107
12.9 3.375 0.00205495
12.9 5.625 0.00327621
12.9 7.875 0.00356933
12.9 10.125 0.00246031
12.9 12.375 0.00203083
12.9 14.625 0.00246109
12.9 16.875 0.00293929
12.9 19.125 0.00413065
12.9 21.375 0.00169729
12.9 23.625 0.00214879
12.9 25.875 0.00246548
12.9 28.125 0.00306138
12.9 30.375 0.00430834
12.9 32.625 0.00194829
12.9 34.875 0.00234107
12.9 37.125 0.00290964
12.9 39.375 0.00297372
12.9 41.625 0.00215493
12.9 43.875 0.00318008
13.1 1.125 0.0022
13.1 3.375 0.00202615
13.1 5.625 0.00215916
13.1 7.875 0.0019599
13.1 10.125 0.0448937
13.1 12.375 0.00220105
13.1 14.625 0.00258789
13.1 16.875 0.00308326
13.1 19.125 0.00204869
13.1 21.375 0.00213367
13.1 23.625 0.00393732
13.1 25.875 0.00905778
13.1 28.125 0.00240811
13.1 30.375 0.00465983
13.1 32.625 0.00253362
13.1 34.875 0.0025061
13.1 37.125 0.0163706
13.1 39.375 0.00262487
13.1 41.625 0.00233252
13.1 43.875 0.00267274
13.3 1.125 0.00187912
13.3 3.375 0.00280867
13.3 5.625 0.00580046
13.3 7.875 0.00204981
13.3 10.125 0.00287137
13.3 12.375 0.00174593
13.3 14.625 0.00206443
13.3 16.875 0.00233195
13.3 19.125 0.00225103
13.3 21.375 0.00240296
13.3 23.625 0.00706285
13.3 25.875 0.00320449
13.3 28.125 0.00277848
13.3 30.375 0.0350935
13.3 32.625 0.0304827
13.3 34.875 0.00313254
13.3 37.125 0.00225363
13.3 39.375 0.00673957
13.3 41.625 0.00223811
13.3 43.875 0.00265906
13.5 1.125 0.018465
13.5 3.375 0.00187986
13.5 5.625 0.00238356
13.5 7.875 0.00228292
13.5 10.125 0.00185091
13.5 12.375 0.00286822
13.5 14.625 0.00544466
13.5 16.875 0.00618917
13.5 19.125 0.00266235
13.5 21.375 0.00221226
13.5 23.625 0.00240978
13.5 25.875 0.00259472
13.5 28.125 0.00275672
13.5 30.375 0.0027384
13.5 32.625 0.0649368
13.5 34.875 0.00218013
13.5 37.125 0.00250902
13.5 39.375 0.00222521
13.5 41.625 0.00225993
13.5 43.875 0.00232022
13.7 1.125 0.0118303
13.7 3.375 0.00201302
13.7 5.625 0.00303372
13.7 7.875 0.00282104
13.7 10.125 0.0351011
13.7 12.375 0.00263659
13.7 14.625 0.0371038
13.7 16.875 0.00266705
13.7 19.125 0.00226101
13.7 21.375 0.0483327
13.7 23.625 0.00271587
13.7 25.875 0.00598422
13.7 28.125 0.003724
13.7 30.375 0.00340145
13.7 32.625 0.00223532
13.7 34.875 0.00306631
13.7 37.125 0.00869661
13.7 39.375 0.00225818
13.7 41.625 0.00258693
13.7 43.875 0.0110827
13.9 1.125 0.00214366
13.9 3.375 0.00241059
13.9 5.625 0.00163769
13.9 7.875 0.0033276
13.9 10.125 0.0534132
13.9 12.375 0.00268978
13.9 14.625 0.00217003
13.9 16.875 0.00248758
13.9 19.125 0.00698087
13.9 21.375 0.00315717
13.9 23.625 0.00675811
13.9 25.875 0.00271045
13.9 28.125 0.0087397
13.9 30.375 0.00206142
13.9 32.625 0.0461027
13.9 34.875 0.00315287
13.9 37.125 0.00223014
13.9 39.375 0.00252667
13.9 41.625 0.00217703
13.9 43.875 0.00210507
