0.1 1.125 0.836687
0.1 23.625 0.830178
0.1 34.875 0.848749
0.3 1.125 0.799556
0.3 3.375 0.832086
0.3 5.625 0.850473
0.3 7.875 0.850976
0.3 10.125 0.77435
0.3 12.375 0.823082
0.3 14.625 0.805878
0.3 16.875 0.825885
0.3 19.125 0.827402
0.3 21.375 0.827989
0.3 23.625 0.818899
0.3 25.875 0.831627
0.3 28.125 0.839568
0.3 30.375 0.829612
0.3 32.625 0.824903
0.3 34.875 0.816702
0.3 37.125 0.785589
0.3 39.375 0.820268
0.5 1.125 0.791405
0.5 3.375 0.798561
0.5 5.625 0.817451
0.5 7.875 0.804225
0.5 10.125 0.803284
0.5 12.375 0.811346
0.5 14.625 0.776805
0.5 16.875 0.800115
0.5 19.125 0.810978
0.5 21.375 0.781542
0.5 23.625 0.802864
0.5 25.875 0.789985
0.5 28.125 0.790059
0.5 30.375 0.796579
0.5 32.625 0.801524
0.5 34.875 0.787996
0.5 37.125 0.788543
0.5 39.375 0.771506
0.5 41.625 0.80626
0.5 43.875 0.800443
0.7 1.125 0.733157
0.7 3.375 0.785006
0.7 5.625 0.781024
0.7 7.875 0.784954
0.7 10.125 0.74632
0.7 12.375 0.748476
0.7 14.625 0.760076
0.7 16.875 0.739507
0.7 19.125 0.76115
0.7 21.375 0.720115
0.7 23.625 0.768958
0.7 25.875 0.745148
0.7 28.125 0.783674
0.7 30.375 0.752866
0.7 32.625 0.760141
0.7 34.875 0.730499
0.7 37.125 0.735616
0.7 39.375 0.744061
0.7 41.625 0.767226
0.7 43.875 0.759498
0.9 1.125 0.693286
0.9 3.375 0.687439
0.9 5.625 0.685086
0.9 7.875 0.683665
0.9 10.125 0.693841
0.9 12.375 0.677063
0.9 14.625 0.679518
0.9 16.875 0.674785
0.9 19.125 0.681162
0.9 21.375 0.663469
0.9 23.625 0.687204
0.9 25.875 0.683537
0.9 28.125 0.652155
0.9 30.375 0.689815
0.9 32.625 0.692835
0.9 34.875 0.68007
0.9 37.125 0.712012
0.9 39.375 0.701473
0.9 41.625 0.705411
0.9 43.875 0.702438
1.1 1.125 0.535631
1.1 3.375 0.563965
1.1 5.625 0.514102
1.1 7.875 0.542174
1.1 10.125 0.528118
1.1 12.375 0.564655
1.1 14.625 0.577494
1.1 16.875 0.488388
1.1 19.125 0.570024
1.1 21.375 0.557967
1.1 23.625 0.565776
1.1 25.875 0.530586
1.1 28.125 0.5784
1.1 30.375 0.612503
1.1 32.625 0.626259
1.1 34.875 0.614125
1.1 37.125 0.61414
1.1 39.375 0.668123
1.1 41.625 0.624769
1.1 43.875 0.61811
1.3 1.125 0.345866
1.3 3.375 0.364042
1.3 5.625 0.360126
1.3 7.875 0.347328
1.3 10.125 0.354542
1.3 12.375 0.341166
1.3 14.625 0.400787
1.3 16.875 0.372915
1.3 19.125 0.498692
1.3 21.375 0.38839
1.3 23.625 0.413838
1.3 25.875 0.439159
1.3 28.125 0.438326
1.3 30.375 0.428202
1.3 32.625 0.462653
1.3 34.875 0.501178
1.3 37.125 0.507086
1.3 39.375 0.538245
1.3 41.625 0.537673
1.3 43.875 0.566932
1.5 1.125 0.200771
1.5 3.375 0.179896
1.5 5.625 0.190133
1.5 7.875 0.20033
1.5 10.125 0.21597
1.5 12.375 0.251529
1.5 14.625 0.229518
1.5 16.875 0.253974
1.5 19.125 0.277965
1.5 21.375 0.220293
1.5 23.625 0.294232
1.5 25.875 0.303658
1.5 28.125 0.330678
1.5 30.375 0.306452
1.5 32.625 0.326366
1.5 34.875 0.334454
1.5 37.125 0.361311
1.5 39.375 0.34905
1.5 41.625 0.378774
1.5 43.875 0.397444
1.7 1.125 0.107333
1.7 3.375 0.112416
1.7 5.625 0.115704
1.7 7.875 0.113966
1.7 10.125 0.124083
1.7 12.375 0.122335
1.7 14.625 0.140764
1.7 16.875 0.158759
1.7 19.125 0.146355
1.7 21.375 0.127281
1.7 23.625 0.161614
1.7 25.875 0.146843
1.7 28.125 0.164434
1.7 30.375 0.181298
1.7 32.625 0.18374
1.7 34.875 0.191753
1.7 37.125 0.216847
1.7 39.375 0.210484
1.7 41.625 0.243832
1.7 43.875 0.226829
1.9 1.125 0.0631641
1.9 3.375 0.0644149
1.9 5.625 0.0725372
1.9 7.875 0.0734675
1.9 10.125 0.0686106
1.9 12.375 0.0855702
1.9 14.625 0.0771005
1.9 16.875 0.086245
1.9 19.125 0.0927711
1.9 21.375 0.0907238
1.9 23.625 0.101688
1.9 25.875 0.0986216
1.9 28.125 0.111554
1.9 30.375 0.098867
1.9 32.625 0.121586
1.9 34.875 0.134023
1.9 37.125 0.126955
1.9 39.375 0.134871
1.9 41.625 0.159241
1.9 43.875 0.146574
2.1 1.125 0.0411076
2.1 3.375 0.041727
2.1 5.625 0.0478413
2.1 7.875 0.0480801
2.1 10.125 0.0487334
2.1 12.375 0.0538655
2.1 14.625 0.0565053
2.1 16.875 0.0565999
2.1 19.125 0.0569784
2.1 21.375 0.0609927
2.1 23.625 0.0657363
2.1 25.875 0.0689254
2.1 28.125 0.0676528
2.1 30.375 0.0717683
2.1 32.625 0.0795662
2.1 34.875 0.0649214
2.1 37.125 0.0840923
2.1 39.375 0.0814275
2.1 41.625 0.0767437
2.1 43.875 0.0898422
2.3 1.125 0.0293026
2.3 3.375 0.0292645
2.3 5.625 0.0294766
2.3 7.875 0.0265055
2.3 10.125 0.032278
2.3 12.375 0.0331456
2.3 14.625 0.0388639
2.3 16.875 0.0347922
2.3 19.125 0.0370522
2.3 21.375 0.0358589
2.3 23.625 0.0379075
2.3 25.875 0.0444488
2.3 28.125 0.0443182
2.3 30.375 0.0463063
2.3 32.625 0.0427888
2.3 34.875 0.0483253
2.3 37.125 0.0466986
2.3 39.375 0.0588478
2.3 41.625 0.0573872
2.3 43.875 0.0531916
2.5 1.125 0.0216552
2.5 3.375 0.0172639
2.5 5.625 0.0173769
2.5 7.875 0.0243073
2.5 10.125 0.0189076
2.5 12.375 0.0196013
2.5 14.625 0.0210976
2.5 16.875 0.0210966
2.5 19.125 0.0201062
2.5 21.375 0.0233125
2.5 23.625 0.0252465
2.5 25.875 0.0258762
2.5 28.125 0.0294454
2.5 30.375 0.0302166
2.5 32.625 0.0310774
2.5 34.875 0.031684
2.5 37.125 0.0314452
2.5 39.375 0.0302119
2.5 41.625 0.0396599
2.5 43.875 0.0339913
2.7 1.125 0.0158451
2.7 3.375 0.0143222
2.7 5.625 0.0144505
2.7 7.875 0.0168317
2.7 10.125 0.0184774
2.7 12.375 0.0158142
2.7 14.625 0.0163275
2.7 16.875 0.0171341
2.7 19.125 0.017287
2.7 21.375 0.0157567
2.7 23.625 0.0180744
2.7 25.875 0.0164981
2.7 28.125 0.0194158
2.7 30.375 0.0217147
2.7 32.625 0.0219254
2.7 34.875 0.0233998
2.7 37.125 0.026584
2.7 39.375 0.0237984
2.7 41.625 0.0265785
2.7 43.875 0.0216828
2.9 1.125 0.0126821
2.9 3.375 0.0136077
2.9 5.625 0.0116549
2.9 7.875 0.0113711
2.9 10.125 0.0128807
2.9 12.375 0.0129165
2.9 14.625 0.0136567
2.9 16.875 0.0133108
2.9 19.125 0.0160025
2.9 21.375 0.0150977
2.9 23.625 0.0134796
2.9 25.875 0.0177967
2.9 28.125 0.0168444
2.9 30.375 0.0144233
2.9 32.625 0.0179412
2.9 34.875 0.0156811
2.9 37.125 0.0179504
2.9 39.375 0.0191882
2.9 41.625 0.0157981
2.9 43.875 0.018836
3.1 1.125 0.0118497
3.1 3.375 0.0143212
3.1 5.625 0.0133817
3.1 7.875 0.0111656
3.1 10.125 0.0148034
3.1 12.375 0.0125653
3.1 14.625 0.0109564
3.1 16.875 0.0119793
3.1 19.125 0.0113341
3.1 21.375 0.00981712
3.1 23.625 0.0131083
3.1 25.875 0.012775
3.1 28.125 0.0151783
3.1 30.375 0.0135666
3.1 32.625 0.0157277
3.1 34.875 0.0140229
3.1 37.125 0.0150245
3.1 39.375 0.0125172
3.1 41.625 0.0160766
3.1 43.875 0.0135438
3.3 1.125 0.0105212
3.3 3.375 0.0124722
3.3 5.625 0.0130236
3.3 7.875 0.0083208
3.3 10.125 0.0100366
3.3 12.375 0.00855978
3.3 14.625 0.00979125
3.3 16.875 0.012057
3.3 19.125 0.0113252
3.3 21.375 0.0112356
3.3 23.625 0.00941899
3.3 25.875 0.00968946
3.3 28.125 0.0121662
3.3 30.375 0.0111862
3.3 32.625 0.0143903
3.3 34.875 0.0143056
3.3 37.125 0.0113659
3.3 39.375 0.0121933
3.3 41.625 0.0118272
3.3 43.875 0.0143393
3.5 1.125 0.0100765
3.5 3.375 0.00943916
3.5 5.625 0.0101003
3.5 7.875 0.0105399
3.5 10.125 0.0107852
3.5 12.375 0.0104143
3.5 14.625 0.0099422
3.5 16.875 0.00856643
3.5 19.125 0.010956
3.5 21.375 0.00972135
3.5 23.625 0.0103172
3.5 25.875 0.0100125
3.5 28.125 0.0130346
3.5 30.375 0.010576
3.5 32.625 0.0111927
3.5 34.875 0.0112866
3.5 37.125 0.0105926
3.5 39.375 0.0105823
3.5 41.625 0.00905267
3.5 43.875 0.00947856
3.7 1.125 0.0111124
3.7 3.375 0.00755509
3.7 5.625 0.00994836
3.7 7.875 0.00783976
3.7 10.125 0.0085826
3.7 12.375 0.00704874
3.7 14.625 0.00928962
3.7 16.875 0.0116233
3.7 19.125 0.0114322
3.7 21.375 0.00991372
3.7 23.625 0.0102188
3.7 25.875 0.00945774
3.7 28.125 0.00924827
3.7 30.375 0.0100808
3.7 32.625 0.0088004
3.7 34.875 0.00909247
3.7 37.125 0.00926591
3.7 39.375 0.0108949
3.7 41.625 0.0089758
3.7 43.875 0.00828346
3.9 1.125 0.00808016
3.9 3.375 0.00821471
3.9 5.625 0.00857273
3.9 7.875 0.00815521
3.9 10.125 0.00570605
3.9 12.375 0.00823055
3.9 14.625 0.00948903
3.9 16.875 0.00791597
3.9 19.125 0.0104627
3.9 21.375 0.00895156
3.9 23.625 0.00802909
3.9 25.875 0.00959101
3.9 28.125 0.00997115
3.9 30.375 0.0101754
3.9 32.625 0.00910268
3.9 34.875 0.00751742
3.9 37.125 0.00906677
3.9 39.375 0.00786698
3.9 41.625 0.00932509
3.9 43.875 0.00935149
4.1 1.125 0.00901164
4.1 3.375 0.0081037
4.1 5.625 0.00766893
4.1 7.875 0.00946069
4.1 10.125 0.00871039
4.1 12.375 0.00741
4.1 14.625 0.00962569
4.1 16.875 0.00873808
4.1 19.125 0.00809187
4.1 21.375 0.0122146
4.1 23.625 0.00712393
4.1 25.875 0.010053
4.1 28.125 0.00866766
4.1 30.375 0.00963364
4.1 32.625 0.00870189
4.1 34.875 0.00958422
4.1 37.125 0.00859523
4.1 39.375 0.00801933
4.1 41.625 0.00781692
4.1 43.875 0.00657076
4.3 1.125 0.00682341
4.3 3.375 0.00637615
4.3 5.625 0.00663072
4.3 7.875 0.00895821
4.3 10.125 0.0068142
4.3 12.375 0.0108824
4.3 14.625 0.00897815
4.3 16.875 0.00801817
4.3 19.125 0.00829946
4.3 21.375 0.00865986
4.3 23.625 0.00791127
4.3 25.875 0.00623615
4.3 28.125 0.00674476
4.3 30.375 0.00811967
4.3 32.625 0.008121
4.3 34.875 0.00817438
4.3 37.125 0.00613561
4.3 39.375 0.00891994
4.3 41.625 0.00813886
4.3 43.875 0.00714579
4.5 1.125 0.00570321
4.5 3.375 0.00847637
4.5 5.625 0.00534549
4.5 7.875 0.00723919
4.5 10.125 0.00821975
4.5 12.375 0.0086835
4.5 14.625 0.00757958
4.5 16.875 0.0073678
4.5 19.125 0.00696314
4.5 21.375 0.00732011
4.5 23.625 0.00724614
4.5 25.875 0.0072365
4.5 28.125 0.00678075
4.5 30.375 0.00773451
4.5 32.625 0.00737844
4.5 34.875 0.00763135
4.5 37.125 0.00857795
4.5 39.375 0.00640448
4.5 41.625 0.00830048
4.5 43.875 0.00739638
4.7 1.125 0.00781385
4.7 3.375 0.006478
4.7 5.625 0.00702894
4.7 7.875 0.00558665
4.7 10.125 0.00656463
4.7 12.375 0.0070466
4.7 14.625 0.00805367
4.7 16.875 0.00778736
4.7 19.125 0.0067899
4.7 21.375 0.0075342
4.7 23.625 0.00830176
4.7 25.875 0.00751975
4.7 28.125 0.00768226
4.7 30.375 0.00791218
4.7 32.625 0.00807188
4.7 34.875 0.00701994
4.7 37.125 0.0065533
4.7 39.375 0.00673098
4.7 41.625 0.00567309
4.7 43.875 0.00656894
4.9 1.125 0.00592869
4.9 3.375 0.00652511
4.9 5.625 0.00697594
4.9 7.875 0.00630144
4.9 10.125 0.00643098
4.9 12.375 0.00654346
4.9 14.625 0.00572287
4.9 16.875 0.00783195
4.9 19.125 0.00651219
4.9 21.375 0.00673542
4.9 23.625 0.00731654
4.9 25.875 0.00662402
4.9 28.125 0.0064824
4.9 30.375 0.00703748
4.9 32.625 0.00699134
4.9 34.875 0.00790963
4.9 37.125 0.00528451
4.9 39.375 0.00702143
4.9 41.625 0.0047068
4.9 43.875 0.0093348
5.1 1.125 0.00728008
5.1 3.375 0.00730512
5.1 5.625 0.00681793
5.1 7.875 0.00599297
5.1 10.125 0.00589863
5.1 12.375 0.00611096
5.1 14.625 0.00715648
5.1 16.875 0.00708851
5.1 19.125 0.00604763
5.1 21.375 0.00701597
5.1 23.625 0.00674165
5.1 25.875 0.0058887
5.1 28.125 0.00644704
5.1 30.375 0.00668392
5.1 32.625 0.00884494
5.1 34.875 0.00622802
5.1 37.125 0.00663012
5.1 39.375 0.00587102
5.1 41.625 0.00613879
5.1 43.875 0.00602091
5.3 1.125 0.00743412
5.3 3.375 0.00551397
5.3 5.625 0.00712308
5.3 7.875 0.00579557
5.3 10.125 0.00588297
5.3 12.375 0.00662525
5.3 14.625 0.00646035
5.3 16.875 0.00500362
5.3 19.125 0.00653962
5.3 21.375 0.00581026
5.3 23.625 0.00756193
5.3 25.875 0.00616198
5.3 28.125 0.00651483
5.3 30.375 0.00533963
5.3 32.625 0.00581954
5.3 34.875 0.00601391
5.3 37.125 0.00731809
5.3 39.375 0.0086773
5.3 41.625 0.00587836
5.3 43.875 0.00728529
5.5 1.125 0.00622249
5.5 3.375 0.00463625
5.5 5.625 0.00568151
5.5 7.875 0.00845034
5.5 10.125 0.00742161
5.5 12.375 0.00718348
5.5 14.625 0.00550615
5.5 16.875 0.00788747
5.5 19.125 0.00486175
5.5 21.375 0.00909043
5.5 23.625 0.00655374
5.5 25.875 0.00522637
5.5 28.125 0.00582281
5.5 30.375 0.00716136
5.5 32.625 0.00761056
5.5 34.875 0.00458175
5.5 37.125 0.0065445
5.5 39.375 0.00838519
5.5 41.625 0.00461591
5.5 43.875 0.0060186
5.7 1.125 0.00776484
5.7 3.375 0.00654912
5.7 5.625 0.00596101
5.7 7.875 0.00755643
5.7 10.125 0.0145682
5.7 12.375 0.00573372
5.7 14.625 0.00614759
5.7 16.875 0.00597409
5.7 19.125 0.00671369
5.7 21.375 0.00600312
5.7 23.625 0.00556044
5.7 25.875 0.00576174
5.7 28.125 0.0067948
5.7 30.375 0.00590145
5.7 32.625 0.00499796
5.7 34.875 0.00610934
5.7 37.125 0.00569928
5.7 39.375 0.00653336
5.7 41.625 0.00608081
5.7 43.875 0.00622048
5.9 1.125 0.00562956
5.9 3.375 0.00733731
5.9 5.625 0.00586861
5.9 7.875 0.00437792
5.9 10.125 0.00542187
5.9 12.375 0.00582787
5.9 14.625 0.00531559
5.9 16.875 0.00469791
5.9 19.125 0.00688822
5.9 21.375 0.00467581
5.9 23.625 0.00783984
5.9 25.875 0.00672689
5.9 28.125 0.00635569
5.9 30.375 0.00497308
5.9 32.625 0.00418974
5.9 34.875 0.00498895
5.9 37.125 0.00491345
5.9 39.375 0.00594047
5.9 41.625 0.00561734
5.9 43.875 0.00570313
6.1 1.125 0.00562379
6.1 3.375 0.00623312
6.1 5.625 0.00651023
6.1 7.875 0.00528422
6.1 10.125 0.00689736
6.1 12.375 0.0080764
6.1 14.625 0.00530898
6.1 16.875 0.00464033
6.1 19.125 0.00547779
6.1 21.375 0.00618623
6.1 23.625 0.00674007
6.1 25.875 0.00663224
6.1 28.125 0.00548107
6.1 30.375 0.00562115
6.1 32.625 0.00677035
6.1 34.875 0.00723887
6.1 37.125 0.00526267
6.1 39.375 0.0068076
6.1 41.625 0.00514965
6.1 43.875 0.00763488
6.3 1.125 0.00516337
6.3 3.375 0.00587911
6.3 5.625 0.00553307
6.3 7.875 0.00574256
6.3 10.125 0.00580274
6.3 12.375 0.00445713
6.3 14.625 0.00639702
6.3 16.875 0.0040348
6.3 19.125 0.00741963
6.3 21.375 0.00619911
6.3 23.625 0.00476924
6.3 25.875 0.00484079
6.3 28.125 0.00446422
6.3 30.375 0.00549834
6.3 32.625 0.0061698
6.3 34.875 0.00794169
6.3 37.125 0.00546941
6.3 39.375 0.00444104
6.3 41.625 0.00608655
6.3 43.875 0.00483872
6.5 1.125 0.00553052
6.5 3.375 0.00605016
6.5 5.625 0.00524664
6.5 7.875 0.0041385
6.5 10.125 0.00466231
6.5 12.375 0.00497387
6.5 14.625 0.00448579
6.5 16.875 0.00673774
6.5 19.125 0.00482128
6.5 21.375 0.00587814
6.5 23.625 0.00445794
6.5 25.875 0.00531465
6.5 28.125 0.0058815
6.5 30.375 0.00426844
6.5 32.625 0.00486008
6.5 34.875 0.00401228
6.5 37.125 0.00521719
6.5 39.375 0.00503898
6.5 41.625 0.00516283
6.5 43.875 0.00537769
6.7 1.125 0.0055246
6.7 3.375 0.0052191
6.7 5.625 0.00647553
6.7 7.875 0.00528698
6.7 10.125 0.00579836
6.7 12.375 0.00407237
6.7 14.625 0.00486842
6.7 16.875 0.00489732
6.7 19.125 0.00631505
6.7 21.375 0.00592226
6.7 23.625 0.00516444
6.7 25.875 0.00727855
6.7 28.125 0.00401788
6.7 30.375 0.00917855
6.7 34.875 0.0044553
6.7 37.125 0.00687633
6.7 39.375 0.00681824
6.7 41.625 0.00619907
6.7 43.875 0.005976
6.9 1.125 0.00687964
6.9 3.375 0.00564361
6.9 5.625 0.00490415
6.9 7.875 0.00495674
6.9 10.125 0.00547281
6.9 12.375 0.00444446
6.9 14.625 0.00499358
6.9 16.875 0.00429908
6.9 19.125 0.00473056
6.9 21.375 0.00670775
6.9 23.625 0.00584384
6.9 25.875 0.0043033
6.9 28.125 0.00440886
6.9 30.375 0.00666156
6.9 32.625 0.00539116
6.9 37.125 0.00654774
6.9 39.375 0.00474816
6.9 41.625 0.00509466
6.9 43.875 0.00649242
7.1 1.125 0.0070839
7.1 3.375 0.00480497
7.1 5.625 0.00609277
7.1 7.875 0.00414317
7.1 10.125 0.00611625
7.1 12.375 0.0063984
7.1 14.625 0.00657601
7.1 16.875 0.00493552
7.1 19.125 0.0053201
7.1 21.375 0.0066632
7.1 23.625 0.00565395
7.1 25.875 0.00575232
7.1 37.125 0.00517232
7.1 39.375 0.00505019
7.1 41.625 0.00435888
7.1 43.875 0.00483068
7.3 1.125 0.00409843
7.3 3.375 0.00812367
7.3 5.625 0.00781332
7.3 7.875 0.00437449
7.3 12.375 0.00524002
7.3 14.625 0.00629863
7.3 16.875 0.0039007
7.3 19.125 0.00608943
7.3 21.375 0.00602759
7.3 23.625 0.00330169
7.3 28.125 0.00469376
7.3 32.625 0.00633964
7.3 34.875 0.00478333
7.3 37.125 0.00362179
7.3 39.375 0.00378276
7.3 41.625 0.0058584
7.3 43.875 0.00476237
7.5 1.125 0.00427013
7.5 7.875 0.00979044
7.5 10.125 0.00849918
7.5 12.375 0.00709883
7.5 14.625 0.00492698
7.5 16.875 0.00606327
7.5 21.375 0.00453927
7.5 23.625 0.00558738
7.5 25.875 0.00469978
7.5 28.125 0.00596709
7.5 30.375 0.0060287
7.5 32.625 0.00407577
7.5 37.125 0.00712893
7.5 39.375 0.00428961
7.5 41.625 0.00481179
7.5 43.875 0.00602995
7.7 3.375 0.00611611
7.7 5.625 0.00535792
7.7 7.875 0.00444456
7.7 12.375 0.00543106
7.7 16.875 0.00476069
7.7 19.125 0.00490279
7.7 21.375 0.00626637
7.7 25.875 0.00391406
7.7 30.375 0.00346766
7.7 34.875 0.00685583
7.7 37.125 0.00511023
7.7 39.375 0.00434557
7.7 41.625 0.00407655
7.7 43.875 0.00410144
7.9 1.125 0.00381455
7.9 3.375 0.00689705
7.9 7.875 0.00456704
7.9 10.125 0.00517505
7.9 12.375 0.00526836
7.9 14.625 0.00521883
7.9 16.875 0.00578956
7.9 19.125 0.00464285
7.9 21.375 0.00421499
7.9 25.875 0.00368184
7.9 30.375 0.00491965
7.9 37.125 0.00525482
7.9 39.375 0.00413767
7.9 41.625 0.00628166
7.9 43.875 0.00428611
8.1 3.375 0.00595123
8.1 5.625 0.00626861
8.1 14.625 0.009675
8.1 16.875 0.00577423
8.1 19.125 0.00460319
8.1 23.625 0.00481266
8.1 25.875 0.00682633
8.1 28.125 0.00640984
8.1 37.125 0.0046041
8.1 39.375 0.00497311
8.1 41.625 0.00557002
8.1 43.875 0.00623923
8.3 1.125 0.00443077
8.3 14.625 0.00567024
8.3 16.875 0.00334154
8.3 25.875 0.00399914
8.3 28.125 0.00430393
8.3 30.375 0.00465685
8.3 32.625 0.00544054
8.3 34.875 0.00480311
8.3 39.375 0.0044864
8.3 43.875 0.00638451
8.5 1.125 0.00461233
8.5 10.125 0.00336454
8.5 12.375 0.00495073
8.5 16.875 0.00510861
8.5 19.125 0.00782818
8.5 28.125 0.00469352
8.5 32.625 0.00526719
8.5 37.125 0.00405962
8.7 14.625 0.00598949
8.7 16.875 0.00387933
8.7 25.875 0.00408429
8.7 28.125 0.00522337
8.7 30.375 0.00635911
8.9 1.125 0.00464749
8.9 12.375 0.0228339
8.9 14.625 0.00488458
8.9 16.875 0.00404532
8.9 30.375 0.00563327
8.9 32.625 0.00410501
9.1 1.125 0.00455865
9.1 5.625 0.00387396
9.1 14.625 0.00598559
9.1 32.625 0.00738067
9.3 28.125 0.00658208
9.3 30.375 0.00415141
9.3 39.375 0.00459741
9.5 14.625 0.00482832
9.7 14.625 0.00364258
9.7 16.875 0.00391805
9.7 21.375 0.00426734
9.7 43.875 0.00426939
9.9 16.875 0.00463565
9.9 39.375 0.00511168
10.1 23.625 0.00377055
10.3 16.875 0.00476034
10.3 25.875 0.00519134
10.3 28.125 0.005608
10.3 41.625 0.00688163
10.3 43.875 0.00324843
10.5 14.625 0.00694854
10.7 39.375 0.00762702
12.3 37.125 0.00419334
13.1 37.125 0.00786934
