0.1 3.375 2.49974
0.1 39.375 2.4781
0.3 1.125 2.39476
0.3 3.375 2.43445
0.3 5.625 2.41136
0.3 7.875 2.43205
0.3 10.125 2.43215
0.3 12.375 2.42127
0.3 14.625 2.44196
0.3 16.875 2.42196
0.3 19.125 2.42654
0.3 25.875 2.46288
0.3 28.125 2.46129
0.3 30.375 2.45396
0.3 32.625 2.42192
0.3 34.875 2.44744
0.3 37.125 2.3085
0.3 39.375 2.31062
0.3 41.625 2.41914
0.3 43.875 2.43022
0.5 1.125 2.39194
0.5 3.375 2.40118
0.5 5.625 2.3097
0.5 7.875 2.39714
0.5 10.125 2.35492
0.5 12.375 2.38216
0.5 14.625 2.42393
0.5 16.875 2.27356
0.5 19.125 2.38812
0.5 21.375 2.40822
0.5 23.625 2.386
0.5 25.875 2.37416
0.5 28.125 2.39122
0.5 30.375 2.31017
0.5 32.625 2.3795
0.5 34.875 2.39385
0.5 37.125 2.38692
0.5 39.375 2.38004
0.5 41.625 2.37411
0.5 43.875 2.37499
0.7 1.125 2.25408
0.7 3.375 2.23516
0.7 5.625 2.24206
0.7 7.875 2.24707
0.7 10.125 2.11912
0.7 12.375 2.24515
0.7 14.625 2.2661
0.7 16.875 2.26817
0.7 19.125 2.22566
0.7 21.375 2.24398
0.7 23.625 2.23003
0.7 25.875 2.27237
0.7 28.125 2.22206
0.7 30.375 2.29596
0.7 32.625 2.19585
0.7 34.875 2.291
0.7 37.125 2.27651
0.7 39.375 2.29084
0.7 41.625 2.2783
0.7 43.875 2.20961
0.9 1.125 1.97552
0.9 3.375 1.99845
0.9 5.625 1.91106
0.9 7.875 2.06752
0.9 10.125 1.91167
0.9 12.375 1.98548
0.9 14.625 2.05908
0.9 16.875 1.92757
0.9 19.125 1.95489
0.9 21.375 2.02205
0.9 23.625 2.07211
0.9 25.875 2.08074
0.9 28.125 2.0849
0.9 30.375 2.11141
0.9 32.625 2.04485
0.9 34.875 2.06066
0.9 37.125 2.12922
0.9 39.375 2.10075
0.9 41.625 2.17008
0.9 43.875 2.18511
1.1 1.125 1.49755
1.1 3.375 1.42548
1.1 5.625 1.39041
1.1 7.875 1.31147
1.1 10.125 1.55209
1.1 12.375 1.45917
1.1 14.625 1.37266
1.1 16.875 1.52498
1.1 19.125 1.52441
1.1 21.375 1.54248
1.1 23.625 1.74718
1.1 25.875 1.65789
1.1 28.125 1.7238
1.1 30.375 1.74222
1.1 32.625 1.82831
1.1 34.875 1.86408
1.1 37.125 1.87227
1.1 39.375 1.97089
1.1 41.625 1.88925
1.1 43.875 1.94605
1.3 1.125 0.740763
1.3 3.375 0.802449
1.3 5.625 0.757357
1.3 7.875 0.809396
1.3 10.125 0.798444
1.3 12.375 1.04232
1.3 14.625 0.804363
1.3 16.875 0.876754
1.3 19.125 0.936279
1.3 21.375 1.00327
1.3 23.625 0.993348
1.3 25.875 1.03561
1.3 28.125 1.21979
1.3 30.375 1.18118
1.3 32.625 1.30425
1.3 34.875 1.29809
1.3 37.125 1.48079
1.3 39.375 1.39281
1.3 41.625 1.47447
1.3 43.875 1.54609
1.5 1.125 0.407295
1.5 3.375 0.411903
1.5 5.625 0.402649
1.5 7.875 0.405722
1.5 10.125 0.435068
1.5 12.375 0.410735
1.5 14.625 0.450883
1.5 16.875 0.436253
1.5 19.125 0.4352
1.5 21.375 0.508357
1.5 23.625 0.484681
1.5 25.875 0.509375
1.5 28.125 0.509257
1.5 30.375 0.648014
1.5 32.625 0.643127
1.5 34.875 0.836605
1.5 37.125 0.855243
1.5 39.375 0.840483
1.5 41.625 0.917925
1.5 43.875 0.94024
1.7 1.125 0.198746
1.7 3.375 0.223472
1.7 5.625 0.221958
1.7 7.875 0.232035
1.7 10.125 0.245171
1.7 12.375 0.225233
1.7 14.625 0.235638
1.7 16.875 0.26668
1.7 19.125 0.256452
1.7 21.375 0.26537
1.7 23.625 0.274288
1.7 25.875 0.270194
1.7 28.125 0.270958
1.7 30.375 0.301382
1.7 32.625 0.342034
1.7 34.875 0.361638
1.7 37.125 0.389716
1.7 39.375 0.457731
1.7 41.625 0.458383
1.7 43.875 0.519041
1.9 1.125 0.131704
1.9 3.375 0.140172
1.9 5.625 0.136389
1.9 7.875 0.135204
1.9 10.125 0.151991
1.9 12.375 0.160719
1.9 14.625 0.161221
1.9 16.875 0.159465
1.9 19.125 0.161508
1.9 21.375 0.163505
1.9 23.625 0.170357
1.9 25.875 0.171239
1.9 28.125 0.174281
1.9 30.375 0.187295
1.9 32.625 0.201893
1.9 34.875 0.210422
1.9 37.125 0.23601
1.9 39.375 0.264516
1.9 41.625 0.239607
1.9 43.875 0.25749
2.1 1.125 0.0935046
2.1 3.375 0.0956843
2.1 5.625 0.091841
2.1 7.875 0.0999271
2.1 10.125 0.103747
2.1 12.375 0.1053
2.1 14.625 0.106905
2.1 16.875 0.107051
2.1 19.125 0.102491
2.1 21.375 0.110889
2.1 23.625 0.114443
2.1 25.875 0.106472
2.1 28.125 0.117035
2.1 30.375 0.127786
2.1 32.625 0.132677
2.1 34.875 0.146734
2.1 37.125 0.15188
2.1 39.375 0.143473
2.1 41.625 0.156734
2.1 43.875 0.15502
2.3 1.125 0.0723194
2.3 3.375 0.0734427
2.3 5.625 0.0765538
2.3 7.875 0.0738291
2.3 10.125 0.0701633
2.3 12.375 0.0774084
2.3 14.625 0.0701741
2.3 16.875 0.0754912
2.3 19.125 0.0681979
2.3 21.375 0.0787662
2.3 23.625 0.0807697
2.3 25.875 0.0752733
2.3 28.125 0.0873383
2.3 30.375 0.0922864
2.3 32.625 0.0887065
2.3 34.875 0.0939551
2.3 37.125 0.0978359
2.3 39.375 0.0946972
2.3 41.625 0.101189
2.3 43.875 0.108564
2.5 1.125 0.0471037
2.5 3.375 0.0592663
2.5 5.625 0.0584315
2.5 7.875 0.0543468
2.5 10.125 0.0507966
2.5 12.375 0.0560411
2.5 14.625 0.048132
2.5 16.875 0.0537482
2.5 19.125 0.0559371
2.5 21.375 0.0518941
2.5 23.625 0.0608724
2.5 25.875 0.0547939
2.5 28.125 0.0616797
2.5 30.375 0.0657203
2.5 32.625 0.0669456
2.5 34.875 0.0614033
2.5 37.125 0.0651137
2.5 39.375 0.0602645
2.5 41.625 0.0671688
2.5 43.875 0.0643937
2.7 1.125 0.0436832
2.7 3.375 0.0442138
2.7 5.625 0.0431054
2.7 7.875 0.0420053
2.7 10.125 0.0386346
2.7 12.375 0.040187
2.7 14.625 0.0442831
2.7 16.875 0.042121
2.7 19.125 0.0466611
2.7 21.375 0.0468882
2.7 23.625 0.0444031
2.7 25.875 0.0493284
2.7 28.125 0.0482459
2.7 30.375 0.0450729
2.7 32.625 0.0512105
2.7 34.875 0.0504814
2.7 37.125 0.0451491
2.7 39.375 0.0444959
2.7 41.625 0.0423793
2.7 43.875 0.0447537
2.9 1.125 0.0340261
2.9 3.375 0.0319281
2.9 5.625 0.0329733
2.9 7.875 0.0330592
2.9 10.125 0.0328763
2.9 12.375 0.0369268
2.9 14.625 0.0337662
2.9 16.875 0.0348481
2.9 19.125 0.0314239
2.9 21.375 0.0353067
2.9 23.625 0.035298
2.9 25.875 0.0374611
2.9 28.125 0.0385107
2.9 30.375 0.0377999
2.9 32.625 0.035896
2.9 34.875 0.0358517
2.9 37.125 0.0375975
2.9 39.375 0.0346145
2.9 41.625 0.0348251
2.9 43.875 0.0380879
3.1 1.125 0.028694
3.1 3.375 0.0308302
3.1 5.625 0.0298925
3.1 7.875 0.0278482
3.1 10.125 0.0279134
3.1 12.375 0.0260893
3.1 14.625 0.0284753
3.1 16.875 0.0315951
3.1 19.125 0.0313143
3.1 21.375 0.0317956
3.1 23.625 0.0339975
3.1 25.875 0.0293852
3.1 28.125 0.0309362
3.1 30.375 0.0306883
3.1 32.625 0.0285122
3.1 34.875 0.0291549
3.1 37.125 0.0288869
3.1 39.375 0.0311815
3.1 41.625 0.0293308
3.1 43.875 0.0307826
3.3 1.125 0.0219506
3.3 3.375 0.0225207
3.3 5.625 0.0245075
3.3 7.875 0.0237331
3.3 10.125 0.0233611
3.3 12.375 0.0219949
3.3 14.625 0.0221459
3.3 16.875 0.0209384
3.3 19.125 0.0244438
3.3 21.375 0.0244867
3.3 23.625 0.0267741
3.3 25.875 0.0257552
3.3 28.125 0.0250562
3.3 30.375 0.0242688
3.3 32.625 0.0250995
3.3 34.875 0.0268064
3.3 37.125 0.0264028
3.3 39.375 0.0255251
3.3 41.625 0.0229466
3.3 43.875 0.0246465
3.5 1.125 0.0185063
3.5 3.375 0.0169786
3.5 5.625 0.0184917
3.5 7.875 0.0198095
3.5 10.125 0.0219415
3.5 12.375 0.0183075
3.5 14.625 0.0200324
3.5 16.875 0.0201662
3.5 19.125 0.0220296
3.5 21.375 0.0195079
3.5 23.625 0.0190492
3.5 25.875 0.0206615
3.5 28.125 0.0218678
3.5 30.375 0.0222309
3.5 32.625 0.0203867
3.5 34.875 0.0198437
3.5 37.125 0.0216094
3.5 39.375 0.0206629
3.5 41.625 0.0195023
3.5 43.875 0.0202957
3.7 1.125 0.0157666
3.7 3.375 0.0161965
3.7 5.625 0.0156973
3.7 7.875 0.0159105
3.7 10.125 0.0146675
3.7 12.375 0.0158638
3.7 14.625 0.015186
3.7 16.875 0.0160305
3.7 19.125 0.0176657
3.7 21.375 0.0161764
3.7 23.625 0.016575
3.7 25.875 0.0195891
3.7 28.125 0.017729
3.7 30.375 0.018045
3.7 32.625 0.0185966
3.7 34.875 0.0179435
3.7 37.125 0.0193601
3.7 39.375 0.0173884
3.7 41.625 0.0185138
3.7 43.875 0.0173585
3.9 1.125 0.0122284
3.9 3.375 0.015206
3.9 5.625 0.0132154
3.9 7.875 0.013856
3.9 10.125 0.0137648
3.9 12.375 0.0131947
3.9 14.625 0.0131855
3.9 16.875 0.0148567
3.9 19.125 0.0152076
3.9 21.375 0.0146405
3.9 23.625 0.0179881
3.9 25.875 0.0153817
3.9 28.125 0.0142586
3.9 30.375 0.0157883
3.9 32.625 0.0153028
3.9 34.875 0.0149198
3.9 37.125 0.0140341
3.9 39.375 0.0157459
3.9 41.625 0.017172
3.9 43.875 0.0161664
4.1 1.125 0.0122508
4.1 3.375 0.0111017
4.1 5.625 0.0119459
4.1 7.875 0.0123983
4.1 10.125 0.0126519
4.1 12.375 0.0124757
4.1 14.625 0.012048
4.1 16.875 0.013166
4.1 19.125 0.0133111
4.1 21.375 0.0166409
4.1 23.625 0.0123322
4.1 25.875 0.0129165
4.1 28.125 0.0131516
4.1 30.375 0.0130777
4.1 32.625 0.0125091
4.1 34.875 0.012743
4.1 37.125 0.0139366
4.1 39.375 0.0133123
4.1 41.625 0.0138407
4.1 43.875 0.0140766
4.3 1.125 0.0117888
4.3 3.375 0.0109084
4.3 5.625 0.01108
4.3 7.875 0.0107343
4.3 10.125 0.0114357
4.3 12.375 0.0112228
4.3 14.625 0.0124772
4.3 16.875 0.0122227
4.3 19.125 0.0112817
4.3 21.375 0.0112271
4.3 23.625 0.0116511
4.3 25.875 0.0109572
4.3 28.125 0.0104233
4.3 30.375 0.0122717
4.3 32.625 0.0108842
4.3 34.875 0.0122918
4.3 37.125 0.0124934
4.3 39.375 0.0129959
4.3 41.625 0.0111829
4.3 43.875 0.0127619
4.5 1.125 0.00941163
4.5 3.375 0.00949282
4.5 5.625 0.0097583
4.5 7.875 0.00960035
4.5 10.125 0.0108631
4.5 12.375 0.0114173
4.5 14.625 0.00991033
4.5 16.875 0.0108762
4.5 19.125 0.011714
4.5 21.375 0.0102755
4.5 23.625 0.0093713
4.5 25.875 0.00940991
4.5 28.125 0.0109111
4.5 30.375 0.00992723
4.5 32.625 0.0106086
4.5 34.875 0.0120718
4.5 37.125 0.0110257
4.5 39.375 0.0106121
4.5 41.625 0.0116986
4.5 43.875 0.0113623
4.7 1.125 0.00924424
4.7 3.375 0.00928008
4.7 5.625 0.0100734
4.7 7.875 0.0100092
4.7 10.125 0.01098
4.7 12.375 0.00836193
4.7 14.625 0.00810319
4.7 16.875 0.0100459
4.7 19.125 0.00983597
4.7 21.375 0.00900011
4.7 23.625 0.00904115
4.7 25.875 0.00862862
4.7 28.125 0.00905466
4.7 30.375 0.0110759
4.7 32.625 0.0111503
4.7 34.875 0.00825644
4.7 37.125 0.00831842
4.7 39.375 0.0101197
4.7 41.625 0.0100413
4.7 43.875 0.00947701
4.9 1.125 0.00842134
4.9 3.375 0.00794905
4.9 5.625 0.0092239
4.9 7.875 0.00997463
4.9 10.125 0.00880182
4.9 12.375 0.00809502
4.9 14.625 0.00871717
4.9 16.875 0.00966857
4.9 19.125 0.00788419
4.9 21.375 0.008465
4.9 23.625 0.00776275
4.9 25.875 0.0105031
4.9 28.125 0.00895971
4.9 30.375 0.00881334
4.9 32.625 0.00850245
4.9 34.875 0.00832918
4.9 37.125 0.00778358
4.9 39.375 0.00961983
4.9 41.625 0.00944998
4.9 43.875 0.00887053
5.1 1.125 0.00757736
5.1 3.375 0.00803862
5.1 5.625 0.00882575
5.1 7.875 0.00743672
5.1 10.125 0.00817028
5.1 12.375 0.00724986
5.1 14.625 0.00812973
5.1 16.875 0.00786988
5.1 19.125 0.00911762
5.1 21.375 0.00842674
5.1 23.625 0.00887686
5.1 25.875 0.00671839
5.1 28.125 0.00858594
5.1 30.375 0.00794533
5.1 32.625 0.00778678
5.1 34.875 0.00816766
5.1 37.125 0.00954111
5.1 39.375 0.0102712
5.1 41.625 0.00775968
5.1 43.875 0.00848112
5.3 1.125 0.00742944
5.3 3.375 0.00737835
5.3 5.625 0.00826417
5.3 7.875 0.00709622
5.3 10.125 0.00802878
5.3 12.375 0.0075548
5.3 14.625 0.0076311
5.3 16.875 0.00759822
5.3 19.125 0.00773963
5.3 21.375 0.00799688
5.3 23.625 0.00663396
5.3 25.875 0.00752369
5.3 28.125 0.00735003
5.3 30.375 0.00853916
5.3 32.625 0.00806308
5.3 34.875 0.00887284
5.3 37.125 0.00713736
5.3 39.375 0.00748186
5.3 41.625 0.00986886
5.3 43.875 0.0079217
5.5 1.125 0.00669496
5.5 3.375 0.00692381
5.5 5.625 0.00724734
5.5 7.875 0.00743055
5.5 10.125 0.00931853
5.5 12.375 0.00670629
5.5 14.625 0.0074411
5.5 16.875 0.00786035
5.5 19.125 0.00761452
5.5 21.375 0.00679403
5.5 23.625 0.00731049
5.5 25.875 0.00698764
5.5 28.125 0.00790309
5.5 30.375 0.0076913
5.5 32.625 0.00689931
5.5 34.875 0.00750769
5.5 37.125 0.00809839
5.5 39.375 0.00708181
5.5 41.625 0.00762601
5.5 43.875 0.00754296
5.7 1.125 0.00731595
5.7 3.375 0.00585709
5.7 5.625 0.00743708
5.7 7.875 0.00763657
5.7 10.125 0.00701087
5.7 12.375 0.00740987
5.7 14.625 0.00685283
5.7 16.875 0.00768384
5.7 19.125 0.00704899
5.7 21.375 0.0074378
5.7 23.625 0.0066122
5.7 25.875 0.00731588
5.7 28.125 0.00882348
5.7 30.375 0.00742881
5.7 32.625 0.006479
5.7 34.875 0.00711368
5.7 37.125 0.00699012
5.7 39.375 0.00711177
5.7 41.625 0.00754547
5.7 43.875 0.0070275
5.9 1.125 0.0077694
5.9 3.375 0.00667161
5.9 5.625 0.00720282
5.9 7.875 0.00567473
5.9 10.125 0.00658854
5.9 12.375 0.00613799
5.9 14.625 0.00590376
5.9 16.875 0.00607091
5.9 19.125 0.0067369
5.9 21.375 0.0063714
5.9 23.625 0.00662524
5.9 25.875 0.00796393
5.9 28.125 0.00715225
5.9 30.375 0.00764179
5.9 32.625 0.00817731
5.9 34.875 0.0062518
5.9 37.125 0.00684821
5.9 39.375 0.00704532
5.9 41.625 0.00662485
5.9 43.875 0.00664153
6.1 1.125 0.0065063
6.1 3.375 0.00751201
6.1 5.625 0.00664712
6.1 7.875 0.0074786
6.1 10.125 0.00608883
6.1 12.375 0.00685155
6.1 14.625 0.00805357
6.1 16.875 0.00695687
6.1 19.125 0.00698072
6.1 21.375 0.00743463
6.1 23.625 0.00658972
6.1 25.875 0.00581434
6.1 28.125 0.00722897
6.1 30.375 0.00712353
6.1 32.625 0.00698557
6.1 34.875 0.00675303
6.1 37.125 0.00616
6.1 39.375 0.00746931
6.1 41.625 0.00662644
6.1 43.875 0.00613738
6.3 1.125 0.00814491
6.3 3.375 0.0069381
6.3 5.625 0.00634578
6.3 7.875 0.00649695
6.3 10.125 0.00681041
6.3 12.375 0.00587785
6.3 14.625 0.0072009
6.3 16.875 0.00607465
6.3 19.125 0.0063647
6.3 21.375 0.00687607
6.3 23.625 0.006451
6.3 25.875 0.00629176
6.3 28.125 0.00566787
6.3 30.375 0.00669106
6.3 32.625 0.00674757
6.3 34.875 0.00674921
6.3 37.125 0.0061782
6.3 39.375 0.00586658
6.3 41.625 0.006685
6.3 43.875 0.00751728
6.5 1.125 0.00612662
6.5 3.375 0.00662128
6.5 5.625 0.00594157
6.5 7.875 0.00655708
6.5 10.125 0.0073875
6.5 12.375 0.00618792
6.5 14.625 0.00676152
6.5 16.875 0.00628602
6.5 19.125 0.00615587
6.5 21.375 0.00575828
6.5 23.625 0.0057655
6.5 25.875 0.00511866
6.5 28.125 0.006441
6.5 30.375 0.00600135
6.5 32.625 0.0057447
6.5 34.875 0.00624507
6.5 37.125 0.00627242
6.5 39.375 0.00663215
6.5 41.625 0.00536483
6.5 43.875 0.00769654
6.7 1.125 0.00708154
6.7 3.375 0.00535649
6.7 5.625 0.00522782
6.7 7.875 0.00641432
6.7 10.125 0.00518179
6.7 12.375 0.00683366
6.7 14.625 0.00597719
6.7 16.875 0.00531175
6.7 19.125 0.00609417
6.7 21.375 0.00703882
6.7 23.625 0.00656835
6.7 25.875 0.0061264
6.7 28.125 0.00648006
6.7 30.375 0.00662913
6.7 32.625 0.00568242
6.7 34.875 0.00543972
6.7 37.125 0.00595546
6.7 39.375 0.00575231
6.7 41.625 0.00533024
6.7 43.875 0.00753397
6.9 1.125 0.00606737
6.9 3.375 0.0048673
6.9 5.625 0.0053051
6.9 7.875 0.00569976
6.9 10.125 0.00816066
6.9 12.375 0.00608212
6.9 14.625 0.00713636
6.9 16.875 0.0061097
6.9 19.125 0.00650917
6.9 21.375 0.00544097
6.9 23.625 0.00554554
6.9 25.875 0.00681881
6.9 28.125 0.00582469
6.9 30.375 0.00508679
6.9 32.625 0.0067375
6.9 34.875 0.00558838
6.9 37.125 0.00530943
6.9 39.375 0.00541211
6.9 41.625 0.00555744
6.9 43.875 0.00541708
7.1 1.125 0.00484221
7.1 3.375 0.00580477
7.1 5.625 0.00543119
7.1 7.875 0.00582258
7.1 10.125 0.00741659
7.1 12.375 0.00642217
7.1 14.625 0.00641387
7.1 16.875 0.00441921
7.1 19.125 0.00654131
7.1 21.375 0.00643116
7.1 23.625 0.00868106
7.1 25.875 0.00555637
7.1 28.125 0.00581005
7.1 30.375 0.00659345
7.1 32.625 0.00584576
7.1 34.875 0.00638342
7.1 37.125 0.00577745
7.1 39.375 0.00566723
7.1 41.625 0.00704165
7.1 43.875 0.00512078
7.3 1.125 0.00503927
7.3 3.375 0.00794478
7.3 5.625 0.00632378
7.3 7.875 0.00581079
7.3 10.125 0.00606828
7.3 12.375 0.00747946
7.3 14.625 0.00555482
7.3 16.875 0.00538789
7.3 19.125 0.00910494
7.3 21.375 0.00535201
7.3 23.625 0.00678333
7.3 25.875 0.00534622
7.3 28.125 0.00648613
7.3 30.375 0.00523385
7.3 32.625 0.00558884
7.3 34.875 0.00625379
7.3 37.125 0.00592401
7.3 39.375 0.00589935
7.3 41.625 0.00584624
7.3 43.875 0.0052751
7.5 1.125 0.00494446
7.5 3.375 0.005418
7.5 5.625 0.00621339
7.5 7.875 0.00482046
7.5 10.125 0.00538738
7.5 12.375 0.00459096
7.5 14.625 0.0054792
7.5 16.875 0.00559271
7.5 19.125 0.00773581
7.5 21.375 0.00407904
7.5 23.625 0.00516637
7.5 25.875 0.00578172
7.5 28.125 0.00636307
7.5 30.375 0.00588436
7.5 32.625 0.00605944
7.5 34.875 0.00549449
7.5 37.125 0.00600832
7.5 39.375 0.00641678
7.5 41.625 0.00606209
7.5 43.875 0.00606188
7.7 1.125 0.0059523
7.7 3.375 0.00605699
7.7 5.625 0.00477873
7.7 7.875 0.0062711
7.7 10.125 0.00552401
7.7 12.375 0.00643227
7.7 14.625 0.0049017
7.7 16.875 0.0042213
7.7 19.125 0.00549009
7.7 21.375 0.00788677
7.7 23.625 0.00650613
7.7 25.875 0.00424071
7.7 28.125 0.00551154
7.7 30.375 0.0058795
7.7 32.625 0.00542195
7.7 34.875 0.00815599
7.7 37.125 0.00573579
7.7 39.375 0.00502888
7.7 41.625 0.00540037
7.7 43.875 0.00442531
7.9 1.125 0.0100244
7.9 3.375 0.00580742
7.9 5.625 0.00565605
7.9 7.875 0.00382893
7.9 10.125 0.00456469
7.9 12.375 0.00504993
7.9 14.625 0.00536978
7.9 16.875 0.006213
7.9 19.125 0.00540169
7.9 21.375 0.00600236
7.9 23.625 0.00816942
7.9 25.875 0.00666381
7.9 28.125 0.00433185
7.9 30.375 0.00395265
7.9 32.625 0.00595189
7.9 34.875 0.0053798
7.9 37.125 0.00660853
7.9 39.375 0.00682447
7.9 41.625 0.00634371
7.9 43.875 0.00801814
8.1 1.125 0.00490995
8.1 3.375 0.00476014
8.1 5.625 0.00396896
8.1 7.875 0.00675254
8.1 10.125 0.00621286
8.1 12.375 0.00577346
8.1 14.625 0.005094
8.1 16.875 0.00506676
8.1 19.125 0.00540787
8.1 21.375 0.00602378
8.1 23.625 0.00686751
8.1 25.875 0.00605914
8.1 28.125 0.00669561
8.1 30.375 0.00864358
8.1 32.625 0.00403133
8.1 34.875 0.00572955
8.1 37.125 0.00522118
8.1 39.375 0.00541032
8.1 41.625 0.0121782
8.1 43.875 0.00595915
8.3 1.125 0.00716676
8.3 3.375 0.00821957
8.3 5.625 0.00533683
8.3 7.875 0.00905214
8.3 10.125 0.00524596
8.3 12.375 0.00459353
8.3 14.625 0.00547866
8.3 16.875 0.00450829
8.3 19.125 0.00545724
8.3 21.375 0.00554947
8.3 23.625 0.00640959
8.3 25.875 0.00497656
8.3 28.125 0.00645918
8.3 30.375 0.0055847
8.3 32.625 0.00525924
8.3 34.875 0.00610392
8.3 37.125 0.00545937
8.3 39.375 0.0996464
8.3 41.625 0.00466017
8.3 43.875 0.0064688
8.5 1.125 0.00558358
8.5 3.375 0.00700054
8.5 5.625 0.00518899
8.5 7.875 0.00398921
8.5 10.125 0.00660296
8.5 12.375 0.00485942
8.5 14.625 0.00543842
8.5 16.875 0.0042534
8.5 19.125 0.00563946
8.5 21.375 0.00489578
8.5 23.625 0.00528309
8.5 25.875 0.00628839
8.5 28.125 0.00717697
8.5 30.375 0.00443738
8.5 32.625 0.00372706
8.5 34.875 0.00396422
8.5 37.125 0.00441781
8.5 39.375 0.0047069
8.5 41.625 0.00614944
8.5 43.875 0.00475663
8.7 1.125 0.00425794
8.7 3.375 0.00469847
8.7 5.625 0.00486062
8.7 7.875 0.00516943
8.7 10.125 0.00385467
8.7 12.375 0.0065253
8.7 14.625 0.00419156
8.7 16.875 0.00603714
8.7 19.125 0.00459356
8.7 21.375 0.00363965
8.7 23.625 0.00525747
8.7 25.875 0.00549588
8.7 28.125 0.00507852
8.7 30.375 0.00559767
8.7 32.625 0.00533061
8.7 34.875 0.00666684
8.7 37.125 0.00577653
8.7 39.375 0.00583279
8.7 41.625 0.00578997
8.7 43.875 0.0040615
8.9 1.125 0.00703759
8.9 3.375 0.00604158
8.9 5.625 0.00454251
8.9 7.875 0.00590553
8.9 10.125 0.00500979
8.9 12.375 0.00458992
8.9 14.625 0.00478345
8.9 16.875 0.00509521
8.9 19.125 0.0164819
8.9 21.375 0.00636883
8.9 23.625 0.0050225
8.9 25.875 0.0068986
8.9 28.125 0.00593488
8.9 30.375 0.00578247
8.9 32.625 0.00505112
8.9 34.875 0.00529148
8.9 39.375 0.00694792
8.9 41.625 0.0051731
8.9 43.875 0.0070289
9.1 1.125 0.00670117
9.1 3.375 0.00509474
9.1 5.625 0.0056829
9.1 7.875 0.00783017
9.1 10.125 0.0059354
9.1 12.375 0.00543948
9.1 14.625 0.00664164
9.1 16.875 0.00585391
9.1 19.125 0.0034575
9.1 21.375 0.00993627
9.1 23.625 0.00628143
9.1 25.875 0.00494787
9.1 28.125 0.00518209
9.1 32.625 0.00709797
9.1 34.875 0.00679067
9.1 37.125 0.005602
9.1 39.375 0.00465208
9.1 41.625 0.00529275
9.1 43.875 0.00423493
9.3 1.125 0.00479858
9.3 3.375 0.0102221
9.3 5.625 0.00433536
9.3 7.875 0.00627836
9.3 10.125 0.00363495
9.3 12.375 0.00442049
9.3 14.625 0.00564531
9.3 16.875 0.0164325
9.3 19.125 0.00689285
9.3 21.375 0.00346931
9.3 23.625 0.00570452
9.3 25.875 0.00322009
9.3 28.125 0.00688409
9.3 30.375 0.0044198
9.3 32.625 0.00727151
9.3 34.875 0.0080455
9.3 37.125 0.00658189
9.3 39.375 0.0050616
9.3 41.625 0.00472455
9.3 43.875 0.00464394
9.5 1.125 0.0101241
9.5 3.375 0.00634282
9.5 5.625 0.0048568
9.5 7.875 0.00483813
9.5 10.125 0.00589727
9.5 14.625 0.00486222
9.5 16.875 0.00410447
9.5 19.125 0.00694877
9.5 21.375 0.00625155
9.5 23.625 0.00661908
9.5 25.875 0.00793085
9.5 28.125 0.00757334
9.5 30.375 0.00430883
9.5 32.625 0.00388886
9.5 34.875 0.0062662
9.5 37.125 0.00990432
9.5 39.375 0.00442007
9.5 41.625 0.00587455
9.5 43.875 0.00625633
9.7 1.125 0.00473742
9.7 3.375 0.00528707
9.7 5.625 0.00507303
9.7 7.875 0.00450471
9.7 10.125 0.00760055
9.7 12.375 0.00544707
9.7 14.625 0.00558024
9.7 16.875 0.00596877
9.7 19.125 0.00515893
9.7 23.625 0.00595865
9.7 25.875 0.00599819
9.7 28.125 0.00486538
9.7 34.875 0.00543145
9.7 37.125 0.00423284
9.7 39.375 0.00484643
9.7 41.625 0.00481109
9.7 43.875 0.00697199
9.9 1.125 0.00465013
9.9 3.375 0.00362608
9.9 5.625 0.0175169
9.9 10.125 0.00533395
9.9 12.375 0.00384688
9.9 14.625 0.00516631
9.9 16.875 0.00626982
9.9 19.125 0.00730211
9.9 21.375 0.00734207
9.9 23.625 0.00400915
9.9 28.125 0.0045598
9.9 30.375 0.00583292
9.9 32.625 0.178578
9.9 34.875 0.00499495
9.9 37.125 0.00539697
9.9 39.375 0.00995309
10.1 1.125 0.00463967
10.1 3.375 0.00515959
10.1 7.875 0.00572318
10.1 10.125 0.00360192
10.1 12.375 0.00406946
10.1 14.625 0.00612419
10.1 16.875 0.00624771
10.1 21.375 0.00502308
10.1 23.625 0.0130446
10.1 28.125 0.00992011
10.1 32.625 0.00427692
10.1 34.875 0.00453561
10.1 37.125 0.00598222
10.1 41.625 0.00475093
10.3 1.125 0.00493458
10.3 5.625 0.00691139
10.3 7.875 0.00463182
10.3 10.125 0.0031121
10.3 12.375 0.00568786
10.3 14.625 0.00539421
10.3 19.125 0.00611167
10.3 23.625 0.0060386
10.3 25.875 0.00734812
10.3 30.375 0.00474975
10.3 32.625 0.00683474
10.3 37.125 0.0040457
10.3 39.375 0.00345917
10.3 41.625 0.00567394
10.3 43.875 0.00450785
10.5 3.375 0.00643772
10.5 5.625 0.00621986
10.5 7.875 0.0060144
10.5 10.125 0.00537951
10.5 14.625 0.00490061
10.5 16.875 0.00425128
10.5 19.125 0.00426679
10.5 21.375 0.00431381
10.5 23.625 0.00501445
10.5 28.125 0.00414599
10.5 30.375 0.0174503
10.5 34.875 0.00625095
10.5 37.125 0.00751961
10.5 43.875 0.00536472
10.7 1.125 0.0056157
10.7 3.375 0.00480203
10.7 5.625 0.00406824
10.7 7.875 0.00513869
10.7 10.125 0.00666107
10.7 14.625 0.00678759
10.7 16.875 0.00327032
10.7 21.375 0.00710452
10.7 28.125 0.00525579
10.7 30.375 0.00556901
10.7 32.625 0.00544156
10.7 37.125 0.00387493
10.7 39.375 0.00461852
10.9 1.125 0.0163264
10.9 12.375 0.00641523
10.9 19.125 0.00488989
10.9 21.375 0.00528221
10.9 28.125 0.00496658
10.9 30.375 0.0103823
10.9 34.875 0.0139724
10.9 39.375 0.00751521
11.1 5.625 0.00422223
11.1 19.125 0.00421368
11.1 21.375 0.00542995
11.1 25.875 0.00377973
11.1 32.625 0.00485162
11.1 34.875 0.00354968
11.1 37.125 0.00645872
11.1 39.375 0.00540886
11.1 41.625 0.00376092
11.1 43.875 0.00404692
11.3 1.125 0.00317587
11.3 3.375 0.00408315
11.3 5.625 0.00593876
11.3 10.125 0.00408756
11.3 12.375 0.00898423
11.3 14.625 0.00415572
11.3 16.875 0.00419186
11.3 21.375 0.00590414
11.3 23.625 0.00394062
11.3 32.625 0.005702
11.3 34.875 0.0056084
11.3 37.125 0.00837289
11.5 5.625 0.00759597
11.5 7.875 0.0110669
11.5 10.125 0.00901672
11.5 12.375 0.0044342
11.5 16.875 0.00737782
11.5 21.375 0.00588689
11.5 28.125 0.012407
11.5 30.375 0.00348963
11.7 10.125 0.00543689
11.7 14.625 0.00668661
11.7 16.875 0.00735275
11.7 32.625 0.00710081
11.7 34.875 0.0121658
11.9 3.375 0.00449484
11.9 19.125 0.00437551
11.9 34.875 0.00349246
11.9 43.875 0.00625093
12.1 5.625 0.00519652
12.1 19.125 0.00691556
12.1 21.375 0.00364938
12.1 32.625 0.00417541
12.1 39.375 0.00498501
12.3 43.875 0.0256334
12.5 7.875 0.00427481
12.5 21.375 0.00771493
12.5 25.875 0.00404651
12.5 39.375 0.00680166
12.7 21.375 0.00525384
12.7 41.625 0.00516544
12.9 1.125 0.00645044
13.3 5.625 0.00554152
13.3 37.125 0.00781412
13.5 16.875 0.0136167
13.5 41.625 0.00739639
13.7 5.625 0.00828138
