0.1 1.125 4.53926
0.1 3.375 4.52213
0.1 5.625 4.48872
0.1 7.875 4.50402
0.1 10.125 3.74048
0.1 12.375 3.56664
0.1 14.625 3.04709
0.1 16.875 3.84436
0.1 19.125 4.4875
0.1 21.375 4.50093
0.1 23.625 3.8658
0.1 25.875 4.52462
0.1 28.125 4.52545
0.1 30.375 3.96988
0.1 32.625 4.49601
0.1 34.875 4.54959
0.1 37.125 4.53845
0.1 39.375 4.51438
0.1 41.625 4.49512
0.1 43.875 3.56724
0.3 1.125 4.48745
0.3 3.375 4.45775
0.3 5.625 4.47397
0.3 7.875 4.45697
0.3 10.125 4.44637
0.3 12.375 4.42214
0.3 14.625 4.42299
0.3 16.875 4.30879
0.3 19.125 4.35607
0.3 21.375 4.49438
0.3 23.625 4.34039
0.3 25.875 4.43474
0.3 28.125 4.50167
0.3 30.375 4.48996
0.3 32.625 4.49503
0.3 34.875 4.23521
0.3 37.125 4.48257
0.3 39.375 4.46063
0.3 41.625 4.43346
0.3 43.875 4.35587
0.5 1.125 4.25882
0.5 3.375 4.38087
0.5 5.625 4.33405
0.5 7.875 4.3114
0.5 10.125 4.34544
0.5 12.375 4.37494
0.5 14.625 4.3627
0.5 16.875 4.3735
0.5 19.125 4.31018
0.5 21.375 4.34049
0.5 23.625 4.38895
0.5 25.875 4.39837
0.5 28.125 4.343
0.5 30.375 4.39698
0.5 32.625 4.38018
0.5 34.875 4.36986
0.5 37.125 4.38908
0.5 39.375 4.34601
0.5 41.625 4.39386
0.5 43.875 4.34295
0.7 1.125 3.84898
0.7 3.375 4.05557
0.7 5.625 4.13226
0.7 7.875 4.17701
0.7 10.125 4.13395
0.7 12.375 4.0611
0.7 14.625 4.08707
0.7 16.875 4.11515
0.7 19.125 4.11798
0.7 21.375 4.07955
0.7 23.625 4.20665
0.7 25.875 4.15637
0.7 28.125 4.17
0.7 30.375 4.10808
0.7 32.625 4.21151
0.7 34.875 4.1614
0.7 37.125 4.22593
0.7 39.375 4.08626
0.7 41.625 4.20258
0.7 43.875 4.22248
0.9 1.125 3.50935
0.9 3.375 3.66174
0.9 5.625 3.6
0.9 7.875 3.60297
0.9 10.125 3.7474
0.9 12.375 3.53726
0.9 14.625 3.73762
0.9 16.875 3.80498
0.9 19.125 3.76533
0.9 21.375 3.7279
0.9 23.625 3.81911
0.9 25.875 3.81067
0.9 28.125 3.84425
0.9 30.375 3.83668
0.9 32.625 3.90733
0.9 34.875 3.85294
0.9 37.125 3.94427
0.9 39.375 3.91989
0.9 41.625 3.95485
0.9 43.875 3.92098
1.1 1.125 2.48069
1.1 3.375 2.64885
1.1 5.625 2.6648
1.1 7.875 2.57214
1.1 10.125 2.5068
1.1 12.375 2.62165
1.1 14.625 2.79461
1.1 16.875 2.79999
1.1 19.125 2.90171
1.1 21.375 3.01794
1.1 23.625 3.09682
1.1 25.875 3.21207
1.1 28.125 3.3009
1.1 30.375 3.31921
1.1 32.625 3.40373
1.1 34.875 3.43482
1.1 37.125 3.50346
1.1 39.375 3.62404
1.1 41.625 3.52259
1.1 43.875 3.57076
1.3 1.125 1.40917
1.3 3.375 1.58984
1.3 5.625 1.62271
1.3 7.875 1.64199
1.3 10.125 1.5758
1.3 12.375 1.75533
1.3 14.625 1.68845
1.3 16.875 1.73839
1.3 19.125 1.71006
1.3 21.375 1.93534
1.3 23.625 2.02393
1.3 25.875 2.04012
1.3 28.125 2.15953
1.3 30.375 2.31732
1.3 32.625 2.37168
1.3 34.875 2.53121
1.3 37.125 2.57714
1.3 39.375 2.8372
1.3 41.625 2.91478
1.3 43.875 2.89019
1.5 1.125 0.801721
1.5 3.375 0.785287
1.5 5.625 0.828031
1.5 7.875 0.814703
1.5 10.125 0.826747
1.5 12.375 0.876392
1.5 14.625 0.873482
1.5 16.875 0.958735
1.5 19.125 0.93231
1.5 21.375 0.96836
1.5 23.625 1.06897
1.5 25.875 1.12445
1.5 28.125 1.14053
1.5 30.375 1.22649
1.5 32.625 1.28526
1.5 34.875 1.32792
1.5 37.125 1.48935
1.5 39.375 1.68314
1.5 41.625 1.7373
1.5 43.875 1.80395
1.7 1.125 0.442287
1.7 3.375 0.469664
1.7 5.625 0.47038
1.7 7.875 0.484409
1.7 10.125 0.473071
1.7 12.375 0.514239
1.7 14.625 0.497777
1.7 16.875 0.517541
1.7 19.125 0.537614
1.7 21.375 0.544135
1.7 23.625 0.563778
1.7 25.875 0.595216
1.7 28.125 0.598214
1.7 30.375 0.640463
1.7 32.625 0.701404
1.7 34.875 0.747893
1.7 37.125 0.790724
1.7 39.375 0.923754
1.7 41.625 0.897582
1.7 43.875 0.869887
1.9 1.125 0.273478
1.9 3.375 0.283351
1.9 5.625 0.281719
1.9 7.875 0.295562
1.9 10.125 0.292902
1.9 12.375 0.298807
1.9 14.625 0.318341
1.9 16.875 0.328598
1.9 19.125 0.321469
1.9 21.375 0.348871
1.9 23.625 0.331842
1.9 25.875 0.346443
1.9 28.125 0.357716
1.9 30.375 0.391204
1.9 32.625 0.417971
1.9 34.875 0.437681
1.9 37.125 0.453312
1.9 39.375 0.488399
1.9 41.625 0.515956
1.9 43.875 0.530254
2.1 1.125 0.19001
2.1 3.375 0.197688
2.1 5.625 0.195293
2.1 7.875 0.186796
2.1 10.125 0.195834
2.1 12.375 0.201339
2.1 14.625 0.201624
2.1 16.875 0.205379
2.1 19.125 0.209117
2.1 21.375 0.219527
2.1 23.625 0.215771
2.1 25.875 0.223512
2.1 28.125 0.239589
2.1 30.375 0.246565
2.1 32.625 0.265067
2.1 34.875 0.279052
2.1 37.125 0.299547
2.1 39.375 0.309486
2.1 41.625 0.30812
2.1 43.875 0.311916
2.3 1.125 0.134908
2.3 3.375 0.139513
2.3 5.625 0.129763
2.3 7.875 0.14179
2.3 10.125 0.135715
2.3 12.375 0.135988
2.3 14.625 0.133969
2.3 16.875 0.13445
2.3 19.125 0.141324
2.3 21.375 0.146572
2.3 23.625 0.148617
2.3 25.875 0.155739
2.3 28.125 0.160888
2.3 30.375 0.169588
2.3 32.625 0.182328
2.3 34.875 0.186534
2.3 37.125 0.195697
2.3 39.375 0.195159
2.3 41.625 0.202
2.3 43.875 0.198494
2.5 1.125 0.0968805
2.5 3.375 0.0959698
2.5 5.625 0.10244
2.5 7.875 0.0977665
2.5 10.125 0.0996859
2.5 12.375 0.101207
2.5 14.625 0.0987841
2.5 16.875 0.0967607
2.5 19.125 0.0995353
2.5 21.375 0.103001
2.5 23.625 0.101029
2.5 25.875 0.106315
2.5 28.125 0.124217
2.5 30.375 0.122112
2.5 32.625 0.138189
2.5 34.875 0.130158
2.5 37.125 0.132724
2.5 39.375 0.131857
2.5 41.625 0.13229
2.5 43.875 0.132523
2.7 1.125 0.0772669
2.7 3.375 0.0755003
2.7 5.625 0.0765937
2.7 7.875 0.0753554
2.7 10.125 0.0735107
2.7 12.375 0.0761958
2.7 14.625 0.0757443
2.7 16.875 0.0760257
2.7 19.125 0.0766774
2.7 21.375 0.0736249
2.7 23.625 0.0788395
2.7 25.875 0.0828003
2.7 28.125 0.0832755
2.7 30.375 0.0864418
2.7 32.625 0.0912563
2.7 34.875 0.0941971
2.7 37.125 0.0929821
2.7 39.375 0.0906831
2.7 41.625 0.0904143
2.7 43.875 0.0910618
2.9 1.125 0.0597029
2.9 3.375 0.058126
2.9 5.625 0.0590728
2.9 7.875 0.0594775
2.9 10.125 0.0626553
2.9 12.375 0.0609709
2.9 14.625 0.0608218
2.9 16.875 0.0602025
2.9 19.125 0.060488
2.9 21.375 0.063094
2.9 23.625 0.0625968
2.9 25.875 0.0708996
2.9 28.125 0.0647683
2.9 30.375 0.0695168
2.9 32.625 0.0694958
2.9 34.875 0.0708388
2.9 37.125 0.0723144
2.9 39.375 0.0704249
2.9 41.625 0.0686613
2.9 43.875 0.0686549
3.1 1.125 0.0479809
3.1 3.375 0.0487862
3.1 5.625 0.0513827
3.1 7.875 0.0490192
3.1 10.125 0.0469887
3.1 12.375 0.0492467
3.1 14.625 0.0500249
3.1 16.875 0.0478992
3.1 19.125 0.049212
3.1 21.375 0.0516533
3.1 23.625 0.0516186
3.1 25.875 0.0541151
3.1 28.125 0.0565474
3.1 30.375 0.0591069
3.1 32.625 0.056943
3.1 34.875 0.0579024
3.1 37.125 0.059485
3.1 39.375 0.0574679
3.1 41.625 0.0558328
3.1 43.875 0.0546843
3.3 1.125 0.0372626
3.3 3.375 0.0384301
3.3 5.625 0.0385354
3.3 7.875 0.0407753
3.3 10.125 0.0391143
3.3 12.375 0.0397855
3.3 14.625 0.0405264
3.3 16.875 0.0382452
3.3 19.125 0.0395313
3.3 21.375 0.043363
3.3 23.625 0.0418358
3.3 25.875 0.0443873
3.3 28.125 0.0447951
3.3 30.375 0.0466672
3.3 32.625 0.0464862
3.3 34.875 0.04461
3.3 37.125 0.0452675
3.3 39.375 0.0446353
3.3 41.625 0.0437949
3.3 43.875 0.0463472
3.5 1.125 0.0309646
3.5 3.375 0.0291495
3.5 5.625 0.03066
3.5 7.875 0.0296024
3.5 10.125 0.0308684
3.5 12.375 0.0314592
3.5 14.625 0.0302782
3.5 16.875 0.0307981
3.5 19.125 0.031362
3.5 21.375 0.0323177
3.5 23.625 0.0364754
3.5 25.875 0.0376126
3.5 28.125 0.0382636
3.5 30.375 0.0370874
3.5 32.625 0.0357448
3.5 34.875 0.0362712
3.5 37.125 0.0386653
3.5 39.375 0.0381111
3.5 41.625 0.0372973
3.5 43.875 0.0357034
3.7 1.125 0.0282726
3.7 3.375 0.0251561
3.7 5.625 0.0255793
3.7 7.875 0.0260073
3.7 10.125 0.0260522
3.7 12.375 0.0267459
3.7 14.625 0.0238357
3.7 16.875 0.0248136
3.7 19.125 0.0266264
3.7 21.375 0.0273375
3.7 23.625 0.0274509
3.7 25.875 0.0299078
3.7 28.125 0.030418
3.7 30.375 0.0299765
3.7 32.625 0.0305902
3.7 34.875 0.031645
3.7 37.125 0.0299576
3.7 39.375 0.0299425
3.7 41.625 0.0299792
3.7 43.875 0.0308914
3.9 1.125 0.022504
3.9 3.375 0.0238996
3.9 5.625 0.0229358
3.9 7.875 0.0228272
3.9 10.125 0.0232161
3.9 12.375 0.0239683
3.9 14.625 0.0234744
3.9 16.875 0.0225377
3.9 19.125 0.0253881
3.9 21.375 0.0253164
3.9 23.625 0.0236667
3.9 25.875 0.0238868
3.9 28.125 0.0259788
3.9 30.375 0.0248952
3.9 32.625 0.0258055
3.9 34.875 0.0245351
3.9 37.125 0.0242471
3.9 39.375 0.0258991
3.9 41.625 0.0254556
3.9 43.875 0.0257308
4.1 1.125 0.0197448
4.1 3.375 0.0193828
4.1 5.625 0.0199274
4.1 7.875 0.0198677
4.1 10.125 0.0200415
4.1 12.375 0.0203585
4.1 14.625 0.020458
4.1 16.875 0.0200727
4.1 19.125 0.0217585
4.1 21.375 0.0211391
4.1 23.625 0.0217701
4.1 25.875 0.019794
4.1 28.125 0.0214182
4.1 30.375 0.0205456
4.1 32.625 0.0192119
4.1 34.875 0.0195026
4.1 37.125 0.0204563
4.1 39.375 0.0197747
4.1 41.625 0.0215312
4.1 43.875 0.0208003
4.3 1.125 0.0174577
4.3 3.375 0.0170064
4.3 5.625 0.0177462
4.3 7.875 0.0176347
4.3 10.125 0.0171755
4.3 12.375 0.0168535
4.3 14.625 0.0173497
4.3 16.875 0.0181797
4.3 19.125 0.0178014
4.3 21.375 0.0187602
4.3 23.625 0.017759
4.3 25.875 0.018303
4.3 28.125 0.0180264
4.3 30.375 0.0188583
4.3 32.625 0.0172707
4.3 34.875 0.0171803
4.3 37.125 0.0162258
4.3 39.375 0.0169464
4.3 41.625 0.0172255
4.3 43.875 0.0174637
4.5 1.125 0.0149999
4.5 3.375 0.0153094
4.5 5.625 0.01437
4.5 7.875 0.0146961
4.5 10.125 0.0147527
4.5 12.375 0.0146612
4.5 14.625 0.0158286
4.5 16.875 0.0165086
4.5 19.125 0.0162581
4.5 21.375 0.0155531
4.5 23.625 0.0160487
4.5 25.875 0.0151774
4.5 28.125 0.0153417
4.5 30.375 0.0151341
4.5 32.625 0.0154434
4.5 34.875 0.0140282
4.5 37.125 0.0143618
4.5 39.375 0.0152689
4.5 41.625 0.0143173
4.5 43.875 0.0149216
4.7 1.125 0.0144583
4.7 3.375 0.0129152
4.7 5.625 0.0133528
4.7 7.875 0.0139153
4.7 10.125 0.0127223
4.7 12.375 0.0129682
4.7 14.625 0.0128067
4.7 16.875 0.0135344
4.7 19.125 0.0132429
4.7 21.375 0.0138174
4.7 23.625 0.0136762
4.7 25.875 0.013733
4.7 28.125 0.0139986
4.7 30.375 0.0127923
4.7 32.625 0.0144394
4.7 34.875 0.012646
4.7 37.125 0.0124751
4.7 39.375 0.0125368
4.7 41.625 0.0121124
4.7 43.875 0.0121949
4.9 1.125 0.0116081
4.9 3.375 0.0116705
4.9 5.625 0.0113237
4.9 7.875 0.0225933
4.9 10.125 0.0121873
4.9 12.375 0.0109299
4.9 14.625 0.0108365
4.9 16.875 0.0119663
4.9 19.125 0.0122999
4.9 21.375 0.0118677
4.9 23.625 0.0115853
4.9 25.875 0.0188635
4.9 28.125 0.0122588
4.9 30.375 0.0115744
4.9 32.625 0.0122418
4.9 34.875 0.0116695
4.9 37.125 0.0114531
4.9 39.375 0.0106671
4.9 41.625 0.0103189
4.9 43.875 0.0108065
5.1 1.125 0.010731
5.1 3.375 0.0104075
5.1 5.625 0.01056
5.1 7.875 0.0100142
5.1 10.125 0.0180363
5.1 12.375 0.0126802
5.1 14.625 0.0123847
5.1 16.875 0.0108336
5.1 19.125 0.0215686
5.1 21.375 0.0105365
5.1 23.625 0.010153
5.1 25.875 0.0106723
5.1 28.125 0.0102112
5.1 30.375 0.0102131
5.1 32.625 0.0101967
5.1 34.875 0.00941251
5.1 37.125 0.0100375
5.1 39.375 0.010318
5.1 41.625 0.00875791
5.1 43.875 0.00904765
5.3 1.125 0.00891044
5.3 3.375 0.00949046
5.3 5.625 0.00928625
5.3 7.875 0.0091868
5.3 10.125 0.00938066
5.3 12.375 0.00890206
5.3 14.625 0.00970393
5.3 16.875 0.0116085
5.3 19.125 0.00945101
5.3 21.375 0.00949723
5.3 23.625 0.00955668
5.3 25.875 0.00867229
5.3 28.125 0.00820825
5.3 30.375 0.00890023
5.3 32.625 0.009296
5.3 34.875 0.00888485
5.3 37.125 0.00909154
5.3 39.375 0.00849085
5.3 41.625 0.00817836
5.3 43.875 0.00824713
5.5 1.125 0.0199952
5.5 3.375 0.00828157
5.5 5.625 0.0076807
5.5 7.875 0.00821576
5.5 10.125 0.00846943
5.5 12.375 0.00856042
5.5 14.625 0.00868733
5.5 16.875 0.00818127
5.5 19.125 0.00837399
5.5 21.375 0.0122642
5.5 23.625 0.00767372
5.5 25.875 0.00800206
5.5 28.125 0.0084175
5.5 30.375 0.0160832
5.5 32.625 0.00808176
5.5 34.875 0.00887117
5.5 37.125 0.00777738
5.5 39.375 0.0158828
5.5 41.625 0.00710194
5.5 43.875 0.00696691
5.7 1.125 0.00726609
5.7 3.375 0.00682959
5.7 5.625 0.00716319
5.7 7.875 0.00692503
5.7 10.125 0.00678661
5.7 12.375 0.00731767
5.7 14.625 0.00769376
5.7 16.875 0.008183
5.7 19.125 0.00800397
5.7 21.375 0.00744737
5.7 23.625 0.00791118
5.7 25.875 0.00745305
5.7 28.125 0.00704348
5.7 30.375 0.00703834
5.7 32.625 0.00722474
5.7 34.875 0.00713639
5.7 37.125 0.00661611
5.7 39.375 0.00669152
5.7 41.625 0.00691493
5.7 43.875 0.00682218
5.9 1.125 0.011744
5.9 3.375 0.00897891
5.9 5.625 0.00654736
5.9 7.875 0.0063108
5.9 10.125 0.00640119
5.9 12.375 0.00645592
5.9 14.625 0.0066849
5.9 16.875 0.00656546
5.9 19.125 0.00692667
5.9 21.375 0.00680372
5.9 23.625 0.00766554
5.9 25.875 0.00715188
5.9 28.125 0.00665443
5.9 30.375 0.00688198
5.9 32.625 0.00659896
5.9 34.875 0.00614579
5.9 37.125 0.00605777
5.9 39.375 0.00604671
5.9 41.625 0.00664915
5.9 43.875 0.00637981
6.1 1.125 0.00618336
6.1 3.375 0.00580563
6.1 5.625 0.00563121
6.1 7.875 0.00547836
6.1 10.125 0.0052954
6.1 12.375 0.00557814
6.1 14.625 0.00563022
6.1 16.875 0.0056587
6.1 19.125 0.0106054
6.1 21.375 0.00588353
6.1 23.625 0.00591272
6.1 25.875 0.00605019
6.1 28.125 0.0060942
6.1 30.375 0.0059782
6.1 32.625 0.00604204
6.1 34.875 0.0057712
6.1 37.125 0.00524157
6.1 39.375 0.00572968
6.1 41.625 0.00543733
6.1 43.875 0.005628
6.3 1.125 0.00503735
6.3 3.375 0.00587644
6.3 5.625 0.00530906
6.3 7.875 0.00511282
6.3 10.125 0.0052361
6.3 12.375 0.00488379
6.3 14.625 0.00569034
6.3 16.875 0.00554503
6.3 19.125 0.00544086
6.3 21.375 0.00531432
6.3 23.625 0.00530771
6.3 25.875 0.00549948
6.3 28.125 0.00563948
6.3 30.375 0.00518668
6.3 32.625 0.00524271
6.3 34.875 0.0172515
6.3 37.125 0.00571815
6.3 39.375 0.00498055
6.3 41.625 0.0053593
6.3 43.875 0.00518273
6.5 1.125 0.00480835
6.5 3.375 0.00476543
6.5 5.625 0.00498674
6.5 7.875 0.00507483
6.5 10.125 0.00438493
6.5 12.375 0.00486596
6.5 14.625 0.00488354
6.5 16.875 0.00492188
6.5 19.125 0.00576955
6.5 21.375 0.0101272
6.5 23.625 0.00509738
6.5 25.875 0.00459613
6.5 28.125 0.00488457
6.5 30.375 0.00497314
6.5 32.625 0.00496459
6.5 34.875 0.00459181
6.5 37.125 0.00475563
6.5 39.375 0.00483618
6.5 41.625 0.00497039
6.5 43.875 0.00490252
6.7 1.125 0.00435716
6.7 3.375 0.0137072
6.7 5.625 0.00457383
6.7 7.875 0.00453321
6.7 10.125 0.00419592
6.7 12.375 0.00468676
6.7 14.625 0.00470745
6.7 16.875 0.00437937
6.7 19.125 0.00468948
6.7 21.375 0.00413574
6.7 23.625 0.00460036
6.7 25.875 0.00452816
6.7 28.125 0.00448797
6.7 30.375 0.00452502
6.7 32.625 0.00436941
6.7 34.875 0.00476517
6.7 37.125 0.00472255
6.7 39.375 0.00555955
6.7 41.625 0.00494453
6.7 43.875 0.00427414
6.9 1.125 0.00547654
6.9 3.375 0.00448748
6.9 5.625 0.00427689
6.9 7.875 0.00436582
6.9 10.125 0.00418286
6.9 12.375 0.00480256
6.9 14.625 0.00492683
6.9 16.875 0.0046338
6.9 19.125 0.00395188
6.9 21.375 0.0046241
6.9 23.625 0.00460002
6.9 25.875 0.00409156
6.9 28.125 0.00450354
6.9 30.375 0.00399735
6.9 32.625 0.00447891
6.9 34.875 0.00438834
6.9 37.125 0.00420292
6.9 39.375 0.00448071
6.9 41.625 0.00483136
6.9 43.875 0.00436486
7.1 1.125 0.00403306
7.1 3.375 0.00395537
7.1 5.625 0.00454321
7.1 7.875 0.00478482
7.1 10.125 0.00384281
7.1 12.375 0.00434898
7.1 14.625 0.00434001
7.1 16.875 0.00522746
7.1 19.125 0.00415186
7.1 21.375 0.00418534
7.1 23.625 0.00381905
7.1 25.875 0.00392142
7.1 28.125 0.00419644
7.1 30.375 0.00391043
7.1 32.625 0.00384148
7.1 34.875 0.00381362
7.1 37.125 0.00399229
7.1 39.375 0.00665175
7.1 41.625 0.00471183
7.1 43.875 0.00364865
7.3 1.125 0.00358789
7.3 3.375 0.00387832
7.3 5.625 0.00394494
7.3 7.875 0.00353216
7.3 10.125 0.00354959
7.3 12.375 0.00534412
7.3 14.625 0.00378631
7.3 16.875 0.00384761
7.3 19.125 0.00483533
7.3 21.375 0.00481766
7.3 23.625 0.00420037
7.3 25.875 0.00380313
7.3 28.125 0.00360326
7.3 30.375 0.00379647
7.3 32.625 0.00386783
7.3 34.875 0.00417868
7.3 37.125 0.00397058
7.3 39.375 0.00345563
7.3 41.625 0.00370358
7.3 43.875 0.00372639
7.5 1.125 0.00353841
7.5 3.375 0.0065691
7.5 5.625 0.00376728
7.5 7.875 0.00524576
7.5 10.125 0.00468037
7.5 12.375 0.00354839
7.5 14.625 0.00360538
7.5 16.875 0.0040865
7.5 19.125 0.00349713
7.5 21.375 0.00380785
7.5 23.625 0.00338464
7.5 25.875 0.00420931
7.5 28.125 0.00446674
7.5 30.375 0.00353573
7.5 32.625 0.00363475
7.5 34.875 0.00313983
7.5 37.125 0.00337161
7.5 39.375 0.0038411
7.5 41.625 0.00391443
7.5 43.875 0.00375617
7.7 1.125 0.00949835
7.7 3.375 0.00355992
7.7 5.625 0.00342083
7.7 7.875 0.00300999
7.7 10.125 0.0038162
7.7 12.375 0.00393125
7.7 14.625 0.00342679
7.7 16.875 0.00310898
7.7 19.125 0.0034087
7.7 21.375 0.00345565
7.7 23.625 0.0177457
7.7 25.875 0.00344034
7.7 28.125 0.00390501
7.7 30.375 0.00334613
7.7 32.625 0.00354246
7.7 34.875 0.00335728
7.7 37.125 0.00358502
7.7 39.375 0.00369915
7.7 41.625 0.00376217
7.7 43.875 0.00337842
7.9 1.125 0.00381985
7.9 3.375 0.00309026
7.9 5.625 0.00299844
7.9 7.875 0.00323501
7.9 10.125 0.00335166
7.9 12.375 0.00338317
7.9 14.625 0.00338906
7.9 16.875 0.00315925
7.9 19.125 0.00320823
7.9 21.375 0.00325167
7.9 23.625 0.00391369
7.9 25.875 0.00331279
7.9 28.125 0.00310775
7.9 30.375 0.0033112
7.9 32.625 0.00293003
7.9 34.875 0.00351171
7.9 37.125 0.00260813
7.9 39.375 0.00377852
7.9 41.625 0.00316356
7.9 43.875 0.00315621
8.1 1.125 0.00348919
8.1 3.375 0.00332104
8.1 5.625 0.0028966
8.1 7.875 0.00307127
8.1 10.125 0.00348488
8.1 12.375 0.00314772
8.1 14.625 0.00379869
8.1 16.875 0.00372159
8.1 19.125 0.00326674
8.1 21.375 0.00310326
8.1 23.625 0.0040261
8.1 25.875 0.00308001
8.1 28.125 0.0032519
8.1 30.375 0.00298585
8.1 32.625 0.00273516
8.1 34.875 0.00293045
8.1 37.125 0.00280512
8.1 39.375 0.00280342
8.1 41.625 0.00333828
8.1 43.875 0.00324026
8.3 1.125 0.00322802
8.3 3.375 0.00292158
8.3 5.625 0.00289513
8.3 7.875 0.00300511
8.3 10.125 0.00297398
8.3 12.375 0.00296796
8.3 14.625 0.00304576
8.3 16.875 0.0039657
8.3 19.125 0.00362132
8.3 21.375 0.00307004
8.3 23.625 0.00304352
8.3 25.875 0.00325766
8.3 28.125 0.00344892
8.3 30.375 0.00354775
8.3 32.625 0.00323788
8.3 34.875 0.00291878
8.3 37.125 0.00356981
8.3 39.375 0.00337425
8.3 41.625 0.00315695
8.3 43.875 0.00314601
8.5 1.125 0.00551302
8.5 3.375 0.00290201
8.5 5.625 0.00303295
8.5 7.875 0.00278495
8.5 10.125 0.00321066
8.5 12.375 0.00313196
8.5 14.625 0.00360155
8.5 16.875 0.00293104
8.5 19.125 0.00311742
8.5 21.375 0.00298181
8.5 23.625 0.00280172
8.5 25.875 0.00269707
8.5 28.125 0.00267202
8.5 30.375 0.0032282
8.5 32.625 0.00305487
8.5 34.875 0.00300549
8.5 37.125 0.00278891
8.5 39.375 0.00339892
8.5 41.625 0.00302623
8.5 43.875 0.00339977
8.7 1.125 0.0025489
8.7 3.375 0.00302396
8.7 5.625 0.00276434
8.7 7.875 0.0072711
8.7 10.125 0.00286269
8.7 12.375 0.00258916
8.7 14.625 0.00309177
8.7 16.875 0.00309433
8.7 19.125 0.00305962
8.7 21.375 0.00277575
8.7 23.625 0.00278703
8.7 25.875 0.00284404
8.7 28.125 0.00274422
8.7 30.375 0.00266291
8.7 32.625 0.002885
8.7 34.875 0.00289537
8.7 37.125 0.00311927
8.7 39.375 0.0031089
8.7 41.625 0.00335498
8.7 43.875 0.00285305
8.9 1.125 0.00280638
8.9 3.375 0.00301198
8.9 5.625 0.00267398
8.9 7.875 0.00874229
8.9 10.125 0.00286921
8.9 12.375 0.00289239
8.9 14.625 0.0175146
8.9 16.875 0.0027022
8.9 19.125 0.0030011
8.9 21.375 0.00276952
8.9 23.625 0.00294456
8.9 25.875 0.00271994
8.9 28.125 0.00267752
8.9 30.375 0.0234361
8.9 32.625 0.0131607
8.9 34.875 0.00285223
8.9 37.125 0.00427588
8.9 39.375 0.00258972
8.9 41.625 0.00352433
8.9 43.875 0.00268123
9.1 1.125 0.0026792
9.1 3.375 0.00349556
9.1 5.625 0.00255992
9.1 7.875 0.00286074
9.1 10.125 0.00257586
9.1 12.375 0.00266568
9.1 14.625 0.00271634
9.1 16.875 0.00258637
9.1 19.125 0.00291546
9.1 21.375 0.00270754
9.1 23.625 0.00574721
9.1 25.875 0.00273553
9.1 28.125 0.006008
9.1 30.375 0.0271028
9.1 32.625 0.00292842
9.1 34.875 0.00264141
9.1 37.125 0.00355315
9.1 39.375 0.00252606
9.1 41.625 0.0027664
9.1 43.875 0.00264078
9.3 1.125 0.00603144
9.3 3.375 0.00255806
9.3 5.625 0.00248702
9.3 7.875 0.00275186
9.3 10.125 0.00303555
9.3 12.375 0.00561192
9.3 14.625 0.0210386
9.3 16.875 0.00259355
9.3 19.125 0.00269655
9.3 21.375 0.00332682
9.3 23.625 0.0025606
9.3 25.875 0.00256932
9.3 28.125 0.00241251
9.3 30.375 0.0024924
9.3 32.625 0.00280699
9.3 34.875 0.00229552
9.3 37.125 0.00281915
9.3 39.375 0.00263901
9.3 41.625 0.00272691
9.3 43.875 0.00248687
9.5 1.125 0.00254452
9.5 3.375 0.00246175
9.5 5.625 0.00262192
9.5 7.875 0.00385512
9.5 10.125 0.00251323
9.5 12.375 0.00266627
9.5 14.625 0.0025408
9.5 16.875 0.00327624
9.5 19.125 0.00440447
9.5 21.375 0.00274117
9.5 23.625 0.00256794
9.5 25.875 0.00216377
9.5 28.125 0.00255063
9.5 30.375 0.00228083
9.5 32.625 0.00268773
9.5 34.875 0.00272428
9.5 37.125 0.00284221
9.5 39.375 0.0023937
9.5 41.625 0.00262762
9.5 43.875 0.00258688
9.7 1.125 0.00255463
9.7 3.375 0.00260183
9.7 5.625 0.00272277
9.7 7.875 0.0027324
9.7 10.125 0.00230243
9.7 12.375 0.00284254
9.7 14.625 0.0159463
9.7 16.875 0.00237577
9.7 19.125 0.0023512
9.7 21.375 0.00259378
9.7 23.625 0.00259432
9.7 25.875 0.00245669
9.7 28.125 0.00296776
9.7 30.375 0.00252583
9.7 32.625 0.00215224
9.7 34.875 0.00258439
9.7 37.125 0.00243417
9.7 39.375 0.00275113
9.7 41.625 0.00512388
9.7 43.875 0.00249657
9.9 1.125 0.00270545
9.9 3.375 0.00266599
9.9 5.625 0.00252169
9.9 7.875 0.0105491
9.9 10.125 0.00286378
9.9 12.375 0.00257988
9.9 14.625 0.00329148
9.9 16.875 0.00247866
9.9 19.125 0.00241089
9.9 21.375 0.00242399
9.9 23.625 0.0251749
9.9 25.875 0.00264311
9.9 28.125 0.00377917
9.9 30.375 0.00225504
9.9 32.625 0.00235815
9.9 34.875 0.00275911
9.9 37.125 0.00211585
9.9 39.375 0.0022947
9.9 41.625 0.00256033
9.9 43.875 0.00229761
10.1 1.125 0.00245606
10.1 3.375 0.00234325
10.1 5.625 0.00272574
10.1 7.875 0.00355192
10.1 10.125 0.00227415
10.1 12.375 0.00249736
10.1 14.625 0.00236266
10.1 16.875 0.00216646
10.1 19.125 0.0311631
10.1 21.375 0.00236428
10.1 23.625 0.00264923
10.1 25.875 0.00483699
10.1 28.125 0.00276487
10.1 30.375 0.00245784
10.1 32.625 0.00284515
10.1 34.875 0.00371461
10.1 37.125 0.00232017
10.1 39.375 0.00242955
10.1 41.625 0.0022126
10.1 43.875 0.00265534
10.3 1.125 0.00648406
10.3 3.375 0.00270704
10.3 5.625 0.00253779
10.3 7.875 0.00274921
10.3 10.125 0.00338114
10.3 12.375 0.00261759
10.3 14.625 0.00345948
10.3 16.875 0.00242311
10.3 19.125 0.00776757
10.3 21.375 0.0223586
10.3 23.625 0.0026365
10.3 25.875 0.00235167
10.3 28.125 0.00213582
10.3 30.375 0.0024635
10.3 32.625 0.00219972
10.3 34.875 0.00300851
10.3 37.125 0.00285776
10.3 39.375 0.0049132
10.3 41.625 0.00415248
10.3 43.875 0.00207054
10.5 1.125 0.00277465
10.5 3.375 0.00211484
10.5 5.625 0.00230467
10.5 7.875 0.00294243
10.5 10.125 0.00256989
10.5 12.375 0.0035232
10.5 14.625 0.0279416
10.5 16.875 0.00283789
10.5 19.125 0.00257088
10.5 21.375 0.00268456
10.5 23.625 0.00242474
10.5 25.875 0.00252029
10.5 28.125 0.0028774
10.5 30.375 0.00401837
10.5 32.625 0.00241864
10.5 34.875 0.00275714
10.5 37.125 0.00231053
10.5 39.375 0.00254757
10.5 41.625 0.00267079
10.5 43.875 0.00211761
10.7 1.125 0.00299219
10.7 3.375 0.00206567
10.7 5.625 0.00220999
10.7 7.875 0.00298221
10.7 10.125 0.00430671
10.7 12.375 0.00231187
10.7 14.625 0.00207958
10.7 16.875 0.0025593
10.7 19.125 0.00241245
10.7 21.375 0.00253021
10.7 23.625 0.00267124
10.7 25.875 0.00241754
10.7 28.125 0.00208792
10.7 30.375 0.00272164
10.7 32.625 0.00269951
10.7 34.875 0.00214703
10.7 37.125 0.00195049
10.7 39.375 0.0026445
10.7 41.625 0.00211271
10.7 43.875 0.00265151
10.9 1.125 0.00278399
10.9 3.375 0.00259973
10.9 5.625 0.0022078
10.9 7.875 0.00226339
10.9 10.125 0.0022697
10.9 12.375 0.00248655
10.9 14.625 0.00237421
10.9 16.875 0.00207556
10.9 19.125 0.00255396
10.9 21.375 0.0024659
10.9 23.625 0.00243445
10.9 25.875 0.00200016
10.9 28.125 0.00194664
10.9 30.375 0.00206199
10.9 32.625 0.00236903
10.9 34.875 0.00258801
10.9 37.125 0.00202577
10.9 39.375 0.0022442
10.9 41.625 0.00238967
10.9 43.875 0.0023717
11.1 1.125 0.00228399
11.1 3.375 0.00361224
11.1 5.625 0.0151613
11.1 7.875 0.0311877
11.1 10.125 0.00271584
11.1 12.375 0.00284384
11.1 14.625 0.00216021
11.1 16.875 0.00225075
11.1 19.125 0.00237029
11.1 21.375 0.00227489
11.1 23.625 0.0361855
11.1 25.875 0.00289679
11.1 28.125 0.00236878
11.1 30.375 0.0023081
11.1 32.625 0.00499327
11.1 34.875 0.00207258
11.1 37.125 0.00702938
11.1 39.375 0.00203389
11.1 41.625 0.00204489
11.1 43.875 0.00266585
11.3 1.125 0.00283361
11.3 3.375 0.00247521
11.3 5.625 0.0173333
11.3 7.875 0.00221281
11.3 10.125 0.00232616
11.3 12.375 0.00279993
11.3 14.625 0.00219816
11.3 16.875 0.0021845
11.3 19.125 0.00235382
11.3 21.375 0.0449856
11.3 23.625 0.0591073
11.3 25.875 0.00329348
11.3 28.125 0.00203723
11.3 30.375 0.0439279
11.3 32.625 0.00260509
11.3 34.875 0.0099828
11.3 37.125 0.00238163
11.3 39.375 0.00204959
11.3 41.625 0.00238832
11.3 43.875 0.00182096
11.5 1.125 0.002335
11.5 3.375 0.00267296
11.5 5.625 0.00228425
11.5 7.875 0.00234256
11.5 10.125 0.00455768
11.5 12.375 0.00196428
11.5 14.625 0.00239175
11.5 16.875 0.00271776
11.5 19.125 0.0026244
11.5 21.375 0.00266714
11.5 23.625 0.00228325
11.5 25.875 0.00199031
11.5 28.125 0.00241934
11.5 30.375 0.00213403
11.5 32.625 0.00225462
11.5 34.875 0.00229341
11.5 37.125 0.00197592
11.5 39.375 0.00202293
11.5 41.625 0.00213677
11.5 43.875 0.00217642
11.7 1.125 0.00255097
11.7 3.375 0.00204895
11.7 5.625 0.00223419
11.7 7.875 0.00216369
11.7 10.125 0.00231709
11.7 12.375 0.00203817
11.7 14.625 0.0430348
11.7 16.875 0.00224501
11.7 19.125 0.00226891
11.7 21.375 0.00225283
11.7 23.625 0.00225161
11.7 25.875 0.00197781
11.7 28.125 0.00199731
11.7 30.375 0.00213754
11.7 32.625 0.00231326
11.7 34.875 0.00248172
11.7 37.125 0.0019423
11.7 39.375 0.00264099
11.7 41.625 0.00314765
11.7 43.875 0.00225514
11.9 1.125 0.00232278
11.9 3.375 0.00212426
11.9 5.625 0.00233483
11.9 7.875 0.00270171
11.9 10.125 0.00223999
11.9 12.375 0.00240257
11.9 14.625 0.00216224
11.9 16.875 0.00222357
11.9 19.125 0.00230199
11.9 21.375 0.00253662
11.9 23.625 0.00211489
11.9 25.875 0.00241593
11.9 28.125 0.00214507
11.9 30.375 0.00222346
11.9 32.625 0.00190817
11.9 34.875 0.00269271
11.9 37.125 0.00206419
11.9 39.375 0.00175564
11.9 41.625 0.0309475
11.9 43.875 0.00234727
12.1 1.125 0.00214334
12.1 3.375 0.002291
12.1 5.625 0.00212243
12.1 7.875 0.00314752
12.1 10.125 0.00200898
12.1 12.375 0.00251041
12.1 14.625 0.0022517
12.1 16.875 0.00200082
12.1 19.125 0.00268296
12.1 21.375 0.00739922
12.1 23.625 0.0017403
12.1 25.875 0.00172756
12.1 28.125 0.00181941
12.1 30.375 0.00258201
12.1 32.625 0.00286914
12.1 34.875 0.00447511
12.1 37.125 0.00231601
12.1 39.375 0.00233024
12.1 41.625 0.00201943
12.1 43.875 0.00179075
12.3 1.125 0.00209403
12.3 3.375 0.00227018
12.3 5.625 0.00628154
12.3 7.875 0.00289546
12.3 10.125 0.00239212
12.3 12.375 0.013596
12.3 14.625 0.00182665
12.3 16.875 0.00212615
12.3 19.125 0.00224887
12.3 21.375 0.00233622
12.3 23.625 0.00194669
12.3 25.875 0.00188991
12.3 28.125 0.00266655
12.3 30.375 0.0039619
12.3 32.625 0.00271249
12.3 34.875 0.00234842
12.3 37.125 0.00193231
12.3 39.375 0.0024234
12.3 41.625 0.00202544
12.3 43.875 0.00213473
12.5 1.125 0.00199422
12.5 3.375 0.00228556
12.5 5.625 0.113215
12.5 7.875 0.00210506
12.5 10.125 0.00336896
12.5 12.375 0.00230699
12.5 14.625 0.00176113
12.5 16.875 0.00214628
12.5 19.125 0.0018547
12.5 21.375 0.00185361
12.5 23.625 0.0115217
12.5 25.875 0.00232682
12.5 28.125 0.00181603
12.5 30.375 0.00268872
12.5 32.625 0.00228578
12.5 34.875 0.00883987
12.5 37.125 0.00203896
12.5 39.375 0.00211281
12.5 41.625 0.00233936
12.5 43.875 0.0673202
12.7 1.125 0.00505427
12.7 3.375 0.001812
12.7 5.625 0.00215949
12.7 7.875 0.00272003
12.7 10.125 0.00212504
12.7 12.375 0.00263621
12.7 14.625 0.00370537
12.7 16.875 0.00254525
12.7 19.125 0.0157035
12.7 21.375 0.00181837
12.7 23.625 0.00237194
12.7 25.875 0.00190446
12.7 28.125 0.00267157
12.7 30.375 0.00211012
12.7 32.625 0.00224186
12.7 34.875 0.00204224
12.7 37.125 0.00231571
12.7 39.375 0.00277501
12.7 41.625 0.00260458
12.7 43.875 0.00192178
12.9 1.125 0.00210723
12.9 3.375 0.00242257
12.9 5.625 0.00255104
12.9 7.875 0.0537887
12.9 10.125 0.00194713
12.9 12.375 0.00500316
12.9 14.625 0.00771455
12.9 16.875 0.00262096
12.9 19.125 0.00201797
12.9 21.375 0.0352575
12.9 23.625 0.00494759
12.9 25.875 0.00206429
12.9 28.125 0.0018966
12.9 30.375 0.00292448
12.9 32.625 0.00195806
12.9 34.875 0.00262713
12.9 37.125 0.0019601
12.9 39.375 0.00210999
12.9 41.625 0.00183388
12.9 43.875 0.00234199
13.1 1.125 0.00274495
13.1 3.375 0.0487817
13.1 5.625 0.00209744
13.1 7.875 0.00200164
13.1 10.125 0.00230492
13.1 12.375 0.0028374
13.1 14.625 0.00193223
13.1 16.875 0.00208412
13.1 19.125 0.00327
13.1 21.375 0.00229974
13.1 23.625 0.00200223
13.1 25.875 0.00203356
13.1 28.125 0.00207206
13.1 30.375 0.00181818
13.1 32.625 0.00199936
13.1 34.875 0.00216004
13.1 37.125 0.00208598
13.1 39.375 0.00172893
13.1 41.625 0.00191169
13.1 43.875 0.00195866
13.3 1.125 0.00182869
13.3 3.375 0.00192623
13.3 5.625 0.00205828
13.3 7.875 0.00324427
13.3 10.125 0.00230067
13.3 12.375 0.00211478
13.3 14.625 0.00238733
13.3 16.875 0.00502573
13.3 19.125 0.00220993
13.3 21.375 0.0028367
13.3 23.625 0.00217444
13.3 25.875 0.00234608
13.3 28.125 0.00250918
13.3 30.375 0.0023085
13.3 32.625 0.00220348
13.3 34.875 0.00204115
13.3 37.125 0.00234167
13.3 39.375 0.00219556
13.3 41.625 0.00255017
13.3 43.875 0.0017799
13.5 1.125 0.00182987
13.5 3.375 0.00258105
13.5 5.625 0.0025225
13.5 7.875 0.00201233
13.5 10.125 0.00212643
13.5 12.375 0.00810178
13.5 14.625 0.00168525
13.5 16.875 0.00237187
13.5 19.125 0.00262994
13.5 21.375 0.00187095
13.5 23.625 0.00197309
13.5 25.875 0.0021465
13.5 28.125 0.00849267
13.5 30.375 0.00206293
13.5 32.625 0.00245747
13.5 34.875 0.00197399
13.5 37.125 0.00197134
13.5 39.375 0.00190046
13.5 41.625 0.00205574
13.5 43.875 0.00277279
13.7 1.125 0.00327804
13.7 3.375 0.00233987
13.7 5.625 0.00242949
13.7 7.875 0.00226431
13.7 10.125 0.00219849
13.7 12.375 0.00253138
13.7 14.625 0.00216775
13.7 16.875 0.00186413
13.7 19.125 0.00416343
13.7 21.375 0.00398482
13.7 23.625 0.00182792
13.7 25.875 0.00223295
13.7 28.125 0.00359868
13.7 30.375 0.00192716
13.7 32.625 0.00201226
13.7 34.875 0.0053269
13.7 37.125 0.00164822
13.7 39.375 0.00163022
13.7 41.625 0.00198862
13.7 43.875 0.00229032
13.9 1.125 0.00219196
13.9 3.375 0.00197963
13.9 5.625 0.00202414
13.9 7.875 0.0018339
13.9 10.125 0.00208677
13.9 12.375 0.00188425
13.9 14.625 0.00221008
13.9 16.875 0.0022726
13.9 19.125 0.00168003
13.9 21.375 0.00158154
13.9 23.625 0.00201482
13.9 25.875 0.0022826
13.9 28.125 0.00314034
13.9 30.375 0.00190154
13.9 32.625 0.00245599
13.9 34.875 0.0025846
13.9 37.125 0.00204066
13.9 39.375 0.00229843
13.9 41.625 0.0280357
13.9 43.875 0.129081
