0.1 1.125 2.44405
0.1 3.375 2.46091
0.1 5.625 2.4857
0.1 7.875 1.65231
0.1 10.125 1.34163
0.1 12.375 2.08332
0.1 14.625 1.67476
0.1 16.875 1.86399
0.1 19.125 1.6286
0.1 21.375 2.06125
0.1 23.625 2.46308
0.1 28.125 2.44615
0.1 30.375 2.47587
0.1 32.625 2.46558
0.1 34.875 2.46569
0.1 39.375 1.96122
0.1 41.625 2.42318
0.1 43.875 2.47455
0.3 1.125 2.17741
0.3 3.375 2.29926
0.3 5.625 2.46495
0.3 7.875 2.46464
0.3 10.125 2.36091
0.3 12.375 2.26439
0.3 14.625 2.4699
0.3 16.875 2.21471
0.3 19.125 2.42867
0.3 21.375 2.35296
0.3 23.625 2.45493
0.3 25.875 2.33315
0.3 28.125 2.45695
0.3 30.375 2.38176
0.3 32.625 2.33674
0.3 34.875 2.44045
0.3 37.125 2.42401
0.3 39.375 2.45531
0.3 41.625 2.4351
0.3 43.875 2.43207
0.5 1.125 2.28939
0.5 3.375 2.27897
0.5 5.625 2.39807
0.5 7.875 2.32383
0.5 10.125 2.40435
0.5 12.375 2.399
0.5 14.625 2.36208
0.5 16.875 2.3676
0.5 19.125 2.36118
0.5 21.375 2.39615
0.5 23.625 2.39834
0.5 25.875 2.40509
0.5 28.125 2.34896
0.5 30.375 2.41628
0.5 32.625 2.37366
0.5 34.875 2.39876
0.5 37.125 2.30304
0.5 39.375 2.37712
0.5 41.625 2.42991
0.5 43.875 2.38408
0.7 1.125 2.10442
0.7 3.375 2.23793
0.7 5.625 2.22838
0.7 7.875 2.31749
0.7 10.125 2.26141
0.7 12.375 2.23439
0.7 14.625 2.26377
0.7 16.875 2.28305
0.7 19.125 2.29273
0.7 21.375 2.28839
0.7 23.625 2.27799
0.7 25.875 2.28311
0.7 28.125 2.25766
0.7 30.375 2.25699
0.7 32.625 2.31259
0.7 34.875 2.30829
0.7 37.125 2.26962
0.7 39.375 2.29645
0.7 41.625 2.2262
0.7 43.875 2.31902
0.9 1.125 1.91892
0.9 3.375 2.07697
0.9 5.625 2.02321
0.9 7.875 2.03306
0.9 10.125 2.01089
0.9 12.375 2.07409
0.9 14.625 2.03535
0.9 16.875 2.07565
0.9 19.125 2.08003
0.9 21.375 2.05378
0.9 23.625 2.06554
0.9 25.875 2.08853
0.9 28.125 2.09633
0.9 30.375 2.11906
0.9 32.625 2.14912
0.9 34.875 2.14759
0.9 37.125 2.19247
0.9 39.375 2.17979
0.9 41.625 2.18091
0.9 43.875 2.14346
1.1 1.125 1.47525
1.1 3.375 1.57607
1.1 5.625 1.5668
1.1 7.875 1.59708
1.1 10.125 1.51447
1.1 12.375 1.57987
1.1 14.625 1.69261
1.1 16.875 1.58409
1.1 19.125 1.72455
1.1 21.375 1.74097
1.1 23.625 1.7234
1.1 25.875 1.81618
1.1 28.125 1.83814
1.1 30.375 1.87649
1.1 32.625 1.91463
1.1 34.875 1.96555
1.1 37.125 1.97977
1.1 39.375 1.97041
1.1 41.625 1.99876
1.1 43.875 1.92972
1.3 1.125 0.946797
1.3 3.375 0.912197
1.3 5.625 0.963401
1.3 7.875 0.989556
1.3 10.125 0.997366
1.3 12.375 1.03871
1.3 14.625 1.01996
1.3 16.875 1.11195
1.3 19.125 1.13574
1.3 21.375 1.09385
1.3 23.625 1.22054
1.3 25.875 1.24565
1.3 28.125 1.33196
1.3 30.375 1.40055
1.3 32.625 1.44003
1.3 34.875 1.53193
1.3 37.125 1.554
1.3 39.375 1.6254
1.3 41.625 1.67601
1.3 43.875 1.71153
1.5 1.125 0.447531
1.5 3.375 0.501893
1.5 5.625 0.513325
1.5 7.875 0.492365
1.5 10.125 0.517499
1.5 12.375 0.54669
1.5 14.625 0.532027
1.5 16.875 0.550718
1.5 19.125 0.573626
1.5 21.375 0.620259
1.5 23.625 0.654091
1.5 25.875 0.705133
1.5 28.125 0.754489
1.5 30.375 0.804389
1.5 32.625 0.874609
1.5 34.875 0.974785
1.5 37.125 1.01262
1.5 39.375 1.08437
1.5 41.625 1.17367
1.5 43.875 1.16375
1.7 1.125 0.260283
1.7 3.375 0.258359
1.7 5.625 0.272553
1.7 7.875 0.288989
1.7 10.125 0.300013
1.7 12.375 0.303321
1.7 14.625 0.304068
1.7 16.875 0.32667
1.7 19.125 0.312547
1.7 21.375 0.335146
1.7 23.625 0.346885
1.7 25.875 0.364304
1.7 28.125 0.373854
1.7 30.375 0.387263
1.7 32.625 0.425059
1.7 34.875 0.507548
1.7 37.125 0.494043
1.7 39.375 0.57238
1.7 41.625 0.579231
1.7 43.875 0.627184
1.9 1.125 0.165587
1.9 3.375 0.164759
1.9 5.625 0.168023
1.9 7.875 0.17951
1.9 10.125 0.186397
1.9 12.375 0.186891
1.9 14.625 0.203052
1.9 16.875 0.191689
1.9 19.125 0.199107
1.9 21.375 0.20793
1.9 23.625 0.203623
1.9 25.875 0.211943
1.9 28.125 0.23323
1.9 30.375 0.222899
1.9 32.625 0.252883
1.9 34.875 0.264889
1.9 37.125 0.282779
1.9 39.375 0.283957
1.9 41.625 0.33333
1.9 43.875 0.301716
2.1 1.125 0.10522
2.1 3.375 0.109842
2.1 5.625 0.109969
2.1 7.875 0.113724
2.1 10.125 0.119846
2.1 12.375 0.116491
2.1 14.625 0.1254
2.1 16.875 0.124518
2.1 19.125 0.126915
2.1 21.375 0.133396
2.1 23.625 0.130214
2.1 25.875 0.137663
2.1 28.125 0.14422
2.1 30.375 0.153729
2.1 32.625 0.164433
2.1 34.875 0.165018
2.1 37.125 0.179842
2.1 39.375 0.187587
2.1 41.625 0.192876
2.1 43.875 0.192987
2.3 1.125 0.0779948
2.3 3.375 0.0847432
2.3 5.625 0.08214
2.3 7.875 0.0781465
2.3 10.125 0.0814633
2.3 12.375 0.0829954
2.3 14.625 0.0869466
2.3 16.875 0.084945
2.3 19.125 0.0902986
2.3 21.375 0.08991
2.3 23.625 0.0903704
2.3 25.875 0.0977538
2.3 28.125 0.105491
2.3 30.375 0.105096
2.3 32.625 0.111839
2.3 34.875 0.119045
2.3 37.125 0.115581
2.3 39.375 0.118197
2.3 41.625 0.119316
2.3 43.875 0.121975
2.5 1.125 0.0600014
2.5 3.375 0.0574162
2.5 5.625 0.0570897
2.5 7.875 0.0605769
2.5 10.125 0.0585522
2.5 12.375 0.0575322
2.5 14.625 0.0594084
2.5 16.875 0.0595632
2.5 19.125 0.063307
2.5 21.375 0.0603481
2.5 23.625 0.0636042
2.5 25.875 0.0676655
2.5 28.125 0.0697369
2.5 30.375 0.0837163
2.5 32.625 0.0772467
2.5 34.875 0.0809945
2.5 37.125 0.0800262
2.5 39.375 0.0821312
2.5 41.625 0.0807742
2.5 43.875 0.0843914
2.7 1.125 0.048406
2.7 3.375 0.0478993
2.7 5.625 0.0458239
2.7 7.875 0.0440003
2.7 10.125 0.0423293
2.7 12.375 0.0443726
2.7 14.625 0.0459806
2.7 16.875 0.0457009
2.7 19.125 0.0446203
2.7 21.375 0.0467604
2.7 23.625 0.050122
2.7 25.875 0.0507115
2.7 28.125 0.05327
2.7 30.375 0.0553857
2.7 32.625 0.0541568
2.7 34.875 0.0564538
2.7 37.125 0.0546454
2.7 39.375 0.0551039
2.7 41.625 0.0527229
2.7 43.875 0.0539411
2.9 1.125 0.0370169
2.9 3.375 0.0351095
2.9 5.625 0.0361468
2.9 7.875 0.0356912
2.9 10.125 0.0345717
2.9 12.375 0.0352796
2.9 14.625 0.036291
2.9 16.875 0.0357082
2.9 19.125 0.0371519
2.9 21.375 0.0385007
2.9 23.625 0.0387705
2.9 25.875 0.040335
2.9 28.125 0.038958
2.9 30.375 0.0406253
2.9 32.625 0.0410274
2.9 34.875 0.0411404
2.9 37.125 0.0411857
2.9 39.375 0.0412864
2.9 41.625 0.0412506
2.9 43.875 0.0396191
3.1 1.125 0.0281684
3.1 3.375 0.0285521
3.1 5.625 0.0280946
3.1 7.875 0.0293318
3.1 10.125 0.0308024
3.1 12.375 0.0286227
3.1 14.625 0.0293639
3.1 16.875 0.028449
3.1 19.125 0.0291336
3.1 21.375 0.031475
3.1 23.625 0.0320057
3.1 25.875 0.0312584
3.1 28.125 0.03257
3.1 30.375 0.0317988
3.1 32.625 0.0340626
3.1 34.875 0.0331938
3.1 37.125 0.0327254
3.1 39.375 0.0327353
3.1 41.625 0.0328948
3.1 43.875 0.0328017
3.3 1.125 0.0238985
3.3 3.375 0.0235185
3.3 5.625 0.0230339
3.3 7.875 0.0245887
3.3 10.125 0.0232158
3.3 12.375 0.0245664
3.3 14.625 0.0240181
3.3 16.875 0.0241275
3.3 19.125 0.0246572
3.3 21.375 0.0259689
3.3 23.625 0.0259608
3.3 25.875 0.0267339
3.3 28.125 0.0277566
3.3 30.375 0.0267227
3.3 32.625 0.0271201
3.3 34.875 0.028005
3.3 37.125 0.027392
3.3 39.375 0.0267889
3.3 41.625 0.0253596
3.3 43.875 0.0260871
3.5 1.125 0.0195784
3.5 3.375 0.0195377
3.5 5.625 0.0200662
3.5 7.875 0.0193482
3.5 10.125 0.0200747
3.5 12.375 0.0208951
3.5 14.625 0.0199486
3.5 16.875 0.0211644
3.5 19.125 0.0199148
3.5 21.375 0.0211455
3.5 23.625 0.0211721
3.5 25.875 0.0215319
3.5 28.125 0.0223436
3.5 30.375 0.0214398
3.5 32.625 0.0233772
3.5 34.875 0.0233521
3.5 37.125 0.0223055
3.5 39.375 0.0216911
3.5 41.625 0.0221446
3.5 43.875 0.022608
3.7 1.125 0.0161148
3.7 3.375 0.0171846
3.7 5.625 0.0165051
3.7 7.875 0.016609
3.7 10.125 0.0163025
3.7 12.375 0.0165848
3.7 14.625 0.0168939
3.7 16.875 0.0170574
3.7 19.125 0.0279869
3.7 21.375 0.0159166
3.7 23.625 0.0181853
3.7 25.875 0.0196933
3.7 28.125 0.0185038
3.7 30.375 0.0171671
3.7 32.625 0.0190996
3.7 34.875 0.0184452
3.7 37.125 0.0179102
3.7 39.375 0.0188087
3.7 41.625 0.0183407
3.7 43.875 0.0173631
3.9 1.125 0.0146586
3.9 3.375 0.0147648
3.9 5.625 0.0134044
3.9 7.875 0.0150007
3.9 10.125 0.0138757
3.9 12.375 0.0139625
3.9 14.625 0.0136521
3.9 16.875 0.0209269
3.9 19.125 0.0142263
3.9 21.375 0.0158854
3.9 23.625 0.0159416
3.9 25.875 0.0154621
3.9 28.125 0.0151961
3.9 30.375 0.0156436
3.9 32.625 0.0157382
3.9 34.875 0.0155576
3.9 37.125 0.0152635
3.9 39.375 0.015808
3.9 41.625 0.0153711
3.9 43.875 0.0149808
4.1 1.125 0.0120805
4.1 3.375 0.0122761
4.1 5.625 0.0128314
4.1 7.875 0.012709
4.1 10.125 0.0124299
4.1 12.375 0.0119568
4.1 14.625 0.0126056
4.1 16.875 0.0131934
4.1 19.125 0.0124364
4.1 21.375 0.0137402
4.1 23.625 0.0139802
4.1 25.875 0.0129128
4.1 28.125 0.0130204
4.1 30.375 0.0125403
4.1 32.625 0.013282
4.1 34.875 0.0127246
4.1 37.125 0.0125053
4.1 39.375 0.012481
4.1 41.625 0.0120533
4.1 43.875 0.0130332
4.3 1.125 0.0104897
4.3 3.375 0.0103407
4.3 5.625 0.0107767
4.3 7.875 0.0110163
4.3 10.125 0.0105192
4.3 12.375 0.0105712
4.3 14.625 0.0110468
4.3 16.875 0.0112456
4.3 19.125 0.011637
4.3 21.375 0.0117022
4.3 23.625 0.0121889
4.3 25.875 0.0109117
4.3 28.125 0.0116341
4.3 30.375 0.0113406
4.3 32.625 0.0116441
4.3 34.875 0.0103946
4.3 37.125 0.0118495
4.3 39.375 0.0117232
4.3 41.625 0.0112936
4.3 43.875 0.0109984
4.5 1.125 0.00912995
4.5 3.375 0.00863106
4.5 5.625 0.0122802
4.5 7.875 0.00921171
4.5 10.125 0.0091138
4.5 12.375 0.00931646
4.5 14.625 0.00998294
4.5 16.875 0.00950771
4.5 19.125 0.0104143
4.5 21.375 0.0102452
4.5 23.625 0.0103504
4.5 25.875 0.00988237
4.5 28.125 0.00956043
4.5 30.375 0.0103689
4.5 32.625 0.00947923
4.5 34.875 0.00958543
4.5 37.125 0.00920045
4.5 39.375 0.00930123
4.5 41.625 0.0143914
4.5 43.875 0.00911707
4.7 1.125 0.0160005
4.7 3.375 0.00823753
4.7 5.625 0.00739647
4.7 7.875 0.00821214
4.7 10.125 0.00821215
4.7 12.375 0.00759701
4.7 14.625 0.00843268
4.7 16.875 0.00879082
4.7 19.125 0.00820401
4.7 21.375 0.00842527
4.7 23.625 0.00859652
4.7 25.875 0.00859748
4.7 28.125 0.00838287
4.7 30.375 0.00842882
4.7 32.625 0.008072
4.7 34.875 0.00845509
4.7 37.125 0.00849616
4.7 39.375 0.00867957
4.7 41.625 0.00815585
4.7 43.875 0.0079225
4.9 1.125 0.00763774
4.9 3.375 0.00672371
4.9 5.625 0.00700675
4.9 7.875 0.00685077
4.9 10.125 0.00716607
4.9 12.375 0.00694291
4.9 14.625 0.0077576
4.9 16.875 0.007865
4.9 19.125 0.00789036
4.9 21.375 0.00752607
4.9 23.625 0.00722024
4.9 25.875 0.0114379
4.9 28.125 0.00747553
4.9 30.375 0.00754623
4.9 32.625 0.0076992
4.9 34.875 0.00734986
4.9 37.125 0.00775489
4.9 39.375 0.00692427
4.9 41.625 0.00773031
4.9 43.875 0.00684127
5.1 1.125 0.00582876
5.1 3.375 0.00645578
5.1 5.625 0.0064151
5.1 7.875 0.00648198
5.1 10.125 0.00617773
5.1 12.375 0.0062384
5.1 14.625 0.0069468
5.1 16.875 0.00686733
5.1 19.125 0.00698275
5.1 21.375 0.00625492
5.1 23.625 0.00651745
5.1 25.875 0.00676583
5.1 28.125 0.00660831
5.1 30.375 0.00635704
5.1 32.625 0.00692766
5.1 34.875 0.00668025
5.1 37.125 0.0065894
5.1 39.375 0.00686019
5.1 41.625 0.00600376
5.1 43.875 0.00679053
5.3 1.125 0.00599168
5.3 3.375 0.0054352
5.3 5.625 0.00554724
5.3 7.875 0.00560104
5.3 10.125 0.00550869
5.3 12.375 0.0059649
5.3 14.625 0.0064519
5.3 16.875 0.00594516
5.3 19.125 0.00632208
5.3 21.375 0.00611814
5.3 23.625 0.0057185
5.3 25.875 0.00647993
5.3 28.125 0.00628179
5.3 30.375 0.00583057
5.3 32.625 0.00776529
5.3 34.875 0.0103062
5.3 37.125 0.00592631
5.3 39.375 0.0063145
5.3 41.625 0.00582174
5.3 43.875 0.0059743
5.5 1.125 0.00525374
5.5 3.375 0.00498784
5.5 5.625 0.00517214
5.5 7.875 0.00487261
5.5 10.125 0.00579746
5.5 12.375 0.00524785
5.5 14.625 0.00516536
5.5 16.875 0.00515627
5.5 19.125 0.0053669
5.5 21.375 0.00515084
5.5 23.625 0.00559113
5.5 25.875 0.00545684
5.5 28.125 0.00591469
5.5 30.375 0.00563227
5.5 32.625 0.00561129
5.5 34.875 0.00568266
5.5 37.125 0.00570062
5.5 39.375 0.00535213
5.5 41.625 0.00554037
5.5 43.875 0.0054962
5.7 1.125 0.00881329
5.7 3.375 0.00457656
5.7 5.625 0.00448707
5.7 7.875 0.00478835
5.7 10.125 0.00451567
5.7 12.375 0.00470254
5.7 14.625 0.00696206
5.7 16.875 0.00519815
5.7 19.125 0.00510112
5.7 21.375 0.00510996
5.7 23.625 0.00534318
5.7 25.875 0.0050177
5.7 28.125 0.00552718
5.7 30.375 0.00478103
5.7 32.625 0.00523953
5.7 34.875 0.0047412
5.7 37.125 0.00498493
5.7 39.375 0.0046657
5.7 41.625 0.00505681
5.7 43.875 0.00462608
5.9 1.125 0.0091852
5.9 3.375 0.00485606
5.9 5.625 0.00468021
5.9 7.875 0.00443881
5.9 10.125 0.00418446
5.9 12.375 0.00418518
5.9 14.625 0.00456065
5.9 16.875 0.00467178
5.9 19.125 0.00475741
5.9 21.375 0.0045729
5.9 23.625 0.0045605
5.9 25.875 0.00450169
5.9 28.125 0.0046781
5.9 30.375 0.00803732
5.9 32.625 0.00464889
5.9 34.875 0.00454234
5.9 37.125 0.00463774
5.9 39.375 0.00460163
5.9 41.625 0.00444471
5.9 43.875 0.00457177
6.1 1.125 0.00408906
6.1 3.375 0.0043013
6.1 5.625 0.00408967
6.1 7.875 0.00493309
6.1 10.125 0.00370072
6.1 12.375 0.00428224
6.1 14.625 0.00427725
6.1 16.875 0.00410179
6.1 19.125 0.00421895
6.1 21.375 0.00421961
6.1 23.625 0.00418579
6.1 25.875 0.0070407
6.1 28.125 0.00448773
6.1 30.375 0.00418709
6.1 32.625 0.00402853
6.1 34.875 0.00414538
6.1 37.125 0.00445042
6.1 39.375 0.00414273
6.1 41.625 0.00427786
6.1 43.875 0.00413634
6.3 1.125 0.00358316
6.3 3.375 0.00431891
6.3 5.625 0.0039396
6.3 7.875 0.00420063
6.3 10.125 0.00601103
6.3 12.375 0.00419076
6.3 14.625 0.00400564
6.3 16.875 0.00406212
6.3 19.125 0.00427749
6.3 21.375 0.00405586
6.3 23.625 0.00432447
6.3 25.875 0.00398117
6.3 28.125 0.00375135
6.3 30.375 0.00421251
6.3 32.625 0.00356698
6.3 34.875 0.00391602
6.3 37.125 0.00430385
6.3 39.375 0.00389309
6.3 41.625 0.00377204
6.3 43.875 0.00398559
6.5 1.125 0.00352095
6.5 3.375 0.00361347
6.5 5.625 0.0036863
6.5 7.875 0.00347728
6.5 10.125 0.00351535
6.5 12.375 0.00361882
6.5 14.625 0.00523837
6.5 16.875 0.00368959
6.5 19.125 0.00377642
6.5 21.375 0.00351696
6.5 23.625 0.00366834
6.5 25.875 0.00396094
6.5 28.125 0.00483956
6.5 30.375 0.00921783
6.5 32.625 0.00434155
6.5 34.875 0.00353967
6.5 37.125 0.00379934
6.5 39.375 0.00373042
6.5 41.625 0.00378628
6.5 43.875 0.00399774
6.7 1.125 0.00359969
6.7 3.375 0.00341334
6.7 5.625 0.00321745
6.7 7.875 0.00366242
6.7 10.125 0.00341482
6.7 12.375 0.00355149
6.7 14.625 0.00368006
6.7 16.875 0.00380632
6.7 19.125 0.00396449
6.7 21.375 0.00372782
6.7 23.625 0.0037837
6.7 25.875 0.00371707
6.7 28.125 0.00943093
6.7 30.375 0.0035071
6.7 32.625 0.00341509
6.7 34.875 0.00344554
6.7 37.125 0.00336907
6.7 39.375 0.00386423
6.7 41.625 0.00370568
6.7 43.875 0.0104772
6.9 1.125 0.00341736
6.9 3.375 0.00316206
6.9 5.625 0.00378216
6.9 7.875 0.0032883
6.9 10.125 0.00347988
6.9 12.375 0.00350401
6.9 14.625 0.00367789
6.9 16.875 0.00366573
6.9 19.125 0.00370503
6.9 21.375 0.00352231
6.9 23.625 0.00314712
6.9 25.875 0.0033088
6.9 28.125 0.0031919
6.9 30.375 0.00351873
6.9 32.625 0.00324299
6.9 34.875 0.00355101
6.9 37.125 0.0032201
6.9 39.375 0.00340615
6.9 41.625 0.00337717
6.9 43.875 0.00392606
7.1 1.125 0.00962037
7.1 3.375 0.00310531
7.1 5.625 0.00306665
7.1 7.875 0.00319668
7.1 10.125 0.00334216
7.1 12.375 0.00314334
7.1 14.625 0.00325873
7.1 16.875 0.00338582
7.1 19.125 0.00446477
7.1 21.375 0.00320775
7.1 23.625 0.0032744
7.1 25.875 0.00310377
7.1 28.125 0.00323392
7.1 30.375 0.00352298
7.1 32.625 0.002923
7.1 34.875 0.00311571
7.1 37.125 0.00306225
7.1 39.375 0.00335793
7.1 41.625 0.00340366
7.1 43.875 0.00359954
7.3 1.125 0.0110709
7.3 3.375 0.00331129
7.3 5.625 0.0030617
7.3 7.875 0.00295423
7.3 10.125 0.00338249
7.3 12.375 0.0032037
7.3 14.625 0.00302479
7.3 16.875 0.00291451
7.3 19.125 0.00305078
7.3 21.375 0.00321861
7.3 23.625 0.00302652
7.3 25.875 0.00289936
7.3 28.125 0.00282955
7.3 30.375 0.00288996
7.3 32.625 0.00320165
7.3 34.875 0.00312714
7.3 37.125 0.00322236
7.3 39.375 0.00317875
7.3 41.625 0.00315286
7.3 43.875 0.00329341
7.5 1.125 0.00291897
7.5 3.375 0.00287095
7.5 5.625 0.00611236
7.5 7.875 0.00287353
7.5 10.125 0.00292273
7.5 12.375 0.002906
7.5 14.625 0.00816642
7.5 16.875 0.00318895
7.5 19.125 0.00401744
7.5 21.375 0.00312392
7.5 23.625 0.00428259
7.5 25.875 0.00285504
7.5 28.125 0.00298725
7.5 30.375 0.00288762
7.5 32.625 0.00284268
7.5 34.875 0.00287469
7.5 37.125 0.00262365
7.5 39.375 0.0029855
7.5 41.625 0.003136
7.5 43.875 0.00321415
7.7 1.125 0.00273249
7.7 3.375 0.00303187
7.7 5.625 0.00286111
7.7 7.875 0.00299449
7.7 10.125 0.00318087
7.7 12.375 0.00914561
7.7 14.625 0.00275879
7.7 16.875 0.00332289
7.7 19.125 0.00336292
7.7 21.375 0.00292051
7.7 23.625 0.00277094
7.7 25.875 0.00260384
7.7 28.125 0.00282151
7.7 30.375 0.00267499
7.7 32.625 0.00259095
7.7 34.875 0.0028211
7.7 37.125 0.0031691
7.7 39.375 0.00291936
7.7 41.625 0.00383284
7.7 43.875 0.0029475
7.9 1.125 0.00359557
7.9 3.375 0.00279141
7.9 5.625 0.00263908
7.9 7.875 0.00322685
7.9 10.125 0.0027573
7.9 12.375 0.00328259
7.9 14.625 0.00247916
7.9 16.875 0.0115716
7.9 19.125 0.00287155
7.9 21.375 0.00294334
7.9 23.625 0.00285635
7.9 25.875 0.00290665
7.9 28.125 0.00271396
7.9 30.375 0.00292219
7.9 32.625 0.00270435
7.9 34.875 0.00295294
7.9 37.125 0.00286638
7.9 39.375 0.00291533
7.9 41.625 0.00263269
7.9 43.875 0.00316199
8.1 1.125 0.00392827
8.1 3.375 0.00242335
8.1 5.625 0.0026625
8.1 7.875 0.00260824
8.1 10.125 0.00908571
8.1 12.375 0.00283266
8.1 14.625 0.00290635
8.1 16.875 0.0027153
8.1 19.125 0.00284
8.1 21.375 0.00306781
8.1 23.625 0.00796303
8.1 25.875 0.00289241
8.1 28.125 0.00264996
8.1 30.375 0.00290432
8.1 32.625 0.00278244
8.1 34.875 0.00261393
8.1 37.125 0.00292957
8.1 39.375 0.00264029
8.1 41.625 0.00305376
8.1 43.875 0.00269253
8.3 1.125 0.0110579
8.3 3.375 0.00255455
8.3 5.625 0.00459036
8.3 7.875 0.0026196
8.3 10.125 0.00258171
8.3 12.375 0.00261871
8.3 14.625 0.00270027
8.3 16.875 0.00230667
8.3 19.125 0.00524607
8.3 21.375 0.00373897
8.3 23.625 0.00268217
8.3 25.875 0.00284916
8.3 28.125 0.00259322
8.3 30.375 0.00295819
8.3 32.625 0.00278757
8.3 34.875 0.00292682
8.3 37.125 0.00264337
8.3 39.375 0.00268622
8.3 41.625 0.00257481
8.3 43.875 0.00290198
8.5 1.125 0.00510808
8.5 3.375 0.00249364
8.5 5.625 0.00254769
8.5 7.875 0.00249092
8.5 10.125 0.00292347
8.5 12.375 0.00238215
8.5 14.625 0.00253159
8.5 16.875 0.00275451
8.5 19.125 0.00242012
8.5 21.375 0.00266124
8.5 23.625 0.00252345
8.5 25.875 0.00260679
8.5 28.125 0.0121788
8.5 30.375 0.00256499
8.5 32.625 0.0040434
8.5 34.875 0.00324351
8.5 37.125 0.00292047
8.5 39.375 0.00243016
8.5 41.625 0.00263924
8.5 43.875 0.00254235
8.7 1.125 0.0137991
8.7 3.375 0.00264906
8.7 5.625 0.0045608
8.7 7.875 0.00236741
8.7 10.125 0.00870169
8.7 12.375 0.00263026
8.7 14.625 0.00486433
8.7 16.875 0.00277476
8.7 19.125 0.00282301
8.7 21.375 0.00268095
8.7 23.625 0.00359245
8.7 25.875 0.00238881
8.7 28.125 0.0024246
8.7 30.375 0.00254054
8.7 32.625 0.00356033
8.7 34.875 0.014136
8.7 37.125 0.00273407
8.7 39.375 0.00285663
8.7 41.625 0.00271852
8.7 43.875 0.00267901
8.9 1.125 0.00221013
8.9 3.375 0.00256047
8.9 5.625 0.00239029
8.9 7.875 0.00258614
8.9 10.125 0.00922971
8.9 12.375 0.00226476
8.9 14.625 0.00349885
8.9 16.875 0.00240491
8.9 19.125 0.00256087
8.9 21.375 0.00256922
8.9 23.625 0.00266619
8.9 25.875 0.00241624
8.9 28.125 0.0025249
8.9 30.375 0.00260677
8.9 32.625 0.00267637
8.9 34.875 0.00264869
8.9 37.125 0.00251106
8.9 39.375 0.00243444
8.9 41.625 0.00251471
8.9 43.875 0.00259642
9.1 1.125 0.00276905
9.1 3.375 0.00272704
9.1 5.625 0.00233049
9.1 7.875 0.00237933
9.1 10.125 0.00239236
9.1 12.375 0.00247698
9.1 14.625 0.0027111
9.1 16.875 0.00742507
9.1 19.125 0.00251743
9.1 21.375 0.00346955
9.1 23.625 0.00267827
9.1 25.875 0.00271141
9.1 28.125 0.00262278
9.1 30.375 0.00276064
9.1 32.625 0.00300148
9.1 34.875 0.00271451
9.1 37.125 0.00278434
9.1 39.375 0.00297316
9.1 41.625 0.00254366
9.1 43.875 0.00240751
9.3 1.125 0.00249023
9.3 3.375 0.00203368
9.3 5.625 0.00250818
9.3 7.875 0.00265961
9.3 10.125 0.00232774
9.3 12.375 0.00251746
9.3 14.625 0.0023085
9.3 16.875 0.00275631
9.3 19.125 0.00241491
9.3 21.375 0.00247545
9.3 23.625 0.00299826
9.3 25.875 0.0024087
9.3 28.125 0.00246991
9.3 30.375 0.00255329
9.3 32.625 0.00250898
9.3 34.875 0.0024409
9.3 37.125 0.00251376
9.3 39.375 0.00246418
9.3 41.625 0.00238607
9.3 43.875 0.00249704
9.5 1.125 0.0030687
9.5 3.375 0.00471092
9.5 5.625 0.0026173
9.5 7.875 0.00300414
9.5 10.125 0.00240977
9.5 12.375 0.0024156
9.5 14.625 0.00232834
9.5 16.875 0.00248339
9.5 19.125 0.00234237
9.5 21.375 0.0026004
9.5 23.625 0.00245693
9.5 25.875 0.00235878
9.5 28.125 0.00233907
9.5 30.375 0.00241375
9.5 32.625 0.00450744
9.5 34.875 0.00254158
9.5 37.125 0.003053
9.5 39.375 0.00235383
9.5 41.625 0.00222793
9.5 43.875 0.00250314
9.7 1.125 0.00297267
9.7 3.375 0.00238516
9.7 5.625 0.00245134
9.7 7.875 0.0020679
9.7 10.125 0.00246148
9.7 12.375 0.0034923
9.7 14.625 0.00220202
9.7 16.875 0.00227444
9.7 19.125 0.00201811
9.7 21.375 0.00250098
9.7 23.625 0.0024697
9.7 25.875 0.00256129
9.7 28.125 0.00243828
9.7 30.375 0.002271
9.7 32.625 0.00232813
9.7 34.875 0.00256962
9.7 37.125 0.00235704
9.7 39.375 0.00249377
9.7 41.625 0.00252832
9.7 43.875 0.00243951
9.9 1.125 0.00270652
9.9 3.375 0.00227452
9.9 5.625 0.00340414
9.9 7.875 0.00265759
9.9 10.125 0.00235764
9.9 12.375 0.00246048
9.9 14.625 0.0180661
9.9 16.875 0.00280661
9.9 19.125 0.0022426
9.9 21.375 0.00234276
9.9 23.625 0.00211018
9.9 25.875 0.00218676
9.9 28.125 0.00258233
9.9 30.375 0.00256278
9.9 32.625 0.00226757
9.9 34.875 0.00247993
9.9 37.125 0.00244393
9.9 39.375 0.00228157
9.9 41.625 0.00241868
9.9 43.875 0.00222408
10.1 1.125 0.00208338
10.1 3.375 0.00207389
10.1 5.625 0.00239485
10.1 7.875 0.00253707
10.1 10.125 0.00257601
10.1 12.375 0.00404243
10.1 14.625 0.00208391
10.1 16.875 0.00198188
10.1 19.125 0.00258341
10.1 21.375 0.00223341
10.1 23.625 0.0022621
10.1 25.875 0.00215509
10.1 28.125 0.00258982
10.1 30.375 0.00243132
10.1 32.625 0.0024534
10.1 34.875 0.0022134
10.1 37.125 0.00285573
10.1 39.375 0.00224518
10.1 41.625 0.00240047
10.1 43.875 0.00329878
10.3 1.125 0.00232721
10.3 3.375 0.00222061
10.3 5.625 0.00220053
10.3 7.875 0.00223085
10.3 10.125 0.00204841
10.3 12.375 0.00256164
10.3 14.625 0.0027099
10.3 16.875 0.00227138
10.3 19.125 0.00213316
10.3 21.375 0.00238517
10.3 23.625 0.00237021
10.3 25.875 0.00212763
10.3 28.125 0.00215915
10.3 30.375 0.00236808
10.3 32.625 0.0102944
10.3 34.875 0.00250974
10.3 37.125 0.00205518
10.3 39.375 0.00234349
10.3 41.625 0.00236296
10.3 43.875 0.0031659
10.5 1.125 0.00235641
10.5 3.375 0.00274195
10.5 5.625 0.00198664
10.5 7.875 0.00212328
10.5 10.125 0.00214574
10.5 12.375 0.00227282
10.5 14.625 0.00260318
10.5 16.875 0.00231913
10.5 19.125 0.00474772
10.5 21.375 0.00236285
10.5 23.625 0.00234945
10.5 25.875 0.00209292
10.5 28.125 0.00238966
10.5 30.375 0.0022655
10.5 32.625 0.00223263
10.5 34.875 0.00231129
10.5 37.125 0.0171385
10.5 39.375 0.00215743
10.5 41.625 0.00225462
10.5 43.875 0.00203179
10.7 1.125 0.00260786
10.7 3.375 0.00291915
10.7 5.625 0.0201879
10.7 7.875 0.00279648
10.7 10.125 0.00215248
10.7 12.375 0.00270748
10.7 14.625 0.00234424
10.7 16.875 0.00243433
10.7 19.125 0.00211679
10.7 21.375 0.00208594
10.7 23.625 0.00233019
10.7 25.875 0.0210229
10.7 28.125 0.00247836
10.7 30.375 0.00236775
10.7 32.625 0.00216891
10.7 34.875 0.00233867
10.7 37.125 0.00238316
10.7 39.375 0.0020169
10.7 41.625 0.00196942
10.7 43.875 0.0156664
10.9 1.125 0.00192156
10.9 3.375 0.00270941
10.9 5.625 0.00190145
10.9 7.875 0.00242472
10.9 10.125 0.0122224
10.9 12.375 0.00231423
10.9 14.625 0.00223308
10.9 16.875 0.0023094
10.9 19.125 0.00196382
10.9 21.375 0.00254771
10.9 23.625 0.00304674
10.9 25.875 0.00309245
10.9 28.125 0.00224577
10.9 30.375 0.00228715
10.9 32.625 0.00210126
10.9 34.875 0.00241595
10.9 37.125 0.00244476
10.9 39.375 0.00223102
10.9 41.625 0.00214501
10.9 43.875 0.0024714
11.1 1.125 0.00274886
11.1 3.375 0.00228095
11.1 5.625 0.00270898
11.1 7.875 0.00319467
11.1 10.125 0.00249473
11.1 12.375 0.00241919
11.1 14.625 0.00241419
11.1 16.875 0.00214126
11.1 19.125 0.002271
11.1 21.375 0.00220997
11.1 23.625 0.0024788
11.1 25.875 0.00262718
11.1 28.125 0.00193331
11.1 30.375 0.00245477
11.1 32.625 0.00166485
11.1 34.875 0.00295755
11.1 37.125 0.00216328
11.1 39.375 0.00212957
11.1 41.625 0.0241742
11.1 43.875 0.00230361
11.3 1.125 0.00186778
11.3 3.375 0.00245106
11.3 5.625 0.00257066
11.3 7.875 0.0021788
11.3 10.125 0.00213009
11.3 12.375 0.00325345
11.3 14.625 0.00259061
11.3 16.875 0.00220526
11.3 19.125 0.002387
11.3 21.375 0.00220921
11.3 23.625 0.00193601
11.3 25.875 0.00191274
11.3 28.125 0.00328062
11.3 30.375 0.00197918
11.3 32.625 0.002608
11.3 34.875 0.00449251
11.3 37.125 0.00225733
11.3 39.375 0.00224026
11.3 41.625 0.00211423
11.3 43.875 0.00229395
11.5 1.125 0.00225344
11.5 3.375 0.00228378
11.5 5.625 0.00238589
11.5 7.875 0.00249591
11.5 10.125 0.0025424
11.5 12.375 0.00244944
11.5 14.625 0.00257779
11.5 16.875 0.00746183
11.5 19.125 0.00202626
11.5 21.375 0.00189094
11.5 23.625 0.00258852
11.5 25.875 0.00205611
11.5 28.125 0.00208624
11.5 30.375 0.00286173
11.5 32.625 0.00222073
11.5 34.875 0.00238743
11.5 37.125 0.00254824
11.5 39.375 0.00227705
11.5 41.625 0.00211847
11.5 43.875 0.00393532
11.7 1.125 0.00224543
11.7 3.375 0.00233613
11.7 5.625 0.00247351
11.7 7.875 0.00619274
11.7 10.125 0.00230736
11.7 12.375 0.00236467
11.7 14.625 0.00182311
11.7 16.875 0.00319328
11.7 19.125 0.0026949
11.7 21.375 0.0027228
11.7 23.625 0.00222657
11.7 25.875 0.00276015
11.7 28.125 0.00185628
11.7 30.375 0.00230574
11.7 32.625 0.00259297
11.7 34.875 0.00249418
11.7 37.125 0.00258207
11.7 39.375 0.00221589
11.7 41.625 0.00236421
11.7 43.875 0.00196428
11.9 1.125 0.00213026
11.9 3.375 0.00218686
11.9 5.625 0.00239831
11.9 7.875 0.00217996
11.9 10.125 0.00216841
11.9 12.375 0.00268607
11.9 14.625 0.00259049
11.9 16.875 0.0019993
11.9 19.125 0.00190424
11.9 21.375 0.00205945
11.9 23.625 0.00240452
11.9 25.875 0.00216289
11.9 28.125 0.00246104
11.9 30.375 0.00228333
11.9 32.625 0.00231759
11.9 34.875 0.00316134
11.9 37.125 0.0031213
11.9 39.375 0.00203637
11.9 41.625 0.00238744
11.9 43.875 0.00220699
12.1 1.125 0.00245816
12.1 3.375 0.00260692
12.1 5.625 0.00212551
12.1 7.875 0.00183618
12.1 10.125 0.00382764
12.1 12.375 0.0021553
12.1 14.625 0.00197438
12.1 16.875 0.0024832
12.1 19.125 0.0021174
12.1 21.375 0.0030278
12.1 23.625 0.00212993
12.1 25.875 0.00308373
12.1 28.125 0.00222669
12.1 30.375 0.00218064
12.1 32.625 0.00214976
12.1 34.875 0.00290133
12.1 37.125 0.00257441
12.1 39.375 0.00213292
12.1 41.625 0.00226699
12.1 43.875 0.00210957
12.3 1.125 0.00238845
12.3 3.375 0.00187874
12.3 5.625 0.0336046
12.3 7.875 0.00243722
12.3 10.125 0.00243817
12.3 12.375 0.00193316
12.3 14.625 0.00233668
12.3 16.875 0.00202901
12.3 19.125 0.00562708
12.3 21.375 0.00222283
12.3 23.625 0.00198298
12.3 25.875 0.033518
12.3 28.125 0.00273367
12.3 30.375 0.00227013
12.3 32.625 0.00277745
12.3 34.875 0.00535961
12.3 37.125 0.00261429
12.3 39.375 0.00224694
12.3 41.625 0.00273393
12.3 43.875 0.00241092
12.5 1.125 0.00177222
12.5 3.375 0.00314547
12.5 5.625 0.00235441
12.5 7.875 0.00256825
12.5 10.125 0.00215569
12.5 12.375 0.00246114
12.5 14.625 0.0022633
12.5 16.875 0.00273265
12.5 19.125 0.00228595
12.5 21.375 0.00205767
12.5 23.625 0.00249745
12.5 25.875 0.00323125
12.5 28.125 0.00182112
12.5 30.375 0.00224445
12.5 32.625 0.0019587
12.5 34.875 0.00199328
12.5 37.125 0.00185169
12.5 39.375 0.00189535
12.5 41.625 0.0020333
12.5 43.875 0.00248464
12.7 1.125 0.00230297
12.7 3.375 0.00224131
12.7 5.625 0.00218253
12.7 7.875 0.00273488
12.7 10.125 0.00224302
12.7 12.375 0.00318409
12.7 14.625 0.00395045
12.7 16.875 0.00262599
12.7 19.125 0.00280224
12.7 21.375 0.00245127
12.7 23.625 0.00230954
12.7 25.875 0.00223455
12.7 28.125 0.00234888
12.7 30.375 0.00246139
12.7 32.625 0.00241668
12.7 34.875 0.00229205
12.7 37.125 0.0203145
12.7 39.375 0.00233952
12.7 41.625 0.0019275
12.7 43.875 0.00159936
12.9 1.125 0.00205461
12.9 3.375 0.00768239
12.9 5.625 0.0019712
12.9 7.875 0.00248451
12.9 10.125 0.00217931
12.9 12.375 0.00187569
12.9 14.625 0.001915
12.9 16.875 0.00279006
12.9 19.125 0.00208919
12.9 21.375 0.00255474
12.9 23.625 0.00195062
12.9 25.875 0.00227976
12.9 28.125 0.00252878
12.9 30.375 0.00234179
12.9 32.625 0.00193057
12.9 34.875 0.00484994
12.9 37.125 0.00219673
12.9 39.375 0.00255883
12.9 41.625 0.00191615
12.9 43.875 0.00367204
13.1 1.125 0.00238992
13.1 3.375 0.00249547
13.1 5.625 0.00205404
13.1 7.875 0.00258571
13.1 10.125 0.002185
13.1 12.375 0.00250646
13.1 14.625 0.00209023
13.1 16.875 0.00182413
13.1 19.125 0.0021408
13.1 21.375 0.0487206
13.1 23.625 0.00158002
13.1 25.875 0.00209451
13.1 28.125 0.00176681
13.1 30.375 0.00198997
13.1 32.625 0.034811
13.1 34.875 0.00409337
13.1 37.125 0.00244862
13.1 39.375 0.00246876
13.1 41.625 0.00271425
13.1 43.875 0.00237929
13.3 1.125 0.00175359
13.3 3.375 0.00201059
13.3 5.625 0.00263576
13.3 7.875 0.0463292
13.3 10.125 0.00213225
13.3 12.375 0.00187758
13.3 14.625 0.00203872
13.3 16.875 0.00172688
13.3 19.125 0.00231586
13.3 21.375 0.00180821
13.3 23.625 0.00182874
13.3 25.875 0.00212523
13.3 28.125 0.00195343
13.3 30.375 0.00202972
13.3 32.625 0.00325804
13.3 34.875 0.0544718
13.3 37.125 0.00194002
13.3 39.375 0.00210558
13.3 41.625 0.00204288
13.3 43.875 0.00187252
13.5 1.125 0.00214137
13.5 3.375 0.00173459
13.5 5.625 0.00243573
13.5 7.875 0.00218457
13.5 10.125 0.00224908
13.5 12.375 0.00205218
13.5 14.625 0.00293701
13.5 16.875 0.0032877
13.5 19.125 0.00207375
13.5 21.375 0.0132302
13.5 23.625 0.00360898
13.5 25.875 0.00223594
13.5 28.125 0.00210589
13.5 30.375 0.0388709
13.5 32.625 0.00200807
13.5 34.875 0.00211602
13.5 37.125 0.0600577
13.5 39.375 0.00238604
13.5 41.625 0.0221014
13.5 43.875 0.00213251
13.7 1.125 0.00359881
13.7 3.375 0.0021022
13.7 5.625 0.00290057
13.7 7.875 0.0016997
13.7 10.125 0.0021882
13.7 12.375 0.00244417
13.7 14.625 0.00487963
13.7 16.875 0.00182364
13.7 19.125 0.00244397
13.7 21.375 0.00214065
13.7 23.625 0.00275126
13.7 25.875 0.00220886
13.7 28.125 0.0148129
13.7 30.375 0.00209531
13.7 32.625 0.00214619
13.7 34.875 0.0019368
13.7 37.125 0.00634694
13.7 39.375 0.00215365
13.7 41.625 0.0022507
13.7 43.875 0.00213334
13.9 1.125 0.00380248
13.9 3.375 0.00222924
13.9 5.625 0.00216083
13.9 7.875 0.00143743
13.9 10.125 0.00713287
13.9 12.375 0.00209491
13.9 14.625 0.00241303
13.9 16.875 0.00202674
13.9 19.125 0.00228403
13.9 21.375 0.00174585
13.9 23.625 0.00258368
13.9 25.875 0.00223237
13.9 28.125 0.00574434
13.9 30.375 0.00175919
13.9 32.625 0.00381189
13.9 34.875 0.00248881
13.9 37.125 0.0029343
13.9 39.375 0.00207257
13.9 41.625 0.00203674
13.9 43.875 0.00449272
