0.1 10.125 2.8632
0.3 1.125 2.87016
0.3 3.375 2.88424
0.3 5.625 2.86632
0.3 7.875 2.8888
0.3 10.125 2.83888
0.3 12.375 2.86697
0.3 14.625 2.84824
0.3 16.875 2.88773
0.3 19.125 2.89896
0.3 21.375 2.88269
0.3 23.625 2.92053
0.3 25.875 2.84614
0.3 28.125 2.84197
0.3 30.375 2.87061
0.3 32.625 2.81242
0.3 34.875 2.90633
0.3 37.125 2.89301
0.3 39.375 2.8407
0.3 41.625 2.8671
0.3 43.875 2.79683
0.5 1.125 2.67776
0.5 3.375 2.79593
0.5 5.625 2.85476
0.5 7.875 2.79987
0.5 10.125 2.81793
0.5 12.375 2.78485
0.5 14.625 2.72578
0.5 16.875 2.80844
0.5 19.125 2.79193
0.5 21.375 2.8296
0.5 23.625 2.80515
0.5 25.875 2.82855
0.5 28.125 2.82488
0.5 30.375 2.82939
0.5 32.625 2.82991
0.5 34.875 2.83011
0.5 37.125 2.81738
0.5 39.375 2.79806
0.5 41.625 2.81494
0.5 43.875 2.8241
0.7 1.125 2.68723
0.7 3.375 2.66001
0.7 5.625 2.71494
0.7 7.875 2.64272
0.7 10.125 2.65347
0.7 12.375 2.66142
0.7 14.625 2.66036
0.7 16.875 2.68397
0.7 19.125 2.67625
0.7 21.375 2.66168
0.7 23.625 2.70481
0.7 25.875 2.63829
0.7 28.125 2.69417
0.7 30.375 2.67379
0.7 32.625 2.71519
0.7 34.875 2.73904
0.7 37.125 2.74052
0.7 39.375 2.70098
0.7 41.625 2.70002
0.7 43.875 2.72703
0.9 1.125 2.39131
0.9 3.375 2.45973
0.9 5.625 2.36858
0.9 7.875 2.41395
0.9 10.125 2.44794
0.9 12.375 2.43359
0.9 14.625 2.40081
0.9 16.875 2.44005
0.9 19.125 2.51064
0.9 21.375 2.51226
0.9 23.625 2.47064
0.9 25.875 2.49719
0.9 28.125 2.45171
0.9 30.375 2.51519
0.9 32.625 2.48898
0.9 34.875 2.59334
0.9 37.125 2.55618
0.9 39.375 2.54187
0.9 41.625 2.59537
0.9 43.875 2.52323
1.1 1.125 1.72797
1.1 3.375 1.80402
1.1 5.625 1.9496
1.1 7.875 1.82484
1.1 10.125 1.96264
1.1 12.375 1.82999
1.1 14.625 1.82349
1.1 16.875 2.022
1.1 19.125 2.09113
1.1 21.375 2.02939
1.1 23.625 2.04019
1.1 25.875 2.01105
1.1 28.125 2.12621
1.1 30.375 2.17116
1.1 32.625 2.24503
1.1 34.875 2.23213
1.1 37.125 2.26491
1.1 39.375 2.33044
1.1 41.625 2.32452
1.1 43.875 2.34145
1.3 1.125 1.21329
1.3 3.375 1.17647
1.3 5.625 1.16714
1.3 7.875 1.21242
1.3 10.125 1.16092
1.3 12.375 1.1443
1.3 14.625 1.25168
1.3 16.875 1.34649
1.3 19.125 1.31731
1.3 21.375 1.37066
1.3 23.625 1.36473
1.3 25.875 1.57609
1.3 28.125 1.59858
1.3 30.375 1.71975
1.3 32.625 1.72064
1.3 34.875 1.84747
1.3 37.125 1.87912
1.3 39.375 1.89502
1.3 41.625 1.95167
1.3 43.875 1.9796
1.5 1.125 0.588601
1.5 3.375 0.587436
1.5 5.625 0.59625
1.5 7.875 0.610046
1.5 10.125 0.612316
1.5 12.375 0.682369
1.5 14.625 0.656933
1.5 16.875 0.774417
1.5 19.125 0.796794
1.5 21.375 0.722095
1.5 23.625 0.782016
1.5 25.875 0.844692
1.5 28.125 0.878738
1.5 30.375 0.91966
1.5 32.625 1.03551
1.5 34.875 1.06668
1.5 37.125 1.20291
1.5 39.375 1.26967
1.5 41.625 1.26257
1.5 43.875 1.30656
1.7 1.125 0.317376
1.7 3.375 0.351323
1.7 5.625 0.336621
1.7 7.875 0.352528
1.7 10.125 0.364348
1.7 12.375 0.383169
1.7 14.625 0.392968
1.7 16.875 0.366997
1.7 19.125 0.380256
1.7 21.375 0.405919
1.7 23.625 0.417362
1.7 25.875 0.452847
1.7 28.125 0.518512
1.7 30.375 0.468048
1.7 32.625 0.543087
1.7 34.875 0.609868
1.7 37.125 0.619917
1.7 39.375 0.793075
1.7 41.625 0.772761
1.7 43.875 0.702602
1.9 1.125 0.193637
1.9 3.375 0.198214
1.9 5.625 0.203142
1.9 7.875 0.215407
1.9 10.125 0.212041
1.9 12.375 0.224984
1.9 14.625 0.227967
1.9 16.875 0.231756
1.9 19.125 0.241755
1.9 21.375 0.231582
1.9 23.625 0.252598
1.9 25.875 0.263143
1.9 28.125 0.265559
1.9 30.375 0.290262
1.9 32.625 0.307262
1.9 34.875 0.308413
1.9 37.125 0.386733
1.9 39.375 0.346365
1.9 41.625 0.393567
1.9 43.875 0.394477
2.1 1.125 0.125355
2.1 3.375 0.133162
2.1 5.625 0.132308
2.1 7.875 0.133372
2.1 10.125 0.133038
2.1 12.375 0.142433
2.1 14.625 0.147747
2.1 16.875 0.149145
2.1 19.125 0.146946
2.1 21.375 0.14674
2.1 23.625 0.156181
2.1 25.875 0.180206
2.1 28.125 0.174681
2.1 30.375 0.180608
2.1 32.625 0.180109
2.1 34.875 0.204859
2.1 37.125 0.21286
2.1 39.375 0.246376
2.1 41.625 0.225536
2.1 43.875 0.237142
2.3 1.125 0.0998247
2.3 3.375 0.0949904
2.3 5.625 0.0997187
2.3 7.875 0.096215
2.3 10.125 0.0932126
2.3 12.375 0.100855
2.3 14.625 0.0963347
2.3 16.875 0.105104
2.3 19.125 0.110099
2.3 21.375 0.106035
2.3 23.625 0.104856
2.3 25.875 0.111668
2.3 28.125 0.122192
2.3 30.375 0.122735
2.3 32.625 0.133684
2.3 34.875 0.134503
2.3 37.125 0.144553
2.3 39.375 0.14432
2.3 41.625 0.149381
2.3 43.875 0.142233
2.5 1.125 0.0724647
2.5 3.375 0.0691021
2.5 5.625 0.0708741
2.5 7.875 0.0708416
2.5 10.125 0.0730454
2.5 12.375 0.0681353
2.5 14.625 0.0690565
2.5 16.875 0.0663887
2.5 19.125 0.0707034
2.5 21.375 0.0715149
2.5 23.625 0.080845
2.5 25.875 0.0870662
2.5 28.125 0.0896722
2.5 30.375 0.0913409
2.5 32.625 0.0956644
2.5 34.875 0.09309
2.5 37.125 0.0995822
2.5 39.375 0.0974969
2.5 41.625 0.0988915
2.5 43.875 0.101949
2.7 1.125 0.0519568
2.7 3.375 0.0543967
2.7 5.625 0.0520445
2.7 7.875 0.0509217
2.7 10.125 0.0546313
2.7 12.375 0.0522011
2.7 14.625 0.0559974
2.7 16.875 0.0528222
2.7 19.125 0.0557296
2.7 21.375 0.0566608
2.7 23.625 0.0587664
2.7 25.875 0.0628964
2.7 28.125 0.0582945
2.7 30.375 0.065782
2.7 32.625 0.0672948
2.7 34.875 0.0641006
2.7 37.125 0.0680947
2.7 39.375 0.0653293
2.7 41.625 0.0640876
2.7 43.875 0.0665664
2.9 1.125 0.0410732
2.9 3.375 0.0430992
2.9 5.625 0.0420062
2.9 7.875 0.0420063
2.9 10.125 0.0407834
2.9 12.375 0.0398784
2.9 14.625 0.04023
2.9 16.875 0.0404876
2.9 19.125 0.041606
2.9 21.375 0.0438427
2.9 23.625 0.0427751
2.9 25.875 0.0514968
2.9 28.125 0.0494513
2.9 30.375 0.0498672
2.9 32.625 0.0472499
2.9 34.875 0.0512232
2.9 37.125 0.0496776
2.9 39.375 0.0489435
2.9 41.625 0.0446289
2.9 43.875 0.0492137
3.1 1.125 0.0332569
3.1 3.375 0.0355914
3.1 5.625 0.0330656
3.1 7.875 0.0333619
3.1 10.125 0.0342764
3.1 12.375 0.0323385
3.1 14.625 0.0335263
3.1 16.875 0.0323102
3.1 19.125 0.0357182
3.1 21.375 0.0370728
3.1 23.625 0.0363095
3.1 25.875 0.0401659
3.1 28.125 0.0397387
3.1 30.375 0.0370249
3.1 32.625 0.0386081
3.1 34.875 0.0391275
3.1 37.125 0.0395137
3.1 39.375 0.0398091
3.1 41.625 0.0369872
3.1 43.875 0.0346748
3.3 1.125 0.0294105
3.3 3.375 0.0262582
3.3 5.625 0.0282465
3.3 7.875 0.0257082
3.3 10.125 0.0290597
3.3 12.375 0.027672
3.3 14.625 0.0271047
3.3 16.875 0.0285496
3.3 19.125 0.0294624
3.3 21.375 0.0292066
3.3 23.625 0.0298847
3.3 25.875 0.0334164
3.3 28.125 0.0325028
3.3 30.375 0.0324783
3.3 32.625 0.0341525
3.3 34.875 0.0338691
3.3 37.125 0.0321803
3.3 39.375 0.0312469
3.3 41.625 0.0289008
3.3 43.875 0.0321511
3.5 1.125 0.0233475
3.5 3.375 0.0228418
3.5 5.625 0.022511
3.5 7.875 0.024008
3.5 10.125 0.0218017
3.5 12.375 0.0216748
3.5 14.625 0.0233593
3.5 16.875 0.0232479
3.5 19.125 0.0235502
3.5 21.375 0.0242778
3.5 23.625 0.0266461
3.5 25.875 0.0261708
3.5 28.125 0.0271917
3.5 30.375 0.0254435
3.5 32.625 0.0272436
3.5 34.875 0.0269025
3.5 37.125 0.0260671
3.5 39.375 0.0255406
3.5 41.625 0.0267086
3.5 43.875 0.0267955
3.7 1.125 0.0214255
3.7 3.375 0.0195117
3.7 5.625 0.0205776
3.7 7.875 0.0197946
3.7 10.125 0.0181119
3.7 12.375 0.0189507
3.7 14.625 0.0187703
3.7 16.875 0.0218633
3.7 19.125 0.0215929
3.7 21.375 0.0223706
3.7 23.625 0.0206263
3.7 25.875 0.0197177
3.7 28.125 0.0216223
3.7 30.375 0.0233207
3.7 32.625 0.0217777
3.7 34.875 0.021266
3.7 37.125 0.0218643
3.7 39.375 0.0238647
3.7 41.625 0.0222928
3.7 43.875 0.0228357
3.9 1.125 0.0181986
3.9 3.375 0.0168296
3.9 5.625 0.0173915
3.9 7.875 0.0185184
3.9 10.125 0.0173732
3.9 12.375 0.0172798
3.9 14.625 0.0181362
3.9 16.875 0.0179293
3.9 19.125 0.0189604
3.9 21.375 0.0199535
3.9 23.625 0.0192942
3.9 25.875 0.0193615
3.9 28.125 0.017176
3.9 30.375 0.020417
3.9 32.625 0.0173879
3.9 34.875 0.0182455
3.9 37.125 0.0177314
3.9 39.375 0.0198922
3.9 41.625 0.0206729
3.9 43.875 0.0183722
4.1 1.125 0.0153009
4.1 3.375 0.0158221
4.1 5.625 0.014403
4.1 7.875 0.0144503
4.1 10.125 0.0158366
4.1 12.375 0.0154666
4.1 14.625 0.0152686
4.1 16.875 0.0163033
4.1 19.125 0.0168625
4.1 21.375 0.0150719
4.1 23.625 0.0157782
4.1 25.875 0.0164943
4.1 28.125 0.0172318
4.1 30.375 0.0164166
4.1 32.625 0.0161597
4.1 34.875 0.0161206
4.1 37.125 0.0155053
4.1 39.375 0.0153079
4.1 41.625 0.0169904
4.1 43.875 0.0163833
4.3 1.125 0.0129383
4.3 3.375 0.0147754
4.3 5.625 0.0133684
4.3 7.875 0.0142801
4.3 10.125 0.0136278
4.3 12.375 0.0141658
4.3 14.625 0.0132239
4.3 16.875 0.0146775
4.3 19.125 0.0142701
4.3 21.375 0.014532
4.3 23.625 0.014974
4.3 25.875 0.0145785
4.3 28.125 0.0139043
4.3 30.375 0.0142654
4.3 32.625 0.0145895
4.3 34.875 0.0125206
4.3 37.125 0.0140143
4.3 39.375 0.0140709
4.3 41.625 0.0139203
4.3 43.875 0.0131367
4.5 1.125 0.0113542
4.5 3.375 0.0118996
4.5 5.625 0.0116721
4.5 7.875 0.0121707
4.5 10.125 0.0119969
4.5 12.375 0.0128981
4.5 14.625 0.0114773
4.5 16.875 0.0129959
4.5 19.125 0.0135677
4.5 21.375 0.0144775
4.5 23.625 0.0144872
4.5 25.875 0.0122184
4.5 28.125 0.0136304
4.5 30.375 0.014239
4.5 32.625 0.0129506
4.5 34.875 0.0122362
4.5 37.125 0.012704
4.5 39.375 0.0116741
4.5 41.625 0.0122792
4.5 43.875 0.0121468
4.7 1.125 0.0101847
4.7 3.375 0.0102124
4.7 5.625 0.0105952
4.7 7.875 0.0125239
4.7 10.125 0.0114693
4.7 12.375 0.0113758
4.7 14.625 0.0114321
4.7 16.875 0.0106889
4.7 19.125 0.0124992
4.7 21.375 0.0106363
4.7 23.625 0.012713
4.7 25.875 0.0123963
4.7 28.125 0.0112039
4.7 30.375 0.0113771
4.7 32.625 0.0111097
4.7 34.875 0.0111092
4.7 37.125 0.0104669
4.7 39.375 0.0113378
4.7 41.625 0.011073
4.7 43.875 0.0109399
4.9 1.125 0.0089151
4.9 3.375 0.00913719
4.9 5.625 0.00991799
4.9 7.875 0.00942383
4.9 10.125 0.0109895
4.9 12.375 0.0103591
4.9 14.625 0.0102375
4.9 16.875 0.010164
4.9 19.125 0.0105932
4.9 21.375 0.0108671
4.9 23.625 0.0113348
4.9 25.875 0.0109001
4.9 28.125 0.0105791
4.9 30.375 0.0111985
4.9 32.625 0.0110696
4.9 34.875 0.00913873
4.9 37.125 0.011136
4.9 39.375 0.00959689
4.9 41.625 0.010952
4.9 43.875 0.00941466
5.1 1.125 0.00878641
5.1 3.375 0.00869075
5.1 5.625 0.0089686
5.1 7.875 0.0103622
5.1 10.125 0.00852275
5.1 12.375 0.00887914
5.1 14.625 0.010049
5.1 16.875 0.00929061
5.1 19.125 0.00995235
5.1 21.375 0.00949235
5.1 23.625 0.00990091
5.1 25.875 0.00977829
5.1 28.125 0.0106031
5.1 30.375 0.00943462
5.1 32.625 0.00916085
5.1 34.875 0.00898695
5.1 37.125 0.00993041
5.1 39.375 0.00926653
5.1 41.625 0.00995093
5.1 43.875 0.00929125
5.3 1.125 0.00863657
5.3 3.375 0.00777031
5.3 5.625 0.00888076
5.3 7.875 0.00840119
5.3 10.125 0.00854772
5.3 12.375 0.00998818
5.3 14.625 0.00979337
5.3 16.875 0.00778495
5.3 19.125 0.0104835
5.3 21.375 0.00950072
5.3 23.625 0.00876827
5.3 25.875 0.00892111
5.3 28.125 0.00828139
5.3 30.375 0.00890794
5.3 32.625 0.00936202
5.3 34.875 0.00821241
5.3 37.125 0.00870448
5.3 39.375 0.00915709
5.3 41.625 0.00847057
5.3 43.875 0.00931813
5.5 1.125 0.00810679
5.5 3.375 0.00829938
5.5 5.625 0.0077532
5.5 7.875 0.00796532
5.5 10.125 0.00666819
5.5 12.375 0.00877502
5.5 14.625 0.0077416
5.5 16.875 0.00830329
5.5 19.125 0.00858963
5.5 21.375 0.00877221
5.5 23.625 0.0081634
5.5 25.875 0.00847537
5.5 28.125 0.00889939
5.5 30.375 0.00863557
5.5 32.625 0.00783258
5.5 34.875 0.00791404
5.5 37.125 0.00796072
5.5 39.375 0.00791084
5.5 41.625 0.00810971
5.5 43.875 0.00800312
5.7 1.125 0.00817447
5.7 3.375 0.00649147
5.7 5.625 0.00714881
5.7 7.875 0.00794449
5.7 10.125 0.0068445
5.7 12.375 0.0080623
5.7 14.625 0.0075008
5.7 16.875 0.00871546
5.7 19.125 0.00781255
5.7 21.375 0.00831501
5.7 23.625 0.00753695
5.7 25.875 0.00800365
5.7 28.125 0.00803684
5.7 30.375 0.00767966
5.7 32.625 0.00822816
5.7 34.875 0.00786645
5.7 37.125 0.00809995
5.7 39.375 0.00753437
5.7 41.625 0.00715006
5.7 43.875 0.00798276
5.9 1.125 0.00665017
5.9 3.375 0.00702993
5.9 5.625 0.00656066
5.9 7.875 0.0075486
5.9 10.125 0.00720488
5.9 12.375 0.00725011
5.9 14.625 0.00803784
5.9 16.875 0.00739407
5.9 19.125 0.00791555
5.9 21.375 0.0071032
5.9 23.625 0.00767985
5.9 25.875 0.00763612
5.9 28.125 0.00984642
5.9 30.375 0.007372
5.9 32.625 0.00790739
5.9 34.875 0.00909651
5.9 37.125 0.00780033
5.9 39.375 0.0081896
5.9 41.625 0.00722581
5.9 43.875 0.00796687
6.1 1.125 0.00703914
6.1 3.375 0.0066133
6.1 5.625 0.00659454
6.1 7.875 0.00715955
6.1 10.125 0.00614243
6.1 12.375 0.00768956
6.1 14.625 0.00717307
6.1 16.875 0.00723227
6.1 19.125 0.00684585
6.1 21.375 0.00650673
6.1 23.625 0.00662095
6.1 25.875 0.00655001
6.1 28.125 0.0063643
6.1 30.375 0.00698745
6.1 32.625 0.00708071
6.1 34.875 0.00607733
6.1 37.125 0.00682189
6.1 39.375 0.00784879
6.1 41.625 0.00860548
6.1 43.875 0.00742039
6.3 1.125 0.00619371
6.3 3.375 0.00655635
6.3 5.625 0.0070451
6.3 7.875 0.007308
6.3 10.125 0.00699742
6.3 12.375 0.00598803
6.3 14.625 0.00763403
6.3 16.875 0.00712939
6.3 19.125 0.00635548
6.3 21.375 0.00737198
6.3 23.625 0.00645749
6.3 25.875 0.00676065
6.3 28.125 0.00735852
6.3 30.375 0.00681805
6.3 32.625 0.00684328
6.3 34.875 0.00607515
6.3 37.125 0.00629754
6.3 39.375 0.00659693
6.3 41.625 0.00696707
6.3 43.875 0.00622037
6.5 1.125 0.00613463
6.5 3.375 0.00582531
6.5 5.625 0.00633166
6.5 7.875 0.00631376
6.5 10.125 0.00570923
6.5 12.375 0.006107
6.5 14.625 0.0068239
6.5 16.875 0.00795193
6.5 19.125 0.00680279
6.5 21.375 0.00645249
6.5 23.625 0.00668897
6.5 25.875 0.00620286
6.5 28.125 0.00651822
6.5 30.375 0.00743739
6.5 32.625 0.00647912
6.5 34.875 0.00559206
6.5 37.125 0.00609522
6.5 39.375 0.00633752
6.5 41.625 0.00675432
6.5 43.875 0.00631726
6.7 1.125 0.00667962
6.7 3.375 0.00644138
6.7 5.625 0.00573306
6.7 7.875 0.0062413
6.7 10.125 0.00684434
6.7 12.375 0.00642409
6.7 14.625 0.00682113
6.7 16.875 0.00614891
6.7 19.125 0.00628454
6.7 21.375 0.00644407
6.7 23.625 0.00605463
6.7 25.875 0.00656673
6.7 28.125 0.006294
6.7 30.375 0.00654103
6.7 32.625 0.00628898
6.7 34.875 0.00636056
6.7 37.125 0.00678741
6.7 39.375 0.00610673
6.7 41.625 0.00773354
6.7 43.875 0.00627688
6.9 1.125 0.00651
6.9 3.375 0.00607759
6.9 5.625 0.00587651
6.9 7.875 0.00630621
6.9 10.125 0.0057348
6.9 12.375 0.00611014
6.9 14.625 0.005932
6.9 16.875 0.00664372
6.9 19.125 0.00595304
6.9 21.375 0.00612689
6.9 23.625 0.00623912
6.9 25.875 0.00586751
6.9 28.125 0.00577632
6.9 30.375 0.00618858
6.9 32.625 0.00760646
6.9 34.875 0.0055262
6.9 37.125 0.00664144
6.9 39.375 0.0061789
6.9 41.625 0.00607174
6.9 43.875 0.00507549
7.1 1.125 0.00581109
7.1 3.375 0.00529296
7.1 5.625 0.00638908
7.1 7.875 0.00633216
7.1 10.125 0.00574981
7.1 12.375 0.00608898
7.1 14.625 0.00630803
7.1 16.875 0.00607834
7.1 19.125 0.00600055
7.1 21.375 0.00685114
7.1 23.625 0.00546382
7.1 25.875 0.00605467
7.1 28.125 0.0060786
7.1 30.375 0.00599385
7.1 32.625 0.00562982
7.1 34.875 0.00655011
7.1 37.125 0.00593311
7.1 39.375 0.00563471
7.1 41.625 0.00578098
7.1 43.875 0.00510731
7.3 1.125 0.00490626
7.3 3.375 0.00626428
7.3 5.625 0.00766631
7.3 7.875 0.00637938
7.3 10.125 0.00620015
7.3 12.375 0.00610015
7.3 14.625 0.00599884
7.3 16.875 0.00523269
7.3 19.125 0.00643961
7.3 21.375 0.0062
7.3 23.625 0.00583861
7.3 25.875 0.0057148
7.3 28.125 0.00729216
7.3 30.375 0.00594784
7.3 32.625 0.0059962
7.3 34.875 0.00633764
7.3 37.125 0.00622898
7.3 39.375 0.00635151
7.3 41.625 0.00680228
7.3 43.875 0.00544918
7.5 1.125 0.00611034
7.5 3.375 0.00546635
7.5 5.625 0.00592973
7.5 7.875 0.00619174
7.5 10.125 0.00644483
7.5 12.375 0.00548208
7.5 14.625 0.00550398
7.5 16.875 0.00552427
7.5 19.125 0.0070648
7.5 21.375 0.00566889
7.5 23.625 0.00562164
7.5 25.875 0.00590873
7.5 28.125 0.00553786
7.5 30.375 0.00617778
7.5 32.625 0.00739584
7.5 34.875 0.00550937
7.5 37.125 0.00558658
7.5 39.375 0.00553526
7.5 41.625 0.00625166
7.5 43.875 0.00581679
7.7 1.125 0.0053082
7.7 3.375 0.00593908
7.7 5.625 0.00601294
7.7 7.875 0.00551192
7.7 10.125 0.00577033
7.7 12.375 0.0048963
7.7 14.625 0.0065345
7.7 16.875 0.00617299
7.7 19.125 0.0053572
7.7 21.375 0.005669
7.7 23.625 0.00666782
7.7 25.875 0.00622554
7.7 28.125 0.0051809
7.7 30.375 0.00566266
7.7 32.625 0.00469052
7.7 34.875 0.00524767
7.7 37.125 0.00657771
7.7 39.375 0.00690158
7.7 41.625 0.00524068
7.7 43.875 0.00521347
7.9 1.125 0.00549543
7.9 3.375 0.00556116
7.9 5.625 0.00554571
7.9 7.875 0.00600412
7.9 10.125 0.00532625
7.9 12.375 0.00612375
7.9 14.625 0.00526998
7.9 16.875 0.00544168
7.9 19.125 0.00599282
7.9 21.375 0.00485208
7.9 23.625 0.0056874
7.9 25.875 0.00579668
7.9 28.125 0.00481594
7.9 30.375 0.00524221
7.9 32.625 0.00630947
7.9 34.875 0.0061918
7.9 37.125 0.00582289
7.9 39.375 0.00483577
7.9 41.625 0.00636189
7.9 43.875 0.00681854
8.1 1.125 0.00509805
8.1 3.375 0.00571345
8.1 5.625 0.00534128
8.1 7.875 0.00539804
8.1 10.125 0.00541375
8.1 12.375 0.00632153
8.1 14.625 0.00604891
8.1 16.875 0.00546888
8.1 19.125 0.00567085
8.1 21.375 0.00589804
8.1 23.625 0.00562673
8.1 25.875 0.00483755
8.1 28.125 0.00567638
8.1 30.375 0.00489446
8.1 32.625 0.0053332
8.1 34.875 0.00612282
8.1 37.125 0.00544859
8.1 39.375 0.00575864
8.1 41.625 0.00533948
8.1 43.875 0.00541261
8.3 1.125 0.00557282
8.3 3.375 0.0054934
8.3 5.625 0.00528168
8.3 7.875 0.00547709
8.3 10.125 0.00521928
8.3 12.375 0.00498509
8.3 14.625 0.00606668
8.3 16.875 0.00504614
8.3 19.125 0.00449218
8.3 21.375 0.00486602
8.3 23.625 0.00575178
8.3 25.875 0.00641899
8.3 28.125 0.00470529
8.3 30.375 0.00613299
8.3 32.625 0.00578454
8.3 34.875 0.00507734
8.3 37.125 0.00596654
8.3 39.375 0.00515541
8.3 41.625 0.00575037
8.3 43.875 0.0052187
8.5 1.125 0.00456492
8.5 3.375 0.00540974
8.5 5.625 0.00566415
8.5 7.875 0.00469045
8.5 10.125 0.00547562
8.5 12.375 0.00525629
8.5 14.625 0.00582231
8.5 16.875 0.00584136
8.5 19.125 0.00492027
8.5 21.375 0.00513221
8.5 23.625 0.00575505
8.5 25.875 0.00558209
8.5 28.125 0.00504994
8.5 30.375 0.00522275
8.5 32.625 0.00624871
8.5 34.875 0.00575039
8.5 37.125 0.00647704
8.5 39.375 0.00541939
8.5 41.625 0.00575906
8.5 43.875 0.00546359
8.7 1.125 0.00540575
8.7 3.375 0.00863161
8.7 5.625 0.00464587
8.7 7.875 0.00496928
8.7 10.125 0.00758212
8.7 12.375 0.00503472
8.7 14.625 0.00483729
8.7 16.875 0.00559264
8.7 19.125 0.00515546
8.7 21.375 0.00520042
8.7 23.625 0.00549482
8.7 25.875 0.00526588
8.7 28.125 0.00478016
8.7 30.375 0.00498743
8.7 32.625 0.00595549
8.7 34.875 0.00524338
8.7 37.125 0.00636333
8.7 39.375 0.0048389
8.7 41.625 0.00744541
8.7 43.875 0.00508443
8.9 1.125 0.00498809
8.9 3.375 0.00447852
8.9 5.625 0.00541109
8.9 7.875 0.00501196
8.9 10.125 0.00569111
8.9 12.375 0.00479408
8.9 14.625 0.00496707
8.9 16.875 0.00520693
8.9 19.125 0.00546123
8.9 21.375 0.00555254
8.9 23.625 0.00564517
8.9 25.875 0.00543427
8.9 28.125 0.00484259
8.9 30.375 0.00595143
8.9 32.625 0.00530455
8.9 34.875 0.00615041
8.9 37.125 0.00522363
8.9 39.375 0.0054612
8.9 41.625 0.00444959
8.9 43.875 0.00516093
9.1 1.125 0.0051729
9.1 3.375 0.00515671
9.1 5.625 0.00495109
9.1 7.875 0.00509966
9.1 10.125 0.00629727
9.1 12.375 0.00628293
9.1 14.625 0.00467753
9.1 16.875 0.00548988
9.1 19.125 0.00509649
9.1 21.375 0.0061618
9.1 23.625 0.00507915
9.1 25.875 0.00566002
9.1 28.125 0.00609646
9.1 30.375 0.0059236
9.1 32.625 0.00554576
9.1 34.875 0.00510465
9.1 37.125 0.00446652
9.1 39.375 0.00671543
9.1 41.625 0.00480723
9.1 43.875 0.00536145
9.3 1.125 0.0048775
9.3 3.375 0.00406769
9.3 5.625 0.0050206
9.3 7.875 0.00646643
9.3 10.125 0.00498151
9.3 12.375 0.00519491
9.3 14.625 0.00392546
9.3 16.875 0.00567243
9.3 19.125 0.00481433
9.3 21.375 0.00699874
9.3 23.625 0.00515604
9.3 25.875 0.00640271
9.3 28.125 0.00527221
9.3 30.375 0.00445524
9.3 32.625 0.00495162
9.3 34.875 0.00461242
9.3 37.125 0.00472836
9.3 39.375 0.00631522
9.3 41.625 0.00567043
9.3 43.875 0.00475535
9.5 1.125 0.00499567
9.5 3.375 0.00501552
9.5 5.625 0.00578763
9.5 7.875 0.00625444
9.5 10.125 0.00497254
9.5 12.375 0.00462141
9.5 14.625 0.00414304
9.5 16.875 0.0051013
9.5 19.125 0.00594122
9.5 21.375 0.0046819
9.5 23.625 0.00617031
9.5 25.875 0.00490731
9.5 28.125 0.00484144
9.5 30.375 0.00595682
9.5 32.625 0.00442314
9.5 34.875 0.00596168
9.5 37.125 0.00545297
9.5 39.375 0.00448804
9.5 41.625 0.0049552
9.5 43.875 0.00507515
9.7 1.125 0.00392835
9.7 3.375 0.00450377
9.7 5.625 0.00541954
9.7 7.875 0.00735957
9.7 10.125 0.00451374
9.7 12.375 0.00483888
9.7 14.625 0.00580091
9.7 16.875 0.00502975
9.7 19.125 0.00437217
9.7 21.375 0.00679867
9.7 23.625 0.00522991
9.7 25.875 0.00580641
9.7 28.125 0.00557663
9.7 30.375 0.00515349
9.7 32.625 0.00555795
9.7 34.875 0.00568651
9.7 37.125 0.00556272
9.7 39.375 0.00399829
9.7 41.625 0.00582749
9.7 43.875 0.00495257
9.9 1.125 0.00518949
9.9 3.375 0.00441577
9.9 5.625 0.00463047
9.9 7.875 0.00450927
9.9 10.125 0.00633376
9.9 12.375 0.00505883
9.9 14.625 0.00534467
9.9 16.875 0.00479609
9.9 19.125 0.00615417
9.9 21.375 0.00420362
9.9 23.625 0.00466827
9.9 25.875 0.00405933
9.9 28.125 0.00523483
9.9 30.375 0.00490225
9.9 32.625 0.00578202
9.9 34.875 0.00608713
9.9 37.125 0.00462972
9.9 39.375 0.00537833
9.9 41.625 0.0065437
9.9 43.875 0.00502785
10.1 1.125 0.00501628
10.1 3.375 0.00430765
10.1 5.625 0.00597987
10.1 7.875 0.00431288
10.1 10.125 0.00492598
10.1 12.375 0.00529243
10.1 14.625 0.00628992
10.1 16.875 0.00469884
10.1 19.125 0.00495089
10.1 21.375 0.00539587
10.1 23.625 0.00561662
10.1 25.875 0.00481521
10.1 28.125 0.00469243
10.1 30.375 0.00512868
10.1 32.625 0.00561258
10.1 34.875 0.00418487
10.1 37.125 0.00536056
10.1 39.375 0.00496292
10.1 41.625 0.00531214
10.1 43.875 0.00586697
10.3 1.125 0.00551266
10.3 3.375 0.00599752
10.3 5.625 0.00528436
10.3 7.875 0.00752186
10.3 10.125 0.00570407
10.3 12.375 0.00588102
10.3 14.625 0.00442764
10.3 16.875 0.00392014
10.3 19.125 0.00470736
10.3 21.375 0.00547148
10.3 23.625 0.00471641
10.3 25.875 0.00480575
10.3 28.125 0.00436738
10.3 30.375 0.00575496
10.3 32.625 0.00546647
10.3 34.875 0.00707929
10.3 37.125 0.0059298
10.3 39.375 0.0062239
10.3 41.625 0.00410025
10.3 43.875 0.0047889
10.5 1.125 0.00467019
10.5 3.375 0.00402666
10.5 5.625 0.00424717
10.5 7.875 0.00435011
10.5 10.125 0.00565962
10.5 12.375 0.00482945
10.5 14.625 0.00460566
10.5 16.875 0.00489616
10.5 19.125 0.00480789
10.5 21.375 0.00401795
10.5 23.625 0.00537035
10.5 25.875 0.0051078
10.5 28.125 0.00487831
10.5 30.375 0.00381363
10.5 32.625 0.00410916
10.5 34.875 0.00864343
10.5 37.125 0.00421563
10.5 39.375 0.00650627
10.5 41.625 0.00544406
10.5 43.875 0.00610111
10.7 1.125 0.0058467
10.7 3.375 0.00801446
10.7 5.625 0.00481504
10.7 7.875 0.00340877
10.7 10.125 0.00452462
10.7 12.375 0.0045084
10.7 14.625 0.0049023
10.7 16.875 0.00615729
10.7 19.125 0.00450551
10.7 21.375 0.00420631
10.7 23.625 0.0059155
10.7 25.875 0.0042782
10.7 28.125 0.00386919
10.7 30.375 0.00437341
10.7 32.625 0.00531002
10.7 34.875 0.00478144
10.7 37.125 0.00779022
10.7 39.375 0.00551472
10.7 41.625 0.00423285
10.7 43.875 0.00427834
10.9 1.125 0.0036476
10.9 3.375 0.00475041
10.9 5.625 0.00738366
10.9 7.875 0.00556807
10.9 10.125 0.00485048
10.9 12.375 0.00621833
10.9 14.625 0.00397714
10.9 16.875 0.00399577
10.9 19.125 0.00457101
10.9 21.375 0.00510669
10.9 23.625 0.00412488
10.9 25.875 0.00534713
10.9 28.125 0.00411876
10.9 30.375 0.00527249
10.9 32.625 0.00470717
10.9 34.875 0.00727131
10.9 37.125 0.00453994
10.9 39.375 0.00417632
10.9 41.625 0.00586031
10.9 43.875 0.00457551
11.1 1.125 0.00443557
11.1 3.375 0.00556668
11.1 5.625 0.00605895
11.1 7.875 0.00538384
11.1 10.125 0.00447811
11.1 14.625 0.00510462
11.1 19.125 0.00419364
11.1 21.375 0.00565562
11.1 23.625 0.0042208
11.1 25.875 0.0059204
11.1 28.125 0.00592111
11.1 30.375 0.00506934
11.1 32.625 0.00447007
11.1 37.125 0.00385246
11.1 39.375 0.0045219
11.1 41.625 0.00423218
11.1 43.875 0.00510311
11.3 1.125 0.00329339
11.3 3.375 0.00386979
11.3 5.625 0.00691183
11.3 7.875 0.00486877
11.3 10.125 0.00698229
11.3 12.375 0.00519319
11.3 19.125 0.005294
11.3 21.375 0.00763999
11.3 25.875 0.00610271
11.3 28.125 0.00573099
11.3 32.625 0.00484347
11.3 34.875 0.00474565
11.3 37.125 0.00531873
11.3 39.375 0.00406483
11.3 41.625 0.00538593
11.3 43.875 0.00479806
11.5 1.125 0.00467499
11.5 3.375 0.00706887
11.5 5.625 0.0041237
11.5 7.875 0.00472791
11.5 10.125 0.00407098
11.5 12.375 0.00636151
11.5 14.625 0.00479504
11.5 16.875 0.00403634
11.5 19.125 0.00389492
11.5 21.375 0.00640228
11.5 23.625 0.00456367
11.5 25.875 0.00498431
11.5 28.125 0.00552244
11.5 30.375 0.00361571
11.5 32.625 0.00340298
11.5 34.875 0.00352649
11.5 37.125 0.00411139
11.5 39.375 0.00410413
11.5 41.625 0.00482451
11.7 1.125 0.00402734
11.7 3.375 0.00456909
11.7 5.625 0.00565635
11.7 7.875 0.00466979
11.7 10.125 0.00931854
11.7 14.625 0.00655581
11.7 21.375 0.00431223
11.7 23.625 0.00451681
11.7 25.875 0.00421187
11.7 28.125 0.00449018
11.7 30.375 0.00568734
11.7 32.625 0.00511804
11.7 34.875 0.00482338
11.7 37.125 0.00524436
11.7 39.375 0.00453347
11.7 41.625 0.00862348
11.7 43.875 0.00489502
11.9 1.125 0.00399346
11.9 3.375 0.00398975
11.9 7.875 0.00377643
11.9 10.125 0.00458279
11.9 12.375 0.00364301
11.9 14.625 0.00352118
11.9 19.125 0.00385895
11.9 21.375 0.00426479
11.9 23.625 0.00376951
11.9 25.875 0.00381759
11.9 28.125 0.00504092
11.9 32.625 0.00501828
11.9 34.875 0.00345862
11.9 37.125 0.00605482
11.9 41.625 0.00491607
12.1 1.125 0.00363686
12.1 3.375 0.00580543
12.1 12.375 0.00448703
12.1 16.875 0.00557848
12.1 19.125 0.00591477
12.1 25.875 0.00465358
12.1 28.125 0.00483725
12.1 34.875 0.00561382
12.1 39.375 0.00635653
12.1 41.625 0.00589322
12.1 43.875 0.00619861
12.3 1.125 0.00479039
12.3 7.875 0.00403161
12.3 12.375 0.0039525
12.3 14.625 0.00467565
12.3 19.125 0.00560408
12.3 21.375 0.00543718
12.3 23.625 0.00477306
12.3 25.875 0.00371992
12.3 28.125 0.00401801
12.3 32.625 0.00507813
12.3 34.875 0.00341591
12.3 41.625 0.004097
12.3 43.875 0.0061631
12.5 7.875 0.00484076
12.5 10.125 0.00478903
12.5 14.625 0.00577222
12.5 16.875 0.00421228
12.5 19.125 0.00785631
12.5 21.375 0.00365685
12.5 25.875 0.00575283
12.5 28.125 0.00546131
12.5 32.625 0.00375875
12.5 39.375 0.00658297
12.7 5.625 0.00769092
12.7 7.875 0.00566617
12.7 12.375 0.00492115
12.7 19.125 0.00450763
12.7 25.875 0.00619573
12.7 30.375 0.00417512
12.7 32.625 0.00609644
12.7 39.375 0.00363041
12.7 41.625 0.00508813
12.7 43.875 0.00333093
12.9 3.375 0.00446433
12.9 5.625 0.00606719
12.9 7.875 0.00502924
12.9 10.125 0.00400687
12.9 14.625 0.00382504
12.9 16.875 0.00513109
12.9 19.125 0.00493447
12.9 23.625 0.004576
12.9 28.125 0.00962431
12.9 34.875 0.00333108
12.9 37.125 0.00546848
12.9 39.375 0.00830219
12.9 41.625 0.00660939
13.1 5.625 0.00489957
13.1 7.875 0.00884449
13.1 12.375 0.00431673
13.1 21.375 0.00495413
13.1 28.125 0.00539179
13.1 32.625 0.00891947
13.1 37.125 0.0061169
13.1 41.625 0.00548683
13.3 1.125 0.00429671
13.3 3.375 0.00620062
13.3 7.875 0.00511729
13.3 12.375 0.00560448
13.3 16.875 0.00767018
13.3 19.125 0.00879978
13.3 21.375 0.00617089
13.3 30.375 0.00450511
13.5 5.625 0.00568965
13.5 10.125 0.00409205
13.5 12.375 0.00525996
13.5 14.625 0.00745113
13.5 19.125 0.00485244
13.5 32.625 0.00596283
13.5 34.875 0.00584815
13.5 43.875 0.00497932
13.7 1.125 0.00524451
13.7 5.625 0.00529607
13.7 7.875 0.00572011
13.7 14.625 0.00314099
13.7 30.375 0.00462677
13.7 32.625 0.00530328
13.7 43.875 0.00391877
13.9 14.625 0.0078329
13.9 16.875 0.00446646
13.9 34.875 0.00592849
